1980 1 1
0
0.1984
1.1747
1.4114
1.302
0.2193
0.401
0
0
0
16.0163
0.1831
6e-04
0.9742
0.0079
0.0545
0.1088
0
0
0
0
0
1.8474
1.2369
1.6835
0
0
0
0
0.2116
0.4639
1e-04
0
0
0
0
0.5117
0
0
0.3716
0
0.1101
3e-04
0.372
1e-04
5.8262
2.9882
0
0
0.0373
0.2836
1.1896
11.8958
0.0626
0.0088
3.3139
2.9925
0.0457
1.7844
0.3756
5e-04
0
0.0281
0.0473
5.37
0.0622
4.6324
20.8457
0.5333
0.0416
0.0721
0
1.2636
0.4726
0
0.5904
13.1067
0.8568
0
1.6716
35.5148
0.0607
0
11.449
0.4628
0
0.6439
4.6531
7.3981
2.5204
7.9121
0.7004
1.6763
2.2233
10.9362
0.0213
0
0.9316
8.1646
4.651
1.4905
0.7273
5.4014
0.6793
22.842
1.0405
0.5936
0
0
0
0
0.3854
0
0
0
0.3005
0.2699
3.6432
7.683
0.2773
1e-04
0
0
0
0
0
0
0
0.1574
0.0847
1.5797
4.2776
10.9691
5.9665
1.2009
0
0.8726
23.1666
10.563
3.7768
0.312
0
0.5515
1.9416
11.9782
0.796
0
0
0
4.1442
7.6612
7.7492
24.113
19.4799
4.0214
0.0035
0.0842
5.3155
9.1615
2.7368
0.1426
0.2184
0
0
0
9.0232
8.5537
5.3306
0
0.2855
4.8941
0.8559
0
0
0.7015
5.973
0.0013
0
0.0076
0.4307
2.4898
0
0.5071
0
4.8417
14.8183
11.0099
0.4892
1.0681
7.0099
8.0156
2.0857
4.8548
10.88
3.2425
0.1645
0.1158
0.1782
0.0801
0.6581
0.4037
0.6889
4.4189
18.6428
3.0837
0
0
0.5937
5.5115
11.4121
2.3184
0.2073
0.4127
0.2164
4.4568
3.1443
0.314
1.4043
0.2547
0.715
2.5151
1.1366
9.0305
17.0825
3.8789
1.1198
13.5519
5.0236
2.5073
9.0976
2.4353
2.1142
24.0221
9.2271
3.9159
0
0
0
0
0
0.2419
2.42
10.9219
14.5493
5.5711
1.6015
0.0721
13.6282
0.9481
0
0
0.1066
1.6116
0.5956
0
0.0816
0.7536
0.1638
0.0029
0.3213
11.071
0.1451
0
0.4302
1.5443
3.7557
5.4214
0
3.0445
1.5019
0.2675
0
0
0
0.1787
8.0314
0.9108
0.1499
0
0
0
0
0
0.38
0.0724
0.0498
0.1631
0.0522
0.2201
2.0116
3.1122
3.0693
0
0
0
0
0
4.3996
5.7163
0.9467
0.8825
7.0604
0
0
0
0
0
0.7512
0.3329
0
0
0
1.218
4e-04
0
0
0
0.5918
3.4819
0.3045
0
4.8649
0.7598
0
0
0
0
0.4696
2.9918
0.1262
0
11.2492
1.8763
1.7153
0.4368
0.0391
3.8136
0.1295
0
0.1566
1.5982
7.585
6.9539
4.7505
0.1589
0.1524
0.4177
0
1.2073
0.4303
0.1945
0
0.3015
0.1083
0
0
0
0
5.6309
0
0
1.001
0.068
9.5003
0.5019
6.3834
1.328
1.1911
0.7751
0.2072
1.2779
4.3086
2.8401
0
0
0.1085
0
0
0.0722
0
0.018
0.3391
0.0746
0
0
0
0
0
0
0.3738
0
0.2874
0.0589
0
0.0358
0
0
10.1306
1.327
0.0295
0.1558
0.1108
1.4315
0.0169
0
0
11.1805
10.2926
0.0057
0
0
0
4.2927
0.5284
0.0263
7.1102
3.2658
0.554
2.0056
4.8474
0.2037
9e-04
0
0.0184
1.7128
0.3529
0
0
1.0266
0.9264
0.0296
0.0433
0
0
0
0
0
0
0
0
2.1761
0.1084
0.3332
1.4953
1.2018
1e-04
0
0
0
0.0076
5.7827
4.4807
0.0451
0.3288
4.9736
0
0
0
4.0976
5.1624
0.8229
0.0249
0
0.1803
6.593
3.7948
6.9573
17.5051
5.0639
16.967
0.7513
0.2338
5.4921
2.9521
0.218
0.4249
1.8664
1.3515
6.1211
0.6151
0.0127
0.6887
0.441
17.2671
12.5675
0.203
0.1126
0
0
0.3523
3.4251
10.799
0
0
2.1957
18.0199
10.6968
1.9085
0
13.9188
8.7169
0.2096
0
0
0
0
0
0.0776
0
0.1795
0.2085
4.9374
13.7253
7.4507
0.2612
6.9228
0.0292
0
0.3235
3.0639
5.8752
4.2961
4.5562
0
12.4997
48.8473
14.5848
0
9.425
37.4886
10.602
0.1833
1.1734
0.1401
0
0
0.4986
22.5117
25.6822
0.8747
2.8684
23.1136
0
0
0
0.7558
0.0324
0.4807
3.3767
1.9233
0.3616
0.3108
0
0
0
1.0446
4.7201
0
0
0
0
0.0016
1e-04
0
0
8.8976
14.4804
0.9282
0.1827
0
0
0
9.4941
2.4687
6.4958
0.0882
0
0
0
0.739
7.8576
2.3295
0.5338
1.0395
1.1086
0.4211
0.3961
1.9497
7.5722
0.5305
0.0062
0.1327
1.6644
0
0
0
0
0
0
0
0
0
0
0.0175
0.9434
10.6953
18.9162
53.9759
22.9998
9.6419
31.3666
19.0294
6.3508
0.2305
0.0164
0.215
4.3277
0
0
0
0
0
18.3595
10.65
4.0572
25.5502
12.142
2.424
0
0.4522
1.3117
9e-04
0
0.3835
1.7216
4.0659
0
1.6882
5.0849
1.8545
0.0432
0
0.0028
0.5373
18.9075
0.0261
0
0
0
0
0
0
0
0
0.0787
0.5851
10.8974
0.3175
0.0381
3.7855
2.6896
3.77
0.1886
0.1879
10.7555
22.2998
1.5037
0
0
0
0
0.0757
0
0
3.272
1.26
0.3228
0
5e-04
0
0
0
0
0
0
0.4011
0.1558
0.5311
7.5415
15.9196
1.2535
0
1.5183
5.1718
0
1.2825
1.9574
0
0
0
9.9876
0.4009
0
5.1648
0.6774
0
0.8046
2.8932
0
0
0
0
0
0
0
0.3467
6.4591
0.2607
0.001
0.2007
7.9793
7.4875
21.7384
0
0
0
7.4042
4.5607
0.4744
0.9591
1.2145
0.4612
0
2.189
12.4018
0.5543
0.2608
1.1828
0.3713
2.1238
0.3095
0.6693
0.5796
3.5729
0.2128
1.3443
2.9858
0.1696
0.0672
0.0204
0.0641
2.3291
1.5289
13.2465
0.4361
0.709
0.3634
0
0.3546
0
38.2237
17.8611
2.3088
4.3671
7.6058
2.4587
0.5332
0.4943
0
0
5.4884
0.0439
0.4727
0
0.74
0.3664
0.2473
1.4848
5.3613
0.6567
3.3052
0
0.0627
0.0105
0.1321
4.1384
0
0
0
0
5.2125
2.9458
2.6
17.5141
0.5904
0.0749
0.3138
0.9641
1.1974
5.4674
8.5149
0.786
7.4991
0.0303
6.0652
15.4907
0.3153
0
6.0219
7.6504
0.1735
0
0
4.2106
4.144
1.0771
0
0.032
0
5.4093
11.3493
0.1205
0.0982
10.4561
0.598
1.3791
10.0375
0.7339
0
8.2951
1.5062
0.3415
0
0
0.3652
3.5248
3.6358
3.8996
0.0761
0
1.6636
0.5703
0.1265
0.2768
0.1499
0.36
0.3939
0
0
0
3e-04
0.5004
0
0
0
0
0.8811
7.2907
5.9792
0
0
0
0
0
0
0
0
0
3.2159
7.7267
3.5472
5.1365
10.0604
9.9578
0
0.0283
13.907
31.236
19.1534
7.8091
2.3638
0.8099
3.7716
0
0
0
0.3069
0.0608
0.3828
4.3953
4.3501
4.5607
0
0
0
0
14.3239
24.7376
1.2155
0.0306
5.9302
1.771
5.1085
3.5855
0.1805
0
0
0
0.6004
17.9838
11.0957
0.5646
0.0352
0.0416
45.7398
0.2773
3.5384
0
5.0346
0.6262
2.7314
2.5185
1.3283
0.0102
0
0
0
0
1.4179
2.682
5.0712
0.962
0
0.5441
0.0387
0
0
0
0.293
0.4129
0
0
0.9692
0
0.4127
0.7318
1.4119
0.3744
0
1.6091
10.3879
2.4707
0
0
0
0
0
0
0
0
0
0
9.4214
0.9542
0.1025
0.9629
0.6676
1.2518
0
0
0
0
0
0.0343
4.0315
5.3316
0.2601
0
0
2.7584
0.6662
0.3766
0
0
0
0
0.6878
1.7433
0.2558
0
0.0273
2.997
0
0.002
0.173
3.7823
3.0715
0.7662
1.5258
1.4786
27.0979
0.4484
0
0
0
0
0
0
0
0.8541
2.3618
0.5705
0.439
0.0061
9e-04
0
0.0168
0.3531
0.2717
0.0781
0
0.2833
0.1256
3.6343
0
0
0
0
0
0
0
0
1.1669
0
19.9787
14.2403
20.0361
7.0894
1.1221
0
0
0.5565
0
1.0536
1.2002
11.919
6.0111
0.3046
0
0.0018
0.3544
0
0
0
18.8983
16.0107
3.3575
14.3667
3.6903
0
9.5848
0.3715
15.943
1.0852
0
0.3645
0.1686
1.1096
1.8912
3.7665
0.3543
0.2952
0.3725
0.4399
2.7585
0.9409
0.001
0.0023
2.5076
10.4415
10.981
0
0
7.3686
1.1216
0.9875
0.5655
4.952
1.9164
9.4072
2.4297
12.8797
2.828
0
0
0
0
0
0
0
0
0
0
0
0
2.0214
0.5185
0.0979
0
0.3824
1.1471
0.0391
0
0
0
0
1.0207
6.6832
2.1965
0.0189
0.0387
0.0156
0.0131
0
0.7828
2.7131
0.1211
0.2376
7.3596
0.4517
0.4061
0.3931
0.7228
3.8458
0
0
0
0.1229
0.0732
0
0
0
0
0
0
0.3619
0
0
0.008
0.0199
0
0.2308
0
0
0
0
0
0
0.0338
0
6.6682
2.7248
2.839
0.4377
1.7031
2.4708
0
0
0
0
0.1315
0.0311
3.6474
7.6058
2.1855
7.9993
0.1395
0.2874
0
0.6372
0.0027
6.2301
1.8398
0
0
0.3912
0.7893
8.6383
4.9986
0.5259
1.0488
3.3101
5.0748
6.1057
6.4371
2.4338
0.9165
0.3027
12.1008
12.3603
3.279
0.1892
2.5269
0.1562
0.1588
0.12
0
0
0
0
0
0
0
9.8817
1.9255
17.2571
12.6647
18.1545
6.9071
1.6552
0.7099
3.6889
1.6939
10.0436
0.1111
0
0
0
0.1829
3.4056
7.2559
0.3746
0
0
5.0174
0.0862
0.6696
12.4277
0.5225
4.7907
2.8302
0.6329
0
1.1785
6.5462
0.368
0.1222
0.0573
2.2631
4.3043
2.6453
0.5416
12.9826
0
0
0.627
0.2764
0
0
0
1.8172
1.2185
1.4108
0.2325
0.2662
9.0496
0.3384
9e-04
0
0
0
0
0
9.5352
22.8843
4.7231
10.0051
5.5789
6.6425
5.1019
10.4366
2.4254
0
0
8e-04
0.0414
0.0072
0
0
0
0
0
5.1588
13.2907
6.0024
6.37
1.4697
0.7324
9.3923
1.8871
0.8764
0
0
0
0.111
1.4258
3.295
10.5005
3.012
0
0
7.8832
1.0383
0
0
1.7172
0.3647
0.0324
10.9695
0.2381
0
0
0
0
0.8179
0.0169
0
0.474
0.1647
1.0377
0
0
7e-04
0.1127
1.3763
8.5579
0.1131
8.4244
7.2294
0.0214
0
0
0.0011
4.5434
11.5828
15.7704
0
0
0
0.0218
0.0516
0
0
0.2787
11.7625
1.4045
2e-04
1.3625
8.007
13.3786
0.1068
0.0697
0.4353
0.1552
0.1346
0
0
0
0
0
0
2.3885
14.8349
17.7073
0.0915
0
5.9966
1.0991
0.2056
0.0818
5.1866
43.5338
1.0676
0
0.2832
0
4.6244
0.2642
1.8242
4.0024
25.0223
4.0315
0.3702
0.1169
0.1288
0.0815
0
0
0
0
10.1402
7.0778
4.0957
0
0
0
0
0
0
18.415
29.076
0.0279
0.9509
3.3009
16.7802
8.4549
0.1486
0
9.6857
2.7807
0.644
0
14.5349
0.071
0
0.0024
6.7745
22.7853
0.0392
0
1.3439
1.2746
0.8563
19.475
0.7394
24.2096
0.8633
1.9241
0.8522
0.4022
9.3754
5.5928
0.0223
1.5167
0.3855
0
0.0297
0.0279
0.2318
2.9794
4.3594
8.9922
0.0383
0.9
3e-04
0
0.8864
9.4685
0.4757
0
0
0
0
0
0
0.3542
0.0011
0
0.8191
1.5698
2.7219
0
0
0.2156
0.6339
6e-04
0.0846
0.2182
0.8522
0.0226
0
0
0.3901
0.5229
7.6254
0
0
0.0297
0
3.1543
6.0384
0.053
0
0.246
3.0304
0.2037
1.5557
1e-04
0.0373
0
1.2115
1.1432
2.4714
0.8208
7.3783
4.7453
0
0.1096
1.4734
0.1941
0.9775
0.01
0
0
1.5993
0.3632
8.0132
3.494
3.1895
5.4014
0.3504
0
0
0.7785
0.0465
5.0217
2e-04
2.5167
4.3223
0.3966
0.1241
0.5108
0
6.3389
1.2824
0.1921
8.4903
0.024
0.6762
0.5614
14.6971
13.3368
2.2956
0.4011
0.1371
2.6434
2.0814
2.637
1.5447
1.1548
0.54
0
0
3.4162
2.635
5.0632
6.7383
0.437
0
0
0
0
0
1.9645
9.3566
8.2216
4.754
2.0793
5.8075
3.228
0.2545
0.0694
8.0719
37.8933
6.7761
3.6223
0
0.0285
14.7517
0.0148
0.133
1.3758
0
5.0417
2.0068
2.0937
0.4082
0.5549
2.3423
3.7874
0.0246
2.4603
1.4675
8.7465
2.5234
0.1988
0
0
0
1.2627
2.561
36.6779
8.8537
4.9266
15.3235
0
3.7606
4.9489
0.1683
14.6371
1.432
0.0444
0
0.4485
0.0183
0.1035
0
0.9876
0.5057
0.0036
0
0
0
0
0
6.7789
13.6775
0
0
1.2281
0.9831
1.2367
0.0415
0.0014
5.4416
12.1416
5.0254
0
0.0708
1.112
0.3999
0.0315
1e-04
0
0
0.8868
8.2993
23.8696
2.4631
0.2729
0
9.3685
1.2621
1.4404
0.0393
0
0
0
0
0.7002
0.7381
0.0559
0.0954
0.2122
2.6205
0.001
3.9486
3.1755
9.1404
8.474
0.2216
0.2255
0
0.102
3.61
6.0671
4.4755
1.5393
0.4909
1.0799
30.4171
5.5277
10.4865
0.2137
0.1582
0
0
0
2e-04
0.0484
0.0079
2.0845
2.0358
0.0024
0
7.0945
1.2886
0
0
0
0.0074
0.5156
0.467
13.2102
3.7984
3.5029
0.8364
10.6043
0.0373
0
0
2.7142
0.1735
2.8888
4.9844
1.39
0.8992
1.5395
5.8922
1.9537
0
0
0
0
0
0
0.1832
5.0581
2.0142
4.088
6.1627
0.161
1.5223
0
0.1586
0.635
0.0471
0
0
0
0
8.8034
3.9479
0.3312
0.4255
0
0
0.0395
5.107
2.1011
3.9367
0.1636
0.0012
0.9434
0.7806
6.236
0.4025
0.0498
0.4581
0.2692
0.0367
1e-04
1.522
1.5816
0
1.2285
11.6274
3.5596
0
12.7146
1.1965
0.1582
0
0
6.4429
4.4272
13.9429
0.5407
0
0
4.3547
0.0053
0
1e-04
0.1021
0
0.0011
0
0
0
0
0
0.8015
13.9975
0.8684
0.1691
2.1594
0.1738
5.0262
0.9581
0.1045
5.421
0.3148
0
0.2879
2.4963
0
2.095
4.958
8.3762
0
0
0
0.1503
1.8652
0
6.6719
1.9756
0.1688
1.0079
0.6763
1.9108
2.6516
7.7779
5.5391
8.0052
3.0051
16.5273
0.0077
0
3e-04
0
0.2143
0.4096
0.1134
0
3.3568
1.258
9e-04
0
0.928
0.5024
0
6.8307
1.2562
0.2195
0.1559
0.4182
1.2041
1.7587
0.384
2.2498
0.1808
0.3695
0.0654
0
5e-04
1.0813
0.4057
0.5823
0.0647
0
1.7733
0.4697
0
0
0.8193
3.4384
11.2855
7.2285
3.2698
1.1098
0.3819
0
0
0
0
0
0.8206
6.3103
13.2105
2.2127
0.0752
0
1.6187
0
0.5445
0.1659
0.2351
16.5088
1.9697
0.1241
0.2213
0.9682
0
0
6.9223
2.7651
0.2212
0.0999
0
0.0384
0
0.2925
0.4174
0.261
0
1.8529
4.1973
2.9607
0.0205
0.1545
3.3311
11.1062
13.5057
18.7725
17.4478
0.5708
0.6243
4.1266
2.0961
6.9005
7.7188
0.9006
1.5096
1.2027
0
0.0812
0
0
0.0095
0.223
0
0
0
0
0
0
0
0
1.255
0.0849
0
3e-04
0
0
0
9.3462
7.5222
0.0781
2e-04
0.1495
0.7268
0.1062
0
0
0
0
0
1.2408
2.8201
9.8009
4.8604
11.1696
3.2385
2.5719
3.6106
6.2288
0
0.1367
0.1564
0
0.669
8.6015
21.6732
0.0954
0
0.2124
0.255
5.8318
3.47
2.71
4.5905
0.2239
0.0549
3.5957
21.3321
3.7956
9.3415
8.3066
1.7808
0.7626
4.25
8.1935
5.9785
0.4335
0
0
0
1.4683
0.6549
0.1392
0
0
0
0
0
0.7084
12.2682
12.9349
1.0532
0.2084
5.14
1.9916
0.0381
0.1102
0.0163
25.8197
0
0
1.023
7.6949
4.566
7e-04
0
0
0
1.1558
0.7511
1.7214
0
0
0.6182
9.9133
0.0338
0
0
1.6856
14.9581
0.9021
0
0
0.1211
4.872
3.5725
3.9551
1.7116
0
0
0
0
11.0948
7.3514
13.8275
2.3207
0
6.2934
0.7348
0.4465
0
0
5.0852
16.7892
8.5738
3.8032
0.2526
0
0.6324
28.195
0.6808
0
0
0
0
1.6146
3.3711
0
8.8101
18.2032
1.2467
0.0748
0
0
0
0
0
0
0
0
0
0
0
4.8408
3.858
0.332
0.8076
1.026
0.0853
0
1.3371
2.0823
1e-04
0.4436
0.7194
1.4762
0.6112
0
0.0176
0.6377
3.1938
6.1156
6.7722
4.811
8.0538
17.9867
0.001
2.1376
2.6208
17.2174
5.0346
0.4255
0
0.2846
3.5567
0
0
0
0
0.0884
1.3609
1.6791
0.4694
8.0474
19.3979
7.3284
4.5755
0.081
2.8963
0.0074
10.4182
11.7366
3.0217
5.1845
8.5529
5.7554
3.1848
16.1116
2.0221
1.7146
3.3954
0.9631
0
2.6218
0.0027
0
4.3148
24.7025
4.6904
6.1455
0.0571
0.039
3.9955
0.4485
0
0
2.9573
0.7647
0
0
0
15.6306
21.2166
1.1964
3.5183
0.0676
0.001
0.4474
0.9897
0.001
0
0.4514
0.319
1.0752
0.3227
0.8893
0.7145
0.4948
4.0682
0.083
0.0577
0
0
0
0.0275
1.8652
0.0228
0.8847
0.0275
0
0.0021
0
0
0.0295
0.1882
1.5434
1.4699
0.0113
0
2.7091
0.668
10.8875
1.9844
0.005
0
0
0
2.3346
0.4023
1.5971
0.33
1.9692
0.002
1.2065
0.7518
0.7557
2.9386
19.9155
3.1527
0.6632
15.3987
0.1562
0
0
0
0.1152
0
3.1063
0.9822
1.9273
3.1205
0.2321
2.5272
0.1904
8.2064
0
0.0017
0.0298
0.7804
4.1986
0.9618
0
0.1713
0.8783
2.3435
0.5874
0.061
3.0622
0.1627
0
5.9047
3.1114
8.3576
5.0753
9.4079
0.0825
0
0
3.4978
0.6603
13.8855
0.0064
0.0306
0
0
0
0.6346
2.4125
1.0727
0
0
0
2.3394
0.5371
0.5871
0
8.5531
3.5263
2.3127
0
0.2912
0.1006
1e-04
0.0496
0.4592
5.4364
0.6548
10.4854
1.4852
0.9701
0.3925
2.0676
28.7339
6.5444
0.5927
0
0
0
1.4638
1.3617
3.1566
0.346
4.1172
0.6611
0
0
0.2891
0
1.8193
5.3366
0
0
0
0
0.1454
0.5032
7.6665
3.7361
21.6032
5.5379
15.0164
3.907
0.461
1.9969
1.183
0.0225
0.0023
0.5919
2.1133
8.9558
0.0169
1.8407
6.6486
0.837
0.2656
0.0402
0
0.3991
16.7105
10.3499
6.9669
2.4447
1.5367
2.4826
3.8226
0.9981
3.8611
0.1911
10.046
10.3508
1.3546
0.9839
7.0905
2.2372
0.0021
1.1961
0.0027
0
0
2.0422
7.9187
10.1029
1e-04
12.2905
1.1572
8.7705
0.0988
9e-04
0.2515
0
0
2.0191
33.6887
3.7882
26.4044
10.3432
3.7218
0.034
0.0491
22.4365
0.8442
0
0.067
0.1502
0.042
0
0
0.8085
4.4346
9.8218
0.0181
0.0288
0.0181
0
1.7096
7.5649
0
0
0
2.4714
2.3146
12.334
1.9922
0.8031
20.1429
0.9623
0.2855
0.2162
2.5572
1.4775
6.3464
5e-04
0
0
0.0018
0.0045
0
4.0843
0.1424
0.0755
23.3178
8.7426
0
0
0
0
0
0
0
10.9359
0.1684
0
0.4657
0
0
5.2141
15.8435
8.1123
0
0
0.5009
0
0.2492
21.4808
0.0429
0
0
2.2679
5.4902
2.7269
16.8419
6.3355
19.5936
1.1598
4.9305
12.4651
13.7704
0.2425
21.9911
4.6306
0.4223
0.3106
0.001
0
0.891
0
0.0496
1.4668
9.3869
9.7295
0
0
0.0502
0
0
3e-04
3e-04
0
0
0.1095
8.808
5.3342
2.2971
0.0785
0
0
0
0.1628
0.9774
0.0662
0.848
0.1835
0.0102
0.0261
2.5009
2.5974
0.0638
3.4663
0.1848
0.2852
0
0.3377
0
6.1944
8.5567
8.3639
4.5731
1.4163
0.1456
0.1938
0.576
0.7838
25.7686
0.0515
0
0
0.002
2.6127
18.9547
2.7255
0
0
0
6.456
4.5111
5.8581
0.0695
0.0014
0
0
0
0.9399
0.9302
0.4372
2.6661
0
0
0
5e-04
2e-04
4.535
3.2644
0
0
0
0
0
0.0898
0.1518
0.8343
0.1415
0
0.2879
0
0
0.9513
0.3633
5.6688
0.6343
9e-04
0.4412
0.1261
0.966
0
0
5.1415
11.3542
0.3567
0.0295
0.4598
0.0932
0
0.1025
0.1856
0
0.7606
6.0089
6.5476
0.1877
6e-04
3e-04
0
9e-04
0
0
0
0.3097
0.0543
0
0
0.5619
0.0129
0.3806
0
0
0
0
0
0
0
0
0
0
0
0
2.4211
4.9932
5.9402
0.1539
0.5216
0
1.3577
0
0
0
0
0
0
0
0
3.9989
0.1659
8e-04
0
0
0
0
0
0.281
0
0.0223
1.1762
0.6258
0.1107
0
2.195
28.2109
6.3268
0.5319
3.2574
0.1684
9.7351
12.8627
0.4024
0.3352
0
0
0
1.9825
3.8977
0.0165
0.2713
2.1077
0.6719
0
9e-04
0.2792
0
0
0.7509
3.4267
0.2897
0.0086
1.7263
1.7033
0.6615
0
0
1.0006
19.209
4.4798
0.0535
0
0
0
0
0
0
0
0.6932
1.2822
0.9291
3.1029
0
0
19.3139
3.9555
1.909
1.0286
1.8847
0
0
1.5698
8.7868
2.962
0
0.0149
15.4235
5.8992
19.133
6.939
14.8625
0.0128
0
0
3.6903
0.7447
14.5336
0.4473
0.0391
15.5336
0.331
0
0
0
0
0
1.7361
13.3916
4.986
5.2471
1.0975
0.4757
1.7232
4.2899
0.0023
0.0018
9.8186
23.2075
10.066
8.9336
2.4421
6.1819
2.2668
4.6305
2.9459
2.4974
1e-04
4e-04
4.3534
0.081
5.3766
11.1912
1e-04
0.1148
0.1359
0
5e-04
5e-04
0
0.3222
0
0
0.0577
0.0479
1e-04
0
0
6e-04
2.3375
4.6693
1.0905
4.2711
0.0135
0.2499
0
0.0245
3.1513
7.7082
0.4901
0
0
0
0
0
0.1458
0.6739
3e-04
2e-04
0
4.4631
5.0409
0.5721
0.3027
5.155
32.7515
24.2029
9.5329
0.2021
0.7642
4.5302
8e-04
0
0
0
0
0
0
0
0
0
1.8403
1.0942
0.5208
0.8515
6.7533
0.9164
3.6816
6.4894
0.4467
3.1986
1.0218
1.7196
0.0278
0
0
0
0.2362
0
2.0086
0.9119
0.2477
0.0838
0.301
0.6301
0
2.9532
3.5803
1.3133
1.6549
0.6467
2.1211
0
0
0
0
0.7434
2.8115
0
0.1384
0.9794
0.2946
0.144
5.7013
1.6172
0.8666
0
10.7847
0
0
0
0
0.5609
0.0153
0.042
0
0
0
0.3234
1.831
6.8699
1e-04
0
0
0
0
0.0362
0.3453
0.9157
0.1289
0
0.6656
0.285
0
1.6512
0.6075
17.4594
0.7193
5.9337
1.0535
3.4586
1.8841
5.21
6.0379
3.7176
2.4277
0.0593
0
2.0623
0.5456
1.224
0
4.1481
1.5861
0.0322
2.7372
18.3375
0.4051
0.0673
2.9652
0.7481
5.8356
0.3891
0.0822
1.3556
0.1878
1.8579
0.7241
1.6653
6.8205
0.5294
0
0.037
0.0025
0
0
0.0592
0
0
0.0834
0.0257
0
0
0
0.0273
0.0732
1e-04
0
0
5.3773
4.2787
1.4017
3.1197
0.757
0
1.332
2.0167
1.3828
3.7481
0
0
0
2.105
2.4069
4.6702
6.2366
1.0164
9.9299
0
0
1e-04
0.0711
0.3118
0.538
6.5315
5.5548
0
0
0.6803
0
0
0
10.7409
1.2206
1.3107
0
2.7722
0
2e-04
0.3045
0
0
0
0
2.6555
5.3757
2.0114
0
0
0
0.3372
0.6012
0.0127
0
5.6565
0.9338
0.6781
0.4438
1e-04
4e-04
0.6234
0.0164
3.8587
2e-04
0.3013
0
13.0586
5.776
1.2686
0.1588
0
0.211
1.0232
1.9656
0.8178
2.7621
13.5777
2.8516
0
7.5183
4.0755
0.366
0
0
0
0
0
0.0746
0.3904
0.0276
0
0.2806
0.4478
1.8996
1.943
0.0629
0.9748
2e-04
0
0
1.2652
3.4404
0.6336
0.1975
0
0
0
0.1552
0.3187
0.0161
0.1699
0.2112
8.7874
0.8271
0.3116
0
0
0.249
0.3184
3.1725
0
0.5086
0.459
0.3435
0
0
0.5768
0.092
0
0
0
0
0
0
0
1.184
5.3666
0.182
0
0
0
0
0.0773
2.26
0
0
0
0
0
0
1.9267
0.169
0
0
0
0
0.5007
2.0348
0
1e-04
0
0
0
0.001
0
0
0
0
0
0
0
0
0
1.4939
5.0056
4.4736
0
0
0
0.16
0.4026
9.6186
3.7239
7.2755
5.4125
10.2428
0.0332
1.5649
5e-04
14.0976
8.0553
0
0
0
7.7558
6.3738
0.0784
0
0.7902
3.3454
4.6623
5.0154
0
0
0.4154
2.8128
0.8732
0.0426
0.1828
1.9615
6.4051
5e-04
0.7934
6.9169
11.3833
0.3896
1e-04
1.9375
10.8565
0.6649
0.146
2.2302
0.6512
25.7929
1.0024
0.2508
0
0.7313
1.4924
10.9488
3.5116
0.885
0.4347
0
0
0
0.3558
8.8269
2.4842
5.0884
0
0
0.2122
0.796
0.9781
2.4299
1.5543
0.2952
0.0341
0.0683
0
0
0
0
0
0
0
0.9706
3.6491
0.352
0
0
0
0
0
0.3902
0.5775
1.44
0.0486
0
0
0
5.714
4.2643
22.9734
0.2837
0
5.8407
3.2094
3.5186
0.6939
0.0032
0.6897
0.1771
2.1388
0
0.3756
0
0.0808
0.2975
0.1324
21.316
16.9255
3.874
1.0882
4.8352
0.6473
21.99
1.1669
0.0258
7.0968
0
1.8011
2.3078
0.0678
0.0032
2.4718
19.3115
0.2776
0
0
0
0
0.3434
3.1169
0.1158
0.4892
0
0.3682
0.3654
0
0
0
0
0
0
0.2821
0.8909
0.2966
0
1.6942
0.222
0.1606
0.2003
0.384
0.121
0.2812
0.0824
0.3449
0.1525
8.494
1.4383
0.5872
0.3483
12.1759
19.4795
0.0094
0
0
0
0
1.4112
1.6637
0.0771
17.3891
0.0387
4.8286
0
0.1181
0.054
3.1212
2.1514
1.6191
1.3858
0
0
0
0
0
0
0
0
0.4903
1.4797
15.1567
0.1064
0
1.7667
0.1624
0
0.2744
0.7422
4.3545
0
2.266
0.8326
0
0
0
0
0
0
1.8097
0.9358
1.4901
0.1656
0
0.0265
0
2.3236
9.6685
0
0.7551
0
0.1548
2.0007
0.0873
0
0
0.3014
0
2.3453
5.0841
0.7802
0.3539
0
0
0
0
0.1289
0.1525
1e-04
0.0022
0
0.8569
9.4188
4.8572
2.3838
1.1507
0
0
0
0.281
0
5.2145
7.6834
3.4746
13.6995
2.324
2.868
3.0071
16.1628
15.5991
0.9695
0.9625
2.4412
2.371
0.5597
0.1433
0
1.4174
1.9239
1.3069
2.5806
1.8036
2.2555
3.9449
0.5614
0
0.0522
0
0
0
7.7611
1.1388
1.626
2.8698
1.2625
0.1114
1.4024
1.0385
1.0493
0.3273
10.5495
4.9521
4.7647
1.18
6.5332
1.4409
1.467
2.9754
6.207
0.48
1.9435
0.1574
0
0
3.8416
4.9146
2.0791
1.5948
23.2177
1.8978
16.5898
27.1035
0
0
1.3053
1.0696
16.612
4.7368
16.5408
5.6595
6.154
2.6916
0.0283
0.0187
0.005
1.0677
0.0082
1e-04
17.2887
7.9377
5.7746
3.2407
1.6333
1.3663
1.4044
3.3546
1.053
1.6594
1.0994
0.003
0
0.1108
5.5434
5.4253
5.1524
0
0
1.509
0.0677
5.4235
0.8699
0.2907
0.8401
0
1.1752
1.3589
2.7762
1.9459
1.2669
0.3589
0
0
0
0
0
17.5427
13.3843
0.802
3.2997
0.7497
0.0116
2.2498
9.1595
6.5828
6.6912
0.4368
12.8352
1.0504
0
0
0
7.8621
3.0148
5e-04
0
0
0
0
0
0
0
0
5.7698
1.5169
0
0
0.2866
7.5138
2.0177
2.5478
0.8284
0.3056
0.0023
0
0
4.1673
1.4961
0.516
0
15.4058
0.0217
0
0
0
2.5426
3.908
1.9834
5.9785
10.848
0.0585
0
10.2326
9.2153
3.8955
14.1973
1.7399
0
0
0
0.1662
0.1548
0.0143
0
0
0
0
0
0
0
0
0
0
0
0
0
0
0
0
6.8732
0.0852
0
0
0
0
1.8585
10.0492
0.3788
26.3988
2.0263
4.8781
0.9559
0
0
0
0
0
0
0
3.3729
2.4664
0.2181
0.0424
0.129
0
1.3356
2.9611
9.8916
2.1487
0.8743
0.0866
0
0
0.8818
9.5846
13.7623
8.6711
0.4368
0
0
0.3712
0
0.0894
0
0.1191
0
1.6056
0.8823
3.8316
0.001
0
0.0305
0.0858
0.2792
0
0
0.46
0.029
0.2947
0.0916
0
2.4309
0
0
2.2316
2.3406
0.1431
0
0.2304
1.7359
0.5186
0.4549
0
0
0
0.905
2.5534
0.1052
2.6457
3.9877
7.2998
7.2717
0.0503
0
0.4718
7.6451
0
0
0
3.1321
1.2381
1.8824
0.0471
0.0088
0
0
0.3221
0.1746
5.2706
3.0702
0.0866
9.8052
0.8675
0.0616
0.0204
0.1866
1.8386
0.0257
0
0.0378
5.7528
0.3426
0
6.7499
15.608
2.7626
10.5619
0.3323
0
0.3506
0.0306
2.45
0.0016
0
0
1.5074
12.8875
28.4562
4.1017
0
0
0
0
0
28.5271
4.5897
1.9661
0.1678
0
0
0
0
0
0
0
0
0.4274
0
1.9271
8.807
0.9878
1.6455
0.0013
0
0.2932
0.322
9.1854
0.4963
0.1243
3.1517
0.1433
0.1287
1.0341
0.6236
0
0
0
0
1.9476
2.3157
5.2336
3.0456
8.6369
2.0037
0.6998
0.3514
0.243
0.7347
0.6968
0.1103
0
28.9187
2.6563
0.4217
0
5.0411
0.0716
0
0.4281
0
0
10.1671
9.2954
0
0
0
0
0
0
3e-04
0.3073
0.0584
0
0.9824
8.1902
25.6623
5.2899
0.1621
0
0
0.1099
4.5122
5.8006
8.1341
15.3395
3.6566
4.0458
14.9205
3.0297
0.0829
0.0238
1.6536
0.3367
0
0
2.7722
6.7262
17.6185
0.0074
0.3094
0.6787
0.2934
0
7.4506
2.2589
8.0663
6.1017
0.1437
0.4594
2.3831
28.1096
7.1314
0.0032
0
0
0
1.7649
0.1898
0
0
0
0
0.1665
2.0318
4.6328
2.1954
0.6849
0.2213
0.0686
9.1275
5.7755
7.3715
0.002
0.0029
0
0
0
0
0
0
0.0507
3.5461
1.9708
34.5483
26.2706
4.2731
13.3598
0.546
0
0
0
0.1921
15.5783
14.683
28.9707
3.4831
0
0
0
0
0
0
3.2194
1.3639
0
0
0
14.2025
9.0252
0.5844
0.0311
0
0.0016
0
2.0741
2.3247
28.5796
0.0878
0
0
0.048
2.5655
6.5318
3.5913
6.4608
2.0441
0.7334
0
0
0
0
0.348
0.466
9e-04
0
0
0
0
0
0
1.8946
11.5501
2.6139
39.7127
4e-04
0
0.0016
2e-04
13.6086
3.6782
7.655
0
0.029
7.0973
2.9408
3.1449
2.7618
0.4853
0.3779
0
0
0
0
2.1228
2.1272
0
0
0.2152
21.4684
0.1356
0.4749
1.5912
2.3245
23.1196
17.1248
3.0294
2.5917
0.2976
0
0.001
0
0.474
17.6846
0.0445
0
0.2606
11.1471
0.2247
0
0
0
0
0
0
0
0
0
0
0.0218
0.9302
14.4565
0.8134
0
0.7963
3.3701
3.0806
0
0.1845
0
0
0.1447
0.0616
0.3689
0
0
0
0.8241
13.7043
0.8971
0.077
0.1149
0
5.1858
5.2109
0.0325
0
0.0117
0.1171
33.6516
1.6669
0.0756
0
0
0.1708
0.2017
0
0
0
0
0
17.5016
0.7839
2.7181
16.0496
0.75
0
22.2227
3.6901
17.2378
2.2319
0
1.2888
0.6399
4.1855
25.0047
35.3138
0.3926
0
0
0
0.0033
2.2503
0.1865
0
0.0549
0.095
0.4074
11.5907
0.7096
0
0.6493
0
8.6636
0.5709
0.0288
0.3091
3.7968
4.7149
0
0.3561
0
0
0.8281
0.6187
1.2507
0.1404
8.1906
0
0
0
0
0
1.3522
1.563
1.2769
0
0
0
0
1.9931
3.9711
8.7575
1.2298
3.2349
0.3684
1.7679
1.3244
1.2998
0
0
0
0
0
0.002
3.1979
0.4504
0.4556
2.424
0.1831
1.0181
4.8571
3.5784
0.0751
0
0.1957
0.3069
0
0.001
0.0065
1e-04
0
0
1.4498
8.6342
1.2079
0
0.0702
6.1866
5.4668
0.3527
1.3809
5.1843
1.5518
1.021
0
0.3537
0
0.316
0
0
1.0241
3.5289
0
0
2.6347
3.2198
0.2852
0.4927
0.0299
10.1054
4.7148
3.6822
0.0688
6.1058
0
18.3473
9.6973
1.0441
1.7639
0.2063
7.6236
0.4242
0.0279
0.0038
0.5954
0.4802
0.0348
2.0477
0.0675
0
0.0025
10.3021
3.1324
0
0
1.3359
0
0
0.1213
0.2323
0.3447
0.0647
1.3099
4.8897
1.1321
0
0
0
0
4.1069
6.1289
2.1521
15.2051
1.2537
0.0369
0.6041
10.8674
24.1782
1.9834
0.6653
0.0722
0
0
0
0
0
0.119
0.7847
4.9924
2.3139
0
0
1.867
4.0867
0.2808
0.099
0
0
0.0205
0.1136
0.0667
0
0
0
0
0.0083
0
5.0239
4.4686
7.5348
2.2678
6.0702
1.0941
2e-04
0.3133
1.4156
0
0
0
6.4591
3.697
4e-04
2e-04
0
0
0
0
0
2.1759
7.4531
1.5945
0.1217
0
0
0
0.1425
6.9054
1.8185
0.0979
0
0.3304
11.4551
0.6225
0
0
0
11.8174
3.6779
0.0045
0
0.3166
0.8984
0.4982
0.0862
7.644
7.6478
18.1334
13.553
4.7662
0.0866
0
0.0012
0.2149
0.0774
0
0
0.2035
0.0074
2.5054
0.7203
0.1385
0.1601
11.1946
22.5569
0
0
0
1.0535
3.6935
0.8146
0
0.6893
0.0053
1e-04
0
0.1097
1.5217
0
0.26
0.096
0
0.9824
5.7114
1e-04
0.0485
0.4907
0.3724
0
0
0
0
0.0047
0.6978
13.8262
2.0491
0.2339
0.2982
0
0
5.6983
1.6779
0.5414
2.1835
0.8561
1.1447
0
0
0
3.493
0
0
0
1.8229
14.1126
12.3434
15.419
4.6497
0.4109
0
3.3509
0.8734
2.6596
0.2086
0
0
0.1795
1.6755
1.2091
0.0106
0
0
2.3897
0.5911
0.3375
0.0731
3.3165
2.3403
0
8.7043
6.1169
10.5535
3.8482
0.8685
0.0562
0.4171
0.1243
1.4394
0.818
1.8685
0.6697
1.2426
3.6813
4.0871
8.7607
0.6479
0.0133
0.0128
0
0
3e-04
0
2.8957
1.6208
1.0272
0.1005
0.1218
0.1866
0.3211
1.2849
0.459
0.2642
3.6623
0
2.9463
0
0
0
0
1.237
3.48
0.5426
0
0
0.6002
5.1743
0.0858
0
0
0
0.1618
1.2144
0.2332
1.0422
0
4.6788
32.7974
0.9434
0.647
0.4008
0
0.0537
0.8162
0
0
2.6775
2.6539
1.3746
0.1734
0
0
0
2e-04
0.905
0.569
0
0
0
0
0
0.7008
2.4028
0
0
0
0
2.7823
0.0982
14.5556
0.5949
0
8.3058
7.3034
0.2984
0.329
0.0012
3e-04
0.0205
0.3901
0
0
2.2026
0.4981
0
0
0
0
0.7941
12.264
3.483
0.4848
0.2853
13.9855
1.7306
0
0
0.0409
0.1337
0.2454
11.1743
4.3246
4.7296
0.0947
1.0996
5.5997
0
0
2.7409
1.6862
1.8066
0
0.6729
5.5757
0.788
5.4642
0.2195
0
1.1221
0
0
0.0013
6e-04
1.0594
0.591
1.3619
1.3609
0
0.3186
0.4679
11.8952
26.0345
13.1132
0.8333
7.2641
10.3392
5.071
0.8469
3.3124
2.2771
0.5943
1.468
0.222
0.4795
3.7994
1.1106
0.6182
0.4733
0.3396
2.7859
0
0
0.7026
4.1606
0.0818
0
0
0.2535
0.3246
0.915
5.0866
5.2748
3.1416
2e-04
0
0.289
3.9996
10.1046
17.7616
0
0.7189
0.0238
1.9733
2.7378
21.7993
0.6577
0.2151
0
0
2.6394
3.1665
0.2504
2.1174
0.0345
0
0
0
0
0
5.132
0.2622
0
2.9514
32.2541
0.2809
0.0079
1e-04
4.6087
3.1181
10.209
1.8509
1.6935
0
0
0
0.0309
0.2523
0.0919
1.6396
0.0394
1.3284
0.2041
0.0784
0.0971
0.8913
12.5808
0.0117
12.1021
27.635
18.0569
36.1829
2.7581
24.1826
0.5535
2.3136
2.7535
0.423
1.0265
18.7721
4.9528
0.2746
8.218
0.983
0.1487
5.8222
11.9589
15.6114
0.1216
1.6412
7.2979
1.4288
0
0
0.0344
5.4948
0.4291
0.6932
6.5466
0.6217
17.3083
3.0061
2.6518
0.258
0.0017
1.551
5.0138
2e-04
8e-04
7e-04
2e-04
1.8017
0.5867
3.7186
25.2148
13.5011
0.8492
3e-04
0
0
1.4293
9.0194
18.3791
1.5329
27.6267
13.2231
14.6444
5.6832
15.5032
0.0414
0
0
0.2949
0
0
2.2302
12.2302
2.9521
0.1759
31.3942
4.021
0
0
0
0.0254
0.2653
0
0
0
0
0
0
0
0
0
0.9683
1.6197
11.6505
1.1248
1.1871
0.6085
0
10.2996
18.6427
4.3843
1.2331
0.1537
2.3397
0.7538
0.1671
0
0
0
0
0
0
0
0.371
0.1494
0.0053
20.0681
15.826
0.8514
3.3975
0.5369
0.1063
0.2996
0.0594
3.3126
4.4374
15.9002
28.0484
2.4507
0.0212
1e-04
0
0
0.0261
0.0235
0.0489
15.615
8.6093
7.8009
1.015
2.2642
0.0188
0.049
0.0244
0
0
1.963
0.5868
0.5589
0
0
0
0
0.0293
0
9.2816
0.4892
0.0387
0
0
0
0.0768
0.0992
0.0033
0.8272
5.0456
0
0
0
0
0
0
0
0
14.8436
11.6331
3.7987
0
1.7572
11.7495
22.3136
9.1529
0
0.0837
1.2292
0
9.6978
0.484
4.1974
8.2414
0
1e-04
0
0
0
0
0
11.8377
2.0857
0.0568
7.6385
0.032
0
0
0.1268
0
0
0
0
0
0
0
0
2e-04
0
0
0
0.2733
0.944
14.4589
1.1722
0.0661
0
11.9249
0.093
0.0051
0
0
8.316
2.5255
0.9417
0.3496
0.4922
3.1836
0
2e-04
3e-04
0.0706
0.2944
23.0012
4.7124
0.4389
0
2.0951
0.6118
5.2314
1.9466
0.3974
1.4809
1.1627
1.9594
3.5362
6.1338
0.1128
0.3902
4.8726
0.7561
0.3175
17.9648
1.4722
0
0.027
0.3385
0.3405
0
0
6.6896
12.9331
0.0363
0.0196
0
0.2556
0.156
0.0199
0.1461
20.7333
9.2174
0.357
0.4265
0.318
3.8359
1.7489
8.9955
0.4739
0
5.1822
4.2279
2.6312
0
0
7.1562
11.3746
0.958
0
0.0224
1.1455
2.5086
0.0293
0.0522
2.0391
3.5773
1.9072
0
0
0
0
0
0.2893
0.1419
0.2049
0
0
0
0
1.1343
0.8999
0
0
0
5.5727
2.4966
0.4508
0
0
1.4009
8.3146
1.6153
10.0157
0.5828
1.0381
0.0153
2.6042
2.3775
0
16.2624
35.8998
13.1749
0.3285
0
0
0
10.4564
0.3506
0
0
0
1.1145
7.9603
17.3358
0.504
0
0.0243
4.9946
8.3897
0.5018
4.1572
2.12
3.6247
3.3054
7.0857
10.6941
0
0
0.4631
0.5754
0.4112
1.6295
6.8284
4.1008
4.8632
0
1.4121
0.0756
0
0.9199
0.2698
2.8392
0.0016
0
0
2e-04
0.1156
4.0117
0.1885
1.0732
0.1595
1.6229
0
0
0
12.1427
4.5593
7.6592
0
0.9389
0.4548
0
0.4816
1.7645
2.6953
4.1754
1.2465
0
0.0226
0.2457
3e-04
0.0512
0.002
0.8321
0
0
0
0
0.0081
0.0024
0
0
0
0.173
2.3773
5.9179
6.6783
9.0029
0.416
0
4.975
0.0396
0.5291
0.6263
1.5683
0
0.1162
0.0158
1.3347
4.2292
0.2905
0
0
1.4594
0.1194
0.9538
0.0323
3.3143
2.1026
12.6819
14.4758
4.5117
1.3688
2.5678
1.4226
0.2978
5.1416
1e-04
0
0
0
0
0.3437
10.1651
0.0878
0
0
0
0
0.0911
10.1235
8.3718
0.0592
1.5148
3.4985
4.489
0
0
0
0
0
6e-04
2.0187
0
6.6908
2.7099
0.2848
0
4.5489
0.3664
4.2554
0.1368
0
0
0
0
0
0
26.2375
18.4562
1.3273
0
33.1716
0.3554
0.0232
0.0026
0
0
0.4334
0.6819
0.3352
3.998
18.1727
1.1456
0.2726
1e-04
2.2964
2.0431
1.0368
20.2271
2.783
0.4459
0.2001
0
0
0.6289
0.0159
0
0
1.8839
1.6172
0
0
2.19
2.9604
1.0458
4.4688
0.1909
0.2416
0
1.9129
0.2335
0
0.1226
0.1371
0.0383
0.0251
0.0887
0.0699
0.1718
2.7468
2.0649
5.149
3.1389
0.0367
0.0857
0
0.761
1.0448
0.1527
0.6793
0.0926
0.4717
7.1713
0.0275
0.0036
0.0769
0
1e-04
0.4178
1.7715
7.9988
1.0601
17.2753
12.1765
0.0437
0.0872
0.0617
0.1867
0
0.1961
0.0486
0.0065
0
0.1551
8.1924
2.155
0
0
0.5728
2.1646
0.0021
0.001
0
0
0
0
0.1447
0.0321
0.0457
8.6205
1.2206
1.0986
1.3634
0.0145
0.0177
0.158
0
0
0
0.2799
1.5806
1.737
0.4085
3.7128
4.4305
0
0
3.2257
0.2974
0.0698
0
0
0.7575
0.3678
0
7.7177
0.3293
0
1.9995
0.113
0
3.6525
0.914
2.0731
0.0197
0
0
3e-04
6.6292
2.4902
2.5074
18.2853
4.5274
0.8753
0.534
20.2337
12.2715
25.8481
3.3773
0.0282
0.0215
0.0053
0
0
0
0
0
0
0
0
0
0.3367
5.4953
1.1777
7.5696
3.3876
1.4257
0
0
2e-04
0.3686
2.1334
5.8932
0.7265
1e-04
0
1.7616
4.5446
0
0.0837
0.512
0.0538
0
0
0
0
0
0
1.2367
0.5378
8.2257
2.7766
0
0
0
0
0.3828
2.7628
0
0
0
0
0
0.175
0.6895
1e-04
0
0
0.6176
2.3159
0.302
0.2582
1.1212
1.0047
0.005
0
5.1678
4.0331
2e-04
8.0742
35.5157
12.5765
8.7709
3.0397
0.7222
17.7947
0.3418
0
2.7489
1.7323
0
1.2206
0.1442
1.8022
7.499
4.5305
0
0
0
5.5336
4.0194
0.2691
0
0.0927
0.0356
1e-04
0.2579
5.7319
8.9539
0.1841
1.0864
1.7315
0.0169
2.5431
8.1431
0.8295
0.5837
0
0.3782
0.6314
0.319
13.3032
4.6378
0
0
0
0
0.5037
3.5696
2.5173
28.7767
14.9569
0.0092
0
0
0
4.0328
12.9243
5.2758
0.5399
0
0.0305
0.0775
5e-04
1.396
4.2511
1.904
0.2587
0.9404
0
0
0
0
2.1141
2.4231
2.3527
0
1.5707
0
0
0
0
1.542
0
0.4963
3.628
0.1665
0
0.2069
0.1489
0
0.1434
1.2131
8.0913
2.4393
3.2072
1.2533
0.8342
0
0.904
0.1674
0
0
0
0
0.528
0.7834
5.8985
0.007
0
0
0
0
0
0
0.0099
0.038
4.2451
0.0957
0
0
0.6827
0.8905
0.9261
0
0
0
0
0
3.6278
7.7257
0.2541
0
6.9472
5.8595
5.4679
0.0074
0
17.2819
2.7823
0
0
0
0.219
0
0
0
0
0
0
1.0944
0
0
0
0
0
13.3611
6.294
0.0028
0
0
0
1.6853
0.4962
7.9016
1.1335
15.0295
4.0334
15.1214
3.7577
1.7744
0
0
0
5.5826
3.6502
4.4309
0.051
0
0
0
0
0
0
0
0
0
0
0
0.7596
0.9784
1.6843
0.0198
0
0
3.9324
2.8597
5.1843
0
0.0875
0.0252
2.2625
0.4775
2.2693
5.9067
10.9288
2.7182
0
0.5113
8.7189
31.3016
5.2432
2.9334
0.6112
0.469
0
1.0657
0
0
0
0
0
0.0538
0
0
0.1024
0
0.0298
0
3e-04
9e-04
0
0
0
0.2734
0
1.6279
0.1614
0
0
0
0
0.3697
0.0018
2.0136
1.0336
0.1841
0.8434
12.5426
6.3378
0
0
0
0
4.6368
1.8583
25.3232
11.0061
0
6e-04
0
0
0
0
0
0
0
0
0.1909
0.7337
0.6462
0
2e-04
0
0
0
2.7903
1.1029
0.0658
0.1721
0.3617
1.265
0.5146
0.3407
2.2421
1e-04
6e-04
0
17.2409
29.2969
14.0691
0.3926
10.6159
0.0463
0
0
0
5.018
7.9809
0.3907
3.1123
29.0165
1e-04
0
0.0927
1.1537
0
0.0175
0.0075
0
5.498
0.1316
0.3432
0
1.951
6.9859
0
0
0.0042
16.1369
3.1136
2.0066
0
0.2302
2.8499
0
0.1336
9.549
15.3426
4.4904
0
0
6e-04
1.3488
17.9491
2.963
0.0082
0.2733
21.3827
4.4184
0.3482
0.1015
8.9982
5.445
1.7111
0.0064
0
0.3785
1e-04
7.6822
0
8.2371
0.5505
0.416
0
3.1999
1.2921
0
0
0
0
0
0.7421
0.7873
2.0283
3.213
4.18
8.8216
25.9436
4.2883
6.9252
1.4303
0.0555
0
0
0.3247
2.7078
1.6922
0.4755
0
0.0205
0.0198
0
0
1.1046
8.1729
0.1296
2.174
14.3053
0.2339
0.0232
2.059
3.078
1.3823
6.3788
7.2881
3.5196
4.0772
3.3934
2.789
0
0
0
5.7169
3.0465
3.1096
9.6285
9.0447
1.0117
0.3543
6.2854
2.0708
0.6717
0
0.9268
0
0
2.1126
1.7455
10.7217
2.2708
0
0
0
0
0
0
0
0
0
0
0.2927
0
0
0
0
0
0
0
0
0.1486
2.7785
0.3013
0.2934
0.2639
1.6632
0.4152
0.653
0
0.1178
0.8466
0.2953
0
13.5455
0.7305
1.7071
2e-04
0
0
0
0
0
0
0.2953
0.2828
0
21.0235
4.1136
53.2079
5.8418
0.0513
0
0
0
0
0
0
0.0655
0.0103
0
0
0
0.4371
4.6905
1.0137
0.5223
0
0.0246
0.0287
0.0335
9.1879
0.9255
0.7772
0.6815
6.1112
1.7266
15.5844
0.261
0
0.357
0.3358
17.4165
0.011
2e-04
4.9193
23.8674
0.0776
0.0507
0
0.2695
1.7254
2.1657
4.3655
0
0.2658
0.4072
0.093
0
0
0
0.3515
0.0577
0.0508
0
0.271
0.1524
0.5898
0.4504
0
0.6342
0.0195
0.0587
0.2547
1.495
0.0331
0.0255
1.4858
3.8267
6.6921
0.0018
0
0
8.3376
7.5792
0.159
1e-04
0.4555
0
1.3998
0.6229
0.1148
0.3221
0
0
0.7129
0.2366
0.6411
4.2
6.3172
0.0234
0.123
0.1438
1.2472
0.2818
3.452
2.2383
0.8031
4.2493
1.0542
0.3777
1.0839
0.8755
5.6791
1.955
11.7676
0
0
0
10.4297
8.0797
0.0078
0.0666
1.2851
1e-04
0.1477
0.2617
0.5186
0
0
0
0
0
0
1.1105
2.4879
0.082
0.2743
0.1546
0.0905
0
2.53
0.7642
0.3323
0.051
0.2635
0.2022
0.6322
0.086
0.0533
0
0
0
12.5426
21.4987
5.5006
0.2034
0.3094
0
0.7482
1.2723
13.7939
2.4014
0.4355
1e-04
0.3792
0
0
0
0
0
0.4309
0
0
0.0019
27.7443
12.5343
1.0671
5e-04
0
0.2762
0.3162
0
0
0.2018
0.2901
0.9303
1.678
4.6806
0
0
2.3731
0.4499
0.0916
0.3154
0
0.1363
0.1494
0
2.5636
2.7532
0.2551
6.879
3.5348
0.2359
0
2.3702
6.5207
2e-04
26.7958
22.525
0.8138
0.4725
4.0512
1.3374
2.0625
15.2049
14.3334
1.6542
0.3584
0.5261
7.6329
2.9669
1.0229
2.2857
7.3853
13.3278
19.3836
8.5517
0.1911
1.3805
0.0016
10.6151
2.0816
4.1665
0
0
0.5776
1.0299
1e-04
2.8428
3.3599
1.5842
6.2378
11.9638
0.4093
1.3021
0
0
1.4629
8.7598
5.2553
5.2494
1.8285
16.3086
12.5389
1.47
2.8299
2.0962
6.1657
7.3613
1.9922
2.3138
0.0392
0.4373
2.6807
8.2885
3.4782
0.2619
0
0.7988
0.654
7.0163
0.2456
0.0408
0
0
0
0
0
0
0
0
0
0
0
3e-04
2e-04
1e-04
0
0.349
0.6195
4.1779
23.1394
0.6128
0.3498
16.9007
0.1915
0
0.112
0.3114
1.1163
0.4367
0.7535
0.0947
0.2035
9.4227
19.5106
11.7534
0.7504
2.1285
0.0024
0
0
0
0
0
5e-04
0
0
0
0
0.1409
0.2168
0.0098
0.0025
0.412
0.296
1.2024
0.9706
0.4517
0.2209
0.9208
1.5922
0
0
2e-04
0.0019
0
0
0
0
0
0
0.3558
0
2.4603
2.9721
0
5.5963
0.724
0.3021
4.6321
0.8812
0.5549
2.2989
5.5761
1.405
0
0
0
9.4669
9.0639
0.0788
0.322
0
1.4702
18.8219
31.5772
0
0
0
0
0
0
0
0
0
0
7.4942
0.3966
1e-04
0
0
0
0
0
0.5015
18.4438
0.5996
0.7655
0.1066
0.0307
8.0398
0.3123
0.0181
0.4662
0.1256
1.0404
0.9982
10.6284
0
0.3075
9e-04
0
0
0.3527
1.9712
12.3348
5.503
2.6654
1.713
1.0635
0.001
0
0.2566
0
1.3946
1.8503
0.2031
0
0
0.0026
0
1.3521
3.2161
18.9424
9.6615
0.307
0.0933
0.1779
6.6475
11.891
0.8321
0.8658
1.2202
0.3651
1.1192
0.5475
0
0.648
0
33.2367
3.8595
0.4004
0
0.6035
11.0561
22.1252
0.2025
0.0197
0
0
0.2534
7.5168
6.9607
0.0292
0.2865
0.0261
0
2e-04
0
0.0319
1.5111
0.2274
0.373
0
5.3884
0
0
0.3189
4.7167
0.5446
1e-04
0
0
0.0171
5.337
4.1894
0
0
0
0.936
0
9.7151
0.954
4.0131
1.9562
0
13.7425
1.3676
0.3264
0
2e-04
0.1625
0.4794
0
21.6658
0.7426
0
0
1.5454
0
0
1.7472
0.1175
0.9645
0.4397
1.4493
2.758
0
0
2.2648
2.9748
1.8606
0
0
0
0
9.0691
41.6719
0.0156
2.6825
10.2167
0.17
2e-04
10.4832
2.666
0
3.0219
3.2216
1.1386
0
0
1.1219
25.8026
0.0794
0
0
0.4559
0
0
0
0.3916
0.7055
0
8.2278
1.4272
0
3.8385
11.241
2.682
0.3709
0
0
0
1.6124
6.8067
0
0
0
0
0
0.4575
15.2555
0.5053
0
0
3.3985
0.5608
0
0
0
0
0
0
0.57
0.2735
0
3.762
2.4562
0.1727
0.0422
4.9541
2.7981
16.723
3.8134
3.4574
0.8482
0
6.0368
0.2621
0.4306
0.2663
1.3148
2.4675
0.0806
2.6924
0
0.2234
14.7481
15.0005
0
0.001
0
0
0
62.3038
0
0
0.3716
11.7998
4.453
34.6874
31.2819
3.8883
0.2411
0.1636
0
0
0
0
0
0.001
0
6.0238
3.0358
0.8728
0
0.9464
0.0112
15.0979
3e-04
2e-04
0.4825
12.026
0
4.3125
0.0313
30.2018
4e-04
0
11.4189
2.3321
7.3959
0.3814
0.0627
0
0
0
3.7584
0.513
47.927
0
0
0
0
2.432
0.622
0
1.2824
0.0903
0.2311
0.4492
1.5473
10.8846
2.0121
1e-04
0
0.6248
7.0889
3.2951
0
0
0
0
6.1194
0.1214
4.3374
0
0
0
0
0
0
4.1665
6.3066
9.683
0
13.0305
3.2635
35.2089
1.5548
0.1363
0.8638
0.0826
0.6279
5.9019
6.6891
0.3413
1e-04
0
0
0
0.0662
0.3005
0.3849
1.1925
0.3779
0
0
1.2881
0
0.8018
2.8896
7.0856
0.1098
0.0383
0
0
0
0
1.9832
0.1811
0.9787
27.9335
0
0
3.0341
0
0
0
0
0.1665
0.8334
0.2697
0.2472
0
1.0509
0
0.1975
0
0
1.0856
0.8969
0.032
0
0
0
8.2369
0.1772
0
0
0
0
0
0
0
0
2.2732
10.1491
8.4379
1.862
0
0
0
0.3242
0.919
1.4649
1.9246
0.6171
0
0
0.3049
0.0401
0.2144
0.0017
0.1593
0.0971
0.6354
8.5685
2.3092
0.3233
0
0
0.2361
0
7.5233
4.6741
0.0096
0
0.032
0.2095
0
13.5649
3.3341
1.2373
0.0101
2.8701
5.701
1.4448
0.922
0.3501
0.0011
0
0.295
18.3125
0.2211
0
0
0
0
0
0
0
0
0
0.0297
9.1427
3.6392
6.4488
9.6174
0.2705
0
0
0
0.8499
0.2416
0
0
0.6318
12.8101
0.0028
7.7307
29.5243
17.3046
0.7934
0
0
0
1.8615
0.4331
1.6044
0.1651
5e-04
0.0015
0
0
0.3051
0.5317
5.0398
0.1532
1e-04
0
0
0
0
1e-04
0
0
0
0
0
0.2312
3e-04
0.0026
0
0
0.0087
5.1536
4.5702
0
0
2.0658
18.9287
21.0042
11.5118
0.9069
2.5858
0.0622
0.1992
0.1672
1.1635
0.0642
0
0.7228
0.2421
1.9965
0.01
3.1943
0.6119
0
0
0
5.9428
13.937
0.5829
0.03
0
0
0
0
0
4.4424
5.9586
0.1387
13.3217
6.4761
0.3995
0.2104
0.1893
0
0
0
10.5703
0.054
0
0
10.1796
0.172
0
0
0
8e-04
1.3619
10.7431
19.6708
1.2057
0
0
0
7.5282
0.1839
24.0538
1.8377
0
5.7845
0.1639
0.0047
0.1017
0
0.0513
0.1802
12.0436
0
0
9.0704
3.4962
3.7871
15.4657
12.67
5.3007
0.0332
0
2.2033
4.4303
0.0136
0
0.0286
0
0
0
0
0
0
0
0
0
0
0
0
4.0389
0.1761
0
0
0
0.3817
0.3055
3.0136
0.4834
1.1122
0.6181
1.9819
2.5667
0
0.0038
0
3.7462
14.9843
11.5042
19.7869
17.6816
0.5424
3.0135
2.1196
2.8364
0
8.6127
0.3361
1.2541
0.1599
0.0835
0
4e-04
2.1761
16.3014
20.747
13.1625
2.0128
0.0025
1.2691
0
7.299
0
0
3.1368
2.1777
1.1994
0
0
0
0
0
0.0159
0.2851
0
0
3.548
2.9664
13.4059
36.453
10.1137
0.0712
0
0
0
0
0
0
0
0
0.3683
0
18.2573
39.0946
2.3833
9.8649
3.685
2.764
4.3915
0.1734
0.0159
0
0
0.5599
3.2339
0.4102
9.2605
0
1e-04
0.0643
0.6027
0.0044
36.1149
24.9992
0.068
0
0.789
0.257
0
0
1e-04
0
0.3877
0.3823
0
0
3.9656
0.5424
0.0416
0
0
0
0
0
1e-04
0.0299
0
0
2.7643
3.9693
17.4071
0.1034
9e-04
0.0043
0.7181
1.5106
0.1355
0
0
4e-04
3e-04
0.4613
10.986
0.0577
0
9.7688
5.2919
0.6273
1e-04
0.001
1e-04
0
0
0
0
0
0
5.719
0.0118
0
3.2479
0.5457
0
0
0
0
0.1375
0.9711
0.2457
6.2052
0
0
0
0.2841
0
0
0
0
1.6271
0
20.7986
0.0088
0
2e-04
0
0
0
7e-04
0
0.3568
0.5019
0
0
0
0
4.7368
2.7145
0
0.0017
6e-04
0.7209
0.7595
0.001
0.969
0.0046
0.7462
0.0546
4.1303
5e-04
0.001
0.3739
0.366
0
0
0
0.0293
0.0517
1.2386
8e-04
0.3971
6.369
11.476
2.5362
0
0
0
0.281
0
0.4578
1.648
0.1548
0.5658
0.154
10.594
5.0804
0.075
0.0527
2.845
0.0582
0.0261
6.6178
0.5157
0.0397
4.8161
11.4841
1.2774
1.5795
0
0.1963
6.2628
0.1159
0
0.3539
16.8096
5.6211
0.2229
2.455
0
0
8e-04
0
2.0983
0
5.2594
0.944
0.2827
1.2792
0
0.8901
14.5775
0.0644
0
0
0
9.9585
0.2202
0
0
0.0383
2.826
0
0
0.3829
0.3294
0
0
0.9012
2.8786
0
9.2324
5.3063
2.0182
3.8378
7.3127
0
0
18.8642
0.3173
4.7071
1.7048
1.623
0
0
0
0
0
0
0
0
0
0
0
0
0
0
0
0
0
0
0
0
0
4.1247
0
1.0999
2.7919
0
0.3063
0
0
21.7529
0
11.4772
0.5947
0
0
6.8358
12.1668
3.7498
1.6429
1.0726
1.7124
1.0388
0.9067
15.0342
0.5024
0
0
0
0
0
0
0
0
0
0
0.0115
0.3619
0
1.6897
0.4895
0
0
0.0461
3.9995
1.128
0
0
9e-04
1.8071
0.0296
0
0.2348
10.2509
5.1202
7.4787
0
0
0
0
0
0
7.8476
4.921
4.0651
0
0
0
0
0
0
0.0367
1.9534
11.3885
16.7063
1.1571
16.1303
0
0
2.3625
0
0
0
0
0
0
8e-04
1.5508
0
12.317
0.4552
0.6459
0
7.9382
1.0982
0
0
0
9.6978
0.0185
0
4.0086
0.0162
0
0
0
0.3443
0
0
0.2907
6.5954
4.4888
0.0498
12.9564
5.3165
0.7779
12.8512
1.4813
1.2271
0.0181
3.3821
0.7018
0.3629
1.4884
5.2789
0.0373
0
0.7652
0.0848
1e-04
4.2948
9.3491
0.0717
3.4159
0
0.0636
5.7167
16.7963
0.2356
0
0
0
3.6224
0
0
0.0038
1.2556
12.4412
2.0126
6.9964
0.8467
0
0
0
0
0
0.0332
0
0
0
7.3037
6.3391
0.0516
0.7145
0
0
0
2.4008
0
0
0
0
3.5475
0
2.2647
0.2801
0
0
4.0889
0
0
0.5013
0.291
23.2311
3.1901
0
1e-04
0.0905
14.8418
0
0
0
3.8184
8.6084
1.823
0.2813
0
9.7705
0.1471
0
0.0767
14.7135
0.1503
0
0
0
0
0.0726
0.0537
0
0
0
0
0
0
0
0.0016
29.3029
1.5453
0.0049
0
0
0
0
0
0
0.0322
0
0
0
0
0
0
0
1.157
3.7153
0.0021
0
0.3437
0.0801
1e-04
11.2724
0.0056
0
0
0
0
0
0.3023
0.3066
12.6229
0.5043
0.625
0
0
15.0128
0
0.1303
5.0518
18.5889
1.2311
0.0894
0
0
0
1.5512
0
0
0
0
0
0
0
0.0676
0
2e-04
0
0
0
9.7624
11.6577
0
0.0012
0
0
0.0012
1.0343
0.0995
0
0.6433
0
0.0013
0
0
1.0339
0.96
3.4709
0.6341
0
1.4415
0
0
0
0
2e-04
0
2.1005
0
1e-04
0
2.1039
0.5887
0
0
0
0
0
6.4457
9.9665
0
3.3211
1.5523
0.001
2e-04
0
11.4264
0.0246
0
0
0
1.9163
0.2481
7.9136
0
5.7889
0
0
1e-04
0
0
0
0
0
0
0
0
0
0.7275
7.3757
0
0
0.0381
5.2059
0.185
0
7.7237
9.5619
0.1824
0
0
0
0
0
13.0094
3.9511
1.8263
0
0
0
3.2517
5.1776
2.487
0
0
8.3521
25.2078
0
0
0.996
0
1.6372
0
0
0.202
2.9336
0.2746
0.7287
7.9236
7.9229
0.1773
0
0
0
0
0
0.0015
0
0
12.1657
8.5363
0
1.6529
0.5094
0
0.0405
0.5605
0.2028
8.6655
0
1.3648
5.0137
0
0
1.3025
0.0769
1.4726
21.5746
0.0039
0.0026
1.956
10.6337
0.2092
0
0.0036
4.243
26.2794
1.4405
2.6752
0
0
0
0
1.482
23.7808
1.461
1e-04
0
0
0
0.4247
4.2981
19.583
9.8833
5.0521
5.5462
3.0985
16.7216
0.342
0.02
18.8162
2.3855
0
2.7125
23.5855
0.024
0.6669
0.0253
1.3597
0
0
0
25.5038
0.0403
0
1.5544
0
0
0
1.0044
5.1203
0
0
10.8958
4.6412
1.442
0
0
0.4149
8e-04
0
0
0
0
0
0
0
2.3714
21.602
19.6742
13.0814
2.6551
1.345
2.2474
0.0334
0.3731
24.0945
19.4707
0
8e-04
0.0011
0
0
0
0
0
0
5.6296
3.9437
0
0
0
0
15.649
3.0983
0
1.1122
13.1635
0
0
0
0
0
0
0.1764
1.0656
0
0
0
0
0
24.5521
1.2574
4.3791
0.0011
5.6877
2.3178
0
0
0
0
4.1946
8.0071
0.0024
26.5116
7.0663
1.8412
0.1918
0
0
0
0
0
0
0
7.0716
23.5183
7.2624
0.5739
0.1073
0
0
0
0
0
0
3.8695
0.1782
3.656
0.5266
0
0
0
0
0
11.5255
0.7959
0.1697
0.4571
0
0
0
0
0
4e-04
1.2539
0
0
0
6.1573
1.3578
9.0475
8.6167
0.0779
0
1.6134
0.1229
1.1635
0.0513
0.0512
0
0
0.5199
0.0348
7e-04
0
0
5.309
2.3658
2.1463
0
1.7636
0.4696
0.1183
0
0
0
0.1294
0.1252
3.2115
2.9598
0
0.5099
18.3199
5.1932
3.4329
6.9657
0.162
13.4926
5.323
1e-04
1.56
4e-04
0.2478
0
0
0.0437
0
0.4158
0.1461
0.1461
0
4.1516
0
0
0
0.1519
0.1519
1.5789
0
0
0.1467
0
0
0
0
0
0.7127
0.5116
0
0
0
0
0
0
0
0
0
0.3282
0
2.3742
0.0014
0.7628
8.8633
1.6024
0
0.1122
0
0.4173
0.6242
1.4061
0
0.8029
9.4782
5.2326
0
0
0.0216
12.1843
1.5954
0.508
0.017
0
0
0.0412
1e-04
1.5077
0
1.0879
3.9167
0
0
0
0
0
0
1e-04
0
0.7512
0
0
0.1186
0
1.7114
4.1215
8.6605
0.0051
0
10.9687
1.8035
0
0
0
0.0357
0
0
0
0.7338
0
0
0
0.0517
0
0
5.3081
1.1302
0
0
0
35.1566
0.1818
0.8446
4.6143
3.8629
11.7475
0.1406
0
0
9.0635
0.4439
0.8333
0
0
16.8393
1.2887
6.2955
0
0.1749
0
0
0
0
0
0
0.1566
0
0
0
0
0
0
8.0728
0
0
3e-04
13.6599
0
0.1398
28.7545
20.6856
0.9618
6.2134
0.0765
0
7.6166
1.7119
0.4653
4.3611
6.2257
13.4204
9.3213
0
3.7148
0
0
1.9983
7.769
0.254
1.0494
4.3773
12.1101
0.0027
8e-04
0.1263
0.133
0.4384
1.9733
0
0.2987
2.2456
1.7626
0
0.4562
0
0.7939
4.9341
4.691
6.0734
0
0
0
0.8761
0.0316
0.426
0.6547
2.9459
0
1.1909
0.5871
1.8914
0
0.6483
0.4814
1.3464
2.3136
0.6322
0
0
0
0
0
0.2411
1.0991
3.1309
0.9933
14.7798
1.6894
5e-04
0
31.0234
0.1443
2.5343
0.0044
0.4958
8.6877
0.1756
0
0.4479
5.8809
0
0.1716
0
2e-04
0
10.0719
0.4283
0
10.0889
0
0.3373
0
0.9039
0
0
5.648
0.0623
0
7.4035
13.6558
0.1983
0.698
0.6111
0.1195
0.0723
0
0
1.8441
0
0
0
0
0
1e-04
0.7839
3.417
5.6214
24.7299
0
0.1805
0.568
2.6377
0
0
0
5.072
13.8668
2.1272
8.6453
0
1e-04
13.4765
1.6116
0.7596
0
0
0.0289
0
0
0
0
1.0531
27.1201
9.3716
0
0
0
0
5.725
15.7538
0.2162
16.1552
3.6307
16.099
0.5855
0
0
0
5.4892
8.3765
10.755
6.1151
14.3432
0.713
3e-04
0
0
0
0.2469
0
4.2445
0
0
0
0
0
2.6635
0
0
0
0
0
0.2116
0.4456
0
0
0
3.2871
0.0022
0
0
0
0.9578
2.5612
0.0071
3.9507
8.66
10.8831
19.0502
0
0
0
0.5143
0
0.2337
0.0356
6e-04
0.4628
0
0
0.5583
4.9232
17.6209
5e-04
5.5674
23.1633
2.8955
0.2241
0.0011
0
0.1045
2.0197
0.1405
0
5e-04
0
0.3392
0.1675
0
0
0
0
0
0
0
4.4797
0.8073
0
0
0
0
0.7488
0.928
0.0501
0.2851
0
0.0279
0
0.0244
0
0
0
0.4115
4.2406
0
0
0
0
1.0073
19.6924
14.2642
29.8405
0
0
0
0
0
0
0
0
5.1171
5.8352
0
0
0
0
0.4404
0.1674
0
1.5195
10.0296
0.2537
0.9106
0
0
0
9.0806
0.1589
0
0
0.9039
8.9027
0.3809
0
0.0559
0
0
9.0625
0
0
0.3716
0
0
2.7738
5.4032
0.0088
0.0167
0
3.9461
0.2091
0
0.6696
2.6646
7.3498
12.9173
0
0.2476
8.5104
4.3724
0
2.2709
11.1681
5.4079
0
0.2243
2e-04
0
13.4492
12.0453
0
0
6.9452
19.7463
6.4287
0.0984
0
0
0
0.3426
8.2197
4.4386
0.4193
0.0545
0
0.4217
0
2.1639
10.0127
0.5935
0.5071
0
14.155
0
0
0
4.3907
1.5481
8.2867
1.2206
0
2.8791
17.9714
16.8679
0.2188
0
3.3184
3.2453
1.4033
0.0046
0.8157
0
0
1e-04
0.4955
5.1899
2.4002
0
3.5161
11.703
2.2149
0.1869
0
0.0268
4.9233
14.4543
12.3947
6.5667
0
0
0
0
1.5988
3.8999
0.2416
5.3063
0.3789
0.4167
0.3434
0.9767
0.2254
0
1.1827
0
0
0
1.581
0.6544
1.0118
0
0
0
0
0
0
1.8831
0
0
0
0
1.7346
4.2772
0
0
0
0
0
0
0
0.1229
2.709
0.3237
0.1485
0.096
6.9143
0
0
3.4045
5.5746
0.4614
13.0731
0.7711
0
0.0199
0.0044
0
0.1329
2.9794
0
0
0
0
0
0
0.8101
0
2.7522
0.8518
0.3276
2.5096
0
15.0979
0.2889
0
1.8023
33.2719
3.4356
0
0.0224
0
0
0
0
0
0
2.4219
0.0445
0.0264
0
0
0
0
0
0
0
0
0
5.6549
3.3578
0
0.0055
0.8515
3.6262
22.6771
3.0444
0.1474
0.1251
0
0
1e-04
45.8316
0.199
0.0253
0
0
0
0
5.1509
0.1722
0
0
0
0
0
0
0
0.4326
0
0
0
0
0.1116
10.1681
0
0
0
0
0.0249
17.479
2.5147
0
0
3.1769
0.0958
1e-04
1e-04
0
0
1.163
7.1464
0.9864
0.0571
0
0
22.2162
8.9641
0.024
0.0176
0.0825
2.6115
2.655
0.0588
0
2.6026
0
1.8403
11.6221
1.6796
0.2072
0
1.0976
0.6991
0
0.1454
1.0274
0.2411
1.8385
0
0
0.2252
0
0
0
0
0
0.2708
0
0.2439
6.2384
4e-04
0.6
0.4031
1.1683
20.29
3.9756
0.1113
0.4993
1e-04
0.747
8.1179
0
0
0.2899
1.2756
8.1015
9.2648
2.4589
2.9267
0.4102
0.0029
1.6669
1.9941
0
0
0
0.0291
0.2439
0
0
0.0297
0.089
0
0
0
0
0.1908
0
0
0.0367
1e-04
0
2.4031
0
0.1492
8.4941
0.2477
0.0067
1.3414
0
2e-04
3.149
0.669
0.2908
1e-04
0
0.1889
0.9161
0
0.0589
0
0.133
1.1125
0
2.4614
0.2982
2.1034
0
0
14.3812
5.8161
1.6746
0.2305
0
0
0
0
1.1599
0
0
5.0587
1.1435
0
0.811
2.638
2e-04
0
0.094
13.797
0
0
0
0
0
2.6925
1.4195
12.0049
0
0
0
2.512
2.4021
0
0
14.4824
0
0.1667
1.625
0
0
17.5379
16.7292
0.2382
16.0349
3e-04
0
0
0
0
0
0
0
0
0.1897
1.4443
0.1776
3.084
0.5649
0.2431
0
0
0.1661
1.4002
0
0
2.068
0.5994
1.5527
19.0009
0.3303
0.0058
21.8979
0.2355
14.388
1.4311
26.9366
15.01
11.5501
2.5562
0.2259
0.2357
6.2633
1.4802
0.0302
2e-04
0
11.9694
0
0
0
0
0
0
0.3049
2.3878
0.6965
0.2538
13.7178
0
0
7.0787
1.2281
0
0.1098
1.5973
19.668
0.1297
0.0321
13.3933
19.4811
0.7806
9.1001
0
0
8.7868
0.0663
0.9799
0
0
0
0
0
0
6.6806
2.4062
0.0549
2.3893
3.4786
3.0772
10.3631
0
2.5954
8.3517
0.3577
20.0661
30.5435
11.0464
6.2615
0.5624
0.2231
0
0
0.9509
2e-04
0
0.5079
0
0.386
31.1983
2.3447
0.587
1.3437
0
0
24.0831
1.0742
0
0
0
0.0483
21.6929
10.802
8.3277
1.9762
1.1927
5.4423
0.2312
0.0834
0
0.856
2.1363
0
0.3076
0.4884
3.5651
0.1826
0
0
0
0
2.1454
0
0
0.0558
8.535
6.5705
0
0.5782
5.0285
1.8814
42.0317
5.3896
0.0325
0
0
0
0
0
0
2e-04
0
0
0
1.6101
5.9983
0
0
0
5.2862
0.5162
0
17.0175
1.0371
6.6428
2.2152
0.4763
29.2977
1.8433
1.2333
0.2505
0
0
2.4893
3.2024
0
0
0
0
0
2.0272
0
0
0
23.9982
4.6564
2.0533
0.1449
0
0
0
0
0
0
0
3.059
16.3094
0
2.6938
1.7936
0
0.1718
2.8004
0.022
0
0.0631
2e-04
0.094
0
0
0
0
3.5772
8.2545
0.03
0.0325
0.3703
1.8831
0
5.5069
4.2498
0
0
0
0
6.6891
0
0
28.9138
12.3643
0.2344
0.0944
0
0
0
0
13.5029
1.0071
0
0.0758
0.2138
10.1796
0.698
1e-04
0.023
5.331
0
3.9497
0.1281
0
0.3246
1.345
0
0
19.4522
2.9303
0.4523
0
0
0
8.3569
9.1845
0
4e-04
2.5163
1.9739
25.2547
3.5859
0.1323
0
0.1084
0
0
0
0
0
0.7609
0.7596
1e-04
1.6751
0.0376
0.321
0
0
0
0.3778
0.2813
0.1861
1.7711
5.7008
0
0
0.205
0
0
0.483
6.6836
0
2.3511
0.636
1.1034
0.5917
0.1981
0
0
0
0
0
0
0
2e-04
1e-04
0
2.8789
0.8471
0
0.3273
1.0422
0.0543
0
0
0
0
9.0705
0.463
1e-04
9.6957
4.3011
0.0037
0.4721
0.3226
0.0524
0
0.2099
1e-04
0
2.1761
0
3.3838
0.4217
1.69
2.3313
4.8998
0.197
0.4564
0
3.6434
2.1825
11.2307
2.1739
0
3.8093
13.1616
1.0972
0.4033
4.7338
0.0714
0.2049
0
0
0
1.9261
0
0
0.0708
1.855
4.9354
1.52
0
0
0.1006
0.0455
3e-04
0.0041
1.5435
2.427
2.223
0
4.8602
0.7985
0.3162
0
0
6.4553
2.9536
21.7199
0.1734
0
0
0
13.6277
0
0.1465
1.2701
1.6901
8.955
0.9964
3.556
11.4328
0
2.735
9.4295
3.3287
0
37.7706
0.2626
0.5005
3.1224
0.8172
1e-04
0.1684
3.1857
0
10.3044
29.6492
0.5782
2.2762
0.6493
0
0
0
0
0
3.5615
3.5923
31.0087
12.3878
0
12.0542
3.2388
4.5677
1.1958
1.0259
0.2397
0
0
1.3009
0
3.196
7.2794
0.0929
0
6.4893
0.2368
0
0
6e-04
0.4678
2.233
0.0171
0.5258
1.2196
0
0
0.4616
3.803
5.2031
5e-04
0
0.0022
0.1971
5.0809
6.5112
0
0.6086
2e-04
9.1458
4.1936
0
1.3096
4.1144
2.0713
0
0
0.7173
16.7204
0
1e-04
0
11.1903
0.6036
0
0.0013
0
0
0.1879
0
0
3e-04
0
4.9473
0.094
0
2.2539
13.6244
21.9592
0.3918
0.5806
0
0.0242
0
0.2282
13.2257
14.3402
8.9676
0.1782
0
0.0391
0
1.708
1.1852
0.1123
0
0.023
8.6337
1.4388
0.031
0
0.0255
0
0
0
1.3175
8.826
0
0
0
0
0
0
0
0
0
0
1e-04
5.4611
0.0584
0
0.9377
0
0
0
0
0
0
0
0
0
0.0309
1.727
0.0444
15.8052
0.6378
0.099
15.1
1.1442
0.6059
0.1981
0.0715
7.2173
3.6508
0
1e-04
0.2103
4e-04
4.3675
1.408
0
1.006
18.9086
0.0548
18.9568
3e-04
0
0
0
0
0
0.7303
0.2452
0
0
0
2.0924
4.7937
0.9724
17.4186
1.0522
0.1104
0.0051
0
14.7477
5.6216
0.0602
0.0459
2.7018
1.2734
5.9215
5.9649
0
0
0
0
2.6473
6.9723
1.6031
2.7038
1.6854
2.4018
1.1936
0.1713
1.0437
0
0.3684
0
0
0.1352
0
0
12.2587
18.2649
0
0.056
1e-04
0.5401
0
0
0
3.2234
0
2.8773
19.2025
2.742
26.9618
10.4356
0.0104
8.2283
0
0
9.6683
30.0196
13.6099
4.5686
0
0.1653
0
0
1.4751
0.2752
6e-04
5.0947
0.2183
0.551
0.2969
0.0392
0
0
1.8488
0.5528
0
0
0
0
0
0
0
7.7672
8.1882
3.4316
0.2365
0
0.1249
0.2642
2.5736
0
4.7519
0.1542
9e-04
0
5.2619
1.78
0.0351
0
0
0.0699
0
0
4.198
3.0859
0.2357
0.1219
0.0017
3e-04
0
0.6304
0
0.153
5e-04
1.6034
1.7627
0
0
0
0
0
0
3.4598
1.5086
0
0
5.7596
0
6.8781
1.9762
0.617
1.8977
0
0
0.0631
0.6059
21.3253
0.0447
0
0
0
2.0519
0.0543
0
0
0
0.0085
0
0
0
0
1.8532
0.0377
0.0377
9.9848
11.1202
11.1343
22.3546
8.6519
1.635
15.7338
0.5454
0
1.3051
3.0986
0.0602
8e-04
1e-04
0
0
0
0.0258
0
0
1.322
1.7132
0.6848
2.2816
6.3011
0
0
0
0
7.1583
1.686
0
0.5613
4.4308
1.3835
0.5969
0
0.3639
6.2975
0
1.6532
1e-04
0.2145
0.092
0.0443
0
0
3.1198
0
4.6993
1.0472
2.1019
0
0.0298
1.0212
1.1491
1e-04
0.5987
0.1905
0
0
0
0
0
0
0
1.0731
2.2704
4e-04
3.272
9.7697
10.5025
3.9903
0
0.2036
0
5.7065
0
0.75
0.4394
5.7267
0
0
8.8652
1.9137
13.9952
8.4004
11.9774
7.8379
0.102
6.9129
0
15.278
0.9732
0
1.7105
4.9618
3.942
36.5244
0.005
0
0.1773
0
0
0.0044
0.0266
0
5.6246
0.0271
5e-04
1.0651
1.2864
3.3577
2.8343
0.0307
8.7057
8.1276
1.1494
0.3482
1e-04
0
1.1197
7.1703
0.1384
0
0
0
0
0
1.9339
1.7426
0
23.9401
29.9231
0
0
0
0
0
0
0
9.446
0.2211
0.3148
0
0
0.4007
1.3191
0
20.191
1.445
0.3777
0.1233
0.0688
0
0
29.5886
1.396
5.8347
29.1346
0
0
6.8811
0.3295
0
0
0
0
0
0
3.2269
0.8166
4e-04
0.3241
0.4844
0.033
1e-04
0.0321
0
0
0.3819
0
0
1.9587
1.1579
3.6631
0.5878
22.6101
3.7625
0
0
0
0
0
0
6.1332
0
0
0
0
5.3369
0
1.5159
3.2272
0
0
0
1.4848
0
18.0465
6.4255
0.3095
0
0
0
0
0.034
1.8208
1.6176
0
1e-04
1.4317
2.4974
16.6401
0.6787
0.1091
0
1e-04
2.8445
0
0
0
1.5063
3.0891
0.0646
9e-04
0.1701
0
0.1774
6.9232
0.7142
0
1e-04
0
0
0
0
0
0
13.3764
3.447
0
10.5179
3.982
0.004
4.917
0
21.2946
6.3895
0.3916
0.9025
0.3661
0
0
0
0.3477
1.7566
0
5.1378
2.0393
0
0
13.3399
11.0659
0
0
3.3759
0.0024
0.1492
0.2474
0.7667
0
0
0
6.6681
0.0303
5e-04
0
7.1123
9.4655
13.5778
0.8586
0.2343
4e-04
0.0217
0.0999
0.3932
0.0036
0.1385
0
0
0
6.5697
8.4611
0.2234
0
3e-04
0
0
0
3e-04
0
0
0.1966
0.0612
0.1303
1.5499
0
0
0
0.6423
0
0
5.9146
3.7864
0.6393
14.3926
7.2718
0.1466
0
0.6558
0.8043
0
0
0
0.0021
0
0
9e-04
0.2754
0.751
0
0.9384
0
0
2.3138
8.1562
4.4482
9.154
1e-04
0
0
11.8272
0.1028
0
0
0
0.0338
0.0415
8.8951
0.18
0.0352
11.8795
9e-04
0
0
4.7374
0.8286
2.8618
1.0446
5.1573
0
0
0
0.1641
0.3029
0.4339
7.8186
1e-04
0.218
0
0
0
0
0
6.2144
16.0445
6.789
10.8184
7.7913
14.4449
7.5736
1.1412
8.0404
3.047
0.223
1.468
0
0
0.0047
25.5869
10.2429
2.8332
0
0
3.7165
4.0883
5.9857
20.8288
5.1176
6.4562
4e-04
0
18.3198
0.6672
1.7549
0
0
0
0
0
0
0
0
1.2337
13.9549
8.7929
17.929
38.9406
2.161
0.2484
0.0272
0.0529
3.8694
2.5867
0.4312
0
0
3.3152
8.5688
6.7273
0.2172
0
0
0
0
4.1592
7.0845
20.6655
9.2313
15.9396
1.0851
0.026
0
0.0018
0.572
0.1589
0.3277
9.0693
3e-04
0
0
0.2178
5.0576
16.8882
0.6696
3.85
0
0
0
6.8601
0.1122
0
0
2.4867
0
0
0
0.0011
0
0
4.7063
0.2708
0
0
2e-04
5.7104
0
0.0262
0
0
2.9423
0
0.3061
12.1552
5.4013
24.4213
0.9274
0.2959
1.852
2.2857
1e-04
0.1269
7.8656
6.6242
0.1628
0.2739
1.4067
1.3897
0
14.4763
8.156
0
0
0
0
9.8893
6.4686
0
0.1243
0.2874
1.2243
0.5132
0
0
0.7348
13.025
0
7.3191
5.8343
5.7826
0.375
1.9927
1.3325
0
0
0.0293
0
0
9.3026
0.2231
0
0
0
1.5082
50.5172
0.4152
2.3541
4.1107
0
0.6962
0.052
0.1391
0.229
3.4955
19.4737
7.3552
0.529
0.1901
2.0043
0.0513
0.3486
0.0241
0
0.0242
0
8.2808
0
0.9424
0
4.4432
4e-04
0.0243
1e-04
6.7457
23.0708
1.53
0
0.6813
0.1447
1e-04
0
0
0
0
0
0
0
0.2916
18.3062
46.2257
0
0
0
0
0
0.0321
0
0
0
0
5.8751
4.7093
0
0.417
0
0.2747
6.6759
0
0.0191
5.1801
13.3407
0.2924
0.2879
4.9381
5.7031
0
0
0
0.0042
9.3135
8.9378
0
0
0.5659
29.7198
17.6295
2.5543
1.3113
5e-04
0
0
2.6547
19.1115
6.869
24.0293
0
0
0.1721
0.1096
0
0.339
0.2896
4e-04
0.2296
0
0
0.0011
0.4343
0
0.3388
0.0048
3e-04
0.117
0
0
0
0.4967
0
0
0.1054
0
0
0.0888
9.634
2.7827
0.0647
0
1.1635
0
0
0.5223
0
0.1524
0
0
6.4923
0.1591
0.0214
0
16.0768
12.0319
3e-04
0
0
0
4.8792
0
0
0.1411
0
0
0
3.5825
20.0438
0.0335
0
0
5.0073
0
2.0498
2.0763
15.6647
2.9378
0.0608
5e-04
0.2427
0.4821
0
0.038
2.3566
4.7753
0.2727
0.001
0.5071
0.8525
0
0.0671
1e-04
0
0
18.7468
3.5845
0.0222
1.0864
3.2385
0.0108
0
0
0
0.1148
0
0
0.1462
5e-04
25.1965
18.3194
9.6369
0.617
1.4876
0.9884
3.8486
15.5175
0
0
0.4416
0
0
0
1.479
2.2674
0
0
0
0
0
9.557
0.3306
0
0
0
0
0
0
0
0.6803
4.7934
3.7382
0
0.1166
0.3446
1.0627
2.5829
9.6731
3.4836
4.9959
0.1609
0.0959
0
9.6164
0
0
0
0
0
2e-04
0
0
0.0247
1.2563
8.5129
0
1.0312
0
0
0.0027
0
1e-04
1.7488
8.2713
0.0319
0
0
0
0
0.9208
4.4198
0.1776
0
0
0
7.3634
1.7043
0
1.6237
0.0072
1.1172
0
5.6285
0
26.3343
0.4594
0.0016
0.4479
0
0
7.9333
4.183
17.213
3.6569
0
1e-04
0
0
0.0014
0
0.0585
19.1739
17.8705
8.8017
5.8744
20.9642
0.4975
0.0072
0
0
0.0336
0.0912
13.7966
0.0016
0
8.0705
45.9442
93.8015
6.8261
1.8395
0.8021
5.8698
0.2301
0.0255
0
7.2538
0.6297
0
0
0
0.0276
0
0
0.0026
3.1955
6.315
41.0532
0
1.1811
0
0
0.2257
0
0
0
0
0
0
0
0
0
0
0.0068
12.514
0.2606
6e-04
0
0
6.6327
3.0361
0.7164
0
0
0
0
0
0.4352
0
4.0565
2e-04
0.0011
0
0.0636
4.1068
0.033
2.4091
1.036
0
0
2.978
32.2496
1.4903
0
0.001
1.3743
0
0
0
0
0.1694
0
0
0
0.1695
0
0
0
0
0.4854
0.032
0
0
0
8.0603
16.9012
0.3589
0.4329
0
1.1704
0.8417
2.1124
0
0.0672
7.7212
28.2618
0.0616
0
0
21.3185
0
0.2216
0.0724
0
4.0472
0
1.011
0.2625
3.8144
0.6287
0.2906
0.3179
8.4226
0
11.0604
24.3683
1.8325
0
13.5702
2.216
3.1182
1.1159
0
0
0
0
8.189
0
0
1.8792
0
1.6976
2.3655
0
0
1.3179
0
6e-04
13.1933
31.5873
1.4237
1.2554
0
1.9409
0.547
0.8117
0
0.4406
0.1193
0
0
0
0.4217
0
0.4084
0
0.3199
0.6404
0.0902
0.5979
4.49
0
8.1633
0.2914
0
5.3509
34.4883
50.5408
0.4115
0.66
0.62
0.6214
0
3.9255
2.3655
0.3026
0
0.0225
9.8204
3.1451
0.0402
0.0767
0.1749
5.0881
1.0218
0
2e-04
16.5051
0
0.8929
3.4495
0
0
4.9974
23.5957
8.6746
0.4356
1.2677
7.314
0.0366
0.0753
0
0
0
3.3852
0.0556
0
0.1123
4.988
30.1588
0.7779
1.2926
4.8727
0
1e-04
0.0666
0
6.9453
24.1978
0
0.0742
2.582
7.9874
0
0.6256
13.7343
0.0449
0
0
0
1.0679
2.1971
12.7789
5.1599
3.8935
0
0.0898
0
0
0
2.4892
3.4782
0.0284
0
0
0
5.4399
1.3563
0
2.0188
14.7055
0
0
25.0922
6.3355
0
0
0.0225
1.1626
13.5722
1.1667
2.6293
12.7088
1.8074
0
6.563
0.6273
5.7405
0.8353
6.1207
2e-04
0.0231
0.0285
0.2821
0
0
0
0.804
0.4209
0.4617
0
0
25.6308
0.0012
0
19.7951
12.7743
0
0
0.9942
0.1801
1.1922
27.1561
0
0
15.4145
5.9631
0
3.5262
0
0
0
0
8.7409
8.9662
2.4189
0
4.1749
23.8019
7.5331
11.7322
0.4674
0.8531
0
0.5149
20.3689
0.7941
6e-04
0
0
14.3453
10.9173
0.0528
0.7284
2.8187
4.7219
0.0216
0.0831
0
0.6536
0
1.0378
2.2376
1.6069
0.7005
0.1868
0
0
0.2778
0
0
0
0
0
6.954
0.0288
0
0.3584
1.2694
0
0.3336
0.0371
0.0661
3.1326
0.1162
0
0
1.1413
0.0239
0
0
0.937
0
0
0.0012
0
0
4.8102
0
0.6599
0.2376
0.1962
0.3376
0.1514
0
0
0
0
0.143
2.5269
0.0169
1.3909
0
8.9171
0
0
53.4471
8.9997
1.4271
0.3855
0
0
0
0
0
0
0
0
0
0
0.087
0
0.056
0.0079
9.2247
0.1085
0
0.9694
0.2057
0
0.0251
0
5.0876
0.1721
0
0
0
0.0675
0
1.4127
14.3848
0
0
0
0
0.899
0
0
6.6637
1.493
0.4892
1.8699
0.35
1e-04
0.0674
0
0
0
0.5835
0.0056
0
0
2.0882
0.0589
0.3527
1.2864
0
0.7594
12.2884
2.9994
29.5991
0.9815
2.041
0.1075
0
0
6e-04
0
0
2.5144
0.4251
0
0
0
0
7.2529
2.844
0.9089
0
0.527
0
0.1304
0.1302
0.0451
18.8425
12.4534
0.0159
3e-04
3e-04
3.5872
4.24
2.0239
1.0816
0
31.1297
0
0.137
0
1.2849
21.6578
0
5.0258
0.6791
5.2497
0
0
0.0011
0
0
0
0.2414
0
0.6961
0.8461
0
1.5759
5.4718
0.007
1.9919
1.2058
3.9392
0
0.0294
0.1407
0.0258
0
0
0
0
0
0
1e-04
0
1.8141
21.7489
0
0.272
0
0
2e-04
0.0962
0.1604
0
0
0
0
0
3.3018
39.2126
5.4676
0
0.3716
0.5959
0
0
13.166
0.7336
0.1332
2.5945
9e-04
0.204
0
0
2.0831
6.1873
0
0.0475
2.1215
0
0
0
0
7.4117
52.6517
0.1434
13.9274
6.6052
0
0
0
0
0
0
1.0621
1.5462
0
0
0
0
0
2.8603
0.207
0
0
7.0636
0.9815
0.3659
0.7084
0
14.6149
0
1.4272
15.7286
0.1011
4e-04
0
3.9219
0
0
5.7272
16.0012
1.5646
0.1411
0
0
1.4778
13.8815
1.9742
1.0902
0.0189
0.0774
0
0
0
6.5091
1.9739
11.0053
7.7954
1.259
0
0
0
5.5619
1.2162
11.1115
0.4871
0
0.3739
0
4.0926
25.8569
0
2.9201
0
0
0
0
0
0
0
0
0
4.505
15.7318
17.9026
1e-04
1.0495
0
5.1954
11.7821
4.3951
0.0125
0
0
0
0.8836
0.2127
0.8487
4.4569
3.2377
0.7431
0.0294
0.0133
0.0085
4.1844
0
34.9228
5.8955
0.0021
0
0
0
0.7777
8.9875
0
0.2351
0.0066
0.0774
0.3141
2.661
0
0
0
0
0
0.023
1e-04
0
11.19
0.0029
0.7296
0
0
0
1.5878
0
0.322
0.5727
0.2672
9.8323
8.6402
7.1212
6.1251
7e-04
1.9627
0.1844
8.888
0.7192
5.1192
0
1.1979
0.0024
1.9151
0.0013
0
0
2.4573
0
2e-04
5.7583
0.3539
0
0
0
0
8.5215
3.187
0.3009
8.7723
0.6424
4.3684
0
0
0
0
0.1618
28.8428
4.2036
0
0
0
0
0
0
0
0.0125
8.9236
4.0703
0.388
1e-04
0
0
0
0
0.6151
2e-04
0
0
0
0.2263
4.6076
0.2982
0.1721
0.7732
0
0.4671
0.8842
7.8267
0.1917
0.0535
0.1907
29.6068
0.073
0.0286
0
0.42
3.1124
2.3786
13.9481
2.183
0
0.107
0
1.7145
5.6591
3e-04
1e-04
0
0
0
0
0
10.7013
1.067
4e-04
0.0516
0.9776
7.3581
0
0
9.3904
0
0
0
0.2073
0.1962
0
0
0
0
0.0213
0.0071
0
0
0
0
0.1263
0.0153
0.3529
3.9408
1.5635
0
0
0.1072
0
0.3348
1.0056
2.439
0
1.9903
3.3101
0
7.2797
5.6225
0
0
0
2e-04
0.8698
11.2003
0
0.1441
0
7.5526
0
0.2991
0
0
0
7.4397
0.0042
0.6682
0.9145
0.9597
0.0819
12.4625
1.0573
0.4698
0.2407
0
0.1689
1.3291
0.2568
0.1672
0
0.9871
0.0012
0.2442
4.8895
0.2594
0.4325
0
0.5796
0.2951
0
0
0
0
0
0
0.1341
0
0
0.4208
0
9.2491
1.4279
0.8283
0
1.3975
0
0.0359
0
0
5e-04
3e-04
0
0.7986
4.3851
0
0
9.6353
1.7959
0.5301
0.6876
4e-04
0
0.0185
0.814
1.1675
0
0
0
0.0829
5.6427
0.0028
1.8837
1.8077
2.3484
0.9037
0.2871
0
0
0
0
0
0
0
0
0
0.5389
0.0074
2.3009
8.6078
3.5838
0.8812
0.0306
0
0
0
0
0
11.9755
0
0
5.6351
1.2413
0
11.5022
3.2983
0
0
0
0
0.0436
0.0218
0.7137
0.6045
3.6893
24.9406
6e-04
0
0
0
1.0048
0
0
1.2601
0
0
0
0
0
0
0.0279
8.552
20.3056
17.4266
0
0
0
0
3.5716
6.1136
4.4969
3.0653
1.5214
3.0907
0.3753
5.9607
0.3024
0
23.5008
7.9691
0.4273
8.6367
0.0019
0.1254
20.5466
2.7697
0.3444
0.6767
7.7625
2.2365
0
0
0
0
8.7531
1.9284
0.2607
0
21.7679
16.4761
1.6124
0.6608
2.8208
26.7544
1.9736
0
0.5371
12.1559
0.012
0.8966
1.8215
18.0101
3.1459
6.1364
0.5307
0
0
1.6715
0
0.0012
6.9048
10.4596
0.9214
0.0185
0.6117
14.7821
23.8753
0
0
0
0
0.1419
0.0917
0
0
0
7.3204
21.7406
1.4681
0.2211
2.6787
0.0671
0.4883
0
2.5779
0
4.1777
1.4172
0.0541
8e-04
2.8361
6.5721
14.6097
11.9636
0.0246
0
4.1558
1.4952
0
4e-04
0
0.107
2.4954
1.9771
12.175
1.3833
0
0
0.1922
0.1041
7.3742
9.4516
0
10.7584
2.4615
1.979
0
0
0
0
16.8754
0.3289
0.0303
0.1617
5e-04
0
0
0
0
0
0
0
0.4926
0.7179
0.0946
0.06
0.0346
0.3995
0
0
0
4.9713
0
0.0829
0
0
15.9455
0
0.0262
0.422
0.1098
0
0.9438
0.7866
0
0
0
5.0806
21.595
0.0469
0
0
6.2387
7.2096
0.5309
0.0021
6e-04
3e-04
0
0
0
0.0358
0
0.8241
7.7119
1.0027
0
0
0.0539
0.0271
0
0.2597
0
0
2.2253
0.1836
11.801
0
0
0.0325
0.2094
0
0
0
0.2535
1.2886
0.0212
0
0
0
0
0.0017
0.0499
0
0.1209
0.7499
0.1819
16.4684
8.1567
8e-04
0
0
0
3.2921
6.8501
0.1341
37.3687
6.6335
0
0
0
19.7455
0.3256
0.0012
0.0444
0
4e-04
0
0.7956
0.1058
0
0.526
0
11.3961
0.0261
0
0
0
2e-04
0
0
3e-04
0.0253
0.2853
0
0
0.1182
0.2706
0.0018
0
0
1.3188
0.1234
6.6287
0
0
0
0
0.0708
2.2068
4.2235
0.4622
0
11.0668
1.3407
0.7443
0.0073
0.0011
0
0.1183
2.2267
0.6522
2.3267
0
0
0.4161
0
0.9888
0
0.8841
0.0871
0.1551
0.1617
0
6.7222
6.4115
9e-04
0.7571
1.0374
0.3042
1.164
0
0
0
0
0.5724
0.4994
0
0
0
0
0
0
3.6735
10.7826
1.4424
0
1.0922
8.7997
0.0283
0
50.9022
0
0
0
2.7619
27.9606
3.9477
4e-04
0
20.4174
2.3639
3.2746
0.0274
0
0
6.898
0.7175
0
0
0
0.0044
1.7308
0.5975
5.3162
0.0678
0
0
0
0
0
1.305
0.1991
0
1.3293
0.3959
26.5733
0.4703
0.3058
0
10.8756
0
5e-04
2.0781
0.0233
0
0
0
10.6989
0.708
2.9605
14.6059
16.0662
0
8.27
6.5095
2.3543
32.7661
1.8434
6.4511
2.3056
0.1578
0
1.0231
8.1034
15.7992
0.8518
0
0.7567
1.4496
0.4067
0.0245
2.8175
0.0426
4.6535
3.8081
16.2639
6.9736
8.6083
5.2685
1.4143
5.0124
1.3383
0.0782
0.481
2.6161
9.7278
31.534
21.8551
5.0071
0.9494
11.6947
0.4844
0
0
0
0
0.2845
4.1016
0.1004
0
0
3.3344
13.5236
5.8644
0.0627
4e-04
0
0.1583
2.3869
0.2208
4.8713
10.6696
1.6906
0.1053
2.0949
2.2749
2.3564
0
0
0
0
0
0
0
8.6769
0
0
0
0.0698
0.0016
1.3282
9e-04
0
23.6685
0
0.222
0
0
0
0
18.0912
8.1847
0.1809
6e-04
9.107
22.9003
40.3704
0.7172
0.6234
0
0.6966
6.1293
0.206
0
14.1206
0.328
8.0219
0.1951
0.181
4.6935
27.342
0.0202
6.6708
2.7276
0
0
1e-04
6.1124
0.1364
4e-04
0
0.0485
3.1873
0.0154
3.4268
0.0127
6e-04
24.9147
17.5239
0.2082
0
0
0
0
0.2173
1.8139
0.0317
0.0416
14.3862
0.0249
0
20.7691
23.5116
5.5063
4.1804
0.7842
0.4222
0
0.047
3.4706
0
0
0
6.6602
1.187
9.8872
0.0583
20.8424
0.1936
0.2539
45.8687
0.3408
2.3608
8.5396
4.3557
5.0416
0.0678
0.4192
0
0
0
0
0
0
0
7e-04
0.7969
0.7625
1.4333
1.326
1.2953
0
1.4736
38.791
21.1589
0.8533
0
0
4.6089
0.5221
5.5198
7.6332
0
0.251
0.2744
2.2953
0.0769
0
0
1e-04
0
0
0.6093
0
4.7429
0.1741
0
0.0299
0
24.1815
6.6406
0.0629
0
0
0.91
0.0069
3.7282
25.5872
6.3922
0
0
0
11.4212
15.117
38.1327
2.6677
0
0
0
3.0463
28.0933
6.8563
0.1524
0.0293
0.1144
0
0
0
1.7218
5.0662
12.9471
0.0784
1.729
0.0111
0.1287
3.9673
21.6652
0.2623
0.8171
0
0
0
9.0459
0.5108
0.1434
3.8706
0.8118
0.052
0.0722
0.0274
0
0
0
0
0
0
0
5.4609
2.7722
0.1355
0
0.6955
6e-04
13.692
0
0.6472
0.425
3.3695
9e-04
3.3825
0
0.4583
8.3548
11.361
2.3032
1e-04
0
0
1.1498
0
0
10.7562
0.2092
0
0
0.0736
0
0.0011
0.0249
0
5e-04
0.8804
0
0.9243
0
0
0
0
1.8999
1.3907
0.4955
13.6995
0
0
0
0.0798
19.1308
0.3259
11.6034
1e-04
1.1877
0.9167
0
0
6.3206
0
0
0
7.1346
1.7875
0.2277
0.4377
5.2847
0
11.854
0.0109
0
0
0.0106
2.3214
3.8757
0
0
0
0
0
5.4758
0.3479
0
0
3.4987
0
0
0
0
0
7e-04
0.0207
0
0
0
7.3838
0.7638
0.0294
0
0
0
0.0194
6.2447
0
0
0
2.5139
9.0687
0
1.4757
0
0.1759
7.9634
5.4797
0
6.2428
1.1365
0.025
6.859
6.2523
0.5849
0.7297
0
0
0
0
0
0
0
0
0
0
0.0078
0.0056
0
0
0
0.0043
0
0
5.9075
0.0838
0
12.3474
0.014
0
0
1.6209
0
0
0
0
0.0093
2.1363
0.003
0
0
0
0
4.8024
0.5858
0
0
0
4.839
0
0
0
0
0
0
2.5025
6.3797
0.3591
1.0027
0
0
3.2549
1.3606
0
0
0
0.755
0
0
0
0
0.4356
0
0
0.5216
7.8764
5.0265
0
0
1.4291
1.5935
0
0.1399
0.6833
9.1038
0
0
0.0146
0
0
0
0.012
22.5865
2e-04
0
0
2.531
18.2927
1.5681
0.6795
0.3259
12.3815
0.1481
0.4916
0.2898
0
0
0
5.5936
0.1066
0
0
0
0
12.6462
0.0769
0
0
0
6.3102
30.6204
0.2766
2.1815
0.1336
0
5.4689
29.516
0
0
0
0
0
1.8064
0.0341
0
0
15.9036
0.0024
0
2.3664
15.3416
0
0
2.5021
21.5923
1.2856
0.0621
0
0
0
11.752
0.6715
0
10.9167
14.4274
0
0
0
0.2726
0
0
4.442
4.3421
1.4872
0
0.2163
3.5262
5.3138
1.4213
1e-04
0
5.6367
0.2039
0
8.8049
6.6888
2.5651
2.0944
10.0497
2.898
0.9685
0
0
0
0
0
0
0
0
5.7573
0.0127
11.6832
1e-04
0
0
0
0
0
0
0
0
0
1.0738
0
0
0
0.0292
0
0
0
0
4.6718
0.1597
5.6442
0.0886
0
2.4469
7.3811
4.0328
6.1835
0.9278
0.0044
0.0052
0
1.0909
0
0
1.8311
4e-04
14.1732
3.9447
0
0
0.7421
0
7.4045
0
0.063
2.8907
0.3233
1.1443
0
0
0
0
0
0.6492
0
0
8e-04
0.218
12.971
0
30.0888
5.0848
0
0
0
0
0
0
0
0
0
0.382
0.905
0.7158
0.3031
5.0694
1.0219
11.6759
0.9055
0
0.0259
0.0044
2.7085
0
1.8004
0
4.1837
0
0
0
0
0
0
0
0
0
0
1.5405
0
0
1.7363
0
0
0
18.5352
11.2425
1.5625
0.0345
0.0599
0
0
0.088
0.3347
0
0
0
0
14.4898
0
1e-04
0
0
2.8976
0
5.6111
0.9421
0.007
0
0
0
0.9161
8.1716
0.9046
0
0
0
0
0
0
0
0
0
0
0
0
0.0026
0.1131
28.0989
37.233
16.1795
0
0
0
10.4945
0.6849
0.0234
10.8869
0.2402
0
0
0.3204
22.6603
7e-04
0
0
14.319
2.404
0
0
0
0
0
0
0
0
0.0341
0
7.3778
0.8169
0.7939
0
0
0.0236
0.0799
0.012
0
0
0
0
1.6655
4.0135
0.0679
0
0
3.3639
7.7373
0
0
8.837
12.4072
0.4269
7e-04
0
0
0.011
4e-04
4e-04
0
6.3204
1.7079
0.2264
12.9252
0
0.6638
5.8723
3e-04
0
0
0
0
0
0.0461
0.0023
0.1028
10.4426
9.0313
7.7076
28.3613
2.7831
20.3247
2.4502
1.3831
6.6252
6.7825
2.8578
1.3657
9.884
56.4662
24.3385
0
0
0
0
0
0.0046
0
0
0.1046
56.1134
0.1311
7.316
0.0501
0
0
0
21.4281
0
0
0
1.7982
4.1928
9.0794
13.395
0
0
0
0.5772
0.7372
0.835
0
8e-04
0.1164
3.6025
0
0
0
0
0
0
0
0
0.7365
0.9644
0.0092
0
0
0.8176
6.4106
0
0
7.6425
0.1213
0.7821
0
0
0
0
4e-04
0
0
0
0.0683
6.7062
1.1405
0
2e-04
3.7078
0
0
0
26.072
28.6754
0
0
0
0
0
0
0
0.7701
0.2386
0
0
1.0829
30.177
9.9882
23.6019
9.7732
0
0
0
0
0
0
0
0
3.7057
1.0326
0.0839
4.0581
0
0.4695
0.9518
1.6902
0
0
0
0
0
0
0
10.5829
15.6881
3.8238
0.2381
0
0
3.0204
2.7949
0
0
0
0.6965
2.7164
0
0
0
0
10.1733
8.3256
0
0
2.3991
4.4575
0
0
0
0
0
0
0
0
0
0
0.719
0.0611
0.007
0.559
0.1299
0
0
0
0.0011
0
0
0.4779
0.0305
0.0496
1.4878
0
0.1705
5.4921
27.5603
44.2134
0.2147
0
0
0
0
0
0.6653
0
0
5e-04
1.2319
0
0
8.4647
4.0881
0
0
0.8564
0.151
11.1436
0
0.2284
0.6937
0.1679
1.0253
1.0716
0
1.4475
0.2795
0.0193
0.0549
0.0549
0
0.8012
1.6078
0.0058
0
0
0
0.0085
8.7672
11.6323
0
1.4087
4.6977
0
0
0
4.7746
0
0
0
0
0
0
0.0017
1.7107
5.9124
0
7.4173
4.2147
0
1.2651
0
0.0011
0
0.0047
0
0
3.8612
0
0
0
0
0
0.981
0.0444
1.098
0
9.9766
0
3e-04
0.0023
0
0
0
2.5361
0.5278
0.6284
1e-04
0
0
0
0
0.7089
4.0393
1.0254
0
0
0.0085
0
34.6865
4.7083
1e-04
0
9.2796
10.7368
0.0266
0
6.1522
0
0
5.705
12.8091
0
0
0
0
0
0
0.0209
0
0.1048
5.8692
0
0
9.901
3.8867
3.6395
0.3335
0
0.5338
1e-04
0
0
0.2111
0
0.7821
1.3142
0.3678
5.4607
1.2568
4.3514
17.4507
0
2.5679
0
0
0.0032
10.5411
0.1503
0
0
0
0
0.0296
3.4286
0.7
0
0
0
0.6558
3.1821
24.1487
0.3858
0
0
27.2321
0
0.2071
2.7841
0.4383
0.5746
0
0
1.442
0
10.448
11.8171
7.1946
0.0292
1.1669
11.0638
23.2847
15.9131
0.574
0
1e-04
2.2432
0
1.78
0.1683
0
0
0
0
0.0498
19.8207
3.5755
0
0
0
0.0152
0
0.4129
0
0
0
5.1722
0
0
0
5.9117
0
0
1.5786
0.367
0.9388
0
1.8933
0
1e-04
3.3191
0
0.002
0.2951
0.475
0
0
0
0
37.6449
6.5531
0.2435
0
0
0
0
0.0047
0.4525
12.01
3.8377
6.5317
0
0
0
0.0207
1e-04
0
0
0
0.4862
0.6054
1.5325
0
0
3.5119
4.4041
0
0
0
28.7321
42.8792
0
0.1567
0
3.2779
3.3239
0
0
0
0
9.427
1.8584
0
0
0
0
0
0
0
12.5034
0
0
9.311
1.552
0.1615
1.844
3.6478
0.008
1e-04
0
0
0
0.7495
4.4913
6.5924
0.5776
0.0208
0.5263
0
6.4037
0.5251
0.0117
0
0
0
0
0
1.7871
0
0
4.1982
2.0396
0
0
1.303
1.2736
4.8758
2.4843
0
0
0
0.8084
0.9212
0
0
0
0.4904
5.7455
0
0
0
0
2.4385
2.4237
15.9748
0
0
0
1e-04
0
0
1.0437
0
0
0
1.4707
14.8016
0
0
1.0644
0.015
0
0
0
0
0
7.1892
0.1412
0
0
0
0
0
1.514
8.8619
0.5948
0
0
5.8073
0
0
0
0
0
18.2406
9.0295
0
3.2467
0.522
0
0.8806
0
0.1792
9.3693
0.0042
0.0035
0
0
0.1006
0.7042
0
2.4625
3.3766
0.0863
0
0
3.7319
1.4241
0
0
0.2642
0.1856
0.0127
8.8744
4.5094
0
4.3997
0
0
0
0
0.5968
0
0.2397
0.0029
0
0.7223
0
0
0
0.1798
0.1399
0.0744
2.5192
0
0
0
0
0.2404
0
0
10.1155
0
1.1654
0.0623
0
0
0
0
0.6277
1.8839
0.4225
0
4.3483
11.5157
0
0
0
0
0
0.0124
0
0
1.218
0.6722
4.2482
10.1304
0
0.0336
0.0095
0.0066
0.1996
0
4.6358
5.1362
0.216
0
0.712
14.9632
1.5824
15.4215
3.1697
0.0157
0
4.3071
0.1704
0
0.0096
0.0447
0
6.3472
8.4216
0.1524
0.1782
0
0
3.676
0.5581
0
0
0
6.4212
2.0829
0
0
0.8635
2.4207
0
0
0
3.1197
0.3517
4.3815
0.1802
0
0
4.6754
5.5773
4.8664
0.0028
0
0
0.2131
0
0
0
0
9.4698
6.5506
1.8721
8.0321
18.1649
55.1273
0.1122
0
0
0
0.0472
0
0.0263
6.7644
4.3485
0.0958
0.1177
6.4162
14.5379
11.8436
10.6133
17.9623
3.7802
2.4441
0.8749
0.0679
0.235
0.2766
0.0114
0
9.6766
1.0592
50.4151
18.0325
4.6527
2.9244
0.2294
0
0
0
0
0
9.346
2.4062
64.4396
0.7236
0.0677
13.5738
3.6264
8.071
0.2029
0.0032
13.551
5.1351
9.432
0.3875
0
0
0
0
0
0.0381
0
0
0.9184
2.6223
0
0
0
21.989
0.7544
0
0
0
0
0
11.0508
1.9524
0
0
0
9.8685
0
1.411
3.4506
3.1145
4.3994
0
0
3.8438
24.4994
0
0
0
0
0.0091
3.4603
0.3543
0
0.1371
1.1149
2.339
13.5362
0
0
0
0.0049
0.0127
8.7026
7.0015
0.0762
0
0
0
0
0
4.7526
0
0
0
0
0
0
0
0
1e-04
2.4566
0.9661
0
1e-04
3.7352
0.5336
0
0
0
0
0.4532
0
0
0
1e-04
0
0.0364
0.5077
0
0
0
0
0
0.861
0.0747
3.8565
0.8396
0
0.032
44.8923
0.4042
0
0.0262
2.4746
0
0
0
0
4.6719
0
8e-04
0
8.2449
1e-04
1.115
0
0
0
0
0
5.4362
0.4903
0
1.9359
0.283
0
0
0
0
9.1371
7.4859
0.0837
0.0083
0.6408
0.3102
0
0
0
0
0
0
0
0
0
1e-04
0.0737
3.3466
0.9264
0
1e-04
0
0
0
3.2983
1.2357
2.3508
8.6545
0
9.2336
28.8678
27.0174
5.0794
0
0
0
0
0
0.028
0
0
0
4.0697
1.2582
26.168
0
1.1892
1.0215
0
3.9095
1.8953
0.3077
0
0
0.4456
0
0
0
0
0
0.3744
0
0
0.0138
0
0
0.5885
0.1422
17.6229
0
0
0
0
0.385
0.162
0
0.2067
0.0107
0
0
0.0989
0.0882
0
0
0
0
0
0
0
29.7874
2.4909
0
0
0
0.8464
7.2879
0.4552
1.5925
3.099
0.1116
0.0199
0
0
0.9379
21.4254
2.4735
2e-04
9.8626
8.2126
2.1275
0.1744
0
0
0
0
0
0
0
19.2324
0.8829
0
0
7.9955
0
0
11.8309
4.9086
2.6191
0.343
0.0011
0
5.8823
22.2243
2.1862
3.3485
0.5206
3.4999
0
0
0.0012
0
0
0
0
0
0
5.2833
9.8436
0
0
0
10.3985
0
9.6636
3.6679
9.3133
8.0911
15.6564
0
0.4435
5.1899
0
0.0241
0
2.3635
7.738
0
1.3175
3.263
3.1472
0
0
0.022
3.0153
0
0.0065
6.218
0
0
0
0
0
0
4.8029
1.6915
0.4911
0
0.2288
0.7944
0
2.4462
34.7306
1.622
1.5583
0
0
0.0021
0
0
0
0.0064
5.5702
0.1668
0.6857
0
0
0
0
0
40.6617
0.5173
0
0.9721
2.9384
0
0
0
1.4092
0
0
0.2595
0.0109
0.3611
0.1728
0.0088
0.0601
0
0
0
0
9.9143
0.0017
0
0
3.632
0
0
0
1.5418
0
0.7424
0
0
0
0.0478
1.2584
1.3419
0.1436
0
0
0
0
0.0261
0
0
0
1.19
1.067
10.2158
3.3343
26.3654
6.5887
8.2911
6.2854
2.0094
0.0092
3.6225
2.386
2.9782
0
0
0.0067
3.1959
0
1.9215
0.0259
0.0048
0
0.3603
0
0
0
0
0
0.0527
0
8e-04
2.3153
32.2207
0.5762
0
0
8.2734
0
0
20.9695
0.0559
0
0
0
0
0
0
0
7.655
0
12.057
5.9023
10.5079
2.9939
3.4151
0.0064
0
0
0
0
0
0
0
0
0
5.4645
0
0
3.053
0.3406
0.0642
1.3295
21.2188
14.0094
0
0
0
0
1.7585
1.4447
0
0
8.9094
0
0
0
1.1981
0.0239
0
0
0
3.6485
0.7706
0
0
0
0
0
0
0
0
0
1.8304
0.1447
0
0
3.1741
3.8163
0
0
0
3.6365
6.0275
0.8065
0.2482
0
0
1.177
3.2565
9.2916
0
0.0104
0.019
0
4.2538
4.3211
2e-04
0
0
0.3008
5.2323
4.9672
0.0389
0
0
0
0
0.6337
0
2.7212
2.7204
0
1.0332
0.1297
0
0
1e-04
9.9136
5.9896
0.709
0
0
0
0
6.9054
3.6335
21.8851
0
0
0
0.4095
4.6676
0
0
14.0155
0
0.4791
7.0747
1.0966
0.8222
0
0.0154
0
0
0.0356
3.6878
0
0
0
0
0
0
23.612
1.4244
1.0911
0
0.0039
6.5299
0
0
0
0
0
0
0
0
0
0
3e-04
0.7964
11.8683
0
0
0.1903
6.784
0.1377
0
0
0
1.5966
6.9389
0.0126
0.0159
1.0094
0
0
0.4882
0.3633
0
0
3.0379
0.3176
3e-04
1.5046
0.3216
0
0.0024
1.4246
0
5.8842
2.411
2.2934
0
17.988
5.3494
0.1076
0
1.1151
5.8536
1.2481
14.7371
6.2873
0
0
0
3.6885
0
0
0
0.2033
1e-04
0
0
0.4865
2.9416
3.3767
0
0
0
0
0
1.0996
1.1999
21.4401
14.163
9.7019
3.3568
7e-04
25.0992
27.0394
2.9203
0.0011
0
0
0
16.583
0
0
0
0
0
0
0.342
15.0024
5.4248
9.7073
0.1057
0
0.2832
1.9549
0.2491
18.8922
2.1593
9.5003
0.0621
0.0185
0
0
0
1.2234
1.9667
0
0.5215
0
0.2439
0
0
0
15.2328
5.5863
0.1785
4.4738
6.9034
2.8079
1.2953
0.3662
0.0092
0.7593
24.8704
0.0401
0
1.6428
2.2097
0
2.9242
34.7084
16.2264
0
4.2705
0.7416
0
0.0518
19.8344
0
0
29.1081
10.7778
4.0706
67.9911
0.4989
0
7.2314
0.576
3e-04
0
0
0
11.6199
1.4774
0.1998
0
0
0.0104
0.2333
0.0064
0
0
0.0321
2.4223
2.3308
6.8823
0.3346
0.0491
0
1e-04
0
0
0.1363
0.2839
0
0
0
0
12.097
0.0771
0.3379
0.1773
18.2105
1.4595
0.1256
0
0
0
0
3.3109
13.1293
0.0556
0
0
0.2439
0.3261
0
21.884
0.5634
7.0109
0.4342
0
0
0
4e-04
1.8843
3.5629
0.2097
0
0
0.817
21.1708
0.016
0
0
0
0
0
0
0
0
0
0
0
0
0
0.4023
1.3366
0.8462
0.2185
3.2743
8.2573
2e-04
3.6445
0.4596
0
0
0.0701
0
0
0
0
0
0
0
5.0545
8.3179
0.2064
0
0.6312
14.4899
0
1.0763
0
0.5779
16.2515
4.9384
0
33.5999
9.2028
1e-04
0
0
0
0
0.6742
3.1399
0
5.0712
0
0
62.8496
3.0228
0
0
0.0373
0
0
0
0
0
0
0
2.2123
0
0
0
0.0292
1.2969
0
0
0
0.0016
0
0
0.1983
0.483
1.1064
0
0
0.1076
0
0
0
0
1.4667
9.9909
2.1223
0.8977
0
0
0
0.0102
0.3873
0
0
0
0.0036
0
0
0
0
1.8673
0
0.3802
4.1204
16.0041
0.01
0
0.8955
0.0034
0
0
0
0
5e-04
1.5463
8.4934
0.3953
0
0
4.2114
0.0551
0.8977
0
6e-04
0
0
6e-04
3.2685
0.7843
2.7636
0.6472
0
0.9691
0.4066
0.0718
0
0
0.822
6.9815
7.5394
0.1328
0.959
24.3687
2.0557
8.579
6.9684
0.5546
9.088
14.0813
0
0
1.4135
24.4999
3.0589
0
0.0017
0
0.2114
1.0401
0
0
0
0
0.0754
0.6785
0
0
0
1.7699
0
0
0
2.2629
0
0
0
0
0
8.3537
5.0085
21.9647
3.9574
0.008
0
1.7457
22.2132
3.2369
0
1.4292
0.0393
0
1e-04
0
0
0.1886
0.0022
12.5234
28.3027
0
0.4983
0.0754
1.3559
0
0
0
0.0745
4.5905
2.3076
0
0.0655
1.7467
0
0
0
0.0359
5.6712
0.5706
0
1.6431
0.0136
0
0.6657
8.0059
0.7154
0.1902
11.7052
4.7733
2.9137
0
0
0.9862
5.6392
0.1111
1.2548
7.3111
0
0
0
3.6707
0
0
0
7.0729
13.12
1.0885
0.004
0
0
1.8308
0
0
8.328
23.1551
16.2904
14.6681
4.4968
0.7662
0.0343
0
4.5157
0
0.0287
2.5106
0.929
0.8077
24.7629
4.3901
0.1575
0
0.1553
19.0294
0.0664
0
0
0
0.3306
0.3493
7.4983
13.832
0
0
0
0
9.8635
0
0
0
0
0
0.0845
0.0056
0
0
9.9575
7.7106
0.1918
0.2236
0.209
0
1.0874
3.1038
0
0
1.0878
6.2818
5.5621
0
0
0
0
0.0845
24.6432
8.4492
0.1614
3.8109
0.032
1.2739
0.0424
0
0.0111
13.1335
10.3884
9.2177
0
0.0158
32.5425
2.255
0
0
7.3956
6.204
0
0
2.5705
0
0
0.1254
0
0.0032
0.0032
0.0234
1.9358
0.2173
12.4352
12.7934
5.3209
2e-04
0
0
0
0
0
0
0
0.1081
0
2.1612
0
0
2.3175
9.0423
10.4561
0
0
0
0
0
7e-04
0
0.8398
12.716
9.6752
14.3224
1.171
0.3617
0.0159
0.1832
0.0637
0.6079
0
0.4616
0
0
0
0.0283
0.6379
0.4917
0
0
0
0
2.0164
6.9977
20.3523
0.4486
0
2.0539
33.2031
11.415
1.8472
0.0351
1.5215
3.1163
0
0
5.836
0.4708
0
0
0
0
10.5816
0.1897
0.0414
1.9051
0.9851
0.1667
0
0
0
7.8286
0
8.3448
0.4856
0
0.0029
0.0411
9.0491
1.5324
1.2079
0
0.0104
0.24
0
0
0
0
0
0
0
0.1904
5.3625
1.4136
0
0
0
2.6891
17.0852
0.032
0
0
0
0
1.9339
2.1972
0
0
24.2927
3.184
0.0614
0
0
0
0
0.1328
2.4162
0.1263
0
0
1.6737
0.9714
0
0.0154
0
1.0166
0.5011
3.3326
1.7962
0
0
16.1943
3.03
0.0017
0.0862
3.99
0.0113
0.0732
0.013
0
2.2695
0
0
1.9695
1.0588
16.5224
11.618
0.2277
0
2.1217
1.9077
15.8587
8e-04
0
0.0104
0
0.3613
0.0503
9e-04
11.7049
0.3436
0
0
5.8127
0
0
0
0
0
0
0.6508
0
0
0.0432
0
0
6.7998
20.0591
0
0
0.2285
14.8572
0.5993
0.0892
0
0.7326
0
0.0453
9.1514
0.2149
0
0.2234
0.769
0
0
0.5625
5.4465
16.9685
9.7833
0
0
0
0.8901
0.3993
0
0.6918
0.1418
0
0
0.0012
5.7699
0
16.9715
0.3348
0
0.142
3.9568
13.576
20.0922
0
0
0.2077
0
7.4266
44.7106
3.5996
9.3819
3.5794
5.3108
5.7054
7.0646
2.6717
1.12
2e-04
0
0
0
10.878
1.3178
0.3552
8.3192
10.3492
0
0
0
4.9838
3.7657
12.5287
3.9141
1.268
0.4101
5.9861
0
3.1441
10.3371
0.047
13.6642
0.2806
0.9852
0
13.4989
52.3721
0.0274
0
12.811
6.0541
1e-04
0
0.3048
8.2221
0
0
8.2867
6.0309
7.7845
24.6791
2.2161
4.1671
0.6763
24.316
0.8598
0
0
0.6193
0.0386
0
0.1524
0
0
0
0
5.2932
21.3062
0.2307
0.0239
1.4304
7.1674
0
0
0
0.2797
0
0
7.7187
3.8122
15.4621
17.9999
7.5728
0
0
1.208
21.041
0
0.3294
0
0
0
0
0.1566
2.8897
2e-04
0
0
0
8e-04
1.1639
8.641
1e-04
0.1676
3e-04
0
0
1.4154
9.4629
0.0041
0.0269
0.1957
0.658
7.3273
26.132
1.3372
0.1018
28.3354
0
0
0
4.7822
2.1131
0
0
0.0274
1e-04
16.3204
1.7783
0.0088
0
0
0
0
0.0973
0
0
0
0.0535
5.2701
6.9084
0
1e-04
0
0
0
0
2.5471
0.0127
4.0783
0
0.377
0.2215
1.072
8.4008
3.0253
8.8766
0
1.1525
1.159
0
0
4.4653
2.4678
0.0104
0
0
0.893
4.5636
0
0.0116
0
6.877
0.0082
0
0
0
2.8633
2.8364
0
0
0
17.9523
3.7692
0.0249
0
17.6841
22.3801
1.1611
1.2796
0
0
1e-04
0
0.0212
0
0
0
8.7083
2.8049
0
0.03
0
0
0
0
0
0
0.1517
0.1493
1.8415
1.5579
0
0
5.7671
0
0
0.1024
4.0533
0.9599
0.0015
0
0
0
0.0218
0
10.7301
0.6757
0.0023
0
0
6.1278
0
0.7365
1.6063
0.0117
0.1471
0
0
0
0
0.0216
0.0017
0
0
0
14.0364
11.9876
1.6797
0.1631
0
3.4245
2.799
0
0
0.0221
0
0
26.5032
15.5319
10.2423
0.667
0
0.3999
0.1581
0
18.1113
0
0.0103
0.0037
0
0
6.2153
1.6872
0.0881
0
0.0017
0
0
0
0.6621
0.0016
0
5.1606
0.4093
5.5706
0.9258
0.2173
1.4635
4.0421
0.0809
0.2854
8.1788
0
0.12
0
0.1015
3.1558
0
0
0
0
0
0.7848
8.9635
3.7985
0.6689
0
0
0
4.0763
4.9363
0.0688
0
0.9316
0
0
0
3.8533
0
0
8.2437
0.5299
0.2438
5e-04
0.0238
15.5184
12.9346
4.8558
0
0.2537
3.0959
0
0.0362
0.8159
2.8874
13.4788
14.7245
4.7012
0.1949
7e-04
0
0
0
0.0099
0
12.7311
7.0238
0.3532
0
0
0.3067
3.4059
0
0.7306
0
5.8675
0.4554
0
0
1.6089
0.1037
1.0656
1.4122
0
9.6196
0
1.6565
2.3038
1.3375
3.3556
0
0
0
0.3407
0.4854
0
0.0134
0
5.5268
1.6887
0
0
14.9599
18.024
0.1481
1.2112
9.8027
29.9595
0.6847
0.882
1.1638
0
0
1.9682
6.2325
0.0021
0.6363
10.8621
0
0
0
0
8e-04
3.3119
0.1438
0.3927
0
0
0
7.9447
0.1711
0
4.9642
0
0
0
0
0.3864
0.5929
0
1.3823
1.1358
13.1835
0
0
3.1825
3.0295
2e-04
0
0
0
0
0
0.047
0
0
0.0089
0.1477
0.0376
9.2675
0.3459
0.0166
0
0
0
0.1575
0.0127
0
0.3627
0
2.1063
20.0937
2.9008
0
0
0
9.2028
2.1986
0
0
0
22.5157
4.2932
1.4835
0.8865
0
0
0
0
0
0
0.3573
0
0
3.9128
7.4098
2.8617
0.0011
0
0
0
0
0
0
1.458
0.1797
0
1.0713
57.946
6.9267
0.1914
0
0
4.4923
0
0
0
0
26.4442
7.1003
0
0.02
0
0
9.4182
0
0.0104
0
0
0
0
0.0062
0.0072
0
0
0
0
0
0
5.9713
1.069
0.2027
1.3423
0
0
4.3656
0.0113
0
0
0
0
0
0
0
6.627
0
2.3183
0.0475
0
0.186
11.1907
6.7688
31.4512
3.9045
4.9084
0.3296
0.114
0.3205
1.2166
3.2287
22.3619
0
0
0.7727
0
0
0
0
0
0
0
0
0
3.2449
0
0
0
12.7754
0
0.2711
0
0
0
3e-04
16.9445
0
0.4754
9.6734
8.1601
0
0
0
9.1383
3.6695
0.0983
0.0306
0
0
0
0
0
0
0
0
5.4139
0
0
0
0.4812
1.3102
0.5044
0.0011
0.8437
0.4348
0.0228
0.4827
2.1698
0.997
0
0
1.5553
0
5.2121
2.165
