1980 1 1
0.014
0.2084
0.9013
1.0804
1.0595
0.3116
0.5895
0
0
0
16.6722
0.1943
0
0.9419
1e-04
0.001
0.0215
0
0
0
0
0
1.6352
1.0952
1.8007
0
0
0
0
0.2025
0.3587
2e-04
0
0
0
0
0.383
0.0183
0
0.1324
0.1089
0.1319
0.1641
0.3552
0
6.0457
3.5002
0
0
0.0445
0.2037
1.0852
13.9034
0.0896
0.0148
1.866
2.575
0.028
1.3892
0.3379
0
0.0429
0
0.0516
6.0925
0.0658
2.6628
20.1055
0.405
0.0157
0.0314
0
1.1809
0.8091
0
0.5581
13.8148
0.9571
0
0.4746
36.8673
0.0897
0
10.7947
0.5152
0
0.3232
4.0113
7.1127
2.312
11.1369
0.5322
0.0737
2.2534
11.2876
0.0122
0
0.6009
7.7949
5.6905
1.3959
0.6745
6.7497
0.5971
21.7376
1.1373
0.7848
0
0
0
0
0.5055
0
0
0.0638
0.4047
0.2904
3.6928
7.7914
0
0
0
0
0
0
0
0
0
0.2733
0.0179
1.3747
4.0835
11.3722
6.7086
1.1122
0
0.5211
20.4865
13.7715
3.5413
0.2591
0
0.2832
1.507
10.2126
1.0357
0
0
0
1.5721
5.7321
7.7175
15.0022
14.4695
3.9569
0.1576
0.2904
6.5733
9.4382
2.716
0.1753
0.209
0
0
0.001
10.5988
8.9327
5.3958
0
0.2091
6.0762
1.2764
0
0
0.3423
7.8045
0
0
0
0.3368
1.8811
0
0.0029
0
3.0961
10.5977
12.1452
0.6278
0.5972
7.0366
6.6239
1.3579
2.4858
7.6182
2.7554
0.0806
0.4358
0.4348
0.1555
0.2305
0.3324
0.6384
5.0113
20.466
2.4566
0
0
0.383
3.5988
8.5375
2.1052
0.3397
1.4452
0.477
8.663
4.5388
0.4267
2.944
0.4584
0.0063
0.5177
0.6924
8.2188
14.1999
4.2352
0.1845
10.4132
3.3653
2.8378
11.8894
3.5707
2.9756
31.9519
11.2588
4.2406
0
0
0
0
0
0.3288
2.1006
6.1526
10.3967
7.4445
2.4334
0.0817
11.3935
0.757
0.0158
0.008
0.1722
2.8004
0.5741
0
1.0285
1.2936
0.525
0.06
0.2718
11.9386
0.113
0
0.5183
0.7887
3.1537
5.5789
0
1.6782
1.6924
0.001
0
0
0
0
8.3887
0.7006
0.1347
0.1797
0.113
0.0585
0
0
0.5116
0.0347
0.0672
0.0722
0.1225
0.4699
1.1158
2.3239
4.1451
0.2847
0.3176
0
0
0
3.1182
6.6595
0.484
0.3752
7.2384
0
0
0
0
0
0.7634
0.2501
0
0
0
1.3753
0
0
0
1e-04
0.7535
3.8243
0.1746
0
3.8328
0.7457
0
0
0
0
0.3523
3.0767
0.1472
0
10.5752
1.4297
1.4312
0.6571
0.0487
5.4356
0.2419
0
0.1238
1.5959
8.4525
7.6354
5.2785
0.2299
0.1095
0.6837
0
0.8218
0.7211
0.3516
0
0.2927
0.1391
3e-04
0
0
0
6.6929
0
0
0.1045
0.0433
9.8929
0.5857
6.8799
1.631
1.8097
1.1546
0.2883
0.836
4.2906
3.4317
0
0
0.1035
0
0
0.051
0
0.0158
0.3819
0.0528
0.0851
0
0
0
0
0
0.5004
0
0.057
0.2558
0
0.0521
0
0
10.7472
1.6055
0.0258
0.1333
0.1384
1.4226
2e-04
0.0108
0.0074
11.3179
12.4892
0.0081
0
0
0
4.3267
0.4906
0.0224
8.5817
3.7015
0.2576
1.118
6.7846
0.2923
2e-04
0
0.0112
1.5473
0.5082
0
0
0.8152
1.1547
0.0212
0.0291
0
0
0
0
0
0
0
0
2.2127
0.075
0.3546
1.3476
1.1273
3e-04
0
0
0
1.2745
4.0784
5.075
0
0.058
5.6935
0
1e-04
0
3.0943
4.5207
1.0038
3e-04
0
0.1764
5.592
2.6445
5.7949
15.4338
5.2314
21.3599
0.2526
0.3111
7.075
3.5072
0.3178
1.038
1.2082
0.9842
6.4484
0.5812
0.0123
0.3461
0.2216
17.1368
12.3638
0.1603
3e-04
0
0
0.1891
2.3702
10.75
0
0
1.0843
17.7124
13.139
0.2349
0
14.7729
9.266
0.2485
0
0
0
0
0
2e-04
0
0.0772
0.0815
1.5077
13.5237
7.1235
0.1236
6.0989
0.0312
0
0.2364
4.8383
5.0067
3.6834
4.0339
0
13.2212
46.9623
11.246
0
10.2337
40.5646
9.5016
0.219
1.103
0.1052
0
0
1.0595
18.3273
29.6585
0
2.7579
28.6933
0
0
0
0.2881
0.1112
0.9806
2.9536
1.3901
0.323
0.2891
1e-04
0
0
1.6683
6.247
0
0.0639
0.6387
0.064
5e-04
0
0
0
7.4001
18.5731
1.8681
0.1675
0
0
0
12.0037
2.2406
8.1467
0.1516
0
0
0
0.7316
7.6479
2.3053
0.5474
1.0798
2.4226
1.0251
0.2521
1.7844
9.8391
0
0.0249
0.3374
1.9556
3e-04
0
0
0
0
0
0
0
0
0
0.0179
1.492
14.5828
23.0756
50.3857
22.3371
11.816
36.4167
16.4934
8.8492
1.0021
0.105
0.2263
4.6923
0
5e-04
0
0
0
18.0194
11.5446
6.8081
35.4556
15.2447
3.107
0.0021
0.9016
2.5105
9e-04
0
0.3379
1.5971
4.2713
0
2.0142
7.474
2.4117
0.05
0
0
0.6004
17.7205
0.0215
0
0
0
0
0
0
0
0
0.0558
0.4196
11.2084
1.1515
3e-04
4.0307
3.1161
4.5166
0
0.0398
11.094
21.5207
1.7482
0
0
0
0
0.0569
0
0
3.2534
1.4902
0.0405
0
5e-04
0
0
0
0
0
0
0.2795
0.2555
0.1895
4.2271
17.5658
1.4966
0
0.7908
4.2708
0
0.8952
1.7046
0
0
0
9.9198
0.519
0
5.7406
0.9629
0
0.5658
3.4453
0.0106
0
0
0
0
0
7e-04
0.2771
7.4639
0.3611
0.001
0.1584
5.8189
7.3222
28.3049
0
0
0
6.9285
6.2492
1.0636
0.8156
1.4246
0.5815
0
1.0833
11.9474
0.4211
0.587
2.7069
0.3783
1.6789
0.3372
0.6887
0.6103
3.7204
0.4112
1.1655
2.3857
0.2563
0.1016
0.1842
0.1201
1.5918
1.4467
13.9476
1.7174
0.8329
0.4237
0
2.7961
0
32.2559
17.6634
3.5073
3.4385
7.2663
2.2052
0.5273
0.6956
0.4807
0
5.1474
0.0035
0.9479
0
0.3191
0.2609
0.2013
0.9147
4.0377
0.6304
3.4721
7e-04
0.0697
0.0094
0.1268
4.2639
0
0
0
0
5.1087
3.3522
2.6885
18.0337
0.5693
0.0466
0.1544
1.2105
1.5764
3.9922
6.2297
0.5871
6.7112
0.1575
6.2478
15.675
0.6268
0
4.3692
6.6849
1.0052
0
0
3.9573
4.0216
1.4702
0
0.0427
0
5.5411
13.8646
0.0445
0.0627
8.6317
3.1448
1.5777
12.548
0.552
0
6.7923
1.6978
0.524
0
0
0.2527
3.7114
4.0178
4.3417
0.7665
0
1.4918
0.1985
0
0
0
0.1862
0.7391
0
0
0.1112
0.0777
0.4973
2e-04
0
0
0.6517
2.1561
5.568
5.0794
0.7533
0
0
0
1.2558
0
0
0
0
2.6178
6.5076
3.495
6.9393
11.2499
12.0099
0.9784
0
11.6885
29.8276
20.583
6.1653
2.5592
0.8418
3.3365
0
0.1063
0.0082
0.4922
0.0948
0.5142
2.561
3.9186
4.5601
0
0
0
0
12.6437
23.2635
1.3553
0.0671
4.9517
1.89
5.6705
5.5859
0.2403
0
6e-04
0.0015
0.7839
20.5193
10.5053
0.4028
0
0
34.9139
0.2043
0.5363
0
1.7355
0.9386
2.2979
2.7752
2.7524
0.1275
0
0
0
0
2.281
4.1651
6.5258
1.0539
0
0.3506
0.0248
0
0
0
0.187
0.2816
0
0
0.0048
0
1.0132
0.5521
1.4131
0.3831
0
0.7369
7.4342
3.1891
0
0
0
0
0
0
0
0
1.8833
0
10.1251
0.9111
0.1234
0.6088
0.4747
1.0925
0
0
0
0
0.0073
0.1089
3.499
4.6614
0.2345
0
0
4.3822
0.7322
0.5065
0
0
0
0
0.5456
2.3932
0.4506
0
1.2899
2.6775
0.1571
0.6046
0.3607
6.1191
4.4553
0.7245
0.6898
1.3822
29.4647
0.504
0
0
0
0
0
0
0.4498
1.2803
3.3885
0.5215
0.4163
0.0078
0.0012
0
0.0387
0.3741
0.2835
0.0858
0
0
0.0816
3.5602
0
0
0
0
0
0
0
0
2.084
0
23.1977
14.9383
24.7677
7.1558
0.7769
0
0
0.58
0
1.5194
1.3091
12.193
5.9154
0.3362
0
0.7152
0.2473
0
0
2.5893
19.3748
13.5262
3.1479
14.1353
4.3132
0
9.0036
0.3445
14.4341
1.1795
0
0.2327
0.2104
1.1802
2.2009
3.9014
0.5007
0.3123
0.4872
0.8546
1.2731
1.5068
0.001
0.0023
1.468
9.1992
14.2546
0
0
8.1482
1.26
0.2105
0.4706
5.3199
2.3383
9.0222
1.9013
12.8375
3.783
0
0
0
0
0
0
0
0.0726
0
0.1125
0
0
2.1012
0.6701
0.1386
0.1519
0.3188
0.7664
0.0167
0
0
0
0
1.5213
6.1433
2.3581
0.0519
0
0
0
0
1.2576
2.2317
0
0.204
7.6936
0.5456
0.4911
0.5487
0.6808
4.1652
0
0.0186
1e-04
0.0839
0.0525
0
0
0
0
0
0
0.0922
0
0
0.0874
0.1861
0
0.242
2e-04
0
0
0
0
0
0.0434
0
5.0517
3.1425
3.221
0.3561
2.0654
3.2133
9e-04
0.0026
0.0471
0
0.1053
0.0252
2.7052
7.2581
2.1245
8.4967
0.0948
0.3201
0
0.822
0.0027
5.1483
2.4819
0
0
0
0.6672
7.9482
5.4982
0.5469
0.874
3.4305
4.9795
6.0197
7.7583
3.2211
1.0429
0.2532
11.8123
13.7277
3.6276
0.1904
2.2396
0.259
0.059
0
0
0
0
0
0
0
0
11.3339
1.8743
15.3021
9.4751
19.7478
7.1546
2.1336
0.933
2.735
1.9606
12.5453
0.0748
0
0
0
0.3913
5.1573
5.7786
0.4849
0
0
5.5788
0.0976
2.1332
10.4968
0.5261
4.7086
2.6283
0.6475
0
1.1624
7.5024
0.3857
1.1281
0.5633
1.4359
3.2045
3.5478
0.9189
15.7266
0
0
0.0013
1.1287
0.1578
0
0
2.7579
1.689
2.0391
0.0214
0.1632
7.1343
0.3083
9e-04
0
0
0
0
0
18.7142
26.1263
5.5638
10.9768
5.25
5.6817
5.2212
9.8464
1.9112
0
0
8e-04
1e-04
0
0
0
0
0
0
1.8263
9.6126
5.6565
9.0433
1.1249
0.479
5.6489
2.4004
1.9117
0
0
0
0.1217
2.7708
5.1214
12.6368
2.2591
0.3984
0
4.2717
1.251
0
0
1.596
2.4639
0.0408
15.1316
0.4383
0
0
0
0
0.4507
0.017
0
1.049
0.167
1.1746
0.1644
0.1778
0.8777
0.3966
1.9692
7.7446
0.9264
6.0785
5.0668
0.0147
0.3015
0
4.0248
4.1031
10.2642
16.9525
0
0
0
0.0334
0.0799
0
0
0.2558
11.1126
1.1414
5e-04
1.0483
8.5284
15.6839
0
0
0.541
0.1877
0.1146
0
0
0
0
0
0
4.58
14.7169
15.5857
0.1027
0
6.1622
1.0698
0.3964
0.0439
3.9522
42.3283
1.2802
0
0
3e-04
3.8852
0.2295
1.5324
3.487
20.5225
3.7191
0.515
0.3357
0.4123
0.229
0
0
0
0.1035
7.9233
8.2727
6.5542
0
0
1e-04
0
0
0
11.7077
28.8564
0.0537
0.0029
0.7953
12.1483
10.0898
0.22
0
8.537
2.5449
0.8492
0
13.3221
0.0669
0.0261
0.3963
4.2719
23.7028
0.0804
0.0108
0.7972
1.569
0.9844
18.8601
0.7665
26.0431
1.1295
2.35
1.0143
0.3285
6.1753
6.6065
0.0272
1.1398
0.6122
0.0659
0
0
0.2582
2.4208
3.5697
11.0766
0.0352
1.1199
0.0512
0
0.8589
9.9967
0.5277
1.0455
0
0
0
0
0.2493
0.0012
0.0014
0
0.4858
1.8303
3.4163
0
0
0.1725
0.9019
8e-04
0.0431
0.1364
0.931
0.0438
0
0
0.1242
0.454
7.1051
0
0
0.1065
0
3.1842
6.5631
0.074
0
0.3236
4.1568
0.1895
1.6666
0.0235
0.059
0
0.6097
1.2685
2.3899
0.6355
6.0921
8.1537
0
0.0191
0.8623
0.2608
1.1667
0.0236
0
0
0
0.272
6.7366
3.0751
2.928
6.5571
0.6745
0
0
0.3292
0.055
7.6607
0.0496
2.2132
4.232
0.5743
0.0515
0.039
0
7.2885
0.9114
0.2047
8.1305
0.0174
0.8443
0.4143
14.8677
17.1834
2.685
0.3159
0.0582
1.8592
1.6871
2.2851
1.3307
0.9934
0.3514
0
0
2.5652
1.8009
4.0439
6.3128
0.5819
0
0
1e-04
0
0
0.7084
8.5897
4.155
2.9766
2.2765
6.1579
3.6638
0.2989
0.1033
6.8048
34.849
7.3252
4.1804
0.0308
0
10.6003
0.0594
0.1207
1.3492
0
3.9338
2.237
2.0032
0.4775
0.6417
2.7469
4.5822
0.0394
1.6663
1.264
9.1425
3.1852
0.2843
0
0
0
3.1182
3.7909
34.6602
7.5774
4.7889
19.4463
0
4.4086
7.567
0.1444
14.7521
2.0528
0.2972
0
0
0.1266
2.8129
0
0.8805
0.3978
0
0
0
0
0
0
6.8494
11.4465
0
0
2.9914
2.0419
2.3112
3.9469
0.1537
3.9459
8.5566
4.813
0
0.0348
0.9613
0.8702
0.0261
0.0816
1.667
0
0.7411
7.1171
24.4907
3.0818
0.3246
0
6.4702
0.62
0.147
0.001
0.0012
0
1e-04
0
0.9925
1.1314
0
0.0551
0.1523
1.8678
0
3.6546
2.0782
8.2756
9.4014
0.3252
0.2977
9e-04
0.1076
3.1794
8.3939
9.0308
1.2433
0.0929
0.3391
19.6164
7.153
10.0973
1.3166
0.7997
0.0233
2e-04
0
0
0.4545
0.0905
2.8877
2.7194
0.0012
0
7.0752
2.0449
0
0
0
0.0106
0.6252
0.3809
20.7816
1.9742
1.9527
0.8189
12.7012
0.5149
0.3119
0
2.0447
0.1375
3.5046
6.7613
1.6759
0.6443
1.4681
4.4381
1.401
0
0.3696
0.2712
0
0
0
0.1564
4.9341
1.7037
4.8206
5.6631
0.1418
1.6856
0
0.2041
1.2186
0.0579
0
0
1.1772
0
7.7595
3.131
0.1766
0.3603
0
0
0.0083
1.7314
0.796
3.0569
0.1201
0.2611
0.8295
0.5904
6.5112
1.1196
0.1228
0.2594
1.121
0.1894
0.014
3.1844
3.3464
0
0.8579
9.5069
3.6961
0
18.0721
1.5339
0.1172
0
0
8.8653
4.2462
10.4015
0.6022
0
0
4.5041
0.0127
0
0.0642
0.2224
0
0
0
0
0
0
0
0.1817
12.4968
0
0.1669
2.5189
0
4.8992
0.3024
0.1027
6.1346
0.4314
0
0.2657
2.5127
0.0027
1.783
4.3627
8.2584
0
0
0
0.1614
2.3706
0
5.9909
2.8605
0.1511
0.9232
0.5369
2.183
2.5397
3.9715
6.4412
8.9855
2.743
19.2767
0.0871
0
0
0
0.232
0.4431
0.0867
0
2.9755
1.5815
9e-04
0
0.9623
0.4066
0
6.8291
2.0423
0.1755
0.1199
0.443
1.4854
1.2081
0.4062
3.0285
0.2964
0.2843
0.1348
0.0961
0
1.2158
0.4039
0.8029
0.1302
0
1.6611
0.8136
0
0
0.2939
2.8061
11.4213
9.5012
4.9279
1.4629
0.2938
0
0
0
0
0
0.0185
5.9969
10.8009
1.2701
0.0838
3.541
2.103
0
0.5609
0.3104
0
16.9332
2.9728
0.0426
0.1962
0.8239
0
0
5.903
3.7397
0.248
0.1143
0
0.0594
0
0
0.3316
0.1751
0
1.2322
4.4679
2.9735
0.0355
0.166
2.8212
10.8755
13.955
14.6904
17.4281
1.2442
1.0377
7.341
0.8687
6.5595
9.4015
1.0203
1.8768
1.3675
0
0.4067
0
0
0.0085
0.2577
0.1471
3e-04
6e-04
0
0
0
0
0
0.7167
0.0724
0
0
0
0
0
5.452
6.9714
0.1406
2e-04
0.1482
0.9095
0.3521
0
0
0
0
0
1.1244
2.8011
12.3009
6.4646
12.738
2.8431
2.6693
3.9142
6.5031
1e-04
9e-04
0
0.4195
1.6029
5.6405
20.8946
0.0839
0
0.1578
0.2021
7.2058
4.6236
2.6553
4.8742
0
0
2.6751
15.7785
2.6286
8.0325
9.1852
1.8958
0.6764
4.0157
7.1861
6.1625
1.4155
4e-04
1e-04
0
2.334
1.3554
0.1856
0
0
0
0
0
0.4917
7.8645
10.372
2.1172
0.2961
7.8461
2.6402
0.0206
0.4642
0.5217
28.7922
0.0064
0
0.4319
8.1531
8.0748
0.4628
0.2573
0
0
0.8668
0.9157
2.7207
0
0
0.5237
8.6445
0.0386
0
0
0.2285
11.2568
0.8477
0
0.0258
0.0895
3.5996
3.8363
6.7065
3.111
0.0582
0.1432
0.0691
0
4.3784
7.1348
19.7357
3.2664
0.2423
6.1434
0.8844
0.3495
0
0
3.4952
17.9051
15.1405
7.0591
0.3609
0
0.6054
24.3187
1.6168
0
0
0
1.4755
1.134
1.8051
0
3.943
14.9393
1.5602
0.133
0
0
0
0
0
0
0
0
0
0
0
6.1374
4.2556
0.5619
1.087
0.797
0.0579
0.6556
1.6531
2.7937
1e-04
9e-04
0.3839
1.1083
0.9452
0
0.0276
0.376
2.692
4.1584
4.8018
4.8339
7.6895
14.6185
9e-04
1.5993
2.8394
19.7692
6.068
0.6076
0
0.245
6.4056
0.6049
1.6006
0
0
0.0377
1.1014
1.3431
0.4173
7.6077
19.8443
8.8867
5.451
0.1009
6.6312
0.2671
7.4246
12.7094
4.0775
3.9077
7.3297
7.1333
2.9222
14.9753
1.6432
1.2115
2.596
4.4081
0
5.0401
0.0303
0
2.9587
24.5796
5.1387
6.7037
0.2538
0.2945
4.1375
0.6818
0
0
2.9673
1.1516
0
0
0
12.5913
20.0985
1.2868
3.4925
0.1173
0.053
0.3309
1.1972
0
0
0.568
0.291
1.4072
0.8251
1.334
0.3976
0.3662
3.7248
0.1824
0.068
6e-04
6e-04
0
1e-04
2.0762
0.012
1.1753
1e-04
0
0
0
0.0287
0.2781
0.1429
1.8014
1.1104
0.0149
0
2.207
0.4292
8.4725
3.0277
0.0336
0
0
0
2.5752
0.533
2.1049
0.4118
2.6104
0
0.9335
0.7553
0.637
2.1956
17.7199
4.0151
0.9312
13.9146
0.196
0
0
0
0.0774
0
3.0777
0.5453
1.3398
5.4126
0.1718
3.1187
0.208
9.9674
0
1e-04
0.96
0.4486
5.0541
1.3794
0
3e-04
0.7603
1.817
0.6957
0.0853
4.4252
0.1962
0
5.3256
3.4345
6.0481
3.5819
10.6332
0.7111
0.1347
0
2.841
0.6068
15.6124
0.0082
0.0432
0
0.0012
0
0.2396
2.1363
2.1952
0
0
0
1.2811
1.0857
0.9894
0
9.8809
3.6671
2.0278
0
0.1928
0.0568
0.9481
1.8476
0.7517
7.0585
0.5601
10.1074
1.746
1.3422
0.2485
1.1781
22.9669
8.0378
0.805
0
0
0
0.99
0.6659
2.7478
0.3757
3.5421
1.2085
0
0
0.2204
0
1.3094
9.8478
0
0
0
0
0.066
0.366
3.6342
3.3169
25.2605
6.2208
16.5129
5.9974
0.8061
2.1344
1.4711
0.7989
0.7511
0.1612
2.2816
12.3431
0.1812
2.4548
9.2589
1.1541
0.1206
0.1104
0.0295
0.3452
18.762
8.0873
6.4121
6.3421
1.6436
3.3129
5.1404
1.3136
2.4994
0.1433
9.2709
8.7443
3.4414
0.6381
5.9712
2.7692
0.3255
0.6863
0.5904
0
0
1.3834
5.9219
8.0321
3e-04
8.9909
1.0365
10.1227
0.233
9e-04
0.1851
0
0
1.2964
32.1058
2.9572
23.4714
9.8753
4.21
0.2427
0.2532
17.9727
0.5097
0
0.0016
0.0066
0.002
0
0
0.3506
2.8837
7.82
0.0805
1.1187
0.0344
0
1.6423
6.2182
0
0
0
1.9343
1.833
12.3604
2.1208
1.0554
22.7805
1.4884
0
0
1.6605
1.0528
5.4339
0.0012
1e-04
0
0.0021
0.0045
0
3.3991
0.1942
0.0935
22.2734
10.0788
3e-04
0
0
0
0
0
0
6.4237
0.167
0
0.4807
0
0
4.091
17.1384
13.5608
0
0
0.2336
0
0.2156
18.2515
0.0341
0.0598
0.0147
4.2627
4.2534
2.3773
17.2071
6.5866
22.0621
1.6443
3.8523
11.7625
15.8546
0.3875
25.8402
5.7062
0.3847
0.257
0.0231
0
1.0322
0
0.0224
0.8188
9.5944
11.7037
0
0
0.0778
0
0
0.0014
3e-04
0
4e-04
0.0513
6.5469
6.0351
2.5473
0.0803
0
0.0192
0
0.3087
1.2805
0.0719
1.062
0.2929
0.0701
0.0179
2.4566
3.1566
0.0437
3.1153
0.2034
0.3997
0
0.0611
0
4.2384
10.1853
6.2557
6.2551
2.0783
0.0559
0.2419
0.4507
0.553
25.805
0.1173
0.4809
0
0
1.287
18.6243
2.8024
0
1e-04
0.1576
7.3813
5.7509
6.7228
0.1057
0
0
0
0
0.2885
1.1323
0.5133
3.3845
1.0594
0
0
0
0
6.2048
5.8922
0
0
0.3644
0
0
0.165
0.1864
1.0232
0.1464
0
0
0
0
0.2451
0.39
7.761
0.6375
9e-04
0.2452
0.0807
0.9174
0
0
5.8593
11.3912
0.2469
0
0.6713
0.1601
0
0
2.2789
0
0.8971
4.2554
8.661
0.3101
6e-04
3e-04
0
0
0
0
0
0.2439
0.0471
0
0
0.7186
0.1761
0.8031
0
0.0365
0
0
0
0
0
0
0
0
0
0
1.0575
4.2195
6.8887
0.1868
0.6622
0
2.564
0
0
0
0
0
0
0
0
6.6846
0.2472
0.1593
0
0
0
0
0
0.3729
0
0.0224
1.7242
0.5236
0.1581
0
0.5929
29.1544
6.0535
0.1772
4.0585
0.0979
9.0631
15.3293
0.7793
0.633
0
0
0
0.8373
7.0589
0
0.2448
2.0401
0.8957
1e-04
9e-04
0.2204
0
0
0.5601
3.2316
0.3839
0.0113
1.3787
1.3924
0.8036
0
0
0.6725
17.5813
6.5166
0.1596
8e-04
0
0
0
0
0
0
1.0219
0.7113
0.9598
3.2803
0.1316
0
18.4721
4.4022
1.7789
0.6689
1.4104
0
0
0.8032
6.0938
2.089
0
0
16.4243
9.8021
16.0318
8.4163
21.5639
0
0
1.2093
2.6772
0.5247
10.4436
7e-04
0.0394
15.195
0.3252
0
0
0
0
0
3.3123
22.802
4.896
7.5486
1.2513
0.0014
2.3082
7.0838
0.0502
0.0469
8.0168
25.2714
8.2771
8.3882
2.6499
8.3343
3.0773
4.5864
2.5089
2.9879
0.0575
0.0083
0.2708
0.0041
5.2021
13.5748
7e-04
0.0864
0.1007
0
0
0
0
0.4231
0
9.4322
0.6309
0.0014
0
0
0
0.0225
0.3157
0.9068
2.5688
8.0535
0.0167
0.372
0
1.4875
3.5185
8.879
0.6141
0
0
0
0
0
0.181
0.7335
3e-04
4e-04
0
6.6937
9.6376
1.206
3e-04
3.3282
27.3436
27.4984
12.5427
0.2562
0.7423
5.3903
0.0011
0.0435
0
0
0
0
0
0
0
0
7.5883
4.5779
1.1212
1.2719
10.1467
1.1214
4.7375
8.1219
0.3779
2.4176
0.9118
2.9947
0.0808
0
8e-04
0
0.1864
0
1.9357
1.5323
0.6208
0.1601
0.6011
8e-04
0
2.5963
3.0979
1.0845
1.0462
0.7019
3.4559
0
0
0
0
0.3545
3.7214
9e-04
0.0348
0.5181
0.5481
0.1337
5.5203
2.1261
0.72
0
12.0871
0.117
0.4068
0
0
0.6261
0
0
0
0
0
0.0201
3.5384
7.1099
0.0015
0
0
0
0
0.073
0.5237
0.9387
0.2538
0.001
0.4842
0
0
1.267
0.5776
21.9275
0.9818
3.7822
1.0588
5.1939
1.4922
4.5792
6.8503
5.1684
3.561
9e-04
0
1.067
0.8548
2.1241
0
3.8927
5.8411
0.0736
1.3112
18.3655
0.7667
0.1471
1.5864
0.9298
7.8452
1.7595
0.0907
0.0544
0.2997
2.801
1.3256
1.1363
7.8644
1.2811
9e-04
0.1032
0.0067
0
0
0.0557
0
0
0.057
0.0175
0
0
0
0
0.1034
0
1.0835
0
3.8884
4.4471
2.0081
4.9773
0.8695
0
1.0584
0.2251
1.5547
4.3582
0
0.0507
0.329
1.739
2.4857
5.381
6.0522
1.1685
11.5561
0
0
0.012
0.1253
0.379
0.3113
5.666
7.3639
8e-04
0
0.9426
0
0
0
8.5559
3.3903
1.2925
0
2.9811
0.0396
4e-04
0.2464
0
0
0
0
1.0977
3.6602
1.8518
0
0
0
0.2998
0.7351
0.018
0
4.9699
1.2586
1.1013
0.3396
1e-04
5e-04
0.9137
0.0519
4.6792
2e-04
0.611
0
15.906
6.2953
1.1554
0.4521
0
0.1951
0.8772
0.6697
0.3417
2.5169
12.1412
3.2419
0
7.7556
5.3416
0.2475
0
0
0
0
0
0.001
0.5185
0
0
0.3588
0.6255
1.7378
1.933
0.0594
1.048
6e-04
0
0
1.0332
3.072
0.5627
0.1677
0
0
0
0.0917
0.276
0.0238
0.167
0.1258
5.8473
0.7523
0.2613
0
0.0481
0.3844
0.4858
5.9083
0
0.2
0.5124
0.5638
0
0
0.6425
0.4719
0
1.0783
0
0
0
0
0
0.8234
5.425
0.2469
0
0
0
0
0.0414
1.0008
0
0
0
0
0
0
1.0266
0.1711
0
0
0
0
0.5434
2.2182
0
1e-04
0
0
0.0457
0.0468
0
0
0
0
0
0
0
0
0
0.9519
4.9803
5.0349
0
0
0
0
0.2934
7.8225
2.5632
5.2192
3.9985
10.2106
0.0798
2.9903
0.0015
12.3102
11.0237
0
0
0
8.9721
5.2537
0.0661
0
0.8043
3.8097
5.1413
5.3951
0
0
0.1566
2.1109
1.8414
0.7204
0.1978
2.0135
6.5768
9e-04
1.1127
10.39
14.2609
0.2722
0
2.3511
12.4245
0.5366
0
6.4051
0.7731
24.0952
1.305
0
0
0.5368
1.4805
17.0931
6.1396
1.1904
0.2995
0
0
0
0.2465
7.4917
2.6927
5.6363
0
0
0.1828
0.8246
0.217
4.1671
2.9222
0.2332
0.0835
0.1948
0
0
0
0
0
0
0
1.3056
4.2615
0.3696
0
0
0
0
0
0.5006
0.4765
0.9781
0.04
0
0
0
5.4197
4.1459
33.1466
0.395
0
4.8859
2.9389
3.5112
0.8984
0.0196
0.5532
0.1214
1.5487
0
0.5529
0
2e-04
0.0027
0.0682
16.9613
19.8279
7.442
1.7416
4.089
0.5077
20.4378
2.0689
0.0204
7.7294
0
1.7012
1.8313
0.0392
0.0012
2.0467
23.6833
0.6692
0
0
0
0
0.1824
3.0287
0.2954
0.2586
0
0.937
0.5442
0
0
0
0
0
0
0.4088
1.3145
0.4558
0.0151
2.016
0.3132
0.2265
0.0406
0.144
0.0801
0.9861
0.0027
0.0012
0.1618
9.3472
1.1427
2e-04
0.2562
12.7182
20.6615
0.0057
0
0
0
0
2.0194
0.7575
0.0497
14.67
0.0337
4.7334
0
0.1947
0.043
3.0408
2.1916
1.2616
1.1629
0
0
0
0
0.1463
0
0
0
0.3319
0.917
14.8783
0.1476
0
2.1838
1.6791
0
0
0.4431
3.341
0
2.6295
1.2135
1e-04
0
1e-04
0
0
0
1.2571
1.3236
1.276
0.1285
0
1e-04
0
1.3264
10.1703
0
0.4622
0
0.1569
1.69
0.0977
0
0
0.318
0
1.5467
3.8057
0.7749
0.6048
0
0
0
0
0
0
0.0056
0.2505
0
0.3324
11.1352
6.6496
1.9864
1.3499
0
0
0
0
0
2.688
12.0206
2.662
11.2717
1.8149
1.2834
2.418
14.5379
16.4247
3.3717
1.249
1.8804
2.4017
0.8761
0.185
2e-04
1.339
3.5284
2.0268
3.5631
1.0036
2.454
5.6762
1.3666
0
0.0513
0
0
0
8.5973
1.5967
0.7996
1.9952
1.7329
0.239
0.9454
0.781
0.2664
0.3081
11.7821
4.6957
4.359
1.2146
4.3757
1.7997
1.2719
3.1609
6.722
0.2366
0.6278
0.0086
0
0
3.7228
5.1286
2.3783
1.1613
22.6295
1.905
12.8282
27.2832
0.0084
0
0
0.0468
27.1897
6.2035
15.02
6.8412
7.5641
2.0899
0.0237
0
0
1.5536
0.2836
0.2899
13.4474
7.7623
6.607
4.228
2.3308
1.372
1.479
4.8952
1.4591
1.667
1.0539
0.0836
0.247
0
4.3913
4.3507
4.1174
0
0
1.1381
0.0925
4.0045
1.3942
0.6705
0.2301
0
0.7705
0.1913
1.1745
1.3425
0.7915
0.3375
0
0
0
0
0
13.1005
13.1629
1.0569
2.2711
0.5539
6e-04
1.9335
10.5861
6.2335
5.6829
0.266
9.1732
0.9759
0
0
0
6.0706
2.4801
0
0
0
0
0
0
0
0
0
2.5075
0.7611
0
0
0.2423
11.9513
1.8588
1.6615
0.2556
0.0772
1e-04
0
0
6.2817
2.4514
0.7646
0
18.0526
0.0359
0
0
0
0.7064
4.4086
2.5043
5.8427
14.7155
0.1499
0
8.811
10.031
3.7947
15.1773
2.8001
0
0
0
0.226
0.4375
0.1717
0
0
0
0
0
0
0
0
0.3445
0
0
0
0
0
0
0
6.5524
0.1236
0
0
0
0
3.1462
10.1278
0.5548
28.0211
2.7098
4.6005
0.853
0
0
0
0
0
0
0
3.4025
2.6952
0.2224
0.097
0.2471
0
0.5069
4.0106
8.9102
2.596
1.397
0.1918
0
0
0.1705
7.301
16.9541
13.2034
0.5424
0
0
0.3308
0.0438
0.0873
0
0
0
1.3791
0.8075
3.4878
0.001
0
0
0.1851
0.3651
0
0
0.5768
0.0525
0
0
0
2.9057
0
0
1.9248
2.8856
0.3705
0
0.2021
1.7924
0.8108
0.6142
0
0
0
0.881
2.9391
0.1259
1.6455
2.604
5.5075
8.4691
0.3004
0
0.442
7.352
0
0
0
2.0385
1.6521
2.6849
0.127
0.1136
0.0054
0
0.2888
0.1657
6.3973
4.2961
0.0614
9.4634
1.1452
0
0.0229
0.3196
2.3806
0.0779
0
0.0169
5.28
0.6078
0
4.5431
16.1834
2.6404
9.7429
0
0
0.6965
0.0156
1.6626
0.0023
0
0
1.3043
10.3925
29.4081
5.2859
3e-04
0
0
0
0
32.2669
4.3912
1.5064
0.1763
0
0
0
0
0
0
0.0452
0
0.9749
0.7925
0.4581
9.7554
0.9858
1.4636
0
0
0
0.2172
7.8043
0.6439
0.1138
4.2156
0.1551
0.1027
1.1856
0.9052
0
0
0
0
1.0702
2.1066
6.7158
3.1273
7.3588
2.2136
1.1049
0.6171
0.2167
0.3671
0.8185
0.3705
0
29.2094
2.7719
0.7984
0
4.8112
0.042
0
0.5485
0
0
9.2504
9.7777
0
0
0
0
0
0
0
0.2121
0.0403
0
0.68
8.8614
28.4061
5.2571
0.126
0
0
0.0567
2.5545
4.6103
6.8771
15.4017
4.6926
4.5239
18.3546
4.1735
0.1577
0.0214
2.0567
0.5856
0
0
0.896
3.8451
17.9441
0.0551
0.379
0.9386
0
0
6.5477
2.9582
11.1203
6.0295
0.0768
0.2626
2.2366
26.1335
6.0773
0
0
0.0018
0
3.1586
0.4173
0
0
0
0
0.1156
1.3223
4.5911
3.3741
1.4872
0.5087
7e-04
3.5255
5.7949
8.108
1e-04
5e-04
0
0
0
0
0
0
0.0123
6.775
2.9671
27.4092
26.208
4.6692
16.6281
0.9014
3e-04
0.024
0
0.0108
3.291
9.8645
22.8363
3.1176
0
0
0
0
0
0
3.3479
2.1852
0
0
0
12.5785
11.6509
1.3664
1.1218
0
0
0
1.6092
3.104
39.8235
0.1044
0
0
0.0516
3.0082
11.7094
4.502
4.3872
1.1662
0.6155
0
0
0
0
0.0161
0.5323
0
0
0
0
0
0
0
2.2232
12.3641
2.2081
36.1801
0.1351
0.2392
0.1328
0.0193
12.3686
3.1895
6.2935
0
0.0202
6.8454
2.366
3.4332
3.0179
0.097
0.5596
0
0
0
0
2.2215
2.6104
0.0102
0
0.1951
21.6441
0.2426
0
1.5123
2.1243
21.1816
18.1318
3.6252
2.6795
0.3194
0.0065
0.0617
0
0.4828
16.4141
0.0621
0
0.2348
11.7347
0.2396
0
0
0
0
2e-04
0
0
0
0
0
0.0305
0.8756
14.5877
1.1036
0
0.7071
2.764
4.1917
0
0.4698
0
0
0.0016
0.0822
0.5497
0
0
0
0.7845
12.9278
1.362
0.104
0
0
5.0908
5.1759
0.1243
0
0.0088
0.0932
35.5369
2.6536
0.147
0
0
0.1232
0.1456
0
0
0
2e-04
0
17.072
0.6669
1.926
16.7804
0.8351
0
22.49
3.9321
17.0286
1.9948
0
0.8275
0.6802
4.9101
23.7608
37.4657
0.4621
0
0
0
0.7272
1.8
0.2853
0
0.0433
0.0526
0.4007
11.7522
0.8088
0
6e-04
0
10.0545
0.6798
0.0419
0.2307
3.5179
5.2446
0
0.2524
0
0
0.8795
0.4292
1.1934
0.1318
8.0023
0
0
0
0
0
0.7949
1.606
1.2467
0
0
0
0
1.8238
4.2432
10.0107
1.7928
4.5554
0.5543
2.3508
1.7175
1.5129
0
0
0
0
0
0.001
4.1555
0.514
0.5722
3.7487
0.3177
1.941
6.0808
4.1808
0.0806
0
0.4189
0.2674
0
0
0
0
0
0
0.4953
9.2881
1.1683
0
0.0582
5.615
6.9589
0.3726
0.8889
3.5173
1.672
1.1876
1e-04
0.246
0
0.1307
0
0.2925
0.9316
4.4037
0
0
3.7697
5.8724
0.7358
0.7165
0.0861
10.3324
5.0122
3.7991
0.0552
8.5225
1e-04
19.9477
12.1858
1.1102
1.0641
0.1622
7.2884
0.254
0.001
0.0036
0.8452
0.4517
0.0048
1.7732
0.1027
0
0
11.836
3.8
0
0
1.7794
0
0
0.1431
1.5821
2.7597
0.0452
0.8738
7.4869
0.8836
0
0
0
0
6.2251
3.7987
2.0263
22.02
2.0208
0.0679
0.1086
6.9995
18.8953
3.5401
3.6581
0.0666
2.8618
0
0
0
0
0.0968
0.7422
5.0077
2.2588
0
0
1.2957
6.2082
0.4204
0.1484
0
0
0
0.2725
0.2428
0
0
0
0
0
0
4.242
3.5823
5.0128
1.4491
5.5222
1.0231
0.094
0.3691
1.4024
0
0
0
7.0607
3.2114
1e-04
0
0
0
0
0
0
2.5295
6.4699
1.2899
0.0979
0
0
0
0
4.1481
1.5223
0
0
0.3024
9.8432
1.0103
0
0
0
11.5497
4.8999
0.2567
0
0.4789
0.6253
0.3952
0.0672
5.9341
7.3923
19.445
19.5335
8.1636
0.1152
0
6e-04
0.1867
0.0522
0
0
0.1456
0.0042
2.1048
0.5585
0.112
0.127
14.0908
19.9542
0
0
0
1.5507
5.4087
1.2476
0
0.0012
0
0
0
0.0929
1.0565
3e-04
0.1725
0.0814
0
0.5519
6.8721
2e-04
0.0957
0.8846
0.5586
0
0
0
0
0.0016
0.5108
15.1804
1.3839
0.4017
0.6183
0
0
5.5697
2.9286
1.1557
3.1243
0.8984
1.2052
0
0
0
4.336
0
0
0
2.7032
21.5805
14.2183
17.4019
5.5038
0.3383
0
4.4428
1.697
3.1209
0.265
0
0
0.1422
1.2216
1.0063
0.008
0
0
2.1466
0.7953
0.4873
0.0698
2.8722
2.0145
0
8.2121
5.7107
11.6871
3.8873
2.9076
0.0982
0.6293
0.1066
1.5861
0.7786
1.7908
1.2971
1.155
2.3156
3.3242
11.1267
1.0174
0
0
0
0.0038
0.0356
0
3.475
1.5564
0.908
0.002
0.1489
0.3005
0.4157
1.0419
0
0.3424
4.7468
0
2.622
6e-04
0
0
0.0018
0.678
4.2996
0.9071
0
0
0.386
5.1252
0.0879
0
2e-04
0
0.1077
1.0355
0.1696
0.8024
0
4.4803
28.1274
1.1811
0.7596
0.3128
0
0.0849
1.1503
0
0
3.2081
2.3307
1.658
0.2158
0
0
0
0.0098
0.3269
0.631
0.208
0
0
0
0.3697
0.8679
2.2156
0
0
0
0
2.7327
0.1257
14.8709
0.7118
0
7.4624
7.9364
0.4661
7e-04
0.3063
0.1147
0.0525
0.339
0
0
2.4843
0.5118
0
0
0
0
0.697
9.9523
3.8798
0.7568
0.2723
13.0958
2.0636
1e-04
0
0.0525
0.1596
0.3775
8.3906
5.1205
6.5207
0.0709
1.1946
6.9762
1e-04
0
2.9295
2.0234
2.0028
0
0.3158
5.7027
0.8618
5.4105
0.0971
0
0.6774
0
0
0.0226
0.0093
1.1871
0.6279
1.3824
1.3028
0
0
0.1721
8.9301
24.0512
12.2786
0.6591
6.4525
11.0318
3.9848
1.6852
4.4372
2.7323
0.6344
1.0554
0.0294
0.4525
2.9858
0.942
0.8147
0.6845
0
2.6876
8e-04
0
0.7287
4.9523
0.0734
0
0
0.1287
0.2159
0.977
2.3221
8.3881
5.8192
0.0186
0
0.2272
2.158
8.9857
24.7553
0
1.0835
0.3043
0.2187
2.1592
21.4606
0.6032
0.0211
0
0
1.6175
3.9626
0.651
2.3522
0.0892
0
0
0
0
0
2.0738
0
0
0.5967
37.1284
1.3295
0.1339
5e-04
1.9676
2.8104
10.1755
2.1735
1.7895
0.0479
0
0
0.0012
0.0117
0.0604
1.2565
0.051
2.3345
0.1746
0.1364
0.2155
0.9531
10.158
9e-04
12.6874
32.0035
14.6031
24.1392
2.1117
20.7288
1.1669
2.9494
5.0343
1.3678
0.7762
15.8333
3.8931
0.1949
6.9257
1.0147
0.1361
5.4806
9.6627
14.4674
0.1742
0
4.8322
1.3561
0
0
0.0216
5.1907
0.882
0.6435
9.4895
0.3053
14.9642
4.2608
5.6366
0.6776
0
1.4377
6.6247
1e-04
0
0.0153
0.004
1.9668
0.9103
3.3357
21.1914
13.4395
0.6006
0.0011
0
0
1.14
8.599
4.3272
1.1628
30.0843
12.1248
11.882
5.721
15.3762
0.0141
0
0
0.2303
0
0
2.2671
12.1942
4.1857
0.1921
32.6933
5.635
0
0
0
0.0156
0.2083
1e-04
0
0
0
0
0
0
0
0
0.4457
1.0191
11.2906
0.9137
1.0613
0.1726
0
11.5624
15.7798
4.1891
0.5392
0.2381
2.2474
0.8284
0.2022
0
0
6e-04
0
0
0
0
0.3853
0.0763
0.0146
19.7521
16.5624
0.8641
3.4328
0.6415
0.1316
0.157
0.1726
2.8979
4.0106
15.1186
26.7876
2.6603
0.3364
0.0215
0
0
0
0
0.0415
13.4954
8.4244
8.2053
0.7473
3.3352
0.0282
0.0567
0.0182
0
0
0.8146
0.5708
0.6102
0.0028
0.0269
0
0
0
0
9.2796
0.6855
0.0343
0
0
0
0
0
0
0.5716
6.3167
0
0
0
0
0
0
0
0
13.6669
16.3071
9.3772
0.0305
1.4567
9.6192
23.1444
11.6415
0
0.0465
1.0671
0
8.2721
0.4542
3.9529
10.8938
0
2e-04
0
0
0
0
0
11.5506
2.9558
0.0521
8.2757
0.0396
0
0
0.1639
0
0
0
0
0
0
0
0
0.0613
0
0
0
0
0.4495
13.8719
1.3501
0.0028
0
10.8271
0.1216
0.0082
0
0
9.4182
5.2422
1.3383
0.2914
0.3636
2.893
0.0274
0
0
0
0
20.8771
5.0611
0.2929
0
2.3598
0.7523
5.4956
2.2586
0.5675
1.1878
0.9032
0.9765
3.478
7.293
0
0.5247
5.6725
1.2632
0.2901
17.671
1.8076
0
0.0303
0.2784
0.2732
0
0
5.4964
14.4768
0.1355
0.118
0
0.1034
0.2552
0
0
18.2287
10.3582
0.6957
0.8525
0.2519
1.8665
1.4386
8.8562
0.4015
0
4.1443
4.9845
3.5795
0
0
4.6655
12.2872
3.0362
0
0
1.0315
2.6261
0.0359
0.0374
1.77
3.9442
2.1418
0.0062
0
0
0
0
0.2175
0.2853
0.3838
0
0
0
0
0.9464
0.8656
0
0.0964
0.0181
4.546
2.8337
0.588
0
0
0.8778
7.3441
1.0141
9.5994
0.4553
0.901
0.0124
3.4007
3.9425
0
14.0795
38.607
15.0719
0.5754
0
0
0
8.744
0.3638
0
0
0.0041
0.3872
5.3788
19.5252
0.575
0
0.0371
7.674
13.1927
0.5792
6.3671
1.1704
1.9985
2.3141
6.1501
10.3021
0
0
0.357
1.0556
2.0268
0.6623
4.1497
3.924
7.8435
0
1.4719
0.1108
0
0.6311
0.2221
2.846
0.0044
0
0
5e-04
0.1048
3.7675
0.1228
0.6678
0.1458
1.389
2e-04
0
0
9.0446
4.1181
6.9779
0
0.3462
0.2552
0
0.3783
3.1756
2.6497
1.4107
0.8847
0
0.004
0.0692
0.0212
0
8e-04
0.4185
0
0
0
0.0031
0.0157
0
0.0026
0.0256
0
0.1698
2.229
4.2233
8.9799
12.3105
0.8757
0
6.6577
0.5384
2e-04
0.466
1.2343
0
0.1622
0.0269
1.2225
4.2135
0.6289
0
0
0.5401
0.1476
0.9734
0.026
2.9618
1.4918
10.1108
14.3924
3.8883
1.6735
3.9492
2.5577
0.2228
3.6185
0.0089
0
0
0
0
0.3981
10.2736
0.1217
0
0
0
0
0.0042
10.312
10.189
0.0265
0.8697
3.3586
6.1929
0
0
0
0
0
0
1.3444
0
7.0306
3.9581
0.6751
0
4.342
0.3645
4.8639
0.1581
0
0
0
0
0
0
18.2299
13.6907
1.647
0
31.3193
0.8493
6e-04
1e-04
0
0
0.3535
1.3865
0.3989
3.3827
16.1696
1.0796
0.3072
0
1.9182
2.1565
1.1847
20.6443
3.487
0.3399
0.1525
0
0
0.4665
0.0022
0
0
1.5085
1.3445
0
0
1.9312
1.6513
1.1225
5.0057
0.2098
0.3188
0
2.0288
0.1419
0
0
0.1328
0.0816
0.0756
0.1555
0.0802
0.1694
2.9922
1.6137
5.476
4.2852
0.1349
0
0
0.9188
0.7233
0.1306
0.6669
0.113
0.4948
7.4018
0
0
0.1731
0
0.038
0.8875
0.9172
6.9082
1.3277
13.8041
12.9471
0.2553
0.5091
0
0.1727
0
0.1618
0
0
0
0.1065
6.4004
2.1012
0
0
0.3208
1.3988
0.3852
0.0772
0
0
0
0
0.0311
0.1545
0.0308
8.6744
1.6436
1.4424
1.8877
0
0
0.1616
0
0
0
0
1.5197
1.656
0.3096
2.8962
4.9541
0
0
2.9298
0.3321
0.1394
0
0
0.5567
0.0039
0
9.2126
0.0755
0
1.1109
0
0
4.3452
0.8135
2.3658
7e-04
0
0
9e-04
6.8243
0.8746
1.9946
17.8721
4.8882
0
0.3658
15.2143
8.7825
23.3087
4.9642
0.0461
0.3891
0.1055
0
0
0.034
0
0
0
0
0
0
0.4079
5.1707
1.8966
5.1176
5.2237
2.7757
0
0.0068
0.0152
0.1387
1.4167
5.189
1.0745
0.023
0
1.0745
5.4475
0
0.1644
1.5267
0.2719
0
0
0
0
0
0
0
0.7252
5.1194
2.8022
0
0
0
0
0
3.8649
0
0
0
0
0
0
0.3984
0
0
0
0.9092
3.2502
0.4845
0.3337
0.5205
0.2649
0
0
2.9465
4.3635
6e-04
5.0462
33.8708
12.4823
12.1253
3.2231
0.0714
14.0248
0.5566
0
1.6098
1.2227
0
1.1477
0.2081
1.1508
6.4938
6.2713
0
0
0
3.5075
2.4305
0.0548
0
0.2377
0.0954
2e-04
0.0505
1.9962
11.1206
0.3688
0.7297
2.0466
0.3992
2.6911
10.2969
0.772
0.7158
0
8e-04
0.0663
0.0744
10.9892
6.1999
0
0
1e-04
0
0.159
2.8308
1.6207
26.4468
14.4923
0
0
0
0
2.7036
10.4478
5.9661
1.0138
0
0.1061
0.4428
0.143
0.8434
2.9564
2.1793
0.2301
0.8
0
0
0
0
0
1.336
1.4052
0.012
1.6939
0
0
0
0
2.204
0
0.4541
3.4854
0.1656
0
0.1416
0.1019
0
0
0.6966
10.6203
4.0366
2.0225
1.3955
0.981
0
0.3077
2e-04
0
0
0
0
0.5238
0.8334
5.1266
0.0064
0
0
0
0
0
0
0.0068
0.0257
2.7503
0.0108
0
0
0.1663
0.8257
1.1189
0
0
0
0
0
2.7092
7.8755
0.3144
0
6.2496
5.2783
6.1168
0.0157
0
15.9061
3.428
0
0
0
0.2525
0.0038
0.1599
0
0
0
0
0.8708
0
0
0
0
0
10.3558
6.4542
0.0018
0
0
0
0
0.3543
5.5491
1.2219
16.9859
3.0654
12.2472
4.4068
2.3933
0.3978
0
0
3.3969
3.7824
7.4429
0
0
0
0
0
0
0
0
0
0
0
0
0.0021
1.9259
2.4951
0
0
0
2.0319
2.706
5.4212
0
0
0
1.513
0.6575
1.9864
6.445
17.3644
5.1588
0.1005
0.1248
5.0985
32.1225
6.3019
2.6401
0.5562
0.6455
0
0.744
0
0
0
0
0
0.2358
0
0
0.4078
0
0
0
0.0306
0
0
0
0
0
0
1.9071
0.4952
0
0
0
0.0053
0.0207
0.4542
1.5522
0.8468
1e-04
6e-04
11.6733
8.0015
0
0
0
0
2.7287
1.7392
20.0033
13.1258
0
0
0
0
0
0
0
0
0
0
0
0.8496
0.9445
0
0.0301
0
0
0
1.7137
1.0472
0.0597
0.1207
0.2408
0.483
0.4678
0.306
2.2832
0.0173
0.1595
0
16.2477
25.2371
13.6566
0.3985
12.6787
0.271
0.0115
3e-04
0
4.102
9.2441
0.8466
2.8167
33.1187
0.0294
0
0.0125
1.3251
0.0054
0.024
0
0
4.2574
0.0727
0.2571
0.0029
1.0911
6.061
0
0
0
13.3103
5.0083
4.3841
0
0.3877
5.6667
0
0.0784
7.1316
13.5691
5.3582
0
0
0
1.1555
18.9653
6.6049
0.0555
0.1936
23.1563
7.6942
0.2345
0.0731
8.3868
8.5864
2.8933
0.005
0
0.5493
2e-04
4.8185
0
11.3319
1.056
0.397
0
1.1512
1.2122
0
0
0
0
0
1.278
0.7736
0.325
2.695
1.6099
7.3316
30.2729
4.4616
7.2917
3.3617
0.8378
0
0
0.4947
5.0367
1.0721
0.3852
0
0.0369
0.032
0
0
0.2802
9.4852
0.0487
1.5167
11.6028
0
0
1.9663
3.984
2.3557
12.1725
2.538
1.9426
5.1562
4.8268
3.4211
0
0
0
7.2708
4.7546
2.5582
8.4696
10.2777
1.6876
0.3408
11.3417
4.048
0.5031
0
2.0725
1e-04
0.0034
4.4058
0.382
15.4035
5.1032
0
0
0
0
0
0
0
0
0
0
0
0
0
0
0
0
0
0
0
0.0737
2.6846
0.4245
0
0.2879
1.9921
0.552
2.4005
0
0.1058
2.2142
0.2302
0
13.6144
1.0387
2.6036
0
0
0
0
0
0
0
0.2302
0
0
19.8067
4.4476
49.8439
9.4017
0.0129
0
0
0
0
0
0
0.6888
0.0506
0
0
0
0.3057
3.72
1.7509
1.1313
0
0.036
0.0179
0.026
9.4122
0.8775
0.4156
0.4713
4.9554
1.5108
16.6531
0.3925
0
0.2391
0.374
16.8476
0.0167
0.0148
4.3641
25.5958
0.188
0.1703
0.0481
0.0349
1.0266
1.9072
4.2487
0
0.2192
0.3445
0.0606
0.0285
0
0
0.2209
0.066
0.1022
0
0.2121
0.158
0.7427
0.2034
0
0.466
0.0144
0
0.3945
2.1136
0
0
0.8341
3.0539
8.791
0.0074
0
0
6.2802
7.4901
0.1701
3e-04
0.0296
0
1.6832
0.703
0.0477
0.1159
0
0
0.6096
0.2873
0.5676
3.3612
7.0981
0.0165
0.0861
0
0.3253
0.1885
2.9678
1.4049
0.6962
3.9035
0.7496
0.266
0.4803
0.6076
4.2802
1.3442
11.7794
0
0
0
7.2994
9.5143
0
0.0664
2.1665
0.0226
0.0085
0.348
0.5347
0
0
0
0
0
0
0.9741
2.5093
0.1313
0
0.1562
0.0593
0
2.6805
0.1829
0
0.0685
0.4503
0.0436
0.4963
0.0662
0.0541
0
0
0
8.7714
23.6323
7.0554
0.1057
0
0
0.7594
0.8338
12.3193
3.2686
0.4568
2e-04
0.5372
0
0
0
0
0
0.7729
0
0
0.5432
24.973
16.5168
1.1651
7e-04
0
0.4274
0.312
3e-04
0
0.1163
0.2344
1.0743
2.3077
7.6011
0
0
2.4434
1.0225
0.0404
0.139
0
0.1157
0.1636
0
3.7784
4.4147
0.33
5.9179
3.3367
0.2175
0
1.6906
7.4606
0
20.0007
24.5064
0.1928
0.6751
5.0656
0.5849
1.5498
13.7511
17.2695
2.0456
0.4696
0.649
7.1046
3.4488
1.6404
1.6315
5.5449
12.6909
19.2309
10.0296
0.2658
0.9141
0
7.9543
2.0916
5.2435
0
0
0.5451
1.3263
4e-04
1.1931
2.2135
1.2073
3.6211
9.9552
0.3482
0.6455
0
0
1.0851
8.1286
3.7251
4.1624
1.8352
12.7736
14.4954
2.4027
3.3842
2.0993
5.5818
6.1265
1.6072
2.0621
0.0228
0.387
2.719
9.5663
5.2553
0.8974
0
0.5642
0.4577
7.0315
0.2748
0.0277
0
0
0
0
0
0
2e-04
0
0
0
0
0.8744
0.0644
0.137
0
0.2202
0.3019
3.7958
27.0007
1.1808
0.1331
12.6658
0.4309
0.0502
0.0019
0.216
0.8653
1.8474
2.9468
0.0526
4e-04
7.0529
12.3707
15.2906
0.9698
2.7471
0
0
0
0
0
0
0.0898
0
0.3936
0
0
0.0316
0.55
0.009
0.0027
0.2847
0.1137
0.2819
0.5387
0.5455
0.1059
0.5877
1.0293
0
0
0.0435
0.0129
0
0
0
0
0
0
0.2435
0
2.3699
11.0749
0
5.8385
0.9709
0.2011
7.3663
0.5452
0.7871
5.223
4.0131
1.4107
0
0
0
6.2725
11.882
0.1197
0.0918
0
1.2831
14.8266
36.9667
0
0
0
1e-04
0
0
0
0
8e-04
0
7.3231
0.7318
1e-04
0
0
0
0
8e-04
0.5381
19.2134
1.1063
1.5808
0.5161
0
8.2178
0.5988
0
1.0572
0.0036
1.3359
1.094
12.3949
0
0
0.2127
0
0
0.0809
2.4021
6.177
9.4077
3.0664
3.542
0.9757
0
0
0
0
0.472
1.5447
0.2864
0.218
0
3e-04
0
0.302
0.819
16.7525
11.0204
0.0013
4.1177
0.7212
5.3669
11.2825
0.6984
0.9838
1.349
0.8199
1.1417
0.2394
0
0.8245
0
30.178
9.8563
2.0056
0
0.2386
8.7296
24.8624
0.3102
0.066
0
0
0.1921
5.1036
9.798
0
0.2659
0.1521
0.0536
2e-04
0
0
1.4881
0.506
0.3178
0
5.4255
0
0
0.2524
4.2055
0.6423
0.0216
0
0
1.5152
2.4708
4.5107
0
0
0
0.265
0
11.7123
0.6474
3.8912
3.2346
0
11.6241
2.6461
0.2768
0
0.0655
0.128
0.343
0
21.4604
1.7822
0
0.2256
1.057
0
0.0013
1.8004
0.3359
1.0032
0.6155
0.6858
2.8302
0
8e-04
1.2796
3.4987
3.8441
0
0
0
0
3.7937
48.1849
0.0024
1.4708
11.3355
0.2002
0
7.0717
4.7168
0
0.9181
3.4757
2.3056
0
0
0
26.4567
0.0523
0
0
0.3697
0
0
0
1.282
1.5018
0
8.1943
1.6383
0
3.1861
10.9918
2.8797
0.8779
0
0
0
1.8804
8.8764
0
0
0
0
0
0.0017
17.0383
0.9185
0
0
4.7662
1.1687
0
0
0
0
0
0
0.0544
0.0029
0
1.8312
3.5371
0.0963
6e-04
3.427
4.3078
17.407
2.7874
7.41
0.9242
0
5.9957
0.3533
0.4738
0.5534
1.7931
0.1424
1.6275
4.1398
0
0.3885
22.1186
7.6028
0
0.0024
0
0
0
62.1536
0
0
0.6707
10.3016
6.0411
25.5071
36.7297
6.251
0.1162
0.1016
0
0
0.0066
0
0
0
0
1.9989
1.1717
0.7338
0.0027
1.8075
0.0354
13.645
3e-04
2e-04
0.2682
16.7762
0
0.8885
0
30.2158
0
0
11.3453
1.8233
6.6127
0.0753
0.4567
0
0
0
5.1323
1.9902
32.8752
0
0
0
0
0.1742
4.1022
0
3e-04
0.0103
0.3012
0.5976
1.8647
6.878
3.399
0.2979
0
3.2211
2.0526
1.8958
0
0
0
0
6.1812
0.4464
7.7712
6e-04
0
0
0
0
0
3.9428
6.5509
6.8053
0
16.2189
18.2959
15.1777
0.9469
0.0124
0.3869
0.2586
0.8441
7.1705
9.8775
0.0144
0.0255
0
0
0
4e-04
1.1616
2e-04
0.605
1.4699
0
0
0.5397
0
0.2086
2.0981
10.7337
0.0035
1.8124
0
0
0
0
2.3731
0.4097
3.6983
36.8601
0
0.3103
1.5764
0
0
0
0.3103
0
0.6257
0.9137
0.0408
0
0.5595
0
0.2647
0
0
8e-04
1.7356
0.1834
0
0
0
7.6124
0.0984
0
0
0
0
0
0
0
0
1.5734
1.246
17.614
3.8611
0
0
0
0.5114
1.1661
1.6869
1.686
0.0861
0
0.3213
0.0013
4e-04
8e-04
0.0051
0.0435
6e-04
0.5719
9.1451
1.5255
0.5366
0
0
0.1873
1.7073
7.0887
4.1068
2.3641
0
0.3465
0.371
0
16.5828
1.7154
0.512
0.0065
3.3741
2.5817
4.5423
0.8933
1.0977
0.3015
0
0.5073
18.6119
0.0937
0
0
0
0
0
0
0
0
0
3e-04
9.2444
4.2098
6.4661
10.461
0.9605
0
2e-04
0
0.3697
0
0
0
1.518
17.0599
0.2038
9.1702
25.5722
17.2113
1.1935
0
0
0
2.4261
0.0146
2.4728
0.0305
0.363
0.2869
1e-04
0
0.6284
0.3917
4.8126
0.1217
0.0283
0
0
0
0.0423
0.0366
0
0
0
0
0
0
0
0
0
0
1.5884
4.791
4.3175
0
0
3.8139
16.4444
28.7102
13.5607
1.3053
3.0268
0.3159
0
0.096
0.5814
5e-04
0
0.8544
0.5528
1.8139
0.0214
2.3028
0.5951
0
0
0
7.4831
12.7873
0.9952
7e-04
0
0
0.3397
0
0
2.9277
7.0424
0.2029
10.6131
9.6894
0.0918
4e-04
0.0917
0
0
0
13.4332
0.4036
0
0
10.2817
0.9081
0
0
0
0
0.057
15.7741
16.0136
2.5388
0
0
0
8.6382
0.0013
24.0397
2.466
0
6.6506
0.3048
0.1037
0.1308
0
0.3222
0.0499
16.6108
0
0
4.7471
1.9328
6.3051
14.4657
6.5108
3.5824
0.1755
0
0.9734
3.6012
0.2858
0
0.0291
0
0.0442
0
0
0
0
0
0
0
0
0
0.3241
4.0236
0.0086
0
2e-04
0
0.1437
0.0601
1.4934
0.2173
0.7348
0.4641
0.6947
2.5057
0
0.0027
0
0.934
14.3035
5.8003
28.8342
22.1475
0.4418
1.7291
3.07
1.8243
0
8.3689
0
0.2945
0.1533
0.0453
1e-04
0.2324
5.682
20.427
18.2692
6.9694
1.3372
0.0106
0.0044
0
4.6142
0
0
1.356
0.5746
0.67
0
0
0
0
0
3.726
5.6755
1e-04
0
2.0368
4.4194
12.4477
32.7034
18.8658
0.0451
0
0
0
0
0
0
0
0
0.4974
0
18.0504
36.1864
9.9762
8.0345
3.6452
3.1732
4.3319
0.0274
0
0
0
0
4.1733
0
6.5183
0
0
0.7509
1.1086
0.1147
43.8419
49.9491
0.0464
0
0.0185
1.845
0
0
1e-04
2e-04
0
0.2346
0
0
8.7962
1.1229
2e-04
0
0
0
0
0
0.0153
0.84
0
0
0.3987
2.9323
13.8541
0.2257
0
0.0016
0.1268
0.4365
0.3901
0
0
0.0165
0.1787
0.6359
9.5982
0.2077
0.3143
6.0546
7.6067
0.7141
1e-04
0
0.0251
0
2e-04
0
0
0
0
4.6122
0.0773
1.0968
2.2519
1.2034
0
0
0
0
0
0.7591
0.0071
7.5515
0.3248
1.3004
0
0
0
0
0
0
0.8818
0
22.9096
0.1926
0
0.0527
0
0
0
0
0
0.2206
0.3503
0
0
0
0
3.5175
3.107
0
0
0.0594
0.5507
0.7906
0.2182
0.6945
0.0031
0.4864
3e-04
3.4803
2e-04
0
0.2386
0.5118
0
8e-04
0
0
0.2891
0.7467
3e-04
0.3263
2.7156
12.6131
6.1121
0
0
0
0.2219
0
0
2.3049
0.0011
0.4455
0.1151
10.6538
7.6688
0.0288
0.0321
0.2985
2.2108
1e-04
7.3311
0.4499
0.4159
5.63
6.8621
3.1675
0.0079
0
0.4426
6.0202
0.0549
0
2.0588
12.0303
4.6349
0.1808
3.3123
0
0
0.223
0
1.834
0
6.8789
1.8215
0.1599
1.2379
0
0.6951
10.8089
0.2096
0
0
0.0044
10.0727
0.4085
0
0
0.6075
2.2649
0
0.003
0.4121
0.3383
0
0
0.0425
3.7076
0
8.9969
7.8363
1.5245
2.373
11.4279
0
0
17.4681
0.2019
4.5036
1.9728
0
0
0
0
0
0
0
0
0
0
0
0
0
0
0
0
0
0
0
0
0
0
5.2152
0
1.1945
5.5526
0
0.2056
0
0
28.069
0
10.0395
1.3197
0
0
6.1842
16.6972
4.0942
1.6611
1.7648
1.6694
0.6378
1.5524
20.324
0.2407
0
0
0
0
0
0
0
0
0
0
0.0223
0.2374
0
2.8945
0.0123
0
0
0.7671
3.2557
0.3712
0
0
0.0716
4.5435
0.0344
0
0.2932
12.2388
7.0985
8.714
0.7443
0
0
0
0
0
10.3781
5.6737
3.1633
0
1e-04
0
0
0
0
0.0223
0.4099
15.0281
21.4733
0.095
17.5069
0
0
2.8314
0
0
0
0
0
0.025
0.1309
1.7833
0.3227
11.1394
1.4373
0.3864
0
3.1601
4.6025
0
0
0
7.34
0.024
0
5.757
0.6128
0
0
0
0.1375
0
0
3.9777
6.8848
6.5097
0.1969
8.559
8.4629
3.1661
7.7349
2.0766
0.4002
0.2469
2.7506
0.0618
0.3499
0.3667
13.2612
9.9103
0
1.0686
0.152
0.4368
4.1767
9.0931
0
3.5418
0
0.012
5.543
14.1431
3e-04
0
0
0
2.6949
1e-04
0
0.0025
0.5376
9.9046
10.0268
9.6532
0.5854
0.0043
0
0
0
0
0.0333
7.4529
0.0286
0
5.0763
1.3387
0.0622
0.5023
0
0
0
2.2083
0
0
0
0
2.4713
0
1.6493
0.1706
0
0
4.7518
0
0.6224
0.1151
0.2252
27.1018
2.7634
0
0.0246
1.2621
16.0109
0
0
0
2.4219
8.3221
1.1188
0.0406
0
11.0876
0.102
0
0.0022
14.6192
0.2801
0
0
0
0
0.335
0.0429
0.0216
0
0
0
0
0
0.0368
0.0062
31.9482
3.9848
0.0657
5.3041
0
0
8e-04
0
0
1.0606
0
0
0
0
0
0
0
1.1117
3.0397
0.5531
0
0.4087
0.2304
0.0759
11.3873
0.0717
0
0
0
0
1e-04
0.5009
0.3833
12.0123
0.9346
0.1613
0
0
15.2201
0
0.1988
4.7409
22.2903
2.2122
0.5767
0
0
0
2.6752
0
0
0
0
0
0
0
0.1598
0
0.029
0
0
0
9.1545
8.9081
0.028
0
0
0
0
0.9417
0.0666
0
0.9155
0
0
0
0
0.8449
2.6884
1.4856
0.547
1.2789
0.0128
0
1e-04
0
0
2e-04
0
2.7361
0
0
0
2.3891
0.963
0
0
0
0
0
5.448
9.9994
0
3.0779
2.5002
0.0249
0.0043
0
9.6759
0.3303
0
0
0
1.4266
1.281
7.5752
0
6.821
0
0
0.2381
0
0
0
0
0
0
0
0
0
2.6072
3.9909
0
4e-04
0.0288
5.0755
0.0056
0
6.3317
9.389
0.0419
0
0
0
0.001
0
14.3503
3.3828
2.111
0
0
0
1.7009
7.2724
1.0865
0.0011
0
8.6908
24.3494
0
0
1.3913
0
0.0135
0
0
0.0011
1.409
0.3058
1.5486
16.4801
7.6575
0.1773
0
0
0
0
0
0
0
0
14.5352
9.8262
0
1.2145
2.1734
0
0.2088
0.6155
1.0946
11.181
0.0222
5.6299
1.8487
0
0
1.3024
0.1063
3.1914
28.2942
0.0147
0.0025
0.4712
10.9955
0.3107
0
0.0044
3.4674
36.0049
1.7184
4.7477
0
0
0
0
0.0242
24.2609
3.2444
0
0
0
0
0.4746
9.0533
10.3349
12.3612
6.6586
6.6821
2.1711
18.1337
0
0.0152
25.4035
1.5447
0
1.9921
25.804
0
1.1425
0.1019
1.1096
0
0
0
24.7151
0.0904
0
1.2005
0
0
0
1.6563
3.7127
0
0
8.2251
2.6891
1.0843
1e-04
1e-04
0.1068
0.0024
0
0
0
0
0
0
0
0.9838
26.0637
20.1044
8.4744
1.6278
4.1617
5.8026
0.0806
0
33.7252
28.8363
0
0.3455
0
0
0
0
0
0.0255
0
5.5906
1.2474
0
0
0
0.0286
20.8766
3.1604
0
1.3206
8.9422
0.019
0
0
0
0.0218
0
1.7752
0.4949
0
0
0
0
0.3464
30.5769
4.2577
4.4618
0.258
6.8488
1.3292
0
0
0
0
7.5852
7.1348
0.004
32.3256
4.9014
1.371
0.0206
0
0
0
0
0
0
0
12.8442
23.9558
7.3767
0.8454
0.213
0
0
0
0
0
0
3.2063
0.0974
4.1411
0.2348
0
0
0
0
0
10.7076
2.5407
0.1702
0.2604
0.2348
0
0
0
0
4e-04
0.9097
0
0
0
6.8828
0.9471
7.9421
9.1631
0.0484
0
1.7594
0.1192
0.6085
0.06
0.1176
0
0
0.4024
0.0436
0
0
0
7.6686
2.2477
2.5587
0.0045
2.2325
0.2744
0.0698
0
0
0
0.0758
0.0706
3.1563
2.958
0
0.3406
17.5622
6.9389
3.3821
9.3535
0
13.8563
5.1854
0
1.6503
0.0938
0.2285
0
0
0.0401
0
0.1711
0.2879
0.4093
0
4.8086
0
0
0
0.2224
0.2224
1.7077
0.0885
0
0.1111
0
0
0
0
0
0.8531
0.8843
0
0
0
3e-04
0
0
0
0
0
0.3066
0
2.4556
0.1863
0.3135
9.6403
2.1516
0
0.1243
0
0.2286
1.0879
1.8723
0
1.0864
13.1798
6.7769
0
0
0.02
13.5422
2.1023
0.552
0.006
0
0
2e-04
0
1.0908
0.2627
1.4908
6.8468
0
0
0
0
1e-04
0
0.0336
0
0.6216
0
0
0.1841
0
1.6539
3.9282
8.5885
0.0065
0
9.7442
2.3058
0
0
1e-04
9e-04
0
0
0
0.4348
0
5e-04
0.0474
2e-04
0
0
4.8271
0.0041
1.2584
0
0
36.1284
0.2128
0.9007
4.451
3.3561
7.5983
0.3997
0
0
8.6829
0.3664
1.1206
0
0
15.4672
1.3895
6.4494
0
0.2476
0
0
1e-04
0
0
0
0.0012
2e-04
0
0
0
0
0
8.7842
0
0
0
11.2484
0
0.071
28.2704
17.7844
0.598
3.4272
0.0394
0
8.7542
2.1126
0.3395
4.021
8.3261
8.2074
12.3918
0
3.0149
0
0
3.8979
7.7225
0.2504
0.5079
2.6783
11.6788
0.3225
0
0
7e-04
0.3516
1.598
0
0.1607
3.4192
3.5156
0
0.4551
0
0.4511
3.9177
3.9844
1.6195
0
0
0
1.2097
0.7333
0.203
0.7955
1.4714
0
2.1637
2.5637
0.6319
0
0.0043
0.2643
0.494
3.1495
0.0374
0
0
0
0
0
0.0872
2.4397
2.0774
0.7508
17.3484
0.6531
0.2461
0.5238
29
0.1964
1.9077
0
1.0422
6.9619
0.1701
0
0.5596
9.923
0.0428
8e-04
0
2e-04
0
12.339
1.0563
0
9.7399
0
0.2383
0
1.2944
0.0201
0
8.0245
0.3917
0
9.7767
12.6539
0.0555
0.518
1.6978
1.4411
0.0115
0
0
1.9036
0
0
0
2e-04
0
0.0291
0.6679
5.3459
7.7025
23.3486
0
0.1694
0.8169
3.6428
0
0
0
3.1409
20.9253
0.5604
9.9545
0.1295
0.073
14.1721
1.4887
1.2311
0.6212
4e-04
0.1177
0
0
0
0
1.4587
30.4782
10.4012
0
0
0
0
5.9967
20.905
0.2081
17.1716
3.4423
18.0646
0.4735
0
0
0
7.2025
10.9242
7.4782
5.0553
14.3102
0.6431
0.0624
0
0
0
0.3741
0
1.822
0.01
0
0
0
0
3.0223
1e-04
0
0
0
0
0.2117
2.5314
0
0
0
3.2164
0.0969
0
0
0
0.897
3.0005
0.0441
3.0601
5.9392
9.9279
16.9437
0.016
0
0
0.4985
0
0.1802
1e-04
0.1263
0.3353
0
0
0.3612
5.6814
18.6516
0.1991
4.2196
22.3558
3.1854
0.3662
0.075
0
5e-04
1.9006
0.2462
0
0.1804
0
1.0001
0.0016
3e-04
3e-04
0
0
0
0
0
4.659
0.7824
0
0
0
0
1.1511
0.6507
0.0014
0.4102
0
0.042
0
0.1118
0
1e-04
0
0.3344
5.8198
0
0
0
0
1.6844
23.4206
12.2854
22.4876
0
0
0
0
0
0
0
0
6.1058
5.9724
0
1e-04
0
0
0.3339
0.1724
0
1.4906
8.9313
0.5962
1.147
0
0
0
10.0012
0.2832
0.0032
0
1.3082
9.0992
0.0744
0.0411
0.1131
0.1361
0
9.7262
0
0
0.2057
0
0
1.2437
3.7711
0
1e-04
0
3.6212
0.5266
0.0314
0.5015
3.7408
6.0168
12.0957
0.8388
0.2413
8.3528
6.8351
0
2.0655
8.2591
4.9921
0
0.0461
0.0031
0
12.8503
10.5751
0
0
5.8501
21.4745
4.808
0.1021
0
0
0
0.223
11.1802
5.612
0.4727
0.0013
0
0.4402
0
1.8172
11.3408
0.4019
0.1624
0
18.6291
0
0
0
5.5356
1.8572
9.8917
1.8054
0
3.4152
20.6536
15.5909
0.4628
0.6337
3.959
5.9255
1.3926
0.2063
0.7747
0
0
0.0842
0.8389
9.1142
2.6652
0
0.6718
4.861
2.0967
0.3378
0
0
10.4912
16.5546
5.8371
9.0155
0
0
0.0501
0
0.2037
5.7491
0.3633
5.0196
0.3364
0.2908
0.4958
0.3954
0.2218
0
2.7323
0
0
0
2.2502
0.5851
1.0004
0
0
0
0
0
0
3.6848
0
0
0
0
3.7885
2.3138
0
0
0
0
0
0
0
2e-04
1.9771
0.0167
0.3904
1.6197
8.4497
0
0
2.8382
6.3451
2.0274
15.0816
1.5844
0
0
0
0
0.1384
4.0153
0
0
0
0
0
0
2.7045
0
3.2051
0.9453
1.8425
2.3122
0
12.5536
0.3054
0
8.3028
28.0135
4.0193
0
0.0367
0
0
0
0.02
0
0
2.9876
7e-04
0
0
0
0
0
0
0
0
0
0
11.3144
2.2789
0
0.0208
0.611
2.4109
19.6621
6.226
0.1566
0.124
0
0
0.0056
29.8457
0.1274
5e-04
0
0
0
0.1357
5.1407
0.1428
0.253
0
0
0
0
0.043
0
0.4635
0
0
5e-04
0
0.4931
11.6173
0
0
0
0.0016
0.1333
19.1369
2.2852
0
0
2.509
0.0052
0.035
0.035
0
0
1.1531
6.7626
0.8464
0.1192
0
0
20.6413
10.9336
0.0485
0
0.2184
1.8746
2.8832
0.0559
0
2.8776
0
2.4162
13.5729
0.3461
0.4224
0.0248
2.0517
0.7991
0
0
1.187
8e-04
2.0288
0
0
0.3902
0
0
0
0
0
0.6954
0
0.4625
5.4456
0
0
0.0749
2.5328
21.0101
3.6384
0.397
0.3479
0
0.6291
9.1194
0
0
0.3667
0.1703
8.1588
9.2892
3.2764
4.0606
0.2287
1.1866
0.7866
3.07
0
0
0
0.1543
0.1631
0
0
2e-04
4e-04
0
0
0
0
0.5602
0
0
0.0503
0.0382
0
2.9008
0
0.4015
4.0385
0.5633
0.3005
0.9489
0
1e-04
4.0546
1.2143
0.0012
0.1674
0
0.2013
0.7086
0
0.1023
0
5e-04
0.5569
0
2.7204
0.2144
1.0085
0
0
15.3129
5.1773
1.1053
0.0802
0
0
0
0
1.609
0
0
5.1716
1.0263
0
0.6183
2.8276
0.0734
0
0.2327
16.0188
0
0
0
0
0
1.8401
1.3045
13.3994
0
0
0
2.7544
3.0884
0
0
15.0334
0
0.1719
1.7874
0
0
16.4377
20.6339
0.0078
14.1107
0.116
0
0
0
0
0
0
0
0
0.2602
1.1042
0.9649
2.384
1.3473
0.1285
0
0
0.1369
0.9655
0
0
1.6369
0.5664
4.1946
17.2151
0.3081
5e-04
21.7323
0.2712
18.7152
7.0488
20.143
12.0367
10.0999
5.2348
0.2689
0.0876
6.1895
0.6248
0.0452
0
0
10.9178
0.0135
0
0
1e-04
0
1e-04
1.0992
3.5748
0.6727
0.1441
24.2171
0
0
5.3039
1.302
0
0.0801
1.135
25.1003
0.1585
0.0013
14.9474
28.1
1.1326
8.0823
0.0041
0
8.0004
0.0787
1.221
0
0
0
0
0
0
8.2348
3.7908
0.0939
1.2818
4.1747
7.3588
7.4279
0
2.4188
4.0373
0.4752
20.0029
31.1702
10.3378
5.959
1.5025
0.2312
0
0
0.5454
0.1612
0
0.618
0
0.4027
29.5502
5.887
0.7145
0.9515
0
0
24.5226
1.3644
0
0
0
0.0452
23.802
11.7577
15.1939
3.3842
1.3007
4.7864
2.1991
7e-04
0
1.6108
4.4482
0
0
3.2049
4.3003
0.8604
0.0441
0
0
0.031
4.8001
0
0
2e-04
6.8545
3.3017
0
0.1551
3.1697
2.9955
43.1
3.24
0.8357
0
0
0
0
0
0
0.1237
0.0462
0
0
1.6815
7.2393
0
0
0
9.898
0.4237
0
16.0446
1.3502
2.984
4.3369
0.221
27.142
2.8424
1.6714
0.2574
0
0
3.02
3.368
0
0
0
0
0
2.3811
0.0012
0
0
23.1938
5.0692
1.4224
0.1443
0
0
0
0
0.0011
0
0
4.8494
15.3178
0.0066
2.3765
1.9467
0.0442
0.2042
2.8097
0.1099
0.0188
0.0856
0.0279
0.064
0
0
0
0
4.6847
6.8687
0.3277
2e-04
1.551
2.0412
0.0013
5.2376
4.4833
0
0
0
0
6.1585
0
0
21.6601
12.5479
0.0017
4e-04
0
0
0
0
13.0111
0.8259
0
0.0927
0.5357
12.6854
0.6538
0.0345
0.002
6.0251
0
3.4237
0.0099
0
0.3083
1.3998
0
0
20.7194
2.4949
1.2612
0
0
0.1182
7.3655
10.3149
0
0.1374
2.3049
1.331
18.3471
2.577
0
0
4e-04
0
0
0
0.0315
4e-04
0.856
0.9483
0
2.6161
0
0.2526
0
0
0
0.7699
0.4194
0.2383
1.6284
6.2299
1e-04
0
0.3728
0
0
0.0283
6.6535
0
1.8667
0.3002
0.962
0.1513
0
0
0
0
0
0
0
0
0
0
0
3.335
0.9356
0
0.533
0.6508
0.0368
0
0
0
0
7.5197
0.454
0
9.9874
6.4574
0.0303
0.9878
0.3824
0
0
0.3095
0.0351
0
2.0391
0
3.9558
0.6637
2.0139
2.0514
5.6096
0.1304
0.8959
0
4.9761
3.0662
11.1144
2.3978
0
3.6276
14.9624
2.4932
1.5454
6.2961
0.2978
0.2541
0
0.084
0.0262
3.4241
0
0
0.1617
1.8815
4.6647
1.8386
0
0
1.4406
0.0986
4e-04
0.0106
5.0243
1.3197
2.569
0
4.9603
0.7737
0.4008
0
0
6.2844
2.4957
22.6389
0.1553
0
1e-04
0
9.4187
0
0.0506
4.3676
1.6272
5.7604
3.2157
4.7883
11.7063
0
2.9877
8.4755
4.1457
0
36.5741
3.4011
0.3337
7.2838
0.7989
0.0026
0.0477
0.612
0
11.0867
22.7821
0.8686
3.1375
0.114
0
0
0
0
0
6.5114
5.4086
30.2876
8.9969
0
12.074
1.694
3.1875
8.2106
1.2145
0.1388
0
0
0.6593
0
0.678
7.4907
0.0642
0
10.663
0.2792
0
0
6e-04
0.0075
2.8059
0.2098
0.8881
2.3388
0
0
5e-04
0.3777
5.0054
1.7661
0
0.7256
0.0362
2.8703
7.6755
0
0.387
1.3634
9.9818
4.854
0
0.685
4.4306
3.1678
0
0
0.7066
14.4026
0
1e-04
0
12.6878
1.1862
0
0.5882
0
0
0.1999
0
0
0
0
6.0685
0.149
0
3.7511
15.9216
14.8798
0.0323
0.6365
0
0
0
1.1502
18.3754
8.8155
9.9198
0.087
0
4e-04
0
2.777
0.9585
0.157
0
3.0095
12
1.9978
0.0139
0
0.0397
2e-04
0
0
0.9066
7.6743
0.0099
0
0
0
0
0
0
0
0
0
0
2.4206
0.0219
0
1.2363
0
0
0
0
0
0
0.051
0
0
0.0269
2.3543
0.0988
19.4413
0.5559
1.8047
11.2581
0.6732
0.5536
0.1424
0.079
5.719
3.6139
0
0.0263
5e-04
0.066
6.8423
1.9299
0
0.1129
17.2617
0.0371
18.1946
0.001
0
0
0
0
0
0.397
0.1061
0
0
0
3.4186
4.4329
0.3776
17.0755
1.5528
0.0901
1.4706
0
15.1395
5.6393
0.199
0.2421
3.0642
0.8621
5.5971
6.2
0
0
0
0
2.5999
8.9855
1.7158
1.8118
1.4806
2.2213
0.362
0.0557
1.957
0
0.1834
0.1233
0
1.933
0
0
11.487
19.1495
0
0.0395
0.0228
0.3182
0
0
0
4.2599
0
4.5039
19.1993
2.8877
26.5666
12.08
0.0104
7.8999
0
0.0016
8.5592
31.131
13.1033
4.3141
0
0.6555
0
0
1.4958
0.4088
0
7.0422
1.6471
0.2395
0.0509
0.051
0
0
2.0987
0.7811
0.0205
0
0
0.1263
0
0
0
8.5643
7.0568
4.0658
0.2527
0
0
0.5287
2.5988
0
8.0509
0.0529
0.0145
0.014
6.7382
2.5168
0.1984
1e-04
0.2815
0.1465
0.0311
0
3.9349
3.8998
0.0556
0.5404
0
0
0
0.8014
0
0.0011
0.1033
2.1106
2.3976
0
0
0
0
0
0
2.946
1.0544
0
0
12.4313
0.0012
3.7094
1.2491
0.811
0.7396
0
0
0
0.9478
26.7021
0.1037
0
0
0
2.4275
0.0025
0
0
0
2.3915
0
0
0
0
3.0323
1.1803
1.1911
5.4461
7.0562
10.9933
25.144
9.3745
1.5638
14.8325
1.1991
0.0028
0.861
2.4096
0.1268
4e-04
1e-04
0
0
0
0.0362
0
0
0.8958
2.687
0.5924
4.2007
8.9361
0
0
0
0
6.941
2.4309
0
0.5442
5.2122
1.8695
0.4666
0
0.3744
6.6145
0.0095
1.4364
0.0304
0.172
0.0327
0.3582
0
0
2.5366
0
7.2477
1.9102
1.2544
0
0.0021
0.3615
1.9225
0.0011
1.4129
1.823
0
0
0
0
0.6819
0
0
0.1091
0.6866
4e-04
3.345
7.8274
8.2758
3.4163
0
0.183
0
4.4672
0
0.3256
0.2219
1.7669
0
0
7.9727
3.1675
17.325
8.9026
12.6497
5.7406
0.7305
7.8802
0
26.1533
1.754
0
3.4685
4.1978
2.6599
42.5367
1.4178
0
5e-04
0
0
1.3567
1.3566
0
2.9088
1e-04
0
0
1.8337
5.7661
1.504
0.0085
6.5766
11.2429
0.0908
0.0068
1e-04
0
2.1962
7.9469
0.1653
0
0
0
0
1e-04
4.2252
0.3163
0
25.2998
30.7353
0
0
0
0
0
0
0
11.5293
0.4403
0.3331
0
0
0.3631
1.9163
0
21.0574
1.3146
0.2352
4e-04
2e-04
0
0.0022
26.0975
1.0925
7.6626
31.3174
0
0
6.5944
0.2527
0
0
0.0403
0
0
0
3.8014
2.795
0.0127
0.3064
0.9184
0.0267
0
0.3394
0
0
0.7282
0.1377
0
1.1828
1.4668
3.6047
0.0877
19.4373
3.3172
0
0
0
0
0
0
5.2653
0
0
0
0
4.2352
0
1.4621
3.8668
0
0
0
1.2829
0
17.7628
5.9389
0.1221
0
0
0
0
0.1151
2.1154
0.9831
0
0.2101
2.5722
1.8221
15.9774
0.0273
0.5679
0.0375
1e-04
4.1451
0
0.0253
1e-04
1.8501
4.1217
2e-04
0.2423
0.2026
0
0.0358
9.5955
0.2087
0
0.0247
0.0024
0.0274
0
0
0
0
16.5576
2.8209
0.2606
8.4972
4.7924
0.0111
5.258
0
20.501
6.2254
0.3954
1.0415
0.4464
0
0
0
0.2628
1.4436
0
5.2572
2.4991
0
0
12.9626
13.2698
0
0
3.329
0
0.187
0.2709
0.6593
0
0
0
7.8512
0.0192
0.0303
0
5.6621
8.5718
18.2788
1.2064
0.2268
1e-04
0.0778
0.1552
0
0.0035
0.0285
0
0
0
8.0727
7.8272
0.0141
0.0143
0
0
0
0
3e-04
0
0
0.3756
0.1174
0.0793
2.1578
0.0308
0
0
0.4968
0
0
6.2521
4.348
0.34
12.9475
11.5436
0.0515
0
0.7221
0.8174
0
0
0
0
0
0
0.1224
0.2825
0.7533
0
0.7015
0
0
1.5676
7.2754
2.6627
9.0015
1e-04
0.0267
0
11.2959
0.1011
0
0
0
1.6959
0.1026
5.3932
0.0155
0.1257
3.3885
0
0
0
1.9589
6.665
2.7705
2.1377
4.4938
0
0
0
0.4097
0.1886
0.3563
12.718
0.081
0.216
0
0
0
0
0
7.8346
21.4173
6.7077
13.0733
7.3192
17.3395
7.8982
3.3901
10.5771
3.1148
9e-04
0.8229
0
0
0.0742
22.8009
10.1076
2.9132
0
0
3.3684
2.9316
6.2275
13.3034
4.9037
2.6599
8e-04
0
7.4515
0.6719
3.6081
0
0
0
0
0.0278
0
0
0
1.4264
11.8202
9.5688
25.3991
57.6083
1.8379
0.0177
2e-04
0.2056
1.6452
3.1468
0.0441
0
0
2.6412
5.4817
7.8831
0.0676
0
0
0
0
3.9629
4.7523
27.8876
3.2194
20.9614
0.4514
0
0
0.4931
0
0.3256
0.9024
5.4684
4e-04
0
0
0.6319
3.4069
25.7084
0.0401
5.8314
0
3.8355
0
7.1384
0.1776
0
0
0.946
0
0
0
0.0794
0
0
4.2492
0.2222
0
0
0.1632
6.045
0
0
0
0
4.9957
0
0.2029
13.6204
5.438
28.9268
0.1518
0.2367
1.1041
2.3558
0.0011
0.0455
3.9595
3.3751
0.0021
0.0011
1.2634
0.9884
0
16.9141
8.6144
0
0.1269
0
0
11.4645
6.915
0.188
5e-04
0.2631
4.7314
0.7726
0
0
2.2191
13.3209
0
11.4517
2.5937
6.0642
0.4754
3.4131
0.2268
0
0
0.0679
0
0
13.5746
0.2579
0
0
0
1.3943
51.574
0.0149
3.0543
3.839
0
1.6296
0.174
0.2825
0.0307
2.299
19.9928
8.0341
0.0019
0.3875
1.8106
0.0281
0.0018
1e-04
0
0.0287
0
8.6721
0
0.5571
0
5.2349
0.0021
1e-04
1e-04
7.9214
25.5375
1.4212
0
1.3852
9e-04
1e-04
0
0
0
0
0
0
0
0.3045
20.0548
46.8973
0
0
0
0
0
0.107
0
0
0
0.0222
5.9038
4.9254
0
0.3796
0
0.2038
4.7066
0.025
0.0841
4.4634
13.0529
0.4049
0.0026
6.0636
6.584
0
0
0
2.0124
7.9724
9.012
0
0
0.7588
32.363
18.2912
2.4257
1.0965
0
0.0806
0
2.4245
18.8918
7.1455
27.3643
0
0.0276
0.1837
0.1552
0
0.999
0.1243
0.0761
0.599
0.0274
0
3e-04
0.6981
0
1.1393
1.313
0
1e-04
0
0
0
0.5937
0.0234
0
0
0.029
0
0.4142
9.3065
2.9359
0
0
1.7252
0.0265
0.021
0.8832
0.0293
0.0295
0
0
5.8889
0.3414
0.0235
0
16.5127
11.9337
0.2577
0.007
0
0
5.1758
0
0
0.3298
0
0.0207
0
4.0363
25.1018
2e-04
0
0
4.8825
0
1.4339
2.6526
12.9603
2.1521
2e-04
0.1194
0.879
0.2336
0
0.1022
1.7353
5.7301
0.049
0.0052
0.3986
1.0031
0
0.1076
0.019
0
0
19.153
4.6505
0.001
0.98
2.8562
0
0
0
0
0
0
0
0.1467
0.0066
24.8902
22.2947
9.6169
0.4254
2.3215
1.1348
9.5289
11.1206
0
0
0.0022
0
0
0
2.214
3.178
0
0
0
0
0.0016
12.5349
0.7498
4e-04
0.037
0.0158
0
0
0
0
0.0112
6.3358
1.5797
0
0.0845
0.0426
0.0121
3.0994
12.0795
3.6162
12.3685
0.068
1.0496
0
19.4271
0
0
0
0
0
0.0417
0
0
1e-04
0.2995
9.4227
0
2.3198
3e-04
0
0
0
1e-04
0.1162
14.437
0.0221
0
0
0
0
0.409
4.8016
0.34
0
0
0
4.1269
1.2306
0
0.5469
0.0893
2.1086
0
3.2567
0
23.3552
0.0036
0
0.0019
0
7e-04
6.8488
1.9567
22.9535
3.3075
0.071
0.0312
0
0
0.0826
0
0
20.9061
11.1547
14.6904
4.6431
24.9186
4.5154
0
0.0365
0
2e-04
0.1758
11.0656
0
4e-04
14.8314
80.0223
62.9479
5.491
0.4681
1.7989
6.1293
0.2281
0.0902
0
1.0013
0.0866
0
0
0
1e-04
0
0
0
3.8485
5.6953
39.6339
0
1.9028
0
0
0.195
0
0
0
0
0
0
0
0
0
0
0
16.6508
0.4039
0.1479
0
0
8.0824
3.8901
0.5504
0
0
0
0
0
0.2328
0
4.5132
4e-04
0.037
0
0.1235
3.6393
0.0351
2.6784
1.0343
2e-04
0
2.9911
35.6562
1.6416
9e-04
0.2875
1.4757
0
0
0
0
0.2422
0
0
0
0.2424
0
0
0
0
0.5076
0.027
0
0.0011
0
5.2718
17.0306
0.233
0.3982
0
1.2321
1.2652
2.177
2e-04
0.0548
7.6446
28.2098
0.0309
0
0
21.4661
0
0.2029
0.0609
0
4.568
0
0.7354
0.4769
4.1704
0.4615
0.4058
0.1386
10.7136
0
10.2321
26.3386
2.1028
0
17.0116
2.551
1.0272
0.0033
0
0
0
0
8.0418
0
0
2.0152
0
2.2057
2.4874
0
0
1.2686
0.0982
0.052
14.121
30.7672
1.2321
1.082
0
2.0817
2.2268
0.3533
0
0.4623
0.1474
0
0
0
1.0171
0
0.69
0
0.7887
0.9011
0.1174
0.5316
4.0977
0
8.5058
0.001
0
4.2482
33.9164
53.7369
0.4165
0.618
1.2944
0.7538
0
4.3322
3.9096
0.2687
0
9e-04
8.7214
1.479
6e-04
0.3747
0.1824
5.1328
1.2328
0
0
17.2648
0.0403
0.7121
3.6174
0.0111
0
5.1747
21.5569
11.7948
0.3124
2.5329
14.3573
1e-04
9e-04
0
0
0
2.5413
2e-04
0
0.0923
5.0013
31.6983
0.7771
1.9326
5.8676
0
0
0.0411
0
7.6903
22.6236
0
0.048
3.146
6.7631
0
0.5326
17.2312
0.0013
0
0
0
0.861
2.1045
12.6385
5.3359
3.9339
0
0.1355
0
0
0
2.942
3.2289
1e-04
0
0
0
5.3889
1.6873
0
1.9953
7.4369
0
0
23.1691
5.7994
0
0
1e-04
3.1551
9.258
0.8323
2.3472
14.78
2.5059
0
7.5534
0.305
4.746
0.5439
6.8046
2e-04
1e-04
0.0593
0.7239
0
0
0
0.6455
0.9386
0.3823
0
0
20.0134
0
0
19.0309
6.9207
0
0
1.9368
0.2994
2.0595
27.8109
0
0
15.608
5.4254
0
2.3295
0
0
0
0
6.6235
8.2403
1.4612
0
1.8904
26.5945
3.5628
13.4754
1.4058
1.1398
0
1.7512
30.8674
0.0671
0
0
0
15.6834
8.9611
3e-04
1.0531
2.9908
3.6752
0
0.1224
0
2.3102
0
2.1656
4.108
1.8274
1.3153
0.0018
0
0
0.1851
0
0
0
2e-04
0
3.2227
0.1128
0
0.2458
0.7544
0.0052
0.3419
0.3107
1.2995
4.2487
7e-04
0
0
1.3769
0.0749
0
0
0.8499
0
0
0.0012
0
0
2.8059
0.0012
2.252
0.1872
0.1485
0.2662
0.0821
0
0
0
0
0.2396
1.7886
0.0067
2.5533
0
9.6167
0
0
52.1277
14.1628
2.6744
0.2101
0
0
0
0
0
0
0
0
0
0
0.1458
0
0.0486
1.2123
9.3272
0.2808
0
0.7897
0.0456
0
0.0336
0
4.1983
0.258
0
0
0
0.1038
0
1.9525
20.4779
0.1173
0
0
0
0.8394
0
0
8.7361
0.444
0.8565
3.4779
1e-04
0.1439
0.0935
0
0
0
0.878
0
0
0
2.5363
0.1334
0.7809
0.7978
0
2.3837
14.1141
4.3668
29.8641
0.9887
0.1462
0.4747
0
0.0059
0.1789
0
0
2.447
0.7112
0
0
0
6e-04
8.324
3.3195
2.5533
2e-04
0.334
0
0.1777
0.1259
0.0442
20.8642
12.6393
1e-04
0.2106
3e-04
3.8179
4.5984
2.1441
2.1683
0
28.1841
0
0.0013
0
1.3642
20.6457
0
6.6974
0.8561
6.4152
0
0
0.5117
0
0
0
0.3245
0
0.8785
1.1721
0
3.1865
12.6539
2.1721
1.2097
5.9011
3.816
0
0
0.3452
0.2492
0
0
0
0
0
0
2e-04
0
1.9259
19.0499
0
0.3374
0
0
0
0.1695
0.5744
0
0
0
1e-04
0
3.2743
38.7872
8.4173
0
0.669
0.7446
0
0
12.9586
0.5046
0.3174
3.5654
0.2957
0.1843
0
0
1.7901
7.03
0
1.3381
0.3037
0
0
0
0
5.012
52.0191
0.3316
17.2183
9.4739
0
0
0
0
0
0
1.326
1.505
0
0
0
0
0
2.2232
0.1965
0.0043
0
7.7096
0.971
0.2148
0.8301
4e-04
12.8933
0
1.7404
17.0173
0.0149
4e-04
0
2.4482
2e-04
0
4.3419
17.5867
1.7392
0.4266
0
0
1.8968
16.7046
2.9636
1.239
3e-04
0.0991
0
0
0
8.0948
1.2192
11.7558
5.9801
0.8326
0
0
0
4.9213
1.5673
8.4177
0.086
0.0773
0.2609
0
3.8261
25.9802
0
4.2613
0
0
0
0
0
0
0
0
0
5.2829
29.0188
12.7295
0
0.125
0
4.4328
7.4852
3.662
1e-04
0
0
0
0.8867
0.6607
0.5745
3.7832
2.1248
0.8154
0.1394
0
0.0302
6.4249
0
30.5706
14.7042
0.0021
0
0
0
3.6222
9.8874
0
0.304
0.0988
0
0.0387
2.0828
0
0
0
0
0
0
0
0
12.7006
0.3969
1e-04
0
0
0
1.5803
0
0.2038
0.0774
0.837
8.3637
14.5175
3.6726
7.213
0
0.572
0.5122
12.0955
1.6656
7.1621
0
2.2184
0
0.615
0.0019
0
0
4.6027
0
4e-04
7.1313
0.3503
0
0
0
0.0754
8.4141
2.8231
0
9.9897
1.3446
4.1292
0
2e-04
0
0
0.7006
28.4982
5.3972
0
0
0
0
0
0
0
0.0147
3.1821
10.7136
0.1278
1e-04
0
0
0
0
1.0892
0
0
0
0
0.0128
1.7926
0.5133
0.2092
0.5435
0
0.514
0.3417
7.4215
0.136
0.1177
0.0582
26.5419
0.1626
0.0446
0
0.3884
3.1225
2.1346
14.7595
2.0566
0
0.2013
4e-04
1.3369
6.507
9e-04
3e-04
3e-04
0
0
0
0
11.1844
0.9807
0
0.1118
0.9413
5.997
0.0013
0
12.1039
0
0
0
0.2807
0.2751
0
0
0
0
0.0333
0.0144
0
0
0
0
0.5319
0.0255
0.0019
3.7119
1.1193
0
0
0.2417
0
0.5199
1.1168
1.9468
0
2.0702
3.9864
0
7.9755
6.9157
0
0
0
0
0.8962
13.8599
0
7e-04
0
6.0041
0
0.1572
0
0
0
3.6599
5e-04
0.8991
1.1157
0.4698
0.0963
11.9049
1.0463
1.6327
0.5667
0
0.2918
1.1284
0.529
8e-04
0
1.7698
0.3044
0
5.569
0.0726
0.3974
0
1.2835
0.0566
0
0
0
0
0
0
0.0549
0
0
0.2266
0
9.754
3.431
0.1436
0
1.6713
0
0
0
0
0
0.073
0
1.2833
6.8323
0
0
9.3037
3.3739
0.3567
0.2536
0.0342
0
1.3124
0.0046
1.539
0
0
0
0.0014
6.8904
4e-04
2.2407
2.0673
3.2929
1.5379
0.218
0
0
0
0
0
0
0
0
0
0.6804
0
2.6856
10.519
6.5084
0.9856
0.0404
0
0
0
0
0
11.3625
0
0
6.9886
1.2032
0
10.6331
5.7195
0
0
0
0
0
0
0.7068
0.4914
8.9134
24.1829
3e-04
0
0
0
1.8825
0
0
1.7528
0.1258
0
0
0
0
0
0.3077
7.499
26.5846
17.0351
0
0
0
0
3.8329
5.2428
5.5269
3.5516
2.1707
2.3134
2.1411
7.2673
0.0016
0
28.2458
7.8544
0.6827
10.7589
0.2006
0.1331
22.3908
2.465
0.044
0.512
8.4908
2.3865
0
0
0
0
6.8471
0.9774
0.2438
0
15.4232
17.7693
1.8275
0.0815
0.9875
23.624
3.7133
0
0.9633
15.0984
0
1.7734
1.9997
27.6527
2.2384
4.8096
0.5087
0.1484
0
0.7095
0
0.0549
4.8118
12.7374
1.2954
0.3043
2.8147
12.1843
16.8989
0
0
0
0
0.0674
0.1394
0
0
0
5.2706
18.4381
0.5839
0.0728
0.8894
1.2287
0.3277
0
2.8376
0.6273
5.1541
0.7702
0.5109
0.0769
2.4854
12.8237
17.3895
10.4099
0
0
3.9331
1.3201
0
0
0
1e-04
3.0978
1.4519
11.2468
0.2602
0
0
0.0673
0.4998
17.0255
3.923
0
4.4991
7.0829
3.3965
0
0
0
0
11.8605
0.379
0.0303
0.9834
0.1358
0
0
0
0
0
0
0
0.6383
0.9667
0.2267
0.0017
0.0436
0.7066
0
0
0
4.8777
0
0.3655
0
0
19.2438
0
1e-04
0.2637
0.1748
0
0.4097
1.2929
0
0
0
5.5447
25.7564
0.0012
0.0237
0
7.157
13.4927
1.4972
0.1451
0.0828
0.0817
0
0
0
3e-04
0
1.4165
9.2537
0.6945
0
0
0.2531
0.0166
0
0.3643
0
0.0069
2.362
0.1709
12.3845
0.0457
0
0.0293
0.2062
0
0
0
0.4791
2.2347
0.1803
0
0
0
0
0.0068
0.0721
0
0.035
0.7949
0.1366
14.9237
9.2228
2e-04
0
0
0
4.7126
4.6925
0.0739
38.7075
11.5262
0
0
0
19.3923
0.4434
0
0.0209
0
0.1691
0
0.6771
9e-04
0
0.7084
0
13.9361
0
0
0.0241
0
0.0718
0
0
2e-04
0.0344
0.468
0
0
0.0341
0.0446
0.4938
0
0
0.9541
0.3068
5.8075
0
0
0
0
0.2506
4.0956
3.367
0.3365
0
11.3751
0.389
1.1049
0.0098
0.0314
0
1e-04
2.9134
0.689
2.6898
0
0.0182
0.4247
0.797
0.1228
0
1.1885
0.0033
0.3315
0.1423
0
8.4935
11.9445
0
0.005
0.8002
0.4643
1.185
0
0
0
0
0.814
0.2053
0
0
0
0
0
0
3.671
13.217
1.8312
0
1.7709
10.3957
0.1772
0
54.2495
0
0
0
1.7314
29.1101
7.0802
4e-04
0
25.1922
1.0664
6.0304
0.0305
0
0
6.8021
0.3111
0
0
0
0.1184
2.1202
1.0928
6.4441
0.0017
0
0
0
0
0
2.1851
0.2907
0
2.6509
0.5264
24.7492
0.258
0.3248
0
14.1969
0
0.0317
2.1771
5e-04
0.0235
0
0.0025
10.333
1.0385
4.2318
15.3584
16.585
0
10.0112
12.2274
2.581
33.6114
2.3331
6.1729
3.4203
0.5309
0
1.8095
6.9173
19.0885
0.1072
0.0474
1.3845
1.1133
0.2819
0.0273
3.629
1e-04
4.2181
1.0639
19.7937
11.552
14.7112
3.8395
4.0062
1.3956
0.252
0.0223
0.6724
2.9271
12.1048
31.2212
24.1864
11.7322
0.0053
11.5113
1.2285
0
0
0
0
0.1382
0.936
0
0
0
3.0951
17.5625
2.3668
0.0238
3e-04
0
0.0653
2.5778
0.8656
1.0686
14.8102
1.8011
0.001
2.8825
3.5561
2.2748
0
0
0
0
0
0
0
5.1933
0
0
0
0.4896
0.0016
1.3108
0
0
16.6188
0
0
0
0
0
0
15.1627
1.4136
0.1548
0.0037
4.6909
32.9549
36.0856
0.6313
0.801
0
5.2118
5.5446
3.8238
0
9.6013
0.6852
6.5086
0.3385
0
1.0041
16.5092
0
8.0534
3.1991
0
0
0
7.1551
2.2857
0.1363
0
0.0858
2.2885
0
4.2684
0.0681
0
19.0032
13.9288
1e-04
0
3.437
0
0
0.988
2.5107
0.0932
0.0117
12.6461
0.0558
0
20.9906
30.7507
11.3605
3.9177
0.3593
0.0286
0
0.0468
4.0987
0
0.0332
0
9.783
0.4434
12.0612
0.0149
23.2796
0.221
0.2273
40.4446
0.4072
2.7187
10.7403
3.2251
6.4299
0.1843
1.9293
0
0
0
0
0
0
0
0.0769
2.8519
0.5289
1.4909
1.4318
2.1423
0
1.949
39.3476
20.094
1.1801
0
0.0167
4.0486
1.3574
4.6957
9.4701
0
0.3577
0.3466
1.724
0.1037
0
0
0.0346
0
0
0.6388
0
4.5072
2e-04
0
0.1271
0
29.4588
5.8612
0.1588
0
0
0.7084
0
3.1901
27.6283
8.533
0
0
0
12.2396
13.8076
37.2999
2.1096
0
0
0
3.6804
21.7841
5.9092
0.0894
0.011
0.1849
0
0
0
1.37
5.2846
11.1069
4e-04
4.0077
0.0491
0.0405
3.3573
22.5199
0.199
2.0423
0
0
0
9.7699
0.3474
0.3025
4.8073
1.1091
0.0769
0.297
0.1357
0
0
0
0
0
0
0
4.7217
3.2589
0.4632
0.0012
0.1784
1e-04
16.1743
0
1.181
0.4814
4.6558
0.0223
5.8964
0
0.424
8.1035
10.564
1.9919
0.0621
0
0
1.4588
0
0
8.6376
0.2641
0
0
0.1174
0
3e-04
0.5794
0
1e-04
1.8111
0
0.8359
0
0
0
0
2.2554
1.1839
0.8473
14.9987
0
0
0
2e-04
19.461
0.6203
12.4038
0
1.7605
2.0491
0
0
5.1425
0
0
0
6.7391
4.7494
0.2358
1.2963
16.8097
0.0073
13.2692
0.2997
0
0
0
1.6737
4.6735
0
0
0
0
0
2.6876
0.0648
0
0
4.5056
0
0
0
0
0
0
0.0053
0
0
0
6.7686
0.3501
0
0
0
0
0.0024
6.695
0
0
0
1.4401
6.7817
0
2.2339
0
0.0967
7.6759
1.8999
0.0038
10.5539
0.2991
0.1108
13.1393
5.8419
0.6792
0.7765
0
0
0
0
0
0
0
0
0
0
2.9421
0.0757
0
0
0
0.0184
0
0
6.025
0.0234
0
12.1736
1e-04
0
0
1.9121
0
0
0
0
0.0085
1.7956
0
0
0
0
0
2.2178
5.0099
0
0
0
3.2265
0
0
0
0
0
0
0.4797
6.2673
0.9114
1.2816
0.0045
3e-04
1.5569
1.0103
0
0
0
0.2237
0
0
0
0
0.1259
1e-04
0
0.0342
6.1316
6.3353
0
0
1.4507
1.6542
0
0.1845
1.0774
4.9666
0
0
0.0022
0
0
0
0
20.481
0
0
0.0235
3.7606
21.1861
1.1543
0.1514
0.2474
10.1252
0.0419
0.1124
0.0421
0
0
0.0024
2.7696
0
0
0
0
0
18.9719
0.0812
0
0
0
14.084
15.4157
0.3617
2.8152
0.1621
5e-04
6.5969
32.1071
0.0521
0
0
0
0
3.0081
8e-04
0
0
20.678
0
0
1.6528
17.799
0
0
1.381
20.0236
1.0604
0.0875
0
0
0
11.9669
1.798
0
8.9667
14.3041
0
0
0
0.3991
0
0
3.0927
3.3796
0.8437
0
0.9126
2.7311
4.2182
1.1628
0
0
5.2123
0.1851
0
7.8637
6.181
1.9616
3.4603
15.4204
4.5118
1.0847
0
0
0
0
0
0
0
0
4.4583
0.399
11.3082
0
0
0
0
0
0
0
0
0
0
0.948
0
0
0
0.0369
0
0
0
0
5.4317
0.1868
5.2017
0.0296
0
1.6553
6.051
6.4622
7.8652
0.7786
0.1287
0.1521
0
1.4439
0
0
1.9253
0.2105
14.7555
3.1736
0
7e-04
0.5909
0
7.9447
0.0804
13.5885
5.0396
0.5043
1.2531
0
0
0
0
0
0.3527
0
0
0
0.0694
14.3309
0
30.4659
4.5918
0
0
0
0
0
0
0.0236
0.0035
0
2.3414
0.7904
0.1508
0.5334
5.9473
1.2395
11.9302
0.8653
0
0.7581
0.939
2.5196
0
1.3696
0
4.6057
0
0
0
0
0
0
0
0
0
0
2.0702
0
0
3.0223
0
0
0
21.1366
12.5594
1.4962
0.0016
0.0717
0
0
0.0804
0.3028
0
0
0
0
12.8894
0
0
0
0
4.2486
0
5.6836
0.4563
0
0
0
0
0.885
7.9707
0.9248
0
0
0
0
0
0
0
0
0
0
0
0
0
0
17.7405
37.7473
16.5644
0.0453
0
0
9.2602
0.1221
0.089
8.9116
0.3185
0
0
0.2647
21.9106
0.0346
0
0
16.1067
4.1527
0
0
0
0
0
0
0
0
0
0
7.351
1.7834
0.4097
0
0
0.0324
0.0208
0.077
0
0
0
0
1.3108
4.8467
0.0752
0
0
3.8013
9.7842
0
0
5.7819
10.8275
0.8905
0
0
0
0.0849
0
0
0
5.7202
4.086
0.2139
17.7916
0
0.3937
6.3872
0.0018
0
0
0
0
0.0624
0.6096
0.4556
0.4476
6.0714
10.9268
8.34
17.4905
1.4513
20.2292
1.3317
3.4787
5.5511
8.2045
3.1486
1.697
13.9094
47.498
20.6167
0
0
0
0
0
1.0166
0.0424
2e-04
0.0369
52.9076
0.1892
6.5153
0.0058
0
0
0
21.7089
0
0.0026
0
0.7386
4.7032
1.9443
21.042
0
0
0
10.3924
1.7241
0.8445
0
1e-04
0
2.3888
0
0
0
0
0
0
0
0
0.8623
3.2846
1e-04
0
0
3.4649
8.7893
0
0
14.1581
0.0382
0.4039
0
0
0
0
0.1088
0
0.0491
0
0.0663
3.8697
2.8693
0
0.0564
2.5561
0
0
0
19.2767
22.9214
0
0
0
0
0
0
0
1.583
0.4097
0
0
1.3154
22.0515
24.1132
20.6062
8.8114
0
0
0
0
0
0
0
0
4.0508
1.9585
0.1179
4.9769
0
0.2922
0.3089
1.0872
0.0126
0
0
4e-04
0
0
0
10.6719
16.3491
4.0098
0.059
0
0
3.1011
2.3699
0.0073
0
0
1.319
3.4682
0
0
0
0
8.1416
8.5734
0
0
2.9132
3.8573
1e-04
0
0
0
0
1e-04
0
0
0
0
0.1843
0.8668
0.0041
0.395
0.0942
1e-04
0
0
0.2246
0
0
0.2424
0.0345
3e-04
1.6288
0
0.1196
4.5278
26.5639
47.418
0.0083
0
0
0
0
0
0.1863
0
5e-04
0.305
4.5711
0
0
4.7994
2.1571
0
0
1.5159
1.3432
12.7575
0
0.1636
0.6154
0.0246
1.671
0.8317
0
1.479
1.3653
0.3515
0.3396
0.3396
0
1.5832
2.5452
0.0624
0
0
0
0.2286
8.9494
13.2384
0
2.1072
9.6013
0
0
0
5.4988
0
0
0
0
0
0
0.0021
1.666
6.0275
0
11.4375
4.0061
0.0475
1.503
0
0.2252
0.0371
1.026
0
0
3.3066
0
0
0
0
0
0.8544
0.0545
0.8942
0
13.2453
0
1e-04
0
0
0
0
3.1414
0.383
0.85
0
0
0
0.0394
0
1.0149
3.4853
0.52
0
0
0.0058
0
36.7448
4.751
0
0
10.694
10.1214
0.1112
0
3.399
0
0
5.0819
11.3342
0
0
0
0
0
0
0.0069
0
0.0436
5.2925
1e-04
0
8.6947
4.9872
7.9191
0.1546
0
0.4342
0.2087
0
0
1.444
0
0.7334
4.5756
0.3584
7.8859
2.8142
3.4269
20.7389
0
1.7526
0
0
0.007
7.9519
0.062
0
0
0
0
0.3335
7.6224
1.3195
0
0
0
0.5972
2.4543
20.8729
0.2382
0
0
20.8454
1e-04
0.2014
3.2621
0.4757
0.3708
0
0
0.7415
0
10.6435
13.2312
9.6751
0.0014
0.6028
12.523
17.344
11.6136
0.0721
0
1e-04
11.897
0
2.1668
0.2907
0
0
0
0
0.0179
20.3578
1.6008
0
0
0
0.0783
0
0.215
0
0
0
3.8999
0
0
0
5.7456
0
0
1.2155
1.8402
0.4925
0
2.6245
0.7439
0.09
4.3146
0
0
1.2045
0.9305
0
0
0
0
37.9147
5.2243
0.2085
0
0
0
0
2e-04
0.2751
5.9861
0.9605
4.064
0
0
0
0.0332
5e-04
0
0
0
0.008
1.6392
4.1183
0
0
6.9869
12.1064
0.0028
0
0
36.7267
31.1174
0
0.1922
0
3.3433
2.868
0
0
0
0
9.1218
1.5176
0
0
0
0
0
0
0
8.2956
0
0
11.1374
0.7925
0.1743
4.4163
5.6202
0
0
0
0
0
1.0357
3.9491
7.1496
2.3089
0.04
0.563
0
3.99
0.7945
0.0423
0
0
0
0
0
1.7787
0
0
6.4856
2.0732
0
0
1.666
0.8661
4.6592
2.2648
0
0
0
0.7896
0.532
0
0
0
0.51
6.352
0
0
0
0
1.3847
2.9175
14.3593
0
0
0.0236
0.001
0
0
1.1754
0
0
0
0.7549
11.5675
0
0
1.2954
0.0606
0
0
0
0
0
7.0387
0.1276
0
0
0
0
0
1.1127
8.3946
1.3
0
0
5.1252
0
0
0
0
0
19.3506
7.4405
0
3.1721
0.46
0
1.3563
0
0.0344
11.3623
0.088
0.08
0
0
0.0945
0.5308
0
3.4532
6.953
1e-04
0
0
4.6788
2.3454
0
0
0.2533
1.4551
1e-04
11.2753
5.4067
0
7.0117
0.0014
0
0
0
0.4801
0
1.3078
0.0025
0
1.6487
0
0
0
0.8056
0.0819
0.0515
4.0776
0
0
0
0
1.0167
0.0016
0.0015
9.008
0
2.2322
0.0445
0
0
0
0
0.445
1.8304
0.3458
0
3.5993
10.7136
0
0
0
0
0
0
0
0
0.8776
0.0943
3.0127
11.2202
0
0.0923
0.0624
0.0194
0.4
0
5.2499
4.7935
0.159
0
0.5418
12.4215
1.0574
19.1543
2.6841
0.368
0
5.8881
0.0923
0
0.0081
0.0014
0
4.4357
7.9539
0.5833
0.0129
0
0
3.2073
0.1171
0
0
0
10.1283
1.5806
0
0
2.2772
2.1831
4e-04
0
0
3.2584
0.5528
4.6376
0.0489
0
0
5.4332
3.9393
2.9097
0.0401
0
0
0.0618
0
0
0
0
7.6801
14.6819
1.753
5.5366
13.0948
55.7603
1e-04
0
0
0
0.3435
0.0319
0.0196
7.6663
5.1382
0.9204
2.5389
7.659
7.3339
10.2991
15.7928
17.2381
4.3576
2.9514
2.2058
0.0347
0.5985
1.0206
0.2641
0
6.7247
0.3495
47.4976
42.8467
2.2347
2.658
1.0713
0
0
0
0
0
7.3781
1.0887
54.2457
0.6244
0.183
12.2015
2.2457
13.0484
0.101
0.0032
11.4317
4.3196
5.4704
0.2892
0
0
0
0
0
0.1219
0
0
0.8181
2.1814
0
0
1e-04
19.4883
3.2717
0
0
0
0
2e-04
14.3178
0.6674
0
0
0
6.07
1.6663
4.9219
10.8553
6.086
9.3161
0
0
2.8898
13.4341
0
0
0
0
0.0338
2.6111
0.0546
0
0.1631
8.4952
6.5898
32.8193
0
0
0
0.5276
0.214
8.665
5.5404
0.1532
0
0
0
0
0
12.2705
0
0
0
0
0
0
0
0
0
2.9151
0.5937
0
1e-04
2.2139
2.9697
0
0
0
0
0.793
0
0
0
0
0
0.108
1.4122
0
0
0
0
0
0.3611
0.0268
3.1976
2.226
0
0
43.0178
0.6633
0
0.1189
2.6992
0
0
0
0
5.0631
0
0
0
12.5568
0.0023
1.3456
0
0
0
0
0
8.0998
1.1808
0
1.6356
0.2311
0
0
0
9e-04
10.1444
6.9785
0.0018
0.0258
0.7712
1.0113
0
0
0
0
0
0
0
0
0
0
0.9588
2.477
0.6586
0
0
0
0.0026
0
4.7237
1.0722
3.0005
7.5668
0
7.1202
24.7335
28.7501
5.4066
0.01
0
0
0
0
0.0803
0
0
0
6.076
0.2013
19.8571
0
3.2191
2.7613
1e-04
4.5497
1.5606
0.4798
0
0
0.7989
0
0
0
0
0
0.0503
0
0
0.0059
0
0
0.3904
0.3126
12.465
0
0
0
0
0.2717
0.7962
0
0.8142
0.053
0
0
0.5664
9e-04
0
0
0
0
0
0
0
32.4967
3.4441
1e-04
0
0
0.652
7.2389
0.5157
1.5314
3.2914
0.6828
0.0406
0
0
1.1061
21.5238
1.5573
0
9.0877
9.7836
0.8385
0.0341
0
0
0
0
0
0
0
20.3575
0.9273
0
0
10.9953
0
0
13.8667
5.0453
2.7801
0.4455
0
0
7.9866
22.5074
2.0205
7.8263
0.1252
3.0245
0
0
0
0
0
0
0
0
0
4.2395
7.0569
0
0
0
12.7976
0
6.8128
4.0549
9.159
7.7477
17.5185
0
0.5442
3.6888
0
0.0951
0.0143
1.4981
5.9681
0
9.4475
7.3524
3.0906
0
0
0.5435
2.7898
0
0.0607
5.6946
0
0
0
0
0
0
2.7108
0.9924
0.4985
0
0.1331
0.6558
0
1.5663
25.9929
0.6918
0.7901
0
0
1e-04
0
0
0
0
3.8797
0.6725
1.1929
0
2e-04
0
0
0
23.7596
1.896
0
1.2386
3.8921
0
0
0
2.6597
0
0
0.1014
0.0384
0.1727
0.4332
0.2914
0.0607
0
0
0
0
6.653
0.012
0.0032
0
6.1452
0
0
0
1.1715
0
4.0665
0
0
0
1.1048
2.4568
3.0536
3.5336
0
0
0
0
0.6054
0
0
0
0.3242
2.3614
10.2457
2.9619
36.1729
4.4681
2.8832
6.9242
0.9563
0.8094
2.1166
6.7518
2.9451
0
0
0.0543
6.1338
0
9.1631
0.5348
0
0
0.1703
0
0.0024
0
0
0
0.0028
0
0.0504
2.1662
30.2803
0.4327
0
0
6.6511
0
0
30.5937
0.059
0
0
0
0
0
0
0
7.934
0
10.1565
5.0373
4.9335
6.6394
4.2778
0.1696
0
0
0.004
0
0
0
0
0
0
4.6796
0.5571
0
2.4653
0.0467
0.1625
0.8665
19.7412
14.0502
0
0
0
0
1.459
2.2055
0
0
7.8519
0
0
0
2.0541
0.4973
0
0
0
3.5153
0.1197
0
0
0
0
0
0
0
0
0
2.1382
0.0181
0
0
2.7818
3.3934
6e-04
0.0013
0
3.9018
5.8687
0.9144
0.3245
0.0162
0
1.0557
2.6097
9.8431
0
0.0392
0.1001
0
4.6737
4.627
0
0
0
10.2878
4.1236
1.7667
0.0373
0
0
0
0
2.3151
0
3.3741
2.2045
0
2.7242
1.3702
0
0
0.0018
10.9032
10.0808
0.9001
0
0
0
0
7.035
2.9194
23.4855
0
1e-04
0
0.316
6.8257
0
0
15.7256
0
0.5411
7.9489
0.7327
0.5845
2e-04
0.0725
1e-04
0
0.1277
2.9485
0
0
0
0
0
0
16.8859
1.8492
1.5482
0
0.0766
5.1012
0
0
0
0
0
0
0
0
0
0
0
2.8259
9.3067
0
0
0.2334
8.1928
0.2588
0
0
0
0.4888
5.8541
0.0161
0
0.4414
0
0
2.9668
0.1725
0
0
3.5167
0.0156
0
1.6817
0.1488
0
0.4273
1.4228
0
8.9005
3.3315
0.4
0
16.8538
4.5158
0.0021
0
1.3332
5.478
0.7944
14.2369
7.7059
0
0
0
3.9009
0
0
0
0.0585
0.0075
1e-04
0
2.9873
10.5866
4.2069
0
0
0
0
0
0.4614
1.2119
12.9033
16.4311
10.8603
3.8328
0.0148
27.3682
31.465
2.7214
0.0013
0
0
0
11.2757
0
2e-04
0
0
0
0
0.3121
14.5151
4.5054
10.9581
5e-04
0
0.3865
3.2613
0.2481
13.9715
1.8288
7.46
0.0915
0.5844
0
0
0
0.3614
0.9534
0
0.6243
0
0.0575
0
0
0
9.9958
2.1421
0.0926
3.6652
6.0843
2.9339
0.9479
0.0601
0.0347
5.0042
22.6892
0.0151
0
0.8373
1.5504
8e-04
1.939
48.3202
17.1439
0
3.1108
0.0491
0
0.0046
12.4538
0
0
38.7879
8.7954
17.6538
42.3282
0.0086
0.0071
2.8514
2.0764
0
0
0.0087
0
11.0568
3.4957
0.2343
0
0
0.8598
0.6803
0
0
0
0.1449
12.6049
4.0755
6.1488
0.872
0.1671
0
0
0
0
0.4107
2.4393
0
0
0
0
7.0178
0.0025
2.3544
1e-04
11.8986
2.5086
0.2166
0
0
0
0
1.0229
11.0547
0.001
0
0
0.2137
0.2023
0.0015
13.2265
0.6569
4.7104
0.2074
0
0
0
0.1974
1.3063
3.0682
0.0395
0
1e-04
0.1347
15.6124
0.1227
0
0
0
0
0
0
0
0
0
0
0
0
0
0.3314
1.3258
1.5091
1.0138
15.7922
5.74
7e-04
8.432
1.3639
0
0
0.5278
0
0
0
0
0
0
0
5.0857
7.5316
0.0036
0
0.6008
12.7355
0
1.8138
0
0.0269
14.9767
6.3373
0
42.878
11.9195
0
0
0
0
0
1.3211
3.2381
0
4.7348
0
0
57.0214
2.6816
0
0
0.3557
0.0087
0
1e-04
0
0
0
0
2.3094
0
0
0
0
0.6256
0
0
0
0.0028
0
0
1.301
1.5106
2.7933
0
0.0026
0.0086
0
1e-04
0
0
0.4316
8.2623
3.0198
0.9719
0
0
0
0.1779
0.4469
0
0
0
0.0886
3e-04
0
0
0
2.6638
0
0.4353
2.2698
18.3794
0.1504
0
1.2925
0
0
0
0
0.0017
0.0257
2.9931
8.6868
0.1243
0
0
2.6918
3e-04
1.1868
0
0.1193
0
0
0
4.0758
1.5141
3.4297
1.134
0
2.834
0.223
0.2632
0
0
0.6106
5.3593
6.3837
0.011
0.775
21.8113
4.4283
9.299
5.8746
0.8206
6.8265
11.5325
0
0
1.17
36.5057
4.4273
0
0.3158
0
0.1555
0.9177
0
0
0
0
0.0021
2.1766
0
0
0
0.8319
0
0
0
0.257
0
0
0
0
0
10.908
3.8026
21.0337
4.4977
0.2362
0
0.8579
17.9209
2.8387
0
2.9918
1.0277
0
0
0
0
0.7674
0.0127
12.6843
30.2057
0
0.2862
0.1688
2.222
0
0
0
0.0454
4.4442
2.2527
0
0.0709
4.636
0
0
0
0.1739
14.0149
0.6799
0
1.4783
0
0.007
0.3609
5.9797
0.8418
0.2958
11.3156
5.6902
6.7343
0
0
0.5548
4.1635
0.2176
1.6141
8.5713
0
0
0
4.2801
0
0
0
4.4407
7.2161
6.5956
0.1236
0
0
0.598
0
0
4.8091
17.3077
18.8881
13.1161
10.1697
8.9179
0.7535
0
3.1401
0
0.262
6.8792
1.6105
0.0856
14.9296
9.9879
0.1015
0
0.0129
23.6772
0.0351
0
0
0
0.2779
4.2057
3.695
8.8877
0
0
0
0
7.003
0
0
0
0
0
2e-04
0
0
0
5.4768
10.8701
0.0397
0.9452
0.1876
0
2.5631
0.5376
0
0
0.6817
4.7406
5.3098
0
0
0
0
0.1912
22.0418
6.8283
0.0487
1.7244
1e-04
0.8997
0.0073
0
8e-04
11.2177
10.9936
10.123
0
0
31.9845
1.3475
0.0044
0
10.5946
4.6312
0
0
2.1891
0
0
0.167
8e-04
0.0756
0.0501
0.004
2.7304
0.087
10.574
11.6239
5.8667
0.0025
0
0
0
0
0
0
0
0.9154
0
2.5658
0
0
4.2713
14.1498
9.6804
0
0
0
0
0
0.0021
0
2.1256
6.9342
10.6206
9.5822
1.3532
0.3849
0.0095
2.8285
0.1168
0.7079
0
0.2906
0
0
0
0.0296
1.2398
1.429
0
0
0
0
1.8547
7.5673
19.5157
0.003
0
1.3638
32.7704
13.2023
6.2159
0.7073
2.2292
4.0537
0
0
4.2724
0.9528
2e-04
0
0.0159
0
8.7488
0.0104
0.1232
4.512
0.3861
0.5542
0.0017
0
0
7.6952
0
12.6259
0.8793
0
0.1294
0.8407
8.894
2.2175
1.0964
0
0.0301
0.1719
0
0
0
0
0
0
0
0.1714
2.8657
3.6821
0
0
0
2.3514
19.2858
1.0589
0
0
0
0
2.0963
2.1497
0
0
20.9218
3.0507
0.5244
0
0
0
0
0.3093
3.4743
0.2848
0
0
2.1496
1.3401
0
0.2768
0
1.2822
0.4356
3.13
1.8932
0
0
18.0366
1.4624
0.3219
0.0586
11.6975
0.0423
0.0835
0.1594
0.1998
1.7282
0
0
3.2143
1.1035
16.7105
8.6228
0.1314
0
2.7688
1.7083
17.7475
0.1852
0
0.0375
0
0.5439
0.2764
0.073
9.9921
0.2645
0
0
5.6558
0
0
0
0
0
0
0.4387
0
0
0.1658
0
0
6.6543
16.5433
0
0
0.1009
12.848
0.3353
2.0505
0
1.1024
0
0.1178
12.8145
0.0144
0
0.0213
0.7047
0
0
1.0906
7.1888
18.6964
10.2261
0
0
0
0.9737
0.2212
0
1.4891
0.2098
0
0
0.2408
4.6273
0
16.4976
0.6186
0
0.0725
3.6748
12.6005
25.8208
0
0
0.0725
0
4.1975
48.4384
2.9912
9.4181
8.1245
4.2101
7.1051
8.366
3.3396
0.8318
0
0
0
0
8.5462
1.3491
2.3377
7.4873
8.4263
0
0
0
2.2539
3.1388
10.8067
3.4356
0.7995
0.9202
5.5901
0.0434
4.457
6.3048
0.5808
14.5881
0.7944
4.6051
0.007
18.6928
39.3323
0.6258
0
23.3959
1.704
0.0974
0
0.4236
5.1088
0
0
8.7966
5.3794
11.36
25.2017
0.3058
0.97
0.2873
23.9831
0.3361
0
0
0.2414
0.0426
0
0.0317
0
0
0.003
0
4.0877
15.5033
1.0889
2.7397
2.8469
4.1354
0
0
8e-04
1.5722
0
0
4.6405
3.665
11.6943
12.7173
7.5596
0
0
0.6156
19.3014
0
0.4819
0
0
0
0
0.0195
2.1782
0.0094
0
0
0
0.1965
0.2682
26.5166
0.067
0.5819
0
0
0
2.3559
6.4557
0.023
0.7982
1.1588
1.6371
13.4909
24.0826
9.775
0.6916
28
0
9e-04
0
4.6759
13.0064
0
0
0.1555
0.5851
14.2097
1.0186
0.1815
0
0
0
0
0.0346
0
0
0.1901
1.0666
7.0911
7.031
0
0.0129
0
0
0
0
0.7244
0.0397
6.5288
0
0.4807
0.0417
1.5005
6.4309
3.2457
23.6874
0
2.4953
0.6611
0
0
2.7605
1.4393
0.0404
0
0
1.9871
3.4899
0
0.4543
0
6.9944
0.1826
0
0.0048
0
3.1594
2.8185
0
0
0
18.478
3.8471
0.101
0
21.4109
21.5547
1.3769
1.3354
0
0.0156
0.0072
0
0.071
0
0
0
19.5935
5.6106
0
0.8477
0
0
0
0
0
0.0048
0.3504
0.0446
1.3658
1.6471
0.0204
0.0044
6.1249
0
0
1e-04
6.3606
1.4372
0.2888
0
0
0
0.9455
0
9.9618
0.4958
0.4519
0
1e-04
6.0866
0
0.4726
1.3848
0.2746
1.3703
0
0
0
0
0.9236
0.3474
0
0
0
9.7931
11.5926
2.3984
2.3756
0
2.6244
8.9949
0
0
2e-04
0.9281
0
17.904
15.6096
8.2578
1.7888
0
1.4551
0.001
0
22.0369
0
0.0392
0.7601
0
0
7.6545
5.339
0.1917
4e-04
0.3159
0
0
0
0.526
0.188
0
3.8753
0.544
8.2846
1.285
0.2329
1.4222
4.3031
0.5177
0.2798
7.282
0
3e-04
0
0.0764
4.7394
0
0
0
0
0
0.6436
8.0382
6.7965
0.9504
0
0
1e-04
7.6977
2.4287
0.1007
0
0.922
0
0
0
4.1681
0.0055
0
7.5691
0.4165
0.3289
0.0985
0.109
14.6575
12.4638
4.6218
0
0.2781
2.3175
0
1.7764
1.0112
2.0567
20.688
12.4359
4.7707
0.0314
3e-04
0
0
0
5e-04
0.0449
6.8028
11.0413
3.3111
0.0211
0
0.1071
3.4938
0
1.0994
0.0042
6.9349
0.1756
0
0
1.2711
0.7305
0.8181
1.6746
0
8.6946
0
1.5586
2.3294
1.2869
4.0893
0.0242
0
0
0.4055
0.444
0
0.0473
0
6.4723
1.898
0
0
14.8058
15.8652
0.0188
1.1059
10.0387
26.4261
0.6055
0.4418
2.7221
0
0.0088
1.0444
3.9931
0.0577
0.8871
10.0257
0
0
0
0
0.1964
2.2874
0.3174
0.0101
0
0
0
10.1014
0.121
6e-04
9.6892
0
0
0
0
0.028
1.4715
0
0.4369
1.7929
15.0277
0
0.0016
1.8391
11.6572
0.7183
0
0
0
0
0
0.8457
0
0
0
1.3492
3.0673
9.456
0.705
0.0508
1e-04
0
0
0.2284
0
0
5.1681
0
0.7987
12.7745
3.8846
0
0
0
12.9246
0.71
0
0
0
27.2885
5.1397
2.734
0.6464
0
0
0
0
0
0
0.0118
0
0
6.7527
1.7544
1.8415
0
0
0
0
0
0
1e-04
0.0247
0.0891
0
0.5935
38.3061
13.0257
2.1013
0
0
8.5849
0
0
0
0
29.4061
4.4207
0.0079
0.06
0
0
7.1094
0
0.0439
0
0
0
0
0.015
0.0176
0
0
0
0
0
0
5.2257
1.2654
0.1655
1.4738
0.0141
0
5.0758
0.0333
1e-04
0
0
0
0
0
0
5.3388
0
2.9283
0.0017
0
0.1084
13.5599
9.6571
24.897
14.946
5.6179
0.4455
0.1164
0.3634
1.1624
4.3267
16.7295
0.0049
0
0.7062
0
0.0068
0
0
0
0
0
0
0
3.9403
0
0.0052
0
11.9838
0
0.1466
0
0
0
0
17.5896
0.0048
0.3027
8.2743
9.0103
1e-04
0.0048
0
11.3872
7.2578
0
0
0
0
0
0.0098
0
0
0.0055
0.007
7.4018
0
0
0
0.6905
3.7291
0.9791
0.1893
0.8712
0.4903
0.3931
0.5682
1.9466
1.8971
0
0
1.3086
0
6.091
2.2955
