1980 1 1
0
0.1647
1.0992
1.2704
1.0293
0.1761
0.3977
0
0
0
14.1477
0.1121
6e-04
1.2111
0.0134
0.0905
0.1324
0
0
0
0
0
1.6709
1.1882
1.4154
0
0
0
0
0.1232
0.3187
0
0
0
0
0
0.3365
0
0
0.5608
0
0.065
0.0651
0.141
1e-04
5.7692
2.0679
0
0
0.0233
0.192
1.1599
10.3462
0.0356
0.0052
3.403
2.1671
0.0565
1.6947
0.2883
5e-04
0
0.0499
0.0375
4.7312
0.0475
5.653
18.261
0.3531
0.0481
0.0733
6e-04
1.5045
0.4087
0
0.514
13.2063
0.6488
0
2.5786
33.0393
0.0337
0
11.5989
0.3386
0
0.6254
5.2086
8.3139
2.5904
6.1054
0.6599
2.9303
1.9897
8.5377
0.0162
0
1.1837
8.6857
3.5944
1.4983
0.5911
5.176
0.611
22.5747
0.9578
0.3748
0
0
0
0
0.2212
0
0
0
0.3424
0.3438
4.1715
8.0076
0.5082
1e-04
0
0
0
0
0
0
0
0.1389
0.1489
1.7723
3.9314
9.2024
4.8901
1.059
0
1.1843
25.0095
8.9501
2.4178
0.1889
0
0.5823
1.9512
11.5347
0.476
0
0
0
5.8813
8.8593
7.9175
26.7834
18.4571
3.3287
0.0023
0.0885
6.0209
9.2108
2.5263
0.0859
0.1548
0
0
0
11.928
9.5314
4.607
0
0.4633
5.8546
0.7644
0
0
0.802
4.851
0.0016
0
0.0121
0.3515
1.9295
0
0.8938
0
6.0433
16.7482
9.4684
0.3807
0.9353
7.1458
8.0138
2.0906
5.9441
11.0378
2.1552
0.1405
0.1827
0.2104
0.0604
0
1.1917
0.5901
4.5691
21.762
3.3328
0
0
0.6703
6.2088
12.395
2.2908
0.2384
0.2493
0.1624
4.4998
2.6522
0.22
1.6154
0.3259
1.375
4.0273
1.6837
10.8268
17.2505
3.6708
1.9402
14.3807
4.6451
2.7624
8.8597
1.6268
1.8297
22.4285
8.6522
3.4669
0
0
0
0
0
0.1722
2.6719
12.6035
17.3945
4.3826
1.3662
0.0575
11.9585
0.7763
0
0
0.107
1.3368
0.4542
0
0.0173
0.2115
0.2013
0.014
0.3339
9.9161
0.1631
0
0.2623
1.6192
3.5862
4.3828
0
2.2371
1.733
0.0024
0
0
0
0.3034
6.8651
1.1145
0.1481
0
0
0
0
0
0.2132
0.0908
0.0518
0.2001
0.0328
0.1634
1.8142
3.5029
2.2672
0
0
0
0
0
4.3043
4.8638
0.9865
0.9421
7.4425
0
0
0
0
0
0.4483
0.2363
0
0
0
0.8762
5e-04
0
0
0
0.5846
3.5971
0.325
0
4.8788
0.682
0
0
0
0
0.6026
2.3722
0.0813
0
9.8506
1.6864
1.9054
0.2442
0.027
3.1707
0.0673
0
0.1088
1.7224
7.4159
7.1421
4.0538
0.1042
0.2559
0.3044
0
0.8963
0.2634
0.1046
0
0.312
0.0759
0
0
0
0
4.7049
0
0
1.6351
0.056
8.317
0.3274
5.462
1.031
0.7751
0.6095
0.1162
1.6013
4.3367
2.3142
0
0
0.0643
0
0
0.0444
0
0.0201
0.2998
0.0454
0
0
0
0
0
0
0.2029
0
0.5008
0.1005
0
0.0199
0
0
9.4768
0.9672
6e-04
0.1911
0.0841
1.2122
0.0212
0
0
12.1213
8.775
0.0032
0
0
0
3.6199
0.3892
0.0433
7.6148
3.2768
0
2.9859
3.7491
0.2043
0.001
0
0.0184
1.3179
0
0.2263
0
1.0437
0.6134
0.0184
0.0285
0
0
0
0
0
0
0
0
1.968
0.0685
0.2333
1.1972
1.0613
0
0
0
0
2.4678
4.0179
3.5186
0.4049
0.2136
4.4132
0
2e-04
0
4.5998
5.5501
0.6108
0.0319
0
0.1885
6.9835
4.0903
6.257
15.8455
5.2645
15.0412
0.9303
0.2182
5.5124
2.7115
0.2082
0.3472
2.1726
1.4904
5.238
0.6753
0.0111
0.9487
0.6076
18.3449
11.5007
0.2117
0.1963
0
0
0.4582
3.7891
8.3108
0
0
2.8197
19.164
7.6136
3.1644
0
13.2334
6.7781
0.1378
0
0
0
0
0
0.0982
0
0.2202
0.2627
7.6973
12.5949
6.1771
0.3387
6.206
0.0192
0
0.2091
2.7132
7.8357
4.4935
4.0986
0
13.2102
45.685
15.1455
0
13.1165
37.8895
8.4998
0.2561
1.7704
0.1567
0
0
0.9333
24.837
22.7214
1.3237
3.9045
20.6128
0
0
0
0.8786
0.0587
0.2797
2.7797
1.6262
0.2459
0.2117
0
0
0
0.6354
3.1788
0
0
0
0
0.0035
2e-04
0
0
9.325
14.1476
0.9498
0.1711
0
0
0
11.4685
3.1429
7.5055
0.0768
0
0
0
0.7648
8.0775
1.8368
0.4729
0.759
0.7384
0.4139
0.3731
2.3665
6.9397
1.0184
0.0038
0.097
1.2082
0
0
0
0
0
0
0
0
0
0
0.0134
0.6154
10.1101
18.3915
46.262
20.6391
8.5
23.8725
19.6759
6.3377
0.1972
0.0098
0.2092
3.6512
0
0
0
0
0
13.06
8.4002
4.119
18.4443
7.7227
1.4177
0
0.3529
0.9583
0
0
0.4513
2.0581
4.8957
0
1.9991
5.29
1.4541
0.0422
0
0.0028
0.3952
16.7
0.0177
0
0
0
0
0
0
0
0.0502
0
0.8564
13.1678
0.378
0.0484
5.54
3.1761
3.4201
0.3615
0.2709
10.4682
24.1556
1.2933
0
0
0
0
0.0463
0
0
3.5324
0.9756
0.5297
0
0.001
0
0
0
0
0
0
0.2796
0.095
0.5453
9.5887
14.2859
0.8203
0
1.8675
4.3637
0
1.5137
1.8689
0
0
0
9.2734
0.2966
0
4.5431
0.411
0
0.9456
2.4313
0
0
0
0
0
0
0
0.3312
5.9248
0.2025
0.0011
0.1445
8.4697
7.1602
18.0738
0
0
0
7.0741
3.7435
0.3126
1.0457
0.8656
0.3372
0
2.8407
11.1862
0.9194
0.2847
1.1666
0.3506
1.7378
0.2692
0.6764
0.534
3.1364
0.1637
1.3118
2.7819
0.1305
0.0517
0.0349
0.07
2.3286
1.415
11.4157
0.7533
0.5192
0.2383
0
0.2194
0
37.4523
15.9866
1.8255
5.6982
7.3924
1.2459
1.7462
0.4051
0
0
5.1084
0.0294
0.4581
0
0.8577
0.2316
0.1541
1.2137
5.1757
0.6275
2.966
0
0.0375
0.0063
0.1095
4.4211
0
0
0
0
5.4113
2.3372
1.9977
18.2452
0.4778
0.0734
0.3265
1.0738
1.0955
5.5152
8.5346
0.6931
6.9932
0.0208
5.0594
15.7281
0.242
0
6.1784
6.6705
0.174
0
0
4.1948
4.1696
0.828
0
0.0212
0
5.6
10.1112
0.1827
0.1143
9.7774
1.0589
1.4038
8.107
0.8471
0
7.0306
1.0707
0.2321
0
0
0.238
3.6754
3.6729
3.5645
0.0129
0.0985
1.5956
0.8602
0.2332
0.5096
0.276
0.6566
0.3472
0
0
0
0.0483
0.3099
0
0
0
0
0.9001
8.3689
4.8542
0
0
0
0
0
0
2e-04
4e-04
0
3.1206
5.1667
2.7146
5.9646
9.6644
7.0384
0
0.0495
16.6563
31.446
13.5172
6.1747
2.2933
0.9446
3.9595
0
0
0
0.186
0.0386
0.2278
5.8733
4.1595
3.3768
0
0
0
0
15.4371
23.77
0.9138
0.045
7.7232
1.7234
4.1887
3.7058
0.1163
0
0
0
0.7318
19.0206
9.8672
0.6993
0.0675
0.0802
51.168
0.2262
6.1965
0
7.3726
0.6642
3.308
2.6003
1.2905
0.0053
0
0
0
0.0011
0.9019
2.2318
4.6455
0.7439
0
0.4539
0.0368
0
0
0
0.2039
0.2802
0
0
1.3224
0
0.5572
0.7309
1.1153
0.2762
0
2.4134
13.6135
2.2374
0
0
0
0
0
0
0
0
0
0
9.5814
0.7833
0.0743
1.1121
0.6959
1.0287
0
0
0
0
0
0.0203
3.0862
3.2222
0.1483
0
0
3.1842
0.5089
0.2041
0
0
0
0
1.1372
1.7621
0.1976
0
0.032
2.9883
0
0.0012
0.1055
2.1519
1.8389
0.5714
1.8913
1.2988
23.7781
0.3205
0
0
0
0
0
0
0
0.8798
2.6603
0.4525
0.3615
0.0035
0
0
0.0107
0.2364
0.1595
0.0483
0
0.5108
0.1793
3.9324
3e-04
0
0
0
0
0
0
0
0.7226
0
20.6642
14.6744
22.5137
5.8063
0.706
0
0
0.5154
8e-04
0.9721
1.0625
12.6249
5.2048
0.2027
0
0
0.2268
0
0
0
18.6334
16.3921
2.7972
14.6518
2.664
0
9.0196
0.2855
16.1316
0.9036
0
0.4612
0.1478
1.2092
1.9902
3.5799
0.2781
0.0144
0.4483
0.4778
2.7505
0.5474
0
0
2.3719
11.2047
9.1359
0
0
7.8242
0.8848
1.5184
0.6466
4.4873
2.1531
9.7571
2.1179
11.8015
2.3536
0
0
0
0
0
0
0
0
0
0
0
0
1.7785
0.4131
0.0573
0
0.3698
1.2305
0.0576
0
0
0
0
1.1139
6.3566
1.8631
0.014
0.0589
0.0182
0.0163
0
0.5
3.066
0.2054
0.2703
6.9222
0.3533
0.2962
0.5842
0.981
3.3482
0
0
0
0.0762
0.0432
0
0
0
0
0
0
0.2817
0
0
0.0081
0.0257
0
0.1349
0
0
0
0
0
0
0.0214
0
7.9407
3.3829
2.9081
0.3538
1.3222
1.7944
0
0
0
0
0.1336
0.0316
4.827
7.0378
2.226
7.145
0.2469
0.3314
0
0.0021
0.4048
6.6294
1.8584
0
0
0.0025
1.6046
8.7717
3.5936
0.5027
1.1914
3.4699
5.5269
6.846
6.5387
2.0472
0.9384
0.2444
12.181
11.9653
3.5914
0.1453
2.5105
0.0838
0.0174
0
0
0
0
0
0
0
0
10.0666
2.1157
18.4484
11.3537
19.0905
7.2105
1.7777
0.6812
4.3542
1.5709
9.3639
0.1566
0
0
0
0.1105
2.9001
7.5106
0.2822
0
0
5.0997
0.0677
0.6588
13.5874
0.5323
0.2605
7.317
0.4092
0
1.7594
7.0374
0.2639
0.0954
0.0367
2.9679
4.5878
2.4125
0.5749
12.1862
0
0
1.0839
0.4185
0
0
0
1.042
0.8893
0.8757
0.3906
0.3429
8.2604
0.2392
0
0
0
0
0
0
10.9886
25.0682
4.0608
10.5939
4.2062
5.6023
6.1157
12.0921
2.0609
0
0
0
0.0548
0.0115
0
0
0
0
0
9.0886
16.031
5.654
4.5831
2.7395
0.8583
10.0962
1.2993
0.5535
0
0
0
0.1398
1.084
3.3596
9.6746
2.2172
0
0
9.5142
0.6392
0
0
1.2663
0.4985
0.0408
10.797
0.2146
0
0
0
0
1.2938
0.0249
0
0.4183
0.1435
0.7817
0
0
9e-04
0.2019
1.8093
6.3757
0.0741
9.1991
7.8099
0.0129
0
0
0.0029
4.431
13.7997
10.8618
0
0
0
0.0126
0.0279
0
0
0.2426
9.4943
1.0152
0
1.5464
7.3672
11.9294
0.1908
0.1094
0.3041
0.0829
0.0882
0
0
0
0
0
0
2.6605
12.9166
16.2975
0.0552
0
6.2403
0.7018
0.1161
0.1162
6.3169
42.9051
0.8669
0
0.5107
0
3.9804
0.1842
1.8459
3.8018
26.53
3.1899
0.2615
0.0665
0.101
0.0692
0
0
0
0
11.92
6.6733
2.6891
0
0
0
0
0
0
20.0125
26.6158
0.0172
1.364
3.7354
18.9154
7.7033
0.093
0
10.6487
2.6335
0.3964
0
13.8741
0.0541
0
0.909
7.7199
21.0169
0.0241
0
1.3306
0.9578
0.6651
18.4897
0.6075
23.0924
0.7162
1.9814
0.6412
0.3489
11.3501
4.622
0.0155
1.7858
0.23
6e-04
0.044
0.0403
0.3704
2.9359
5.3982
7.7073
0.0234
0.5034
0
0
0.9565
8.7238
0.3035
0
0
0
0
0
0
0.2195
0
0
1.407
1.5741
2.1368
0
0
0.2827
0.4315
2e-04
0.0788
0.2914
0.7545
0.0118
0
0
0.5653
0.4681
6.5969
0
2e-04
0.0506
0
2.7714
5.8465
0.036
0
0.1545
2.6749
0.1672
1.3758
1e-04
0.0205
0
1.6408
1.0127
2.5811
0.5892
7.1929
2.8833
0
0.113
2.0232
0.1672
0.7883
0.0121
0
0
2.6964
0.3569
7.9169
4.6588
2.5729
3.5255
0.1596
0
0
0.9212
0.0555
4.4643
2e-04
2.167
4.8072
0.2167
0.1803
0.858
0
6.1334
0.009
1.8194
8.5123
0.0365
0.7094
0.4531
15.2107
10.9855
2.217
0.2828
0.1933
2.5324
2.0952
2.594
1.5153
1.1564
0.5118
0
0
3.5299
3.334
5.1817
6.9305
0.3776
0
0
0
0
0
3.0195
10.4419
9.7614
4.8343
2.227
5.3473
2.5605
0.1667
0.0361
8.1921
37.6669
6.5631
3.5038
0
0.0373
19.1026
0.0129
0.1344
1.2555
0
4.5604
1.9259
2.1
0.258
0.2366
2.3764
3.4024
0.0161
3.1894
1.5274
6.1679
2.3653
0.1219
0
0
0
1.03
2.0728
35.9826
8.4033
5.8065
14.5211
0
4.8889
5.2636
0.1538
15.4261
1.5806
0.0524
0
0.8282
0.0292
0.1163
0
0.7448
0.2278
0
0
0
0
0
0
7.1714
9.6062
0
0
0.8669
0.4117
0.3567
0.0327
0.001
6.034
12.4153
3.7202
0
0.12
1.5352
0.2402
0.0286
0
0
0
1.1285
9.2653
22.5255
2.5666
0.2341
0
11.999
1.3771
1.7813
0.0286
0
0
0
0
0.4474
0.4608
0.1009
0.1804
0.3682
1.6921
8e-04
4.0071
4.3024
10.0724
6.7015
0.1205
0.135
0
0.1472
3.8292
6.6958
3.7078
0.2261
0.061
1.8855
35.1721
6.4199
10.3681
0.23
0.1155
0
0
0
0.0033
0.0674
0.0077
2.1271
1.0346
0.0015
0
6.1936
0.7962
0
0.0011
0.0013
0.0078
0.3996
0.2369
11.0413
4.6333
4.8682
0.7504
9.6171
0.0275
0
0
3.0454
0.2149
3.2575
4.7128
1.5102
1.0961
1.4607
5.7231
2.036
0
0
0
0
0
0
0.156
4.6737
2.491
3.7167
5.8282
0.1272
1.082
0.0259
0
0.2407
0.0287
0
0
0
0
9.5908
3.3908
0.3442
0.2678
0
0
0.0507
8.0422
3.5485
4.5117
0.1817
0
1.6191
0.8006
5.4361
0.2571
0.0086
0.7899
0.2309
0.0233
0
1.0146
0.9665
0
1.627
11.7705
2.3188
0
10.9274
0.6507
0.0509
0
0
5.7106
3.8796
15.8251
0.3784
0
0
5.0643
0.0046
0
0
0.0681
0
0.0014
0
0
0
0
0
1.2451
13.7724
1.5076
0.1119
1.3885
0.2906
4.5352
1.202
0.096
4.242
0.1827
0
0.2747
2.4306
0
2.4688
5.0783
8.4463
0
0
0
0.1396
2.0454
0
7.1429
1.3423
0.1777
0.9973
0.6489
2.2484
3.0851
9.7879
5.6371
7.6148
2.9513
16.1005
0.0077
0
3e-04
0
0.1498
0.2866
0.0673
0
3.3225
1.0308
0
0
0.689
0.5493
0
6.4633
0.9188
0.1879
0.1282
0.3206
0.7472
1.6357
0.386
1.794
0.0892
0.2225
0.0416
0
6e-04
1.1788
0.3338
0.3817
0.0357
0
1.8036
0.3384
0
0
0.9768
3.9552
11.9684
6.7031
2.7838
0.7306
0.2348
0
0
0
0
0
1.3811
6.1714
14.0822
2.2907
0.0468
0
1.7693
0
0.3386
0.0985
0.4022
16.9962
1.2747
0.0965
0.3264
1.0025
0
0
7.3801
2.0299
0.1669
0.0563
0
0.0214
0
0.5106
0.2544
0.168
0
2.2617
4.4151
2.5978
0.0114
0.1317
4.4235
13.9969
15.2306
19.3125
17.6746
0.4188
0.5935
3.4846
2.8378
7.7213
6.2269
0.7899
1.2579
0.816
0
0.0514
0
0
0.006
0.1326
0
0
0
0
0
0
0
0
1.4276
0.0603
0
5e-04
0
0
0
10.9582
6.4176
0.044
0
0.0783
0.4632
0.0646
0
0
0
0
0
0.8303
2.4813
8.6284
3.4973
9.1391
2.5626
2.7647
3.157
5.2977
0
0.2333
0.2771
0
0.8137
10.7898
18.5652
0.0028
0.0957
0.1485
0.1563
6.5522
3.8329
2.2161
3.4302
0.4147
0.0994
3.5532
21.5351
4.1214
11.5226
7.7202
1.6552
0.7024
4.8393
7.7371
7.4474
0.2734
0
0
0
1.7082
0.5598
0.1685
0
0
0
0
0
0.691
14.5556
13.4668
0.7856
0.1397
4.2574
1.4628
0.0349
0.0924
0.0291
25.0171
0
0
2.0026
9.1362
3.7186
9e-04
0
0
0
1.2415
0.6662
1.1462
0
0
0.7562
10.715
0.0252
0
0
2.8143
19.3532
1.0628
0
0
0.1538
5.3279
3.3909
2.9418
1.2613
0
0
0
0
16.8605
6.95
11.4201
1.6098
0
4.3069
0.8435
0.3276
0
0
5.7632
16.3292
8.4688
4.6733
0.1717
0
0.6393
30.0628
0.4858
0
0
0
0
2.3121
3.5247
0
12.7678
20.3364
0.8582
0.0417
0
0
0
0
0
0
0
0
0
0
0
5.1974
2.8799
0.2084
0.6592
0.6659
0
0
1.6701
1.6895
0
0.0026
1.6011
1.5424
0.4199
0
0.0088
0.8894
3.3324
5.6103
7.1837
4.0295
8.1027
18.2727
0.0013
3.6544
2.9523
16.9414
3.6359
0.2302
0
0.2981
3.4441
0
0
0
0
0.1298
1.3022
1.7913
0.4947
7.9347
17.773
5.9593
3.4503
0.0536
2.1554
0.0057
10.325
10.7564
2.4294
5.3324
8.3374
5.6496
3.2171
15.8244
0.1512
3.897
4.1383
0.9633
0
2.5454
0.0029
0
4.4675
21.7271
4.1875
5.9547
0.0592
0.0666
3.3547
0.314
0
0
2.9554
0.4878
0
0
0
15.9626
20.1923
0.9991
3.0236
0.0443
0.0012
0.5644
0.7254
9e-04
0
0.4066
0.2439
1.0287
0.2254
0.6492
0.7931
0.4262
3.2
0.0404
0.0522
0
0
0
0.0336
1.729
0.0231
0.8845
0.0336
0
0.0024
0
0
0.0502
0.1764
1.0275
1.6223
0.0012
0
2.2565
0.685
9.8515
1.3848
0.006
0
0
0
2.224
0.3769
1.2455
0.2538
1.7921
0.0021
0.917
0.55
0.7498
3.3033
19.2816
2.6934
0.765
14.1709
0.1227
0
0
0
0.073
0
2.4823
1.1004
2.3485
2.687
0.2641
3.3836
0.2315
7.522
0
0.0029
0.0499
0.6526
3.3843
0.6824
0
0.2504
0.8999
2.0262
0.4613
0.0638
2.4136
0.1047
0
5.0518
2.4864
7.8673
5.9993
8.133
0.0618
0
0
5.0603
0.6903
11.8589
0.0035
0.0179
0
0
0
0.7321
2.5595
0.786
0
0
0
3.0316
0.51
0.5647
0
8.6647
3.5221
1.8651
0
0.2052
0.0651
0
0.0639
0.4514
6.9827
0.7071
9.0347
1.304
0.7036
0.2711
2.403
27.3025
4.4212
0.3569
0
0
0
0.9522
1.5653
2.9584
0.2839
4.8911
0.5767
0
0
0.3138
0
2.2254
4.1793
0
0
0
0
0.2788
0.6546
8.7433
3.6378
17.2017
6.2034
14.7909
2.8408
0.5068
1.7234
0.8755
0.0131
0
0.962
1.9898
6.8793
0.0111
1.085
3.8818
0.4791
0.5054
0.0241
0
0.5511
18.5723
11.7926
7.0332
2.0765
2.6273
4.2716
5.2698
0.7168
3.2989
0.2131
9.4804
12.8085
0.8397
1.253
8.5225
2.0707
0.3174
0.4989
0
0
0
2.0867
8.2646
10.2786
0
15.1248
1.116
7.7756
0.0596
0
0.2949
0
0
3.1644
29.5564
3.9865
26.1535
9.6235
3.4276
0.0459
0.0651
24.2954
0.5987
0
0.1054
0.2478
0.0633
0
0
1.0817
6.2298
8.721
0.0239
0.0407
0.0227
0
2.3133
6.9254
0
0
0
4.2722
1.3651
13.433
1.6258
0.4276
21.0123
0.5502
0.5535
0.4191
3.4733
2.2107
6.3283
0
0
0
0.0013
0.0036
0
2.7694
0.086
0.1301
27.101
8.1849
0
0
0
0
0
0
0
11.8909
0.1302
0
0.3826
0
0
5.182
13.8976
4.8071
0
0
0.6608
0
0.1676
18.9342
0.0252
0
0
2.0852
5.8939
2.7463
16.2701
5.7223
15.3584
0.6028
5.7066
12.6904
11.7949
0.1494
21.6366
3.5712
0.3755
0.44
0.0013
0
0.8073
0
0.0792
2.1429
9.5389
7.1526
0
0
0.0547
0
0
3e-04
0
0
0
0.1552
8.857
4.2321
2.0702
0.0444
0
0
0
0.1197
0.9674
0.0479
0.512
0.115
0.006
0.0254
1.9062
1.4722
0.0789
3.2678
0.1204
0.1847
0
0.5372
0
6.8068
7.5256
0.3422
12.1779
1.024
0.2346
0.1353
0.4662
0.9623
25.208
0.0267
3e-04
0
0.0019
3.5882
17.4836
2.0305
0
2e-04
0
7.0679
4.2898
5.2188
0.0353
0.0012
0
0
0
1.1849
0.9074
0.4408
2.3546
0
0
0
5e-04
2e-04
3.5739
1.8281
0
0
0
0
0
4e-04
0.2585
0.7008
0.0936
0
0.5008
0
0
1.2309
0.4313
5.4631
0.5234
0
0.3535
0.1792
0.9256
0
0
5.1
10.1457
0.2208
0.0504
0.4232
0.0693
0
0.1786
0.3228
0.001
0.4564
6.6552
4.7324
0.104
0
0
0
0.0011
0
0
0
0.2224
0.0332
0
0
0.4437
0.0126
0.4015
0
0
0
0
0
0
0
0
0
0
0
0
3.3928
5.4626
5.1354
0.1119
0.4153
0
0.9722
0
0
0
0
0
0
0
0
3.569
0.1357
0.0011
0
0
0
0
0
0.506
0
0.0234
1.0038
0.7343
0.0637
0
2.7297
26.6713
4.5225
0.7355
2.6002
0.1841
9.1278
11.5636
0.2601
0.2195
0
0
0
2.4781
2.592
0.0188
0.3064
2.1548
0.5251
0
0
0.3095
0
0
0.887
3.4725
0.2184
0.005
2.0108
2.1388
0.725
0
0
1.0151
18.6956
4.9685
0.0411
0
0
0
0
0
0
0
0.5826
1.0255
0.6507
2.0279
0
0
18.2744
3.1731
1.225
0.7594
1.0821
0
0
1.5763
7.2996
1.8482
0
0.0132
17.4784
3.6955
23.2551
6.2642
10.6866
0.016
0
0
4.4446
0.6783
11.3643
0.7114
0.0507
15.8989
0.3553
0
0
0
0
0
3.6478
14.9477
4.8917
4.9041
1.1683
1.3242
1.0556
2.6186
0.0021
0.0018
13.3398
21.9902
9.0815
7.4743
2.362
6.3529
2.8057
5.1217
3.301
3.1345
0
5e-04
8.291
0.1533
4.6395
8.1004
0
0.1352
0.1605
0
7e-04
6e-04
0
0.202
0
0
0.1097
0.0894
2e-04
0
0
0
4.5911
6.8712
0.708
3.0015
0.0114
0.1452
0
0.0333
3.461
7.4312
0.3387
0
0
0
0
0
0.166
0.8683
0
0
0
4.4561
4.7404
0.4884
0.5348
6.0123
36.9587
23.5838
8.3352
0.1767
1.2306
5.1751
3e-04
0
0
0
0
0
0
0
0
0
1.2103
0.6909
0.6297
0.8609
6.6329
1.343
3.4498
5.1195
0.5466
2.0957
0.5979
0.9453
0.015
0
0
0
0.2488
0
2.1458
0.6804
0.2092
0.0647
0.2595
0.9821
0
3.4552
3.4593
0.9208
2.1934
0.5521
1.6926
0
0
0
0
1.0127
3.1751
0
0.2064
1.484
0.2657
0.1272
6.5908
1.3546
0.871
0
9.6906
0
0
0
0
0.4687
0.0358
0.0643
0
0
0
0.5045
1.9002
5.8476
0
0
0
0
0
0.0257
0.1891
1.0399
0.0883
0
1.022
0.51
0
2.0835
0.7581
18.6818
0.5237
5.6497
1.1688
2.9245
1.8942
5.3287
6.2242
2.7115
1.6832
0.1034
0
2.4166
0.5473
1.2376
0.0102
4.478
1.2122
0
3.2124
18.1899
0.3109
0.0391
3.6654
0.7464
4.8785
0.2373
0.0494
2.0352
0.1725
1.5208
0.463
1.6865
6.7968
0.3298
0
0.0194
0.0014
0
0
0.1008
0
0
0.0511
0.0157
0
0
0
0.0339
0.0404
0
0
0
5.6567
4.9251
0.9792
1.932
0.5747
0
1.1329
3.2066
1.188
2.8801
0
0
0
2.354
2.5281
3.9034
6.5001
0.894
8.7272
0
0
0
0.0635
0.2488
0.5706
7.6681
3.9651
0
0
0.5168
0
0
0
10.6048
0.726
1.8324
0
2.4328
0
0
0.3273
0
0
0
0
2.8813
4.8628
1.4116
0
0
0
0.4149
0.3525
0.0076
0
6.258
0.6742
0.5303
0.6232
1e-04
4e-04
0.4247
0.0093
3.7989
0
0.3287
0
14.2316
4.7155
0.7804
0.1063
0
0.2669
1.3244
2.547
1.1411
3.3148
15.703
2.3267
0
7.9452
2.9329
0.2391
0
0
0
0
0
0.0958
8e-04
0.6235
0
0.3107
0.5474
1.7775
1.3427
0.045
0.8152
0
0
0
1.3296
3.3597
0.619
0.2187
0
0
0
0.1167
0.2113
0.0093
0.298
0.2593
9.5107
0.5383
0.1879
0
0
0.269
0.378
2.3721
0
0.7615
0.5849
0.409
0
0
0.5251
0.06
0
0
0
0
0
0
0
1.6094
4.7961
0.1236
0
0
0
0
0.0486
1.5782
0
0
0
0
0
0
1.4495
0.0935
0
0
0
0
0.6187
2.5263
0
0
0
0
0
0
0
0
0
0
0
0
0
0
0
3.5553
4.4599
3.8037
0
0
0
0.2641
0.6709
13.0121
3.468
7.0681
5.7859
8.252
0.0276
1.3221
0
13.6942
5.5544
0
0
0
9.8225
6.6768
0.0972
0
0.9278
4.7542
5.7949
5.1072
0
0
0.7576
3.8014
1.0154
0.0412
0.1825
2.3018
6.4009
0
1.4296
8.7103
11.7914
0.4437
1e-04
2.4073
11.1096
0.7238
0.272
1.4581
0.8503
26.8248
0.6143
0.4862
0
0.8045
1.5935
10.0416
2.7617
0.6593
0.2661
0
0
0
0.2208
8.7264
1.8596
3.3294
0
0
0.1557
0.4708
1.5281
2.5762
1.5333
0
0.3596
0.0775
0
0
0
0
0
0
0
1.0651
2.9282
0.2132
0
0
0
0
0
0.5165
0.3895
0.9133
0.0308
0
0
0
6.6697
4.8859
23.304
0.5111
0
5.4209
2.9277
3.771
0.6037
0.0032
0.7658
0.1721
2.5238
0
0.2127
0
0.1129
0.5143
0.1991
22.2367
15.0568
3.0556
0.78
5.1081
0.7046
19.3578
1.4052
0.031
6.1865
0
1.8706
2.6043
0.0545
0.0056
2.6195
18.1761
0.1913
0
0
0
0
0.4434
2.8243
0.1569
0.7403
0
0.289
0.2028
0
0
0
0
0
0
0.2484
0.851
0.2986
0
1.1207
0.1399
0.1011
0.2737
0.521
0.0902
0.3005
0.1026
0.5706
0.1376
7.1389
1.2316
1.0195
0.4018
12.0418
17.1878
0.0069
0
0
0
0
1.4681
2.3305
0.0963
17.5076
0.0371
4.5381
0
0.2012
0.0761
3.3798
2.2751
1.4706
1.0903
0
0
0
0
0
0
0
0
0.7141
1.9326
16.4259
0.0758
0
1.7433
0.1853
0
0.4868
0.8654
3.9196
0
2.1397
0.6365
0
0
0
0
0
0
1.7774
0.6139
1.0525
0.1182
0
0.0331
0
2.8366
8.2742
0
0.7778
0
0.1405
1.8684
0.0588
0
0
0.3287
0
2.865
5.0701
0.5709
0.2276
0
0
0
0
0.2319
0.2748
0
0
0
1.3
10.0515
0.0014
7.0201
0.7824
0
0
0
0.5059
0
7.5067
6.5026
2.9253
13.7846
2.1755
3.8542
3.1396
16.0036
16.0109
1.1994
0.6743
2.9528
2.4838
0.3931
0.0938
0
1.7667
1.4836
1.006
2.5017
2.5427
2.5595
3.3068
0.4292
0
0.0813
0
0
0
7.2874
0.8701
1.8355
3.6725
1.0293
0.0661
0.9339
1.0067
1.6599
0.305
9.9525
4.706
4.0392
0.9301
7.1196
0.9174
1.7313
2.9202
6.2622
0.5896
2.7491
0.1864
0
0
3.4942
4.0518
1.5979
1.7098
20.2064
1.5305
19.0838
26.023
0
0
2.5367
1.5218
14.2694
4.4703
18.4296
5.0709
5.0243
3.0758
0.0238
0.0255
0.0066
0.735
0.0052
0
19.9413
8.2347
5.4497
2.5014
1.3815
1.5281
1.4365
3.4252
1.0002
2.1169
1.4196
0.0046
0
0.2119
4.0535
4.0145
3.6434
0
0
1.7694
0.0738
7.3679
0.8091
0.1966
1.1805
0
0.8005
2.1672
2.9616
2.521
1.124
0.3356
0
0
0
0
0
21.2096
15.2662
0.5677
2.368
0.395
0.0164
2.8776
10.5284
5.7296
5.8047
0.365
13.9821
0.8463
0
0
0
7.0682
3.2186
9e-04
0
0
0
0
0
0
0
0
8.3662
1.691
0
0
0.2976
8.1954
2.6793
2.8322
0.9382
0.3159
0.0029
0
0
4.1759
1.0862
0.3171
0
14.6928
0.0115
0
0
0
3.7405
3.9377
2.0925
6.4647
9.9391
0.0329
0
10.7887
8.1445
3.5291
12.0557
1.2405
0
0
0
0.1069
0.1193
0.0215
0
0
0
0
0
0
0
0
0
0
0
0
0
0
0
0
6.7152
0.0541
0
0
0
0.1015
2.0665
9.4941
0.3306
25.7828
1.8754
3.7592
0.6221
0
0
0
0
0
0
0
2.9693
2.4864
0.1393
0.0361
0.1099
0
1.8729
2.4006
9.2108
1.6872
0.5572
0.0878
0
0
1.2981
10.3532
12.2082
6.3598
0.3301
0
0
0.23
0
0.0836
0
0.2025
0
1.8434
0.7779
3.2333
0
0
0.0511
0.0764
0.1699
0
0
0.4009
0.0196
0.5046
0.1534
0
2.2823
0
0
1.9726
2.1362
0.0851
0
0.175
1.7947
0.3449
0.3243
0
0
0
0.6925
2.0235
0.1055
2.9348
4.8203
8.2989
5.7845
0.0334
0
0.3867
7.378
0
0
0
3.5474
1.1693
1.3762
0.0603
0.014
0
0
0.3293
0.1434
5.2769
3.1076
0.1033
8.9575
0.6583
0.1016
0.0211
0.1273
1.45
0.0189
0
0.0532
5.4319
0.232
0
7.3771
16.0836
2.368
10.2654
0.5876
0
0.305
0.0322
2.3639
0
0
0
1.4373
12.0608
26.4216
3.1035
2e-04
0
0
0
0
31.1789
4.2878
1.707
0.0928
0
0
0
0
0
0
0
0
0.2687
0
2.4764
9.4048
0.981
1.5365
0.0013
0
0.5144
0.3726
9.6272
0.47
0.158
2.927
0.0898
0.2377
1.1421
0.5643
0
0
0
0
2.1523
2.2967
4.6144
2.5957
6.7994
1.793
0.4626
0.3139
0.3177
0.7833
0.5521
0.1977
0
26.6514
1.9624
0.353
0
4.8146
0.0612
0
0.3161
0
0
10.6116
7.4171
0
0
0
0
0
0
3e-04
0.2001
0.0379
0
1.2617
9.3754
23.374
4.131
0.1274
0
0
0.1514
5.0636
6.0195
7.8522
12.0042
4.1441
4.2312
14.0919
2.56
0.0522
0.0296
1.3237
0.2035
0
0
3.2313
8.8996
14.6568
0.0102
0.2202
0.4042
0.5096
0
8.2205
2.9241
9.7112
5.1855
0.1402
0.4622
2.1044
26.3372
6.3612
0.004
0
0
0
1.5033
0.2171
0
0
0
0
0.3007
2.2233
4.5062
1.5925
0.4937
0.1898
0.0897
13.3023
5.311
6.8303
0.0019
0.0028
0
0
0
0
0
0
0.1209
3.3192
2.0389
39.0228
22.7184
3.5706
12.5701
0.3616
0
0
0
0.3678
26.4406
18.2957
30.7835
2.7243
0
0
0
0
0
0
3.0876
1.0286
0
0
0
14.5371
6.548
0.3661
0.0156
0
0.0021
0
2.5834
2.2937
25.876
0.0657
0
0
0.0567
2.6421
5.1079
3.5892
9.0244
3.1247
0.6505
0
0
0
0
0.1048
0.3327
8e-04
0
0
0
0
0
0
1.8429
11.4559
2.4557
38.2311
0
4e-04
0.0018
1e-04
12.0785
2.5769
7.6689
0
0.0368
7.2161
2.7729
2.8537
1.9809
0.7202
0.2082
0
0
0
0
1.2788
1.2231
0
0
0.2268
20.1766
0.1159
0.812
1.9983
2.5636
24.4324
16.6959
2.2685
2.2
0.2674
0
0.0013
0
0.4585
18.4535
0.0371
0
0.2758
9.9619
0.1607
0
0
0
0
0
0
0
0
0
0
0.0379
1.1651
14.7025
0.5647
0
1.6711
2.5719
1.9974
0
0.1558
0
0
0.2525
0.0655
0.3494
0
0
0
0.7332
13.06
0.7353
0.073
0.2011
0
5.7371
5.3563
0.0279
0
0.0139
0.1477
32.108
1.0107
0.0323
0
0
0.1078
0.1276
0
0
0
0
0
16.8445
0.9699
3.4408
14.67
0.5541
0
20.7914
2.6813
18.1612
2.2875
0
1.3959
0.5817
3.4472
26.9891
30.8637
0.2902
0
0
0
0.834
1.3223
0.1303
0
0.0673
0.1205
0.3918
11.7655
0.5718
0
1.1059
0
7.9947
0.4065
0.0161
0.2362
3.9247
4.2679
0
0.22
0
0
1.093
0.6666
1.1164
0.0931
6.297
0
0
0
0
0
1.3237
1.1413
0.8007
0
0
0
0
2.1805
3.8279
7.5695
1.0269
2.3616
0.3069
1.6623
1.1555
1.1268
0
0
0
0
0
0.0017
2.6585
0.5636
0.445
2.1889
0.1268
0.6099
3.7631
2.7583
0.0535
0
0.103
0.2092
0
0.0017
0.01
2e-04
0
0
2.1583
7.4344
1.1801
0
0.0679
6.0758
4.8518
0.4456
1.271
6.0483
1.9527
1.6849
0
0.2264
0
0.2863
0
0
1.1972
2.884
0
0
2.1045
2.7466
0.3239
0.2846
0.0369
9.3927
4.3526
3.0437
0.0603
6.5854
0
19.8998
8.8071
0.801
2.4796
0.2223
6.7584
0.34
0.0496
0.0028
0.3318
0.659
0.0476
2.4749
0.0591
0
0.0024
9.2329
2.4398
0
0
1.7091
0
0
0.1387
0.2151
0.3175
0.076
1.5827
3.3085
1.2283
0
0
0
0
2.7893
7.6778
2.3707
14.5483
0.7943
0.0217
1.2329
12.6081
26.1148
2.4179
0.6261
0.0697
0
0
0
0
0
0.138
0.7799
4.2966
1.4897
0
0
2.7451
4.8979
0.1679
0.0594
0
0
0.0429
0.1077
0.0382
0
0
0
0
0
5.4859
0.3892
4.8084
8.3909
3.1177
5.9395
0.919
2e-04
0.2898
1.5482
0
0
0
7.6052
4.0575
5e-04
2e-04
0
0
0
0
0
1.938
8.5948
1.4439
0.1031
0
0
0
0.2645
9.1498
1.9166
0.1894
0
0.3039
12.0595
0.4237
0
0
0
13.0509
2.9904
0.0072
0
0.1925
0.8493
0.5013
0.1088
8.2354
7.9449
16.352
12.3815
3.447
0.0669
0
0.0012
0.2526
0.091
0
0
0.1364
0.0074
2.0272
0.5561
0.1459
0.1692
9.0625
17.2705
0
0
0
0.8027
2.5366
0.5358
0
1.136
0.0045
1e-04
0
0.0657
0.9322
0
0.1614
0.0596
0
1.3291
4.4972
0
0.0318
0.4316
0.2037
0
0
0
0
0.0059
0.9424
14.6929
2.3762
0.1876
0.1705
0
0
6.0845
1.0493
0.2879
1.6264
0.798
0.8263
0
0
0
3.8799
0
0
0
1.871
18.1607
14.3717
15.5649
4.3702
0.2385
0
3.6104
0.6342
2.4951
0.1367
0
0
0.1945
2.1315
1.1294
0.0109
0
0
2.7212
0.498
0.3697
0.0719
3.5438
1.8664
0
8.2899
6.0183
11.0328
2.9598
1.0761
0.0637
0.3013
0.1053
1.4977
0.5805
1.5462
0.5211
1.0189
4.222
4.3903
7.0517
0.4148
0.0171
0.0154
0
0
3e-04
0
3.2011
1.6204
1.0122
0.1276
0.0821
0.117
0.2361
0.7995
0.8021
0.2362
3.2897
0
2.6539
0
0
0
0
1.5351
3.0224
0.3888
0
0
0.7249
4.9856
0.0781
0
0
0
0.1476
1.1938
0.2011
0.9739
0
4.7821
30.9077
0.6738
0.4352
0.244
0
0.0313
0.4724
0
0
2.294
2.5988
0.8862
0.1048
0
0
0
0.041
1.0545
0.5456
0
0
0
0
0
0.4551
2.0836
0
0
0
0
2.5577
0.0629
14.2019
0.5307
0
7.9471
5.4284
0.2166
0.5687
1e-04
0
0.0177
0.4421
0
0
2.1992
0.3533
0
0
0
0
0.6891
13.39
3.6465
0.5905
0.2789
13.6287
1.4536
0
0
0.0224
0.0757
0.1389
13.1202
3.6525
3.1457
0.101
0.7765
5.5317
0
0
2.9442
1.5481
2.0568
0
0.8965
5.553
0.6533
5.1618
0.2733
0
1.2596
0
0
5e-04
2e-04
0.8292
0.5214
1.3714
0.8934
0
0.5808
0.7643
13.7107
22.7218
13.877
0.7271
7.9043
9.0584
4.1881
2.1362
2.9194
2.1069
0.469
1.5234
0.397
0.4622
4.2149
1.0484
0.4699
0.2716
0.5957
2.3758
0
0
0.7559
4.3955
0.0883
0
0
0.2443
0.2891
0.6441
0.3206
11.6486
2.7449
3e-04
0
0.3138
5.1601
11.7347
15.0696
0
0.6314
0.0358
3.1876
2.9543
20.6541
0.6518
0.4003
0
0
2.8553
3.2911
0.1789
2.5376
0.0213
0
0
0
0
0
7.7003
0.5004
0.0109
5.0459
29.123
0.2971
0.0057
0
7.175
3.1211
8.7557
1.3424
1.2743
0
0
0
0.0567
0.4599
0.0963
1.2963
0.0245
1.2325
0.1379
0.1459
0.3192
1.0936
13.8054
0.0188
13.7361
25.0655
22.2308
41.3711
2.9837
24.8621
0.5833
2.2027
3.3663
0.375
1.3281
20.1767
4.1164
0.3305
8.5111
0.7972
0.0979
5.4552
11.7983
12.5689
0.0752
3.812
8.8753
1.2537
0
0
0.0371
4.7289
0.5114
1.1726
7.974
0.9968
17.3928
3.6364
2.0548
0.1767
0.0031
1.9546
4.8012
0
0
9e-04
4e-04
2.4854
0.6795
3.4516
24.5241
10.7657
0
0.6186
0
0
1.7815
7.9066
28.4341
1.3921
18.7359
14.5705
16.2101
5.1619
13.91
0.0617
0
0
0.3108
0
0
2.5749
11.8087
2.2901
0.1613
32.2195
3.1098
0
0
0
0.0347
0.314
0
0
0
0
0
0
0
0
0
1.4346
2.0942
11.1816
1.1387
0.991
0.9251
0
9.4721
17.903
4.0182
0.0159
1.5946
2.1271
0.5209
0.0975
0
0
0
0
0
0
0
0.5358
0.298
0.0025
19.9851
13.1073
0.6751
3.0741
0.32
0.077
0.4597
0.0905
3.4275
4.3035
14.476
24.8247
1.6954
0.0027
0
0
0
0.0263
0.0366
0.0543
15.9734
8.039
8.0462
0.3113
1.6993
0.0237
0.0615
0.0309
0
0
2.5723
0.4233
0.3652
0
0
0
0
0.0506
0
8.675
0.3013
0.0247
0
0
0
0.0955
0.1238
0.0041
1.2615
4.6224
0
0
0
2e-04
0
0
0
0
16.5237
11.2999
3.2963
0
1.74
11.9885
20.105
7.0893
0
0.0701
1.1519
0
9.0835
0.5665
4.6516
6.7719
0
2e-04
0
0
0
0
0
12.3545
1.5473
0.0285
6.4034
0.0218
0
0
0.1074
0
0
0
0
0
0
0
0
0
0
0
0
0.4852
1.3329
14.3664
1.0413
0.1123
0
11.2727
0.069
0.0022
0
0
8.7799
2.2462
0.7719
0.3702
0.5252
2.7396
0
2e-04
3e-04
0.1329
0.5205
23.8747
3.6222
0.3773
0
1.9723
0.4777
4.9241
1.5513
0.3026
1.0823
0.7413
2.4737
3.9235
5.611
0.1989
0.3082
4.8476
0.6096
0.3676
17.5639
1.1923
0
0.0332
0.2605
0.252
0
0
7.8885
12.7201
0.0275
0.0133
0
0.1616
0.1019
0.0356
0.2614
21.4698
7.7264
0.2398
0.2706
0.2506
5.0053
2.1989
8.4721
0.5235
0
5.2043
3.5871
2.0279
0
0
7.7921
13.7933
0.7213
0
0.0291
1.3583
2.6422
0.0503
0.032
1.5515
3.211
2.0146
0
0
0
0
0
0.3152
0.0847
0.1362
0
0
0
0
0.8114
0.6126
0
0
0
5.9146
2.167
0.3478
0
0.1878
1.794
6.8304
2.3428
9.2075
0.3891
0.9231
0.0176
2.6457
2.6606
0
18.356
33.6373
13.42
0.3364
0
0
0
9.834
0.3011
0
0
0
1.4846
10.1288
13.896
0.3107
0
0.0594
5.4465
6.5658
0.4764
4.2846
2.1796
4.8793
3.3977
6.4098
8.5767
0
0
0.4058
0.8714
0.7541
2.3008
7.5405
4.5593
3.6677
0
0.9864
0.0448
0
1.0994
0.3448
2.9822
8e-04
0
5e-04
0
0.1413
4.4129
0.1663
0.7726
0.1083
1.1044
0
0
0
9.5916
4.2431
6.4395
0
1.161
0.4213
0
0.4813
1.8508
2.6135
6.163
1.1262
0
0.0388
0.3272
0
0.0968
0.0032
1.3187
0
0
0
0
0.0151
0.0051
0
0
0
0.1719
2.7353
6.373
5.8354
7.5635
0.4131
0
5.2744
0.0462
0.4438
1.2125
1.3193
0
0.1347
0.0077
1.3838
3.9319
0.1608
2e-04
0
2.0644
0.1191
0.7426
0.0251
2.7046
2.3536
12.4677
11.468
4.4322
1.3112
2.2478
0.8409
0.3332
3.4108
0.003
0
0
0
0
0.2579
10.2083
0.08
0
0
0
0
0.196
11.6221
8.3997
0.045
1.4695
3.6141
3.7641
0
0
0
0
0
0
1.2456
0
6.5608
2.0541
0.1593
0
4.5052
0.3193
3.2032
0.0944
0
0
0
0
0
0
23.3168
18.7374
0.9976
0
31.1608
0.2051
0.0799
0.0026
0
0
0.4625
0.772
0.3443
3.9119
15.8698
0.7611
0.1834
1e-04
2.7858
1.8526
0.8498
18.7946
2.1918
0.383
0.1341
0
0
0.6332
0.0195
0
0
2.157
1.395
0
0
2.3164
3.3755
0.9672
4.1092
0.2062
0.2369
0
1.9273
0.1602
0
0.2062
0.1432
0.0295
0.0125
0.1163
0.0764
0.1652
2.4506
1.9525
5.3916
2.6966
0.023
0.1028
0
0.7359
1.0879
0.1185
0.5485
0.1536
0.4824
5.9997
0.043
0.0084
0.0424
0
1e-04
0.2576
1.9804
7.4188
0.7125
17.3843
10.9806
0.0306
0.0509
0.1024
0.177
0
0.1195
0.0614
0.006
0
0.1304
7.6941
1.5794
0
0
0.4487
1.6953
0.0024
0.0012
0
0
0
0
0.1735
0.0176
0.0693
9.2737
1.0122
1.1679
1.309
0.0233
0.0281
0.1438
0
0
0
0.5041
1.974
2.1736
0.5115
4.0685
3.6013
0
0
3.0521
0.2481
0.0747
0
0
0.7043
0.6471
0
6.1552
0.5312
0
1.739
0.199
0
3.1399
0.9269
1.5614
0.0256
0
0
0.0026
6.15
3.3604
2.7954
18.2001
3.298
1.4465
0.6477
21.7629
12.2919
24.0519
2.8026
0.0183
0.0269
0.006
0
0
0.0219
0
0
0
0
0
0
0.2853
6.0813
1.5105
7.3978
2.8748
0.9818
0
0
0
0.4688
2.2493
6.2649
0.5059
0
0
2.1197
4.8056
0
0.0519
0.2678
0.0285
0
0
0
0
0
0
0
2.202
9.7919
3.3479
0
0
0
0
0.6499
2.54
0
0
0
0
0
0.1618
0.6782
1e-04
0
7e-04
0.6897
2.2335
0.1545
0.1482
1.7808
1.918
0.0092
0
5.0948
3.275
0
9.8658
34.0641
10.6947
6.1284
3.2099
1.2925
15.4147
0.3755
0
2.3689
1.2695
0
1.8592
0.1859
1.7749
6.6447
3.8073
0
0
0
4.5225
3.6403
0.5149
0
0.0893
0.026
0
0.41
8.1458
9.1693
0.1179
1.173
1.8152
0.0219
1.7784
5.4202
0.6897
0.3611
0
0.6682
1.1116
0.4318
15.517
3.3296
0
0
0
0
0.8808
5.0664
2.6857
30.8266
15.9336
0.0176
0
0
0
4.3705
14.366
4.6955
0.3427
0
0.0251
0.0415
0
1.9073
4.5953
1.1635
0.8725
0.947
0
0
0
0
3.6521
2.0858
1.4101
0
1.0647
0
0
0
0
0.8499
0
0.2336
2.3027
0.0923
0
0.1284
0.0924
0
0.27
1.4012
5.6498
1.9886
3.2072
1.1435
0.6965
0
0.7314
0.1182
0
0
0
0
0.21
0.3991
6.5709
0.0063
0
0
0
0
0
0
0.0198
0.0523
3.8946
0.0806
0
0
1.1395
0.7984
0.5596
0
0
0
0
0
4.3586
7.11
0.1583
0
7.6562
5.5303
4.928
0.0043
0
16.4963
2.3068
0
0
0
0.1847
0
0
0
0
0
0
0.7969
0
0
0
0
0
14.3179
5.6828
0.0026
0
0
0
2.9176
0.4955
8.2849
1.0786
13.764
4.0101
14.5485
2.7565
1.1509
0
0
0
6.3963
3.863
3.6126
0.0636
0
0
0
0
0
0
0
0
0
0
0
0.6814
0.804
1.3082
0.0346
0
0
4.7012
2.3711
3.9838
0
0.1179
0.034
2.3308
0.4002
1.9665
5.6041
7.7989
1.583
0
0.8032
11.3251
28.6459
4.1502
2.4504
0.4601
0.2779
0
0.6614
0
0
0
0
0
0.067
0
0
0.0936
0
0.0504
0
2e-04
0
0
0
0
0.4851
0
1.7198
0.0951
0
0
0
0
0.6109
0.3615
1.2615
0.9099
0.434
1.3611
12.8367
5.2226
0
0
0
0
5.1711
1.5116
27.7425
8.3983
0
4e-04
0
0
0
0
0
0
0
0
0.3058
0.7216
0.4804
0
1e-04
0
0
0
3.1568
1.0594
0.0595
0.3844
0
0.8173
0.7913
0.3216
1.7804
0
0
0
17.8101
30.9285
12.8474
0.4381
9.475
0.0272
0
0
0
4.4615
8.1921
0.2921
2.8809
23.6536
0
0
0.1126
1.1493
0
0.0237
0.0081
0
6.0064
0.1547
0.5275
0
2.4386
7.1793
0
0
0
15.409
2.9326
1.6213
0
0.2031
2.1173
0
0.227
11.5878
13.7843
4.0164
0
0
0
1.7781
20.2174
2.245
0.0044
0.3315
21.1871
3.4793
0.2238
0.1017
8.4966
4.4409
1.3769
0.0042
0
0.2272
0
7.0061
0
7.8556
0.3733
0.283
0
5.0502
1.292
0
0
0
0
0
0.5291
1.0657
3.6279
4.1954
6.179
11.4534
21.5302
3.9314
5.9535
1.2095
0.0287
0
0
0.4447
2.7939
1.4367
0.3017
0
0.0128
0.0124
0
0
1.8153
6.7843
0.2664
2.3007
10.018
0.4606
0.0368
2.319
4.3191
1.6706
6.0999
8.4905
5.2973
3.4394
2.1614
1.8738
0
0
0
5.2027
2.1748
2.7776
9.5062
8.7102
1.1451
0.4759
6.0636
2.18
0.6206
0
1.3308
0
0
4.0178
2.7227
15.6308
2.6056
0
0
0.0825
0
0
0
0
0
0
0
0.4016
0
0
0
0
0
0
0
0
0.1756
2.654
0.2279
0.5106
0.4529
1.8417
0.3701
0.3819
0
0.1036
0.5672
0.3108
0
13.8283
0.7227
1.5343
3e-04
0
0
0
0
0
0
0.3108
0.5091
0
21.3022
4.5847
51.6705
4.3607
0.065
0
0
0
0
0
0
0.0358
0.0066
0
0
0
0.3745
5.0126
0.8991
0.489
0
0.0299
0.0503
0.0407
8.7401
1.0585
1.0472
0.7385
6.1817
2.0941
14.4895
0.1711
0
0.2278
0.2789
17.1018
0.0186
0
4.7781
20.7015
0.053
0.0413
0
0.4842
2.0113
2.1421
3.5306
0
0.208
0.3025
0.0926
0
0
0
0.2443
0.0648
0.0622
0
0.2935
0.0946
0.74
0.6106
0
0.5123
0.0233
2e-04
0.349
1.6644
0.0572
0.0439
1.4778
4.4644
6.0371
0.0016
0
0
8.6563
6.7151
0.1177
0
0.7983
0
1.1272
0.5822
0.1542
0.4417
0
0.1375
0.5365
0.2561
0.7131
4.4893
6.1748
0.0171
0.0729
0.2146
1.5881
0.2158
3.6455
2.5896
0.8794
3.7618
0.6569
0.235
1.4549
1.0728
6.131
2.3308
9.9996
0
0
0
11.3313
7.0989
0.0168
0.0746
0.8592
0
0.2514
0.19
0.3766
0
0
0
0
0
0
1.2848
2.3981
0.0587
0.4867
0.098
0.117
0
2.1162
0.9753
0.5876
0.0518
0.1748
0.2491
0.7055
0.1171
0.0515
0
0
0
12.6697
18.9174
3.959
0.1606
0.5315
0
1.1197
1.3583
14.2312
1.9155
0.4176
0
0.2147
0
0
0
0
0
0.2807
0
0
0
29.722
10.9501
0.639
0
0
0.1887
0.3306
0
0
0.2588
0.3716
0.7312
1.4618
3.4257
0
0
2.8991
0.4213
0.1583
0.5445
0
0.1909
0
0
2.9833
2.4953
0.1946
7.0255
2.8936
0.1608
0
2.4602
4.1054
3e-04
30.5559
19.4686
1.3301
0.3214
3.6146
0.0511
3.5352
14.148
12.4534
1.1597
0.2411
0.5102
7.7608
2.5348
0.7615
1.4074
6.1636
12.4612
19.5488
7.4191
0.2315
0.8837
9e-04
11.8425
1.8348
3.2399
0
0
0.3976
0.841
0
3.1473
2.8602
1.0857
6.7821
11.586
0.3285
1.1667
0
0
1.0497
7.5176
4.9963
4.4081
1.2656
19.9169
12.4807
1.1995
2.8523
2.2365
8.3321
7.7786
3.0194
3.1963
0.0349
0.4491
2.5847
7.4658
3.0423
0.2727
0
0.5446
0.5469
6.7214
0.1555
0.0274
0
0
0
0
0
0
0
0
0
0
0
0
0
0
0
0.234
1.5278
3.879
21.6394
0.5752
0.0656
16.2356
0.1456
0
0.1181
0.182
1.8733
0.6197
0.9956
0.3213
0.2026
15.2548
20.886
10.111
0.5952
1.5795
0.0034
0
0
0
0
0
0
0
0
0
0
0.2205
0.0013
0.0048
7e-04
0.2852
0.4612
1.6386
1.2168
0.5493
0.4122
0.9226
1.1652
0
0
7e-04
0.002
0
0
0
0
0
0
0.2212
0
1.9226
2.1818
0
4.9966
0.4416
0.223
4.5317
1.1197
0.6745
1.9769
4.832
0.6342
0
0
0
11.0022
8.4578
0.2217
0.3893
0
0.7298
22.7319
21.7637
0
0
0
0
0
0
0
0
0
0
7.6225
0.2871
0
0
0
0
0
0
0.412
16.963
0.4324
0.5262
0
0.0515
7.9239
0.1889
0.0282
0.3668
0.0904
1.0345
1.2624
9.8294
0
0.5215
0
0
0
0.6126
1.9411
13.3631
4.4059
2.1633
0.8567
0.919
0.0013
0
0.1864
0
2.1437
1.1564
0.0791
0
0
0.0028
0
2.0259
3.6887
17.7676
7.3137
0.2286
0.1576
0
6.7825
10.5977
0.9736
0.7287
0
1.7545
0.7282
0.5388
0
0.4026
0
31.166
2.7234
0.2186
0
0.6374
12.2382
18.9005
0.7108
0.0125
0
0
0.185
7.7014
4.983
0.0508
0.1883
0.0319
0
0
0
0.0511
1.2918
0.1874
0.4837
0
4.9893
0
0
0.3278
4.4967
0.3632
0
0
0
0.0165
5.4955
3.5684
0
0
0
1.1797
0
9.1912
2.0174
2.8269
1.782
8.9397
4.3793
0.984
0.3392
0
0
0.1684
0.6761
0
21.071
0.5054
0
0
1.2792
0
0
1.7597
0.0631
0.9821
0.0416
1.7597
2.552
0
0
2.6537
3.646
1.4014
0
0
0
0
11.5244
39.5544
0.0312
3.8391
9.3137
0.2025
0
9.6638
2.4406
0
3.6078
2.4577
0.8878
0
0
1.9258
26.4527
0.0483
0
0
0.3416
0
0
0
0.2225
0.5751
0
9.1757
1.2809
0
4.0595
10.4743
1.9018
0.2473
0
0
0
0.638
6.3286
0
0
0
0
0
0.3998
14.5362
0.33
0
0
3.0826
0.5257
0
0
0
0
0
0
0.2067
0.1754
0
3.6478
1.63
0.1088
0.1882
4.3529
3.226
20.3865
4.3841
2.6176
0.5918
0
4.5895
0.174
0.278
0.1351
1.2398
1.9101
0.0197
2.9124
0
0.2738
13.9594
16.2864
0
0
0
0
2.7311
71.6049
0.0206
0.0968
0.2769
13.5741
1.8048
33.1742
33.9607
5.4311
0.6872
0.1327
0
0
0
0
0
0.0013
0
4.007
2.5114
0.0055
0
0.6929
0.0056
13.6135
0
0
1.9975
8.0465
0
8.1107
0.16
26.9203
0.0783
0
7.4628
2.7722
8.9246
0.2247
0.052
0
0.2699
0
17.8267
0.457
55.6724
0
0
0
0
2.5168
3.9222
0
0
0.061
0.1643
0.0052
6.2422
11.7356
2.4469
0
0
0.2273
4.8999
1.8423
0
0
0
0
4.7376
0.1006
3.8649
0
0
0
0
0
0
7.5989
8.616
6.5338
0
21.0513
2.7885
34.4164
1.364
0.1452
1.3165
0.1459
1.4073
7.8368
7.05
0.9226
0
0
0
0
0
0.0011
1.1857
2.3495
0.0998
0
0
1.052
0
1.8318
5.8731
6.5843
0.2478
0
0
0
0
0
2.7239
0.0026
3.3275
20.3344
0
0
3.6432
0
0
0
0
0.2876
1.2349
0.152
0.4669
0.0015
1.4455
0
0
0
0
1.2594
1.2412
0
0
0
1.1986
7.3128
0.1099
0
0
0
0
0.0273
0
0
0
2.8811
10.4645
6.4737
1.9275
0
0
0
0.9484
1.7564
1.4179
1.4751
0.6197
0
0
0.5031
0.026
0.0918
0
0.0855
0.7538
0.438
6.752
2.0151
0.2463
0
0
0.001
3.6313
5.6329
4.3098
0.0014
0.1226
6e-04
0.3572
0
15.5805
2.1258
1.0019
0
3.0484
6.0889
0.8424
1.2309
7e-04
0.2437
0
0.0435
18.1175
0.1104
0
0
0
0
0
0
0
0
0
0
10.1154
5.7424
6.9241
8.638
0.2969
0
0
0
1.1827
0.587
0
0
0.7362
18.4995
0.5757
6.3026
21.0977
18.3277
0.3593
0
0.1802
0.004
2.8087
9e-04
1.6674
0.11
0.0472
0.123
0.092
0.0461
0.0033
0.7749
4.78
0.1084
0
0
0
0
0.0925
0.0308
0
0
0
0
0
0.447
7e-04
0.0056
0
0
0.0079
6.579
3.6156
0
0
5.0337
18.2749
19.8581
9.6438
1.1873
2.8386
0
0.3561
0
1.1582
2e-04
0.1574
0.9553
0.1867
2.8613
2.0275
1.8114
0.5956
0.2436
0
0
5.946
14.8917
0.0233
1e-04
0
0
0
0
0
6.3359
6.562
0.1347
13.5461
3.8107
0.7964
0.4854
0.2358
0
0
0
11.9876
0.0012
0
0.4105
9.5184
0.1204
0
0
0
0.0011
1.0964
12.4271
21.1491
0.977
0
0.227
0
7.0488
0.2651
19.1296
0.743
0
3.9475
0.0796
0
0.0956
0
0
0.4177
10.8945
0
0
9.7992
3.9514
3.3885
20.6778
15.657
6.1559
0
0
3.072
4.4377
0.0113
0.0033
0.0788
0
0
0
0
0
0
0
0
7e-04
0
0
0
5.4451
0.2666
0
0
0
0.4106
0.2352
2.4689
0.0038
1.5432
0.4756
2.3038
2.1452
0
0.0015
0
3.9795
21.2354
14.0706
18.3643
14.3098
0.0028
3.7863
1.5615
1.9294
0
8.8729
0.6485
1.8036
0.3173
6e-04
0
0
1.6939
16.9828
11.8512
20.0367
1.4066
0
0.9041
0
9.6697
0
0
3.2193
2.9564
0.5334
0
0
0
0
0
0
0.1714
0
0
5.3968
7.2088
15.0062
38.6299
9.9148
0.0485
0
0
0
0
0
0
0
0
0.2243
0
28.0415
33.7781
8.1183
10.5015
2.7845
1.8438
5.2424
1.1023
1e-04
0
0
1.0351
2.253
0.784
9.7132
0
0.0462
0.0527
0.5481
0.0107
27.3955
29.8167
0.054
0.2693
0.3777
0.3906
0
0
0
0
0.6677
0.2284
0
0
1.855
0.0304
0
0
0
0
0
0
0.0262
0.0056
0
0
4.6394
5.0203
16.6627
0.105
0
0.0053
0.4833
1.3526
0.1604
0
0
0
0
0.3912
10.2608
0.0498
0.2163
9.9702
5.3621
0.1557
0
0.0013
0
0
0
0
0
0
0
5.0083
0.0312
0
3.0718
0.2135
0
0
0
0
0.0099
0.1815
0.7691
6.7615
0
0
0
0.5078
0
0
0
0
1.262
0
21.6817
0.0016
0
0
0
0
0
9e-04
0
0.2278
0.3726
0
0
0
0
5.4388
2.2437
0
0.0022
0.0987
0.5816
0.5396
0
1.2216
0.2339
0.2369
1e-04
3.5104
4e-04
0.0014
0.2365
0.2035
0
0
0
0.0506
0.1171
0.8045
0
0.2493
3.477
13.7754
1.1693
0
0
0
0.3005
0
0.8018
1.0299
0.1019
0.6112
0
13.1506
5.2609
0.0954
0.1229
2.8169
0.0331
2.4567
3.1997
0.3371
0.084
3.2688
9.5064
1.4083
0.0074
0
0.9817
5.7176
0.1582
2e-04
0.0019
17.9417
5.2706
3e-04
2.092
0
0
0
0
1.4925
0
5.438
0.9507
0.1998
1.1197
0
0.8282
14.3233
0.1721
0
0
0
10.0758
0.1917
0
0
0.4598
2.5383
0
0
0.5208
0.001
0
0
0.4999
3.2357
0
10.8353
6.0394
1.6791
3.8987
6.2001
0
0
18.9635
0.4011
1.0571
5.2015
1.7851
0
0
0
0
0
0
0
0
0
0
0
0
0
0
0
0
0
0
0
0
0
3.6551
0
0.4389
2.4646
0
0.1305
0
0
18.1966
0
10.8759
0.3953
0
0
5.4827
10.823
2.4387
1.017
0.8971
0.5386
0.7745
1.5602
12.9229
0.6301
0
0
0
0
0
0
0
0
0
0
0.0017
0.5772
0
1.5787
0.4754
0
0
0.0467
1.8782
0.7619
0
0
0.0014
1.6909
0.0141
0
0.3257
9.4202
5.6727
6.7437
0
0
0
0
0
0
8.7128
5.9973
2.9042
0
0
0
0
0
0
0.0758
1.5201
10.5598
16.4921
3.93
13.8507
0
0
2.0371
0
0
0
0
0
0
0
1.74
5e-04
10.8971
0.0763
0.9951
0
10.3612
0.0064
0
0
0
16.8085
0
0
4.0206
0
0
0
0
0.3524
0
0
0.2592
5.6898
4.3192
7e-04
11.1366
14.9986
2.0404
11.8661
2.096
1.3327
0
2.7073
1.7444
0.3565
4.8528
1.698
0
0
1.3704
2e-04
1.5487
0.8563
7.9114
0.1406
3.039
0
0.1305
5.5578
20.6434
0.3739
0
0
0
3.8967
0
0
0
1.7979
11.2264
9.4481
6.245
1.3619
0
0
0
0
0
0
0
0
0
10.341
0.4713
0
0.9538
0
0
0
1.8719
0
0
0
0
2.8316
0
1.5361
0
0
0
4.2342
0
0
0.6652
0.4243
26.3423
3.368
0
0
0.1028
15.3504
0
0
0
6.0378
4.0178
2.3914
0
0
8.4713
0.2712
0
0
11.8131
0.3487
0
0
0
0
4e-04
7e-04
0
0
0
0
0
0
0
0
20.4012
0.2369
0
0
0
0
0
0
0
0
0
0
0
0
0
0
0
2.0383
3.6211
0.4873
0
0.3058
0.0426
0
10.6483
0
0
0
0
0
0
0.2015
0.2184
10.4905
1.4496
0.0032
0
0
14.4207
0
2e-04
4.7961
17.1651
1.0563
0.0045
0
0
0
1.3036
0
0
0
0
0
0
0
0.0486
0
0
0
0
0.0032
10.114
6.9881
0
0.0014
0
0
0.0015
0.7328
0.1626
0
0.4117
0
0.0016
0
0
0.7696
1.668
1.9153
0.7401
0.6785
0.3521
0
1e-04
0
0
0
0
1.2642
0
1e-04
0
0.9169
0.43
0
0
0
0
0
5.7396
7.1684
0
2.7989
0.7298
0.0011
3e-04
0
10.98
0.0054
0
0
0
2.0372
0.4956
7.3377
0
4.9035
0
0
0
0
0
0
0
0
0
0
1e-04
0
2.6348
4.239
0
0
0.0434
4.6218
0.1595
0
8.2834
8.1532
0.3846
0
0
0
0
0
11.1803
3.5198
2.218
0
0
0
0.8939
4.5398
1.5876
0
0
9.2801
22.9201
0
0
0.8415
0
1.2823
0
0
0
1.8039
0.2859
0.3179
6.8588
5.2889
0.1521
0
0
0
0
0
0
0.0016
0
11.8143
6.5734
0
1.6111
0.1182
0
0.243
0.1339
0.1387
8.3284
0.0587
1.0411
5.2176
0
0
1.7095
0.124
1.337
12.4088
1e-04
0
2.0915
10.9779
0.1974
0
0.0036
3.5537
21.7804
1.6137
2.2551
0
0
0
0
1.9322
22.6575
0.7101
1e-04
0
0
0
0.4232
5.4315
21.9421
11.2
4.2228
5.5754
2.7427
17.4984
0.4143
0.0192
13.0417
2.1803
0
0.3856
27.008
0
0.8241
0.016
1.0507
0
0
0
26.2454
8e-04
0
2.0611
0
0
0
0.7282
5.3866
0
0
12.2932
1.8968
1.7093
0
0
0.5447
0
0
0
0
0
0
0
0
2.0188
22.4093
18.4045
14.3102
0.8661
1.2989
2.664
0.104
0.4415
22.6004
16.5411
0
0.0029
0
0
0
0
0
0
0
8.663
2.1838
0
0
0
0.0159
12.0426
3.2991
0
1.0374
13.6847
0
0
0
0
0
0
0.2548
2.0235
0
0
0
0
0
20.5435
1.4326
5.0709
0
6.3773
0.6035
0
0
0
0
8.6057
3.1066
0.0167
18.9249
5.9181
1.9479
0.0013
0
0
0
0
0
0
0
4.6577
21.874
8.2503
0.2743
0.0766
0
0
0
0
0
0
5.4214
0.5222
3.4719
0.503
0
0
0
0
0
8.1609
1.079
0.3598
0.3739
0
0
0
0
0
4e-04
1.2615
0
0
0
5.8947
2.2834
7.1534
7.9067
0.0437
0
2.1327
0.1758
0.783
0.0672
0
0
0
0.3792
0.036
0.001
0
0
4.3573
2.6148
1.8409
0
1.5755
0.2452
0.1464
0
0
0
0.078
0.4552
1.9049
2.0468
0
0.6544
18.3853
4.9976
3.1175
6.3449
0.0021
10.518
5.6697
0
1.3198
0
0.1676
0
0
0
0
0.0392
0.3262
0
0
3.3205
0
0
0
0
0.1944
1.1023
0
0
0.1099
0
0
0
0
0
0.7512
0.491
0
0
0
0
0
0
0
0
0
0.2307
0
1.1802
0
1.0894
9.1158
1.4593
0
0.1845
0
0.4226
0
1.981
0
0.5395
9.81
6.2347
0
0
0.016
11.466
1.9228
0.3814
0.0326
0
0
1e-04
0.0284
1.5838
0
1.8271
5.2321
0
0
0
0
0
0
0
0
0.5003
0
0
0.1019
0
1.9574
3.766
7.9793
0
0
9.7841
1.8867
0
0
0
0.0271
0
0
0
0.581
0
0
0
0.0366
0
0
5.4034
0.0026
0.7522
0
0
33.5344
0.4993
0.5237
4.6053
5.2448
11.403
0.4436
0
0
9.5913
0.7577
0.5693
0
0
16.2818
1.2266
5.686
0
0.4239
0
0
0
0
0
0
0.2435
1e-04
0
0
0
0
0.02
10.7556
0
0
0.0345
11.1455
0
0.2286
31.2256
19.3488
1.4065
7.8002
0.0013
0
7.6732
1.7999
0
5.9709
9.4975
12.4513
10.8282
0
3.2058
1e-04
0
1.4418
10.2282
0.2828
0.9507
7.0733
10.2923
0
0
4e-04
0.0889
0.3443
1.6697
0
0.3576
4.1452
0.7211
0
0.8666
0
1.2429
4.3823
3.4218
8.4054
0
0
0
0.7646
0.0014
1.0596
0.6425
3.6428
0
1.4726
0.856
3.0089
0
0.8869
0.001
0.5689
2.6653
0.0061
0
0
0
0
0
0.2306
0.0768
2.2604
0.8329
9.5769
0.9541
0
0
30.0426
0.2077
1.4316
1.4315
0.2379
8.0426
0.2418
0
1.5286
3.3536
0
0.2342
0
0
0
7.7466
0.002
0
11.6357
0.3939
0.0014
0
0.7529
0
0.0376
5.4542
0.5506
0
9.442
16.5496
0.6371
1.2305
0.5289
0.0774
0.057
0
0
2.7866
0
0
0
0
0
0
1.919
1.6345
4.1337
25.5413
0
8e-04
0.7146
1.7852
0
0
0
6.0958
22.9659
0.347
6.6521
0
0
13.7164
2.0367
0.3763
0
0
0.0424
0
0
0
0
0.3336
24.1895
6.8314
0
0
0
0.0274
7.8068
13.2474
0.2772
16.5428
4.2933
15.2168
0.4587
0
0
0
4.005
6.9541
6.6796
5.0626
14.5609
0.5272
0
0
0
0
0.1681
0
5.088
0
0
0
0
0
2.5944
0
0
0
0
0
0.0028
0.0778
0
0
0
2.6428
0
0
0
0
0.3677
0.9634
8e-04
3.1766
7.0833
13.6118
16.8768
0
0
0
0.3987
0
0.2593
0.0678
0
0.2394
0
0
0.5015
5.1209
15.6614
0
5.4077
25.6229
2.439
0.1948
0
0
0.0481
1.7281
0.0947
0
0
0
0.4152
6e-04
0
0
0
0
0
0
0
3.9143
0.7372
0
0
0
0
0.8323
0.4857
0.1295
0.3024
0
0.0429
0
0
0
0
0
0.3318
3.6116
0
0
0
0
1.2421
19.6404
14.3486
31.986
0
0
0
0
0
0
0
0
4.6691
5.838
0
0
0
0
0.5516
0.2085
0
1.7277
9.4302
0.2272
0.8217
0
0
0
9.2445
0.1182
0
0
1.6438
7.7089
0.2569
0.0532
0
0.0576
0
9.2656
0
0
0.2808
0
0
2.1196
4.0955
1e-04
0.0418
0
3.7255
0.1205
0
1.1263
1.8463
7.4638
14.6876
0
0.1845
9.5191
3.3736
0
1.5905
13.0731
3.2806
0
0.2738
0
0
14.4843
13.8214
0
0
5.2892
21.7794
4.703
0.2975
0
0.002
0.0778
0.3797
6.3452
4.1748
0.3305
3e-04
0
0.7785
0
2.489
9.2217
0.3826
0.6416
0
12.0981
0
0
0
3.932
0.7246
7.5325
2.2441
0
3.8669
15.8879
16.8746
0.2319
0
2.3288
2.208
0.8745
0
0.7178
0
0
0
0.1155
7.5329
1.0316
0
2.6398
13.282
1.9552
0.0877
0
0.0413
2.8385
9.8817
10.4397
8.8599
0
0
0
0
1.9213
3.8841
0.0039
4.7889
0.3949
0.4293
0.2862
0.9688
0.323
0
0.8024
0
0
0
2.8094
2.8032
1.0543
0
0
0
0
0
0
0.3939
0
0
0
0
2.4289
1.488
0
0
0
0
0
0
0
0.4338
1.053
0.2098
0.349
0.0988
6.2693
0
0
2.6729
5.5286
0.0413
14.3817
0.6409
0
0.0431
0.0016
0
0.0893
3.6712
0
0
0
0
0
2e-04
0.0302
0
1.4632
1.0046
1.7283
0.0935
0
17.4428
0.4369
0
0.5726
32.1901
1.9172
0.5143
0.0857
0
0
0
0
0
0
1.4771
0
0
0
0
0
0
0
0
0
0
0
3.5971
1.3916
0
0
2.6385
5.557
19.9338
0.6996
0.3906
0.2879
0
0
0.0598
41.2421
0.2445
0.5541
0
0
0
0
4.2446
0.1961
0
0
0
0
0
0
0
0.1285
0
0
0
0
0.0939
7.3312
0
0
0
2e-04
0
16.2383
3.5994
0
0
2.7287
9e-04
0
0
0
0
1.1894
6.8372
1.2273
6e-04
0
0
26.2808
6.2018
0.212
0.159
0.1556
3.4164
1.9025
0.1894
0
2.1629
0
1.5213
9.1822
2.4158
0.0763
0.0885
1.285
1.3054
0
0.5138
1.45
0
2.2395
0
0
0.1136
0
0
0
0
0
0.0839
0
0.2034
6.1626
1.1051
0.003
0.1442
0.4572
20.6448
4.694
0.35
0.6314
0.0833
0.3272
6.835
0
0
0.4453
0.0638
7.0207
8.7975
1.7281
2.0269
0.4763
0
1.3911
2.4273
0
0
0
0.3337
0.1032
0
0
0
0.0734
0
0
0
0
3e-04
0
0
0
0
0
1.5231
0
0.0591
5.0858
0.0397
0.2202
1.5662
0.2949
0.0379
3.7135
0.0022
0.2526
0
0
0
0.754
0
0.0437
0
0.0808
1.039
0
2.6288
0.308
2.1273
0
0
13.9077
4.1735
2.3038
0.2611
0
0
0
1e-04
0.7097
0
0
4.7077
1.083
0
1.2355
1.8352
0
0
8e-04
10.8033
0
0
0
0
0
2.9196
2.0359
11.7188
0
0
0
2.7734
1.2176
0
0.1159
13.5266
0
0.2505
1.6255
0
0
15.8375
15.6881
0.0865
15.5534
0
0
0
0
0
0
0
0
0
0.37
1.5482
0.5677
3.4752
0.6263
0.2145
0
0
0.2297
1.7347
0
0
2.4776
0.7711
4.2939
17.7224
0.2195
0
22.9502
0.4541
11.207
1.8368
29.8812
14.9348
12.2889
2.7721
0.0028
0.8024
6.1935
0.4309
0.0423
0
0
11.7761
0
0
0
0
0
0
0.3752
1.6916
0.0028
0.0121
16.6196
0
0
7.3098
0.5689
0
0.0274
1.2633
13.7858
0.3571
0.0021
11.611
17.6778
0.4012
10.1997
0
0
14.7269
0.1146
1.489
0
0
0
0
0
0
8.676
2.2356
0.2946
1.2779
3.6111
1.3729
13.4021
0
3.4122
10.7307
0.1977
25.4853
24.2038
9.7739
8.384
0.3162
0.3545
0
0
0.7959
0
0
0.5786
0
0.0086
31.6785
3.2334
0.302
1.6591
0
0
21.1085
0.5321
0
0
0
0.0865
22.1576
16.1049
15.1418
0.833
1.7465
0.9894
2.8358
0.4788
0
1.7065
4.5761
0
9e-04
1.0665
3.2344
0.0053
0
0
0
0
2.0195
0
0
0.0839
13.9442
2.3777
0
0.115
4.2818
1.2746
39.373
5.3095
0.0423
0
0
0
0
0
0
0
0
0
0
0.1173
6.7673
0
0
0
2.1733
0.2375
0
16.5633
0.7563
8.159
2.5035
0.0306
27.407
0.6872
1.2198
0.0895
0
0
2.6457
3.2454
0
0
0
0
0
1.6878
0
0
0
23.5804
5.7446
2.139
0.0829
0
0
0
0
0
0
0
2.7479
15.028
0
2.0747
1.9718
0
0.2945
3.6417
0.1194
0
0.0423
0
0.1082
0
0
0
0
2.7961
8.0024
0
0.0501
0.5254
1.0394
0
4.9184
4.2375
0
0
0
0
7.4718
0
0
28.2623
12.7027
0.5169
0.5565
0
0
0
0
11.5755
0.8326
0
0.0544
0.1957
8.5184
0.7277
4e-04
0.0993
4.3902
0
4.2268
0.0152
0
0.4847
0
0
0
20.6915
3.5979
5e-04
0
0
0
7.0192
9.043
0
4e-04
1.6972
1.8316
23.4144
3.7851
0.2493
0
0.1295
0.1379
0
0
0.5604
0
0.6764
0.6421
1e-04
1.7039
1e-04
0.4119
0
0
0
0.1864
0.1562
0.1452
1.1109
4.2796
0
0.0552
0.0557
0
0
0.1362
7.0416
0
1.635
0.2003
1.2388
0.6101
0.2138
0
0
0
0
0
0
0
0.0696
0.0348
0
2.7933
0.733
0
0.41
1.1975
0.0767
0
0
0
0
9.8381
0.7104
8e-04
10.228
4.7085
0
0.6535
0.2677
0.0855
0
0.1049
0
0
1.9449
0
2.9491
0.4437
1.6219
1.3064
4.1664
0.2086
7e-04
0
3.4646
1.9408
11.4004
1.0342
0
2.3084
7.1712
0.1742
0.3217
3.7198
0.0419
0.2621
0
1e-04
1e-04
0.6249
0
0
0.0476
1.479
4.9237
0.2962
0
0
0
0
0
0
1.7633
3.5985
4.3901
0
4.3106
0.5884
0.2917
0
0
6.0596
1.774
20.8666
0.1034
0
0
0
14.8684
0
0.0814
2.7694
1.9455
9.4894
1.0531
2.6817
10.4385
0
1.8066
7.2963
1.9274
0
32.7904
0.1338
0.7916
6.1992
0.5247
0.0445
0.1835
2.0145
0.3747
17.8713
24.4392
0.6206
1.6319
0.1607
0
0
0
0
0
2.5057
5.9477
25.8192
15.4763
0.0254
27.8236
2.9381
4.2383
2.4423
1.2784
0.3086
0
0
1.4606
0
0.9881
9.1294
0.1653
0
7.299
0.3644
0
0
0
0.4294
3.8494
0.2034
0.3574
1.5575
0
0
0.5187
1.098
5.4658
0
0
0
0.1041
8.5152
7.1242
0
0.0017
0
18.3944
7.0512
0
1.2289
5.4782
2.6691
0.045
0
1.6709
18.4659
0
0
0
11.1802
0.1843
0
0
0
0
0.6329
0
0
0.1065
0.0112
7.0293
0.2166
0
0.7622
11.3213
23.4075
0.3803
0.002
0
0.0431
0
0.089
18.5359
21.2298
13.3082
0.4096
0
0.0598
0
4.2988
2.0155
0.0564
0
2.405
4.0169
0.4968
0.108
0
0
0
0
0
0.0115
5.4503
0
0
0
0
0
0
0
0
0
0
0.0769
8.9246
0.0959
0
0.8638
0
0
0
0
0
0
0
0
0
0.0432
0.9553
5e-04
13.6722
0.5586
1.7431
16.7013
0.9714
0.5096
0.3187
0.1107
7.6894
3.7395
0.0769
0
0.0018
6e-04
3.3793
0.9275
0
0.0058
18.1426
0
17.8075
0
0
0
0
0
0
0.2016
4e-04
0
0
0
1.8469
5.8363
0.5587
19.042
2.5186
4e-04
0
0
16.2026
5.7305
0.0367
0.0908
3.2483
1.5628
5.4081
6.2483
0
0
0
0
3.0573
7.5886
1.5435
3.1287
1.8675
3.477
0.7428
2e-04
0.5282
0
0.3592
0
0
0.1096
0
0
11.8138
12.6314
0
0.0445
0
0.5006
0
0
0
2.4459
0
3.515
17.3488
2.576
25.5274
9.0671
0.0092
9.862
0
0
10.3802
28.5311
12.2585
4.1655
0
0.215
0
0
1.8374
0.6351
0
4.2314
0
2.1813
0.2111
0.14
0
0
1.7704
0.7065
0
0
0
0
0
0
0
8.8586
7.9151
2.9072
0.2281
0
0.1344
0.2384
3.1376
2e-04
5.2411
0.075
0.2984
0
5.5776
2.1366
1e-04
0
0
0
7e-04
0
3.4746
2.6084
0.019
0.4065
0.0015
0.2559
0
0.7012
0
0.0791
0
0.8883
2.6149
0
0
0
0
0
0
3.2491
1.3308
0
0
5.3239
0
7.4851
1.9332
0.3617
0.9027
0
0
0.1678
0.2471
15.2863
0.0207
0
0
0
2.6928
7e-04
0
0
0
0
0
0
0
0
0
0
0
8.7075
17.1285
10.7084
24.6371
9.8753
0.5316
14.4772
0.3961
0
1.1016
2.6938
0.1326
5e-04
0
0
0
0
0.1353
0
0
0.7996
2.4385
0.327
3.8216
5.1718
0
0
0
0
8.714
3.0482
0
0.6635
4.2736
1.0903
0.4666
0
0.2138
6.0717
0.0075
1.5262
0
0.0011
0.1099
0.0433
0
0
3.3094
0
1.3444
0.3434
3.0438
0.0821
0.0798
3.1626
1.01
0
0.5056
0
0
0
0
0
0
0
0
0.0474
2.1817
0
4.3768
9.9969
14.3036
2.9599
0
0.1255
0
4.6089
0
0.1058
4.1928
4.3132
0.2583
0
11.3017
2.4915
14.8506
12.0042
11.3503
11.9105
0.1224
5.7988
0
13.0876
2.1447
0
2.1986
3.6515
2.8434
39.6412
0
0
0.2632
0
0
0.0431
3e-04
0
1.8082
1e-04
0.0167
1.7881
0.0047
0.1333
4.2901
0
7.029
8.4025
1.0873
0.0024
3e-04
0.0268
0.3769
5.2724
0.1531
0
0
0
0
1e-04
1.5621
0.5252
0
18.9261
22.7497
0
0
0
0
0
0
0
2.9376
0.1385
0.4566
0
0
0.2338
0.5546
0
13.201
1.177
0.2199
0.2535
0.1803
0
0
32.3579
4.097
2.2872
29.7281
0
0
5.2291
0.3481
0
0
0
0
0
0
1.7392
0.2093
0
0.2504
0.317
0
0.0424
0.1651
0
0
0.253
2e-04
0
1.9228
0.7737
2.4907
0.1955
20.2153
1.5183
0
0
0.1108
0
0
0
6.4682
0
0
0
0
5.4223
0
2.1433
3.5453
0
0
0
2.0776
0
18.2931
8.6245
0.0819
0.0985
0
0
0
1e-04
2.3279
1.3618
0
0
2.9376
3.1939
16.9781
0.3755
0.2706
0
0
1.8974
0
0
0
1.2525
2.7598
0.0392
1e-04
0.2287
0
0.0629
7.3665
0.4446
0
0
0
0
0
0
0
0
13.0188
4.5357
0
12.8284
4.0033
0.0315
6.0574
0
21.8072
8.4638
0.4749
0.6563
0.1199
0
0.0409
0
0.262
2.0278
0
3.9312
2.8795
0
0
11.5964
7.8512
0
0
3.8982
8e-04
0.1016
0.0889
0.7553
0
0
0
6.8074
1e-04
0.1723
0
6.4449
10.034
12.443
0.5957
0.3045
5e-04
0.1497
0
0.0308
0.2587
0.7668
0
0
0
6.0478
8.759
0.7074
0
4e-04
0
0
0
0
0
0
0.3148
6e-04
0.1049
1.6943
0
0
0
0.539
0
0.0208
5.3658
5.8122
0.248
12.0764
6.8881
0.0218
6e-04
0.6669
0.7236
0
0
0
0.0018
0
0
0
0.369
0.6489
0
1.3736
0
0
1.8883
8.403
5.5368
11.8191
0
0
0
10.232
0.0066
0
0
0
0.4887
0.003
10.6277
0.1723
0.0289
10.3716
0.0011
0
0
1.896
0.0039
1.9587
1.1696
4.9557
0
0
0
5e-04
0.3672
0.8335
11.6261
0
0.2545
0
0
0
0
0
7.0741
16.775
5.9869
10.2944
8.3959
14.8645
6.3128
2.1995
8.6303
3.9529
0.2837
1.6373
0
0
0.0694
34.7781
9.1685
2.8841
0.8888
0
3.8159
4.0258
3.3848
11.2943
5.9171
6.0053
0
0
24.9653
0.2099
0.3456
3e-04
6e-04
0
0
0
0
0
0
1.969
9.2328
8.5842
20.4248
30.3988
5.1776
0.541
0.0479
0
3.9688
3.2578
0.3615
0
0
2.9775
11.6138
6.1127
0.0017
0
0
0
0
5.5544
5.597
24.253
3.4492
21.3879
0.0611
0.9694
0
0.2623
1.1082
0.04
0.2752
7.3352
0.001
0.0454
0
0.7208
4.8203
17.5221
1.2664
2.6342
0
0
0
4.4992
0.4274
0
0
1.0037
0
0
0.0017
0
0
0
3.896
1e-04
0
0
0
7.8462
0
0.0511
0
0
1.1952
0
0.2923
11.9403
4.8015
29.2381
0.4061
0.1443
2.108
1.4076
0
0.2433
5.3651
2.6496
0.4892
6e-04
0.7038
2.4408
0
16.44
8.6705
0
0
0
0
12.946
4.1092
0.0808
0.0012
0.5342
1.9518
0.2197
0
0
1.2793
10.2148
0
8.2855
2.7094
7.7258
0.5219
1.6987
0.607
3e-04
0
0.0231
0
0
7.4334
0.2114
0
0
0
0.9449
48.6153
0.0629
2.3116
3.1542
0.0083
1.1999
0.1008
0.2439
0.3064
3.8625
17.686
5.6611
0.5017
0.5753
1.8887
0.0239
0.2307
1e-04
0
0
0
9.6587
0
0.9694
0
3.3995
0
0.0017
0
5.9565
22.9951
1.6374
0
1.7382
1e-04
0
0
0
0
0
0
0
0
0.3943
19.2808
40.7611
0
0
0
0
0
2e-04
0
0
0
0.0192
5.8599
4.587
0
0.2917
0
0.3358
7.1964
0
0
6.624
10.4022
0.0082
0.1631
4.7213
8.5174
0
0
0
0
10.0949
8.6604
0
0
0.2528
26.5896
15.8575
2.6059
0.999
0
0.0204
0
2.8262
19.3036
6.1051
21.0238
0
0
0.045
0.0936
0
0.8883
0.1342
0.103
0.127
0
0
0
0.0956
0
0.1639
0
5e-04
3e-04
0
0
0
0.2527
0.0811
4e-04
0
0
0
5e-04
9.1571
2.0723
0.5759
0
0.7829
0
0
0.7232
0
0.045
0
2e-04
5.9228
0.8538
0.0212
0
13.5588
12.2779
0.2443
0
0
0
4.4596
0
0
0.211
0
0.1214
0
3.3596
16.7846
0
0
0
4.5296
0
2.4231
2.0702
16.4082
2.6103
0
0
0.251
0.0838
0
9e-04
2.6935
5.2053
0.2582
0.1052
0.928
0.8495
0
0.2658
0
0.0786
0
21.4417
1.7254
0
0.6599
2.5134
0.0093
0
0
4e-04
0
0
0
0.0554
0
24.7182
23.3127
10.4523
0.1584
1.1557
1.5492
2.7817
14.3198
0
0
0
0
0
0
4.15
4.1088
0
0
0
0
8e-04
8.1013
0.4555
0
0
0
0
0
0
0
1.0732
3.2016
4.7466
0
0.1159
0.639
0.4393
2.0237
7.065
2.4153
11.99
0.013
0.0955
0
10.8108
0
0
0
0
0
0
0
0
0.0674
0.3125
6.767
0
0.8907
0
0
0.0033
0
0.027
2.3703
6.6313
0
0
0
0
0
0.1093
4.3479
0.828
0
0
0
6.4816
0.4087
0
1.5941
0.0072
1.4841
0
8.362
0.0034
22.8613
0.0018
0
0
0
0.2753
6.9458
5.7163
15.812
5.669
0
0
0
0
0.5152
0
0.0208
20.3981
12.2424
6.3586
5.7015
15.6567
0.1202
0
0
0
0
0.0248
13.8733
0
0
10.3144
38.2665
87.356
10.053
0.1007
1.4786
7.8054
6e-04
0.0279
0
0.0219
5.528
0
0
0
0
0
0
0.4284
6.7851
6.0008
33.9489
0
1.1172
0
0
0.1211
0
0
0
0
0
0
0
0
0
0
0
8.6661
9e-04
0
0
0
5.5276
4.3454
1.0024
0
0
0
0
0
0.7701
0
3.4395
0.2998
0.0013
0
0.0408
3.8562
0.1287
3.2364
0.6942
0
0
2.6215
24.5606
0.4914
0.1064
0
1.3367
0
0
0
0
0.1648
0
0
0
0.1648
0
0
0
0
0.5275
0.0289
0
0
0
8.325
15.9737
0.366
0.4461
0
1.2822
0.7817
1.8719
0.0262
0.0818
7.9707
28.2399
0.064
0
0
19.356
0
0.1115
0.028
0
4.9334
0
1.0178
0.2113
3.8684
0.0033
0.9818
0.1536
9.1083
0
7.7387
24.3745
1.4433
0.0034
11.7655
1.72
2.5016
0.9067
0
0
0
0
7.222
0
0
0.7238
0.7357
2.1463
1.9007
0
0
0.5848
0
7e-04
11.3878
29.8824
1.6438
0.8275
0
1.2777
0.7915
0.004
0
0.9125
0.1484
0
0
0
0.4796
0
0.3293
0
0.3026
0.464
0.135
0.4381
4.6598
0
7.3001
0.2006
0
4.8307
28.7663
47.6777
0.4475
0.3298
0.9956
0.7082
1e-04
2.6774
2.1881
0.2487
0
0
9.72
2.493
0.0032
0.1639
0.0843
3.4471
0.8153
0
0
15.3499
0
0.826
2.1984
0
0
4.671
24.5486
4.0953
0.1167
0.9639
3.4778
0.0353
0.0944
0
0
0
2.7052
0.0631
0
0.0837
4.1426
29.7309
0.542
0.6405
4.9961
0
1e-04
0.0311
0.0318
7.1649
22.5864
0
0
2.4371
10.3569
0
0.2926
12.2942
0
0
0
0
0.9384
2.8322
12.6168
5.756
3.5588
0
0
0
0
0
2.3719
2.9807
0.0212
0
0
0
6.0496
1.4091
0
1.0063
10.4799
0
0
25.6592
5.4006
0
0
0.2417
1.3235
12.2368
0.959
2.5878
13.7529
2.326
0.0677
7.3258
0.6592
5.9951
0.5362
5.684
0
0
1e-04
0.2156
0
0
0
0.82
0.305
0.3492
0
0.0098
22.4239
8e-04
0
17.2966
8.5643
0.0151
0
1.0402
0.1649
3.9422
25.9701
0
0
9.8826
6.3177
0
4.9205
0
0
0
0
12.8316
7.998
2.5365
0
6.7631
25.6976
4.0525
8.1847
1.0774
0.7261
0.3852
0.0019
29.1138
4e-04
0.0015
0
0.4532
16.3203
11.2728
0.3321
0.4348
3.8397
5.5379
3e-04
0.0825
0.0013
0.4346
0
0.6508
2.835
0.4561
0.8793
0.0028
0.1278
0
0.1797
0
0
0
0
0.0773
10.5037
0.0186
0
0.5637
3.3081
0
0.6107
0.0923
0.0116
3.1391
0
0
0
2.1812
0.2615
0
0
0.9508
0
0
0
0
1.0809
3.5723
0
0.4416
0.1648
0.1334
0.302
0.1429
0
0
0
0
0.2828
2.4288
0.0106
1.2278
0
9.9306
0
0
58.5555
9.8773
2.6306
0.2878
0
0
0
0
0
0
0
0
0
0
0.0723
0
0.0754
2.3112
4.8855
0.0776
0
1.5228
0.1622
0
0.0223
0
6.339
0.1374
0
0
0
0.0685
0
2.5729
13.0487
0
0
0
0
0.8697
0
0
8.5517
0.213
0.208
0.822
0.6488
0
0.0694
0
0
0
0.5269
0
0
0
1.1695
0.075
0.8984
0.3044
0
0.4687
13.315
3.2185
28.4592
1.2989
0.0382
0.0592
0
0
0
0
0
2.432
0.2692
0
0
0
0
7.0667
2.352
0.6394
1e-04
0.731
0
1e-04
0.1685
0.2601
14.7165
11.7185
0
0.0179
0
2.3838
4.1292
1.275
0.802
0
24.4512
0
2.5049
0
1.1817
18.9296
0
4.568
0.4305
5.573
0
0
0.0697
0
0
0
0.5181
0
1.0536
0.3823
0
1.8111
6.0124
0.0028
0.9013
1.347
3.6342
0.0162
0.0367
0.3464
0.1417
0
0
0
0
0
0
1e-04
0
1.0932
18.6403
0
0.339
0
0
4.711
0
0.0684
0
0
0
0
0
3.0147
40.5378
2.8549
0
0.3949
0.5638
0
0
6.1279
0.3192
0.293
2.2647
0.0246
0.2239
0
0
1.598
7.2438
0
0.0298
1.3087
0
0
0
0
8.0889
53.7576
1.0806
15.7274
6.3727
0
0
0
0
0
0
1.5186
1.3774
0
0
0
0
0
2.8236
0.0633
8e-04
0
7.18
0.7126
0.4512
0.4591
0
11.6462
0
1.5136
18.8913
0
0
0
3.5209
0
0
7.8999
19.0857
2.1382
0.0021
0
0
2.0769
11.3313
2.0753
0.9242
0
0.1916
0
0.1286
0
6.6416
4.0196
9.7805
8.2391
0.6339
0
0
0
4.8955
1.2594
13.8809
1.9092
0
0.4248
0
4.3241
27.8284
0
3.0002
0
0
0
0
0
0
0
0
0
2.8565
7.9082
12.8149
0.0184
1.2694
0
5.5851
12.0769
3.9421
0
0
0
0
1.1864
0.1013
0.7887
4.9585
4.8272
0.7944
0.085
3e-04
0.024
3.2469
0
42.5127
2.0425
9e-04
0
0
0
0.0199
7.2749
0
0.2663
0.2502
0.0976
0.1108
2.5258
0
1e-04
1e-04
0
0
0
0.0352
0.0044
13.1385
0
0.83
0
0
0
1.6577
0
0.3794
0.6516
0.294
12.1672
8.7212
2.7453
5.7888
0.0063
1.155
0.4386
9.5624
1.9304
1.3058
0
1.3062
0
1.8319
0
0
0
2.3729
0
0
6.4308
0.1503
0
0
0
0
18.4808
4.005
0.7338
4.7325
1.7594
6.5146
0
0
0
0
0.2021
19.3752
6.201
0
0
0
0
0
0.002
0.0258
0.0361
5.2796
6.7208
0.2953
0
0
0
0
0
0.1069
0.0184
0
0
0
0.0558
4.3165
0.1424
0.0735
0.5461
0
0.245
0.2801
6.9054
0.0641
0.0354
0.1438
33.963
3.3425
1e-04
0
0.4308
2.8678
2.0685
14.8392
2.4908
0
0.3378
0
2.7658
4.1807
0.0814
0.0276
0
0
0
0
0
11.0654
1.6725
1e-04
0
1.2163
6.5475
0
0
8.3939
0
0
0
0.1378
0.0317
0
0
0
0
8e-04
0.0937
0
0
0
0
0.3136
0.0156
0.0883
4.201
1.2263
0
0
4e-04
0.0238
0.9656
2.9908
0.5042
0
1.8124
2.2975
0
5.8624
5.19
0
0
0
2e-04
0.4826
9.3993
0
0.0979
0
8.2475
0.095
0.0952
0
0
0
7.3934
0
0.5133
0.7744
1.1694
0.0296
10.895
1.6016
1.731
0.1683
0
0.1329
1.2181
0.2609
0.028
0
0.7419
0.0053
0.0696
4.7044
0.3806
0.3918
0
0.3023
0.1499
0
0
0
0
0
0
0.0258
0
0
0.3453
0
7.3649
2.8775
0
0
0.8325
0
0.0344
0
0
0.2196
0
0
0.4332
4.019
0
0
7.0859
0.8471
0.3877
0.5415
0
5e-04
0.3098
0.5847
1.272
0
0
0
0.008
4.6822
0
0.6824
1.7788
1.1948
0.9016
0.4061
0
0
0
0
0
0
0
0
0
0.6727
0.2642
2.194
10.1505
4.6766
1.0666
0
0
0
0
0
0
9.8851
0
0
5.715
0.5166
0
11.6116
3.2413
0
0
0
0
0.0402
0.0672
1.095
0.9042
4.0255
26.2493
0.1008
0
0
0
0.764
0
0
0.9988
0
0
0
0
0
0
6e-04
8.9075
21.1874
13.5553
0
0
0
0
3.2712
7.5368
3.9439
2.8126
1.5172
3.022
0.4367
5.9113
0.0018
0
23.0622
9.1946
0.4308
7.4911
0.0117
0.1172
18.0359
2.4905
0.0277
0.842
5.9862
4.4719
0
0
0
0
8.3364
0.7109
0.1632
0
25.7922
9.391
1.8821
0.3008
1.5231
25.3999
2.1821
0
0.4464
10.6569
0.1207
4.2472
0.0425
17.4222
4.1532
6.938
0.2383
0
0
2.3984
0
0.0386
7.8547
12.8803
0.4989
0.2828
0.1761
13.2217
22.4626
0
0
0
0
0.1409
0.028
0
0
0
13.1493
12.0708
0.3394
0.3987
2.3634
0.2471
0.2927
0
0.7511
0
2.6244
0.4974
1e-04
0
4.9411
0.1032
14.2057
9.5033
5e-04
0
6.1924
1.0548
0
0.0017
0
0.1929
4.0014
1.9745
11.4797
1.6747
0
0
0.1911
0.098
10.2461
4.3862
0
9.2703
1.5779
2.386
0
0
0
0
19.8992
0.0012
0.2014
0.0456
0
0
0
0
0
0
0
0
1.7143
1.703
0
0.1328
0.0295
0.2036
0
0
0
4.8875
0
0.0656
0
0
11.0853
0.0171
0
0.2244
0.0969
0.0061
1.9681
0.0031
0
0
0
7.465
13.1146
0
0
0
6.1151
1.7417
0.3139
0
0
0
0
0
0
0.0254
0
0.3928
9.2766
0.526
0
0
0.1484
5e-04
0
0.0906
0
0
2.461
0.1228
9.4828
0
0.031
1e-04
0.1585
0
0
0
0.0135
0.4149
0
0
0
0
0
0.0077
0.0438
0
0.0016
0.9767
0.191
15.7765
7.4689
0.1032
0
0
0
2.9715
7.8193
0.3259
34.1756
5.7164
0
0
0
18.687
3e-04
0.2283
0.0079
0
0
0
0.3958
0.0813
0
0.3264
0
11.6893
0.0471
0
0
0
0
0
0
0
0.0112
0.2208
0
0
0.2318
0.3214
0
0
0
0.8799
0.028
3.3738
0
0
0
0
2e-04
0.2051
2.2396
0.3371
0
6.5305
1.2648
0.095
0
0
0
1e-04
2.5074
0.3643
0.8777
2e-04
0
0.4471
0
0.5727
0
0.6087
0
0.2455
0.0287
0
4.7704
5.2136
0
0.4797
1.2254
0.5546
1.142
0
0
0
0
0.7929
0.0019
0
0
0
0
0
0
3.6259
10.0966
1.1637
0
0.993
6.4926
0.0613
0
45.3141
0
0
0
1.0455
26.0998
4.1185
0
0
17.4294
0.0033
1.6074
0.0187
0
0
6.8258
0.2695
0
0
0
5e-04
1.6774
0.9839
4.2893
0.1507
0
0
0
0
0
0.7357
5e-04
0
1.2925
0.3154
23.94
0.3435
0.0681
0
9.0607
0
0.1114
2.2367
0
0
0
0
10.4269
0.6953
2.7159
14.1124
16.3283
0
6.5256
5.5959
2.3104
26.728
0.7911
9.3635
1.0172
0.2868
0
1.163
5.8893
13.0049
1.0594
0
0.5137
1.079
0.4105
0.182
3.4343
0.2139
2.9265
5.5272
15.9555
7.5619
5.6662
3.0018
1.8004
4.2475
1.955
0.1281
0.2788
1.0511
9.2206
32.8343
16.4465
11.6241
0.1148
14.3634
0.1121
0
0
0
0
0.1377
3.0782
0.1176
0
0
3.5816
12.6361
2.8919
0
0
0
0.2617
1.9303
0.5365
9.5349
5.1841
1.8046
0.8639
1.8645
2.8102
2.1299
0
0
0.1716
0
0
0
0
7.7328
0
0
0
0.0678
0.0076
0.0647
0.6853
0
29.4702
0.0589
0
0
0
0
0
22.3124
7.8372
0.6329
0.0064
9.1491
16.2045
31.3543
1.2553
0.6283
0
0.2276
5.9779
0.1661
0
11.2104
0.2241
11.2255
0
0.1701
2.6903
38.3403
1.1958
14.5005
3.53
0
0
0
4.4111
0
0
0
0
3.7353
0.0591
4.0018
0.0457
0.0279
29.6162
19.3312
0.452
0
0
0
0
0.7747
0.2344
0.7952
0.1217
16.4685
0
0
16.5606
21.5474
1.3612
1.9838
1.572
0.8411
0
0.1249
3.0276
0
0
0
7.8796
1.3951
9.4921
0.1263
17.4408
0.1013
0.9975
44.7943
0.0672
1.7073
10.2598
1.9642
4.6882
3e-04
0.2232
0
0
0
0
0
0
0
0.1136
1.1357
1.0012
0.5485
0.9605
1.1225
0
1.9262
38.221
17.3009
0.5077
0
0
4.8727
0.6094
5.1518
7.3181
0
0.6258
3e-04
1.9061
0.0265
0
0
0
0
0
0.6865
0
4.0246
8e-04
0.1573
0
0
25.7459
5.0903
0
0
0
0.9877
0.0017
3.1197
22.1365
9.4251
0
0
0
11.9226
12.5729
36.2309
2.6245
0
0
0.0102
3.1968
26.0957
5.8771
0.3801
0.0168
0.267
0
0
0
2.6019
5.0354
13.8479
0.0479
1.2713
0
0.0896
3.4171
20.0448
0.0013
0.5307
0.1333
0
0
8.1446
0.4107
0.0172
2.985
1.3461
0.834
0.3614
0.1806
0
0
0
0
0
0
0
3.8973
1.4984
0.4559
0
0.1822
0
18.3373
0
0.4231
0.3411
2.613
0
4.1034
0
0.1826
8.2243
7.1549
1.2543
0
0
0
1.9348
0
0
8.8911
0.0802
0
0
0
0
0
0.1849
0
0
1.1838
0.0651
1.1589
0
0
0
0
2.0997
1.044
0.4092
15.5066
0
0
0
0.0129
15.0579
0.8132
12.5811
0
0.5659
0.4587
0
0
5.0599
0
0
0
6.5307
1.2668
0.1141
2.4327
6.5564
0.0036
1.7396
0
0
0
0.4887
2.3485
3.7192
0
0
0
0
0
4.0374
5e-04
0
0
3.1603
0
0
0
0
0
0.4514
0
0
0
0
5.8396
0.475
0.4834
0
0
0
0
5.2156
0
0
0
2.438
9.0598
0
1.5001
0
0.616
12.7843
4.215
0.003
1.448
0.2077
0.0583
6.6512
5.3516
1.7957
2.0671
0
0
0
0
0
0
0
0
0
0
0
0
0
0
0
0.0709
0
0
16.0662
0.076
0
30.9216
0
0
0
0.4891
0
0
0
0
0.0124
5.6319
0.2106
0
0
0
0.9772
4.0985
2.1721
0
0
0
8.8236
0
0
0
0
0
0
1.2746
1.3347
0.5546
1.063
0
0.0624
9.6808
2.1125
0
0
0
0.7396
0
0
0
0
3.5287
0
0
1.8157
9.9689
6.2035
0.0488
0
2.7717
2.7555
0
0.26
0.257
6.8656
0
0
0.6493
0
0
0
0.1799
24.1974
0.0044
0
0
5.9664
30.3048
1.8023
1e-04
0.6447
26.711
0.8888
0.9288
0.0677
0
0
0
0.8803
0.3952
0
0
0
0
18.8673
0.0275
0
0
0
3.1521
8.2667
0.2566
3.292
1.1968
0
6.8363
26.4548
0.0291
0
0
0
0
2.0645
0.2447
0
0
16.1591
0
0
1.6317
14.4911
0
0
2.4138
23.9732
2.7632
0.1535
0
0
0
17.9207
1.7078
0
11.0586
14.5102
0
0
0
0.6755
0
0
4.2752
1.9599
0.4146
0
0.7476
5.5548
5.7431
1.1447
0.0035
0.0011
7.8434
0.5421
0
5.84
5.1161
0.0047
0.9141
10.6933
3.2808
1.229
0
0
0
0
0
0
0
0
6.261
4e-04
14.7067
0
0
0
0
0
0
0
0
0
0
1.4569
0
0
0
0
0
0
0
0
3.5777
0.2574
5.1202
1e-04
0
2.2167
6.2288
8.0921
11.1003
0.3417
0
0
0
1.4019
0
0
2.0766
0
14.9907
2.8204
0
0
0.0339
0
3.6631
0
0
1.9544
0.3078
0.356
0
0
0
0
0
0.0774
0
0
5e-04
0.5271
13.3109
0
31.7348
5.7477
0
0
0
0
0
0
0
0
0
0.0108
1.1531
0.2837
0.1981
5.0667
0.3376
11.2789
1.7835
0
0.0068
0
2.3051
0
1.0642
0
3.4637
0
0
0
0
0
0
0
0
0
0
2.3238
0
0
0.865
0
0
0
19.0746
10.6795
1.2316
0
0.001
0
0
0.2948
1.1591
0
0
0
0
10.9126
0
0
0
0
2.4351
0
4.6422
0.4597
0.0024
0
0
0
0.0483
3.4573
0.4177
0
0
0
0
0
0.0061
0
0
0
0
0
0
0.0158
1.5572
25.525
39.2437
18.091
0.0207
0
0
9.543
0.3302
0.0123
9.7518
0.3163
0
0
0.4692
23.4292
0.2782
0
0
14.5178
0.5712
0.1839
0
0
0
0
0
0
0
0.0038
0.0037
9.5058
0.9908
1.0796
0
0
0.1112
0.2
0
0
0
0
0
1.841
1.307
1e-04
0
0
3.394
10.1607
0
0
5.3586
22.1716
0.0062
0
0
0
5e-04
4e-04
4e-04
0
6.8288
1.5195
0.1489
18.6071
0
0.7253
3.6952
6e-04
0
0
0
0
0.005
0.193
0.0739
0.1228
6.777
37.0445
7.7173
5.294
0.8874
18.7691
1.9104
4.3231
9.7395
12.5411
4.9883
2.6205
7.5398
45.0151
34.0604
0
0
0
0
0
0
0
0.0088
2e-04
57.4311
7e-04
6.3197
0.099
0
0
0
20.3992
0
0
0
0.2016
2.8982
7.2035
22.9105
6e-04
0
0.5533
1.0518
1.0141
0.6389
0.0088
0
15.6843
7.3143
0
0
0
0
0
0
0
0.2316
7.6186
8.017
0.0119
0
0
0.1872
2.4926
0
0
16.8362
0.0405
0.6418
0
0
0
0
0
0
0.0051
0
0.1667
5.746
1.2884
0
0.0023
5.5543
0
0
0.0154
34.5717
28.936
0
0
0
0
0
0
0
2.4301
0.7682
0
0
1.1128
47.3633
9.111
16.5359
2.7365
0
0
0
0
0
0
0
0
2.908
0.6192
0.1862
6.4389
0
0.5285
0.2654
1.1232
0
0
0
0
0
0
0
9.4989
16.4532
4.045
6e-04
0
0
2.9765
2.0794
0.023
0
0
0.8678
2.8498
0
0
0
0
14.0412
10.2595
0
0
3.6218
3.9558
0
0
0
0
0
0
0
0
0
0
0.3337
0.0026
0.0663
1.7196
0.0711
0
0
0
0.1829
0
0
4.7352
0.215
0
1.5302
0
0
5.161
26.0771
45.1378
1e-04
0
0
0
0
0
0.1049
0
0
2e-04
0.9018
0
0
9.5016
3.6613
0
0
0.0746
0.1279
9.6595
0
0.03
0.1873
0.244
1.0227
0.787
0
1.7666
3e-04
0.036
0.0021
0.0021
0
0.14
1.0708
0.0047
0
0
0
0.0042
9.8647
11.7943
0
0.7323
2.698
0
0
0
7.2359
0
0
0
0
0
0
0
1.651
3.4799
0
7.8532
3.7257
0
1.3615
0
0
0
0
0
0
2.2765
0
0
0
0
0
1.0135
0
0.3329
0
8.8898
0
0
0
0
0
0
1.9015
0.4614
0
0.0991
0
0
0.2282
0
0.5936
3.3043
0.9229
0
0
0.1369
3e-04
35.3106
4.347
0
0
7.903
12.8475
0.0248
1e-04
3.5204
0
0
8.052
10.6044
0
0
0
0
0
0
0.4192
0
0.2205
5.9327
0
0
12.3871
4.9985
4.5252
0.512
0
0.9291
0
0
0
0.0844
0
0.9563
0.8965
1.0683
6.7765
1.1933
2.4029
15.6484
0
2.7658
0
0
0.0136
12.1504
5e-04
0
0
0
0
0
1.5264
0.7186
0
0
0
0.0191
2.5349
24.3446
0.2569
0
0
26.6744
0
0.0241
2.3645
0.4098
0.6157
0
0
0.3472
0
12.861
7.1733
6.5376
0
1.7768
6.839
27.9229
13.6206
0.0242
0
0
0.2583
0
1.2328
0
0
0
0
0
1e-04
23.0161
1.6391
0
0
0
0.0258
0
0.1314
0
0
0
4.6959
0
0
0
6.6748
0
0
0.802
0.5233
0.4786
0
1.4948
0
0.0089
2.6923
0
0.084
0.5657
0.2297
0
0
0
0
43.3455
4.5353
0.2766
0
0
0
0
0
0.7199
14.5705
3.5607
5.2551
3e-04
0
0
0
0
0
0
0
0.1229
0.3711
1.7568
0
0
0.5295
6.9373
0
0
0
41.5429
32.8323
0
0.2561
0
3.9532
3.0842
0
0
0
0
10.5738
0.0024
0
0
0
0
0
0
0
11.4813
0
0.0016
10.8069
0.9824
0.2525
0.1619
3.0001
0.286
0.0247
0
0
0
1.0394
6.5295
4.2054
0.0912
1e-04
0.4675
0
7.8941
0.0095
0
0
0
0
0
0
1.5366
0
0
4.3375
1.7066
0
0
1.6468
0.9005
5.1989
2.5241
0
0
0
1.2959
0.8877
0
0
0
0.5192
5.33
0
0
0
0
2.2109
2.6166
17.858
0
0
0
0
0
0
0.9289
0
0
0
1.7222
15.9685
0
0
1.2356
0
0
0
0
0
0
6.3207
0.2547
0
0
0
0
0
1.7338
8.9834
0.2963
0
0
5.2899
0
0
0
0
0
17.7403
7.7052
0
3.2697
0.051
0
0.0719
0
0.0591
8.4183
0
0
0
0
0
0.5212
0
2.2859
3.1457
2e-04
0
0
1.7109
0.9833
0
0
0.1051
0.3789
0
9.3226
3.5989
0
3.1278
0
0
0
0
0.3654
0
0.0032
0.0135
0
0.0101
0
0
0
0.0171
0.0068
0.0043
2.092
0
0
0
0
0.0145
0
0
9.7776
0
1.6205
0
0
0
0
4e-04
0.0045
1.5712
0.2304
0
3.8845
10.4384
0
0
0
0
0
0.0912
0
0
1.2108
0.1132
5.9271
10.6474
0
0
0.1107
0.0013
0.2397
0.0135
6.1586
4.7258
0.016
0
0.8085
16.4601
1.3096
17.4131
1.3933
0.0148
0
5.0886
1e-04
0
0.0175
0.0015
0
7.0816
7.9889
0.2477
0.2716
0
0
3.9029
0.4279
0
0
0
5.2353
1.5494
0
0
0.3421
3.2542
0
0
0
3.4339
0.614
4.1941
2e-04
0
0
5.3308
6.0792
3.9596
0.0122
0.0123
0
0.2585
0
0
0
0
13.8756
3.4503
0.1533
9.4695
18.2865
51.23
3e-04
0
0
0
0.1745
0
0.0188
9.6391
5.3354
0.0468
0.0212
7.3443
14.829
12.9181
9.8667
14.9036
4.0044
3.7794
0.8756
0.0176
0.3838
0.0755
0.0237
0
7.8117
3.3858
53.874
17.0957
5.0429
2.0788
0.02
0
0
0
0
0
11.7878
3.5846
66.8919
0.8033
0
12.5618
3.8957
8.3739
0.2123
4e-04
13.7823
5.5183
10.5969
0.883
0
0
0
0
0
0.0072
0.0301
0
0.8197
3.3961
0
0
0
23.3609
0
0
0
0
0
0
0.9237
0.2028
0
0
0
10.8578
0
0.523
0.9586
0.4054
5.7468
0
0
6.6279
26.4438
0
0
0
0
0.091
4.842
0.009
0
0.0134
0.0334
1.9423
13.0167
0
0
0
0.004
0
11.2173
4.7706
0
0
0
0
0
0.0321
4.3169
0
0
0
0
0
0
0
0
0
2.9454
0.3019
0
0
3.7809
0.3637
0
0
0
0
0.5124
0
0
0
0
0
0
0.2657
0
0
0
0
0
1.1683
0.0283
2.3837
1.2161
0
0.0124
45.6388
2e-04
0
0.0665
2.736
0
0
0
0
4.5419
0
0.0111
0.0844
6.2005
0
0.7349
0
0
0
0
0
4.9141
0.3187
0
1.8513
0.4274
0
0
0
0
8.6137
7.0349
0.0011
0
0.5466
0.0165
0
0
0
0
0
0
0
0
0
0
0.0036
3.7549
1.7171
0
0
0
0
0
3.1791
0.5292
1.7711
9.5902
0
8.5047
29.0383
28.1326
5.7771
0
0
0
0
0
0
0
0
0
4.9138
0.3823
24.6767
0
0.0971
0.0458
0
4.1865
1.4348
0.0071
0
0
0.0712
0
0
0
0
0
0.5077
0
0
0.018
0
0
0.6296
0.0532
20.4309
0.0161
0
0
0
0.234
0.0171
0
0.0084
0.0022
0
0
0.0338
0.0033
0
0
0
0
0
0
0
30.9559
1.5485
0
0
0
1.2129
8.9372
0.3553
1.5802
3.0171
0.0891
0
0
0
1.5952
21.96
1.5249
5e-04
8.8961
6.348
0.3963
0.2381
0
0
0
0
0
0
0
21.3968
0.2811
0
0
9.2467
0
0
11.0155
6.0301
2.7702
0.4338
0.0103
0
3.9001
20.1357
2.1054
2.7886
0.1911
4.6375
0
0
0.0147
0
0
0
0
0
0
6.6539
11.2553
0
0
0
9.6138
0
10.4382
2.455
9.726
5.7527
18.66
0
1.0658
6.2536
0
0.0129
0
2.2432
9.0184
0
0.0785
1.1473
2.6563
0
0
4e-04
2.438
0
0
6.2511
0
0
0
0
0
0
5.4567
0.4579
0.065
0
0.4285
0.5527
0
1.6578
43.7318
3.0548
1.2119
0
0
0
0
0
0
0.0223
7.4574
0.0232
0.7226
0
0
0
0
0
46.6273
0.1789
0
1.1592
0.4291
1e-04
0
0
1.5831
0
0
0.0316
0
0.0208
0.0025
0.002
0.7406
0
0
0
0
10.243
0.1005
0
0
6.5073
0
0
0.0136
0.1193
0.0139
0.4825
0
0
0
0.0016
1.1418
1.1529
0.0072
0
0
0
0
0.0124
0
0
0
3.2042
0.3181
11.718
3.0004
26.4414
10.1382
11.2316
9.0814
1.0384
0.004
4.2391
0.8037
2.3878
0
0
0.0113
2.397
0
0.8856
0.0072
0.0469
0.0175
0.6347
0.0128
0
0
0
0
0.1403
0
7e-04
0.3621
33.246
0.0179
0
0
8.9873
0
0
19.7968
0
0
0
0
0
0
0
0
9.4647
0
9.4017
6.6583
10.5589
2.5285
2.0827
0
0
0
0
0
0
0
0
0
0
6.0456
0.0476
0
3.8657
0.0148
0.013
0.7589
22.8362
11.3508
0
0
0
0
1.882
1.8659
2e-04
0
8.42
0
0
0
1.2553
0.0024
0
0
0
4.2277
0.0858
0
0
0
0
0
0
0
0
0
0.9173
1e-04
0
0
3.056
5.4595
0
0
0
3.8995
6.2801
0.524
3e-04
0
0
1.6296
3.4217
8.9726
0
0
0
0
4.6894
2.6381
1e-04
0
0
0.0266
5.5582
1.3661
0.0823
0
0
0
0.0358
0.5147
0
4.0083
1.7641
0
1.0536
0.0101
0
0
0
9.7671
6.3267
0.2926
0
0
0
0
6.409
3.2955
19.6779
0
0
0
0.4001
4.8173
0
0.0135
14.8296
0
0.4885
6.4482
1.9909
0.9745
0
0.0026
0
0
0
3.7129
0
0
0
0
0
0
26.8592
1.1306
0.6655
0
0
5.7824
0
0
0
0
0
0
0
0
0
0
0
6.0162
6.6394
0
0
0.3965
10.2448
0.2571
0
0
0
0.8819
5.4822
0
4e-04
0.6009
0
0
0.0924
0
0
0
3.5547
0.0011
0
1.922
0.3414
0
0
1.3927
0
5.8642
2.3194
3.8244
0
21.241
5.3088
6e-04
0.0714
1.4433
5.2113
1.4645
16.1807
5.4311
0
0
0.0987
3.5178
0
0.0226
0
0.1213
0
0
0
0.1218
2.4096
3.5014
0
0
0
0
0
1.6255
1.1853
19.7663
15.4302
8.848
4.4661
1e-04
25.8811
30.0639
1.9256
0
0
0
0
18.51
0
0
0
0
0
0
0.1382
16.5966
6.605
7.112
2e-04
0
0.0944
1.3103
0.5483
16.9357
1.7628
10.1118
0.0031
0.0116
0
0
0
0.7799
2.7523
0
0.5088
0
0.1332
1e-04
0
0
19.8972
5.6875
0.1558
8.1128
5.8838
2.802
0.1952
0.205
0.0654
0.1372
17.2613
1e-04
0
2.4314
2.5712
0
2.2694
31.9087
14.6224
0
6.1144
0.2129
0
3e-04
21.0933
0
0
26.5406
11.4587
4.3201
82.6287
0.0072
0
6.5128
2.1311
1e-04
0
8e-04
0
9.4155
0.0913
0.0651
0
0
0.051
0.0775
0
0
0
0.0217
0.0341
2.742
4.7332
0.0357
0.0169
0
0
0
0
0.0091
0.087
0
0
0
0
15.2834
0.0018
0.2618
0.1411
22.6021
0.8844
0.1566
0
0
0
0
0.8021
18.285
0.0037
0
0
0.0105
0.3817
0
23.0598
0.2815
8.5232
0.3504
0
0
0
0.0016
2.0572
3.2383
0
0
0
0.7238
24.9497
0.176
0
0
0
0
0
0
0
0
0
0
0
0
0
0.5113
0.5319
0.3424
0.0596
1.9738
6.1865
0
2.9199
0.3205
0
0
0.2507
0
0
0
0
0
0
0
5.1662
7.8742
0.06
0
1.0218
14.6726
0
0.784
0
0.1053
16.7064
4.4565
0.0317
33.3215
8.3759
0
0
0
0
0
0.3958
2.5286
0
5.3242
0
0
63.6228
3.468
0
0
0.0103
0
0
0
0
0
0
0
2.2129
0
0
0
0.0113
0.9296
0
0
0
0
0.0085
3e-04
0.0023
0.1743
1.201
0
0
0.0041
0
0
0
0
1.1072
9.2926
2.445
0.8279
0
0
0
0.0076
0.339
0
0
0
1e-04
0
0
0
0
2.2492
0
0.4661
1.6688
15.7917
0
0
0.2195
0.0456
0
0
0
0
0
1.3432
9.1789
0.5102
0
0
4.3703
1e-04
0.5451
0
0
0
0
0
2.3653
0.5757
2.3048
0.3102
0
0.7234
0.1912
0.125
0
0
0.4302
7.3508
5.8173
0.0993
1.0165
25.5897
2.6723
9.7838
4.6795
0.7833
6.6709
13.6447
0
0
1.781
22.3628
2.5785
0
0
0
0.2182
1.2476
0
0
0
0
0
0.3541
0
0
0
2.219
0
0
0
1.5046
0
0
0
0
0
8.8788
4.4847
21.6072
4.0223
0.0038
0
1.4146
19.6106
2.8524
0
1.6645
0
0
0
0
0
0.2336
0
17.2057
22.3325
0
0.2701
1e-04
1.2313
0
0
0
0.0284
5.274
2.4861
0
0.0312
1.7305
0
0
0
9e-04
3.5723
0.1544
0
3.6005
1e-04
0
0.6783
9.3957
0.7326
0.0513
11.6622
2.8918
3.7346
0
0
1.3735
5.7751
0.0022
1.6533
2.293
0.0048
0
0
4.3783
0
0
0
7.1769
14.0143
1.0023
0
0
0
2.7948
0
0
3.6074
28.8867
17.7901
14.0404
2.0996
0.0068
0.0017
0
5.2055
0.0881
0.0064
1.1901
0.5824
1.5258
21.5029
9.5832
0.0058
0
0.2372
19.0933
2e-04
0
0
0
0.0179
3e-04
8.7759
16.5502
0
0
0
0
8.7436
0
0
0
0
0
1.7548
0.0211
0
0
6.2169
11.428
0.0357
4e-04
0.0017
0
1.176
0.4763
0
0
1.6269
7.8229
2.8392
4e-04
0
0
0
0.024
29.2699
7.2281
1e-04
5.3304
0.0595
1.2486
0.0244
0
0.0555
13.2342
9.1716
11.6178
0
1.1596
33.6189
1.0827
0
0
7.8868
4.2324
0
0
1.8855
0
0
0.1134
0
0.0032
0.0135
0
1.0996
0.422
12.6291
9.4754
4.62
0
0
0
0
0
0
0
0
0.542
0
0.0798
0
0
1.9817
9.7465
11.2784
0
0
0
0
0
0
0
0.0903
14.3273
12.6657
11.9945
0.049
4e-04
0.0654
0.147
0.0284
0.2471
0
0.6285
0
0
0
0.0134
0.5622
0.2025
0
0
0
0
1.2364
7.5489
22.3843
0.1917
0
0.8653
33.7066
10.0033
0.6515
0.0175
1.6165
2.5983
0
0
6.1983
0.9274
0
0
0
0
10.5551
2e-04
0
1.8806
0.129
0.3085
0
0
0
6.8628
0
11.3965
0.2739
0
0.0016
0.0038
9.4172
0.9761
1.4663
0
0
0.043
0
0
0
0
0
0
0
0.2182
2.8353
2.5543
0
0
0
2.9334
16.1957
0.0028
0
0
0
0
2.1538
2.216
0
0
24.5449
2.7592
4e-04
0
0
0
0
0.0895
2.2554
0.3026
0
0
1.0065
0.6504
0
0
0
1.0289
0.2807
3.7295
1.3745
0
0
12.3178
1.7316
0
0
2.9134
0.1815
0.2862
0
0
1.1296
0
0
2.5279
0.9451
16.7312
10.5971
0.2109
0
2.2048
1.3891
16.5301
0
0
4e-04
0
0.0735
0
0
10.4177
0.4397
0
0.003
5.632
0
0
0
0
0
0
1.0127
0
0
0
0
0
8.4194
16.8971
0
0
0.3368
16.8194
0.0864
0.0136
0.4221
0
0
0.0869
9.7749
0.1274
0
0.1057
0.7807
0
0
0.4427
5.2013
16.7383
9.6575
0
0
0
0.9157
0.25
0
1.2015
0.1384
0
0
0
6.7889
0
13.7646
0.4934
0
0.0027
4.2283
13.3047
17.5333
0
0
0.236
0
7.2186
53.0461
3.1992
8.363
3.8177
5.7687
5.4036
4.9104
2.3843
0.9557
0.0762
0
0
0
12.1297
1.0934
0.0011
6.4465
12.6387
0
0
0
5.103
4.3981
11.1687
4.0025
1.6462
0.9685
6.4347
0.0164
6.0543
11.1601
0.0177
14.6104
0.4824
0.3369
0
21.3135
51.5907
0.0012
0
9.2648
0.6231
1e-04
0
1.1231
8.6794
0.0056
0
6.1297
5.2434
5.2387
16.89
0.2589
1.6462
0.4957
25.4855
0.5437
0
0
0.2084
0.0033
0
9e-04
0
0
0
0
5.3377
23.4457
0.0587
0.0302
0.1418
7.7494
0.0048
0
0.005
0.5225
0
0
9.8014
2.0649
15.6038
18.2421
6.7769
0
4e-04
0.8054
27.4819
0.0544
0.2553
0
0
0
0
0.1587
2.8561
0
0
0
0
0
0.0629
6.6938
0.004
0.0039
0.0024
0
0
2.6005
10.0013
0.0813
0.0107
0.0089
0.0136
4.8175
27.2496
0.0342
0.0271
32.0807
0.0056
0
0
4.567
1.7904
0.0278
0
0.0076
0.0028
13.784
4e-04
0
0
0
0
0
0.1836
0.0104
0
0
0.0387
5.6489
7.843
0
0
0
0
0
0
1.4838
0.0702
5.7592
0
0.0869
0.1635
1.5199
10.0018
3.4627
4.7526
0
1.1234
0.6894
0
0
5.5177
1.9668
0
0
0
1.9438
3.6721
0
4e-04
0
6.4255
0
2e-04
0
0
2.9818
1.8169
0
0
0
18.8617
3.0703
0
0
18.9957
18.7915
1.9422
1.262
0
0
0
0
0
0
0
0
7.7253
1.461
0
0.004
0
0
0
0
0
0
0.0887
0.0472
1.2438
1.7916
0
1e-04
5.1038
0
0
0.0287
2.4827
1.3601
0
0
0
0
4e-04
0
10.726
0.4394
0
0
0
3.8106
0
0.6492
1.1068
0
0.0736
0
0
0
0
8e-04
0
0
0
0
10.7216
15.6617
1.6772
0.0026
0
2.8019
2.2952
0
0
5e-04
0
0
30.3806
17.0146
11.0664
0.4453
0
0.3319
0.0015
0
16.6889
0
0
0
0
0
5.6957
1.7082
8e-04
0
0
0
0
0
0.5556
0
0
4.7947
0.3913
4.8118
0.4705
0.1309
1.0985
4.4681
0.013
0.1322
6.9937
0
0.0057
0
0.0747
2.8957
0
0
0
0
0
1.0868
8.3454
3.2681
0.4347
0
0
0
4.2699
3.5376
0.0221
0
0.6516
0
0
0
3.2124
0
0
5.855
0.2147
0.1653
0
0
16.9113
13.7355
3.6721
0
0.4698
3.472
0
8e-04
0.9257
1.7998
18.0288
13.2838
2.9244
0.501
0
0
0
0
0.029
0.0099
11.3294
10.458
0.1451
0
0
0.1444
2.0252
0
0.7702
0
6.0056
0.0031
0
0
1.8073
0.0697
0.5686
1.2724
0
7.8366
0
1.583
1.0421
0.6494
3.2552
0
0
0
0.2085
0.1021
0
0
0
4.1614
2.277
0
0
17.4437
16.7525
0.0452
2.0604
14.7332
29.1538
0.074
0.4704
0.8656
0
0
1.3736
9.0398
0.0234
1.0797
6.4837
0.008
0
0
0
0
1.3883
0.1211
0.3228
0
0
0
8.2235
0.2186
0
4.2053
0
0
0
0
0.0018
3e-04
0
1.424
1.4106
14.838
0
0
4.8466
3.247
0
0
0
0
0
0
0.0216
0
0
0.0214
0.1556
0.0292
10.3872
0.9042
0
0
0
0
0.2027
0.0087
0
5e-04
0
0.7478
22.2038
2.8115
0
0
0
10.0785
3.7654
0
0
0
19.0307
2.2472
0.4464
0.1373
0
0
0
0
0
0
0.5764
0
0
1.536
11.1293
3.7443
0
0
0
0
0
0
0
1.0142
0.1494
0
1.4368
60.8502
11.4101
0.008
0.004
0
1.4779
0
0
0
0
21.9361
5.6393
0
0
0
0
9.216
0
0
0
0
0
0
0
0
0
0
0
0
0
0
6.3229
0.8411
0.7677
0.2104
1e-04
0
3.5596
0
0
0
0
0
0
0
0
7.8276
0
2.0008
0
0
0.0362
7.7927
5.2439
32.6448
2.7988
5.1936
0.4625
0.0018
0.6643
0.6485
3.0667
19.4446
0
0
0.7724
0
0
0
0
0
0
0
0
0
3.2085
0
0
0
10.7866
0
0.4114
0
0
0
0
15.0143
0
0.1146
10.151
7.0991
0
0
0
7.4282
2.3919
0.0993
0.033
0.0087
0
0
0
0
0
0
0
3.3788
0
0
0
0.4468
0.7688
0.2178
0
0.4926
0.4681
0
0.8299
1.3762
0.015
0
0
1.8239
0
5.1906
2.6045
