1980 1 1
0.916
0.937
0.92
0.882
0.91
0.92
0.879
0.859
0.862
0.942
0.95
0.709
0.843
0.86
0.911
0.946
0.922
0.882
0.854
0.808
0.735
0.816
0.83
0.839
0.962
0.856
0.861
0.856
0.83
0.708
0.784
0.779
0.659
0.704
0.746
0.707
0.868
0.88
0.826
0.895
0.858
0.918
0.814
0.793
0.819
0.876
0.891
0.663
0.766
0.857
0.89
0.974
0.973
0.931
0.828
0.869
0.813
0.87
0.844
0.786
0.736
0.736
0.817
0.829
0.95
0.734
0.846
0.971
0.898
0.868
0.588
0.494
0.833
0.847
0.828
0.816
0.935
0.788
0.65
0.836
0.939
0.712
0.736
0.918
0.845
0.77
0.742
0.83
0.949
0.899
0.923
0.883
0.878
0.861
0.953
0.731
0.653
0.741
0.836
0.828
0.876
0.794
0.854
0.703
0.908
0.834
0.742
0.612
0.643
0.672
0.637
0.6
0.542
0.699
0.708
0.801
0.69
0.729
0.89
0.787
0.722
0.694
0.656
0.592
0.528
0.545
0.596
0.614
0.667
0.702
0.62
0.738
0.863
0.796
0.802
0.703
0.668
0.944
0.85
0.766
0.714
0.686
0.628
0.651
0.767
0.7
0.656
0.542
0.532
0.649
0.761
0.749
0.877
0.837
0.804
0.757
0.673
0.767
0.757
0.814
0.713
0.689
0.639
0.61
0.628
0.748
0.758
0.792
0.707
0.685
0.707
0.759
0.695
0.628
0.667
0.747
0.723
0.714
0.739
0.784
0.758
0.763
0.712
0.752
0.768
0.827
0.85
0.787
0.743
0.816
0.773
0.77
0.75
0.805
0.794
0.735
0.787
0.795
0.78
0.758
0.743
0.74
0.772
0.833
0.826
0.743
0.74
0.746
0.775
0.9
0.844
0.769
0.813
0.841
0.854
0.857
0.804
0.85
0.817
0.828
0.855
0.806
0.85
0.845
0.849
0.843
0.842
0.889
0.84
0.92
0.909
0.839
0.853
0.872
0.847
0.79
0.775
0.783
0.745
0.77
0.784
0.79
0.808
0.854
0.855
0.846
0.779
0.831
0.8
0.757
0.721
0.757
0.811
0.826
0.789
0.778
0.839
0.845
0.884
0.917
0.93
0.764
0.759
0.8
0.823
0.845
0.821
0.688
0.753
0.769
0.683
0.721
0.698
0.667
0.785
0.769
0.743
0.775
0.713
0.644
0.714
0.661
0.744
0.736
0.764
0.783
0.712
0.665
0.631
0.689
0.88
0.778
0.752
0.712
0.658
0.689
0.684
0.788
0.85
0.734
0.647
0.782
0.61
0.617
0.655
0.678
0.612
0.613
0.708
0.68
0.578
0.677
0.783
0.696
0.66
0.652
0.666
0.531
0.693
0.819
0.743
0.806
0.853
0.812
0.811
0.788
0.732
0.812
0.954
0.745
0.685
0.906
0.959
0.928
0.889
0.866
0.861
0.754
0.821
0.883
0.883
0.953
0.977
0.911
0.837
0.745
0.91
0.877
0.709
0.835
0.913
0.847
0.895
0.801
0.696
0.824
0.858
0.87
0.932
0.774
0.918
0.87
0.876
0.921
0.998
1.002
0.984
0.884
0.878
0.752
0.917
0.966
0.907
0.834
0.824
0.854
0.855
0.875
0.923
0.892
0.935
0.944
0.896
0.979
1.041
0.992
0.994
1.004
1.01
1.002
0.958
0.91
0.919
0.887
0.805
0.724
0.82
0.943
0.938
0.744
0.811
0.859
0.932
0.928
0.911
0.874
0.942
1.041
0.797
0.894
0.84
0.849
0.925
0.963
0.973
0.876
0.9
0.839
0.879
0.872
0.83
0.77
0.728
0.758
0.796
0.809
0.749
0.517
0.797
0.906
0.819
0.78
0.863
0.828
0.769
0.732
0.68
0.704
0.529
0.632
0.758
0.662
0.59
0.735
0.891
0.862
0.697
0.758
0.615
0.617
0.656
0.763
0.65
0.71
0.782
0.678
0.559
0.6
0.527
0.811
0.832
0.575
0.55
0.633
0.721
0.794
0.822
0.871
0.927
0.846
0.644
0.628
0.786
0.714
0.701
0.798
0.617
0.822
0.816
0.824
0.721
0.696
0.7
0.737
0.818
0.745
0.709
0.629
0.597
0.608
0.764
0.854
0.696
0.623
0.767
0.905
0.922
0.755
0.635
0.852
0.955
0.736
0.652
0.659
0.635
0.526
0.479
0.556
0.63
0.664
0.719
0.731
0.777
0.901
0.764
0.779
0.707
0.623
0.784
0.766
0.788
0.751
0.722
0.633
0.681
0.793
0.846
0.705
0.806
0.897
0.834
0.794
0.793
0.762
0.676
0.729
0.735
0.781
0.809
0.77
0.799
0.784
0.712
0.611
0.664
0.76
0.779
0.793
0.803
0.785
0.814
0.823
0.745
0.704
0.794
0.824
0.724
0.603
0.678
0.815
0.765
0.766
0.787
0.755
0.691
0.796
0.885
0.868
0.809
0.699
0.776
0.758
0.799
0.913
0.89
0.857
0.702
0.708
0.784
0.774
0.81
0.82
0.816
0.819
0.82
0.868
0.859
0.849
0.841
0.832
0.833
0.856
0.881
0.85
0.787
0.695
0.757
0.775
0.72
0.721
0.715
0.779
0.772
0.761
0.816
0.827
0.827
0.863
0.834
0.834
0.853
0.923
0.939
0.887
0.851
0.796
0.835
0.778
0.792
0.855
0.809
0.809
0.825
0.859
0.868
0.902
0.894
0.81
0.804
0.817
0.849
0.782
0.682
0.694
0.759
0.779
0.744
0.81
0.879
0.817
0.776
0.729
0.73
0.775
0.818
0.745
0.726
0.71
0.776
0.761
0.756
0.724
0.632
0.774
0.766
0.624
0.81
0.727
0.642
0.745
0.945
0.838
0.659
0.645
0.901
0.981
0.86
0.823
0.813
0.776
0.745
0.799
0.815
0.687
0.738
0.794
0.718
0.743
0.718
0.685
0.77
0.774
0.743
0.662
0.636
0.675
0.757
0.842
0.793
0.911
0.826
0.828
0.908
0.919
0.869
0.862
0.87
0.821
0.8
0.719
0.907
0.864
0.764
0.873
0.826
0.819
0.851
0.901
0.577
0.722
0.897
0.888
0.887
0.898
0.918
0.878
0.947
0.873
0.895
0.901
0.959
0.993
0.99
0.958
0.962
0.938
0.966
0.985
0.976
0.958
0.875
0.979
0.921
0.955
0.96
0.864
0.845
0.875
0.829
0.845
0.692
0.817
0.855
0.909
0.913
0.878
0.972
0.77
0.875
0.885
0.94
0.928
0.958
0.978
0.767
0.899
0.907
0.9
0.89
0.883
0.95
0.975
0.913
0.991
0.955
0.904
0.958
0.896
0.982
0.937
0.906
0.931
0.871
0.948
0.911
0.943
0.942
1.003
0.976
0.962
0.963
0.983
0.99
0.882
0.869
0.91
0.832
0.791
0.782
0.864
0.81
0.892
0.855
1.049
0.918
0.916
0.924
0.799
0.803
0.833
0.969
0.924
0.789
0.667
0.758
0.952
0.885
0.801
0.865
0.904
0.866
0.797
0.721
0.723
0.829
0.796
0.688
0.713
0.66
0.784
0.793
0.671
0.628
0.822
0.774
0.861
0.884
0.789
0.824
0.889
0.908
0.838
0.79
0.775
0.771
0.705
0.773
0.815
0.631
0.544
0.839
0.65
0.533
0.547
0.579
0.545
0.726
0.749
0.656
0.568
0.61
0.641
0.563
0.564
0.508
0.56
0.59
0.777
0.765
0.638
0.62
0.638
0.626
0.576
0.613
0.636
0.629
0.608
0.638
0.685
0.729
0.843
0.846
0.797
0.784
0.776
0.789
0.824
0.789
0.815
0.808
0.794
0.843
0.712
0.781
0.855
0.896
0.829
0.758
0.731
0.753
0.782
0.662
0.656
0.706
0.63
0.794
0.925
0.803
0.697
0.841
0.788
0.766
0.742
0.734
0.619
0.655
0.704
0.759
0.753
0.794
0.763
0.715
0.699
0.929
0.845
0.784
0.785
0.791
0.777
0.753
0.761
0.82
0.795
0.72
0.716
0.718
0.741
0.792
0.817
0.817
0.757
0.707
0.773
0.792
0.716
0.711
0.757
0.774
0.813
0.722
0.673
0.761
0.771
0.806
0.785
0.819
0.793
0.858
0.837
0.83
0.819
0.817
0.799
0.675
0.661
0.686
0.707
0.706
0.746
0.738
0.721
0.854
0.771
0.735
0.852
0.789
0.796
0.735
0.791
0.766
0.68
0.752
0.829
0.853
0.818
0.761
0.689
0.613
0.778
0.856
0.74
0.666
0.682
0.74
0.692
0.722
0.778
0.773
0.733
0.675
0.717
0.583
0.615
0.7
0.854
0.785
0.785
0.796
0.754
0.901
0.797
0.729
0.695
0.661
0.674
0.651
0.649
0.688
0.672
0.697
0.66
0.747
0.772
0.648
0.657
0.565
0.64
0.631
0.627
0.564
0.489
0.503
0.682
0.612
0.602
0.589
0.612
0.625
0.531
0.441
0.473
0.524
0.637
0.842
0.852
0.769
0.83
0.665
0.601
0.712
0.645
0.631
0.822
0.73
0.822
0.835
0.76
0.696
0.781
0.724
0.683
0.788
0.86
0.925
0.929
0.823
0.962
0.84
0.68
0.81
0.872
0.952
0.959
0.876
0.852
0.734
0.719
0.769
0.912
0.76
0.75
0.768
0.705
0.856
0.909
0.844
0.871
0.88
0.954
0.956
0.804
0.744
0.948
0.887
0.887
0.905
0.928
0.889
0.839
0.869
0.976
0.916
0.696
0.532
0.678
0.775
0.867
0.761
0.672
0.743
0.809
0.843
0.76
0.765
0.913
0.88
0.786
0.861
0.881
0.945
0.934
0.895
0.863
0.878
0.951
0.876
0.93
0.988
0.97
0.917
0.895
0.877
0.918
0.955
0.977
0.928
0.894
0.985
0.967
0.86
0.901
0.888
0.942
0.871
0.906
0.885
0.909
0.911
0.867
0.899
0.946
0.923
0.902
0.839
0.786
0.725
0.7
0.765
0.805
0.788
0.813
0.747
0.746
0.619
0.598
0.579
0.683
0.755
0.715
0.814
0.811
0.724
0.852
0.785
0.866
0.815
0.747
0.774
0.757
0.761
0.776
0.897
0.969
0.836
0.94
0.835
0.849
0.775
0.811
0.842
0.903
0.906
0.79
0.589
0.66
0.742
0.929
0.865
0.837
0.806
0.89
0.875
0.823
0.932
0.852
0.859
0.777
0.898
0.875
0.827
0.759
0.798
0.7
0.733
0.683
0.684
0.638
0.608
0.708
0.659
0.616
0.646
0.791
0.857
0.942
0.958
0.83
0.913
0.783
0.74
0.713
0.708
0.836
0.68
0.651
0.563
0.59
0.707
0.802
0.904
0.736
0.623
0.669
0.848
0.762
0.805
0.842
0.802
0.743
0.735
0.764
0.649
0.735
0.837
0.737
0.732
0.716
0.667
0.869
0.838
0.746
0.825
0.727
0.66
0.63
0.615
0.589
0.605
0.596
0.608
0.63
0.69
0.643
0.671
0.82
0.79
0.716
0.722
0.717
0.658
0.633
0.625
0.704
0.84
0.916
0.862
0.81
0.778
0.771
0.808
0.777
0.763
0.67
0.705
0.76
0.761
0.724
0.78
0.72
0.649
0.75
0.761
0.811
0.836
0.823
0.765
0.78
0.776
0.794
0.802
0.772
0.68
0.64
0.75
0.805
0.803
0.798
0.809
0.805
0.754
0.787
0.815
0.777
0.727
0.754
0.788
0.849
0.812
0.829
0.686
0.702
0.699
0.715
0.787
0.823
0.747
0.776
0.735
0.762
0.789
0.763
0.712
0.724
0.734
0.762
0.709
0.716
0.78
0.768
0.69
0.656
0.664
0.733
0.745
0.72
0.616
0.591
0.603
0.649
0.693
0.752
0.634
0.56
0.776
0.741
0.638
0.628
0.725
0.876
0.662
0.666
0.582
0.565
0.728
0.667
0.58
0.661
0.676
0.79
0.604
0.562
0.757
0.846
0.656
0.554
0.691
0.829
0.762
0.718
0.883
0.96
0.701
0.677
0.675
0.717
0.756
0.723
0.795
0.854
0.919
0.95
0.941
0.851
0.781
0.719
0.7
0.715
0.644
0.673
0.834
0.834
0.915
0.688
0.738
0.714
0.704
0.638
0.6
0.874
0.968
0.78
0.776
0.795
0.91
0.899
0.815
0.784
0.833
0.856
0.807
0.795
0.905
0.839
0.683
0.751
0.816
0.899
0.742
0.783
0.791
0.91
0.942
0.986
0.98
0.98
0.824
0.911
0.935
0.932
0.94
0.954
0.953
0.973
0.817
0.831
0.826
0.837
0.852
0.869
0.944
0.984
0.833
0.815
0.789
0.84
0.911
0.955
0.945
0.867
0.91
0.866
0.91
0.983
0.987
1.012
0.981
0.921
0.912
0.922
0.909
0.824
0.848
0.938
0.918
0.88
0.897
0.899
0.882
0.868
0.825
0.83
0.873
0.833
0.97
1.005
0.967
0.931
0.921
0.944
0.947
0.855
0.928
0.956
0.928
0.935
0.944
0.855
0.847
0.919
0.967
0.906
0.971
0.969
0.918
0.868
0.718
0.835
0.903
0.886
0.827
0.806
0.764
0.678
0.668
0.761
0.804
0.743
0.85
0.925
0.822
0.807
0.862
0.852
0.832
0.949
0.88
0.822
0.866
0.847
0.84
0.835
0.835
0.959
0.946
0.942
0.91
0.805
0.886
0.884
0.981
0.943
0.9
0.811
0.727
0.813
0.753
0.837
0.888
0.828
0.78
0.704
0.638
0.685
0.753
0.946
0.95
0.89
0.737
0.648
0.655
0.651
0.598
0.712
0.793
0.726
0.801
0.812
0.89
0.871
0.807
0.752
0.731
0.864
0.916
0.89
0.774
0.668
0.733
0.708
0.587
0.751
0.677
0.664
0.881
0.938
0.847
0.722
0.811
0.833
0.802
0.808
0.768
0.723
0.807
0.78
0.71
0.621
0.576
0.671
0.763
0.9
0.933
0.815
0.778
0.699
0.842
0.821
0.779
0.915
0.911
0.806
0.683
0.672
0.679
0.715
0.583
0.68
0.741
0.714
0.734
0.696
0.679
0.682
0.637
0.708
0.712
0.755
0.78
0.78
0.765
0.75
0.718
0.741
0.698
0.818
0.752
0.661
0.617
0.731
0.72
0.696
0.772
0.756
0.684
0.741
0.781
0.801
0.79
0.736
0.663
0.776
0.813
0.796
0.789
0.725
0.726
0.761
0.766
0.737
0.798
0.731
0.738
0.756
0.709
0.674
0.819
0.82
0.915
0.862
0.722
0.683
0.691
0.741
0.847
0.861
0.852
0.804
0.838
0.862
0.875
0.839
0.841
0.786
0.81
0.835
0.783
0.753
0.806
0.792
0.755
0.765
0.826
0.776
0.741
0.834
0.814
0.788
0.701
0.713
0.755
0.774
0.845
0.851
0.708
0.809
0.799
0.871
0.783
0.728
0.645
0.821
0.746
0.773
0.854
0.809
0.747
0.817
0.895
0.865
0.728
0.632
0.617
0.698
0.725
0.735
0.707
0.792
0.86
0.823
0.828
0.722
0.77
0.745
0.721
0.695
0.587
0.597
0.617
0.631
0.746
0.869
0.828
0.779
0.779
0.792
0.782
0.755
0.874
0.799
0.747
0.755
0.679
0.783
0.632
0.822
0.826
0.735
0.638
0.751
0.841
0.734
0.79
0.71
0.727
0.842
0.839
0.753
0.595
0.874
0.834
0.715
0.628
0.612
0.841
0.919
0.963
0.849
0.835
0.729
0.789
0.645
0.609
0.622
0.73
0.494
0.622
0.654
0.7
0.768
0.722
0.635
0.622
0.883
0.685
0.761
0.828
0.731
0.759
0.617
0.581
0.917
0.847
0.965
0.959
0.94
0.948
0.991
0.957
0.921
0.908
0.852
0.82
0.837
0.831
0.806
0.936
0.89
0.627
0.861
0.8
0.76
0.904
0.989
0.828
0.897
0.939
0.986
0.731
0.666
0.723
0.83
0.873
0.934
0.874
0.857
0.899
0.9
0.904
0.916
0.964
0.796
0.886
0.933
0.949
0.929
0.783
0.868
0.912
0.971
0.965
0.922
0.872
0.942
0.882
0.83
0.86
0.931
0.879
0.839
0.849
0.849
0.93
0.923
0.888
0.845
0.911
0.881
0.974
0.98
0.931
0.889
0.889
1.012
0.951
0.953
0.929
0.885
0.861
0.922
0.892
0.844
0.847
0.781
0.819
0.681
0.683
0.832
0.647
0.948
0.774
0.635
0.767
0.863
0.743
0.674
0.846
0.906
0.749
0.747
0.683
0.602
0.72
0.514
0.619
0.738
0.541
0.704
0.931
0.819
0.718
0.592
0.777
0.875
0.773
0.898
0.945
0.763
0.753
0.702
0.802
0.82
0.858
0.709
0.714
0.676
0.698
0.778
0.744
0.715
0.686
0.71
0.69
0.634
0.704
0.7
0.637
0.609
0.548
0.514
0.672
0.674
0.568
0.635
0.69
0.594
0.529
0.724
0.803
0.617
0.537
0.662
0.752
0.699
0.597
0.579
0.631
0.721
0.692
0.659
0.604
0.734
0.725
0.888
0.741
0.699
0.676
0.773
0.639
0.655
0.569
0.48
0.701
0.738
0.843
0.694
0.724
0.716
0.657
0.724
0.729
0.73
0.814
0.64
0.663
0.737
0.714
0.636
0.788
0.879
0.74
0.666
0.826
0.819
0.78
0.741
0.704
0.704
0.673
0.722
0.694
0.706
0.616
0.601
0.671
0.691
0.629
0.686
0.784
0.782
0.744
0.677
0.753
0.781
0.771
0.742
0.703
0.693
0.727
0.706
0.702
0.815
0.794
0.728
0.704
0.686
0.713
0.783
0.776
0.781
0.692
0.716
0.765
0.805
0.69
0.649
0.701
0.717
0.86
0.862
0.738
0.687
0.677
0.812
0.873
0.839
0.774
0.676
0.747
0.818
0.793
0.838
0.814
0.838
0.841
0.807
0.819
0.814
0.826
0.782
0.777
0.809
0.925
0.833
0.804
0.8
0.779
0.766
0.821
0.819
0.806
0.801
0.776
0.792
0.816
0.826
0.793
0.796
0.833
0.806
0.803
0.73
0.769
0.669
0.62
0.637
0.675
0.681
0.663
0.639
0.699
0.675
0.735
0.793
0.631
0.732
0.751
0.626
0.601
0.77
0.776
0.58
0.628
0.741
0.786
0.702
0.563
0.544
0.579
0.8
0.848
0.85
0.816
0.821
0.822
0.653
0.598
0.798
0.851
0.858
0.809
0.795
0.785
0.771
0.603
0.483
0.572
0.75
0.64
0.651
0.82
0.809
0.923
0.952
0.919
0.927
0.83
0.83
0.722
0.83
0.935
0.909
0.952
0.95
0.942
0.867
0.924
0.74
0.871
0.878
0.819
0.667
0.853
0.821
0.742
0.838
0.918
0.9
0.905
0.867
0.894
0.935
0.816
0.84
0.883
0.914
0.943
0.917
0.911
0.902
0.955
0.982
0.893
0.885
0.822
0.935
0.963
0.862
0.821
0.844
0.88
0.882
0.987
0.973
0.943
0.811
0.832
0.896
0.819
0.906
0.945
0.891
0.872
0.888
0.925
0.968
0.904
0.825
0.683
0.743
0.754
0.857
0.964
0.895
0.877
0.918
0.841
0.885
0.851
0.932
0.95
0.907
0.896
0.89
0.811
0.767
0.836
0.84
0.819
0.709
0.896
0.837
0.881
0.928
0.928
0.918
0.993
0.973
0.883
0.939
0.918
0.895
0.86
0.828
0.82
0.816
0.901
0.88
0.931
0.97
0.991
0.996
0.961
0.985
0.904
0.873
0.883
0.838
0.882
0.906
0.836
0.873
0.815
0.901
0.951
0.884
0.921
0.811
0.824
0.898
0.867
0.889
0.938
0.922
0.869
0.857
0.834
0.781
0.813
0.917
0.663
0.584
0.724
0.65
0.72
0.653
0.744
0.827
0.678
0.601
0.575
0.533
0.556
0.69
0.628
0.726
0.841
0.811
0.753
0.696
0.75
0.798
0.758
0.678
0.752
0.745
0.825
0.806
0.843
0.7
0.77
0.965
0.856
0.778
0.64
0.566
0.591
0.654
0.632
0.629
0.704
0.789
0.754
0.696
0.646
0.638
0.683
0.77
0.749
0.719
0.741
0.737
0.643
0.597
0.639
0.751
0.733
0.781
0.76
0.758
0.824
0.85
0.866
0.846
0.784
0.713
0.728
0.739
0.803
0.766
0.7
0.731
0.741
0.712
0.761
0.681
0.715
0.865
0.933
0.848
0.784
0.704
0.791
0.797
0.808
0.827
0.758
0.741
0.77
0.757
0.671
0.8
0.766
0.691
0.729
0.733
0.719
0.698
0.707
0.801
0.78
0.752
0.897
0.896
0.851
0.755
0.682
0.751
0.756
0.759
0.768
0.813
0.817
0.936
0.863
0.804
0.809
0.801
0.822
0.812
0.791
0.799
0.832
0.809
0.755
0.702
0.733
0.799
0.769
0.754
0.757
0.835
0.791
0.801
0.804
0.811
0.779
0.76
0.737
0.763
0.835
0.839
0.807
0.795
0.818
0.697
0.714
0.829
0.843
0.842
0.817
0.81
0.78
0.826
0.799
0.833
0.849
0.786
0.686
0.882
0.875
0.749
0.695
0.647
0.679
0.724
0.769
0.807
0.844
0.784
0.753
0.738
0.712
0.689
0.811
0.856
0.858
0.789
0.789
0.806
0.814
0.724
0.881
0.853
0.816
0.856
0.849
0.82
0.911
0.904
0.818
0.821
0.781
0.787
0.835
0.92
0.84
0.88
0.915
0.826
0.749
0.684
0.73
0.831
0.749
0.807
0.868
0.894
0.882
0.772
0.691
0.773
0.755
0.684
0.659
0.768
0.767
0.77
0.803
0.917
0.887
0.875
0.807
0.826
0.79
0.772
0.751
0.812
0.732
0.791
0.799
0.788
0.839
0.873
0.778
0.667
0.792
0.789
0.74
0.826
0.917
0.918
0.887
0.916
0.847
0.936
0.915
0.872
0.881
0.893
0.882
0.968
0.924
0.876
0.895
0.889
0.769
0.922
0.922
0.729
0.789
0.88
0.9
0.974
0.989
0.736
0.706
0.821
0.669
0.836
0.872
0.928
0.936
0.927
0.92
0.93
0.905
0.933
0.968
0.984
0.991
0.963
0.878
0.873
0.876
0.915
0.904
0.865
0.953
0.945
0.867
0.83
0.84
0.918
0.869
0.901
0.964
0.932
0.931
0.955
0.936
0.955
0.715
0.636
0.906
0.961
0.947
0.91
0.951
0.894
0.828
0.844
0.869
0.914
0.925
0.941
0.975
0.875
0.904
0.942
0.917
0.832
0.741
0.743
0.859
0.845
0.687
0.764
0.69
0.836
0.716
0.78
0.774
0.764
0.843
0.797
0.738
0.702
0.747
0.827
0.825
0.717
0.62
0.591
0.727
0.928
0.929
0.791
0.728
0.625
0.745
0.699
0.645
0.605
0.684
0.519
0.564
0.591
0.609
0.805
0.838
0.669
0.625
0.562
0.601
0.552
0.616
0.661
0.671
0.629
0.693
0.79
0.789
0.758
0.73
0.842
0.792
0.81
0.787
0.71
0.809
0.902
0.892
0.746
0.704
0.655
0.579
0.657
0.767
0.742
0.754
0.814
0.895
0.879
0.795
0.736
0.721
0.621
0.796
0.783
0.738
0.622
0.559
0.614
0.655
0.622
0.685
0.582
0.83
0.906
0.725
0.64
0.553
0.63
0.566
0.506
0.587
0.596
0.697
0.664
0.69
0.704
0.571
0.544
0.722
0.875
0.805
0.744
0.691
0.734
0.741
0.758
0.804
0.71
0.715
0.677
0.677
0.769
0.765
0.787
0.78
0.683
0.659
0.662
0.681
0.696
0.745
0.646
0.638
0.789
0.725
0.626
0.656
0.613
0.548
0.618
0.622
0.776
0.799
0.799
0.855
0.699
0.651
0.72
0.683
0.692
0.779
0.816
0.883
0.893
0.81
0.808
0.805
0.81
0.786
0.793
0.79
0.809
0.802
0.784
0.796
0.811
0.803
0.803
0.762
0.764
0.739
0.803
0.757
0.77
0.728
0.768
0.793
0.784
0.788
0.687
0.712
0.802
0.777
0.815
0.836
0.785
0.773
0.818
0.739
0.738
0.866
0.876
0.872
0.806
0.833
0.811
0.795
0.751
0.768
0.776
0.728
0.699
0.673
0.737
0.812
0.764
0.718
0.813
0.967
0.921
0.967
0.84
0.765
0.808
0.775
0.753
0.786
0.743
0.737
0.783
0.763
0.792
0.765
0.712
0.776
0.771
0.755
0.735
0.852
0.85
0.797
0.881
0.796
0.643
0.724
0.773
0.789
0.719
0.705
0.581
0.506
0.553
0.673
0.724
0.664
0.643
0.721
0.625
0.516
0.746
0.841
0.708
0.671
0.73
0.82
0.701
0.567
0.566
0.498
0.465
0.597
0.664
0.611
0.736
0.696
0.652
0.536
0.804
0.775
0.591
0.726
0.662
0.636
0.642
0.716
0.801
0.746
0.575
0.634
0.712
0.509
0.449
0.52
0.797
0.697
0.744
0.698
0.665
0.694
0.661
0.533
0.715
0.694
0.598
0.59
0.542
0.593
0.696
0.818
0.96
0.862
0.895
0.915
0.88
0.82
0.896
0.903
0.946
0.921
0.89
0.865
0.893
0.845
0.819
0.883
0.859
0.854
0.673
0.7
0.885
0.865
0.861
0.881
0.945
0.93
0.769
0.685
0.935
0.915
0.884
0.734
0.674
0.918
0.904
0.864
0.913
0.716
0.536
0.5
0.697
0.603
0.689
0.742
0.88
0.873
0.849
0.893
0.795
0.769
0.641
0.843
0.719
0.794
0.944
0.868
0.952
0.873
0.824
0.909
0.898
0.928
0.885
0.865
0.92
0.918
0.898
0.917
0.974
0.979
0.922
0.898
0.831
0.749
0.905
0.842
0.913
0.888
0.921
0.908
0.863
1.07
0.938
0.842
0.833
0.8
0.883
0.929
0.624
0.728
0.839
0.552
0.631
0.748
0.747
0.773
0.77
0.749
0.769
0.841
0.806
0.769
0.827
0.847
0.837
0.746
0.748
0.605
0.808
0.84
0.683
0.844
0.833
0.71
0.797
0.729
0.832
0.802
0.744
0.744
0.783
0.756
0.722
0.735
0.685
0.659
0.732
0.682
0.842
0.918
0.852
0.764
0.668
0.799
0.873
0.743
0.688
0.57
0.568
0.665
0.628
0.643
0.633
0.69
0.624
0.714
0.573
0.535
0.716
0.57
0.603
0.693
0.564
0.493
0.644
0.744
0.655
0.653
0.491
0.486
0.616
0.661
0.644
0.581
0.477
0.493
0.632
0.634
0.648
0.539
0.606
0.621
0.601
0.59
0.668
0.698
0.79
0.799
0.653
0.616
0.652
0.633
0.653
0.554
0.507
0.518
0.495
0.496
0.479
0.507
0.69
0.653
0.582
0.515
0.592
0.53
0.557
0.626
0.55
0.471
0.457
0.467
0.494
0.484
0.599
0.588
0.533
0.48
0.509
0.57
0.523
0.601
0.458
0.46
0.612
0.518
0.499
0.614
0.516
0.482
0.426
0.348
0.311
0.317
0.303
0.278
0.318
0.32
0.397
0.607
0.467
0.452
0.53
0.373
0.408
0.63
0.676
0.764
0.82
0.856
0.72
0.736
0.65
0.658
0.711
0.659
0.594
0.604
0.748
0.774
0.66
0.692
0.619
0.646
0.712
0.735
0.56
0.518
0.548
0.646
0.703
0.642
0.605
0.645
0.683
0.57
0.497
0.696
0.812
0.763
0.629
0.735
0.855
0.754
0.634
0.652
0.595
0.785
0.714
0.648
0.608
0.586
0.661
0.802
0.817
0.836
0.69
0.614
0.625
0.66
0.547
0.51
0.821
0.793
0.659
0.667
0.67
0.738
0.752
0.819
0.726
0.711
0.691
0.704
0.605
0.586
0.543
0.554
0.642
0.703
0.605
0.631
0.84
0.716
0.565
0.63
0.513
0.494
0.498
0.617
0.651
0.679
0.602
0.537
0.506
0.512
0.692
0.828
0.826
0.712
0.697
0.783
0.864
0.851
0.822
0.674
0.666
0.576
0.617
0.577
0.641
0.579
0.612
0.745
0.641
0.936
0.976
0.843
0.816
0.811
0.835
0.868
0.748
0.693
0.775
0.8
0.734
0.78
0.638
0.645
0.778
0.973
0.802
0.647
0.688
0.724
0.715
0.813
0.829
0.706
0.725
0.735
0.734
0.854
0.871
0.77
0.696
0.758
0.821
0.693
0.547
0.687
0.641
0.592
0.902
0.877
0.803
0.467
0.818
0.72
0.897
0.838
0.937
0.807
0.837
0.805
0.904
0.755
0.939
0.95
0.79
0.913
0.951
0.983
0.969
0.981
0.854
0.916
0.989
0.988
0.856
0.493
0.709
0.816
0.946
0.751
0.798
0.925
0.827
0.689
0.874
0.893
0.843
0.578
0.671
0.72
0.774
0.94
0.969
0.761
0.759
0.903
0.879
0.853
0.825
0.776
0.881
0.76
0.826
0.855
0.809
0.814
0.732
0.848
0.895
0.855
0.919
0.903
0.883
0.774
0.638
0.759
0.78
0.873
0.978
0.847
0.68
0.672
0.723
0.909
0.803
0.8
0.544
0.552
0.734
0.941
0.93
0.721
0.62
0.713
0.688
0.617
0.671
0.778
0.656
0.775
0.847
0.603
0.614
0.862
0.576
0.805
0.806
0.58
0.614
0.77
0.784
0.723
0.758
0.762
0.806
0.865
0.782
0.786
0.791
0.814
0.792
0.749
0.724
0.688
0.674
0.65
0.663
0.705
0.664
0.694
0.58
0.71
0.645
0.676
0.838
0.69
0.511
0.649
0.62
0.587
0.538
0.707
0.8
0.699
0.784
0.799
0.693
0.702
0.733
0.721
0.594
0.776
0.746
0.706
0.734
0.82
0.775
0.695
0.863
0.876
0.772
0.719
0.679
0.604
0.539
0.704
0.775
0.672
0.571
0.812
0.717
0.804
0.775
0.712
0.652
0.772
0.795
0.765
0.75
0.764
0.792
0.752
0.759
0.733
0.648
0.62
0.729
0.795
0.702
0.847
0.854
0.791
0.776
0.757
0.694
0.75
0.799
0.778
0.813
0.738
0.71
0.694
0.705
0.702
0.694
0.756
0.766
0.719
0.686
0.769
0.796
0.783
0.775
0.782
0.741
0.686
0.724
0.778
0.793
0.781
0.779
0.733
0.671
0.643
0.648
0.66
0.783
0.85
0.835
0.819
0.812
0.781
0.755
0.788
0.822
0.843
0.777
0.88
0.852
0.774
0.715
0.832
0.864
0.844
0.815
0.802
0.767
0.775
0.751
0.728
0.729
0.771
0.745
0.798
0.811
0.776
0.781
0.818
0.884
0.841
0.847
0.865
0.851
0.814
0.771
0.771
0.833
0.853
0.779
0.731
0.85
0.818
0.721
0.728
0.802
0.795
0.829
0.834
0.819
0.877
0.819
0.776
0.882
0.975
0.889
0.922
0.824
0.706
0.77
0.755
0.781
0.849
0.8
0.696
0.674
0.69
0.676
0.647
0.684
0.661
0.823
0.845
0.765
0.646
0.67
0.732
0.646
0.673
0.559
0.675
0.651
0.63
0.535
0.587
0.647
0.72
0.89
0.771
0.889
0.886
0.86
0.721
0.687
0.768
0.71
0.657
0.655
0.609
0.539
0.577
0.805
0.653
0.721
0.619
0.579
0.601
0.726
0.828
0.956
0.807
0.704
0.637
0.694
0.733
0.785
0.956
0.906
0.628
0.579
0.614
0.826
0.55
0.557
0.579
0.589
0.677
0.832
0.807
0.892
0.597
0.688
0.786
0.805
0.722
0.795
0.797
0.864
0.619
0.615
0.693
0.706
0.885
0.826
0.694
0.851
0.849
0.849
0.856
0.83
0.858
0.882
0.814
0.851
0.857
0.769
0.909
0.896
0.986
0.955
0.974
0.996
0.992
0.911
0.915
0.871
0.954
0.873
0.839
0.853
0.869
0.866
0.927
0.832
0.757
0.818
0.881
0.855
0.901
0.979
0.947
0.71
0.933
0.972
0.922
0.873
0.817
0.866
0.642
0.664
0.626
0.822
0.883
0.849
0.925
0.965
0.909
0.935
0.888
0.817
0.853
0.837
0.83
0.628
0.58
0.655
0.701
0.903
0.971
0.953
0.687
0.73
0.698
0.561
0.469
0.892
0.931
0.91
0.684
0.736
0.81
0.772
0.595
0.653
0.714
0.536
0.689
0.765
0.569
0.722
0.935
0.897
0.868
0.762
0.786
0.726
0.688
0.84
0.727
0.617
0.785
0.693
0.688
0.688
0.778
0.498
0.557
0.635
0.563
0.507
0.671
0.926
0.918
0.835
0.747
0.821
0.739
0.703
0.604
0.649
0.54
0.508
0.886
0.745
0.637
0.653
0.805
0.756
0.702
0.728
0.557
0.525
0.834
0.832
0.606
0.544
0.581
0.651
0.629
0.554
0.589
0.756
0.666
0.609
0.553
0.706
0.96
0.885
0.711
0.653
0.651
0.705
0.806
0.679
0.781
0.918
0.735
0.823
0.815
0.785
0.663
0.676
0.789
0.823
0.74
0.617
0.663
0.828
0.938
0.822
0.754
0.817
0.678
0.54
0.642
0.811
0.698
0.784
0.669
0.785
0.72
0.767
0.743
0.762
0.701
0.641
0.693
0.731
0.683
0.625
0.744
0.729
0.739
0.782
0.73
0.716
0.807
0.775
0.644
0.664
0.721
0.789
0.758
0.8
0.761
0.706
0.651
0.736
0.771
0.764
0.674
0.726
0.761
0.734
0.899
0.968
0.922
0.931
0.81
0.8
0.749
0.749
0.768
0.807
0.855
0.923
0.872
0.774
0.694
0.683
0.732
0.728
0.73
0.813
0.798
0.693
0.68
0.738
0.908
0.857
0.823
0.811
0.739
0.726
0.721
0.784
0.814
0.854
0.777
0.756
0.806
0.793
0.844
0.835
0.915
0.908
0.94
0.919
0.868
0.804
0.793
0.823
0.821
0.782
0.741
0.739
0.766
0.793
0.764
0.783
0.808
0.765
0.813
0.842
0.87
0.775
0.749
0.797
0.788
0.881
0.832
0.839
0.732
0.702
0.896
0.818
0.796
0.822
0.852
0.768
0.756
0.778
0.663
0.686
0.776
0.798
0.706
0.671
0.668
0.761
0.698
0.671
0.78
0.916
0.965
0.949
0.821
0.886
0.795
0.701
0.688
0.605
0.672
0.861
0.706
0.684
0.738
0.835
0.746
0.729
0.755
0.641
0.62
0.658
0.636
0.672
0.658
0.624
0.615
0.642
0.734
0.945
0.779
0.762
0.647
0.691
0.798
0.727
0.724
0.699
0.629
0.793
0.809
0.691
0.685
0.702
0.613
0.769
0.894
0.766
0.607
0.72
0.739
0.872
0.882
0.682
0.688
0.644
0.693
0.898
0.795
0.726
0.826
0.836
0.759
0.844
0.839
0.741
0.87
0.866
0.653
0.914
0.877
0.907
0.972
0.864
0.805
0.979
0.966
0.942
0.899
0.939
0.91
0.93
0.967
0.964
0.923
0.754
0.9
0.923
0.907
0.885
0.93
0.952
0.896
0.938
0.963
0.93
0.97
0.97
0.906
0.954
0.957
0.995
0.922
0.916
0.848
0.941
0.869
0.742
0.884
0.74
0.678
0.849
0.948
0.922
0.884
0.953
0.883
0.921
0.84
0.851
0.803
0.938
0.944
0.909
0.854
0.882
0.78
0.508
0.533
0.811
0.988
0.833
0.792
0.877
0.965
0.923
0.878
0.811
0.798
0.549
0.619
0.636
0.53
0.802
0.835
0.798
0.825
0.881
0.73
0.743
0.849
0.74
0.559
0.627
0.797
0.702
0.583
0.71
0.757
0.748
0.645
0.639
0.933
0.805
0.738
0.785
0.856
0.754
0.767
0.718
0.825
0.858
0.731
0.714
0.551
0.65
0.762
0.616
0.536
0.663
0.827
0.718
0.719
0.75
0.799
0.758
0.643
0.606
0.872
0.933
0.827
0.742
0.766
0.724
0.92
0.93
0.913
0.814
0.679
0.814
0.7
0.713
0.737
0.764
0.784
0.698
0.749
0.668
0.714
0.736
0.88
0.825
0.733
0.698
0.784
0.723
0.675
0.711
0.696
0.68
0.598
0.601
0.752
0.811
0.767
0.756
0.687
0.676
0.65
0.73
0.761
0.78
0.793
0.738
0.709
0.76
0.789
0.761
0.799
0.748
0.732
0.725
0.641
0.562
0.535
0.548
0.583
0.715
0.698
0.653
0.648
0.723
0.741
0.695
0.676
0.704
0.609
0.591
0.69
0.76
0.708
0.684
0.634
0.675
0.701
0.789
0.746
0.795
0.768
0.699
0.749
0.768
0.702
0.744
0.744
0.706
0.671
0.659
0.747
0.819
0.795
0.654
0.627
0.675
0.717
0.691
0.712
0.752
0.749
0.74
0.688
0.663
0.686
0.657
0.628
0.755
0.753
0.66
0.643
0.574
0.714
0.72
0.667
0.595
0.583
0.762
0.881
0.685
0.592
0.558
0.512
0.594
0.572
0.609
0.719
0.764
0.837
0.818
0.738
0.692
0.727
0.735
0.71
0.64
0.66
0.645
0.615
0.628
0.675
0.572
0.519
0.659
0.773
0.57
0.552
0.542
0.583
0.654
0.75
0.704
0.773
0.733
0.673
0.619
0.569
0.565
0.537
0.582
0.531
0.447
0.658
0.685
0.564
0.611
0.594
0.494
0.515
0.512
0.504
0.508
0.459
0.571
0.671
0.681
0.597
0.647
0.529
0.511
0.648
0.644
0.746
0.651
0.756
0.685
0.502
0.443
0.494
0.72
0.54
0.493
0.521
0.706
0.775
0.78
0.802
0.862
0.837
0.61
0.695
0.83
0.741
0.723
0.511
0.431
0.459
0.61
0.794
0.681
0.655
0.705
0.813
0.867
0.864
0.787
0.861
0.854
0.751
0.886
0.925
0.947
0.868
0.785
0.841
0.702
0.79
0.853
0.852
0.934
0.839
0.791
0.779
0.816
0.925
0.82
0.687
0.748
0.865
0.836
0.894
0.814
0.872
0.844
0.866
0.807
0.598
0.587
0.775
0.726
0.665
0.671
0.825
0.877
0.955
0.803
0.856
0.827
0.857
0.878
0.971
0.93
0.883
0.888
0.904
0.99
0.956
0.902
0.896
0.887
0.857
0.881
0.893
0.834
0.769
0.915
0.959
0.904
0.867
0.889
0.784
0.867
0.886
0.974
0.953
0.94
0.835
0.876
0.875
0.915
0.914
0.922
0.914
0.929
0.879
0.835
0.867
0.887
0.699
0.689
0.847
0.849
0.655
0.75
0.824
0.652
0.913
0.936
0.927
0.92
0.869
0.939
0.947
0.844
0.776
0.832
0.83
0.848
0.869
0.765
0.759
0.771
0.632
0.665
0.707
0.759
0.742
0.736
0.853
0.863
0.834
0.756
0.872
0.764
0.684
0.625
0.669
0.487
0.5
0.763
0.738
0.801
0.685
0.716
0.888
0.788
0.655
0.705
0.78
0.802
0.648
0.586
0.82
0.694
0.753
0.74
0.668
0.759
0.636
0.542
0.582
0.614
0.633
0.693
0.703
0.743
0.575
0.685
0.707
0.795
0.905
0.941
0.808
0.756
0.796
0.788
0.763
0.839
0.867
0.82
0.766
0.63
0.646
0.796
0.717
0.722
0.656
0.733
0.733
0.666
0.574
0.747
0.892
0.715
0.645
0.612
0.7
0.649
0.624
0.62
0.674
0.76
0.693
0.691
0.627
0.616
0.731
0.85
0.746
0.757
0.658
0.518
0.6
0.859
0.88
0.727
0.667
0.635
0.761
0.803
0.733
0.73
0.708
0.673
0.592
0.522
0.54
0.569
0.665
0.628
0.617
0.73
0.778
0.796
0.786
0.734
0.689
0.781
0.786
0.727
0.706
0.767
0.641
0.656
0.678
0.752
0.776
0.782
0.752
0.762
0.725
0.681
0.755
0.74
0.734
0.78
0.784
0.87
0.813
0.901
0.822
0.83
0.832
0.794
0.813
0.853
0.847
0.915
0.877
0.822
0.871
0.838
0.773
0.83
0.865
0.934
0.816
0.816
0.813
0.806
0.782
0.711
0.792
0.864
0.834
0.857
0.848
0.802
0.841
0.835
0.873
0.86
0.729
0.737
0.82
0.713
0.713
0.746
0.824
0.843
0.844
0.828
0.891
0.923
0.838
0.83
0.823
0.789
0.817
0.842
0.828
0.833
0.858
0.85
0.86
0.833
0.824
0.79
0.715
0.75
0.788
0.803
0.787
0.815
0.841
0.785
0.723
0.854
0.866
0.798
0.782
0.761
0.9
0.846
0.753
0.794
0.696
0.672
0.735
0.743
0.726
0.756
0.729
0.689
0.719
0.766
0.749
0.865
0.722
0.668
0.739
0.817
0.873
0.679
0.736
0.742
0.706
0.766
0.706
0.74
0.822
0.715
0.769
0.718
0.693
0.793
0.804
0.769
0.914
0.939
0.756
0.781
0.757
0.774
0.742
0.742
0.742
0.801
0.959
0.999
0.801
0.65
0.648
0.68
0.806
0.848
0.776
0.777
0.853
0.983
0.912
0.888
0.918
0.907
0.807
0.792
0.754
0.857
0.83
0.846
0.8
0.814
0.771
0.739
0.814
0.908
0.82
0.956
0.985
0.966
0.952
0.928
0.889
0.846
0.894
0.833
0.847
0.857
0.666
0.818
0.865
0.63
0.647
0.546
0.541
0.802
0.971
0.987
0.95
0.772
0.869
0.928
0.883
0.873
0.831
0.825
0.901
0.898
0.913
0.946
0.963
0.975
0.911
0.9
0.904
0.935
0.859
0.828
0.886
0.96
0.966
0.914
0.918
0.843
0.794
0.826
0.875
0.685
0.48
0.592
0.741
0.615
0.636
0.685
0.585
0.741
0.783
0.798
0.809
0.83
0.852
0.968
0.919
0.898
0.838
0.925
0.877
0.714
0.806
0.896
0.968
0.947
0.856
0.82
0.824
0.882
0.861
0.858
0.93
0.932
0.868
0.968
0.962
0.964
0.885
0.933
0.865
0.877
0.882
0.842
0.697
0.647
0.648
0.759
0.883
0.556
0.678
0.865
0.882
0.815
0.953
0.933
0.854
0.798
0.758
0.776
0.78
0.785
0.88
0.981
0.876
0.768
0.737
0.754
0.799
0.747
0.755
0.914
0.827
0.744
0.856
0.721
0.834
0.861
0.866
0.817
0.703
0.81
0.792
0.8
0.614
0.587
0.768
0.908
0.815
0.682
0.698
0.698
0.803
0.643
0.741
0.732
0.808
0.819
0.753
0.598
0.645
0.654
0.594
0.595
0.7
0.712
0.646
0.687
0.675
0.609
0.683
0.764
0.648
0.62
0.593
0.82
0.854
0.788
0.691
0.672
0.729
0.778
0.681
0.84
0.731
0.712
0.802
0.903
0.869
0.7
0.782
0.856
0.787
0.753
0.721
0.711
0.742
0.751
0.767
0.734
0.686
0.718
0.699
0.74
0.84
0.796
0.742
0.705
0.75
0.719
0.712
0.749
0.792
0.844
0.896
0.844
0.771
0.775
0.745
0.788
0.793
0.771
0.761
0.788
0.783
0.808
0.728
0.812
0.819
0.71
0.705
0.812
0.826
0.77
0.746
0.7
0.646
0.692
0.799
0.778
0.767
0.776
0.82
0.821
0.766
0.757
0.814
0.784
0.821
0.74
0.783
0.793
0.705
0.692
0.81
0.806
0.765
0.795
0.731
0.73
0.817
0.813
0.772
0.745
0.853
0.769
0.678
0.702
0.801
0.736
0.701
0.753
0.739
0.741
0.711
0.763
0.883
0.823
0.866
0.789
0.724
0.8
0.815
0.667
0.709
0.763
0.644
0.681
0.635
0.732
0.827
0.742
0.747
0.7
0.811
0.737
0.824
0.75
0.808
0.775
0.855
0.888
0.876
0.789
0.823
0.726
0.64
0.702
0.638
0.717
0.681
0.558
0.668
0.685
0.824
0.654
0.62
0.709
0.676
0.598
0.546
0.777
0.906
0.786
0.809
0.927
0.796
0.65
0.593
0.584
0.582
0.617
0.726
0.711
0.617
0.713
0.841
0.721
0.662
0.766
0.814
0.825
0.749
0.717
0.655
0.591
0.591
0.709
0.719
0.894
0.977
0.856
0.771
0.925
0.82
0.872
0.608
0.617
0.628
0.649
0.718
0.808
0.817
0.878
0.747
0.835
0.767
0.793
0.887
0.906
0.971
0.921
0.918
0.802
0.744
0.766
0.871
0.641
0.643
0.55
0.764
0.906
0.887
0.878
0.904
0.839
0.809
0.886
0.897
0.863
0.825
0.888
0.746
0.796
0.813
0.886
0.773
0.925
0.891
0.937
0.93
0.912
0.844
0.96
0.952
0.892
0.882
0.892
0.916
0.97
1.003
0.877
0.745
0.811
0.884
0.756
0.756
0.856
0.894
0.945
0.997
0.988
0.986
0.916
1.035
0.982
0.847
0.862
0.678
0.678
0.824
0.801
0.878
0.849
0.903
0.883
0.878
0.859
0.857
0.939
1.026
0.943
0.947
0.882
0.915
0.801
0.717
0.772
0.813
0.88
0.746
0.952
0.915
0.844
0.869
0.828
0.823
0.874
0.816
0.816
0.915
0.887
0.832
0.883
0.698
0.708
0.874
0.642
0.719
0.803
0.759
0.76
0.573
0.44
0.765
0.711
0.667
0.837
0.735
0.605
0.648
0.697
0.653
0.827
0.744
0.746
0.697
0.629
0.589
0.603
0.723
0.666
0.76
0.916
0.724
0.641
0.668
0.869
0.752
0.926
0.842
0.772
0.714
0.69
0.616
0.662
0.618
0.554
0.54
0.514
0.459
0.568
0.663
0.675
0.764
0.792
0.851
0.864
0.851
0.636
0.525
0.777
0.735
0.68
0.811
0.757
0.67
0.558
0.664
0.744
0.574
0.608
0.84
0.781
0.734
0.691
0.697
0.646
0.515
0.511
0.578
0.607
0.719
0.792
0.672
0.57
0.592
0.633
0.696
0.688
0.6
0.582
0.532
0.514
0.677
0.662
0.703
0.587
0.463
0.541
0.641
0.699
0.686
0.674
0.635
0.603
0.614
0.619
0.664
0.714
0.638
0.777
0.876
0.93
0.805
0.82
0.721
0.782
0.832
0.744
0.742
0.815
0.797
0.759
0.751
0.734
0.767
0.773
0.754
0.687
0.733
0.739
0.816
0.779
0.73
0.678
0.731
0.69
0.731
0.761
0.8
0.854
0.78
0.765
0.757
0.756
0.793
0.73
0.698
0.73
0.721
0.769
0.736
0.829
0.801
0.664
0.694
0.665
0.757
0.767
0.907
0.837
0.859
0.818
0.794
0.733
0.765
0.746
0.749
0.801
0.864
0.785
0.695
0.741
0.754
0.739
0.749
0.785
0.758
0.655
0.762
0.714
0.619
0.631
0.615
0.708
0.728
0.674
0.597
0.631
0.627
0.645
0.568
0.591
0.609
0.557
0.561
0.659
0.592
0.494
0.48
0.456
0.525
0.561
0.727
0.743
0.754
0.914
0.754
0.738
0.583
0.728
0.72
0.671
0.746
0.652
0.558
0.595
0.644
0.696
0.613
0.583
0.55
0.624
0.694
0.701
0.606
0.504
0.486
0.823
0.775
0.639
0.565
0.575
0.647
0.713
0.682
0.592
0.563
0.519
0.579
0.77
0.968
0.737
0.636
0.851
0.915
0.855
0.625
0.634
0.896
0.811
0.743
0.722
0.758
0.861
0.84
0.763
0.829
0.748
0.671
0.631
0.546
0.587
0.6
0.596
0.675
0.531
0.904
0.818
0.634
0.715
0.673
0.595
0.648
0.83
0.924
0.935
0.936
0.838
0.946
0.968
0.919
0.854
0.917
0.957
0.994
0.965
0.958
0.94
0.875
0.794
0.773
0.76
0.875
0.918
0.863
0.873
0.821
0.89
0.843
0.624
0.729
0.95
0.709
0.84
0.73
0.785
0.963
0.949
0.922
0.947
0.931
0.991
0.937
0.832
0.792
0.949
0.899
0.905
0.918
0.969
0.983
0.916
0.876
0.904
0.922
0.923
0.942
0.945
0.913
0.948
0.897
0.973
0.966
0.901
0.833
0.89
0.691
0.768
0.853
0.84
0.895
0.931
0.783
0.699
0.816
0.832
0.959
0.893
0.839
0.761
0.768
0.836
0.853
0.75
0.818
0.758
0.746
0.875
0.955
0.946
0.775
0.457
0.491
0.568
0.839
0.917
0.981
0.898
0.619
0.602
0.732
0.665
0.543
0.533
0.585
0.593
0.697
0.713
0.736
0.677
0.759
0.724
0.721
0.633
0.519
0.506
0.649
0.867
0.88
0.801
0.714
0.754
0.717
0.665
0.784
0.432
0.603
0.675
0.805
0.95
0.873
0.885
0.789
0.815
0.736
0.599
0.619
0.766
0.863
0.757
0.852
0.853
0.799
0.671
0.683
0.707
0.628
0.705
0.715
0.597
0.791
0.754
0.73
0.649
0.687
0.824
0.67
0.578
0.603
0.812
0.813
0.836
0.743
0.758
0.752
0.69
0.635
0.813
0.907
0.742
0.647
0.624
0.596
0.707
0.83
0.924
0.805
0.731
0.839
0.861
0.806
0.647
0.816
0.849
0.797
0.824
0.743
0.749
0.748
0.856
0.824
0.821
0.801
0.773
0.634
0.626
0.568
0.602
0.614
0.612
0.672
0.7
0.725
0.714
0.725
0.726
0.756
0.768
0.78
0.779
0.787
0.816
0.768
0.722
0.66
0.735
0.791
0.807
0.766
0.748
0.722
0.709
0.714
0.711
0.764
0.786
0.78
0.735
0.799
0.774
0.743
0.79
0.858
0.787
0.798
0.785
0.804
0.823
0.799
0.812
0.786
0.728
0.748
0.751
0.831
0.842
0.834
0.85
0.807
0.819
0.893
0.886
0.822
0.843
0.846
0.813
0.817
0.831
0.798
0.8
0.862
0.847
0.792
0.77
0.761
0.728
0.797
0.812
0.771
0.733
0.81
0.786
0.806
0.773
0.775
0.644
0.612
0.656
0.591
0.597
0.782
0.932
0.799
0.657
0.559
0.767
0.735
0.667
0.645
0.663
0.772
0.608
0.583
0.822
0.858
0.818
0.579
0.603
0.634
0.606
0.55
0.537
0.565
0.583
0.636
0.568
0.769
0.817
0.949
0.918
0.783
0.738
0.682
0.663
0.598
0.662
0.644
0.775
0.619
0.6
0.513
0.55
0.627
0.811
0.782
0.671
0.592
0.637
0.624
0.667
0.804
0.805
0.765
0.75
0.901
0.911
0.904
0.818
0.62
0.621
0.741
0.823
0.743
0.572
0.768
0.928
0.746
0.862
0.859
0.846
0.922
0.929
0.947
0.914
0.927
0.901
0.879
0.871
0.829
0.877
0.898
0.917
0.842
0.725
0.82
0.816
0.85
0.838
0.888
0.87
0.566
0.593
0.664
0.873
0.776
0.788
0.813
0.921
0.965
0.982
0.953
0.936
0.972
0.955
0.945
0.891
0.96
0.947
0.929
0.932
0.898
0.889
0.921
0.963
0.995
0.973
0.997
0.987
0.899
0.932
0.919
0.899
0.884
0.941
0.949
0.854
0.892
0.94
1.004
1.034
0.964
1.092
1.004
0.929
1.028
0.849
0.922
0.981
0.973
0.966
0.864
0.862
0.935
0.869
0.873
0.845
0.808
0.844
0.811
0.769
0.723
0.829
0.894
0.942
0.974
0.968
0.923
0.91
0.785
0.856
0.923
0.888
0.876
0.933
0.843
0.891
0.899
0.964
0.94
0.978
0.744
0.641
0.78
0.999
0.948
0.739
0.797
0.796
0.631
0.751
0.891
0.959
0.827
0.647
0.687
0.69
0.705
0.692
0.634
0.703
0.795
0.712
0.652
0.673
0.838
0.917
0.881
0.875
0.905
0.757
0.857
0.519
0.648
0.811
0.836
0.754
0.86
0.79
0.699
0.704
0.827
0.731
0.643
0.691
0.667
0.722
0.683
0.56
0.66
0.818
0.785
0.891
0.816
0.694
0.633
0.675
0.744
0.756
0.837
0.94
0.796
0.764
0.785
0.674
0.72
0.965
0.931
0.763
0.638
0.71
0.909
0.868
0.84
0.841
0.96
0.868
0.808
0.971
0.748
0.644
0.549
0.838
0.914
0.866
0.813
0.764
0.766
0.801
0.661
0.743
0.912
0.731
0.812
0.951
0.891
0.781
0.679
0.58
0.657
0.85
0.798
0.773
0.765
0.821
0.835
0.849
0.851
0.802
0.755
0.801
0.784
0.766
0.713
0.707
0.79
0.799
0.822
0.834
0.794
0.801
0.752
0.778
0.816
0.671
0.668
0.73
0.737
0.78
0.729
0.715
0.776
0.69
0.634
0.632
0.721
0.746
0.768
0.711
0.593
0.704
0.767
0.745
0.795
0.827
0.796
0.822
0.854
0.782
0.696
0.859
0.777
0.786
0.799
0.8
0.732
0.772
0.841
0.859
0.827
0.847
0.808
0.762
0.754
0.796
0.821
0.831
0.83
0.801
0.738
0.753
0.789
0.79
0.794
0.818
0.832
0.747
0.75
0.784
0.806
0.803
0.797
0.819
0.765
0.695
0.737
0.756
0.794
0.734
0.715
0.7
0.657
0.689
0.664
0.708
0.696
0.86
0.867
0.825
0.793
0.791
0.734
0.778
0.87
0.91
0.907
0.908
0.837
0.748
0.687
0.606
0.838
0.828
0.791
0.776
0.7
0.822
0.885
0.884
0.698
0.705
0.729
0.776
0.724
0.683
0.648
0.658
0.703
0.817
0.945
0.859
0.728
0.697
0.649
0.684
0.734
0.73
0.738
0.883
0.697
0.79
0.787
0.817
0.887
0.783
0.668
0.834
0.855
0.728
0.8
0.821
0.622
0.635
0.614
0.762
0.746
0.706
0.86
0.956
0.829
0.789
0.838
0.902
0.847
0.835
0.822
0.851
0.826
0.834
0.842
0.779
0.71
0.838
0.843
0.803
0.875
0.923
0.903
0.811
0.889
0.867
0.911
0.942
0.734
0.858
0.856
0.79
0.877
0.892
0.932
0.886
0.838
0.951
0.966
0.884
0.821
0.833
0.923
0.938
0.878
0.691
0.803
0.869
0.9
0.96
0.941
0.716
0.876
0.93
0.909
0.939
0.917
0.919
0.941
1.015
0.977
0.982
0.968
0.631
0.64
0.848
0.95
0.908
0.825
0.79
0.825
0.848
0.911
0.943
0.788
0.836
0.942
0.985
0.976
0.929
0.877
0.881
0.952
0.84
0.962
0.939
0.892
0.942
0.927
0.948
0.925
0.881
0.965
0.918
0.89
0.867
0.893
0.8
0.804
0.859
0.9
0.772
0.891
0.872
0.874
0.828
0.764
0.892
0.852
0.927
0.888
0.86
0.843
0.844
0.906
0.942
0.818
0.933
0.905
0.781
0.858
0.915
0.827
0.688
0.816
0.823
0.77
0.734
0.619
0.63
0.894
0.576
0.56
0.604
0.84
0.69
0.707
0.776
0.833
0.781
0.661
0.859
0.832
0.725
0.762
0.957
0.911
0.745
0.601
0.48
0.634
0.698
0.79
0.762
0.652
0.66
0.488
0.543
0.677
0.92
0.894
0.674
0.564
0.739
0.82
0.701
0.545
0.545
0.642
0.741
0.774
0.743
0.719
0.618
0.707
0.814
0.606
0.618
0.792
0.734
0.954
0.749
0.707
0.729
0.601
0.805
0.883
0.754
0.66
0.732
0.61
0.716
0.73
0.715
0.674
0.764
0.783
0.758
0.673
0.647
0.596
0.621
0.975
0.82
0.705
0.737
0.9
0.839
0.941
0.972
0.949
0.928
0.769
0.667
0.702
0.729
0.763
0.687
0.6
0.604
0.768
0.782
0.721
0.634
0.762
0.801
0.828
0.761
0.747
0.766
0.752
0.648
0.72
0.751
0.788
0.692
0.674
0.758
0.807
0.838
0.824
0.826
0.812
0.755
0.712
0.766
0.771
0.863
0.773
0.692
0.698
0.733
0.779
0.794
0.781
0.767
0.817
0.777
0.697
0.796
0.926
0.859
0.832
0.754
0.835
0.813
0.801
0.796
0.743
0.657
0.733
0.808
0.82
0.818
0.777
0.681
0.703
0.675
0.762
0.844
0.879
0.925
0.92
0.797
0.881
0.871
0.866
0.945
0.825
0.908
0.899
0.878
0.83
0.908
0.884
0.854
0.815
0.837
0.871
0.818
0.843
0.81
0.796
0.83
0.752
0.73
0.772
0.808
0.846
0.87
0.877
0.867
0.83
0.797
0.761
0.814
0.771
0.841
0.714
0.711
0.909
0.787
0.708
0.856
0.797
0.782
0.792
0.728
0.775
0.708
0.772
0.773
0.665
0.707
0.727
0.694
0.694
0.694
0.665
0.716
0.74
0.642
0.676
0.822
0.775
0.675
0.697
0.733
0.661
0.613
0.705
0.646
0.691
0.624
0.638
0.918
0.947
0.871
0.745
0.757
0.702
0.781
0.852
0.89
0.78
0.794
0.761
0.743
0.866
0.8
0.825
0.847
0.677
0.651
0.618
0.907
0.939
0.915
0.852
0.969
0.928
0.921
0.909
0.928
0.787
0.659
0.796
0.859
0.779
0.903
0.981
0.958
0.832
0.729
0.889
0.915
0.797
0.804
0.928
0.92
0.951
0.98
0.947
0.904
0.875
0.942
0.913
0.804
0.846
0.804
0.94
0.915
0.86
0.95
0.956
0.985
0.979
0.902
0.858
0.713
0.742
0.878
0.76
0.838
0.857
0.91
0.956
0.948
0.96
0.99
0.963
0.94
0.804
0.607
0.802
0.924
0.82
0.942
0.947
0.955
0.921
0.88
0.869
0.871
0.928
0.966
0.966
0.904
0.87
0.919
0.876
0.919
0.893
0.842
0.731
0.764
0.795
0.757
0.748
0.832
0.901
0.877
0.785
0.772
0.941
0.927
0.805
0.815
0.736
0.857
0.986
1.012
0.968
0.932
0.886
0.811
0.843
0.854
0.847
0.789
0.814
0.771
0.824
0.82
0.884
0.872
0.825
0.768
0.762
0.923
0.978
0.619
0.59
0.684
0.733
0.736
0.632
0.579
0.819
0.984
0.964
0.97
0.937
0.844
0.779
0.678
0.667
0.812
0.738
0.766
0.808
0.77
0.804
0.804
0.767
0.754
0.809
0.679
0.615
0.579
0.795
0.949
0.742
0.617
0.604
0.605
0.871
0.844
0.884
0.789
0.638
0.801
0.775
0.622
0.735
0.645
0.609
0.646
0.899
0.744
0.695
0.815
0.891
0.85
0.84
0.853
0.832
0.721
0.72
0.773
0.9
0.811
0.835
0.857
0.803
0.785
0.731
0.614
0.712
0.615
0.505
0.589
0.653
0.642
0.664
0.673
0.819
0.817
0.72
0.616
0.66
0.694
0.654
0.74
0.683
0.66
0.757
0.683
0.718
0.652
0.66
0.59
0.823
0.836
0.864
0.825
0.769
0.799
0.797
0.801
0.805
0.739
0.76
0.733
0.77
0.742
0.737
0.709
0.719
0.756
0.752
0.766
0.765
0.794
0.777
0.691
0.674
0.784
0.778
0.768
0.809
0.808
0.774
0.739
0.67
0.637
0.643
0.697
0.782
0.855
0.786
0.685
0.765
0.803
0.833
0.837
0.813
0.762
0.711
0.703
0.738
0.813
0.822
0.738
0.763
0.69
0.646
0.744
0.897
0.903
0.871
0.854
0.815
0.84
0.848
0.814
0.844
0.801
0.785
0.807
0.794
0.806
0.812
0.801
0.753
0.82
0.827
0.827
0.888
0.864
0.811
0.744
0.776
0.823
0.84
0.764
0.699
0.784
0.718
0.725
0.682
0.777
0.825
0.772
0.747
0.69
0.719
0.749
0.717
0.688
0.749
0.874
0.819
0.73
0.722
0.787
0.799
0.817
0.683
0.68
0.787
0.782
0.762
0.75
0.598
0.642
0.685
0.627
0.868
0.846
0.807
0.793
0.894
0.859
0.792
0.688
0.676
0.69
0.677
0.746
0.677
0.642
0.737
0.781
0.769
0.689
0.78
0.677
0.688
0.634
0.628
0.582
0.661
0.811
0.78
0.844
0.799
0.763
0.722
0.761
0.714
0.622
0.618
0.67
0.687
0.729
0.931
0.668
0.673
0.682
0.7
0.803
0.764
0.788
0.7
0.763
0.711
0.664
0.676
0.724
0.727
0.62
0.812
0.74
0.748
0.874
0.87
0.805
0.697
0.868
0.907
0.89
0.906
0.849
0.737
0.729
0.73
0.792
0.691
0.658
0.832
0.743
0.825
0.806
0.803
0.828
0.89
0.96
0.853
0.61
0.761
0.815
0.815
0.881
0.938
0.968
0.75
0.811
0.683
0.761
0.942
0.866
0.867
1.02
0.979
0.97
0.908
0.934
0.885
0.979
0.959
0.869
0.904
0.998
0.981
0.928
0.86
0.87
0.941
0.969
0.838
0.891
0.926
0.894
0.886
0.944
0.874
0.869
0.88
0.869
0.974
0.879
0.88
0.845
0.842
0.931
0.985
0.94
0.785
0.927
0.887
0.626
0.7
0.625
0.724
0.879
0.73
0.632
0.612
0.515
0.499
0.669
0.829
0.9
0.847
0.912
0.935
0.836
0.755
0.919
0.736
0.695
0.913
0.821
0.846
0.906
0.859
0.841
0.817
0.803
0.817
0.825
0.851
0.871
0.838
0.773
0.645
0.71
0.713
0.641
0.68
0.668
0.683
0.63
0.551
0.636
0.514
0.542
0.881
0.827
0.766
0.798
0.788
0.74
0.681
0.709
0.867
0.743
0.832
0.752
0.643
0.545
0.672
0.936
0.884
0.848
0.761
0.779
0.832
0.824
0.887
0.686
0.588
0.546
0.602
0.723
0.673
0.577
0.546
0.552
0.546
0.519
0.707
0.775
0.637
0.729
0.79
0.599
0.649
0.675
0.767
0.884
0.722
0.689
0.702
0.729
0.728
0.581
0.587
0.71
0.854
0.847
0.713
0.733
0.602
0.571
0.588
0.531
0.697
0.778
0.776
0.777
0.665
0.692
0.714
0.673
0.668
0.55
0.601
0.632
0.628
0.712
0.76
0.695
0.672
0.688
0.615
0.587
0.619
0.616
0.614
0.592
0.712
0.752
0.678
0.769
0.8
0.78
0.677
0.804
0.783
0.762
0.761
0.76
0.767
0.707
0.662
0.736
0.767
0.64
0.629
0.729
0.699
0.681
0.708
0.743
0.786
0.78
0.798
0.831
0.795
0.764
0.794
0.72
0.696
0.731
0.755
0.764
0.768
0.75
0.805
0.735
0.693
0.727
0.75
0.688
0.757
0.822
0.717
0.759
0.777
0.794
0.84
0.888
0.725
0.696
0.76
0.78
0.805
0.796
0.687
0.646
0.692
0.826
0.866
0.841
0.799
0.754
0.674
0.701
0.675
0.598
0.587
0.536
0.515
0.625
0.753
0.743
0.567
0.565
0.508
0.424
0.463
0.559
0.5
0.403
0.534
0.548
0.453
0.443
0.613
0.629
0.458
0.381
0.465
0.609
0.464
0.451
0.681
0.847
0.746
0.589
0.57
0.835
0.868
0.687
0.694
0.653
0.812
0.949
0.91
0.703
0.528
0.746
0.742
0.624
0.729
0.896
0.766
0.618
0.615
0.557
0.635
0.762
0.699
0.621
0.542
0.652
0.655
0.601
0.558
0.673
0.65
0.808
0.701
0.584
0.631
0.662
0.562
0.557
0.698
0.727
0.776
0.738
0.735
0.725
0.625
0.701
0.627
0.565
0.618
0.799
0.742
0.749
0.714
0.727
0.737
0.895
0.824
0.762
0.731
0.646
0.746
0.81
0.706
0.819
0.928
0.844
0.766
0.715
0.716
0.826
0.754
0.826
0.905
0.948
0.929
0.82
0.848
0.809
0.895
0.923
0.595
0.834
0.839
0.805
0.838
0.896
0.783
0.825
0.966
0.963
0.943
0.867
0.976
0.978
0.988
0.786
0.811
0.892
0.792
0.864
0.949
0.824
0.766
0.862
0.689
0.741
0.807
0.663
0.816
0.822
0.9
0.802
0.833
0.934
0.808
0.729
0.695
0.644
0.685
0.724
0.944
0.824
0.746
0.586
0.822
0.912
0.656
0.646
0.736
0.661
0.695
0.851
0.919
0.636
0.786
0.942
0.801
0.849
0.586
0.878
0.934
0.96
0.881
0.826
0.761
0.822
0.886
0.84
0.843
0.659
0.528
0.656
0.664
0.593
0.532
0.627
0.55
0.568
0.622
0.628
0.754
0.766
0.746
0.606
0.604
0.608
0.756
0.63
0.505
0.806
0.926
0.883
0.779
0.708
0.711
0.685
0.542
0.675
0.655
0.751
0.612
0.541
0.472
0.764
0.814
0.753
0.537
0.565
0.779
0.882
0.647
0.622
0.724
0.719
0.595
0.676
0.718
0.682
0.817
0.82
0.812
0.847
0.881
0.831
0.635
0.632
0.594
0.526
0.481
0.576
0.494
0.564
0.744
0.795
0.655
0.721
0.729
0.689
0.684
0.751
0.746
0.755
0.609
0.746
0.768
0.634
0.544
0.634
0.709
0.716
0.908
0.773
0.692
0.687
0.751
0.68
0.603
0.597
0.842
0.953
0.818
0.74
0.746
0.701
0.707
0.718
0.694
0.892
0.754
0.619
0.635
0.618
0.666
0.714
0.812
0.765
0.738
0.771
0.771
0.798
0.904
0.738
0.737
0.792
0.724
0.723
0.77
0.795
0.759
0.759
0.677
0.767
0.718
0.689
0.722
0.81
0.842
0.799
0.747
0.721
0.655
0.738
0.795
0.797
0.704
0.733
0.769
0.828
0.837
0.789
0.811
0.848
0.794
0.796
0.764
0.723
0.737
0.732
0.767
0.742
0.748
0.788
0.842
0.845
0.836
0.837
0.829
0.823
0.722
0.908
0.819
0.83
0.871
0.84
0.808
0.78
0.746
0.773
0.842
0.818
0.879
0.929
0.789
0.746
0.755
0.799
0.867
0.819
0.767
0.771
0.839
0.851
0.83
0.823
0.829
0.822
0.804
0.826
0.862
0.777
0.77
0.729
0.807
0.835
0.869
0.88
0.824
0.755
0.814
0.847
0.763
0.74
0.723
0.686
0.743
0.819
0.784
0.906
0.926
0.851
0.788
0.743
0.773
0.656
0.672
0.693
0.718
0.75
0.858
0.963
0.892
0.724
0.773
0.713
0.683
0.649
0.595
0.589
0.615
0.79
0.796
0.873
0.76
0.692
0.667
0.667
0.703
0.704
0.843
0.882
0.79
0.76
0.788
0.744
0.655
0.583
0.586
0.537
0.631
0.665
0.634
0.641
0.874
0.92
0.947
0.891
0.755
0.828
0.9
0.787
0.704
0.737
0.764
0.761
0.715
0.672
0.836
0.85
0.805
0.812
0.897
0.95
0.939
0.869
0.902
0.906
0.837
0.7
0.838
0.773
0.756
0.583
0.861
0.936
0.761
0.857
0.981
0.911
0.919
0.946
0.916
0.985
0.983
0.83
0.895
0.886
0.857
0.794
0.879
0.845
0.824
0.875
0.917
0.866
0.935
0.941
0.94
0.944
0.924
0.937
0.964
0.97
0.96
0.985
0.931
0.894
0.956
0.968
0.948
0.987
0.994
1.002
0.96
0.947
0.96
0.957
0.867
0.905
0.947
0.964
0.973
0.834
0.884
0.901
0.919
0.939
0.958
0.946
0.874
0.833
0.812
0.858
0.958
0.939
0.847
0.837
0.966
0.842
0.601
0.727
0.826
0.962
0.909
0.882
0.573
0.574
0.628
0.842
0.657
0.819
0.905
0.88
0.898
0.734
0.747
0.519
0.579
0.815
0.809
0.739
0.726
0.658
0.801
0.747
0.82
0.697
0.74
0.818
0.911
0.761
0.735
0.876
0.92
0.789
0.646
0.683
0.707
0.685
0.658
0.678
0.623
0.678
0.665
0.588
0.691
0.81
0.762
0.791
0.639
0.643
0.684
0.641
0.907
0.802
0.714
0.69
0.818
0.879
0.725
0.726
0.637
0.841
0.864
0.687
0.662
0.576
0.84
0.856
0.806
0.754
0.761
0.566
0.536
0.604
0.59
0.517
0.502
0.553
0.624
0.61
0.59
0.765
0.667
0.767
0.738
0.574
0.594
0.678
0.769
0.605
0.615
0.917
0.874
0.817
0.765
0.709
0.658
0.797
0.86
0.66
0.792
0.783
0.818
0.841
0.834
0.794
0.716
0.634
0.806
0.85
0.868
0.794
0.848
0.949
0.819
0.655
0.603
0.679
0.737
0.69
0.662
0.704
0.703
0.738
0.631
0.597
0.656
0.717
0.767
0.827
0.743
0.662
0.598
0.673
0.67
0.662
0.678
0.762
0.778
0.71
0.798
0.835
0.751
0.648
0.749
0.781
0.676
0.695
0.732
0.72
0.685
0.699
0.608
0.643
0.734
0.797
0.8
0.777
0.786
0.797
0.772
0.777
0.791
0.823
0.712
0.823
0.894
0.799
0.763
0.723
0.806
0.821
0.767
0.685
0.716
0.791
0.801
0.823
0.844
0.823
0.824
0.788
0.717
0.629
0.782
0.808
0.814
0.818
0.867
0.717
0.851
0.869
0.809
0.803
0.849
0.784
0.759
0.688
0.72
0.813
0.762
0.657
0.688
0.741
0.684
0.634
0.694
0.762
0.837
0.811
0.716
0.617
0.72
0.76
0.698
0.632
0.685
0.84
0.933
0.82
0.766
0.826
0.775
0.921
0.906
0.808
0.806
0.801
0.782
0.674
0.66
0.68
0.628
0.703
0.947
0.792
0.651
0.627
0.62
0.744
0.891
0.944
0.885
0.9
0.734
0.849
0.741
0.64
0.688
0.686
0.741
0.866
0.873
0.919
0.803
0.687
0.735
0.645
0.657
0.696
0.623
0.619
0.775
0.713
0.63
0.688
0.616
0.627
0.73
0.75
0.755
0.736
0.63
0.619
0.764
0.739
0.786
0.797
0.749
0.878
0.768
0.65
0.639
0.666
0.811
0.85
0.755
0.853
0.825
0.958
0.941
0.842
0.809
0.799
0.8
0.736
0.725
0.846
0.84
0.817
0.728
0.754
0.923
0.935
0.961
0.861
0.877
0.971
0.908
0.916
0.682
0.681
0.701
0.861
0.598
0.674
0.824
0.898
0.902
0.802
0.813
0.827
0.924
0.845
0.85
0.917
0.872
0.926
0.91
0.893
0.927
0.941
0.942
0.919
0.909
0.873
0.914
0.755
0.806
0.735
0.854
0.918
0.94
0.891
0.901
0.961
0.75
0.678
0.724
0.822
0.915
0.974
0.962
0.97
0.738
0.856
0.856
0.879
0.893
0.854
0.864
0.834
0.923
0.872
0.83
0.778
0.726
0.749
0.857
0.789
0.749
0.772
0.935
0.87
0.86
0.746
0.726
0.73
0.948
0.689
0.528
0.744
0.824
0.903
0.55
0.787
0.767
0.809
0.814
0.857
0.549
0.476
0.721
0.804
0.808
0.858
0.834
0.746
0.845
0.827
0.911
0.843
0.487
0.657
0.734
0.906
0.949
0.954
0.902
0.877
0.816
0.713
0.717
0.89
0.89
0.683
0.698
0.68
0.642
0.883
0.922
0.773
0.739
0.784
0.877
0.886
0.849
0.774
0.784
0.771
0.779
0.868
0.822
0.902
0.756
0.717
0.724
0.671
0.763
0.913
0.846
0.738
0.698
0.883
0.683
0.636
0.648
0.848
0.868
0.937
0.879
0.684
0.731
0.916
0.961
0.786
0.74
0.861
0.894
0.825
0.714
0.718
0.702
0.621
0.726
0.819
0.88
0.806
0.707
0.749
0.778
0.811
0.769
0.717
0.684
0.803
0.875
0.812
0.918
0.797
0.728
0.71
0.719
0.737
0.775
0.791
0.802
0.819
0.759
0.71
0.662
0.674
0.743
0.676
0.685
0.667
0.678
0.659
0.76
0.792
0.782
0.642
0.762
0.825
0.768
0.744
0.745
0.737
0.704
0.632
0.649
0.759
0.766
0.68
0.603
0.639
0.639
0.669
0.75
0.747
0.778
0.77
0.737
0.738
0.779
0.825
0.782
0.742
0.795
0.818
0.82
0.837
0.822
0.732
0.723
0.774
0.744
0.784
0.769
0.794
0.757
0.714
0.628
0.604
0.679
0.756
0.7
0.734
0.781
0.733
0.732
0.739
0.865
0.791
0.667
0.82
0.856
0.88
0.786
0.694
0.689
0.78
0.788
0.682
0.69
0.722
0.686
0.707
0.619
0.6
0.565
0.499
0.414
0.385
0.461
0.584
0.455
0.362
0.517
0.757
0.661
0.464
0.576
0.742
0.835
0.801
0.711
0.694
0.58
0.618
0.824
0.954
0.813
0.717
0.726
0.751
0.75
0.779
0.804
0.787
0.625
0.64
0.552
0.561
0.617
0.727
0.79
0.711
0.519
0.593
0.708
0.573
0.703
0.779
0.637
0.646
0.618
0.777
0.717
0.851
0.916
0.798
0.681
0.779
0.784
0.717
0.654
0.574
0.637
0.744
0.724
0.873
0.702
0.72
0.851
0.943
0.851
0.796
0.717
0.743
0.851
0.855
0.833
0.734
0.802
0.664
0.828
0.874
0.872
0.856
0.774
0.742
0.868
0.851
0.823
0.837
0.656
0.726
0.874
0.857
0.923
0.901
0.957
0.938
0.846
0.922
0.874
0.944
0.939
0.955
0.935
0.864
0.919
0.941
0.982
0.872
0.723
0.799
0.675
0.821
0.947
0.94
0.967
0.974
1.003
0.958
0.955
0.914
0.923
0.944
0.938
0.953
0.94
0.932
0.974
0.953
0.892
0.778
0.844
0.808
0.775
0.767
0.902
0.862
0.847
0.844
0.859
0.821
0.821
0.735
0.852
0.877
0.885
0.747
0.925
0.945
0.933
0.988
0.981
0.993
0.967
0.929
0.693
0.848
0.847
0.777
0.809
0.922
0.764
0.785
0.824
0.921
0.891
0.876
0.931
0.958
0.983
0.979
0.932
0.994
0.914
0.894
0.778
0.834
0.98
0.972
0.977
0.975
0.825
0.946
0.942
0.879
0.945
0.9
0.798
0.717
0.817
0.848
0.943
0.909
0.772
0.829
0.753
0.879
0.908
0.866
0.906
0.824
0.786
0.675
0.799
0.749
0.611
0.698
0.86
0.605
0.698
0.77
0.747
0.787
0.939
0.931
0.676
0.892
0.915
0.857
0.814
0.733
0.665
0.688
0.615
0.617
0.616
0.793
0.888
0.79
0.743
0.81
0.837
0.671
0.48
0.614
0.675
0.467
0.564
0.646
0.667
0.735
0.909
0.821
0.672
0.815
0.761
0.822
0.861
0.884
0.827
0.845
0.873
0.692
0.648
0.856
0.835
0.82
0.875
0.852
0.866
0.78
0.713
0.791
0.771
0.771
0.754
0.718
0.703
0.707
0.788
0.891
0.752
0.607
0.822
0.915
0.81
0.673
0.82
0.783
0.749
0.689
0.802
0.902
0.885
0.761
0.714
0.791
0.851
0.8
0.754
0.75
0.684
0.617
0.607
0.62
0.701
0.761
0.75
0.671
0.75
0.736
0.717
0.693
0.677
0.776
0.821
0.799
0.81
0.823
0.871
0.865
0.827
0.785
0.692
0.686
0.789
0.791
0.732
0.818
0.726
0.711
0.849
0.839
0.823
0.768
0.762
0.819
0.858
0.886
0.744
0.703
0.782
0.798
0.832
0.82
0.826
0.842
0.823
0.825
0.807
0.82
0.813
0.819
0.834
0.833
0.801
0.833
0.863
0.821
0.767
0.714
0.761
0.849
0.876
0.751
0.703
0.859
0.878
0.828
0.828
0.845
0.815
0.792
0.97
0.944
0.884
0.845
0.778
0.711
0.743
0.814
0.84
0.832
0.798
0.783
0.802
0.829
0.835
0.711
0.651
0.725
0.855
0.764
0.671
0.9
0.801
0.828
0.767
0.698
0.817
0.784
0.825
0.733
0.675
0.657
0.664
0.832
0.721
0.64
0.647
0.695
0.669
0.761
0.751
0.733
0.59
0.759
0.757
0.817
0.726
0.605
0.753
0.71
0.765
0.753
0.718
0.647
0.818
0.858
0.737
0.775
0.807
0.728
0.779
0.861
0.854
0.826
0.757
0.863
0.849
0.685
0.629
0.568
0.57
0.883
0.905
0.72
0.596
0.749
0.919
0.853
0.926
0.859
0.777
0.81
0.874
0.807
0.86
0.603
0.794
0.908
0.901
0.822
0.769
0.746
0.62
0.6
0.694
0.879
0.945
0.879
0.889
0.906
0.964
0.89
0.664
0.699
0.909
0.955
0.924
0.88
0.864
0.909
0.855
0.845
0.868
0.948
0.952
0.906
0.926
0.865
0.77
0.922
0.854
0.771
0.802
0.957
0.952
0.93
0.941
0.876
0.785
0.868
0.873
0.791
0.882
0.945
0.918
0.865
0.903
0.85
0.923
0.952
0.848
0.781
0.859
0.854
0.788
0.882
0.87
0.952
0.969
0.886
0.864
0.878
0.879
0.949
0.957
0.961
0.929
0.923
0.97
0.928
0.913
0.914
0.928
0.833
0.898
0.922
0.921
0.883
0.854
0.854
0.879
0.872
0.927
0.876
0.817
0.851
0.915
0.874
0.853
0.821
0.694
0.69
0.834
0.86
0.828
0.927
0.904
0.85
0.752
0.771
0.814
0.714
0.753
0.552
0.534
0.777
0.723
0.854
0.871
0.905
0.866
0.881
0.748
0.594
0.663
0.82
0.89
0.903
0.877
0.841
0.849
0.938
0.914
0.876
0.845
0.772
0.729
0.585
0.602
0.755
0.755
0.749
0.68
0.718
0.787
0.865
0.704
0.596
0.646
0.755
0.715
0.706
0.813
0.783
0.86
0.828
0.644
0.769
0.715
0.727
0.65
0.638
0.785
0.831
0.906
0.699
0.683
0.762
0.707
0.82
0.744
0.722
0.717
0.739
0.715
0.723
0.781
0.885
0.78
0.764
0.784
0.786
0.82
0.83
0.787
0.772
0.771
0.818
0.788
0.796
0.813
0.752
0.787
0.821
0.688
0.686
0.711
0.659
0.63
0.654
0.708
0.754
0.75
0.836
0.935
0.89
0.816
0.819
0.765
0.788
0.81
0.807
0.775
0.661
0.734
0.76
0.697
0.717
0.88
0.709
0.698
0.748
0.732
0.675
0.72
0.716
0.806
0.812
0.795
0.785
0.781
0.805
0.78
0.772
0.783
0.862
0.823
0.829
0.797
0.757
0.767
0.829
0.777
0.769
0.785
0.829
0.814
0.762
0.795
0.9
0.925
0.857
0.791
0.835
0.859
0.801
0.743
0.815
0.856
0.868
0.774
0.76
0.726
0.767
0.841
0.846
0.824
0.806
0.775
0.746
0.738
0.745
0.849
0.88
0.936
0.857
0.788
0.822
0.81
0.817
0.834
0.852
0.862
0.882
0.895
0.774
0.743
0.76
0.817
0.803
0.781
0.782
0.838
0.912
0.87
0.722
0.696
0.752
0.757
0.748
0.78
0.81
0.837
0.766
0.719
0.707
0.645
0.599
0.633
0.706
0.737
0.701
0.675
0.72
0.859
0.679
0.648
0.757
0.552
0.607
0.638
0.578
0.556
0.682
0.699
0.635
0.725
0.713
0.855
0.82
0.859
0.782
0.595
0.804
0.931
0.916
0.856
0.816
0.887
0.843
0.679
0.64
0.773
0.774
0.847
0.795
0.638
0.78
0.93
0.802
0.903
0.737
0.707
0.773
0.653
0.58
0.596
0.774
0.774
0.738
0.68
0.587
0.778
0.909
0.95
0.966
0.914
0.821
0.794
0.93
0.988
0.895
0.759
0.718
0.809
0.791
0.847
0.846
0.821
0.828
0.786
0.871
0.924
0.98
0.868
0.873
0.971
0.844
0.901
0.862
0.817
0.841
0.827
0.841
0.866
0.911
0.78
0.905
0.931
0.924
0.926
0.969
0.931
0.941
0.918
0.962
0.981
0.974
0.913
0.983
0.979
0.917
0.956
0.96
0.935
0.96
0.978
0.978
0.989
1.018
0.925
0.904
0.78
0.815
0.739
0.683
0.92
0.882
0.869
0.882
0.846
0.996
0.969
0.964
0.915
0.921
0.946
0.966
0.967
0.947
0.963
0.96
0.948
0.922
0.853
0.856
0.95
0.964
0.881
0.905
0.893
0.802
0.93
0.941
0.873
0.683
0.555
0.752
0.866
0.92
0.948
0.862
0.879
0.891
0.867
0.876
0.935
0.913
0.807
0.866
0.95
0.927
0.869
0.872
0.627
0.589
0.717
0.927
0.882
0.755
0.693
0.729
0.762
0.776
0.806
0.889
0.911
0.834
0.814
0.921
0.846
0.81
0.818
0.768
0.87
0.774
0.704
0.79
0.799
0.859
0.713
0.69
0.662
0.72
0.836
0.822
0.723
0.678
0.692
0.739
0.713
0.64
0.683
0.632
0.589
0.598
0.62
0.712
0.84
0.91
0.946
0.843
0.722
0.845
0.81
0.723
0.787
0.839
0.715
0.718
0.819
0.643
0.618
0.569
0.621
0.65
0.627
0.704
0.699
0.869
0.799
0.803
0.786
0.752
0.674
0.657
0.8
0.852
0.659
0.695
0.815
0.828
0.795
0.668
0.671
0.68
0.685
0.598
0.612
0.641
0.794
0.862
0.791
0.725
0.671
0.614
0.646
0.677
0.697
0.744
0.777
0.83
0.763
0.777
0.778
0.743
0.783
0.776
0.709
0.618
0.727
0.63
0.64
0.666
0.62
0.674
0.688
0.731
0.725
0.784
0.774
0.752
0.719
0.759
0.753
0.745
0.75
0.684
0.63
0.616
0.761
0.788
0.855
0.822
0.851
0.814
0.82
0.801
0.73
0.784
0.775
0.752
0.776
0.823
0.765
0.907
0.785
0.714
0.714
0.725
0.707
0.706
0.696
0.737
0.83
0.794
0.778
0.737
0.779
0.785
0.807
0.793
0.807
0.89
0.885
0.808
0.74
0.783
0.791
0.836
0.807
0.766
0.796
0.77
0.751
0.791
0.865
0.736
0.676
0.901
0.864
0.738
0.678
0.693
0.595
0.688
0.69
0.677
0.709
0.741
0.706
0.631
0.57
0.597
0.668
0.693
0.874
0.923
0.771
0.721
0.737
0.576
0.678
0.856
0.854
0.805
0.845
0.787
0.671
0.742
0.615
0.654
0.727
0.738
0.707
0.694
0.734
0.801
0.82
0.816
0.874
0.884
0.848
0.841
0.756
0.662
0.678
0.623
0.625
0.602
0.8
0.84
0.781
0.687
0.89
0.839
0.675
0.673
0.651
0.569
0.631
0.718
0.772
0.668
0.6
0.636
0.778
0.804
0.76
0.773
0.844
0.616
0.635
0.568
0.683
0.633
0.954
0.897
0.66
0.726
0.666
0.694
0.8
0.764
0.723
0.862
0.764
0.745
0.805
0.874
0.887
0.735
0.782
0.82
0.818
0.945
0.922
0.9
0.864
0.921
0.933
0.965
0.956
0.921
0.911
0.908
0.97
0.96
0.866
0.914
0.902
0.927
0.946
0.991
0.954
0.95
0.972
0.955
0.959
0.93
0.972
0.957
0.975
0.925
0.895
0.961
0.927
0.925
0.757
0.779
0.869
0.851
0.837
0.923
0.825
0.889
0.864
0.742
0.792
0.975
0.906
0.846
0.919
0.893
0.741
0.848
0.8
0.855
0.774
0.755
0.779
0.888
0.846
0.812
0.8
0.87
0.962
0.944
0.89
0.838
0.856
0.814
0.773
0.894
0.903
0.864
0.841
0.839
0.805
0.873
0.86
0.51
0.574
0.614
0.702
0.775
0.81
0.822
0.772
0.623
0.759
0.809
0.734
0.888
0.792
0.764
0.783
0.871
0.834
0.787
0.967
0.908
0.862
0.908
0.846
0.773
0.669
0.647
0.747
0.618
0.68
0.713
0.579
0.67
0.777
0.723
0.721
0.778
0.673
0.788
0.795
0.672
0.75
0.788
0.802
0.824
0.738
0.74
0.659
0.827
0.823
0.693
0.633
0.614
0.706
0.708
0.726
0.764
0.699
0.785
0.754
0.687
0.603
0.638
0.615
0.675
0.752
0.768
0.651
0.596
0.615
0.629
0.705
0.792
0.739
0.759
0.715
0.729
0.761
0.587
0.533
0.638
0.732
0.855
0.88
0.842
0.866
0.923
0.843
0.779
0.765
0.849
0.758
0.729
0.702
0.591
0.57
0.75
0.833
0.771
0.705
0.672
0.627
0.697
0.778
0.82
0.753
0.772
0.598
0.529
0.622
0.737
0.747
0.771
0.693
0.746
0.734
0.673
0.582
0.567
0.664
0.748
0.762
0.703
0.77
0.805
0.83
0.724
0.66
0.767
0.777
0.746
0.743
0.682
0.684
0.729
0.782
0.792
0.776
0.687
0.652
0.646
0.755
0.806
0.776
0.837
0.816
0.811
0.83
0.774
0.746
0.805
0.795
0.805
0.795
0.817
0.727
0.73
0.773
0.78
0.839
0.849
0.824
0.82
0.816
0.819
0.827
0.863
0.82
0.742
0.815
0.838
0.833
0.814
0.829
0.836
0.766
0.729
0.818
0.797
0.741
0.754
0.808
0.845
0.839
0.729
0.727
0.783
0.777
0.768
0.769
0.803
0.924
0.952
0.899
0.861
0.842
0.838
0.868
0.753
0.724
0.741
0.705
0.713
0.721
0.836
0.848
0.825
0.764
0.764
0.755
0.751
0.685
0.776
0.784
0.787
0.684
0.831
0.835
0.813
0.706
0.599
0.596
0.76
0.678
0.774
0.732
0.686
0.783
0.8
0.801
0.649
0.684
0.675
0.634
0.724
0.787
0.666
0.623
0.66
0.59
0.607
0.955
0.871
0.921
0.812
0.709
0.839
0.826
0.793
0.739
0.656
0.9
0.818
0.649
0.733
0.808
0.723
0.64
0.749
0.704
0.678
0.68
0.845
0.918
0.829
0.832
0.957
0.809
0.814
0.791
0.864
0.979
0.863
0.811
0.882
0.745
0.675
0.729
0.782
0.655
0.684
0.791
0.794
0.705
0.842
0.905
0.942
0.759
0.733
0.638
0.735
0.767
0.814
0.574
0.394
0.524
0.662
0.772
0.88
0.86
0.85
0.814
0.934
0.836
0.77
0.768
0.875
0.982
0.91
0.898
0.911
0.947
0.881
0.816
0.825
0.847
0.909
0.892
0.832
0.824
0.878
0.982
0.945
0.887
0.861
0.842
0.681
0.784
0.901
0.976
0.932
0.946
0.831
0.654
0.699
0.85
0.765
0.892
0.962
0.911
0.943
0.827
0.849
0.926
0.895
0.847
0.896
0.853
0.914
0.909
0.736
0.673
0.722
0.796
0.861
0.883
0.887
0.884
0.894
0.915
0.933
0.866
0.894
0.894
0.957
0.885
0.96
0.906
0.95
0.942
0.837
0.896
0.965
0.962
0.922
0.868
0.914
0.839
0.821
0.813
0.798
0.553
0.818
0.848
0.82
0.816
0.714
0.651
0.806
0.861
0.839
0.704
0.726
0.646
0.778
0.85
0.871
0.874
0.951
0.92
0.818
0.758
0.778
0.817
0.618
0.646
0.744
0.845
0.729
0.732
0.938
0.736
0.688
0.693
0.819
0.82
0.695
0.849
0.938
0.783
0.671
0.77
0.705
0.73
0.752
0.82
0.684
0.506
0.547
0.697
0.787
0.885
0.896
0.91
0.815
0.716
0.752
0.811
0.822
0.746
0.764
0.782
0.646
0.627
0.686
0.685
0.706
0.629
0.796
0.728
0.591
0.692
0.782
0.813
0.661
0.61
0.756
0.768
0.714
0.603
0.583
0.695
0.684
0.727
0.697
0.66
0.638
0.553
0.593
0.672
0.7
0.768
0.844
0.699
0.665
0.74
0.731
0.558
0.534
0.611
0.621
0.605
0.636
0.515
0.627
0.601
0.703
0.662
0.637
0.655
0.598
0.67
0.717
0.691
0.705
0.785
0.72
0.606
0.604
0.647
0.593
0.698
0.769
0.672
0.617
0.669
0.721
0.724
0.761
0.678
0.72
0.625
0.719
0.609
0.691
0.785
0.811
0.764
0.635
0.6
0.611
0.711
0.702
0.744
0.799
0.764
0.802
0.757
0.621
0.655
0.684
0.702
0.667
0.858
0.819
0.82
0.799
0.764
0.818
0.721
0.683
0.694
0.567
0.652
0.741
0.66
0.612
0.824
0.978
0.927
0.875
0.789
0.79
0.846
0.818
0.761
0.743
0.706
0.826
0.793
0.735
0.711
0.699
0.762
0.675
0.687
0.731
0.845
0.89
0.832
0.844
0.784
0.682
0.736
0.741
0.631
0.664
0.692
0.716
0.769
0.72
0.682
0.609
0.685
0.669
0.79
0.794
0.691
0.62
0.605
0.682
0.792
0.735
0.645
0.702
0.706
0.711
0.631
0.638
0.762
0.878
0.743
0.636
0.634
0.626
0.757
0.749
0.763
0.737
0.581
0.494
0.559
0.95
0.774
0.749
0.81
0.912
0.691
0.559
0.601
0.65
0.67
0.575
0.566
0.598
0.66
0.635
0.751
0.589
0.639
0.703
0.803
0.861
0.821
0.792
0.646
0.662
0.668
0.847
0.787
0.878
0.902
0.909
0.781
0.831
0.874
0.934
0.857
0.839
0.788
0.828
0.902
0.924
0.893
0.777
0.898
0.904
0.961
0.95
0.953
0.962
0.971
0.936
0.946
0.891
0.894
0.955
0.934
1.003
0.959
0.982
0.976
0.911
0.935
0.767
0.876
0.824
0.911
0.951
0.904
0.902
0.899
0.913
0.891
0.887
0.893
0.904
0.942
0.953
0.923
0.916
0.798
0.92
0.818
0.849
0.84
0.891
0.912
0.914
0.864
0.809
0.674
0.817
0.904
0.886
0.862
0.841
0.909
0.936
0.913
0.833
0.825
0.721
0.93
0.938
0.961
0.943
1.003
0.995
0.919
0.893
0.847
0.825
0.637
0.893
0.911
0.932
0.91
0.888
0.951
0.899
0.485
0.487
0.713
0.926
0.905
0.896
0.918
0.961
0.83
0.743
0.92
0.892
0.837
0.912
0.958
0.939
0.924
0.893
0.891
0.838
0.907
0.896
0.865
0.842
0.85
0.79
0.792
0.751
0.871
0.975
0.765
0.82
0.893
0.848
0.759
0.668
0.763
0.768
0.859
0.7
0.778
0.922
0.896
0.682
0.673
0.93
0.787
0.732
0.76
0.759
0.78
0.865
0.867
0.864
0.881
0.763
0.583
0.615
0.689
0.678
0.694
0.862
0.789
0.728
0.684
0.634
0.697
0.731
0.65
0.73
0.739
0.65
0.747
0.799
0.81
0.735
0.61
0.584
0.739
0.957
0.848
0.755
0.835
0.881
0.765
0.868
0.821
0.786
0.719
0.75
0.704
0.67
0.739
0.759
0.706
0.721
0.623
0.757
0.849
0.732
0.582
0.607
0.766
0.724
0.611
0.703
0.829
0.802
0.766
0.776
0.766
0.748
0.82
0.686
0.705
0.759
0.751
0.642
0.739
0.755
0.734
0.739
0.641
0.693
0.721
0.713
0.74
0.74
0.82
0.796
0.823
0.775
0.806
0.704
0.735
0.867
0.819
0.788
0.794
0.782
0.822
0.8
0.765
0.79
0.787
0.805
0.77
0.687
0.776
0.799
0.743
0.769
0.834
0.818
0.8
0.806
0.727
0.762
0.841
0.75
0.744
0.745
0.801
0.819
0.829
0.824
0.764
0.786
0.836
0.83
0.794
0.795
0.75
0.802
0.821
0.738
0.761
0.776
0.761
0.721
0.789
0.788
0.808
0.791
0.778
0.784
0.728
0.766
0.806
0.767
0.828
0.883
0.821
0.73
0.586
0.603
0.689
0.628
0.642
0.774
0.717
0.686
0.667
0.721
0.587
0.627
0.797
0.879
0.843
0.843
0.753
0.705
0.757
0.715
0.637
0.656
0.739
0.7
0.662
0.612
0.714
0.808
0.77
0.742
0.779
0.77
0.737
0.693
0.611
0.58
0.696
0.651
0.791
0.668
0.487
0.587
0.548
0.477
0.668
0.745
0.8
0.672
0.617
0.564
0.499
0.702
0.655
0.653
0.765
0.841
0.705
0.679
0.722
0.678
0.573
0.591
0.733
0.769
0.727
0.608
0.514
0.575
0.782
0.681
0.8
0.788
0.739
0.736
0.847
0.909
0.994
0.779
0.786
0.752
0.695
0.82
0.77
0.669
0.691
0.866
0.906
0.851
0.821
0.83
0.821
0.928
0.944
0.856
0.777
0.842
0.593
0.657
0.796
0.855
0.855
0.93
0.826
0.827
0.748
0.77
0.883
0.711
0.902
0.924
0.985
0.968
0.895
0.827
0.904
0.971
0.893
0.911
1.022
0.942
0.782
0.793
0.822
0.752
0.79
0.91
0.908
0.752
0.763
0.962
0.89
0.923
0.955
0.938
0.94
0.938
0.895
0.902
0.855
0.969
0.912
0.949
0.922
0.952
1
1.008
0.836
0.856
0.887
0.903
0.935
0.968
0.7
0.829
0.902
0.736
0.821
0.853
0.758
0.926
0.907
0.894
0.84
0.927
0.976
0.839
0.801
0.905
0.867
0.751
0.551
0.845
0.824
0.697
0.811
0.848
0.796
0.749
0.768
0.892
0.957
0.669
0.744
0.609
0.483
0.347
0.612
0.85
0.858
0.962
0.833
0.889
0.897
0.445
0.643
0.64
0.6
0.679
0.682
0.774
0.752
0.622
0.573
0.56
0.663
0.578
0.813
0.819
0.659
0.767
0.872
0.758
0.713
0.655
0.573
0.877
0.726
0.748
0.87
0.789
0.65
0.581
0.686
0.738
0.632
0.721
0.944
0.899
0.672
0.533
0.534
0.684
0.948
0.814
0.763
0.674
0.691
0.688
0.638
0.618
0.782
0.861
0.851
0.807
0.717
0.578
0.557
0.682
0.734
0.834
0.758
0.796
0.764
0.658
0.529
0.723
0.751
0.641
0.817
0.636
0.52
0.501
0.512
0.581
0.608
0.725
0.678
0.741
0.812
0.866
0.904
0.804
0.65
0.639
0.731
0.862
0.85
0.704
0.656
0.576
0.622
0.775
0.803
0.836
0.919
0.836
0.671
0.664
0.646
0.647
0.829
0.811
0.784
0.771
0.767
0.73
0.701
0.64
0.639
0.771
0.703
0.65
0.702
0.849
0.861
0.898
0.859
0.825
0.803
0.694
0.686
0.705
0.717
0.683
0.804
0.734
0.683
0.662
0.682
0.788
0.745
0.816
0.785
0.739
0.765
0.859
0.873
0.795
0.844
0.812
0.775
0.768
0.862
0.754
0.809
0.739
0.79
0.716
0.8
0.793
0.666
0.611
0.787
0.796
0.824
0.814
0.756
0.704
0.671
0.602
0.611
0.686
0.812
0.759
0.819
0.704
0.769
0.757
0.66
0.556
0.657
0.72
0.872
0.82
0.744
0.683
0.652
0.634
0.634
0.623
0.567
0.573
0.792
0.922
0.866
0.77
0.724
0.73
0.633
0.654
0.678
0.705
0.713
0.584
0.63
0.7
0.877
0.816
0.803
0.712
0.669
0.813
0.773
0.65
0.675
0.66
0.531
0.814
0.699
0.755
0.67
0.743
0.728
0.765
0.956
0.79
0.67
0.716
0.739
0.79
0.886
0.869
0.726
0.63
0.62
0.685
0.661
0.719
0.948
0.915
0.761
0.626
0.709
0.841
0.753
0.827
0.856
0.618
0.669
0.74
0.618
0.645
0.645
0.634
0.762
0.716
0.787
0.74
0.759
0.737
0.746
0.777
0.768
0.744
0.83
0.866
0.791
0.808
0.806
0.842
0.846
0.819
0.788
0.796
0.74
0.801
0.814
0.669
0.812
0.892
0.661
0.584
0.557
0.773
0.815
0.891
0.596
0.611
0.581
0.825
0.947
0.911
0.659
0.746
0.75
0.934
0.902
0.929
0.928
0.91
0.931
0.922
0.854
0.782
0.898
0.764
0.897
0.964
0.899
0.793
0.768
0.873
0.926
0.943
0.916
0.923
0.855
0.921
0.929
0.933
0.953
0.967
0.951
0.965
0.982
0.979
0.973
0.939
0.943
0.961
0.934
0.94
0.936
0.765
0.747
0.799
0.6
0.755
0.844
0.882
0.922
0.939
0.881
0.885
0.9
0.924
0.874
0.95
0.933
0.925
0.974
0.954
0.951
0.973
0.945
0.957
0.957
0.977
0.966
0.889
0.969
0.968
0.95
0.9
0.894
0.941
0.962
0.944
0.914
0.928
0.898
0.865
0.82
0.767
0.757
0.776
0.872
0.81
0.873
0.979
0.953
0.906
0.708
0.524
0.521
0.682
0.705
0.808
0.884
0.82
0.621
0.731
0.649
0.727
0.893
0.849
0.706
0.61
0.665
0.624
0.624
0.617
0.58
0.637
0.648
0.843
0.725
0.609
0.62
0.53
0.704
0.648
0.541
0.675
0.598
0.666
0.666
0.563
0.505
0.543
0.613
0.746
0.826
0.922
0.718
0.591
0.523
0.669
0.747
0.814
0.732
0.615
0.6
0.677
0.694
0.827
0.661
0.506
0.827
0.902
0.861
0.75
0.666
0.679
0.886
0.949
0.835
0.626
0.675
0.797
0.724
0.731
0.727
0.694
0.669
0.725
0.7
0.604
0.67
0.762
0.676
0.761
0.746
0.8
0.824
0.711
0.606
0.859
0.711
0.698
0.768
0.798
0.822
0.867
0.764
0.759
0.76
0.76
0.738
0.696
0.735
0.768
0.761
0.702
0.651
0.795
0.819
0.752
0.652
0.613
0.565
0.569
0.689
0.747
0.703
0.696
0.669
0.802
0.703
0.643
0.771
0.804
0.797
0.765
0.763
0.743
0.812
0.798
0.778
0.798
0.728
0.799
0.796
0.839
0.719
0.656
0.81
0.822
0.66
0.736
0.793
0.785
0.79
0.83
0.823
0.78
0.708
0.683
0.694
0.712
0.8
0.792
0.783
0.771
0.766
0.727
0.617
0.628
0.553
0.598
0.714
0.766
0.791
0.811
0.748
0.653
0.544
0.469
0.542
0.519
0.459
0.474
0.504
0.54
0.561
0.473
0.376
0.399
0.492
0.563
0.577
0.684
0.729
0.47
0.495
0.501
0.648
0.786
0.557
0.683
0.702
0.52
0.55
0.572
0.483
0.586
0.639
0.842
0.949
0.794
0.683
0.688
0.717
0.817
0.759
0.675
0.618
0.558
0.509
0.425
0.57
0.5
0.608
0.631
0.682
0.557
0.602
0.534
0.552
0.555
0.477
0.523
0.504
0.416
0.456
0.683
0.775
0.569
0.513
0.629
0.479
0.574
0.617
0.666
0.604
0.586
0.664
0.666
0.489
0.458
0.529
0.684
0.685
0.552
0.57
0.723
0.571
0.637
0.786
0.774
0.659
0.788
0.814
0.763
0.805
0.711
0.882
0.761
0.849
0.882
0.822
0.951
0.803
0.688
0.767
0.745
0.785
0.818
0.786
0.885
0.896
0.884
0.899
0.917
0.844
0.829
0.898
0.931
0.932
0.929
0.953
0.962
0.939
0.94
0.93
0.889
0.915
0.919
0.896
0.954
0.967
0.959
0.941
0.958
0.603
0.685
0.73
0.598
0.829
0.813
0.882
0.916
0.847
0.933
0.895
0.884
0.893
0.931
0.821
0.889
0.981
0.939
0.879
0.818
0.859
0.786
0.927
0.963
0.961
0.943
0.943
0.953
0.94
0.907
0.94
0.943
0.915
0.955
0.955
1.005
0.979
0.889
0.876
0.91
0.951
0.898
0.928
0.894
0.893
0.873
0.868
0.783
0.676
0.621
0.928
0.898
0.946
0.924
0.922
0.93
0.903
0.899
0.788
0.812
0.754
0.815
0.895
0.831
0.835
0.781
0.935
0.95
0.814
0.812
0.809
0.788
0.896
0.86
0.784
0.766
0.758
0.703
0.796
0.867
0.917
0.783
0.596
0.533
0.555
0.599
0.561
0.657
0.789
0.658
0.752
0.74
0.909
0.742
0.656
0.79
0.911
0.859
0.826
0.796
0.767
0.632
0.558
0.762
0.795
0.703
0.803
0.929
0.928
0.769
0.842
0.834
0.84
0.93
0.798
0.784
0.78
0.757
0.64
0.763
0.801
0.888
0.777
0.617
0.696
0.677
0.774
0.7
0.73
0.807
0.795
0.77
0.785
0.919
0.918
0.943
0.883
0.826
0.851
0.722
0.687
0.748
0.755
0.815
0.79
0.917
0.826
0.843
0.732
0.711
0.685
0.668
0.672
0.691
0.734
0.657
0.701
0.696
0.746
0.786
0.789
0.8
0.729
0.688
0.743
0.752
0.755
0.77
0.754
0.826
0.807
0.774
0.817
0.873
0.797
0.702
0.733
0.778
0.762
0.652
0.646
0.742
0.781
0.705
0.677
0.647
0.69
0.72
0.65
0.693
0.776
0.796
0.778
0.749
0.748
0.787
0.813
0.818
0.84
0.791
0.775
0.778
0.778
0.797
0.791
0.758
0.771
0.782
0.798
0.726
0.667
0.724
0.825
0.832
0.84
0.828
0.796
0.832
0.842
0.824
0.799
0.722
0.634
0.728
0.818
0.823
0.737
0.651
0.705
0.695
0.66
0.769
0.707
0.592
0.726
0.775
0.779
0.764
0.786
0.685
0.582
0.677
0.665
0.584
0.53
0.705
0.793
0.825
0.93
0.918
0.863
0.816
0.759
0.736
0.697
0.799
0.75
0.625
0.766
0.76
0.815
0.839
0.849
0.753
0.904
0.821
0.853
0.858
0.788
0.79
0.858
0.891
0.865
0.74
0.747
0.729
0.678
0.726
0.724
0.704
0.626
0.622
0.632
0.785
0.848
0.758
0.631
0.71
0.643
0.703
0.961
0.976
0.828
0.712
0.65
0.718
0.648
0.75
0.897
0.75
0.657
0.676
0.72
0.721
0.595
0.664
0.804
0.679
0.622
0.824
0.788
0.81
0.725
0.682
0.634
0.702
0.875
0.86
0.808
0.595
0.502
0.612
0.815
0.822
0.922
0.856
0.836
0.796
0.793
0.899
0.922
0.968
0.863
0.889
0.9
0.848
0.865
0.986
0.919
0.866
0.84
0.895
0.801
0.761
0.766
0.838
0.95
0.95
0.759
0.876
0.896
0.886
0.936
0.952
0.926
0.859
0.819
0.832
0.855
0.917
0.842
0.882
0.95
0.916
0.933
0.659
0.55
0.634
0.911
0.879
0.88
0.843
0.772
0.848
0.87
0.978
0.787
0.726
0.617
0.827
0.963
0.639
0.738
0.639
0.909
0.943
0.932
0.828
0.85
0.943
0.933
0.876
0.822
0.861
0.825
0.888
0.842
0.794
0.905
0.905
0.856
0.892
0.832
0.802
0.82
0.789
0.814
0.91
0.934
0.922
0.924
0.878
0.826
0.734
0.824
0.878
0.88
0.84
0.927
0.774
0.71
0.735
0.751
0.897
0.832
0.902
0.849
0.802
0.819
0.654
0.715
0.865
0.686
0.655
0.678
0.824
0.816
0.728
0.818
0.829
0.778
0.777
0.774
0.752
0.702
0.701
0.724
0.81
0.87
0.827
0.648
0.728
0.741
0.856
0.88
0.858
0.798
0.782
0.772
0.758
0.705
0.577
0.543
0.561
0.699
0.723
0.657
0.578
0.757
0.805
0.746
0.672
0.642
0.64
0.689
0.834
0.778
0.627
0.585
0.6
0.854
0.637
0.662
0.669
0.733
0.803
0.835
0.736
0.758
0.853
0.773
0.814
0.806
0.684
0.697
0.526
0.507
0.652
0.716
0.571
0.597
0.606
0.617
0.607
0.558
0.591
0.764
0.703
0.686
0.677
0.71
0.711
0.647
0.675
0.606
0.735
0.9
0.682
0.638
0.672
0.742
0.661
0.537
0.516
0.513
0.527
0.721
0.727
0.66
0.623
0.644
0.651
0.734
0.722
0.664
0.64
0.656
0.724
0.619
0.526
0.634
0.611
0.505
0.581
0.662
0.654
0.644
0.652
0.63
0.645
0.63
0.613
0.588
0.72
0.691
0.574
0.626
0.607
0.614
0.673
0.681
0.552
0.477
0.56
0.69
0.807
0.697
0.532
0.555
0.613
0.559
0.513
0.613
0.712
0.577
0.444
0.442
0.578
0.389
0.348
0.536
0.744
0.632
0.505
0.565
0.672
0.822
0.875
0.728
0.632
0.773
0.681
0.624
0.715
0.616
0.52
0.546
0.517
0.444
0.391
0.375
0.419
0.427
0.681
0.72
0.669
0.569
0.492
0.637
0.799
0.766
0.824
0.774
0.67
0.638
0.782
0.719
0.603
0.564
0.6
0.626
0.745
0.592
0.505
0.543
0.829
0.594
0.544
0.562
0.798
0.726
0.622
0.673
0.853
0.857
0.824
0.674
0.674
0.723
0.924
0.84
0.693
0.86
0.788
0.749
0.645
0.68
0.709
0.605
0.655
0.72
0.815
0.8
0.713
0.636
0.667
0.674
0.825
0.719
0.697
0.751
0.744
0.683
0.808
0.813
0.778
0.722
0.824
0.891
0.771
0.721
0.723
0.71
0.665
0.695
0.754
0.776
0.705
0.69
0.584
0.757
0.663
0.625
0.78
0.722
0.723
0.735
0.678
0.667
0.686
0.71
0.751
0.675
0.612
0.755
0.656
0.633
0.68
0.706
0.816
0.858
0.905
0.909
0.798
0.77
0.888
0.953
0.939
0.911
0.728
0.711
0.692
0.719
0.754
0.865
0.887
0.836
0.783
0.845
0.85
0.753
0.819
0.928
0.933
0.94
0.93
0.952
0.973
0.932
0.926
0.933
0.911
0.945
0.914
0.971
0.951
0.934
0.924
0.898
0.868
0.891
0.94
0.956
0.8
0.658
0.635
0.722
0.557
0.671
0.707
0.438
0.377
0.744
0.656
0.667
0.771
0.833
0.95
0.945
0.863
0.84
0.491
0.711
0.844
0.88
0.961
0.93
0.923
0.939
0.901
0.844
0.866
0.764
0.755
0.81
0.798
0.47
0.604
0.544
0.797
0.479
0.608
0.921
0.936
0.822
0.782
0.944
0.97
0.934
0.885
0.828
0.74
0.766
0.71
0.912
0.894
0.833
0.775
0.774
0.856
0.851
0.72
0.629
0.661
0.925
0.714
0.878
0.813
0.664
0.577
0.705
0.7
0.78
0.873
0.842
0.781
0.711
0.651
0.544
0.688
0.7
0.555
0.583
0.431
0.598
0.591
0.635
0.731
0.751
0.825
0.956
0.913
0.852
0.777
0.828
0.864
0.826
0.825
0.84
0.684
0.645
0.647
0.601
0.908
0.742
0.57
0.52
0.812
0.847
0.76
0.697
0.669
0.651
0.587
0.65
0.668
0.756
0.75
0.598
0.687
0.796
0.695
0.633
0.592
0.679
0.589
0.615
0.749
0.77
0.728
0.707
0.712
0.767
0.746
0.672
0.592
0.755
0.808
0.734
0.688
0.706
0.763
0.751
0.769
0.669
0.693
0.827
0.834
0.727
0.667
0.846
0.768
0.718
0.778
0.737
0.675
0.747
0.731
0.701
0.744
0.662
0.614
0.671
0.715
0.699
0.734
0.759
0.766
0.762
0.762
0.815
0.879
0.895
0.826
0.762
0.836
0.823
0.827
0.791
0.821
0.825
0.822
0.818
0.83
0.826
0.797
0.777
0.754
0.764
0.792
0.834
0.809
0.81
0.812
0.837
0.801
0.695
0.836
0.819
0.787
0.699
0.773
0.799
0.778
0.806
0.735
0.659
0.744
0.854
0.811
0.792
0.66
0.769
0.701
0.72
0.697
0.601
0.562
0.634
0.672
0.636
0.555
0.611
0.677
0.659
0.563
0.53
0.492
0.548
0.632
0.663
0.576
0.541
0.592
0.579
0.618
0.459
0.459
0.452
0.409
0.569
0.639
0.493
0.483
0.55
0.622
0.513
0.426
0.671
0.569
0.596
0.625
0.659
0.763
0.685
0.74
0.714
0.695
0.682
0.679
0.665
0.742
0.796
0.682
0.632
0.66
0.794
0.799
0.796
0.788
0.621
0.623
0.599
0.668
0.751
0.708
0.697
0.719
0.702
0.766
0.679
0.781
0.622
0.593
0.629
0.637
0.608
0.649
0.582
0.661
0.622
0.705
0.746
0.905
0.809
0.822
0.733
0.584
0.676
0.739
0.799
0.592
0.571
0.666
0.665
0.635
0.694
0.509
0.525
0.808
0.871
0.713
0.585
0.628
0.674
0.928
0.752
0.46
0.589
0.729
0.697
0.703
0.754
0.772
0.818
0.85
0.872
0.887
0.856
0.792
0.806
0.864
0.936
0.86
0.906
0.851
0.935
0.977
0.965
0.935
0.975
0.945
0.955
0.963
0.992
0.924
0.853
0.569
0.793
0.904
0.845
0.802
0.847
0.74
0.757
0.915
0.944
0.793
0.875
0.925
1.046
0.736
0.926
0.965
0.968
0.942
0.933
0.886
0.921
0.799
0.709
0.947
0.875
0.946
0.961
0.88
0.833
0.858
0.77
0.844
0.761
0.905
0.755
0.723
0.839
0.791
0.923
0.954
0.866
0.905
0.934
0.911
0.87
0.895
0.935
0.794
0.806
0.823
0.936
0.924
0.86
0.911
0.906
0.914
0.87
0.89
0.845
0.783
0.819
0.802
0.821
0.72
0.675
0.681
0.66
0.902
0.849
0.882
0.862
0.862
0.84
0.859
0.872
0.813
0.857
0.956
0.86
0.842
0.851
0.749
0.666
0.773
0.907
0.85
0.777
0.765
0.662
0.408
0.575
0.447
0.522
0.81
0.88
0.751
0.554
0.626
0.673
0.849
0.941
0.747
0.575
0.775
0.831
0.728
0.632
0.717
0.566
0.693
0.71
0.874
0.545
0.593
0.632
0.689
0.576
0.476
0.666
0.67
0.507
0.74
0.642
0.687
0.745
0.786
0.828
0.774
0.807
0.729
0.616
0.63
0.687
0.68
0.674
0.675
0.707
0.572
0.679
0.707
0.77
0.841
0.762
0.676
0.54
0.481
0.596
0.699
0.66
0.661
0.619
0.508
0.546
0.67
0.757
0.774
0.69
0.613
0.607
0.702
0.715
0.757
0.757
0.598
0.538
0.72
0.749
0.743
0.8
0.776
0.697
0.651
0.631
0.667
0.623
0.698
0.774
0.779
0.789
0.702
0.707
0.744
0.758
0.721
0.707
0.697
0.756
0.765
0.735
0.706
0.786
0.676
0.545
0.641
0.743
0.762
0.691
0.708
0.692
0.594
0.747
0.683
0.688
0.683
0.598
0.485
0.782
0.764
0.692
0.621
0.597
0.607
0.491
0.436
0.697
0.735
0.652
0.686
0.497
0.401
0.557
0.522
0.486
0.556
0.649
0.504
0.415
0.473
0.531
0.789
0.822
0.714
0.615
0.528
0.532
0.75
0.704
0.615
0.602
0.576
0.683
0.649
0.622
0.576
0.507
0.537
0.588
0.484
0.47
0.695
0.659
0.637
0.492
0.436
0.504
0.67
0.49
0.474
0.505
0.596
0.758
0.689
0.697
0.542
0.555
0.722
0.487
0.521
0.549
0.496
0.614
0.615
0.513
0.504
0.462
0.527
0.562
0.543
0.454
0.604
0.57
0.516
0.651
0.76
0.577
0.605
0.797
0.685
0.611
0.671
0.634
0.604
0.74
0.788
0.903
0.848
0.727
0.758
0.643
0.705
0.844
0.738
0.732
0.609
0.605
0.56
0.527
0.621
0.587
0.657
0.687
0.753
0.625
0.438
0.633
0.722
0.789
0.806
0.707
0.683
0.561
0.661
0.763
0.666
0.601
0.556
0.662
0.917
0.762
0.867
0.807
0.799
0.948
0.889
0.931
0.688
0.687
0.77
0.698
0.615
0.891
0.861
0.619
0.808
0.686
0.84
0.9
0.834
0.616
0.889
0.829
0.703
0.832
0.877
0.921
0.856
0.931
0.813
0.732
0.819
0.76
0.733
0.729
0.918
0.987
0.837
0.837
0.896
0.893
0.679
0.583
0.468
0.433
0.559
0.877
0.969
0.674
0.796
0.796
0.828
0.821
0.8
0.907
0.956
0.93
0.913
0.967
0.957
0.968
0.953
0.926
0.953
0.971
0.935
0.929
0.923
0.963
0.906
0.915
0.931
0.909
0.855
0.864
0.942
0.942
0.954
0.955
0.823
0.937
0.946
0.925
0.962
0.933
1.001
0.893
0.829
0.875
0.707
0.874
0.923
0.868
0.798
0.75
0.933
0.93
0.795
0.906
0.871
0.886
0.785
0.746
0.95
0.903
0.942
0.946
0.769
0.865
0.988
0.986
0.938
0.905
0.884
0.745
0.865
0.876
0.783
0.769
0.784
0.55
0.551
0.703
0.697
0.621
0.55
0.685
0.828
0.884
0.703
0.486
0.501
0.692
0.71
0.668
0.74
0.903
0.704
0.622
0.722
0.942
0.912
0.87
0.798
0.703
0.581
0.677
0.611
0.494
0.755
0.728
0.518
0.704
0.878
0.602
0.719
0.662
0.602
0.694
0.7
0.768
0.722
0.619
0.762
0.712
0.566
0.524
0.632
0.76
0.797
0.669
0.616
0.623
0.646
0.671
0.762
0.704
0.639
0.713
0.792
0.768
0.717
0.733
0.738
0.638
0.588
0.509
0.515
0.669
0.72
0.714
0.725
0.753
0.737
0.927
0.828
0.795
0.762
0.726
0.681
0.776
0.743
0.745
0.722
0.66
0.704
0.696
0.785
0.755
0.78
0.811
0.852
0.83
0.805
0.795
0.79
0.727
0.763
0.713
0.745
0.774
0.913
0.854
0.784
0.781
0.815
0.815
0.785
0.744
0.662
0.749
0.817
0.898
0.929
0.841
0.768
0.822
0.857
0.846
0.852
0.768
0.848
0.838
0.831
0.813
0.823
0.762
0.669
0.707
0.752
0.801
0.728
0.761
0.794
0.791
0.751
0.765
0.807
0.829
0.801
0.798
0.796
0.811
0.835
0.824
0.84
0.841
0.829
0.808
0.835
0.826
0.782
0.823
0.817
0.824
0.832
0.739
0.653
0.77
0.826
0.827
0.861
0.801
0.734
0.751
0.82
0.793
0.797
0.814
0.785
0.796
0.788
0.742
0.716
0.733
0.776
0.696
0.72
0.796
0.756
0.704
0.668
0.617
0.637
0.757
0.836
0.733
0.704
0.714
0.689
0.723
0.683
0.678
0.701
0.806
0.839
0.781
0.721
0.745
0.827
0.828
0.769
0.771
0.697
0.644
0.749
0.69
0.59
0.623
0.733
0.693
0.574
0.643
0.602
0.619
0.475
0.458
0.499
0.631
0.69
0.711
0.717
0.599
0.674
0.942
0.747
0.779
0.712
0.755
0.624
0.595
0.716
0.768
0.749
0.665
0.609
0.575
0.814
0.766
0.816
0.611
0.619
0.626
0.638
0.617
0.608
0.808
0.505
0.547
0.778
0.718
0.858
0.723
0.681
0.87
0.927
0.817
0.856
0.909
0.852
0.762
0.778
0.762
0.713
0.782
0.828
0.892
0.841
0.776
0.843
0.852
0.782
0.849
0.815
0.823
0.669
0.519
0.579
0.807
0.911
0.963
0.804
0.671
0.857
0.979
0.911
0.886
0.9
0.849
0.738
0.707
0.817
0.605
0.53
0.492
0.51
0.797
0.951
0.981
0.829
0.869
0.854
0.974
0.957
0.925
0.707
0.526
0.514
0.78
0.883
0.868
0.733
0.814
0.778
0.891
0.746
0.759
0.802
0.733
0.932
0.892
0.766
0.882
0.802
0.626
0.651
0.687
0.842
0.872
0.698
0.59
0.668
0.56
0.605
0.899
0.909
0.837
0.759
0.752
0.68
0.81
0.766
0.713
0.948
0.922
0.801
0.793
0.797
0.76
0.844
0.704
0.628
0.876
0.891
0.851
0.783
0.774
0.795
0.966
0.856
0.726
0.826
0.869
0.822
0.734
0.58
0.638
0.759
0.632
0.669
0.656
0.744
0.849
0.83
0.748
0.768
0.877
0.72
0.624
0.871
0.82
0.738
0.588
0.814
0.568
0.643
0.867
0.751
0.776
0.724
0.923
0.692
0.651
0.699
0.681
0.608
0.567
0.528
0.571
0.614
0.715
0.779
0.755
0.643
0.66
0.764
0.797
0.839
0.882
0.876
0.872
0.914
0.802
0.709
0.795
0.7
0.663
0.667
0.712
0.908
0.857
0.797
0.766
0.832
0.721
0.625
0.749
0.713
0.59
0.587
0.791
0.656
0.617
0.532
0.595
0.734
0.719
0.665
0.704
0.665
0.585
0.637
0.657
0.616
0.691
0.803
0.68
0.709
0.658
0.585
0.63
0.691
0.665
0.632
0.616
0.754
0.771
0.712
0.594
0.568
0.715
0.684
0.654
0.834
0.715
0.592
0.668
0.69
0.74
0.69
0.575
0.679
0.688
0.614
0.815
0.794
0.767
0.768
0.737
0.756
0.724
0.658
0.714
0.759
0.754
0.739
0.777
0.702
0.733
0.694
0.611
0.66
0.761
0.729
0.717
0.712
0.649
0.592
0.6
0.646
0.737
0.691
0.64
0.617
0.563
0.568
0.571
0.542
0.456
0.456
0.544
0.583
0.734
0.723
0.777
0.864
0.861
0.875
0.84
0.788
0.765
0.77
0.805
0.731
0.618
0.679
0.799
0.711
0.698
0.752
0.705
0.599
0.655
0.743
0.703
0.629
0.564
0.547
0.627
0.608
0.646
0.674
0.757
0.733
0.561
0.574
0.81
0.724
0.676
0.813
0.79
0.705
0.601
0.569
0.593
0.656
0.717
0.647
0.704
0.561
0.777
0.873
0.912
0.83
0.742
0.731
0.671
0.644
0.667
0.621
0.666
0.67
0.663
0.61
0.6
0.723
0.585
0.651
0.78
0.731
0.722
0.693
0.859
0.855
0.713
0.708
0.75
0.682
0.755
0.832
0.779
0.763
0.881
0.739
0.723
0.662
0.738
0.711
0.672
0.706
0.629
0.754
0.799
0.685
0.716
0.695
0.671
0.698
0.698
0.78
0.703
0.666
0.791
0.66
0.708
0.694
0.626
0.842
0.838
0.777
0.75
0.765
0.879
0.845
0.722
0.754
0.769
0.733
0.814
0.891
0.795
0.602
0.719
0.603
0.89
0.934
0.888
0.9
0.849
0.885
0.963
0.942
0.911
0.95
0.918
0.861
0.88
0.892
0.94
1.021
0.896
0.766
0.872
0.758
0.648
0.844
0.924
0.99
0.856
0.698
0.649
0.541
0.694
0.838
0.89
0.9
0.982
0.697
0.614
0.68
0.747
0.967
0.926
0.874
0.947
0.876
0.878
0.989
0.927
0.881
0.841
0.804
0.724
0.756
0.644
0.869
0.846
0.63
0.548
0.504
0.516
0.808
0.946
0.9
0.715
0.657
0.82
0.887
0.661
0.647
0.763
0.648
0.652
0.748
0.78
0.709
0.77
0.835
0.84
0.784
0.817
0.496
0.615
0.818
0.853
0.703
0.535
0.436
0.54
0.779
0.868
0.552
0.576
0.551
0.365
0.424
0.506
0.82
0.586
0.549
0.577
0.919
0.822
0.804
0.766
0.546
0.463
0.783
0.819
0.915
0.848
0.86
0.764
0.831
0.922
0.794
0.627
0.772
0.894
0.815
0.948
0.741
0.632
0.559
0.658
0.715
0.729
0.676
0.662
0.64
0.694
0.618
0.53
0.682
0.741
0.774
0.733
0.608
0.583
0.766
0.729
0.691
0.742
0.911
0.837
0.796
0.81
0.733
0.859
0.986
0.786
0.713
0.646
0.6
0.704
0.852
0.801
0.703
0.716
0.669
0.672
0.716
0.671
0.792
0.88
0.822
0.738
0.634
0.801
0.824
0.764
0.843
0.811
0.718
0.658
0.651
0.666
0.594
0.574
0.579
0.744
0.755
0.762
0.646
0.608
0.646
0.694
0.728
0.724
0.692
0.713
0.651
0.625
0.729
0.726
0.704
0.686
0.676
0.895
0.764
0.697
0.675
0.7
0.638
0.772
0.819
0.822
0.727
0.747
0.722
0.755
0.781
0.804
0.793
0.681
0.799
0.858
0.828
0.843
0.827
0.846
0.801
0.786
0.799
0.784
0.786
0.802
0.787
0.828
0.828
0.809
0.765
0.76
0.825
0.796
0.735
0.697
0.709
0.731
0.812
0.815
0.821
0.807
0.794
0.751
0.735
0.741
0.811
0.848
0.8
0.764
0.788
0.814
0.861
0.846
0.816
0.748
0.776
0.821
0.797
0.736
0.658
0.635
0.742
0.86
0.814
0.785
0.811
0.755
0.851
0.766
0.721
0.813
0.784
0.809
0.768
0.72
0.69
0.719
0.702
0.878
0.898
0.77
0.732
0.685
0.715
0.795
0.751
0.704
0.684
0.618
0.603
0.589
0.566
0.616
0.691
0.608
0.66
0.531
0.489
0.557
0.668
0.799
0.88
0.721
0.728
0.854
0.762
0.844
0.863
0.743
0.649
0.807
0.697
0.552
0.595
0.632
0.547
0.594
0.591
0.726
0.839
0.76
0.667
0.696
0.817
0.808
0.758
0.64
0.651
0.88
0.849
0.805
0.898
0.895
0.769
0.753
0.687
0.554
0.499
0.623
0.831
0.758
0.857
0.876
0.777
0.956
0.878
0.651
0.693
0.715
0.665
0.71
0.754
0.73
0.77
0.689
0.695
0.823
0.805
0.77
0.799
0.726
0.764
0.548
0.61
0.53
0.607
0.722
0.726
0.772
0.603
0.885
0.914
0.9
0.87
0.934
0.874
0.803
0.727
0.885
0.898
0.872
0.868
0.784
0.804
0.736
0.849
0.877
0.848
0.857
0.868
0.889
0.836
0.731
0.774
0.839
0.938
0.997
0.985
0.99
1.03
0.74
0.704
0.896
0.89
0.872
0.902
0.932
0.917
0.945
0.978
0.944
0.879
0.814
0.76
0.869
0.857
0.912
0.523
0.597
0.765
0.401
0.453
0.742
0.874
0.885
0.904
0.85
0.936
0.945
0.958
0.842
0.922
0.933
0.97
0.937
0.718
0.822
0.956
0.925
0.964
0.883
0.977
0.962
0.82
0.672
0.598
0.819
0.967
0.796
0.739
0.7
0.688
0.736
0.795
0.564
0.607
0.605
0.652
0.667
0.696
0.609
0.691
0.583
0.601
0.607
0.57
0.663
0.723
0.61
0.639
0.675
0.583
0.634
0.86
0.908
0.959
0.846
0.755
0.785
0.662
0.931
0.918
0.606
0.693
0.531
0.565
0.625
0.73
0.689
0.78
0.754
0.879
0.98
0.886
0.766
0.789
0.781
0.67
0.558
0.582
0.723
0.872
0.878
0.737
0.612
0.792
0.619
0.565
0.642
0.717
0.807
0.77
0.668
0.687
0.724
0.596
0.639
0.746
0.814
0.882
0.892
0.837
0.782
0.795
0.749
0.801
0.811
0.805
0.795
0.831
0.792
0.659
0.553
0.666
0.705
0.595
0.642
0.769
0.828
0.767
0.862
0.823
0.71
0.689
0.722
0.677
0.682
0.764
0.839
0.88
0.797
0.779
0.654
0.572
0.683
0.687
0.708
0.808
0.834
0.826
0.865
0.902
0.79
0.8
0.785
0.803
0.795
0.697
0.756
0.744
0.764
0.702
0.726
0.704
0.775
0.695
0.721
0.733
0.748
0.752
0.678
0.692
0.688
0.705
0.764
0.77
0.75
0.672
0.794
0.835
0.841
0.885
0.802
0.769
0.755
0.781
0.781
0.705
0.698
0.807
0.835
0.777
0.762
0.761
0.745
0.778
0.81
0.814
0.814
0.809
0.73
0.733
0.717
0.773
0.82
0.84
0.861
0.828
0.794
0.794
0.848
0.815
0.757
0.713
0.821
0.861
0.806
0.795
0.804
0.835
0.796
0.758
0.767
0.745
0.728
0.675
0.787
0.804
0.894
0.945
0.935
0.84
0.764
0.826
0.791
0.798
0.779
0.773
0.756
0.744
0.75
0.717
0.747
0.67
0.875
0.848
0.796
0.609
0.687
0.69
0.663
0.7
0.752
0.764
0.798
0.908
0.846
0.827
0.771
0.703
0.753
0.849
0.753
0.762
0.649
0.816
0.63
0.669
0.596
0.628
0.689
0.636
0.64
0.71
0.655
0.608
0.698
0.942
0.93
0.812
0.66
0.818
0.957
0.892
0.763
0.696
0.795
0.813
0.699
0.68
0.827
0.678
0.638
0.694
0.787
0.628
0.842
0.929
0.928
0.889
0.943
0.87
0.752
0.631
0.707
0.88
0.886
0.926
0.767
0.744
0.821
0.905
0.956
0.858
0.824
0.729
0.741
0.745
0.67
0.597
0.682
0.859
0.845
0.848
0.872
0.872
0.89
0.877
0.865
0.841
0.794
0.932
0.984
0.857
0.824
0.75
0.759
0.779
0.839
0.902
0.815
0.743
0.92
0.942
0.887
0.78
0.787
0.815
0.879
0.832
0.91
0.721
0.504
0.692
0.704
0.933
0.94
0.961
0.939
0.933
0.944
0.927
0.889
0.772
0.898
0.943
0.931
0.744
0.808
0.862
0.949
0.872
0.746
0.789
0.88
1.025
0.915
0.941
0.934
0.981
1.028
0.84
0.457
0.554
0.909
0.966
0.729
0.753
0.855
0.668
0.763
0.865
0.699
0.913
0.858
0.724
0.83
0.923
0.555
0.447
0.624
0.606
0.605
0.744
0.725
0.652
0.519
0.529
0.617
0.497
0.699
0.885
0.744
0.645
0.662
0.89
0.871
0.79
0.671
0.693
0.6
0.586
0.837
0.817
0.659
0.643
0.796
0.576
0.507
0.705
0.903
0.968
0.764
0.605
0.604
0.651
0.624
0.805
0.815
0.763
0.745
0.636
0.69
0.737
0.775
0.671
0.853
0.788
0.725
0.783
0.785
0.962
0.945
0.78
0.638
0.737
0.749
0.775
0.879
0.75
0.81
0.834
0.926
0.871
0.803
0.85
0.913
0.766
0.649
0.778
0.83
0.828
0.842
0.791
0.923
0.92
0.722
0.647
0.69
0.798
0.814
0.756
0.821
0.806
0.818
0.76
0.79
0.784
0.786
0.797
0.818
0.826
0.786
0.708
0.703
0.794
0.683
0.667
0.787
0.835
0.795
0.797
0.822
0.868
0.698
0.591
0.826
0.744
0.834
0.905
0.884
0.898
0.808
0.853
0.805
0.729
0.734
0.772
0.761
0.745
0.68
0.712
0.754
0.787
0.733
0.773
0.79
0.775
0.756
0.792
0.847
0.786
0.798
0.801
0.793
0.829
0.77
0.774
0.757
0.831
0.892
0.846
0.84
0.818
0.833
0.884
0.766
0.774
0.706
0.708
0.76
0.783
0.808
0.827
0.818
0.846
0.813
0.761
0.77
0.76
0.811
0.816
0.791
0.781
0.766
0.71
0.806
0.863
0.827
0.845
0.808
0.82
0.843
0.838
0.799
0.831
0.846
0.803
0.811
0.777
0.897
0.909
0.789
0.785
0.791
0.748
0.872
0.859
0.794
0.823
0.812
0.814
0.827
0.823
0.792
0.774
0.76
0.821
0.833
0.797
0.71
0.794
0.838
0.758
0.743
0.786
0.734
0.667
0.746
0.737
0.643
0.662
0.568
0.75
0.866
0.815
0.744
0.785
0.84
0.804
0.75
0.72
0.618
0.557
0.665
0.732
0.805
0.768
0.547
0.655
0.583
0.798
0.783
0.717
0.644
0.645
0.725
0.721
0.558
0.602
0.727
0.867
0.82
0.712
0.774
0.929
0.949
0.75
0.729
0.656
0.649
0.73
0.634
0.719
0.541
0.484
0.7
0.869
0.818
0.823
0.891
0.936
0.905
0.868
0.835
0.887
0.84
0.868
0.836
0.76
0.822
0.847
0.842
0.842
0.768
0.837
0.77
0.792
0.856
0.823
0.816
0.767
0.774
0.694
0.722
0.961
0.839
0.48
0.565
0.734
0.879
0.767
0.782
0.877
0.855
0.833
0.932
0.899
0.893
0.85
0.882
0.862
0.938
0.91
0.871
0.962
0.945
0.85
0.906
0.879
0.949
0.95
0.807
0.784
0.626
0.712
0.55
0.93
0.963
0.941
0.879
0.898
0.86
0.869
0.527
0.894
0.882
0.887
0.928
0.924
0.841
0.917
0.972
0.932
0.95
0.913
0.825
0.819
0.789
0.867
0.846
0.872
0.911
0.689
0.945
0.888
0.888
0.861
0.895
0.913
0.786
0.89
0.714
0.732
0.846
0.867
0.893
0.795
0.631
0.505
0.516
0.632
0.872
0.974
0.917
0.686
0.558
0.742
0.829
0.865
0.924
0.806
0.71
0.848
0.738
0.664
0.718
0.844
0.835
0.789
0.817
0.687
0.717
0.721
0.785
0.798
0.931
0.897
0.666
0.663
0.862
0.765
0.777
0.76
0.89
0.935
0.865
0.775
0.889
0.878
0.728
0.603
0.701
0.852
0.713
0.829
0.788
0.689
0.678
0.679
0.744
0.882
0.577
0.659
0.601
0.715
0.765
0.734
0.706
0.723
0.647
0.829
0.886
0.779
0.839
0.633
0.752
0.826
0.884
0.805
0.679
0.702
0.709
0.741
0.669
0.625
0.706
0.602
0.659
0.825
0.676
0.528
0.789
0.803
0.769
0.804
0.829
0.934
0.795
0.856
0.926
0.8
0.766
0.719
0.681
0.747
0.833
0.793
0.751
0.686
0.571
0.702
0.757
0.702
0.676
0.664
0.682
0.614
0.668
0.748
0.69
0.641
0.744
0.674
0.761
0.69
0.634
0.598
0.652
0.593
0.634
0.698
0.767
0.73
0.665
0.698
0.795
0.786
0.717
0.681
0.726
0.656
0.577
0.675
0.593
0.606
0.64
0.691
0.651
0.697
0.776
0.764
0.765
0.706
0.679
0.774
0.748
0.641
0.763
0.759
0.741
0.799
0.792
0.756
0.732
0.705
0.8
0.776
0.664
0.734
0.762
0.886
0.912
0.79
0.787
0.727
0.615
0.65
0.629
0.729
0.73
0.745
0.659
0.656
0.718
0.734
0.749
0.634
0.612
0.581
0.492
0.472
0.465
0.546
0.583
0.554
0.509
0.56
0.675
0.819
0.727
0.686
0.731
0.765
0.598
0.633
0.534
0.6
0.77
0.806
0.808
0.855
0.831
0.81
0.796
0.741
0.655
0.599
0.665
0.67
0.636
0.557
0.552
0.538
0.59
0.612
0.609
0.634
0.685
0.795
0.748
0.631
0.672
0.697
0.534
0.716
0.745
0.596
0.558
0.56
0.476
0.639
0.744
0.795
0.647
0.477
0.688
0.611
0.402
0.454
0.864
0.883
0.85
0.846
0.805
0.81
0.774
0.803
0.744
0.769
0.827
0.789
0.614
0.734
0.564
0.59
0.676
0.677
0.705
0.669
0.605
0.66
0.73
0.782
0.767
0.738
0.685
0.76
0.586
0.658
0.612
0.504
0.576
0.698
0.85
0.814
0.686
0.878
0.912
0.859
0.803
0.67
0.792
0.775
0.812
0.619
0.796
0.826
0.72
0.75
0.692
0.796
0.807
0.813
0.92
0.834
0.743
0.538
0.803
0.951
0.925
0.875
0.917
0.92
0.847
0.755
0.759
0.637
0.677
0.885
0.873
0.671
0.876
0.862
