1980 1 1
0.921
0.947
0.912
0.88
0.916
0.903
0.865
0.855
0.879
0.945
0.939
0.712
0.844
0.857
0.912
0.947
0.919
0.887
0.858
0.806
0.746
0.856
0.838
0.821
0.95
0.885
0.858
0.864
0.839
0.747
0.79
0.796
0.728
0.72
0.785
0.726
0.876
0.874
0.802
0.876
0.86
0.923
0.851
0.825
0.868
0.875
0.893
0.716
0.804
0.863
0.888
0.981
0.983
0.945
0.838
0.865
0.799
0.86
0.834
0.767
0.734
0.711
0.824
0.826
0.944
0.777
0.841
0.965
0.911
0.862
0.586
0.515
0.894
0.857
0.822
0.84
0.939
0.804
0.665
0.834
0.938
0.715
0.739
0.929
0.837
0.757
0.743
0.82
0.948
0.899
0.928
0.891
0.881
0.865
0.949
0.744
0.656
0.703
0.804
0.822
0.873
0.791
0.867
0.698
0.909
0.84
0.74
0.623
0.647
0.655
0.641
0.598
0.537
0.683
0.71
0.797
0.687
0.715
0.86
0.772
0.723
0.696
0.653
0.583
0.516
0.559
0.582
0.617
0.669
0.699
0.641
0.737
0.854
0.805
0.805
0.691
0.665
0.943
0.854
0.76
0.718
0.672
0.595
0.594
0.743
0.695
0.66
0.563
0.519
0.61
0.747
0.753
0.871
0.825
0.794
0.743
0.672
0.758
0.74
0.817
0.719
0.668
0.621
0.597
0.619
0.743
0.779
0.78
0.689
0.669
0.71
0.747
0.704
0.64
0.641
0.717
0.704
0.701
0.736
0.767
0.738
0.74
0.713
0.735
0.745
0.831
0.863
0.789
0.707
0.812
0.775
0.788
0.749
0.78
0.78
0.704
0.786
0.79
0.784
0.767
0.74
0.733
0.774
0.831
0.808
0.751
0.747
0.741
0.792
0.879
0.841
0.767
0.792
0.852
0.865
0.867
0.789
0.853
0.819
0.821
0.852
0.82
0.872
0.87
0.848
0.834
0.844
0.864
0.796
0.897
0.915
0.845
0.855
0.873
0.851
0.786
0.77
0.774
0.753
0.772
0.786
0.785
0.806
0.856
0.856
0.837
0.783
0.834
0.794
0.738
0.72
0.75
0.814
0.812
0.784
0.807
0.849
0.844
0.875
0.899
0.928
0.744
0.772
0.792
0.819
0.841
0.819
0.672
0.729
0.77
0.673
0.735
0.723
0.653
0.773
0.77
0.732
0.766
0.712
0.65
0.724
0.679
0.749
0.725
0.768
0.788
0.714
0.693
0.673
0.739
0.861
0.783
0.761
0.712
0.658
0.705
0.694
0.775
0.84
0.733
0.637
0.769
0.604
0.617
0.664
0.706
0.59
0.605
0.709
0.684
0.575
0.683
0.802
0.704
0.669
0.656
0.692
0.555
0.693
0.8
0.751
0.783
0.838
0.804
0.809
0.799
0.732
0.794
0.958
0.741
0.66
0.885
0.938
0.901
0.875
0.863
0.855
0.751
0.816
0.872
0.876
0.958
0.988
0.897
0.832
0.699
0.898
0.872
0.69
0.817
0.913
0.83
0.908
0.814
0.735
0.832
0.851
0.888
0.932
0.761
0.914
0.866
0.871
0.926
0.988
0.996
0.982
0.897
0.873
0.742
0.895
0.966
0.91
0.823
0.852
0.854
0.836
0.869
0.932
0.911
0.944
0.938
0.896
0.97
1.033
0.998
0.992
1.006
1.001
0.998
0.96
0.922
0.945
0.904
0.832
0.73
0.81
0.936
0.946
0.75
0.814
0.856
0.936
0.926
0.919
0.879
0.937
1.033
0.795
0.921
0.849
0.855
0.93
0.97
0.981
0.87
0.909
0.861
0.913
0.881
0.836
0.773
0.721
0.769
0.802
0.816
0.757
0.52
0.791
0.904
0.819
0.788
0.865
0.835
0.77
0.722
0.689
0.732
0.535
0.655
0.769
0.687
0.593
0.737
0.889
0.864
0.704
0.778
0.606
0.609
0.642
0.769
0.622
0.688
0.772
0.67
0.552
0.607
0.512
0.795
0.832
0.56
0.526
0.606
0.723
0.757
0.817
0.896
0.921
0.841
0.63
0.619
0.781
0.727
0.687
0.781
0.628
0.84
0.832
0.844
0.728
0.667
0.677
0.725
0.827
0.751
0.685
0.622
0.588
0.581
0.739
0.847
0.688
0.607
0.727
0.919
0.944
0.757
0.658
0.82
0.952
0.743
0.667
0.655
0.629
0.535
0.48
0.554
0.583
0.633
0.702
0.717
0.78
0.902
0.756
0.768
0.686
0.621
0.788
0.755
0.771
0.729
0.707
0.636
0.741
0.803
0.851
0.708
0.793
0.896
0.826
0.787
0.782
0.744
0.667
0.719
0.735
0.788
0.803
0.753
0.803
0.791
0.692
0.604
0.64
0.736
0.758
0.8
0.806
0.785
0.794
0.808
0.727
0.677
0.783
0.821
0.695
0.596
0.66
0.809
0.737
0.755
0.735
0.734
0.689
0.787
0.906
0.873
0.796
0.672
0.765
0.753
0.793
0.899
0.882
0.839
0.695
0.69
0.775
0.765
0.798
0.815
0.823
0.803
0.823
0.859
0.853
0.845
0.839
0.83
0.84
0.856
0.883
0.819
0.749
0.684
0.741
0.777
0.725
0.707
0.72
0.793
0.78
0.748
0.818
0.847
0.829
0.859
0.838
0.831
0.848
0.927
0.944
0.906
0.847
0.798
0.818
0.768
0.796
0.869
0.819
0.811
0.826
0.861
0.853
0.916
0.871
0.81
0.801
0.825
0.882
0.777
0.687
0.697
0.756
0.788
0.752
0.791
0.898
0.854
0.793
0.725
0.742
0.787
0.816
0.754
0.73
0.71
0.765
0.779
0.764
0.743
0.639
0.762
0.782
0.618
0.811
0.739
0.655
0.787
0.945
0.843
0.67
0.648
0.891
0.979
0.868
0.849
0.837
0.772
0.736
0.793
0.81
0.682
0.728
0.805
0.709
0.771
0.733
0.676
0.773
0.767
0.762
0.721
0.724
0.714
0.784
0.851
0.812
0.909
0.806
0.801
0.877
0.88
0.872
0.84
0.871
0.805
0.776
0.72
0.885
0.866
0.766
0.865
0.816
0.806
0.849
0.911
0.574
0.717
0.899
0.873
0.878
0.894
0.923
0.877
0.935
0.847
0.867
0.875
0.935
0.986
0.992
0.953
0.961
0.946
0.958
0.982
0.96
0.954
0.835
0.967
0.908
0.93
0.941
0.882
0.895
0.901
0.881
0.874
0.756
0.817
0.857
0.91
0.916
0.884
0.94
0.76
0.872
0.909
0.929
0.92
0.94
0.982
0.773
0.887
0.91
0.903
0.896
0.921
0.947
0.976
0.912
0.985
0.954
0.901
0.927
0.887
0.998
0.953
0.903
0.938
0.887
0.949
0.909
0.943
0.942
1.005
0.986
0.971
0.976
0.99
0.998
0.903
0.879
0.929
0.832
0.802
0.828
0.897
0.874
0.919
0.862
1.059
0.937
0.927
0.922
0.82
0.815
0.852
0.967
0.937
0.789
0.708
0.82
0.887
0.872
0.813
0.862
0.924
0.884
0.808
0.734
0.718
0.843
0.818
0.705
0.702
0.672
0.796
0.83
0.708
0.676
0.818
0.804
0.874
0.875
0.805
0.813
0.871
0.891
0.85
0.817
0.769
0.749
0.697
0.729
0.82
0.657
0.526
0.842
0.654
0.547
0.555
0.569
0.502
0.658
0.716
0.647
0.566
0.566
0.617
0.545
0.567
0.501
0.536
0.574
0.765
0.766
0.637
0.605
0.625
0.621
0.588
0.689
0.661
0.63
0.61
0.634
0.669
0.724
0.867
0.885
0.831
0.781
0.779
0.816
0.846
0.781
0.809
0.792
0.798
0.836
0.728
0.786
0.838
0.912
0.843
0.759
0.755
0.792
0.773
0.683
0.662
0.709
0.658
0.793
0.924
0.799
0.703
0.846
0.794
0.774
0.744
0.729
0.625
0.676
0.735
0.782
0.774
0.796
0.744
0.707
0.693
0.922
0.848
0.794
0.788
0.79
0.772
0.752
0.743
0.816
0.787
0.72
0.705
0.71
0.723
0.79
0.823
0.817
0.767
0.718
0.744
0.788
0.724
0.708
0.777
0.797
0.803
0.716
0.68
0.761
0.792
0.818
0.782
0.822
0.805
0.867
0.843
0.831
0.828
0.798
0.762
0.657
0.652
0.692
0.729
0.729
0.763
0.738
0.732
0.853
0.749
0.715
0.836
0.792
0.793
0.742
0.785
0.738
0.667
0.74
0.826
0.84
0.801
0.757
0.682
0.614
0.799
0.838
0.723
0.654
0.656
0.726
0.662
0.687
0.763
0.774
0.725
0.679
0.722
0.576
0.619
0.684
0.867
0.832
0.788
0.809
0.782
0.912
0.82
0.761
0.706
0.659
0.706
0.669
0.676
0.698
0.67
0.693
0.631
0.717
0.761
0.656
0.661
0.592
0.644
0.641
0.613
0.568
0.508
0.499
0.68
0.617
0.617
0.606
0.63
0.66
0.567
0.465
0.49
0.524
0.62
0.858
0.88
0.787
0.845
0.682
0.614
0.713
0.682
0.669
0.826
0.767
0.838
0.841
0.764
0.677
0.773
0.699
0.702
0.798
0.835
0.923
0.922
0.816
0.957
0.839
0.675
0.848
0.849
0.932
0.95
0.873
0.836
0.729
0.703
0.765
0.912
0.775
0.777
0.781
0.71
0.853
0.896
0.817
0.867
0.867
0.947
0.958
0.821
0.762
0.94
0.902
0.888
0.895
0.905
0.897
0.84
0.868
0.952
0.924
0.706
0.535
0.731
0.819
0.873
0.723
0.667
0.752
0.802
0.856
0.763
0.785
0.914
0.896
0.807
0.873
0.878
0.948
0.923
0.888
0.871
0.883
0.945
0.92
0.943
0.997
0.983
0.946
0.889
0.848
0.9
0.958
0.988
0.97
0.961
1.016
0.988
0.858
0.887
0.873
0.943
0.857
0.871
0.887
0.91
0.909
0.86
0.903
0.948
0.903
0.901
0.829
0.789
0.741
0.72
0.805
0.826
0.788
0.842
0.778
0.781
0.653
0.603
0.585
0.676
0.757
0.797
0.851
0.806
0.709
0.857
0.798
0.862
0.798
0.754
0.753
0.752
0.772
0.808
0.902
0.961
0.836
0.939
0.825
0.848
0.778
0.802
0.833
0.907
0.906
0.784
0.612
0.723
0.762
0.941
0.853
0.84
0.788
0.889
0.877
0.819
0.925
0.853
0.851
0.783
0.908
0.883
0.841
0.775
0.801
0.73
0.722
0.694
0.698
0.661
0.636
0.728
0.661
0.621
0.63
0.785
0.853
0.949
0.96
0.841
0.919
0.797
0.748
0.683
0.699
0.835
0.66
0.641
0.558
0.593
0.712
0.795
0.9
0.726
0.622
0.676
0.851
0.77
0.808
0.839
0.815
0.747
0.744
0.774
0.653
0.717
0.84
0.746
0.73
0.72
0.666
0.857
0.852
0.761
0.854
0.737
0.684
0.624
0.616
0.575
0.582
0.578
0.6
0.632
0.681
0.621
0.637
0.808
0.788
0.724
0.715
0.703
0.656
0.645
0.623
0.713
0.867
0.899
0.856
0.812
0.774
0.765
0.807
0.785
0.741
0.656
0.72
0.779
0.75
0.71
0.771
0.714
0.658
0.762
0.768
0.823
0.835
0.808
0.765
0.783
0.76
0.787
0.811
0.761
0.682
0.63
0.738
0.806
0.798
0.796
0.823
0.814
0.761
0.79
0.811
0.775
0.757
0.785
0.788
0.849
0.822
0.813
0.687
0.705
0.703
0.721
0.791
0.834
0.756
0.795
0.769
0.791
0.808
0.779
0.762
0.763
0.761
0.784
0.736
0.774
0.808
0.789
0.692
0.668
0.699
0.751
0.762
0.738
0.661
0.62
0.637
0.674
0.717
0.759
0.648
0.585
0.798
0.78
0.671
0.659
0.732
0.882
0.69
0.685
0.615
0.589
0.728
0.682
0.606
0.719
0.74
0.83
0.632
0.594
0.776
0.851
0.674
0.606
0.706
0.83
0.767
0.729
0.873
0.968
0.711
0.704
0.693
0.723
0.739
0.73
0.777
0.829
0.887
0.947
0.932
0.848
0.795
0.735
0.724
0.734
0.65
0.737
0.871
0.831
0.909
0.695
0.751
0.727
0.734
0.649
0.585
0.841
0.952
0.769
0.756
0.763
0.884
0.891
0.802
0.771
0.827
0.886
0.818
0.791
0.907
0.829
0.665
0.764
0.82
0.912
0.741
0.799
0.824
0.907
0.915
0.97
0.961
0.931
0.831
0.892
0.926
0.925
0.928
0.923
0.946
0.973
0.83
0.846
0.817
0.822
0.858
0.852
0.917
0.986
0.85
0.803
0.781
0.833
0.909
0.955
0.932
0.869
0.926
0.869
0.914
0.981
0.986
1.015
0.982
0.929
0.91
0.919
0.912
0.831
0.841
0.937
0.914
0.881
0.891
0.896
0.888
0.874
0.819
0.818
0.859
0.834
0.956
1.002
0.972
0.934
0.904
0.947
0.95
0.847
0.904
0.939
0.941
0.953
0.943
0.858
0.842
0.924
0.981
0.896
0.976
0.986
0.935
0.883
0.745
0.854
0.933
0.914
0.844
0.815
0.767
0.669
0.651
0.756
0.807
0.755
0.87
0.934
0.82
0.803
0.867
0.867
0.813
0.959
0.896
0.844
0.856
0.838
0.837
0.844
0.851
0.962
0.941
0.925
0.882
0.812
0.887
0.887
0.958
0.905
0.885
0.807
0.757
0.831
0.764
0.841
0.894
0.839
0.787
0.719
0.63
0.678
0.754
0.951
0.959
0.923
0.765
0.685
0.748
0.725
0.645
0.758
0.813
0.822
0.844
0.836
0.902
0.872
0.803
0.757
0.71
0.855
0.945
0.924
0.793
0.66
0.715
0.697
0.595
0.732
0.713
0.68
0.844
0.934
0.847
0.722
0.812
0.841
0.805
0.801
0.768
0.742
0.824
0.773
0.709
0.611
0.589
0.696
0.775
0.907
0.941
0.819
0.784
0.721
0.84
0.833
0.779
0.911
0.917
0.806
0.692
0.691
0.671
0.718
0.615
0.658
0.744
0.705
0.738
0.708
0.671
0.702
0.631
0.706
0.718
0.753
0.756
0.787
0.773
0.752
0.757
0.752
0.721
0.798
0.755
0.68
0.638
0.734
0.744
0.692
0.768
0.757
0.687
0.738
0.788
0.8
0.807
0.742
0.656
0.78
0.81
0.796
0.784
0.727
0.728
0.763
0.772
0.753
0.8
0.729
0.746
0.765
0.719
0.67
0.817
0.781
0.895
0.834
0.699
0.678
0.671
0.718
0.852
0.851
0.86
0.821
0.847
0.867
0.882
0.835
0.839
0.782
0.813
0.839
0.794
0.766
0.823
0.809
0.754
0.792
0.831
0.763
0.723
0.835
0.815
0.778
0.686
0.724
0.758
0.774
0.845
0.861
0.726
0.824
0.81
0.861
0.77
0.699
0.657
0.798
0.738
0.762
0.856
0.802
0.772
0.815
0.873
0.861
0.718
0.627
0.616
0.714
0.741
0.75
0.72
0.787
0.866
0.823
0.824
0.729
0.758
0.741
0.726
0.701
0.592
0.614
0.656
0.648
0.781
0.88
0.831
0.768
0.804
0.813
0.811
0.774
0.876
0.835
0.77
0.764
0.711
0.795
0.652
0.797
0.818
0.73
0.641
0.745
0.851
0.721
0.765
0.695
0.73
0.833
0.832
0.758
0.615
0.863
0.843
0.723
0.622
0.612
0.833
0.916
0.951
0.853
0.853
0.764
0.802
0.672
0.647
0.652
0.747
0.521
0.606
0.615
0.693
0.777
0.735
0.626
0.575
0.86
0.681
0.757
0.834
0.722
0.749
0.599
0.568
0.906
0.839
0.958
0.94
0.931
0.944
0.982
0.951
0.898
0.922
0.854
0.849
0.831
0.841
0.827
0.935
0.898
0.641
0.853
0.816
0.838
0.929
0.994
0.859
0.935
0.944
0.957
0.745
0.677
0.756
0.838
0.871
0.93
0.897
0.874
0.902
0.903
0.92
0.917
0.97
0.796
0.889
0.934
0.944
0.932
0.779
0.851
0.91
0.964
0.968
0.93
0.87
0.939
0.885
0.83
0.847
0.931
0.883
0.832
0.852
0.885
0.934
0.92
0.888
0.865
0.92
0.905
0.975
0.995
0.94
0.886
0.889
0.998
0.95
0.96
0.929
0.892
0.842
0.933
0.901
0.865
0.868
0.821
0.839
0.713
0.71
0.848
0.697
0.974
0.805
0.649
0.77
0.86
0.764
0.706
0.848
0.927
0.786
0.772
0.706
0.617
0.746
0.541
0.633
0.742
0.583
0.758
0.924
0.834
0.739
0.574
0.81
0.896
0.787
0.885
0.952
0.769
0.771
0.734
0.793
0.827
0.86
0.721
0.729
0.675
0.696
0.782
0.747
0.733
0.666
0.686
0.679
0.668
0.731
0.693
0.631
0.598
0.538
0.49
0.628
0.667
0.567
0.636
0.661
0.594
0.499
0.653
0.757
0.608
0.531
0.653
0.761
0.713
0.613
0.566
0.6
0.693
0.669
0.648
0.595
0.721
0.721
0.876
0.717
0.723
0.675
0.756
0.622
0.667
0.572
0.494
0.707
0.734
0.852
0.683
0.719
0.714
0.672
0.716
0.729
0.709
0.802
0.637
0.654
0.71
0.712
0.679
0.77
0.856
0.73
0.66
0.807
0.824
0.788
0.741
0.694
0.695
0.666
0.719
0.704
0.709
0.607
0.622
0.677
0.69
0.623
0.694
0.804
0.781
0.744
0.677
0.755
0.783
0.774
0.747
0.698
0.663
0.723
0.691
0.68
0.823
0.801
0.747
0.703
0.686
0.721
0.805
0.779
0.771
0.675
0.705
0.747
0.793
0.691
0.648
0.692
0.732
0.875
0.841
0.742
0.679
0.68
0.797
0.864
0.848
0.783
0.677
0.75
0.805
0.786
0.838
0.802
0.841
0.84
0.81
0.831
0.816
0.807
0.781
0.769
0.784
0.913
0.843
0.821
0.808
0.8
0.787
0.822
0.825
0.806
0.802
0.787
0.811
0.825
0.825
0.79
0.794
0.829
0.809
0.787
0.718
0.756
0.654
0.601
0.628
0.681
0.68
0.667
0.64
0.725
0.695
0.738
0.794
0.644
0.737
0.758
0.632
0.611
0.744
0.783
0.587
0.63
0.766
0.794
0.705
0.57
0.547
0.58
0.796
0.828
0.838
0.825
0.82
0.827
0.675
0.61
0.799
0.88
0.856
0.796
0.811
0.794
0.786
0.644
0.526
0.597
0.775
0.68
0.705
0.832
0.785
0.926
0.954
0.939
0.936
0.833
0.84
0.755
0.841
0.941
0.911
0.94
0.947
0.947
0.877
0.933
0.751
0.846
0.877
0.833
0.691
0.866
0.817
0.734
0.795
0.943
0.894
0.895
0.872
0.894
0.933
0.836
0.805
0.862
0.893
0.934
0.896
0.9
0.891
0.956
0.984
0.893
0.884
0.805
0.933
0.96
0.857
0.806
0.849
0.886
0.884
0.985
0.976
0.95
0.811
0.823
0.898
0.84
0.907
0.944
0.909
0.886
0.896
0.917
0.977
0.908
0.846
0.742
0.784
0.878
0.92
0.984
0.948
0.895
0.916
0.836
0.893
0.857
0.938
0.957
0.907
0.897
0.888
0.804
0.793
0.839
0.856
0.833
0.694
0.885
0.838
0.886
0.932
0.927
0.894
0.977
0.971
0.901
0.938
0.914
0.893
0.865
0.818
0.816
0.816
0.904
0.874
0.927
0.971
0.961
0.982
0.976
0.969
0.926
0.891
0.891
0.849
0.885
0.904
0.856
0.885
0.819
0.896
0.955
0.897
0.921
0.828
0.814
0.906
0.886
0.896
0.935
0.912
0.889
0.861
0.847
0.788
0.828
0.928
0.665
0.563
0.71
0.667
0.73
0.658
0.754
0.846
0.692
0.607
0.584
0.554
0.548
0.704
0.66
0.781
0.908
0.838
0.744
0.688
0.757
0.813
0.785
0.679
0.753
0.747
0.839
0.813
0.836
0.681
0.727
0.958
0.868
0.784
0.613
0.55
0.568
0.623
0.619
0.616
0.714
0.766
0.754
0.709
0.646
0.661
0.689
0.779
0.739
0.701
0.739
0.745
0.613
0.602
0.636
0.741
0.711
0.784
0.769
0.751
0.828
0.853
0.859
0.836
0.78
0.735
0.746
0.754
0.817
0.793
0.696
0.733
0.746
0.718
0.754
0.68
0.714
0.866
0.953
0.87
0.792
0.699
0.818
0.813
0.807
0.821
0.759
0.742
0.771
0.758
0.658
0.81
0.779
0.691
0.739
0.739
0.729
0.69
0.693
0.807
0.76
0.752
0.892
0.884
0.859
0.74
0.68
0.748
0.75
0.755
0.776
0.816
0.784
0.928
0.868
0.798
0.81
0.796
0.808
0.803
0.797
0.806
0.829
0.808
0.742
0.703
0.717
0.792
0.757
0.754
0.738
0.84
0.778
0.786
0.817
0.817
0.775
0.765
0.739
0.775
0.838
0.843
0.819
0.795
0.804
0.696
0.693
0.828
0.847
0.843
0.805
0.793
0.784
0.838
0.793
0.834
0.852
0.777
0.687
0.884
0.858
0.736
0.701
0.643
0.664
0.709
0.749
0.816
0.835
0.769
0.747
0.712
0.692
0.681
0.792
0.861
0.856
0.78
0.782
0.792
0.798
0.698
0.859
0.858
0.82
0.87
0.863
0.818
0.913
0.911
0.819
0.815
0.774
0.783
0.84
0.939
0.862
0.901
0.914
0.819
0.739
0.678
0.725
0.83
0.738
0.782
0.844
0.893
0.879
0.776
0.693
0.764
0.738
0.676
0.676
0.765
0.768
0.762
0.801
0.902
0.906
0.881
0.801
0.827
0.778
0.752
0.744
0.808
0.717
0.757
0.78
0.776
0.808
0.859
0.776
0.626
0.778
0.758
0.715
0.801
0.899
0.904
0.898
0.915
0.819
0.889
0.896
0.852
0.857
0.879
0.875
0.956
0.922
0.88
0.89
0.889
0.755
0.912
0.917
0.724
0.766
0.869
0.91
0.963
0.978
0.751
0.682
0.819
0.614
0.841
0.888
0.924
0.941
0.929
0.918
0.93
0.888
0.929
0.964
0.979
0.994
0.981
0.871
0.883
0.873
0.907
0.897
0.851
0.948
0.939
0.857
0.832
0.844
0.921
0.839
0.881
0.967
0.93
0.921
0.951
0.914
0.955
0.697
0.642
0.923
0.958
0.947
0.918
0.946
0.898
0.814
0.857
0.89
0.921
0.935
0.941
0.979
0.882
0.914
0.954
0.923
0.831
0.733
0.78
0.87
0.851
0.675
0.781
0.719
0.856
0.738
0.86
0.818
0.87
0.907
0.878
0.823
0.806
0.858
0.843
0.852
0.765
0.666
0.661
0.784
0.935
0.931
0.804
0.745
0.629
0.789
0.733
0.677
0.651
0.708
0.558
0.622
0.64
0.625
0.847
0.847
0.721
0.675
0.659
0.68
0.571
0.647
0.655
0.69
0.645
0.672
0.788
0.787
0.753
0.714
0.837
0.793
0.793
0.798
0.704
0.801
0.888
0.874
0.735
0.705
0.658
0.596
0.617
0.778
0.746
0.738
0.823
0.923
0.864
0.799
0.742
0.738
0.635
0.802
0.759
0.728
0.651
0.549
0.589
0.686
0.637
0.715
0.585
0.824
0.887
0.75
0.643
0.552
0.639
0.558
0.522
0.588
0.584
0.689
0.669
0.675
0.703
0.58
0.546
0.729
0.908
0.833
0.745
0.677
0.717
0.737
0.774
0.805
0.707
0.701
0.671
0.665
0.762
0.759
0.784
0.772
0.689
0.673
0.684
0.702
0.712
0.731
0.624
0.618
0.782
0.715
0.603
0.629
0.59
0.543
0.6
0.593
0.788
0.809
0.793
0.846
0.695
0.642
0.726
0.696
0.69
0.773
0.811
0.862
0.888
0.812
0.801
0.802
0.824
0.794
0.792
0.795
0.813
0.793
0.769
0.784
0.809
0.796
0.789
0.76
0.766
0.744
0.81
0.761
0.769
0.742
0.772
0.811
0.79
0.77
0.68
0.701
0.795
0.78
0.84
0.848
0.798
0.786
0.812
0.752
0.748
0.887
0.882
0.868
0.803
0.843
0.813
0.778
0.743
0.757
0.781
0.744
0.716
0.704
0.759
0.827
0.77
0.713
0.806
0.961
0.936
0.971
0.832
0.771
0.811
0.781
0.754
0.778
0.74
0.746
0.793
0.781
0.796
0.77
0.718
0.806
0.793
0.774
0.781
0.864
0.877
0.797
0.888
0.823
0.686
0.747
0.767
0.801
0.751
0.704
0.632
0.542
0.57
0.687
0.75
0.7
0.662
0.733
0.641
0.561
0.758
0.833
0.706
0.68
0.725
0.819
0.702
0.589
0.594
0.536
0.484
0.618
0.688
0.641
0.795
0.718
0.677
0.584
0.825
0.786
0.608
0.744
0.683
0.663
0.659
0.767
0.851
0.792
0.602
0.646
0.746
0.527
0.49
0.559
0.799
0.716
0.737
0.7
0.701
0.734
0.71
0.546
0.724
0.732
0.629
0.628
0.515
0.58
0.702
0.82
0.959
0.871
0.902
0.913
0.88
0.825
0.9
0.898
0.918
0.905
0.868
0.854
0.866
0.814
0.861
0.881
0.865
0.878
0.711
0.72
0.878
0.869
0.819
0.851
0.929
0.921
0.804
0.683
0.933
0.879
0.864
0.736
0.677
0.925
0.883
0.846
0.905
0.716
0.562
0.521
0.738
0.632
0.717
0.777
0.883
0.866
0.852
0.904
0.819
0.835
0.692
0.851
0.801
0.808
0.954
0.899
0.969
0.885
0.81
0.912
0.899
0.921
0.89
0.862
0.915
0.913
0.909
0.915
0.975
0.943
0.922
0.892
0.834
0.747
0.907
0.847
0.904
0.889
0.922
0.909
0.851
1.068
0.943
0.863
0.852
0.829
0.903
0.958
0.701
0.78
0.86
0.628
0.674
0.795
0.794
0.777
0.782
0.766
0.792
0.812
0.815
0.771
0.839
0.853
0.877
0.756
0.761
0.617
0.836
0.868
0.744
0.842
0.858
0.738
0.807
0.749
0.837
0.779
0.81
0.784
0.863
0.799
0.73
0.751
0.719
0.636
0.723
0.669
0.77
0.915
0.868
0.775
0.673
0.787
0.888
0.76
0.699
0.583
0.57
0.684
0.626
0.649
0.64
0.71
0.643
0.73
0.6
0.568
0.741
0.581
0.628
0.719
0.576
0.496
0.653
0.747
0.689
0.666
0.497
0.499
0.648
0.68
0.652
0.582
0.504
0.486
0.621
0.645
0.656
0.535
0.612
0.633
0.607
0.598
0.663
0.706
0.81
0.81
0.664
0.638
0.656
0.632
0.66
0.573
0.516
0.516
0.48
0.493
0.482
0.519
0.687
0.653
0.59
0.544
0.615
0.55
0.592
0.634
0.553
0.497
0.487
0.47
0.485
0.482
0.579
0.607
0.545
0.481
0.517
0.568
0.54
0.614
0.504
0.498
0.642
0.549
0.516
0.611
0.55
0.529
0.487
0.404
0.382
0.366
0.318
0.284
0.325
0.326
0.408
0.614
0.494
0.475
0.535
0.412
0.403
0.651
0.643
0.742
0.786
0.835
0.696
0.719
0.644
0.644
0.706
0.658
0.581
0.572
0.727
0.765
0.652
0.676
0.599
0.619
0.692
0.735
0.583
0.522
0.529
0.635
0.715
0.664
0.587
0.629
0.667
0.551
0.521
0.759
0.831
0.758
0.654
0.734
0.855
0.788
0.683
0.696
0.628
0.838
0.726
0.658
0.627
0.608
0.68
0.794
0.84
0.843
0.695
0.625
0.643
0.676
0.599
0.579
0.82
0.795
0.684
0.682
0.684
0.737
0.752
0.798
0.737
0.727
0.714
0.738
0.643
0.601
0.59
0.566
0.678
0.733
0.638
0.63
0.845
0.718
0.582
0.634
0.536
0.517
0.518
0.652
0.673
0.674
0.59
0.549
0.526
0.541
0.7
0.815
0.827
0.735
0.707
0.785
0.872
0.845
0.821
0.706
0.696
0.599
0.615
0.583
0.656
0.589
0.633
0.759
0.637
0.927
0.974
0.85
0.819
0.821
0.831
0.871
0.745
0.69
0.771
0.815
0.758
0.764
0.659
0.714
0.818
0.975
0.812
0.637
0.696
0.735
0.699
0.778
0.836
0.717
0.723
0.736
0.755
0.853
0.893
0.77
0.726
0.78
0.833
0.664
0.729
0.798
0.7
0.664
0.906
0.888
0.823
0.475
0.825
0.767
0.91
0.854
0.936
0.818
0.864
0.799
0.897
0.748
0.935
0.945
0.807
0.931
0.958
0.979
0.974
0.974
0.844
0.897
0.976
0.992
0.868
0.501
0.727
0.831
0.953
0.79
0.744
0.938
0.842
0.713
0.882
0.909
0.86
0.54
0.68
0.703
0.752
0.918
0.97
0.788
0.783
0.915
0.895
0.866
0.841
0.786
0.87
0.722
0.821
0.851
0.809
0.832
0.734
0.86
0.897
0.844
0.909
0.91
0.882
0.803
0.672
0.771
0.858
0.892
0.976
0.884
0.674
0.67
0.804
0.918
0.841
0.82
0.56
0.577
0.785
0.954
0.916
0.686
0.595
0.719
0.684
0.634
0.689
0.767
0.669
0.773
0.872
0.628
0.653
0.876
0.601
0.818
0.806
0.589
0.664
0.802
0.798
0.742
0.759
0.778
0.805
0.846
0.772
0.774
0.774
0.806
0.799
0.761
0.736
0.697
0.695
0.678
0.689
0.705
0.676
0.72
0.589
0.722
0.673
0.674
0.82
0.673
0.525
0.657
0.594
0.621
0.555
0.683
0.776
0.679
0.765
0.791
0.692
0.706
0.744
0.743
0.595
0.776
0.768
0.702
0.744
0.756
0.789
0.705
0.871
0.869
0.795
0.73
0.673
0.59
0.509
0.674
0.756
0.687
0.551
0.78
0.729
0.793
0.778
0.717
0.642
0.747
0.79
0.783
0.761
0.764
0.808
0.763
0.766
0.739
0.655
0.603
0.712
0.801
0.704
0.831
0.87
0.811
0.786
0.756
0.692
0.738
0.799
0.805
0.823
0.744
0.705
0.683
0.697
0.701
0.679
0.748
0.745
0.689
0.677
0.755
0.77
0.767
0.777
0.775
0.732
0.68
0.737
0.777
0.767
0.768
0.758
0.708
0.67
0.634
0.651
0.661
0.774
0.857
0.841
0.813
0.803
0.764
0.742
0.782
0.832
0.823
0.754
0.845
0.845
0.768
0.736
0.845
0.868
0.848
0.821
0.792
0.75
0.762
0.751
0.724
0.73
0.781
0.745
0.802
0.811
0.765
0.772
0.808
0.878
0.837
0.837
0.857
0.828
0.799
0.762
0.759
0.817
0.857
0.789
0.74
0.845
0.783
0.71
0.706
0.772
0.782
0.813
0.836
0.813
0.883
0.82
0.773
0.882
0.97
0.885
0.929
0.829
0.718
0.782
0.779
0.786
0.854
0.806
0.698
0.668
0.7
0.669
0.646
0.698
0.678
0.805
0.839
0.758
0.638
0.686
0.742
0.647
0.671
0.558
0.697
0.68
0.627
0.542
0.559
0.634
0.704
0.896
0.787
0.885
0.858
0.878
0.732
0.674
0.756
0.699
0.653
0.648
0.604
0.526
0.584
0.821
0.676
0.724
0.613
0.58
0.597
0.73
0.846
0.958
0.824
0.715
0.658
0.715
0.738
0.773
0.965
0.916
0.648
0.589
0.648
0.85
0.552
0.572
0.592
0.592
0.672
0.833
0.777
0.904
0.576
0.705
0.803
0.805
0.729
0.788
0.798
0.869
0.609
0.605
0.693
0.703
0.879
0.803
0.747
0.858
0.856
0.851
0.858
0.845
0.885
0.889
0.818
0.849
0.86
0.805
0.912
0.902
0.974
0.95
0.969
0.996
1.001
0.932
0.936
0.896
0.959
0.892
0.85
0.873
0.9
0.868
0.943
0.848
0.76
0.82
0.886
0.848
0.951
0.99
0.948
0.726
0.93
0.979
0.949
0.881
0.842
0.88
0.651
0.653
0.657
0.824
0.882
0.854
0.917
0.965
0.907
0.926
0.893
0.843
0.861
0.849
0.842
0.661
0.611
0.678
0.71
0.905
0.962
0.946
0.71
0.717
0.721
0.573
0.494
0.855
0.94
0.895
0.69
0.74
0.814
0.778
0.613
0.69
0.723
0.545
0.75
0.791
0.622
0.778
0.957
0.93
0.911
0.805
0.825
0.737
0.691
0.854
0.735
0.662
0.783
0.69
0.695
0.691
0.789
0.499
0.562
0.71
0.608
0.519
0.704
0.92
0.916
0.831
0.737
0.813
0.742
0.722
0.624
0.683
0.556
0.51
0.882
0.754
0.631
0.662
0.799
0.777
0.704
0.73
0.557
0.508
0.813
0.838
0.605
0.535
0.557
0.639
0.623
0.544
0.551
0.746
0.638
0.602
0.564
0.69
0.95
0.864
0.694
0.657
0.639
0.688
0.795
0.679
0.77
0.914
0.719
0.825
0.8
0.787
0.692
0.701
0.778
0.832
0.731
0.61
0.661
0.789
0.939
0.811
0.724
0.825
0.67
0.549
0.635
0.798
0.717
0.794
0.659
0.777
0.701
0.763
0.74
0.766
0.691
0.622
0.68
0.72
0.671
0.601
0.714
0.721
0.747
0.768
0.739
0.698
0.811
0.789
0.651
0.671
0.725
0.781
0.763
0.795
0.748
0.706
0.652
0.742
0.76
0.757
0.653
0.712
0.762
0.74
0.888
0.958
0.875
0.931
0.81
0.799
0.754
0.756
0.772
0.805
0.846
0.922
0.864
0.766
0.693
0.684
0.745
0.743
0.721
0.791
0.773
0.686
0.679
0.727
0.914
0.869
0.809
0.802
0.733
0.724
0.73
0.781
0.822
0.837
0.764
0.771
0.819
0.786
0.832
0.844
0.924
0.922
0.938
0.916
0.874
0.812
0.8
0.831
0.829
0.798
0.752
0.742
0.761
0.78
0.752
0.778
0.809
0.768
0.809
0.844
0.879
0.784
0.78
0.784
0.783
0.888
0.826
0.833
0.719
0.695
0.871
0.818
0.768
0.817
0.836
0.762
0.739
0.779
0.657
0.667
0.776
0.825
0.708
0.686
0.65
0.76
0.715
0.677
0.776
0.914
0.951
0.933
0.82
0.883
0.798
0.701
0.696
0.629
0.657
0.841
0.695
0.673
0.723
0.832
0.742
0.729
0.765
0.654
0.625
0.663
0.634
0.674
0.654
0.605
0.608
0.645
0.728
0.952
0.782
0.752
0.658
0.679
0.802
0.734
0.691
0.697
0.645
0.796
0.812
0.714
0.702
0.704
0.643
0.758
0.888
0.781
0.603
0.732
0.746
0.857
0.887
0.677
0.681
0.661
0.721
0.904
0.818
0.718
0.824
0.839
0.779
0.856
0.847
0.729
0.852
0.872
0.641
0.911
0.886
0.872
0.961
0.857
0.798
0.961
0.96
0.93
0.895
0.927
0.904
0.917
0.957
0.966
0.926
0.772
0.899
0.923
0.899
0.891
0.927
0.943
0.882
0.924
0.957
0.926
0.966
0.979
0.899
0.956
0.968
0.993
0.934
0.915
0.874
0.951
0.853
0.735
0.883
0.736
0.602
0.84
0.942
0.936
0.898
0.953
0.872
0.92
0.861
0.877
0.819
0.938
0.935
0.911
0.859
0.888
0.791
0.499
0.569
0.758
0.984
0.84
0.786
0.898
0.959
0.939
0.891
0.848
0.822
0.567
0.639
0.649
0.507
0.825
0.854
0.8
0.877
0.917
0.775
0.772
0.844
0.747
0.569
0.652
0.793
0.676
0.603
0.722
0.757
0.715
0.6
0.596
0.925
0.81
0.739
0.752
0.85
0.757
0.793
0.722
0.794
0.855
0.741
0.719
0.551
0.647
0.773
0.611
0.548
0.64
0.825
0.703
0.693
0.72
0.792
0.782
0.658
0.654
0.893
0.957
0.833
0.742
0.759
0.71
0.916
0.926
0.924
0.812
0.686
0.829
0.688
0.709
0.716
0.76
0.771
0.695
0.759
0.703
0.714
0.743
0.887
0.825
0.749
0.709
0.788
0.715
0.658
0.721
0.698
0.683
0.609
0.593
0.749
0.816
0.769
0.766
0.667
0.644
0.627
0.72
0.765
0.782
0.794
0.751
0.706
0.756
0.782
0.769
0.811
0.748
0.743
0.725
0.658
0.566
0.536
0.549
0.571
0.733
0.712
0.664
0.649
0.707
0.729
0.683
0.676
0.708
0.614
0.607
0.744
0.754
0.72
0.692
0.62
0.663
0.684
0.767
0.732
0.798
0.77
0.716
0.749
0.774
0.695
0.731
0.738
0.689
0.663
0.647
0.76
0.83
0.775
0.656
0.622
0.689
0.726
0.694
0.709
0.752
0.746
0.738
0.694
0.683
0.693
0.656
0.624
0.76
0.748
0.665
0.649
0.576
0.714
0.729
0.667
0.59
0.604
0.799
0.865
0.689
0.583
0.567
0.528
0.557
0.569
0.6
0.686
0.762
0.859
0.827
0.744
0.714
0.751
0.778
0.761
0.678
0.676
0.664
0.627
0.641
0.675
0.61
0.571
0.702
0.752
0.58
0.563
0.539
0.591
0.642
0.753
0.707
0.742
0.703
0.697
0.602
0.538
0.554
0.532
0.568
0.525
0.445
0.64
0.682
0.601
0.628
0.616
0.516
0.528
0.514
0.52
0.516
0.462
0.553
0.674
0.682
0.614
0.674
0.551
0.528
0.655
0.666
0.758
0.667
0.752
0.7
0.538
0.472
0.513
0.751
0.563
0.524
0.532
0.693
0.776
0.79
0.82
0.867
0.875
0.678
0.691
0.84
0.783
0.736
0.532
0.455
0.474
0.639
0.792
0.699
0.676
0.726
0.823
0.86
0.861
0.798
0.892
0.865
0.78
0.84
0.922
0.95
0.867
0.829
0.836
0.723
0.768
0.833
0.835
0.938
0.855
0.795
0.791
0.778
0.903
0.827
0.704
0.746
0.869
0.898
0.908
0.818
0.878
0.843
0.877
0.806
0.624
0.609
0.79
0.73
0.667
0.731
0.855
0.894
0.96
0.798
0.873
0.838
0.879
0.878
0.973
0.938
0.912
0.909
0.914
0.977
0.953
0.906
0.897
0.896
0.867
0.894
0.903
0.823
0.751
0.906
0.947
0.88
0.855
0.889
0.758
0.826
0.879
0.971
0.963
0.938
0.854
0.86
0.861
0.897
0.912
0.923
0.924
0.927
0.883
0.855
0.902
0.891
0.691
0.719
0.866
0.857
0.67
0.754
0.83
0.63
0.928
0.938
0.963
0.933
0.907
0.958
0.972
0.868
0.79
0.852
0.874
0.851
0.883
0.771
0.792
0.828
0.646
0.698
0.748
0.807
0.797
0.812
0.895
0.891
0.867
0.753
0.881
0.767
0.667
0.605
0.626
0.491
0.515
0.784
0.73
0.784
0.696
0.717
0.912
0.803
0.717
0.703
0.783
0.801
0.647
0.575
0.817
0.69
0.763
0.723
0.661
0.749
0.629
0.53
0.573
0.617
0.639
0.697
0.723
0.755
0.574
0.721
0.717
0.824
0.915
0.947
0.865
0.744
0.806
0.798
0.78
0.858
0.871
0.815
0.751
0.605
0.642
0.814
0.721
0.731
0.687
0.747
0.729
0.676
0.571
0.75
0.895
0.724
0.643
0.599
0.697
0.64
0.645
0.61
0.677
0.752
0.711
0.682
0.604
0.576
0.719
0.857
0.745
0.752
0.635
0.537
0.579
0.863
0.88
0.735
0.669
0.652
0.801
0.825
0.772
0.724
0.719
0.67
0.61
0.547
0.551
0.542
0.632
0.632
0.632
0.729
0.784
0.808
0.784
0.735
0.691
0.76
0.798
0.728
0.717
0.761
0.635
0.649
0.669
0.771
0.815
0.791
0.76
0.763
0.729
0.687
0.743
0.758
0.751
0.779
0.779
0.884
0.818
0.89
0.818
0.819
0.825
0.791
0.816
0.839
0.814
0.912
0.884
0.816
0.882
0.833
0.754
0.827
0.857
0.931
0.818
0.813
0.809
0.79
0.767
0.701
0.784
0.862
0.847
0.864
0.836
0.79
0.828
0.827
0.863
0.85
0.707
0.738
0.808
0.704
0.702
0.737
0.827
0.832
0.847
0.847
0.908
0.945
0.841
0.828
0.826
0.79
0.799
0.843
0.835
0.83
0.868
0.849
0.859
0.845
0.83
0.782
0.693
0.735
0.789
0.812
0.791
0.822
0.843
0.782
0.71
0.864
0.87
0.786
0.768
0.752
0.892
0.846
0.781
0.794
0.699
0.671
0.747
0.753
0.721
0.743
0.728
0.693
0.709
0.756
0.745
0.861
0.751
0.686
0.772
0.846
0.873
0.673
0.741
0.734
0.697
0.76
0.697
0.748
0.82
0.69
0.77
0.694
0.704
0.807
0.793
0.766
0.904
0.936
0.766
0.781
0.754
0.763
0.735
0.728
0.729
0.778
0.956
1.002
0.812
0.671
0.662
0.683
0.809
0.854
0.782
0.797
0.849
0.982
0.918
0.896
0.922
0.902
0.805
0.804
0.749
0.852
0.838
0.845
0.784
0.814
0.771
0.75
0.8
0.911
0.838
0.94
0.983
0.96
0.947
0.919
0.873
0.839
0.895
0.848
0.847
0.855
0.681
0.816
0.855
0.638
0.603
0.554
0.625
0.807
0.967
0.985
0.956
0.773
0.864
0.925
0.898
0.867
0.83
0.843
0.893
0.866
0.906
0.941
0.958
0.977
0.902
0.9
0.89
0.934
0.817
0.813
0.888
0.958
0.968
0.917
0.916
0.845
0.788
0.82
0.881
0.695
0.532
0.63
0.744
0.649
0.682
0.721
0.625
0.742
0.806
0.795
0.859
0.833
0.843
0.967
0.931
0.915
0.864
0.928
0.867
0.7
0.794
0.89
0.966
0.956
0.869
0.836
0.838
0.878
0.841
0.864
0.948
0.971
0.903
0.967
0.966
0.969
0.914
0.946
0.887
0.878
0.872
0.84
0.752
0.672
0.692
0.765
0.888
0.584
0.731
0.893
0.942
0.876
0.957
0.954
0.887
0.826
0.782
0.794
0.796
0.785
0.882
0.974
0.927
0.796
0.752
0.809
0.816
0.748
0.735
0.838
0.794
0.746
0.817
0.711
0.802
0.842
0.847
0.83
0.716
0.808
0.809
0.802
0.622
0.574
0.747
0.915
0.813
0.69
0.694
0.697
0.79
0.647
0.79
0.724
0.802
0.806
0.753
0.612
0.663
0.655
0.583
0.586
0.688
0.713
0.654
0.703
0.711
0.642
0.669
0.759
0.643
0.633
0.614
0.803
0.866
0.798
0.702
0.712
0.746
0.777
0.683
0.845
0.73
0.708
0.786
0.871
0.873
0.703
0.796
0.882
0.794
0.77
0.738
0.733
0.774
0.758
0.769
0.727
0.687
0.704
0.711
0.735
0.83
0.794
0.744
0.716
0.744
0.737
0.729
0.751
0.773
0.809
0.867
0.849
0.762
0.767
0.729
0.782
0.79
0.776
0.753
0.791
0.778
0.801
0.724
0.793
0.801
0.697
0.696
0.813
0.824
0.774
0.749
0.693
0.647
0.689
0.81
0.777
0.78
0.769
0.824
0.815
0.762
0.771
0.817
0.794
0.821
0.723
0.749
0.79
0.702
0.699
0.801
0.815
0.75
0.768
0.72
0.735
0.816
0.809
0.77
0.732
0.847
0.764
0.667
0.693
0.789
0.725
0.674
0.736
0.717
0.763
0.741
0.761
0.876
0.801
0.875
0.788
0.726
0.808
0.811
0.668
0.716
0.775
0.656
0.673
0.64
0.734
0.836
0.779
0.767
0.707
0.811
0.724
0.829
0.75
0.813
0.749
0.815
0.888
0.873
0.802
0.821
0.73
0.638
0.698
0.639
0.733
0.669
0.566
0.666
0.684
0.82
0.662
0.619
0.714
0.678
0.615
0.573
0.762
0.908
0.794
0.805
0.919
0.801
0.661
0.627
0.615
0.617
0.633
0.721
0.697
0.623
0.717
0.833
0.717
0.667
0.769
0.798
0.827
0.74
0.704
0.654
0.61
0.642
0.731
0.73
0.901
0.973
0.865
0.759
0.927
0.832
0.871
0.619
0.631
0.642
0.645
0.724
0.829
0.832
0.893
0.747
0.824
0.762
0.785
0.865
0.909
0.965
0.926
0.917
0.803
0.745
0.766
0.868
0.642
0.641
0.601
0.843
0.898
0.896
0.877
0.907
0.849
0.822
0.883
0.897
0.85
0.829
0.88
0.731
0.768
0.804
0.872
0.769
0.938
0.895
0.937
0.93
0.916
0.834
0.944
0.942
0.896
0.886
0.886
0.916
0.969
1.004
0.882
0.746
0.794
0.879
0.751
0.749
0.862
0.906
0.94
0.994
0.987
0.988
0.906
1.033
0.991
0.899
0.881
0.676
0.711
0.844
0.83
0.89
0.87
0.939
0.875
0.875
0.848
0.85
0.943
1.023
0.955
0.969
0.909
0.937
0.823
0.719
0.789
0.757
0.882
0.767
0.968
0.933
0.876
0.881
0.826
0.799
0.862
0.855
0.853
0.916
0.88
0.86
0.898
0.707
0.695
0.878
0.66
0.735
0.811
0.794
0.789
0.587
0.48
0.801
0.737
0.697
0.892
0.784
0.652
0.663
0.712
0.659
0.861
0.751
0.759
0.728
0.644
0.602
0.589
0.719
0.661
0.743
0.895
0.704
0.653
0.657
0.836
0.73
0.95
0.828
0.777
0.687
0.713
0.627
0.662
0.616
0.553
0.531
0.502
0.455
0.561
0.638
0.652
0.759
0.797
0.833
0.854
0.842
0.648
0.523
0.755
0.739
0.705
0.782
0.745
0.678
0.586
0.691
0.762
0.581
0.588
0.818
0.796
0.731
0.703
0.7
0.648
0.517
0.494
0.565
0.605
0.721
0.796
0.654
0.577
0.594
0.614
0.689
0.707
0.595
0.603
0.547
0.506
0.668
0.67
0.698
0.591
0.497
0.588
0.634
0.698
0.683
0.661
0.62
0.596
0.607
0.625
0.669
0.727
0.636
0.77
0.88
0.934
0.807
0.821
0.711
0.778
0.824
0.747
0.741
0.817
0.807
0.759
0.751
0.724
0.753
0.772
0.756
0.667
0.728
0.741
0.816
0.779
0.745
0.7
0.738
0.685
0.713
0.745
0.796
0.854
0.788
0.778
0.769
0.747
0.776
0.717
0.713
0.728
0.726
0.764
0.723
0.835
0.791
0.657
0.671
0.656
0.748
0.761
0.902
0.838
0.87
0.819
0.772
0.724
0.751
0.756
0.759
0.798
0.856
0.783
0.695
0.744
0.765
0.73
0.756
0.79
0.752
0.656
0.751
0.714
0.623
0.613
0.61
0.683
0.694
0.657
0.594
0.621
0.643
0.65
0.56
0.569
0.596
0.541
0.541
0.636
0.6
0.524
0.478
0.449
0.545
0.598
0.769
0.793
0.736
0.885
0.771
0.767
0.62
0.782
0.728
0.685
0.741
0.665
0.571
0.591
0.631
0.686
0.613
0.604
0.604
0.634
0.702
0.752
0.688
0.564
0.484
0.816
0.784
0.656
0.572
0.6
0.672
0.703
0.675
0.596
0.576
0.524
0.576
0.764
0.968
0.74
0.638
0.843
0.915
0.857
0.635
0.637
0.902
0.815
0.766
0.727
0.75
0.855
0.849
0.803
0.839
0.761
0.701
0.703
0.552
0.59
0.627
0.698
0.714
0.604
0.883
0.822
0.668
0.745
0.684
0.614
0.639
0.807
0.918
0.936
0.931
0.852
0.943
0.97
0.912
0.802
0.894
0.936
0.98
0.954
0.963
0.941
0.869
0.793
0.751
0.732
0.86
0.914
0.874
0.882
0.841
0.892
0.83
0.694
0.749
0.955
0.726
0.833
0.71
0.777
0.949
0.946
0.917
0.941
0.927
0.984
0.953
0.927
0.881
0.979
0.899
0.92
0.929
0.961
0.978
0.915
0.868
0.888
0.917
0.918
0.944
0.942
0.916
0.943
0.891
0.966
0.961
0.886
0.829
0.897
0.69
0.759
0.837
0.848
0.895
0.939
0.798
0.71
0.817
0.834
0.965
0.884
0.827
0.781
0.77
0.855
0.863
0.749
0.838
0.788
0.746
0.89
0.957
0.949
0.773
0.468
0.506
0.603
0.856
0.934
1.007
0.885
0.608
0.609
0.762
0.683
0.565
0.568
0.625
0.611
0.704
0.729
0.784
0.663
0.78
0.748
0.706
0.637
0.535
0.517
0.674
0.862
0.859
0.8
0.724
0.746
0.717
0.677
0.796
0.433
0.628
0.68
0.856
0.939
0.845
0.897
0.784
0.843
0.755
0.597
0.628
0.745
0.882
0.781
0.816
0.868
0.811
0.675
0.693
0.716
0.642
0.693
0.736
0.619
0.771
0.754
0.73
0.631
0.662
0.848
0.686
0.578
0.63
0.859
0.833
0.856
0.764
0.757
0.753
0.701
0.625
0.798
0.901
0.747
0.663
0.644
0.627
0.707
0.859
0.929
0.797
0.746
0.851
0.873
0.815
0.661
0.794
0.865
0.803
0.825
0.741
0.751
0.756
0.862
0.825
0.84
0.805
0.763
0.628
0.649
0.599
0.593
0.602
0.602
0.683
0.698
0.734
0.724
0.736
0.747
0.785
0.801
0.781
0.77
0.777
0.808
0.774
0.714
0.638
0.735
0.79
0.809
0.778
0.751
0.724
0.726
0.726
0.699
0.749
0.783
0.791
0.736
0.805
0.792
0.768
0.81
0.857
0.796
0.809
0.785
0.803
0.84
0.804
0.811
0.796
0.736
0.734
0.755
0.835
0.851
0.829
0.866
0.798
0.838
0.896
0.899
0.827
0.838
0.857
0.807
0.825
0.828
0.811
0.821
0.882
0.852
0.799
0.769
0.763
0.737
0.821
0.817
0.783
0.762
0.839
0.811
0.824
0.798
0.792
0.676
0.653
0.7
0.632
0.643
0.805
0.931
0.788
0.683
0.592
0.766
0.765
0.718
0.709
0.717
0.803
0.658
0.63
0.867
0.873
0.848
0.638
0.623
0.663
0.646
0.609
0.612
0.639
0.617
0.664
0.624
0.787
0.839
0.956
0.93
0.802
0.756
0.684
0.66
0.619
0.669
0.645
0.773
0.653
0.62
0.559
0.559
0.616
0.792
0.778
0.688
0.597
0.643
0.636
0.673
0.812
0.813
0.771
0.775
0.902
0.894
0.916
0.832
0.63
0.588
0.743
0.817
0.722
0.578
0.763
0.936
0.739
0.859
0.853
0.843
0.918
0.907
0.936
0.905
0.92
0.903
0.87
0.868
0.81
0.864
0.897
0.912
0.841
0.725
0.811
0.842
0.874
0.848
0.9
0.86
0.615
0.682
0.684
0.882
0.776
0.776
0.794
0.914
0.981
0.989
0.962
0.943
0.974
0.955
0.934
0.899
0.972
0.95
0.933
0.936
0.905
0.888
0.927
0.964
0.986
0.972
0.99
0.984
0.898
0.932
0.917
0.893
0.884
0.946
0.949
0.852
0.866
0.936
1.003
1.03
0.949
1.091
1.006
0.927
1.018
0.841
0.93
0.984
0.977
0.973
0.845
0.846
0.925
0.865
0.872
0.863
0.803
0.836
0.821
0.76
0.67
0.817
0.899
0.939
0.98
0.969
0.939
0.919
0.784
0.849
0.921
0.885
0.87
0.939
0.862
0.892
0.901
0.967
0.94
0.978
0.778
0.698
0.802
1.012
0.947
0.726
0.773
0.782
0.65
0.763
0.885
0.962
0.839
0.692
0.711
0.728
0.721
0.726
0.661
0.726
0.822
0.744
0.686
0.717
0.849
0.922
0.88
0.888
0.929
0.772
0.838
0.55
0.654
0.834
0.838
0.75
0.879
0.785
0.704
0.737
0.916
0.74
0.666
0.721
0.677
0.722
0.707
0.583
0.661
0.871
0.808
0.926
0.84
0.708
0.601
0.641
0.718
0.755
0.83
0.962
0.796
0.775
0.802
0.69
0.687
0.938
0.919
0.783
0.65
0.687
0.906
0.865
0.845
0.827
0.958
0.893
0.803
0.967
0.745
0.638
0.579
0.807
0.926
0.906
0.826
0.761
0.769
0.809
0.67
0.734
0.867
0.71
0.774
0.928
0.877
0.763
0.67
0.576
0.619
0.835
0.794
0.764
0.768
0.826
0.845
0.85
0.87
0.792
0.744
0.79
0.789
0.767
0.702
0.703
0.826
0.848
0.813
0.836
0.803
0.804
0.743
0.783
0.82
0.665
0.681
0.741
0.742
0.773
0.725
0.72
0.773
0.679
0.639
0.647
0.725
0.754
0.768
0.698
0.595
0.693
0.753
0.757
0.789
0.829
0.797
0.795
0.853
0.761
0.676
0.809
0.777
0.788
0.8
0.79
0.723
0.748
0.825
0.846
0.818
0.841
0.798
0.757
0.745
0.787
0.805
0.817
0.828
0.793
0.73
0.736
0.773
0.797
0.783
0.822
0.831
0.729
0.726
0.752
0.792
0.803
0.797
0.821
0.745
0.715
0.748
0.759
0.815
0.74
0.721
0.702
0.668
0.688
0.667
0.717
0.714
0.883
0.915
0.834
0.802
0.794
0.727
0.788
0.863
0.943
0.924
0.913
0.845
0.745
0.706
0.617
0.829
0.848
0.803
0.786
0.718
0.805
0.875
0.893
0.716
0.731
0.722
0.776
0.726
0.687
0.658
0.665
0.709
0.84
0.94
0.867
0.725
0.7
0.66
0.696
0.736
0.735
0.756
0.889
0.726
0.807
0.81
0.853
0.872
0.797
0.69
0.812
0.856
0.739
0.817
0.842
0.633
0.66
0.616
0.761
0.743
0.705
0.841
0.949
0.843
0.788
0.808
0.889
0.842
0.82
0.801
0.819
0.798
0.791
0.844
0.771
0.669
0.806
0.798
0.799
0.864
0.912
0.892
0.79
0.889
0.867
0.905
0.944
0.731
0.842
0.865
0.78
0.861
0.883
0.941
0.878
0.83
0.937
0.97
0.895
0.847
0.824
0.906
0.933
0.885
0.662
0.802
0.867
0.896
0.955
0.944
0.684
0.879
0.932
0.916
0.942
0.926
0.913
0.936
1.013
0.981
0.996
0.97
0.64
0.648
0.828
0.944
0.906
0.825
0.798
0.833
0.863
0.913
0.937
0.773
0.813
0.93
0.984
0.957
0.941
0.895
0.891
0.954
0.845
0.964
0.934
0.89
0.951
0.946
0.972
0.938
0.894
0.987
0.931
0.897
0.886
0.896
0.805
0.822
0.872
0.903
0.783
0.909
0.873
0.869
0.84
0.794
0.924
0.859
0.951
0.909
0.885
0.837
0.803
0.895
0.948
0.836
0.957
0.906
0.797
0.856
0.899
0.842
0.695
0.819
0.814
0.789
0.741
0.616
0.668
0.922
0.6
0.565
0.618
0.838
0.702
0.688
0.773
0.836
0.802
0.649
0.895
0.842
0.745
0.729
0.958
0.922
0.75
0.607
0.484
0.664
0.747
0.796
0.758
0.667
0.682
0.498
0.549
0.689
0.931
0.915
0.689
0.55
0.73
0.839
0.71
0.553
0.534
0.626
0.749
0.791
0.746
0.711
0.62
0.684
0.814
0.603
0.6
0.789
0.753
0.957
0.768
0.744
0.763
0.622
0.784
0.888
0.766
0.694
0.758
0.649
0.73
0.733
0.723
0.695
0.795
0.802
0.763
0.683
0.652
0.613
0.626
0.951
0.801
0.708
0.733
0.875
0.849
0.928
0.966
0.967
0.925
0.758
0.659
0.683
0.698
0.751
0.703
0.596
0.611
0.76
0.784
0.711
0.643
0.746
0.82
0.855
0.776
0.749
0.768
0.759
0.645
0.719
0.758
0.789
0.697
0.663
0.74
0.781
0.832
0.817
0.834
0.813
0.738
0.721
0.764
0.78
0.854
0.754
0.685
0.706
0.731
0.771
0.796
0.793
0.783
0.828
0.754
0.699
0.791
0.913
0.866
0.843
0.762
0.831
0.819
0.794
0.763
0.726
0.651
0.774
0.816
0.819
0.811
0.751
0.68
0.72
0.685
0.743
0.832
0.894
0.929
0.917
0.78
0.868
0.879
0.88
0.923
0.777
0.886
0.899
0.881
0.817
0.897
0.887
0.856
0.82
0.843
0.854
0.8
0.847
0.832
0.781
0.818
0.742
0.739
0.777
0.817
0.857
0.878
0.884
0.869
0.844
0.817
0.764
0.822
0.763
0.838
0.741
0.738
0.921
0.771
0.71
0.845
0.776
0.793
0.796
0.734
0.784
0.733
0.789
0.764
0.672
0.712
0.735
0.711
0.705
0.697
0.662
0.708
0.752
0.677
0.691
0.799
0.778
0.674
0.705
0.731
0.652
0.614
0.71
0.63
0.683
0.624
0.651
0.901
0.915
0.88
0.744
0.764
0.719
0.782
0.834
0.889
0.77
0.777
0.755
0.768
0.883
0.801
0.828
0.841
0.666
0.65
0.61
0.89
0.925
0.893
0.846
0.962
0.891
0.897
0.908
0.942
0.783
0.678
0.802
0.885
0.809
0.895
0.973
0.946
0.802
0.718
0.888
0.92
0.804
0.811
0.92
0.919
0.938
0.96
0.943
0.939
0.927
0.971
0.938
0.832
0.867
0.819
0.94
0.921
0.821
0.949
0.958
0.972
0.98
0.912
0.861
0.703
0.749
0.864
0.708
0.819
0.886
0.926
0.967
0.957
0.958
1.001
0.967
0.943
0.817
0.63
0.799
0.919
0.86
0.945
0.941
0.951
0.926
0.88
0.873
0.85
0.934
0.971
0.97
0.915
0.892
0.944
0.891
0.91
0.915
0.864
0.749
0.75
0.81
0.758
0.733
0.82
0.9
0.882
0.769
0.729
0.909
0.928
0.78
0.792
0.751
0.842
0.98
0.996
0.974
0.935
0.901
0.809
0.859
0.847
0.855
0.823
0.877
0.798
0.838
0.822
0.894
0.876
0.817
0.762
0.756
0.929
0.978
0.633
0.614
0.638
0.777
0.76
0.654
0.608
0.845
0.983
0.983
0.975
0.938
0.838
0.764
0.682
0.632
0.807
0.749
0.765
0.818
0.767
0.789
0.795
0.789
0.756
0.819
0.676
0.602
0.57
0.858
0.977
0.751
0.597
0.603
0.571
0.858
0.847
0.884
0.8
0.65
0.786
0.788
0.606
0.726
0.62
0.604
0.648
0.899
0.761
0.711
0.794
0.919
0.903
0.878
0.871
0.866
0.739
0.728
0.774
0.911
0.806
0.844
0.889
0.851
0.807
0.734
0.634
0.696
0.621
0.52
0.582
0.65
0.633
0.662
0.672
0.817
0.837
0.717
0.587
0.629
0.687
0.64
0.731
0.691
0.662
0.74
0.666
0.694
0.627
0.649
0.578
0.771
0.851
0.896
0.831
0.767
0.798
0.772
0.787
0.803
0.725
0.74
0.745
0.741
0.738
0.74
0.703
0.713
0.757
0.76
0.778
0.748
0.789
0.774
0.672
0.684
0.769
0.792
0.771
0.807
0.805
0.758
0.714
0.659
0.626
0.639
0.682
0.788
0.855
0.8
0.688
0.76
0.804
0.833
0.844
0.811
0.772
0.699
0.687
0.746
0.82
0.81
0.705
0.747
0.683
0.656
0.733
0.882
0.902
0.887
0.84
0.793
0.829
0.85
0.805
0.839
0.803
0.793
0.827
0.803
0.807
0.816
0.779
0.737
0.841
0.837
0.828
0.896
0.879
0.81
0.743
0.771
0.842
0.856
0.773
0.711
0.786
0.745
0.724
0.694
0.797
0.838
0.756
0.747
0.699
0.754
0.786
0.764
0.702
0.77
0.895
0.832
0.732
0.722
0.781
0.793
0.799
0.663
0.687
0.773
0.785
0.777
0.765
0.596
0.645
0.685
0.646
0.861
0.831
0.818
0.796
0.884
0.854
0.782
0.681
0.69
0.684
0.69
0.724
0.69
0.677
0.724
0.766
0.78
0.7
0.77
0.669
0.701
0.66
0.655
0.591
0.662
0.818
0.756
0.842
0.798
0.747
0.735
0.752
0.699
0.614
0.606
0.673
0.687
0.718
0.915
0.683
0.692
0.721
0.734
0.805
0.775
0.804
0.71
0.775
0.729
0.666
0.681
0.717
0.743
0.622
0.836
0.766
0.768
0.865
0.861
0.83
0.711
0.863
0.911
0.89
0.901
0.851
0.717
0.738
0.754
0.81
0.717
0.651
0.847
0.763
0.828
0.801
0.824
0.833
0.872
0.956
0.855
0.537
0.601
0.675
0.664
0.807
0.9
0.954
0.723
0.694
0.599
0.736
0.936
0.872
0.863
1.018
0.976
0.976
0.908
0.929
0.864
0.969
0.944
0.871
0.894
0.998
0.981
0.933
0.88
0.882
0.953
0.997
0.874
0.908
0.939
0.904
0.904
0.947
0.88
0.895
0.939
0.872
0.977
0.89
0.879
0.854
0.848
0.934
0.97
0.923
0.815
0.893
0.91
0.59
0.626
0.626
0.712
0.888
0.741
0.653
0.609
0.541
0.539
0.635
0.804
0.903
0.851
0.903
0.935
0.846
0.768
0.915
0.76
0.735
0.925
0.78
0.808
0.926
0.855
0.818
0.801
0.795
0.827
0.818
0.857
0.894
0.859
0.79
0.658
0.721
0.736
0.676
0.676
0.672
0.677
0.629
0.54
0.624
0.518
0.506
0.862
0.828
0.736
0.818
0.788
0.754
0.683
0.691
0.881
0.756
0.862
0.752
0.632
0.539
0.649
0.935
0.883
0.845
0.754
0.779
0.82
0.909
0.932
0.697
0.588
0.555
0.627
0.778
0.711
0.578
0.539
0.558
0.546
0.519
0.67
0.754
0.624
0.718
0.792
0.594
0.682
0.71
0.774
0.867
0.722
0.672
0.683
0.707
0.732
0.591
0.564
0.691
0.902
0.882
0.733
0.756
0.627
0.596
0.596
0.523
0.669
0.772
0.772
0.787
0.666
0.699
0.706
0.665
0.669
0.564
0.628
0.644
0.645
0.722
0.764
0.689
0.654
0.669
0.614
0.592
0.659
0.65
0.636
0.604
0.687
0.737
0.657
0.746
0.802
0.771
0.675
0.823
0.791
0.745
0.762
0.764
0.774
0.724
0.688
0.751
0.773
0.635
0.639
0.721
0.696
0.685
0.714
0.745
0.787
0.801
0.821
0.856
0.807
0.753
0.798
0.724
0.699
0.734
0.746
0.755
0.754
0.725
0.78
0.723
0.694
0.751
0.76
0.704
0.772
0.822
0.703
0.76
0.781
0.782
0.841
0.885
0.713
0.69
0.772
0.778
0.783
0.79
0.683
0.645
0.701
0.822
0.882
0.842
0.798
0.764
0.688
0.703
0.684
0.639
0.619
0.555
0.549
0.668
0.767
0.734
0.561
0.556
0.523
0.44
0.479
0.553
0.53
0.434
0.582
0.583
0.484
0.471
0.648
0.664
0.478
0.429
0.522
0.667
0.513
0.464
0.669
0.829
0.75
0.615
0.597
0.823
0.863
0.671
0.709
0.665
0.802
0.926
0.909
0.713
0.536
0.746
0.746
0.628
0.725
0.9
0.781
0.635
0.625
0.564
0.651
0.756
0.695
0.63
0.571
0.695
0.67
0.607
0.558
0.672
0.651
0.829
0.704
0.616
0.653
0.682
0.616
0.582
0.707
0.747
0.814
0.752
0.749
0.742
0.63
0.677
0.649
0.604
0.627
0.814
0.732
0.746
0.698
0.728
0.764
0.92
0.841
0.778
0.731
0.611
0.718
0.801
0.708
0.817
0.926
0.85
0.747
0.715
0.703
0.821
0.749
0.814
0.897
0.952
0.936
0.82
0.816
0.773
0.937
0.937
0.606
0.83
0.83
0.691
0.791
0.899
0.802
0.837
0.967
0.978
0.945
0.894
0.967
0.98
0.974
0.786
0.824
0.889
0.864
0.884
0.94
0.86
0.798
0.877
0.723
0.799
0.85
0.812
0.854
0.788
0.888
0.783
0.748
0.903
0.721
0.654
0.694
0.623
0.705
0.783
0.968
0.897
0.843
0.639
0.845
0.936
0.726
0.678
0.755
0.66
0.713
0.872
0.933
0.692
0.804
0.944
0.826
0.853
0.64
0.882
0.925
0.945
0.883
0.826
0.798
0.832
0.919
0.864
0.871
0.721
0.567
0.677
0.686
0.596
0.545
0.65
0.577
0.583
0.639
0.624
0.785
0.773
0.76
0.632
0.622
0.621
0.765
0.65
0.548
0.841
0.929
0.882
0.776
0.707
0.712
0.687
0.547
0.669
0.635
0.751
0.612
0.54
0.473
0.758
0.823
0.778
0.552
0.576
0.776
0.874
0.676
0.656
0.757
0.721
0.606
0.682
0.706
0.688
0.81
0.815
0.834
0.869
0.863
0.837
0.658
0.64
0.609
0.544
0.49
0.596
0.502
0.58
0.74
0.812
0.672
0.72
0.731
0.689
0.68
0.748
0.745
0.774
0.618
0.732
0.771
0.656
0.571
0.67
0.74
0.718
0.928
0.776
0.684
0.685
0.748
0.703
0.644
0.636
0.838
0.957
0.821
0.754
0.761
0.721
0.719
0.717
0.68
0.873
0.752
0.634
0.657
0.641
0.673
0.725
0.832
0.795
0.725
0.782
0.766
0.78
0.886
0.747
0.733
0.8
0.748
0.748
0.781
0.795
0.768
0.775
0.696
0.754
0.718
0.712
0.724
0.802
0.844
0.786
0.762
0.707
0.649
0.75
0.813
0.786
0.716
0.743
0.776
0.818
0.818
0.794
0.804
0.817
0.76
0.79
0.751
0.709
0.727
0.74
0.777
0.759
0.746
0.809
0.846
0.837
0.847
0.857
0.824
0.803
0.731
0.924
0.835
0.839
0.88
0.853
0.804
0.786
0.745
0.778
0.863
0.824
0.852
0.929
0.773
0.74
0.741
0.792
0.87
0.822
0.778
0.801
0.847
0.867
0.846
0.841
0.849
0.838
0.811
0.835
0.865
0.762
0.755
0.732
0.81
0.831
0.871
0.894
0.843
0.768
0.848
0.843
0.766
0.759
0.755
0.701
0.751
0.831
0.774
0.912
0.916
0.794
0.767
0.755
0.781
0.657
0.686
0.696
0.721
0.751
0.86
0.959
0.898
0.734
0.777
0.717
0.706
0.689
0.649
0.622
0.662
0.821
0.829
0.897
0.775
0.72
0.676
0.682
0.761
0.727
0.884
0.908
0.811
0.782
0.798
0.756
0.698
0.627
0.649
0.592
0.624
0.698
0.671
0.666
0.882
0.931
0.94
0.893
0.747
0.835
0.924
0.796
0.723
0.744
0.787
0.767
0.724
0.689
0.834
0.834
0.762
0.776
0.865
0.943
0.936
0.878
0.905
0.897
0.812
0.703
0.814
0.758
0.767
0.58
0.877
0.932
0.801
0.871
0.973
0.895
0.89
0.94
0.901
0.969
0.981
0.817
0.874
0.888
0.849
0.8
0.881
0.834
0.814
0.889
0.918
0.872
0.938
0.935
0.94
0.943
0.94
0.949
0.963
0.973
0.971
0.978
0.945
0.923
0.984
0.982
0.965
0.982
0.994
1
0.98
0.947
0.966
0.956
0.867
0.9
0.954
0.97
0.976
0.844
0.884
0.905
0.926
0.946
0.961
0.953
0.888
0.796
0.812
0.854
0.957
0.935
0.869
0.862
0.987
0.843
0.614
0.789
0.829
0.958
0.893
0.865
0.582
0.58
0.647
0.862
0.692
0.826
0.896
0.897
0.906
0.742
0.758
0.553
0.601
0.829
0.83
0.762
0.744
0.691
0.847
0.801
0.867
0.757
0.766
0.861
0.924
0.787
0.769
0.9
0.928
0.801
0.671
0.778
0.765
0.707
0.663
0.694
0.652
0.713
0.724
0.612
0.732
0.841
0.788
0.806
0.662
0.662
0.69
0.651
0.93
0.824
0.714
0.685
0.824
0.906
0.744
0.745
0.64
0.829
0.869
0.698
0.668
0.567
0.823
0.867
0.828
0.761
0.783
0.565
0.539
0.61
0.607
0.519
0.508
0.55
0.625
0.62
0.605
0.776
0.722
0.767
0.751
0.581
0.592
0.676
0.787
0.607
0.604
0.92
0.886
0.834
0.762
0.697
0.663
0.801
0.882
0.664
0.767
0.779
0.801
0.834
0.847
0.804
0.705
0.63
0.808
0.849
0.871
0.783
0.812
0.935
0.808
0.633
0.612
0.694
0.728
0.667
0.66
0.705
0.687
0.722
0.621
0.591
0.656
0.705
0.786
0.856
0.742
0.663
0.603
0.671
0.648
0.665
0.654
0.751
0.78
0.677
0.773
0.839
0.749
0.641
0.738
0.775
0.655
0.696
0.728
0.695
0.65
0.693
0.62
0.64
0.725
0.79
0.807
0.78
0.784
0.789
0.762
0.773
0.822
0.812
0.693
0.796
0.871
0.797
0.777
0.734
0.802
0.816
0.764
0.665
0.708
0.803
0.801
0.838
0.851
0.823
0.832
0.793
0.707
0.628
0.776
0.817
0.831
0.806
0.868
0.732
0.848
0.878
0.824
0.82
0.845
0.794
0.76
0.7
0.718
0.791
0.747
0.639
0.682
0.733
0.698
0.639
0.687
0.751
0.824
0.814
0.736
0.628
0.747
0.764
0.699
0.633
0.678
0.844
0.926
0.834
0.781
0.838
0.792
0.913
0.905
0.825
0.817
0.805
0.783
0.696
0.681
0.695
0.632
0.739
0.96
0.803
0.67
0.629
0.628
0.733
0.89
0.95
0.888
0.884
0.744
0.858
0.745
0.647
0.692
0.705
0.726
0.868
0.866
0.925
0.809
0.699
0.742
0.642
0.67
0.724
0.668
0.633
0.789
0.726
0.656
0.718
0.64
0.642
0.71
0.747
0.777
0.736
0.639
0.628
0.772
0.755
0.802
0.822
0.755
0.88
0.784
0.658
0.659
0.659
0.771
0.856
0.744
0.857
0.835
0.949
0.934
0.842
0.809
0.801
0.788
0.74
0.708
0.817
0.814
0.807
0.727
0.772
0.917
0.948
0.962
0.863
0.874
0.968
0.909
0.924
0.719
0.708
0.694
0.859
0.623
0.715
0.831
0.916
0.913
0.878
0.832
0.834
0.923
0.847
0.856
0.926
0.895
0.933
0.912
0.893
0.947
0.955
0.951
0.931
0.929
0.873
0.925
0.777
0.853
0.824
0.874
0.92
0.936
0.906
0.885
0.96
0.779
0.698
0.733
0.825
0.903
0.951
0.963
0.947
0.739
0.862
0.858
0.884
0.92
0.884
0.887
0.872
0.948
0.88
0.868
0.805
0.74
0.763
0.885
0.809
0.768
0.775
0.955
0.888
0.878
0.767
0.745
0.736
0.931
0.706
0.562
0.764
0.827
0.914
0.564
0.79
0.785
0.815
0.842
0.864
0.56
0.493
0.711
0.81
0.843
0.893
0.842
0.758
0.848
0.848
0.92
0.86
0.54
0.705
0.748
0.908
0.946
0.928
0.895
0.843
0.823
0.72
0.733
0.882
0.896
0.678
0.687
0.694
0.666
0.86
0.936
0.78
0.748
0.756
0.893
0.883
0.85
0.771
0.778
0.78
0.773
0.866
0.813
0.907
0.745
0.695
0.721
0.695
0.746
0.923
0.854
0.742
0.697
0.892
0.699
0.62
0.646
0.823
0.876
0.939
0.896
0.712
0.754
0.931
0.958
0.79
0.747
0.862
0.882
0.811
0.708
0.706
0.694
0.627
0.714
0.832
0.887
0.816
0.714
0.762
0.767
0.808
0.772
0.724
0.689
0.826
0.873
0.818
0.912
0.785
0.741
0.689
0.71
0.736
0.78
0.799
0.809
0.82
0.765
0.719
0.672
0.687
0.746
0.674
0.683
0.672
0.684
0.658
0.758
0.794
0.769
0.622
0.716
0.81
0.768
0.75
0.751
0.732
0.708
0.63
0.652
0.755
0.767
0.663
0.593
0.635
0.626
0.669
0.759
0.751
0.784
0.753
0.729
0.703
0.765
0.834
0.777
0.746
0.802
0.827
0.819
0.845
0.822
0.748
0.742
0.774
0.765
0.782
0.766
0.782
0.763
0.722
0.639
0.608
0.693
0.769
0.723
0.755
0.802
0.761
0.758
0.763
0.867
0.797
0.668
0.826
0.875
0.889
0.794
0.7
0.705
0.803
0.791
0.713
0.728
0.745
0.7
0.714
0.649
0.639
0.607
0.537
0.422
0.386
0.452
0.596
0.493
0.383
0.535
0.77
0.688
0.505
0.554
0.72
0.826
0.8
0.722
0.704
0.593
0.642
0.805
0.951
0.816
0.725
0.708
0.738
0.734
0.795
0.806
0.784
0.615
0.647
0.551
0.569
0.592
0.725
0.807
0.706
0.537
0.603
0.732
0.596
0.696
0.778
0.624
0.637
0.639
0.78
0.712
0.849
0.918
0.798
0.687
0.771
0.779
0.723
0.665
0.575
0.624
0.729
0.719
0.865
0.697
0.722
0.853
0.938
0.857
0.802
0.708
0.761
0.857
0.84
0.837
0.722
0.811
0.687
0.811
0.894
0.863
0.881
0.775
0.724
0.847
0.847
0.852
0.833
0.573
0.717
0.883
0.859
0.91
0.893
0.95
0.926
0.824
0.934
0.896
0.947
0.934
0.949
0.928
0.861
0.894
0.925
0.977
0.88
0.724
0.789
0.692
0.79
0.941
0.931
0.961
0.97
0.993
0.953
0.953
0.921
0.913
0.945
0.933
0.946
0.931
0.924
0.979
0.977
0.887
0.76
0.796
0.794
0.631
0.675
0.859
0.857
0.825
0.833
0.847
0.798
0.77
0.712
0.844
0.87
0.881
0.723
0.906
0.931
0.919
0.976
0.976
0.993
0.977
0.935
0.68
0.833
0.838
0.751
0.776
0.914
0.762
0.793
0.806
0.918
0.884
0.871
0.935
0.953
0.977
0.977
0.938
0.977
0.908
0.884
0.776
0.809
0.967
0.965
0.966
0.969
0.811
0.951
0.934
0.877
0.953
0.918
0.857
0.718
0.852
0.854
0.941
0.937
0.75
0.844
0.782
0.92
0.922
0.862
0.927
0.847
0.748
0.687
0.803
0.783
0.656
0.712
0.87
0.616
0.721
0.783
0.738
0.82
0.949
0.896
0.689
0.931
0.918
0.871
0.837
0.761
0.658
0.695
0.602
0.611
0.615
0.825
0.901
0.797
0.727
0.797
0.84
0.668
0.477
0.591
0.65
0.458
0.547
0.644
0.679
0.737
0.919
0.822
0.671
0.822
0.751
0.832
0.897
0.902
0.838
0.839
0.879
0.703
0.652
0.863
0.866
0.847
0.873
0.831
0.841
0.777
0.723
0.816
0.788
0.785
0.765
0.72
0.713
0.714
0.78
0.893
0.754
0.619
0.786
0.908
0.839
0.693
0.781
0.779
0.767
0.681
0.808
0.917
0.901
0.785
0.71
0.793
0.86
0.804
0.763
0.753
0.687
0.623
0.616
0.626
0.685
0.75
0.762
0.675
0.744
0.732
0.697
0.694
0.673
0.777
0.82
0.792
0.799
0.824
0.876
0.876
0.829
0.768
0.677
0.685
0.787
0.789
0.736
0.821
0.706
0.731
0.844
0.838
0.821
0.758
0.767
0.819
0.866
0.848
0.735
0.702
0.803
0.796
0.815
0.815
0.828
0.84
0.829
0.816
0.787
0.815
0.803
0.817
0.82
0.834
0.8
0.843
0.864
0.815
0.767
0.706
0.762
0.846
0.87
0.732
0.694
0.863
0.887
0.822
0.821
0.852
0.809
0.755
0.959
0.934
0.879
0.831
0.76
0.697
0.753
0.83
0.846
0.84
0.809
0.778
0.791
0.833
0.829
0.713
0.663
0.73
0.861
0.758
0.672
0.892
0.806
0.822
0.758
0.669
0.806
0.782
0.822
0.725
0.673
0.659
0.658
0.834
0.72
0.617
0.635
0.695
0.65
0.753
0.755
0.73
0.625
0.742
0.759
0.81
0.702
0.59
0.757
0.704
0.773
0.751
0.713
0.64
0.797
0.859
0.74
0.767
0.809
0.72
0.774
0.864
0.855
0.842
0.772
0.854
0.844
0.692
0.618
0.567
0.576
0.881
0.907
0.736
0.601
0.757
0.92
0.856
0.917
0.874
0.796
0.814
0.868
0.784
0.836
0.605
0.785
0.872
0.879
0.814
0.785
0.758
0.611
0.585
0.718
0.861
0.916
0.846
0.873
0.892
0.91
0.881
0.652
0.642
0.89
0.943
0.901
0.882
0.889
0.904
0.847
0.858
0.877
0.948
0.954
0.912
0.926
0.894
0.753
0.914
0.865
0.783
0.808
0.955
0.957
0.904
0.938
0.864
0.789
0.88
0.865
0.761
0.869
0.943
0.91
0.815
0.891
0.834
0.915
0.938
0.841
0.771
0.85
0.865
0.78
0.875
0.865
0.947
0.956
0.879
0.859
0.869
0.874
0.956
0.977
0.95
0.918
0.923
0.967
0.923
0.901
0.908
0.928
0.826
0.885
0.907
0.914
0.846
0.818
0.842
0.886
0.887
0.934
0.881
0.818
0.843
0.918
0.856
0.844
0.808
0.741
0.686
0.831
0.868
0.833
0.916
0.927
0.865
0.77
0.789
0.832
0.713
0.766
0.58
0.554
0.812
0.754
0.851
0.865
0.898
0.866
0.867
0.757
0.598
0.673
0.788
0.897
0.904
0.891
0.875
0.829
0.956
0.936
0.882
0.864
0.776
0.734
0.581
0.621
0.774
0.764
0.743
0.688
0.72
0.789
0.867
0.71
0.578
0.633
0.733
0.707
0.72
0.824
0.792
0.849
0.83
0.648
0.777
0.724
0.736
0.652
0.643
0.775
0.846
0.921
0.711
0.69
0.761
0.699
0.8
0.753
0.748
0.715
0.739
0.713
0.712
0.774
0.89
0.794
0.776
0.782
0.804
0.826
0.862
0.794
0.759
0.786
0.832
0.802
0.788
0.828
0.769
0.799
0.837
0.712
0.686
0.701
0.677
0.655
0.652
0.696
0.736
0.749
0.869
0.964
0.878
0.819
0.811
0.756
0.789
0.805
0.805
0.763
0.646
0.727
0.753
0.712
0.712
0.866
0.706
0.712
0.746
0.731
0.679
0.712
0.718
0.827
0.812
0.807
0.792
0.781
0.817
0.769
0.768
0.785
0.835
0.811
0.821
0.8
0.761
0.751
0.811
0.763
0.768
0.783
0.824
0.807
0.747
0.766
0.888
0.915
0.854
0.782
0.825
0.841
0.804
0.736
0.816
0.861
0.855
0.756
0.755
0.74
0.77
0.839
0.847
0.811
0.78
0.766
0.735
0.728
0.731
0.84
0.894
0.934
0.845
0.768
0.827
0.828
0.8
0.824
0.85
0.853
0.887
0.886
0.761
0.763
0.761
0.801
0.794
0.781
0.765
0.829
0.911
0.862
0.721
0.676
0.75
0.742
0.745
0.762
0.797
0.843
0.76
0.717
0.699
0.64
0.598
0.607
0.682
0.725
0.676
0.66
0.719
0.799
0.653
0.629
0.742
0.556
0.597
0.616
0.575
0.558
0.655
0.689
0.655
0.735
0.714
0.851
0.823
0.865
0.801
0.61
0.822
0.932
0.917
0.859
0.811
0.871
0.853
0.693
0.663
0.8
0.804
0.867
0.81
0.66
0.771
0.912
0.797
0.902
0.731
0.716
0.779
0.622
0.574
0.603
0.774
0.759
0.73
0.68
0.6
0.771
0.907
0.93
0.956
0.922
0.807
0.791
0.923
0.99
0.869
0.75
0.695
0.791
0.78
0.836
0.843
0.832
0.822
0.788
0.88
0.918
0.981
0.861
0.843
0.969
0.845
0.883
0.847
0.812
0.875
0.866
0.856
0.879
0.918
0.809
0.9
0.927
0.931
0.919
0.986
0.926
0.932
0.891
0.96
0.967
0.971
0.907
0.977
0.976
0.905
0.93
0.96
0.92
0.951
0.969
0.97
0.984
0.976
0.918
0.883
0.749
0.804
0.718
0.69
0.902
0.856
0.863
0.881
0.851
0.981
0.962
0.959
0.914
0.928
0.933
0.957
0.964
0.945
0.964
0.96
0.961
0.917
0.838
0.833
0.936
0.967
0.872
0.9
0.901
0.835
0.897
0.954
0.853
0.678
0.526
0.705
0.853
0.916
0.947
0.853
0.86
0.884
0.862
0.873
0.954
0.91
0.816
0.855
0.938
0.91
0.879
0.869
0.655
0.6
0.723
0.915
0.876
0.75
0.681
0.728
0.763
0.782
0.833
0.916
0.919
0.845
0.814
0.927
0.861
0.806
0.826
0.783
0.88
0.799
0.698
0.781
0.821
0.858
0.736
0.706
0.644
0.724
0.838
0.845
0.762
0.698
0.717
0.782
0.754
0.668
0.718
0.622
0.588
0.608
0.621
0.717
0.837
0.902
0.94
0.85
0.739
0.847
0.822
0.745
0.761
0.841
0.732
0.737
0.815
0.652
0.638
0.586
0.631
0.654
0.598
0.686
0.719
0.864
0.798
0.795
0.792
0.752
0.67
0.668
0.807
0.848
0.627
0.715
0.823
0.839
0.793
0.668
0.673
0.668
0.697
0.607
0.616
0.65
0.754
0.851
0.811
0.722
0.665
0.616
0.631
0.669
0.69
0.736
0.78
0.834
0.766
0.795
0.787
0.739
0.776
0.771
0.725
0.635
0.73
0.643
0.635
0.666
0.631
0.677
0.666
0.724
0.714
0.785
0.778
0.742
0.716
0.753
0.757
0.764
0.77
0.691
0.619
0.58
0.723
0.773
0.833
0.805
0.852
0.81
0.807
0.801
0.734
0.79
0.77
0.755
0.768
0.826
0.762
0.908
0.791
0.735
0.711
0.712
0.736
0.746
0.714
0.753
0.829
0.779
0.779
0.739
0.783
0.79
0.824
0.817
0.836
0.909
0.858
0.781
0.743
0.781
0.802
0.862
0.829
0.772
0.795
0.769
0.762
0.808
0.884
0.774
0.694
0.904
0.872
0.754
0.705
0.717
0.627
0.727
0.715
0.689
0.742
0.801
0.736
0.668
0.613
0.631
0.699
0.746
0.895
0.933
0.783
0.745
0.743
0.61
0.69
0.861
0.824
0.799
0.839
0.798
0.676
0.743
0.627
0.664
0.711
0.744
0.707
0.691
0.724
0.821
0.854
0.826
0.882
0.888
0.868
0.85
0.765
0.679
0.689
0.624
0.654
0.634
0.753
0.808
0.794
0.679
0.886
0.856
0.687
0.657
0.667
0.575
0.653
0.726
0.78
0.679
0.625
0.643
0.762
0.802
0.761
0.775
0.846
0.627
0.645
0.588
0.673
0.624
0.946
0.889
0.638
0.712
0.658
0.709
0.801
0.757
0.73
0.858
0.803
0.797
0.822
0.844
0.882
0.743
0.791
0.816
0.801
0.935
0.912
0.905
0.876
0.928
0.924
0.961
0.954
0.915
0.909
0.874
0.951
0.947
0.856
0.905
0.887
0.927
0.936
0.984
0.944
0.935
0.965
0.952
0.943
0.924
0.961
0.951
0.961
0.912
0.898
0.95
0.926
0.917
0.746
0.822
0.873
0.844
0.828
0.901
0.821
0.859
0.862
0.73
0.825
0.928
0.9
0.839
0.911
0.899
0.763
0.879
0.812
0.821
0.713
0.756
0.783
0.884
0.86
0.81
0.797
0.864
0.968
0.956
0.878
0.82
0.811
0.787
0.788
0.888
0.887
0.847
0.846
0.845
0.821
0.882
0.854
0.513
0.633
0.692
0.737
0.775
0.825
0.778
0.777
0.625
0.786
0.815
0.748
0.905
0.798
0.756
0.802
0.881
0.858
0.794
0.971
0.905
0.828
0.899
0.863
0.79
0.677
0.651
0.772
0.623
0.683
0.724
0.579
0.685
0.794
0.715
0.711
0.774
0.667
0.794
0.78
0.675
0.737
0.807
0.802
0.821
0.743
0.753
0.677
0.84
0.815
0.693
0.634
0.593
0.713
0.721
0.712
0.753
0.695
0.797
0.768
0.688
0.601
0.614
0.62
0.679
0.769
0.783
0.644
0.626
0.66
0.704
0.752
0.753
0.691
0.769
0.708
0.729
0.762
0.589
0.528
0.633
0.7
0.821
0.868
0.854
0.834
0.925
0.847
0.78
0.76
0.864
0.768
0.735
0.693
0.598
0.566
0.741
0.828
0.781
0.708
0.676
0.618
0.691
0.779
0.799
0.742
0.762
0.594
0.53
0.607
0.711
0.727
0.75
0.68
0.737
0.716
0.66
0.585
0.538
0.636
0.719
0.762
0.702
0.755
0.819
0.824
0.725
0.666
0.797
0.79
0.738
0.744
0.687
0.679
0.753
0.784
0.789
0.767
0.684
0.654
0.64
0.758
0.805
0.758
0.827
0.799
0.8
0.827
0.777
0.751
0.805
0.789
0.798
0.791
0.816
0.711
0.739
0.773
0.772
0.829
0.844
0.818
0.825
0.809
0.825
0.829
0.863
0.821
0.741
0.795
0.835
0.829
0.792
0.812
0.837
0.735
0.7
0.8
0.81
0.748
0.75
0.822
0.834
0.84
0.728
0.753
0.798
0.797
0.785
0.796
0.819
0.918
0.951
0.881
0.858
0.82
0.823
0.867
0.758
0.723
0.751
0.706
0.716
0.748
0.84
0.853
0.83
0.768
0.762
0.769
0.753
0.697
0.772
0.786
0.777
0.677
0.806
0.832
0.819
0.711
0.626
0.597
0.765
0.673
0.779
0.754
0.701
0.789
0.818
0.8
0.662
0.69
0.681
0.642
0.76
0.815
0.693
0.628
0.683
0.601
0.634
0.951
0.873
0.926
0.813
0.716
0.836
0.822
0.792
0.724
0.621
0.884
0.839
0.669
0.748
0.813
0.73
0.651
0.751
0.706
0.691
0.681
0.834
0.919
0.833
0.854
0.959
0.812
0.827
0.809
0.865
0.982
0.867
0.82
0.89
0.755
0.678
0.752
0.805
0.702
0.68
0.787
0.796
0.693
0.83
0.91
0.94
0.769
0.828
0.659
0.782
0.794
0.834
0.572
0.42
0.567
0.684
0.749
0.878
0.862
0.86
0.794
0.923
0.824
0.761
0.781
0.869
0.977
0.918
0.902
0.904
0.942
0.864
0.802
0.829
0.883
0.934
0.916
0.825
0.83
0.868
0.981
0.951
0.89
0.867
0.821
0.657
0.756
0.892
0.973
0.93
0.936
0.825
0.695
0.796
0.863
0.769
0.867
0.957
0.905
0.93
0.814
0.851
0.929
0.883
0.83
0.893
0.853
0.902
0.901
0.734
0.695
0.742
0.777
0.846
0.884
0.887
0.882
0.888
0.912
0.932
0.869
0.888
0.893
0.953
0.877
0.939
0.923
0.953
0.945
0.83
0.891
0.958
0.957
0.934
0.873
0.933
0.855
0.849
0.829
0.812
0.58
0.816
0.841
0.844
0.829
0.752
0.684
0.821
0.866
0.829
0.723
0.77
0.668
0.792
0.86
0.868
0.892
0.94
0.932
0.825
0.752
0.777
0.835
0.695
0.681
0.747
0.844
0.741
0.732
0.926
0.72
0.699
0.72
0.825
0.813
0.716
0.859
0.927
0.78
0.694
0.773
0.72
0.772
0.767
0.836
0.67
0.503
0.524
0.689
0.79
0.878
0.918
0.917
0.835
0.716
0.737
0.832
0.849
0.793
0.817
0.815
0.689
0.63
0.663
0.67
0.713
0.642
0.814
0.735
0.611
0.692
0.788
0.824
0.668
0.648
0.791
0.786
0.714
0.596
0.577
0.693
0.716
0.755
0.706
0.663
0.636
0.566
0.58
0.672
0.692
0.78
0.868
0.717
0.661
0.752
0.743
0.573
0.543
0.628
0.642
0.626
0.652
0.524
0.633
0.603
0.693
0.683
0.656
0.662
0.59
0.654
0.705
0.685
0.704
0.784
0.698
0.594
0.64
0.66
0.598
0.721
0.767
0.68
0.638
0.675
0.725
0.708
0.76
0.686
0.723
0.658
0.733
0.613
0.7
0.791
0.812
0.774
0.657
0.629
0.634
0.726
0.73
0.738
0.812
0.779
0.815
0.76
0.619
0.68
0.703
0.731
0.707
0.876
0.834
0.843
0.827
0.783
0.834
0.741
0.715
0.726
0.636
0.735
0.773
0.695
0.668
0.845
0.975
0.936
0.888
0.798
0.801
0.864
0.823
0.765
0.768
0.725
0.828
0.799
0.742
0.696
0.728
0.786
0.718
0.694
0.735
0.846
0.886
0.841
0.851
0.785
0.687
0.751
0.738
0.638
0.657
0.69
0.716
0.786
0.728
0.682
0.628
0.692
0.66
0.795
0.802
0.698
0.655
0.62
0.705
0.815
0.744
0.652
0.705
0.705
0.73
0.648
0.648
0.775
0.878
0.744
0.642
0.655
0.679
0.79
0.756
0.774
0.74
0.601
0.523
0.556
0.944
0.776
0.765
0.836
0.92
0.69
0.578
0.627
0.652
0.689
0.595
0.6
0.62
0.663
0.657
0.726
0.594
0.632
0.717
0.789
0.864
0.835
0.791
0.661
0.657
0.677
0.835
0.786
0.885
0.92
0.9
0.771
0.808
0.867
0.919
0.847
0.81
0.785
0.822
0.874
0.913
0.882
0.766
0.88
0.88
0.946
0.938
0.943
0.95
0.957
0.925
0.927
0.844
0.882
0.95
0.921
0.99
0.94
0.977
0.939
0.869
0.922
0.731
0.828
0.834
0.922
0.946
0.889
0.874
0.894
0.905
0.883
0.876
0.883
0.89
0.91
0.942
0.926
0.911
0.84
0.925
0.807
0.829
0.862
0.89
0.901
0.888
0.825
0.689
0.551
0.674
0.843
0.877
0.85
0.835
0.896
0.93
0.907
0.823
0.83
0.815
0.952
0.93
0.941
0.95
0.993
0.988
0.938
0.908
0.858
0.88
0.666
0.874
0.912
0.922
0.902
0.872
0.931
0.897
0.493
0.5
0.681
0.918
0.902
0.901
0.913
0.953
0.83
0.732
0.904
0.894
0.829
0.903
0.943
0.936
0.936
0.894
0.895
0.818
0.893
0.902
0.881
0.843
0.831
0.809
0.81
0.784
0.861
0.961
0.778
0.829
0.88
0.831
0.75
0.669
0.787
0.789
0.861
0.705
0.768
0.915
0.899
0.67
0.679
0.922
0.788
0.748
0.759
0.767
0.771
0.857
0.881
0.88
0.882
0.76
0.591
0.607
0.683
0.659
0.635
0.856
0.791
0.717
0.687
0.638
0.672
0.725
0.656
0.741
0.72
0.638
0.771
0.799
0.801
0.743
0.595
0.577
0.738
0.952
0.83
0.741
0.814
0.896
0.757
0.866
0.834
0.786
0.737
0.766
0.708
0.628
0.739
0.765
0.697
0.725
0.629
0.743
0.853
0.726
0.6
0.576
0.772
0.724
0.61
0.691
0.838
0.797
0.755
0.769
0.764
0.739
0.833
0.699
0.701
0.736
0.745
0.641
0.735
0.741
0.747
0.744
0.641
0.686
0.728
0.716
0.736
0.731
0.825
0.803
0.822
0.781
0.799
0.7
0.737
0.865
0.812
0.773
0.794
0.777
0.818
0.813
0.78
0.787
0.764
0.803
0.784
0.705
0.774
0.803
0.743
0.772
0.836
0.819
0.799
0.8
0.733
0.761
0.837
0.771
0.751
0.73
0.794
0.821
0.827
0.829
0.771
0.777
0.824
0.83
0.798
0.788
0.749
0.806
0.816
0.732
0.756
0.774
0.777
0.725
0.8
0.801
0.837
0.784
0.8
0.789
0.735
0.766
0.821
0.768
0.817
0.893
0.847
0.759
0.612
0.647
0.713
0.662
0.722
0.796
0.727
0.693
0.678
0.718
0.602
0.646
0.801
0.908
0.846
0.854
0.744
0.725
0.767
0.725
0.654
0.692
0.777
0.74
0.683
0.64
0.745
0.827
0.791
0.79
0.815
0.785
0.746
0.705
0.617
0.593
0.734
0.689
0.816
0.697
0.546
0.654
0.572
0.484
0.672
0.744
0.811
0.694
0.626
0.575
0.532
0.721
0.677
0.681
0.743
0.842
0.715
0.707
0.737
0.716
0.587
0.621
0.769
0.822
0.743
0.619
0.509
0.572
0.798
0.716
0.804
0.809
0.756
0.722
0.855
0.907
0.998
0.796
0.787
0.782
0.76
0.845
0.782
0.777
0.771
0.871
0.909
0.855
0.85
0.852
0.86
0.913
0.938
0.856
0.75
0.828
0.602
0.629
0.791
0.837
0.843
0.925
0.842
0.854
0.77
0.741
0.884
0.775
0.93
0.952
0.981
0.968
0.947
0.857
0.929
0.978
0.905
0.945
1.017
0.936
0.803
0.816
0.831
0.775
0.829
0.915
0.899
0.764
0.842
0.962
0.89
0.908
0.95
0.938
0.934
0.936
0.879
0.899
0.861
0.948
0.904
0.942
0.922
0.963
0.991
1.002
0.852
0.862
0.892
0.89
0.934
0.955
0.7
0.816
0.9
0.764
0.813
0.863
0.76
0.917
0.917
0.889
0.851
0.93
0.976
0.86
0.819
0.921
0.881
0.783
0.556
0.834
0.805
0.633
0.79
0.836
0.798
0.736
0.766
0.882
0.959
0.696
0.765
0.621
0.515
0.375
0.608
0.844
0.866
0.981
0.856
0.897
0.91
0.473
0.66
0.657
0.667
0.72
0.71
0.798
0.788
0.619
0.587
0.594
0.689
0.659
0.842
0.828
0.668
0.786
0.864
0.765
0.767
0.671
0.608
0.916
0.74
0.769
0.883
0.792
0.682
0.618
0.645
0.759
0.652
0.749
0.943
0.904
0.666
0.538
0.553
0.706
0.951
0.816
0.788
0.713
0.683
0.706
0.64
0.609
0.781
0.87
0.85
0.818
0.732
0.597
0.563
0.679
0.75
0.847
0.76
0.801
0.791
0.675
0.537
0.698
0.757
0.663
0.829
0.643
0.543
0.509
0.504
0.569
0.63
0.728
0.709
0.765
0.846
0.874
0.903
0.818
0.678
0.645
0.736
0.875
0.842
0.716
0.668
0.596
0.627
0.809
0.81
0.837
0.94
0.821
0.681
0.66
0.641
0.675
0.837
0.826
0.79
0.804
0.778
0.753
0.72
0.644
0.648
0.769
0.714
0.651
0.712
0.832
0.841
0.889
0.86
0.817
0.795
0.713
0.715
0.72
0.745
0.709
0.795
0.743
0.692
0.674
0.67
0.792
0.758
0.806
0.782
0.727
0.777
0.859
0.87
0.808
0.832
0.827
0.796
0.765
0.867
0.76
0.792
0.757
0.796
0.738
0.812
0.817
0.678
0.643
0.794
0.827
0.836
0.828
0.774
0.761
0.74
0.67
0.649
0.7
0.818
0.759
0.809
0.701
0.775
0.77
0.686
0.588
0.705
0.758
0.882
0.823
0.754
0.696
0.662
0.648
0.674
0.692
0.62
0.658
0.871
0.92
0.872
0.793
0.744
0.746
0.659
0.679
0.711
0.741
0.735
0.619
0.667
0.718
0.872
0.821
0.799
0.719
0.693
0.832
0.779
0.654
0.681
0.673
0.553
0.802
0.697
0.751
0.68
0.709
0.741
0.733
0.955
0.786
0.669
0.715
0.75
0.796
0.892
0.889
0.745
0.629
0.622
0.687
0.678
0.717
0.949
0.928
0.773
0.637
0.713
0.855
0.766
0.829
0.853
0.637
0.668
0.748
0.609
0.649
0.623
0.619
0.769
0.722
0.794
0.751
0.778
0.763
0.744
0.764
0.788
0.769
0.846
0.885
0.798
0.824
0.82
0.827
0.839
0.81
0.78
0.792
0.737
0.801
0.814
0.678
0.805
0.896
0.662
0.59
0.553
0.754
0.801
0.885
0.625
0.618
0.603
0.822
0.936
0.906
0.659
0.753
0.775
0.927
0.883
0.918
0.919
0.883
0.933
0.91
0.865
0.773
0.891
0.749
0.879
0.955
0.903
0.771
0.776
0.863
0.913
0.933
0.916
0.916
0.855
0.923
0.92
0.926
0.944
0.967
0.949
0.96
0.989
0.976
0.973
0.926
0.931
0.959
0.944
0.926
0.944
0.781
0.686
0.764
0.563
0.71
0.823
0.864
0.919
0.944
0.88
0.902
0.897
0.913
0.845
0.944
0.93
0.911
0.952
0.936
0.949
0.956
0.941
0.95
0.956
0.969
0.963
0.884
0.975
0.97
0.952
0.901
0.891
0.956
0.974
0.952
0.919
0.934
0.907
0.885
0.84
0.812
0.769
0.781
0.853
0.832
0.925
0.99
0.958
0.911
0.712
0.529
0.543
0.691
0.727
0.838
0.905
0.843
0.645
0.727
0.643
0.732
0.92
0.867
0.731
0.617
0.652
0.619
0.601
0.637
0.567
0.64
0.664
0.857
0.753
0.642
0.655
0.545
0.769
0.699
0.562
0.704
0.636
0.694
0.671
0.576
0.527
0.598
0.677
0.771
0.913
0.933
0.742
0.613
0.546
0.664
0.735
0.813
0.745
0.631
0.6
0.71
0.728
0.847
0.671
0.542
0.841
0.904
0.881
0.759
0.698
0.7
0.905
0.952
0.838
0.642
0.662
0.769
0.746
0.771
0.756
0.731
0.691
0.727
0.713
0.609
0.678
0.782
0.683
0.795
0.77
0.803
0.846
0.714
0.632
0.862
0.732
0.719
0.771
0.8
0.835
0.889
0.776
0.774
0.754
0.763
0.752
0.702
0.763
0.777
0.776
0.709
0.67
0.806
0.824
0.749
0.633
0.62
0.583
0.579
0.677
0.749
0.702
0.696
0.68
0.809
0.71
0.655
0.757
0.798
0.791
0.766
0.776
0.762
0.815
0.802
0.783
0.808
0.754
0.812
0.799
0.839
0.701
0.654
0.807
0.812
0.665
0.718
0.802
0.805
0.819
0.846
0.843
0.796
0.731
0.723
0.727
0.75
0.817
0.82
0.835
0.804
0.791
0.766
0.686
0.687
0.609
0.662
0.787
0.802
0.819
0.846
0.791
0.716
0.582
0.551
0.613
0.578
0.513
0.493
0.541
0.576
0.6
0.499
0.409
0.418
0.529
0.557
0.591
0.699
0.743
0.511
0.553
0.568
0.718
0.81
0.607
0.764
0.738
0.568
0.583
0.594
0.514
0.613
0.672
0.867
0.955
0.785
0.714
0.71
0.742
0.859
0.802
0.71
0.671
0.604
0.557
0.509
0.649
0.546
0.687
0.662
0.715
0.584
0.635
0.581
0.6
0.547
0.504
0.586
0.529
0.467
0.475
0.677
0.77
0.581
0.555
0.645
0.518
0.619
0.655
0.667
0.627
0.629
0.688
0.681
0.503
0.5
0.617
0.782
0.762
0.649
0.644
0.71
0.585
0.68
0.814
0.779
0.686
0.808
0.805
0.771
0.823
0.731
0.833
0.75
0.85
0.868
0.795
0.948
0.819
0.675
0.754
0.785
0.758
0.775
0.755
0.858
0.843
0.873
0.89
0.9
0.855
0.822
0.873
0.925
0.93
0.921
0.939
0.948
0.914
0.918
0.918
0.879
0.911
0.907
0.887
0.948
0.964
0.949
0.923
0.962
0.619
0.705
0.768
0.586
0.856
0.815
0.869
0.912
0.846
0.923
0.89
0.865
0.885
0.92
0.807
0.868
0.974
0.936
0.881
0.811
0.816
0.784
0.889
0.957
0.957
0.935
0.939
0.948
0.927
0.892
0.933
0.938
0.916
0.962
0.952
0.994
0.981
0.889
0.881
0.914
0.953
0.905
0.94
0.933
0.894
0.878
0.836
0.768
0.714
0.676
0.932
0.889
0.965
0.93
0.922
0.935
0.921
0.908
0.808
0.82
0.785
0.841
0.911
0.851
0.869
0.852
0.963
0.951
0.84
0.84
0.846
0.827
0.911
0.874
0.775
0.768
0.778
0.767
0.84
0.871
0.926
0.763
0.616
0.555
0.596
0.642
0.605
0.732
0.822
0.699
0.74
0.775
0.914
0.758
0.693
0.84
0.923
0.889
0.848
0.812
0.778
0.653
0.573
0.825
0.812
0.733
0.848
0.91
0.926
0.791
0.861
0.848
0.858
0.946
0.808
0.777
0.797
0.775
0.658
0.779
0.804
0.896
0.787
0.622
0.697
0.691
0.756
0.742
0.785
0.839
0.817
0.796
0.806
0.964
0.933
0.946
0.912
0.851
0.853
0.748
0.697
0.738
0.767
0.851
0.79
0.923
0.835
0.854
0.742
0.709
0.707
0.709
0.692
0.704
0.76
0.677
0.706
0.705
0.746
0.82
0.83
0.809
0.712
0.713
0.731
0.746
0.788
0.794
0.805
0.859
0.815
0.771
0.821
0.868
0.802
0.718
0.727
0.782
0.768
0.647
0.642
0.742
0.785
0.71
0.683
0.662
0.714
0.758
0.67
0.694
0.774
0.789
0.774
0.759
0.774
0.795
0.784
0.818
0.852
0.807
0.784
0.784
0.777
0.801
0.793
0.767
0.76
0.787
0.8
0.733
0.685
0.777
0.851
0.85
0.859
0.847
0.826
0.837
0.855
0.831
0.805
0.733
0.666
0.713
0.806
0.827
0.745
0.666
0.726
0.74
0.692
0.796
0.735
0.626
0.756
0.802
0.797
0.792
0.808
0.692
0.611
0.698
0.709
0.624
0.576
0.722
0.821
0.841
0.93
0.898
0.879
0.823
0.771
0.767
0.743
0.831
0.774
0.674
0.785
0.774
0.821
0.85
0.86
0.782
0.917
0.832
0.861
0.861
0.792
0.78
0.859
0.897
0.87
0.748
0.765
0.755
0.722
0.762
0.755
0.705
0.638
0.647
0.627
0.761
0.867
0.777
0.666
0.786
0.688
0.734
0.963
0.969
0.832
0.72
0.66
0.734
0.686
0.764
0.903
0.76
0.676
0.704
0.712
0.75
0.617
0.688
0.81
0.689
0.632
0.829
0.797
0.813
0.724
0.693
0.655
0.71
0.896
0.868
0.81
0.625
0.533
0.63
0.827
0.818
0.918
0.858
0.853
0.81
0.798
0.901
0.929
0.972
0.852
0.887
0.899
0.845
0.854
0.98
0.924
0.868
0.842
0.888
0.752
0.756
0.774
0.838
0.922
0.958
0.764
0.849
0.913
0.889
0.926
0.962
0.929
0.856
0.814
0.849
0.863
0.908
0.824
0.866
0.945
0.921
0.932
0.661
0.542
0.62
0.904
0.889
0.889
0.826
0.765
0.863
0.871
0.98
0.774
0.68
0.529
0.745
0.971
0.626
0.724
0.615
0.905
0.938
0.923
0.824
0.846
0.945
0.928
0.875
0.825
0.837
0.845
0.895
0.846
0.781
0.908
0.908
0.863
0.888
0.81
0.795
0.811
0.825
0.81
0.916
0.939
0.923
0.921
0.888
0.826
0.62
0.781
0.86
0.886
0.862
0.927
0.779
0.716
0.734
0.752
0.931
0.868
0.896
0.864
0.826
0.832
0.685
0.717
0.879
0.708
0.657
0.688
0.804
0.828
0.735
0.81
0.837
0.792
0.767
0.78
0.77
0.729
0.723
0.764
0.846
0.908
0.839
0.649
0.739
0.744
0.837
0.871
0.853
0.818
0.827
0.79
0.764
0.697
0.594
0.57
0.609
0.731
0.726
0.649
0.587
0.742
0.819
0.748
0.697
0.668
0.652
0.675
0.834
0.785
0.633
0.606
0.603
0.848
0.632
0.668
0.693
0.767
0.807
0.835
0.726
0.769
0.893
0.798
0.875
0.819
0.702
0.708
0.541
0.52
0.678
0.751
0.598
0.617
0.656
0.68
0.661
0.557
0.58
0.774
0.726
0.716
0.68
0.741
0.737
0.665
0.673
0.622
0.747
0.899
0.682
0.643
0.7
0.748
0.662
0.559
0.534
0.529
0.529
0.701
0.733
0.664
0.652
0.69
0.65
0.721
0.715
0.668
0.64
0.657
0.733
0.651
0.556
0.661
0.624
0.542
0.586
0.648
0.639
0.661
0.699
0.657
0.663
0.681
0.669
0.629
0.753
0.717
0.625
0.654
0.638
0.635
0.699
0.709
0.619
0.542
0.65
0.767
0.849
0.729
0.588
0.614
0.658
0.577
0.558
0.683
0.771
0.64
0.523
0.502
0.649
0.452
0.385
0.562
0.749
0.643
0.551
0.603
0.756
0.816
0.875
0.733
0.665
0.787
0.699
0.663
0.737
0.634
0.539
0.562
0.542
0.497
0.448
0.434
0.478
0.473
0.724
0.772
0.731
0.646
0.57
0.712
0.848
0.817
0.866
0.816
0.721
0.688
0.786
0.704
0.612
0.576
0.614
0.635
0.759
0.629
0.535
0.558
0.834
0.616
0.565
0.591
0.81
0.739
0.635
0.666
0.854
0.862
0.819
0.664
0.684
0.732
0.917
0.845
0.695
0.857
0.792
0.746
0.66
0.671
0.709
0.59
0.66
0.703
0.823
0.798
0.717
0.643
0.665
0.674
0.83
0.727
0.688
0.743
0.76
0.67
0.802
0.831
0.799
0.76
0.857
0.89
0.773
0.73
0.726
0.713
0.683
0.702
0.773
0.784
0.723
0.712
0.588
0.74
0.663
0.618
0.789
0.736
0.749
0.774
0.717
0.7
0.71
0.706
0.752
0.661
0.619
0.758
0.647
0.64
0.696
0.723
0.837
0.865
0.9
0.918
0.812
0.767
0.867
0.945
0.93
0.897
0.712
0.704
0.707
0.736
0.77
0.853
0.875
0.839
0.792
0.828
0.838
0.74
0.823
0.913
0.936
0.935
0.921
0.94
0.958
0.924
0.93
0.92
0.887
0.931
0.912
0.963
0.953
0.927
0.912
0.902
0.899
0.944
0.929
0.956
0.803
0.653
0.661
0.733
0.533
0.693
0.714
0.44
0.414
0.748
0.771
0.755
0.853
0.827
0.953
0.925
0.851
0.833
0.557
0.772
0.851
0.865
0.95
0.915
0.927
0.934
0.919
0.886
0.875
0.787
0.788
0.82
0.841
0.475
0.611
0.537
0.803
0.497
0.602
0.923
0.939
0.888
0.824
0.975
0.99
0.949
0.907
0.84
0.738
0.744
0.73
0.91
0.89
0.83
0.766
0.769
0.847
0.874
0.751
0.649
0.672
0.911
0.695
0.869
0.809
0.679
0.6
0.718
0.722
0.792
0.879
0.855
0.795
0.732
0.642
0.531
0.667
0.7
0.55
0.592
0.444
0.617
0.597
0.635
0.726
0.772
0.88
0.953
0.894
0.857
0.777
0.828
0.85
0.828
0.844
0.814
0.69
0.641
0.709
0.576
0.884
0.742
0.601
0.514
0.803
0.858
0.756
0.69
0.648
0.612
0.579
0.669
0.702
0.756
0.781
0.621
0.664
0.804
0.703
0.631
0.583
0.67
0.589
0.68
0.812
0.806
0.723
0.69
0.692
0.76
0.752
0.684
0.604
0.754
0.807
0.741
0.681
0.683
0.761
0.76
0.778
0.669
0.732
0.855
0.844
0.742
0.733
0.874
0.791
0.718
0.792
0.744
0.681
0.743
0.716
0.713
0.76
0.695
0.643
0.658
0.718
0.697
0.731
0.752
0.767
0.768
0.765
0.8
0.882
0.905
0.835
0.744
0.83
0.806
0.831
0.794
0.81
0.836
0.815
0.818
0.831
0.853
0.805
0.781
0.767
0.767
0.796
0.838
0.81
0.81
0.817
0.836
0.802
0.695
0.829
0.819
0.786
0.695
0.74
0.812
0.787
0.809
0.726
0.662
0.736
0.85
0.818
0.804
0.669
0.787
0.729
0.716
0.689
0.6
0.59
0.658
0.695
0.646
0.552
0.581
0.639
0.648
0.583
0.527
0.467
0.538
0.648
0.695
0.607
0.561
0.645
0.615
0.638
0.482
0.518
0.498
0.46
0.61
0.667
0.497
0.485
0.545
0.668
0.555
0.447
0.668
0.604
0.6
0.615
0.636
0.764
0.692
0.785
0.733
0.729
0.72
0.73
0.697
0.755
0.809
0.678
0.627
0.665
0.791
0.791
0.792
0.813
0.659
0.645
0.654
0.733
0.787
0.718
0.729
0.755
0.708
0.771
0.695
0.789
0.639
0.609
0.635
0.629
0.612
0.656
0.594
0.682
0.668
0.732
0.744
0.898
0.819
0.838
0.745
0.61
0.671
0.74
0.807
0.595
0.576
0.661
0.685
0.637
0.68
0.547
0.545
0.796
0.872
0.735
0.599
0.641
0.652
0.926
0.752
0.478
0.644
0.757
0.737
0.623
0.748
0.766
0.834
0.855
0.866
0.868
0.835
0.767
0.779
0.856
0.926
0.852
0.893
0.856
0.922
0.961
0.956
0.905
0.961
0.934
0.945
0.956
0.99
0.956
0.862
0.633
0.778
0.904
0.88
0.82
0.843
0.75
0.766
0.921
0.947
0.734
0.839
0.93
1.029
0.762
0.924
0.955
0.968
0.958
0.928
0.885
0.928
0.852
0.823
0.94
0.878
0.931
0.957
0.879
0.827
0.851
0.806
0.861
0.764
0.901
0.768
0.835
0.833
0.782
0.919
0.955
0.915
0.912
0.93
0.901
0.845
0.889
0.92
0.821
0.784
0.887
0.946
0.885
0.822
0.895
0.885
0.899
0.875
0.888
0.859
0.787
0.867
0.889
0.875
0.776
0.773
0.732
0.855
0.901
0.836
0.864
0.85
0.899
0.925
0.897
0.869
0.859
0.909
0.951
0.866
0.843
0.861
0.745
0.703
0.83
0.935
0.865
0.778
0.786
0.672
0.411
0.605
0.517
0.541
0.812
0.884
0.774
0.559
0.631
0.696
0.848
0.956
0.757
0.573
0.794
0.834
0.739
0.645
0.755
0.569
0.686
0.707
0.899
0.592
0.617
0.626
0.717
0.625
0.481
0.663
0.679
0.531
0.768
0.678
0.714
0.787
0.813
0.863
0.797
0.819
0.755
0.645
0.642
0.727
0.73
0.712
0.672
0.7
0.562
0.663
0.694
0.78
0.849
0.761
0.673
0.551
0.495
0.565
0.686
0.655
0.655
0.61
0.511
0.546
0.679
0.79
0.798
0.718
0.622
0.63
0.686
0.725
0.77
0.762
0.612
0.57
0.711
0.762
0.744
0.776
0.758
0.711
0.667
0.648
0.639
0.606
0.687
0.787
0.821
0.793
0.709
0.725
0.737
0.763
0.743
0.74
0.711
0.728
0.751
0.736
0.718
0.783
0.682
0.559
0.646
0.758
0.772
0.713
0.728
0.71
0.637
0.734
0.689
0.693
0.694
0.612
0.504
0.801
0.783
0.728
0.672
0.628
0.642
0.513
0.467
0.705
0.753
0.668
0.719
0.532
0.444
0.59
0.572
0.529
0.602
0.694
0.556
0.48
0.557
0.602
0.83
0.827
0.72
0.624
0.558
0.556
0.758
0.738
0.64
0.605
0.562
0.661
0.667
0.666
0.608
0.506
0.572
0.619
0.533
0.502
0.678
0.634
0.621
0.526
0.467
0.495
0.682
0.52
0.528
0.571
0.628
0.771
0.712
0.729
0.567
0.602
0.735
0.522
0.553
0.594
0.533
0.623
0.636
0.552
0.572
0.538
0.622
0.64
0.629
0.509
0.641
0.658
0.57
0.652
0.77
0.605
0.616
0.802
0.701
0.604
0.686
0.63
0.62
0.739
0.772
0.854
0.837
0.736
0.769
0.634
0.702
0.837
0.751
0.751
0.624
0.622
0.603
0.559
0.629
0.61
0.668
0.706
0.778
0.643
0.473
0.647
0.75
0.784
0.803
0.7
0.692
0.58
0.652
0.757
0.676
0.626
0.619
0.643
0.907
0.774
0.867
0.818
0.801
0.944
0.876
0.933
0.691
0.7
0.771
0.712
0.614
0.877
0.868
0.639
0.801
0.71
0.824
0.89
0.837
0.608
0.866
0.832
0.703
0.857
0.882
0.914
0.865
0.93
0.813
0.722
0.823
0.77
0.746
0.749
0.908
0.981
0.843
0.833
0.892
0.902
0.674
0.584
0.478
0.477
0.58
0.883
0.968
0.667
0.788
0.792
0.817
0.824
0.788
0.893
0.948
0.925
0.918
0.962
0.943
0.947
0.963
0.955
0.963
0.968
0.95
0.957
0.97
0.969
0.894
0.914
0.932
0.89
0.864
0.871
0.951
0.932
0.96
0.962
0.844
0.942
0.946
0.927
0.958
0.94
1.008
0.918
0.819
0.886
0.715
0.867
0.927
0.871
0.811
0.733
0.924
0.929
0.783
0.909
0.873
0.886
0.789
0.747
0.933
0.897
0.922
0.953
0.761
0.859
0.979
0.983
0.957
0.894
0.886
0.772
0.88
0.891
0.8
0.784
0.798
0.596
0.597
0.764
0.704
0.624
0.593
0.686
0.842
0.886
0.728
0.543
0.524
0.706
0.744
0.685
0.728
0.91
0.713
0.66
0.688
0.953
0.904
0.877
0.818
0.72
0.581
0.672
0.636
0.505
0.777
0.735
0.517
0.735
0.895
0.645
0.744
0.685
0.616
0.706
0.725
0.782
0.724
0.617
0.803
0.732
0.559
0.53
0.624
0.784
0.836
0.705
0.619
0.613
0.636
0.66
0.78
0.717
0.644
0.733
0.781
0.765
0.708
0.729
0.735
0.624
0.597
0.506
0.485
0.659
0.714
0.725
0.745
0.744
0.73
0.956
0.83
0.8
0.794
0.76
0.685
0.793
0.745
0.752
0.732
0.679
0.723
0.716
0.817
0.778
0.775
0.817
0.823
0.832
0.82
0.788
0.79
0.74
0.775
0.724
0.749
0.789
0.925
0.874
0.781
0.768
0.82
0.814
0.779
0.756
0.672
0.774
0.821
0.883
0.923
0.842
0.768
0.8
0.851
0.842
0.85
0.761
0.849
0.84
0.836
0.824
0.824
0.761
0.677
0.738
0.762
0.808
0.748
0.754
0.79
0.797
0.761
0.773
0.818
0.839
0.807
0.801
0.775
0.799
0.835
0.837
0.842
0.83
0.817
0.802
0.844
0.831
0.777
0.827
0.854
0.833
0.834
0.751
0.655
0.767
0.827
0.825
0.869
0.809
0.742
0.775
0.854
0.798
0.799
0.823
0.792
0.805
0.819
0.769
0.738
0.767
0.796
0.702
0.736
0.81
0.766
0.72
0.688
0.628
0.665
0.765
0.843
0.755
0.713
0.738
0.721
0.774
0.756
0.745
0.737
0.832
0.889
0.804
0.742
0.755
0.833
0.851
0.804
0.821
0.722
0.667
0.771
0.708
0.628
0.647
0.77
0.734
0.62
0.707
0.632
0.636
0.504
0.494
0.514
0.644
0.739
0.756
0.734
0.618
0.696
0.935
0.774
0.79
0.717
0.779
0.653
0.603
0.674
0.744
0.755
0.677
0.63
0.605
0.854
0.781
0.825
0.639
0.638
0.665
0.671
0.632
0.604
0.828
0.549
0.583
0.774
0.719
0.858
0.721
0.682
0.864
0.906
0.832
0.867
0.911
0.864
0.762
0.78
0.794
0.713
0.807
0.833
0.885
0.852
0.782
0.801
0.867
0.785
0.851
0.812
0.815
0.669
0.54
0.595
0.793
0.907
0.948
0.819
0.653
0.879
0.965
0.908
0.897
0.907
0.828
0.741
0.716
0.823
0.66
0.551
0.538
0.56
0.792
0.948
0.953
0.791
0.87
0.847
0.976
0.969
0.931
0.704
0.566
0.571
0.77
0.879
0.877
0.746
0.833
0.771
0.891
0.767
0.764
0.811
0.721
0.921
0.904
0.798
0.882
0.825
0.631
0.673
0.692
0.839
0.896
0.726
0.654
0.741
0.61
0.637
0.907
0.932
0.859
0.768
0.745
0.734
0.833
0.794
0.769
0.962
0.926
0.788
0.818
0.822
0.782
0.848
0.711
0.634
0.872
0.876
0.852
0.79
0.775
0.794
0.966
0.878
0.748
0.834
0.893
0.87
0.763
0.619
0.675
0.764
0.618
0.683
0.674
0.753
0.904
0.861
0.771
0.815
0.895
0.747
0.629
0.884
0.853
0.758
0.602
0.84
0.571
0.654
0.883
0.751
0.799
0.681
0.929
0.701
0.683
0.756
0.774
0.645
0.608
0.557
0.596
0.672
0.722
0.791
0.77
0.64
0.68
0.785
0.814
0.866
0.892
0.856
0.894
0.937
0.802
0.703
0.792
0.707
0.646
0.678
0.716
0.9
0.888
0.816
0.784
0.827
0.714
0.644
0.774
0.723
0.599
0.598
0.796
0.66
0.626
0.536
0.598
0.72
0.722
0.656
0.694
0.671
0.611
0.668
0.693
0.632
0.691
0.819
0.693
0.718
0.663
0.62
0.615
0.696
0.675
0.647
0.654
0.759
0.757
0.722
0.578
0.531
0.711
0.701
0.667
0.845
0.727
0.596
0.664
0.707
0.745
0.674
0.584
0.685
0.684
0.617
0.768
0.796
0.761
0.771
0.732
0.761
0.724
0.672
0.703
0.748
0.757
0.751
0.798
0.718
0.75
0.716
0.663
0.668
0.767
0.737
0.737
0.735
0.696
0.634
0.688
0.724
0.798
0.764
0.736
0.712
0.66
0.645
0.638
0.603
0.511
0.522
0.586
0.544
0.747
0.743
0.803
0.865
0.859
0.872
0.841
0.803
0.765
0.772
0.81
0.741
0.634
0.693
0.815
0.747
0.729
0.791
0.748
0.659
0.704
0.778
0.728
0.682
0.644
0.598
0.644
0.645
0.675
0.703
0.799
0.742
0.579
0.605
0.834
0.713
0.683
0.84
0.791
0.718
0.645
0.618
0.614
0.69
0.737
0.656
0.714
0.58
0.781
0.857
0.895
0.827
0.726
0.749
0.712
0.662
0.671
0.625
0.668
0.682
0.669
0.623
0.612
0.726
0.595
0.653
0.805
0.744
0.73
0.707
0.83
0.853
0.719
0.721
0.761
0.699
0.767
0.853
0.788
0.778
0.88
0.74
0.729
0.67
0.754
0.729
0.702
0.75
0.632
0.755
0.805
0.701
0.737
0.697
0.696
0.723
0.711
0.792
0.715
0.668
0.786
0.659
0.685
0.704
0.664
0.844
0.832
0.781
0.742
0.764
0.872
0.832
0.732
0.767
0.768
0.72
0.815
0.883
0.807
0.622
0.727
0.658
0.875
0.926
0.904
0.914
0.852
0.885
0.938
0.928
0.894
0.875
0.845
0.853
0.873
0.891
0.944
1.026
0.916
0.768
0.879
0.822
0.65
0.845
0.927
0.984
0.86
0.696
0.698
0.641
0.645
0.813
0.89
0.89
0.975
0.735
0.676
0.697
0.754
0.9
0.926
0.892
0.948
0.882
0.875
0.993
0.919
0.879
0.84
0.821
0.745
0.804
0.674
0.878
0.875
0.659
0.726
0.558
0.54
0.826
0.96
0.92
0.725
0.694
0.827
0.893
0.669
0.675
0.788
0.63
0.659
0.762
0.784
0.745
0.783
0.824
0.835
0.788
0.825
0.507
0.633
0.782
0.864
0.696
0.536
0.459
0.571
0.771
0.871
0.597
0.626
0.54
0.379
0.427
0.535
0.823
0.612
0.581
0.61
0.912
0.834
0.8
0.775
0.558
0.526
0.807
0.858
0.966
0.867
0.864
0.783
0.874
0.955
0.803
0.637
0.755
0.912
0.832
0.953
0.751
0.647
0.56
0.656
0.717
0.747
0.689
0.74
0.648
0.705
0.638
0.549
0.685
0.773
0.809
0.741
0.605
0.621
0.808
0.752
0.683
0.739
0.907
0.85
0.778
0.819
0.745
0.86
0.977
0.799
0.731
0.665
0.618
0.732
0.854
0.817
0.699
0.727
0.686
0.654
0.709
0.678
0.789
0.875
0.837
0.745
0.633
0.811
0.86
0.786
0.847
0.819
0.719
0.671
0.67
0.686
0.615
0.609
0.594
0.753
0.764
0.767
0.647
0.644
0.659
0.689
0.711
0.722
0.722
0.713
0.646
0.606
0.71
0.72
0.706
0.697
0.674
0.882
0.769
0.705
0.668
0.688
0.637
0.745
0.799
0.828
0.734
0.754
0.745
0.768
0.784
0.795
0.791
0.668
0.803
0.838
0.834
0.834
0.823
0.832
0.794
0.798
0.808
0.795
0.784
0.801
0.77
0.828
0.821
0.799
0.749
0.763
0.834
0.767
0.731
0.689
0.722
0.764
0.813
0.807
0.81
0.809
0.787
0.732
0.755
0.731
0.812
0.846
0.8
0.759
0.795
0.814
0.859
0.845
0.828
0.758
0.771
0.82
0.792
0.714
0.649
0.627
0.727
0.857
0.819
0.798
0.807
0.735
0.799
0.759
0.722
0.811
0.764
0.775
0.755
0.711
0.672
0.717
0.721
0.841
0.882
0.752
0.712
0.682
0.72
0.805
0.748
0.709
0.683
0.597
0.588
0.62
0.58
0.602
0.673
0.588
0.647
0.523
0.499
0.549
0.635
0.758
0.852
0.718
0.729
0.852
0.783
0.883
0.873
0.771
0.69
0.806
0.702
0.569
0.613
0.641
0.57
0.597
0.595
0.708
0.831
0.759
0.682
0.681
0.834
0.808
0.762
0.638
0.65
0.878
0.86
0.799
0.914
0.896
0.762
0.743
0.701
0.575
0.518
0.627
0.815
0.753
0.831
0.882
0.771
0.947
0.885
0.669
0.696
0.711
0.691
0.717
0.762
0.725
0.796
0.698
0.723
0.841
0.826
0.793
0.818
0.706
0.757
0.564
0.611
0.545
0.621
0.73
0.711
0.792
0.615
0.883
0.91
0.872
0.851
0.923
0.874
0.828
0.754
0.894
0.875
0.86
0.834
0.753
0.765
0.716
0.82
0.864
0.843
0.848
0.849
0.883
0.814
0.689
0.751
0.818
0.934
0.989
0.987
0.983
1.024
0.736
0.666
0.87
0.877
0.86
0.893
0.932
0.915
0.941
0.966
0.952
0.872
0.75
0.746
0.852
0.867
0.919
0.528
0.553
0.778
0.412
0.473
0.73
0.857
0.876
0.891
0.833
0.933
0.956
0.955
0.887
0.933
0.909
0.97
0.934
0.722
0.83
0.886
0.927
0.959
0.882
0.907
0.94
0.84
0.697
0.609
0.798
0.967
0.791
0.737
0.743
0.718
0.781
0.847
0.594
0.628
0.604
0.607
0.652
0.694
0.62
0.704
0.586
0.607
0.631
0.618
0.691
0.714
0.625
0.643
0.69
0.61
0.651
0.855
0.91
0.949
0.858
0.767
0.791
0.666
0.911
0.917
0.613
0.712
0.584
0.568
0.619
0.729
0.692
0.788
0.74
0.874
0.958
0.888
0.782
0.759
0.789
0.685
0.547
0.597
0.732
0.846
0.881
0.739
0.61
0.814
0.63
0.583
0.64
0.71
0.821
0.784
0.679
0.679
0.736
0.6
0.623
0.751
0.837
0.901
0.91
0.864
0.793
0.804
0.757
0.819
0.816
0.811
0.808
0.824
0.792
0.658
0.568
0.679
0.716
0.619
0.66
0.768
0.821
0.765
0.873
0.829
0.735
0.723
0.728
0.677
0.702
0.788
0.911
0.874
0.805
0.799
0.666
0.597
0.675
0.691
0.703
0.836
0.852
0.82
0.898
0.925
0.812
0.819
0.795
0.813
0.805
0.711
0.748
0.74
0.766
0.726
0.765
0.708
0.77
0.681
0.719
0.728
0.762
0.75
0.657
0.69
0.692
0.726
0.762
0.779
0.731
0.655
0.779
0.823
0.84
0.882
0.809
0.77
0.77
0.786
0.77
0.701
0.69
0.808
0.842
0.788
0.763
0.755
0.741
0.778
0.817
0.822
0.822
0.824
0.746
0.725
0.707
0.774
0.83
0.836
0.862
0.837
0.788
0.791
0.853
0.807
0.752
0.723
0.814
0.869
0.817
0.804
0.814
0.837
0.819
0.767
0.76
0.755
0.743
0.677
0.801
0.785
0.855
0.927
0.933
0.837
0.773
0.86
0.82
0.806
0.795
0.768
0.754
0.754
0.759
0.724
0.753
0.661
0.864
0.862
0.798
0.63
0.684
0.695
0.688
0.705
0.75
0.778
0.82
0.88
0.841
0.859
0.785
0.695
0.724
0.845
0.749
0.767
0.648
0.806
0.636
0.687
0.582
0.637
0.692
0.649
0.644
0.725
0.664
0.606
0.719
0.939
0.936
0.816
0.689
0.822
0.947
0.898
0.795
0.718
0.805
0.823
0.703
0.667
0.825
0.686
0.657
0.713
0.783
0.628
0.823
0.922
0.915
0.882
0.945
0.864
0.748
0.622
0.678
0.879
0.89
0.929
0.736
0.779
0.806
0.902
0.958
0.866
0.836
0.73
0.737
0.743
0.617
0.57
0.635
0.832
0.812
0.827
0.847
0.851
0.88
0.877
0.857
0.821
0.795
0.907
0.983
0.874
0.831
0.746
0.689
0.769
0.843
0.91
0.816
0.749
0.895
0.956
0.881
0.783
0.794
0.808
0.886
0.812
0.927
0.714
0.516
0.624
0.682
0.915
0.881
0.93
0.912
0.894
0.933
0.904
0.878
0.76
0.854
0.931
0.929
0.777
0.812
0.871
0.934
0.872
0.753
0.797
0.87
1.01
0.909
0.942
0.93
0.946
1.003
0.833
0.46
0.616
0.913
0.976
0.739
0.77
0.864
0.678
0.783
0.85
0.662
0.894
0.855
0.755
0.831
0.922
0.575
0.476
0.65
0.619
0.646
0.764
0.735
0.588
0.46
0.491
0.555
0.53
0.73
0.9
0.772
0.681
0.662
0.869
0.882
0.808
0.678
0.677
0.595
0.566
0.846
0.83
0.658
0.652
0.775
0.594
0.516
0.679
0.9
0.971
0.781
0.61
0.63
0.666
0.63
0.861
0.83
0.766
0.742
0.639
0.703
0.78
0.796
0.687
0.838
0.794
0.728
0.821
0.787
0.968
0.952
0.791
0.642
0.723
0.765
0.76
0.913
0.773
0.811
0.842
0.94
0.896
0.85
0.889
0.917
0.772
0.657
0.788
0.857
0.851
0.849
0.786
0.918
0.92
0.733
0.654
0.69
0.809
0.849
0.752
0.826
0.789
0.802
0.76
0.806
0.798
0.791
0.808
0.837
0.842
0.803
0.72
0.72
0.814
0.684
0.673
0.783
0.852
0.809
0.835
0.853
0.874
0.721
0.582
0.811
0.758
0.841
0.931
0.927
0.915
0.815
0.871
0.806
0.743
0.727
0.758
0.765
0.74
0.674
0.704
0.743
0.775
0.727
0.779
0.794
0.776
0.757
0.802
0.851
0.788
0.797
0.796
0.781
0.815
0.768
0.774
0.744
0.829
0.875
0.831
0.833
0.809
0.837
0.871
0.765
0.759
0.698
0.714
0.754
0.779
0.795
0.819
0.808
0.854
0.813
0.754
0.781
0.76
0.826
0.833
0.806
0.796
0.784
0.703
0.808
0.857
0.831
0.848
0.825
0.822
0.838
0.839
0.801
0.83
0.862
0.794
0.801
0.772
0.868
0.929
0.808
0.811
0.82
0.771
0.868
0.864
0.806
0.826
0.791
0.796
0.835
0.832
0.811
0.79
0.773
0.853
0.854
0.822
0.749
0.803
0.859
0.782
0.756
0.79
0.759
0.685
0.76
0.765
0.676
0.685
0.621
0.768
0.894
0.859
0.755
0.811
0.86
0.831
0.756
0.75
0.633
0.603
0.705
0.768
0.796
0.778
0.577
0.689
0.612
0.791
0.787
0.708
0.667
0.658
0.722
0.726
0.584
0.622
0.737
0.87
0.832
0.737
0.779
0.934
0.946
0.774
0.733
0.667
0.654
0.742
0.645
0.727
0.562
0.503
0.703
0.881
0.822
0.807
0.888
0.93
0.897
0.822
0.839
0.888
0.861
0.862
0.845
0.77
0.828
0.852
0.849
0.843
0.78
0.839
0.78
0.815
0.869
0.831
0.834
0.77
0.773
0.747
0.734
0.957
0.847
0.517
0.594
0.723
0.87
0.784
0.766
0.859
0.837
0.793
0.924
0.886
0.894
0.858
0.909
0.857
0.922
0.909
0.887
0.981
0.934
0.83
0.91
0.888
0.945
0.943
0.799
0.786
0.677
0.74
0.546
0.91
0.968
0.941
0.89
0.905
0.885
0.851
0.54
0.892
0.886
0.885
0.933
0.937
0.834
0.92
0.979
0.942
0.941
0.912
0.82
0.835
0.801
0.873
0.879
0.892
0.926
0.709
0.944
0.902
0.879
0.846
0.897
0.916
0.789
0.886
0.753
0.711
0.822
0.886
0.911
0.794
0.645
0.517
0.556
0.651
0.862
0.958
0.922
0.7
0.596
0.753
0.833
0.86
0.932
0.858
0.727
0.852
0.743
0.67
0.725
0.853
0.833
0.801
0.821
0.718
0.734
0.753
0.787
0.774
0.925
0.915
0.662
0.681
0.883
0.772
0.801
0.748
0.896
0.954
0.875
0.834
0.898
0.877
0.722
0.59
0.702
0.856
0.716
0.814
0.806
0.727
0.686
0.681
0.719
0.87
0.588
0.664
0.606
0.729
0.767
0.746
0.712
0.745
0.667
0.838
0.88
0.772
0.846
0.636
0.743
0.826
0.857
0.811
0.665
0.711
0.714
0.744
0.665
0.639
0.726
0.608
0.67
0.822
0.7
0.578
0.804
0.796
0.802
0.859
0.881
0.934
0.733
0.811
0.922
0.828
0.776
0.72
0.672
0.73
0.816
0.8
0.76
0.681
0.575
0.717
0.761
0.688
0.66
0.671
0.691
0.633
0.654
0.73
0.703
0.658
0.735
0.658
0.755
0.711
0.632
0.605
0.648
0.597
0.625
0.68
0.755
0.733
0.68
0.698
0.806
0.796
0.737
0.685
0.735
0.653
0.602
0.709
0.613
0.638
0.636
0.704
0.665
0.69
0.775
0.768
0.77
0.725
0.691
0.772
0.757
0.649
0.776
0.786
0.781
0.814
0.794
0.793
0.75
0.721
0.803
0.775
0.684
0.756
0.764
0.878
0.921
0.795
0.788
0.73
0.623
0.668
0.649
0.738
0.736
0.752
0.699
0.71
0.769
0.755
0.751
0.641
0.638
0.603
0.51
0.495
0.474
0.534
0.553
0.536
0.506
0.552
0.637
0.827
0.735
0.682
0.738
0.766
0.625
0.643
0.57
0.65
0.789
0.807
0.838
0.876
0.829
0.805
0.794
0.743
0.641
0.609
0.696
0.661
0.615
0.558
0.554
0.535
0.598
0.61
0.59
0.627
0.668
0.772
0.743
0.627
0.684
0.676
0.52
0.703
0.739
0.593
0.573
0.582
0.482
0.624
0.758
0.804
0.663
0.51
0.687
0.618
0.426
0.453
0.863
0.889
0.851
0.866
0.811
0.821
0.78
0.811
0.747
0.774
0.831
0.796
0.618
0.737
0.581
0.615
0.684
0.678
0.706
0.672
0.597
0.623
0.706
0.783
0.794
0.756
0.71
0.779
0.6
0.657
0.595
0.528
0.595
0.713
0.862
0.815
0.657
0.854
0.915
0.859
0.808
0.692
0.809
0.766
0.809
0.686
0.816
0.832
0.727
0.76
0.695
0.784
0.831
0.81
0.934
0.846
0.745
0.542
0.727
0.927
0.906
0.865
0.9
0.914
0.855
0.753
0.759
0.689
0.732
0.88
0.879
0.69
0.851
0.895
