1980 1 1
0
0.1107
0.4723
1.1413
0.835
0.1351
0.375
0
0
0
12.7182
0.0751
5e-04
1.4097
0.0261
0.1864
0.6215
0
0
0
0
0
1.6139
1.2212
1.2615
0
0
0
0
0.041
0.1269
0
0
0
0.0195
0
0.3112
0
0
0.5675
0
0.0011
3e-04
6e-04
0
5.1297
1.4632
0
0
0
0.076
1.3331
11.1694
6e-04
0
2.2471
1.0489
0.0584
1.6565
0.1156
0.0334
0
0.0366
0.0319
4.9123
0.0545
4.4461
15.6875
0.0515
0.0558
0.073
7e-04
1.7293
2.4423
0.2071
0.4057
12.3784
0.3964
0
2.1421
26.6905
0.7076
0
10.7617
0.3147
0
0.3771
5.1975
8.6502
2.3983
5.0369
0.9717
2.0836
1.6764
7.0696
0.1259
0
0.9768
7.3207
2.9345
1.215
0.4198
5.7124
0.4368
18.8645
1.3218
0.2296
0
0
0
0.0032
0.0051
0
0
0.0042
0.3497
0.274
4.8914
12.8725
0.3861
0
0
0
0
0
0
0
0
0.0812
0.1054
1.5405
3.0438
8.3592
4.5154
1.4974
3.9839
1.1825
23.272
8.443
0.4367
0
0
0.4973
1.7136
9.6537
0.4145
0.193
0
0
5.8996
9.0421
8.1257
28.9755
19.2277
3.723
0.5374
0.548
7.1585
10.0198
2.5426
0.2102
0.4572
0
0
0
10.6168
11.1026
5.3192
0
0.5708
7.9492
1.1891
0
0
0.9892
4.9651
8e-04
0.131
0.1856
0.0793
0.3139
0
0.8488
0
3.1782
15.8333
10.996
2.7399
1.9445
5.4711
7.8585
2.3728
7.4922
13.3857
1.9777
0.1078
0.1192
0.2976
0.9434
0
2.0672
0.5306
4.3843
24.215
2.9967
0
0
0.4377
4.3547
10.9812
2.4443
0.4779
0.0347
0.1114
4.0679
1.7083
0.3044
4.6515
0.7937
0.9541
5.4275
2.2912
9.8834
14.9625
4.1614
1.932
18.0132
8.2941
2.8166
7.5531
0.8248
1.9709
23.6291
6.4805
2.3831
0
0
0
0
0
4.2897
3.5489
10.0058
13.2999
3.0784
1.1653
0.0303
11.9492
0.9894
0
0
0.1494
1.7897
0.5699
0
0.0573
0.3288
0.0776
0.1327
0.5503
12.2747
0.2299
0
0.0426
1.3769
3.9408
4.9606
0
1.6576
0.582
0.0019
0
0
0
0.2228
6.0301
1.1752
0.1734
0
0
0
0
0
6e-04
0.1157
0.0559
0.273
0.0516
0.3214
1.0105
3.4773
1.9861
0.0011
0
0
0
0
4.3301
6.248
0.442
0.5209
9.1065
0
0
0
0
0
0.0461
0.1382
0.421
0
0
0.4702
4e-04
0
0
0
0.5836
4.0899
0.4983
0
3.5794
0.4493
0
0
0
0.0617
0.668
1.6339
0.0416
0
8.7872
1.2996
1.8339
0.3094
0.0242
3.282
0.0043
0
0.2036
1.9461
7.4318
8.5877
4.0377
0.0791
0.594
0.4629
0
0.1887
0.0507
0.0172
0
0.7401
0.1201
0
0
0
0
5.3489
0
0
1.1947
0.048
8.7202
0.3294
5.8504
0.8602
0.7757
0.6699
0.0155
1.6227
4.632
1.858
0.0401
0
0.0181
0.086
0
4e-04
0.0798
0.0436
0.5452
0.0538
0
0
0
0
0
0
6e-04
0
0.3623
0.074
0
0
0
0
10.606
1.2681
0.1944
0.2192
0.0591
0.9849
0.0274
0
0
14.501
9.4696
0.004
0
0
0
2.8803
0.3317
0.0637
8.944
4.4905
0
2.0353
2.9519
0.4296
0.0822
0
0.0192
1.1354
0
0.0408
0
1.2916
0.4912
7e-04
0.0012
0
0
0
0
0
0
0
0
1.1643
0.0817
0.1943
0.9352
0.7944
4e-04
0
0
0
0.0129
6.4747
2.4123
1.1872
0.4866
3.5912
0
2e-04
0
4.1892
5.5827
0.4059
0.0405
0
0.2535
8.5456
4.7215
5.5575
11.1818
5.1972
17.415
0.8754
0.1765
5.2834
2.3914
0.2743
0.4018
0
3.4211
4.6661
0.5793
0.0104
0.6242
0.3781
16.5904
10.1959
0.2685
1.294
0.0243
0
0.4096
3.3657
6.5269
0
0
3.6695
16.1388
5.0969
2.1262
0
15.6312
5.7967
0.0449
0
0
0
0
0
0.1209
0.0579
1.0537
1.2808
5.9266
13.4976
5.8799
0.2163
7.6703
0.2587
0.7333
0.217
2.4606
6.3706
4.7994
3.9108
0
11.4279
43.1152
11.7413
0
11.9298
38.9955
9.6326
0.2478
1.9903
0.2088
0
0
2.0602
26.2267
22.7429
0.7443
4.1318
21.7664
0
0
0
0.5193
0.0517
0.1459
1.3121
0.84
0.0832
0.0623
0
0
0
4e-04
0.0019
0
0
0
0
0.0031
2e-04
0
0
7.2832
12.3019
0.8178
0.0932
0
0
0
13.1885
2.8955
7.8334
0.0726
0
0
0
0.5632
7.6063
2.6762
0.2905
0.3574
0.6277
0.4447
0.1464
1.8195
4.5258
1.136
0
0.046
0.8966
0
0
0
0
0
0
0
0
0
0
0.0356
0.7554
6.1148
13.3236
25.7098
11.9992
6.5281
18.3522
30.8809
12.7192
0.2289
0
0.2587
4.006
0
0
0
0
0
3.1378
4.5417
4.218
7.9103
1.8644
0.1552
0
0.3498
0.8277
0
0
0.2542
1.5391
6.3618
0
3.2667
6.856
1.204
0.0461
0
0
0.3387
17.7392
0.0188
0
0.0191
0
0
0
0
0
0.0028
0
1.1529
16.6524
0.9707
0.0628
7.6916
5.7421
5.3074
0.2823
0.1715
11.1289
31.9984
1.6096
0
0
0
0
0.0338
0
0
3.522
0.7922
0.3662
0
0
0
0
0
0
0
0
0.0285
0.0097
0.4185
10.1097
13.3763
0.6534
0
1.6537
3.9054
0
1.732
1.7475
0
0
0
5.7798
0.4513
0
3.9812
0.0706
0
0.9184
1.7244
0.197
0
0
0
0
0
0
0.2966
4.9993
0.134
0.1519
0.3519
8.5221
7.2485
18.4827
0
0
0.6555
7.3681
3.7011
0.2544
1.7188
1.186
0.4727
0.0206
4.5975
11.1195
0.9837
0.4297
1.6728
0.4117
1.5793
0.1925
0.4853
0.3924
2.5086
0.2679
1.6344
2.8265
0.2221
0.088
0.055
0.0638
2.3005
2.2646
11.4286
0.7509
0.4208
0.1681
0
0.4003
0
38.6931
14.4563
1.6014
8.1236
6.239
0.9648
2.3566
0.353
0.1212
0
5.017
8e-04
0.3466
0
0.6953
0.0011
0.0228
0.9398
4.934
0.5181
3.2811
0.0763
0.083
0.0092
0.1087
5.2283
0
0
0
0
4.7724
1.8041
1.494
20.5691
0.5115
0.0966
0.7093
1.6415
1.2854
3.7705
7.4346
0.6939
8.5
1e-04
3.2852
15.5106
0.3008
0
6.8917
6.3528
0.1391
0
0
3.6351
5.1673
0.9416
0
0.0011
0
6.4791
7.1387
0.123
0.1144
8.3651
1.1977
1.8244
6.4773
0.8138
0
5.2213
1.0739
0.2244
0
0
0
2.0739
4.0575
3.568
0.0041
0.0714
0.8493
0.5431
0.1663
0.3621
0.1956
0.4691
1.0464
0
0
0
0.0672
0.4312
0
0
0
0
0.7747
10.0654
4.9897
0
0
0
0
0
0
0.6912
1.5422
0
1.096
1.5282
3.0141
11.7432
10.4914
4.2649
0
0.4631
13.2761
23.7185
8.5792
4.3428
2.0255
0.9821
6.619
0
0
0
0
0
8e-04
4.6025
2.9094
2.0315
0.0011
0
0
0
11.8875
20.4322
0.8838
0.0846
10.2611
1.3276
2.8158
4.0374
0.0289
0
0
0
0.6374
17.5364
7.2497
0.503
3.408
4.0278
42.653
0.1117
4.4246
0
4.8261
0.5927
4.4897
3.3979
2.5375
0.0417
0
0
0
0.0011
0.0163
1.5672
6.6607
1.4115
0
0.4808
0.0365
0
0
0
0.4031
0.5378
0
0
1.8052
0
2.3216
0.7408
0.5326
0.0355
0.022
3.187
14.3079
1.779
0
0
0
0
0
0
0
0
0
0
13.0606
0.7752
0.1507
2.8999
1.0051
1.1909
0
0
0
2e-04
9e-04
0.0014
4.3582
0.8497
0.0281
0
0
4.2211
0.5407
6e-04
0
0
0
0
3.197
4.6147
0.5716
0
0.0535
4.4652
0
5e-04
6e-04
0.101
0.1215
0.2759
2.6333
1.0585
21.347
0.2284
0
0
0
0
0
0
0.0573
1.2391
4.1934
0.4883
0.571
0.1685
0.0706
0
0.045
0.162
0
0
0
0.3706
0.2171
4.6259
2e-04
0
0
0
0
0.0011
0
0
0.6028
0
17.9466
15.5362
31.5945
4.9522
0.0718
0
0
0.2183
0.3981
1.1271
0.744
12.2032
5.4969
0.1723
0
0
0
0
0.421
0
20.9239
16.8399
2.3584
14.2452
2.2358
0
8.6091
0.2675
16.655
1.142
0
0.3098
0.153
2.4257
4.1408
3.4543
0.137
0
1.0363
0.2625
1.5384
0.3084
0
0
1.5824
10.55
8.681
0
0
8.8792
1.2185
1.4295
0.9234
4.5697
2.6071
16.3012
2.7983
9.6955
3.0526
0.0163
0
0
0
0
0
0
0
0
0
0
0
2.2393
0.4701
4e-04
0
0.3237
1.2267
0.0384
0
0
0
0
1.0092
6.3169
2.4275
0.0391
0.037
0.0582
0.0501
0
0.48
4.2006
0.1481
0.3152
7.6924
0.5139
0.3558
0.3893
0.8376
3.5983
0
1.1745
0
0
0
0
0
0
0
0
0
0.0852
0
0
0.0083
0.0347
0
0.0121
0.0534
0
0
0
0
0
0
0
6.2541
4.4918
8.8341
0.4157
0.8703
1.3885
0
0
0
0
0.0583
0.014
4.5761
5.416
2.5827
9.5636
0.2079
0.1867
0
0
0
8.3594
2.5375
0
0
0.0018
2.1925
11.6177
3.1554
0.3312
1.1234
4.3334
8.2674
6.8215
5.2091
1.5567
1.3609
0.1787
12.8371
13.8372
3.7094
0.1343
2.9035
3e-04
1e-04
0
0
0
0
0
0.4158
0
0
10.7618
2.3414
18.3001
10.0874
23.1107
6.8239
1.3139
0.4266
3.3119
0.8859
5.3651
0
0
0
0
0.4458
1.9452
7.2018
0.3673
0.4215
0
6.6495
0.0892
0.6525
16.0597
0.6915
0.2293
5.7956
0.2253
0
1.9254
7.1778
0.2626
0.0803
0.0665
2.8007
4.1994
2.4023
0.6249
11.6879
0
0
1.5135
0.5191
1e-04
0
0
0.4599
0.5371
0.5046
0.2544
0.2526
4.6208
0.0925
0
0
0
0
0
0
14.4773
36.9694
5.2081
13.7729
1.4843
1.8278
4.3051
10.9363
1.9739
0
0
0
0.5427
0.1316
0
0
0
0
0
7.9447
11.2809
3.4419
2.7091
1.8187
0.9021
12.8348
1.175
0.0811
1.0914
0
0
0.1271
0.5484
3.5647
9.3953
1.3285
0
0
9.091
0.0199
0
0
0.0968
0.5831
0.0638
14.2491
0.2257
0.2316
0
0
0
2.1527
0.062
0
0.1296
0.1115
0.4003
0
0
0.1859
0.2788
2.6291
9.4331
0.0072
6.5393
5.4921
0
0
0
0.0025
4.0111
16.3432
8.7741
0
0
0.0176
0.2483
0.0433
0
0
0.1628
7.0979
0.8851
0.0784
1.7036
7.8854
13.6301
0.1435
0.0713
0.0724
0.0399
0.0259
0
0
0
0
0
0
1.8433
9.5214
12.7148
0.0125
0
5.9243
0.5204
0
0.0713
6.104
51.2415
0.9353
0
0.3644
0
3.3851
0.1751
1.9603
3.6619
29.5276
3.0286
0.1218
0.2048
0.1157
0.0961
0
0
0
0
11.0152
7.0303
2.8508
0
0
0
0.1936
0.2288
0
16.9746
24.7485
0.021
2.0948
4.0392
23.0735
9.3844
0.0312
0
12.0628
2.2262
0.1351
0
13.592
0.0267
0
0
8.5966
22.2575
0.001
0
0
2.7484
0.7409
15.2141
0.5246
25.0707
0.9503
2.0277
0.8095
0.2531
12.6551
5.711
0.003
2.1406
0.4057
0.0964
0
0.0776
0.8202
2.0495
6.0271
8.7829
0.0057
0.114
0
0
0.843
9.4547
0.3345
0
0
0
0.0214
0
0
0
0
0
1.0118
2.3424
2.9678
0
0.0733
0.4666
0.3644
0.1351
0.1788
0.3181
0.6655
0.0098
0
0
0.7758
0.3531
4.7868
0
2e-04
0.0366
0
2.4876
5.7109
0.043
0.241
0.1009
2.9144
0.1713
1.2953
1e-04
1e-04
0
1.6398
1.576
2.9544
0.2351
4.0384
1.182
0.3975
0.0831
1.9371
0.1371
1.2332
0.0152
0
0
1.9285
0.3401
7.5809
3.1391
1.9411
2.2892
0.088
0
0
0.507
0.0721
4.6247
0.0101
1.5474
5.0916
0.2785
0.0837
1.5711
0
5.6641
0.0094
2.9497
11.7436
0.0517
0.5655
0.2303
15.3005
9.6436
2.3014
0.3949
0.3355
3.5824
1.679
2.6655
0.8708
0.7326
0.7799
0
0
2.6263
4.6648
6.0789
8.726
0.4298
0
0
5e-04
0
0
2.5987
12.9961
10.4828
6.1497
3.5031
5.1737
2.8682
0.1678
0.0158
6.6306
34.9174
7.297
3.7098
0.0215
0.0425
22.4027
0.003
0.3418
2.9836
0
3.0448
1.2056
2.4402
0.3321
0.0696
1.662
2.1455
0.0061
2.9801
1.4813
5.7504
2.8489
0.105
0
0
0
0.3821
1.5202
39.4539
6.4417
5.3251
12.8774
0
7.9219
7.1857
0.1418
17.0265
1.9214
0.5059
0
0.5733
0.0722
1.6069
0
0.1311
0.0216
0
0
0
0
0
0
5.4102
5.8785
0
0.0073
0.095
0.4601
0.759
0.0298
0.0011
3.4459
6.5142
1.1624
0
0.1424
2.1141
0.6983
0.0352
0
0
0.6554
1.0828
7.7125
18.0069
3.9136
0.4321
0
12.7569
1.7857
2.3077
0
0
0
0
0
0.7695
0.7618
0.2029
0.2453
0.4734
0
0
6.9163
5.4788
9.0077
4.1945
1.2865
4e-04
0
0.1684
1.9213
8.5973
5.5127
0.4426
0.7741
2.1883
24.79
7.1914
10.9178
1.6366
1.6956
0
0
0
0.1371
0.5003
0.0407
1.1644
0.2451
0.001
0
4.5384
0.0424
0
0
0
0.006
0.2755
0.19
8.0113
4.9173
4.3403
0.7925
15.8037
0.4358
0.2163
0
4.5229
0.2181
3.2806
4.6167
2.3389
2.3351
1.857
6.7471
2.461
0
0
0
0
0
0
0.0912
4.0608
2.0237
4.4449
5.8338
0.1474
1.1406
0
0
0.0015
0
0
0
0
0
10.5772
5.1446
0.5173
0
0
0
0.0307
7.5055
4.2267
5.6127
0.079
0
1.9898
0.8397
6.4171
0.3109
0
0.9253
0.2543
0.1518
0.305
0.0442
0.0023
0
1.3364
9.5523
2.0269
0
5.7132
0.3474
0.0663
3.7039
0
3.7891
3.5621
15.8968
0.1214
0
0
5.5332
0.013
0
0
2e-04
0
0.001
0.926
0
0
0
0
0.949
13.6669
1.4014
0.0141
0.2029
0.2119
4.2827
1.1629
0.0789
2.9771
0.0918
0
0.2152
2.4953
0.0576
2.664
5.5856
8.6253
0.1668
0.0647
0
0.1715
2.9273
0
7.6222
1.8605
0.0843
0.8443
0.8522
2.0249
4.1769
9.5126
6.5023
7.4313
2.8913
17.5954
0.0162
0
3e-04
0
0.0477
0.0924
4e-04
0
2.4326
0.716
0
0
1.2739
0.3785
0
6.0323
1.0215
0.2119
0.1567
0.3687
0.5736
1.8318
0.4563
1.9544
0.0854
0
2e-04
0
0.1264
0.8762
0.4382
0.1089
0.0037
0
3.0492
1.3594
0
0.0011
0
5.2044
14.1983
9.4372
4.4983
0.3305
0
0.0258
0.0181
0
0
0
1.6287
6.4024
17.7524
3.0215
0.024
0.126
2.3364
0
0.2425
0.2142
0.2842
18.4888
1.4788
0.5106
0.2928
1.1422
0
0
8.3018
2.2654
0.1938
0.052
0
1e-04
0
0.3555
0.4182
0.2897
0
2.1188
4.9935
1.9868
2e-04
0.2663
4.3118
15.3309
16.8931
20.5212
19.069
0.4154
0.6019
2.5145
2.8933
8.938
6.4513
0.653
1.5084
0.8228
0
0.0367
0.0021
0
0.0028
0.0587
0
0
0
0
0
0
0
0
2.5653
0.5328
0
8e-04
0
0
0
9.426
4.1364
6e-04
0.0051
0.0787
0.3623
5e-04
0
0.0011
0
0
0
0.3372
1.4693
5.1719
1.8405
7.1007
2.1745
2.0609
2.8149
5.0118
0
0.1525
0.1897
0
0.8048
12.3852
20.3188
0
0.0802
0
0
9.4533
4.3562
1.0814
1.4695
0.284
0.0689
2.325
14.4845
2.8645
12.8522
8.0013
1.753
0.8094
6.7007
6.9882
8.872
0.2195
0
0
0
1.7761
0.4369
0.1629
0
0
0
0
0
0.2455
7.3783
7.4489
1.3842
0.1819
5.5635
0.8353
0.0184
0.0422
0.0197
20.5815
0
0
2.1875
7.1332
3.2652
0.2408
0
0
0
1.1312
0.2092
0.0015
0
0
0.8328
10.8475
0.0219
0
0
1.8825
15.6836
0.695
0
0
0.3341
10.2586
3.7267
1.4958
0.5572
0.9154
1.7647
0.2482
0
22.0185
7.8028
10.1827
0.9295
0
0.1148
0.6931
0.065
0
0.2309
4.5455
12.4751
6.6007
4.2716
0.077
0
0.5309
25.9099
0.1603
0
0
0
0
2.541
4.788
0
10.215
27.8212
1.34
1e-04
0
0
0
0
0
0
0
0
0
0
0
8.2275
4.5505
0.2457
1.0203
0
0
0
1.8489
1.0755
0
0.0041
2.0248
1.8678
0.7809
0
0
0.8451
3.8461
5.2267
8.0354
3.5961
6.1467
21.3452
0.0011
6.8603
4.1949
20.7805
1.6959
0.0624
0
0.2734
3.0951
0.0292
0
0
0
0.2072
1.2006
1.5988
0.8128
6.0963
12.224
3.3892
1.3488
0.0168
1.0977
0.018
9.1148
10.6185
2.1764
5.7454
7.7121
3.8821
3.9152
19.3439
0.0576
6.0495
7.365
2.073
0
2.0221
0.0031
0.4139
5.5052
18.4443
4.0132
6.4207
0.0096
0.0695
3.3272
0.3433
0
0
1.974
0.3903
0
0
0
15.142
21.888
1.1986
2.7589
0.1172
0.326
0.3315
0.2209
0
0
0.5924
0.1761
1.1716
0.2611
0.1821
1.2266
0.3344
2.1943
1e-04
0.2662
0
0
0
0.0434
2.0125
0.0324
0.591
0.0434
0
0.0018
0
0
0.037
0.0852
0.4771
1.7962
0.001
0
1.4389
0.9581
12.7897
1.0424
0.0074
0
0
0
1.5853
0.2797
0.9815
0.2226
1.7731
0
0.7945
0.2642
0.5873
3.2979
18.3509
2.6594
0.6336
11.147
0.085
0
0
0
0
0
1.867
0.9503
2.3566
4.1033
0.4361
4.337
0.3295
8.5388
0
0.0021
0.0377
0.6433
2.6164
0.272
0
0.4701
1.0891
2.1033
0.2903
0.0703
2.2314
0.121
0
3.7784
1.9444
6.9119
7.2744
7.887
1e-04
0
0
5.3215
0.9541
14.2761
0.1424
0.1947
0
0
0
0.3554
2.1191
0.4659
0
0
0
3.5099
1.3103
1.2653
0
9.4738
3.9416
1.3567
0
0.0401
0.2953
0.1136
0.0798
0.3208
5.8673
0.9456
10.2136
1.1759
0.4053
0.0409
2.0241
21.4491
2.9281
0.0124
0
0
0
0.4089
2.2641
3.631
0.3302
7.4489
0.9417
0
0
0.2655
1.7382
0.8706
9.1589
0.0412
0
0
0
0.4022
0.9648
5.6372
2.016
8.9891
8.5984
16.0872
3.2281
0.7001
1.4961
0.9427
0.1321
0
0.731
1.835
5.5455
0.0406
0.2572
0.4393
0
0.3493
0.0021
1.2502
0.5072
17.5209
10.9972
5.0636
1.2448
2.5483
4.4759
6.0378
0.8689
1.8309
0.213
8.4416
13.465
0.8912
1.3616
11.3813
4.0628
0
0.2533
0.7236
0
0
1.9632
8.1461
11.1681
2e-04
15.9309
0.9266
5.6711
0.0116
0
0.245
0
0
2.3391
24.8652
3.9163
26.7718
13.6742
5.5605
0.1103
0.0927
29.6073
0.5079
0
0.0865
0.2734
0.0733
0
0
0.8652
7.6071
10.3119
0.0796
0.429
0.3006
0
3.6829
7.7501
0
0
0
3.7036
1.3391
12.65
0.319
6e-04
20.8821
0.631
0.3625
0.2744
2.6448
2.7506
8.3791
0.052
0.0052
0
0.0011
0.0029
0
0.4481
0
0.1034
31.6888
10.9215
0
0
0
0
0
0
0
20.2907
0.3188
0
0.1508
0
0
5.2491
14.5085
5.3137
0
0
0.525
0
0.1019
15.38
0.0189
0.0833
0
1.8824
4.7259
2.4447
17.0278
4.7216
9.5748
0.0372
5.6437
12.8791
13.2026
0.1506
25.4186
3.1571
0.2049
0.3778
0.0011
0
1.2245
0
0.1242
3.2238
10.7488
7.1262
0
0
0.0487
0
0
2e-04
0
0
0
0.1695
8.3066
4.4189
2.5696
0.0131
0
0.0645
0
0.1358
1.4179
0.0077
0.0681
0.0024
2e-04
0.0099
0.397
0.0603
0.0937
3.0828
0.0414
0.0626
0
0.9037
0
0.0276
13.2642
0.2822
11.8219
1.1018
0.8679
6e-04
0.1912
0.9866
24.1271
0.076
3e-04
0
0
3.5974
16.6711
0.7474
0
2e-04
5e-04
8.2198
4.3144
5.2414
0.0617
0
0.0518
0.4108
0
0.7351
1.0826
0.552
2.7798
0
0
0
0
0
2.024
0.0031
0
0
0
0
2e-04
0
0.3114
0.7224
0.0817
0
0.3562
3e-04
1e-04
1.1229
0.6133
6.7976
0.764
0
0.1156
0.1798
0.6512
0
0
4.6952
9.2431
0.002
0.0362
1.5023
0.1942
0
0.1271
0.2296
0.0017
5.2621
1.7732
3.7996
0.0675
1e-04
0
0
9e-04
0
0
0
0.0897
0.0102
0
0
0.1093
0.0121
0.3621
0
0
0
0
0
0
0
0
0
0
0
0
3.967
6.9466
5.5171
0.0664
0.1067
0
0.7064
0.0044
0.11
0.13
0
0
0
0
0
4.8312
0.21
0.0013
0
0
0
0
0
0.3556
0
0.0129
0.7341
0.5082
0
0
2.6039
25.226
2.1634
1.2321
2.3216
0.1306
7.0496
9.0163
0.2068
0.2415
0
0
0
2.2939
2.1835
0.0204
0.4112
2.7378
0.5852
1e-04
0
0.2705
0
0
1.0905
3.6308
0.0508
0
1.368
2.0754
0.8513
0
0
1.1311
20.4985
7.543
0.1243
0
0
0
0.11
0.13
0
0
0.6671
0.3347
0.1507
0.4352
0
0.241
22.0053
5.3257
0.5849
0.2715
0.3067
0
0
1.2957
5.4386
0.7309
0.1294
0.0068
10.8072
2.5988
17.8468
4.9155
9.1735
0.0186
0
0
2.5434
0.3781
5.3526
0.6695
0.1127
19.2892
0.2701
0
0
0
0
0
3.3461
21.8973
9.9333
3.5603
1.0169
0.9876
0.13
0.2107
0.0026
0.0022
15.1141
22.7016
6.3969
5.6105
4.0847
7.3152
3.0852
7.9334
5.3055
4.8959
0.2668
0.8735
6.8258
0.1918
4.5286
4.8267
0.4005
0.6256
0.1361
0
0.2339
4e-04
0.0042
0.0026
0
0
1.1341
1.4158
0.3498
0
0
0.3161
3.2947
3.7956
0.4623
1.5114
0
9e-04
0
0.0388
4.5015
7.4956
0.1141
0
0
0
0
0
0.2201
1.2688
0
0
0
4.3872
3.4652
0.2314
0.9294
6.0387
36.5204
22.5081
7.2213
0.1495
2.2084
5.5398
3e-04
0
0
0
0
0
0
0.0495
0.0106
0
1.655
1.0843
0.5833
1.5582
10.2379
1.5769
2.8405
3.9446
0.6416
0.1924
0.1122
0.6586
0
0
0
0
0.219
0
2.7132
0.8332
0.2604
0.1086
0.5001
1.1046
0
4.5164
2.6121
0.753
2.2748
0.6746
1.9374
0
0
0
0.3413
1.364
3.5281
0
0.2384
2.1735
0.8261
0.1406
7.4182
2.0096
0.9105
0
11.4502
0.0012
0
0
0
0.8305
0.0748
0.0902
0
0
0
0.857
2.5393
6.3946
0
0
0.414
0
0
1e-04
6e-04
1.7234
0.4198
0.2316
1.1385
0.3696
0
2.1684
1.0857
25.804
0.8643
4.0235
1.3701
3.5101
1.8167
5.3555
6.2471
2.1076
1.2135
0.0746
0
3.8296
1.097
2.0303
2.9669
1.2701
1.2915
0
2.5277
21.9505
0.1879
0.0118
0
4.4569
6.4381
0
0
2.3598
0.2677
2.0897
0.0843
1.4105
6.9486
0.4364
0
0.4199
0.0645
0
0
0.0732
0
0
2e-04
0
0
0
0
0.0426
3e-04
0
0
0
8.043
5.2069
0.635
1.1062
0.6978
0
0.8694
2.6493
1.1585
3.0752
0
0.3935
2e-04
2.3674
1.8981
2.8517
7.7792
0.6465
6.3579
0
0
0
1e-04
0.0728
0.4216
7.8326
3.8139
0
0
0.1776
0
0
0
9.9087
0.8785
2.1654
0
1.9899
0.0344
0
0.2902
0
0
1e-04
0
1.8293
2.7072
0.9392
0
0
0
0.1486
0.1139
0.0011
0
7.3887
0.8791
0.5326
0.8845
1e-04
3e-04
0.7094
1e-04
3.4523
0
0.5264
0
20.6248
3.7946
0.2135
0.021
0.2153
0.2888
1.2442
2.9907
2.0171
3.1212
15.0073
3.6179
0
9.9827
1.8429
0
0
0
0
0
0
0.1199
9e-04
0.8668
0
0.6021
0.7889
1.4946
0.7934
0.0394
0.8307
0
0
0
1.414
3.477
0.5602
0.1068
0
0
0
0.0158
0.0196
0
0.2053
0.245
8.638
0.4316
0.4232
0
0
0.1853
0.3395
1.6458
0
0.7274
0.9838
1.1269
0.0452
0
2.9612
1.9783
0
0
0.9484
0
0
0
0
1.6088
3.739
0.0843
0
0
0
0.0012
0.0026
0.0138
0
0
0
0
0.2987
0.3526
0.2374
6e-04
0
0
0.002
3e-04
0.5468
2.2444
0
0
0
0
0
0
0
0
0
0
0
0
0
0
0
2.2212
5.0357
3.6724
0
0
3e-04
0.2378
0.9134
13.7341
4.6115
9.1334
4.0683
5.2345
0.1638
8.1744
0
8.6409
5.5238
0
0
0
17.5501
7.2655
0.0839
0
0.7587
4.7621
6.9734
5.9141
0
0
2.739
8.5042
5.7041
2.3312
0.3437
4.9913
7.467
0
1.0446
5.6062
11.3132
0.513
1e-04
2.8141
12.6508
0.6702
0.1775
0.9955
0.8447
22.2168
0.005
0.3185
0
1.3629
2.5961
13.7675
3.0836
0.9827
3e-04
1e-04
0
0
0
8.5299
1.5063
2.3476
0
0
0.0588
0.1475
3.0121
6.2336
3.6088
0.0036
0.9538
0.2612
0
0
0
0
0
0
0
1.0822
3.4433
0.1974
0
0
0
0
0
1.1277
0.1117
0.0019
2e-04
0
0
0
8.911
7.0214
37.9965
0.3642
0
4.866
2.5713
5.1146
1.0228
0.0129
0.4021
0.1239
2.2729
0
6e-04
0
0.1328
0.7705
0.2745
24.0802
15.2239
2.3814
0.5995
6.1087
0.5722
13.5178
1.1051
0.0444
6.8118
0
1.9165
3.6207
0.0798
0.0057
2.7404
19.5779
0.2173
0
0
0.2327
0
0.5702
4.5014
0.8456
0.6636
0
0.3899
6e-04
0
0
0
0
0
0
0.3039
0.3646
0.3725
0.0589
0.7152
0
0
0.3803
0.7472
0.1473
0.4988
0.1926
3.2082
0.1242
5.8847
0.9285
1.218
0.608
13.7945
15.1919
0.0028
0
0
0
0
2.0409
1.7182
0.1208
17.8373
0.0356
4.2865
0
0.1455
0.1238
4.4625
2.4919
1.0374
0.6585
0
0
0
0
0
0
0
0
0.0048
4.0613
17.825
0.0421
0
2.325
0.4812
0
0.3457
0.6376
2.7768
0
2.7835
0.7065
0
0
0
0
0
0
1.4463
0.8151
0.2272
0.0481
0
0.3144
0
2.8626
7.3389
0
0.3476
0
0.146
1.9713
0.267
0
0
0.7339
0
3.5307
5.245
0.2748
8e-04
0
0
0
0
0.1632
0.5943
0.0031
0.0617
0
1.138
12.7339
0.0035
6.3762
0.6182
0
0
0.2377
0.3555
0
8.7081
6.3916
1.2705
11.2227
2.5585
3.8176
3.5345
17.2625
19.2565
1.8906
0.752
1.8177
2.7438
0.4827
0.0615
0
2.6714
1.7332
0.7366
2.4016
3.5637
3.2201
3.5218
0.5952
0
0.0753
0
0.2438
0.165
7.1448
0.9786
2.6985
5.6307
0.9884
2e-04
0.6251
0.9616
1.5016
0.2933
8.01
3.6963
2.8721
0.2971
7.8737
1.0482
1.3631
2.9902
9.7727
0.5414
3.7386
0.5333
0
0
4.4398
3.6861
0.9224
1.1914
12.1787
0.9212
19.7157
29.127
0
0
2.4002
0.9118
17.9554
5.9058
18.9644
6.7019
6.0185
3.3811
0.0364
0.0311
0.0082
0.0416
0
0
19.6957
7.5868
5.275
2.4285
2.1587
2.2101
1.2356
4.1942
4.4512
3.6418
2.0862
0.0597
0
0.6283
0.9041
0.7713
0.5364
0
0
0.8267
0.7844
7.3674
0.5182
0.1199
0.6309
0
5e-04
4.9576
0.0301
10.6907
0.9294
0.2824
0.176
0
0
0
0
18.5901
12.3921
2.1132
2.8618
0.4477
0.2621
1.5817
6.5605
2.0891
1.9899
0.4972
15.0698
1.0682
0
0
0
6.1371
2.8904
7e-04
0
0
0
0
0
0.0029
4e-04
0
10.4416
1.4351
0.0158
0
0.2987
9.5856
2.8672
4.95
0.9496
0.3925
0.0304
0
0
4.1683
1.0374
0.0651
0
17.1402
0.0064
0
0
0
6.6326
6.7861
3.2495
10.3819
13.8515
0.0043
0
9.7277
9.0631
2.9644
8.7385
0.8086
0
0
0
0.0733
0.0847
0.0166
0
0
0
0
0
0.2437
0
0
0
0
0
0.0073
0.0489
0
0
0
6.2869
0.018
0
0
0
0.1091
2.216
9.8265
0.3096
18.598
2.0406
2.2449
0.0232
0
0.2116
0
0
0
0
0
2.6125
1.3374
0.0481
0.0556
0.1685
0
2.4632
2.1998
6.9819
0.733
0.2253
0.352
0
0
1.7003
10.5808
11.968
5.5691
0.1085
0
0
0
0
0.1182
0
0.5664
0
2.6819
0.5434
2.1578
0
0
0.0367
0.3935
0.1837
0
0
0.3096
0.0137
0.3561
0.1106
0
2.502
3e-04
3e-04
1.6939
1.8131
0.0597
0.4629
0.0796
1.5019
0.3865
0.3451
0.2317
0
0.2679
0.0834
1.5878
0.1125
2.8406
5.1714
8.39
5.4979
0.0227
0
0.3437
8.5074
0
0
0
3.893
1.4644
1.1999
0.0269
0.01
0
0
0.0018
0.6568
6.8481
4.8324
0.1019
8.3621
0.4969
0.0728
0.0311
0.1287
1.7525
0.0279
0
0.0411
3.8808
0.2074
0
8.6773
17.4342
1.8993
9.4104
0.5773
0
0.483
0.0349
2.4238
0
0
5e-04
1.0433
9.7793
22.9715
2.1162
2e-04
0
0
0
0
45.8351
5.1941
1.3962
0.0104
0
0
0
0
0
0
0
0
0.0435
0
2.9746
13.0859
1.3092
1.9554
0
0
2.9167
0.5817
10.3726
0.466
0.2038
2.7286
0.0233
0.3811
1.2915
1.0168
0
0
0
0
1.9645
3.1007
6.4092
1.9005
5.7959
1.7937
0.3384
0.2015
0.4368
0.6431
0.2627
0.2634
0
23.3141
1.4492
0.1443
0
4.2413
0.0433
0
0.1172
0
0
11.1755
5.8373
0
0
0
0
0
0
0
0
0
0
1.6061
9.1766
22.8824
4.3886
0.1652
5e-04
0
0.2597
7.3361
5.3384
8.0278
10.9002
3.9976
6.0716
19.1297
4.1626
0.0628
0.0213
0.6201
0.0497
0
0
3.3859
11.5765
11.8958
0.0056
0.0313
0.0034
0.3421
0
8.7759
9.313
14.6201
3.3483
0.1602
0.5066
1.4474
21.3834
5.1305
0.0044
0
0
0
1.1942
0.2046
0
0
0
0
1.0107
2.7604
5.9856
1.692
0.2021
0.2507
0.2133
18.5908
4.384
5.5065
5e-04
0.0018
0
0
0
0
0
0
0.1394
2.4939
1.7731
33.1916
13.8338
1.7801
7.9041
0.093
0
0
0
0.32
24.2586
23.3523
40.844
3.2383
0
0
0
0
0
0
1.6377
0.3167
0
0
0
11.5856
3.3808
0.0149
1e-04
0
0.0011
0
3.4293
2.2496
22.2429
0.0156
0
0
0.0959
3.8255
2.5199
3.9689
9.782
2.4722
0.4723
0
0
0.1019
0
0.6051
1.8597
0
0
0
0
0
0
0
1.9209
12.631
2.2907
35.6064
0
3e-04
9e-04
0
11.1852
2.105
7.8952
0
0.0495
9.0962
1.1237
3.3434
1.2898
0.8864
0.214
0
0
0
0
0.0568
0.0713
0
0
0.2711
21.4364
0.0473
0.9975
2.1386
3.0346
27.1301
15.4534
1.2853
1.1289
0.1466
0.0114
0.0835
0
0.8134
19.8683
0.0445
0
0.2434
7.2799
0.0717
0
0
0
0
0
0
0
0
0
0
0.0616
1.5175
18.5868
0.682
0
1.33
1.9226
0.9849
0
0.1486
0
0
0.5933
0.1414
0.6516
0
0
0
0.6828
12.4393
0.651
0.1042
0.3747
0
8.4558
6.4838
0.0227
0
0.0179
0.1754
30.2176
0.6377
0.008
0
0
0
0
0
0
0
0
0
15.5872
0.7484
3.3823
13.1727
0.5751
0
17.9394
2.2048
18.3579
2.2284
0
1.0862
0.5686
2.9957
28.6744
29.4948
0.3009
0
0
0.063
0
2.2772
0.1777
0
0.3224
0.0756
0.3153
12.0003
0.7007
0
0.8
0
8.9338
0.7481
0
0.167
3.9098
4.0679
0
0.0317
0
0
1.0959
0.4083
0.8186
0.0514
4.1826
0
0
0
0
0
1.1155
0.619
0.1174
0
0
0
0
0
6.4785
6.4884
0.6655
0.1114
1.4896
2.4404
0.7174
0.5471
0
0
0
0
0
4e-04
2.9858
0.599
0.4172
2.7575
0.0974
0.0017
1.5526
1.3214
0.0458
0
9e-04
7e-04
0
0.0024
0.0121
1e-04
0
0
2.7903
6.081
0.7914
0
0.0697
6.4531
5.0569
0.5955
1.3063
7.3522
3.0366
3.4133
0
0.065
0
0.3477
0.2292
0
1.8177
3.2671
0
0
5.5236
3.5523
0.2621
7e-04
0.0416
7.9209
3.4176
2.2814
0.0521
9.0045
0
27.81
9.085
0.3263
3.3501
0.1994
6.2441
0.0014
0.5157
4e-04
0.0423
0.404
0.0261
4.2194
0.0967
0
0.0014
11.7664
3.6596
3e-04
0
2.1551
0
0
0.125
0.9901
1.8367
0.0672
1.1442
2.0872
1.3319
0
0
0
0
1.8285
8.8459
2.8344
19.4278
0.2512
0
1.183
11.2983
31.6532
5.4437
2.5125
0.1575
0
0
0
0
0
0.1212
0.555
2.6283
0.7167
0
0
2.2758
5.4428
5e-04
2e-04
0
0
0.0348
0.5765
0.3512
0
0.2175
0
0
0
3.7746
0.6836
7.3779
15.9889
2.7743
3.7203
0.3936
9e-04
0.2985
1.9169
0
0
0
5.7492
2.9547
4e-04
2e-04
0
0
0
0
0
7.2444
8.596
0.8906
0.0613
0
0
0
0.4612
11.0522
0.9739
0.1282
0
0.2503
11.709
0.08
0
0
0
15.4464
1.9254
0.01
0
2.6679
1.1704
1.1867
0.5287
11.3968
7.3954
12.3532
15.2035
3.1449
0.4731
0
0.0012
0.2516
0.0291
0
0
0.0038
3e-04
1.7984
0.1039
0.1306
0.1509
8.2135
15.5081
1e-04
0
0
1.1099
0.9636
0.3132
0
4.3624
0.0449
1e-04
0
9e-04
0
0
0
0
0
1.1164
3.8404
0
0.0299
0.6437
6e-04
0
0
0
0
0.0073
1.4581
18.745
2.8253
0.2055
0.1354
0
0
5.9597
0.3294
0.386
0.7284
0.3331
0.2572
0
0.0949
0.1167
6.1309
1e-04
0
0
2.1678
26.3828
20.8486
20.8355
5.4749
1e-04
0
3.4803
0.5279
2.7279
0.1379
0
0
0.17
2.432
0.9677
0.0093
0
0
2.4013
0.8643
0.773
0.0861
4.0954
1.7342
0
8.739
7.182
13.2637
2.3691
0.9085
0.0894
0.3434
0.1112
1.5236
0.4494
1.5303
0.5748
0.4161
3.7566
4.3148
7.1407
0.6215
0.0223
0.0186
0.0318
0.0016
0.0193
0
3.9493
2.4676
1.7491
0.3366
0.0751
0.0541
0.0601
0.1501
0.2657
0.5827
3.8535
0
2.0412
0
0
0
0
1.6174
2.0274
0.3452
0
0
0.7091
5.5512
0.1418
0
0
0
0.1256
1.2671
0.1662
0.6303
0
4.4488
28.0469
0.7486
0.8408
0.0634
0
1e-04
0.0022
0
0
1.9447
2.1023
1.712
0.1888
0
0
0
0.0236
0.6155
0.4736
0
0
0
0
0
0.1278
1.4129
0
0
0
0
2.7327
0.0788
16.137
1.4976
0
8.0584
3.5453
0.1814
0.4152
1e-04
0
0.0171
0.5812
0.0257
0
1.5006
0.3812
0
0
0
0
0.5131
14.8116
5.6155
2.0291
0.2603
13.7028
1.5124
1e-04
0
0.0011
2e-04
4e-04
12.5998
3.382
2.3238
0.055
0.2893
6.6987
0
0
3.3667
1.8513
3.162
0
1.3138
5.9225
0.5077
5.091
0.2594
0
0.8279
0
0
5e-04
2e-04
0.4348
0.422
1.5674
0.2592
0
0.5954
0.8416
12.8851
18.5091
13.4447
0.4885
8.3706
9.1335
5.5922
1.3663
4.2209
2.797
0.533
4.4058
0.3033
0.3995
4.2314
0.6118
0.1435
0.031
0.4004
1.7038
0.0276
0
0.7485
5.2204
0.2698
0
0.0396
0.3076
0.3057
0.6196
0.2685
11.8061
2.5673
3e-04
0
0.259
5.3828
12.2444
13.6712
0
0.2998
0.1414
3.8089
3.1348
21.5833
1.0179
0.3142
0
0
4.5922
7.076
0.3562
3.1652
0.0043
0
0.1659
0.0506
0
0
7.4402
0.3456
4.8642
2.0894
26.6644
0.5166
1e-04
0
9.8348
3.3435
7.7126
0.5863
0.8465
0.0454
0
0
0.4896
1.9702
0.0932
0.9367
0
0.3326
0
0.1366
1.2765
3.2779
11.8933
0.1538
15.2341
20.8982
22.9215
32.8199
2.6089
24.9646
1.3772
2.0969
6.9597
1.5853
1.5044
20.6337
3.2125
0.2198
5.0897
1.7496
0.0353
3.6415
9.9629
7.5556
1e-04
3.6646
6.7964
0.7943
0
0
0.0532
6.715
1.8901
2.1771
6.7276
1.0255
12.9283
1.9445
0.5493
0.0312
0.2374
2.2359
5.154
0
0
7e-04
4e-04
2.3568
0.63
2.9112
22.0986
7.6354
0.0126
0.0325
0
0.2051
1.1797
7.764
23.5171
0.9945
10.1641
24.7395
17.2499
7.1773
19.7096
0.0421
0
0
0.27
0
0
2.4186
12.2759
4.3695
0.1382
39.3571
8.5584
0
0
0
0.1301
1.0607
0
0
0
0
0
0
0
0
0
2.044
2.7445
10.2514
1.732
1.3963
1.1457
0
8.6312
15.2172
4.9478
0.0673
2.203
2.1513
0.4329
0.0662
0
0
0
0
0
0
0
0.5253
0.4559
0.0026
17.6043
13.938
0.5642
2.3972
0.0748
0.0147
0.2999
0.059
2.6974
4.1641
12.2378
23.8564
2.1327
0.0034
0
0
0
0.0244
0.0507
0.0435
12.5032
9.0783
10.1506
0.2165
1.5452
0.1434
0
0.037
0.0187
0.0224
1.8989
0.417
0.3175
0.0022
0.0244
0
0
1.1815
0
7.8061
0.05
0.0053
0
0.3821
0
0.4703
0.1745
0.0067
1.6596
4.485
0
0
0
2e-04
0
0
0
0
15.0975
15.9567
8.8324
0.0036
1.615
10.4036
20.6426
8.1988
0
0.0222
0.5231
0
9.0012
0.7042
3.8417
8.1029
0
2e-04
0
0
0
0
0
15.3523
2.6851
0.0141
4.7494
0.0132
0
0
0.1603
0
0
0
0
0
0
0
0
0
0
0
0
0.4707
1.5969
13.3715
1.7989
0.3052
0
9.5685
0.0637
1e-04
0
0
9.3699
3.0032
0.5885
0.7239
0.5011
2.4774
0.0601
2e-04
3e-04
0.0929
0.3494
20.6104
3.001
0.1027
0
1.2407
0.2766
4.3257
1.7201
0.3528
0.4554
0.1714
2.3593
4.2661
5.6136
0.1358
0.2377
4.9251
0.7233
0.3628
16.8142
1.1276
0
0.0398
0.0862
0.1536
0
0
7.1478
12.8155
0.3022
0.0189
0
8e-04
0.0013
0.0245
0.1779
18.3333
5.7393
0.2401
0.2582
0.1343
5.218
3.0459
9.7449
0.3878
0
4.4402
3.3571
1.6568
0
0
6.6105
18.1892
1.0751
0
0.0142
1.2638
2.7045
0.4273
0.0147
0.8148
3.1783
2.3524
0
0
0
0
9e-04
1.043
0.1666
0.0491
0
0
0
0
0.4303
0.3105
0
0
0
6.9022
3.2729
1.1491
0
0.1381
1.2703
6.9542
2.2238
12.7311
0.2316
1.1557
0.0328
3.067
3.4289
0
17.0731
30.4707
22.8315
1.0507
0
0.0411
2e-04
6.608
0.3768
0
0
0.0298
1.3141
9.3882
9.3292
0.0209
0
0.2592
10.083
6.5798
0.3457
4.611
1.3547
4.2501
3.1837
6.7609
9.4218
0.0589
0
0.4684
2.2239
1.4869
4.2172
10.3102
7.8699
7.0864
0
0.9404
0.1782
3e-04
0.8687
0.3664
3.312
0
0
3e-04
0
0.1202
4.6585
0.1918
0.0319
0.0071
0.0699
0
0
0
7.2565
2.2148
3.1287
0
1.9083
1.1652
0
0.3079
1.9142
1.2296
4.3121
1.5997
0.6702
0.1272
0.9881
0.0884
0.0618
0.004
1.5391
0
0
0.0017
0.026
2.2166
1.1136
1.6738
3.3667
0
0.1761
4.4391
5.1333
6.193
9.1442
1.2928
0
6.2929
0.1913
0.3048
1.0072
0.8471
0
0.8689
0.0707
1.7985
4.5989
0
0
0.0501
1.354
1.5836
1.65
0.0146
2.0656
1.9648
9.453
7.3119
5.0907
1.2172
1.8361
0.4807
0.4179
0.3366
0.0027
0
0
0
0
0.1283
8.2554
0.1479
0
0
0
0
0.2532
9.2831
6.8451
0.0093
0.7595
3.0461
3.7328
0
0
0
0
0
0
0
0
4.9621
1.3996
0.0372
0
3.3039
0.2052
1.48
0.2074
0
0
0
0
0
0
15.7497
14.9398
0.9852
0
28.9907
0.564
0.069
0.0024
0
0
0.4461
1.544
0.4224
3.6839
14.0458
0.643
0.1598
1e-04
2.3606
1.4712
0.6364
13.8718
1.1546
0.1843
0.0618
0
0
1.4119
0.0338
0
0
1.8402
1.6425
0.1749
0.2069
2.422
2.9423
0.8825
3.415
0.1013
0.1586
0
1.9814
0.0812
0
0.1405
0.0642
0.0074
0.0714
0.3308
0.5132
0.0744
1.0102
1.5019
4.8409
2.46
0.0915
0.1226
0
0.7385
0.4797
0.1598
0.7793
0.1044
0.3548
3.7302
0.0275
0.0076
0.036
0
1e-04
0.0358
0.3806
5.1284
0.2377
14.1219
10.2025
0.0375
4e-04
0.0697
0.1613
0
0.1136
0.0751
0.0052
0
0.073
5.3849
1.2769
0
0
0.1873
0.7081
0.0018
9e-04
0
0
0
0
0.6474
0.1811
0.0803
8.6911
1.0446
1.6414
1.6859
0.0154
0.0182
0.1855
0
0
0
0.3391
3.3654
3.3196
0.8676
3.7244
3.2455
0
0
2.4052
0.2126
0.1142
0
0
0.5246
1.213
0
4.8924
0.3818
0
0.8453
0.521
0
2.7669
0.809
0.6629
0.0305
0
0
0.0022
6.5363
2.8246
2.7878
17.3121
2.1992
0.9119
0.5658
18.4672
12.5796
24.2468
3.3219
0.0086
0.2728
0.0514
0
0.0123
0.0146
0
0
0
0
0
0
0.3295
9.2356
3.5859
5.2537
4.4708
1.5018
0
1e-04
3e-04
0.287
1.7076
6.7568
0.541
0
0
1.3566
4.3783
0
0.1215
0.3498
1e-04
0
0
0
0
0
0
0
1.7123
8.4438
6.3315
0
0
0
0
0.4261
2.1517
0
0
0
0
0.0475
0.0753
0.5949
1e-04
0
0.0193
1.2056
3.9915
0.2713
0.0272
2.4654
3.4325
1.0898
0
4.1688
4.0983
0
8.4348
30.379
7.9404
2.4615
2.0881
1.0249
17.1702
1.9277
0
0.6994
0.2962
0
5.7372
1.0715
2.1249
6.0373
5.9829
0.069
0
0
1.1724
3.2894
1.0367
0
0.1073
0.024
2e-04
0.373
8.7197
9.2011
0.0768
3.8628
4.6831
0.4287
1.9528
7.7918
0.8604
0.3299
0
0.5736
1.624
0.9634
14.2772
4.0519
0
0
0.4254
0
0.9371
6.7768
1.9234
22.0202
12.0381
0.012
0
0
0
3.019
13.5837
4.5297
0.0323
0
0
0
0
2.011
4.5045
2.452
0.6745
0.9769
0.0293
0
0
0
2.4772
1.4587
0.6886
0
1.1826
0.0017
0
0
0
0.1363
0
0.035
0.3717
0.0086
0
0
0
0
0.1989
0.9456
3.6459
2.7058
5.8408
0.999
0.3782
0
0.6752
0
0
0
0
0
0.2548
0.4348
7.9439
0.1059
0
0
1e-04
0
0
0
0.0148
0.0504
5.1511
0.0733
0
0
1.2823
1.0254
0.4757
0
0
0
0
0
5.5047
8.5541
0.1704
0
7.2285
4.8832
5.9389
0
0
16.6098
3.0233
0
0
0
0.2833
0
0
0
0
0
0
0.7746
0
0
0
0
0
15.5847
7.5655
0
0
0
0
2.6738
0.503
7.3567
1.3111
15.6404
2.9285
11.7917
3.3002
1.2111
0
0
0
5.3961
4.8042
5.1676
0.0775
0
0
0
0
0
0
0
0
0
0
0
0.7008
0.9674
1.7166
0.6055
0
0
2.747
4.0692
3.399
0.0378
0.2882
0.0829
1.707
0.5477
1.5852
4.2083
4.6366
0.0363
0
0.9491
12.9128
30.1762
4.197
1.5863
0.4131
0.0801
0
0
0
0
0
0
0
0.1417
0.0226
0
0.1586
0
0.0728
0
1e-04
0
0
0
0
0.3296
0
2.1138
0.2335
0
0
0
0
0.5242
0.2727
0.915
0.6745
0.6393
1.4332
12.7638
5.2113
0
0
0
0
4.4003
1.4175
28.2185
7.4328
0
3e-04
0
0
0
0
0
0
0
0
0.2527
0.697
0.414
0
2e-04
0
0
0
3.3251
1.6109
0.1183
0.3446
0
0.4279
0.8738
0.2099
0.9953
0.078
0.2687
0
17.5578
30.6971
16.3366
0.4297
7.9865
0.0358
0
0
0
3.6256
8.87
0.3663
1.6957
14.5737
0
0
0.1022
1.1923
0.0355
0.4721
0.0907
0
6.3281
0.2977
0.3435
0
2.3559
6.7037
0
0
0
10.6186
3.9409
2.2349
0
0.1575
2.3129
0.4032
0.1994
8.2773
10.1511
4.3142
0
0.4033
0
2.5044
25.6954
2.2591
0.0065
0.2924
17.4219
2.661
0.4105
0.0315
4.3268
5.2201
1.7723
0.1258
0
6e-04
0.0399
5.9161
0
9.1589
0.3515
0.0012
0
3.0786
3.0859
0
0
0
0
2e-04
0.0047
0.598
2.4257
3.1885
6.0264
13.8336
15.9498
3.1763
7.1831
2.0496
0.0234
0.1936
0.2288
0.3975
1.8293
0.3467
0.022
3e-04
0
4e-04
0
1.0093
0.0739
1.6369
0.3135
1.1112
0.323
0.2988
0.0186
1.9143
4.6704
1.8587
6.1588
10.0047
7.7192
1.2499
0.2834
0.2089
0
0
0
2.1987
0.9031
5.4841
10.0808
9.3972
1.6824
0.7174
12.9191
4.7508
0.4535
0.259
1.2563
0
0
4.1868
2.4543
17.7517
2.7058
9e-04
0.0032
0.2334
0
0
0
0
0
0
0
0.5357
0
0
0
0
0.0866
0.1021
0
0
0.1417
2.843
0.1942
0.3454
0.31
1.631
0.384
0.0753
0
0.1353
0.3918
0.2621
0
11.2439
1.044
2.0393
2e-04
0
0
0
0
0
0
0.2621
0.3487
0
23.5947
5.5102
51.719
5.8503
0.1787
0
0
0
0
0
0
0.0213
0.0047
0
0
0
0.2542
5.5624
1.0571
0.5182
0
0.0378
0.0349
0.0682
11.3128
0.9086
0.7865
0.7595
6.8473
1.8297
14.856
0.2003
0
0
0.2274
17.1105
0.0595
0.019
3.937
20.3079
0.1208
0.0473
0
0.3496
1.6699
2.2458
3.8692
0
0.053
0.1209
0.0787
0
0
0
0.0289
0.1116
0.1973
0.2458
0.028
0.1525
0.714
0.702
0
0.2347
0.0211
6e-04
0.501
1.5515
0.2568
0.198
1.6287
4.8691
5.959
0.0024
0
0
7.1312
6.223
0.1521
0
0.8768
0
0.8045
0.6559
0.1382
0.4038
0
0.1181
0.3679
0.394
1.0005
5.5571
7.8894
0.008
0.0286
0.2678
2.0839
0.2522
3.0502
2.4168
1.1366
4.1357
0.0191
0.0038
1.1058
1.2882
8.0437
4.0114
12.185
0.0045
0
0
10.7734
8.1594
0.0144
0.0571
0.6796
0.0282
0.4482
0.2083
0.4127
0
0
0
0
0
0
1.1381
3.133
0.1341
0.6153
0.0726
0.267
0
0.9589
1.0829
0.4106
0.111
0.2504
0.3297
0.4384
0.1462
0.0766
0.0248
0
0
10.7351
14.6866
3.2105
0.5349
0.0026
0
0.8529
1.0342
14.0505
2.6052
0.3625
0
6e-04
0
0
0
0.0735
0
0.3412
0
0
0.0214
26.8881
11.1664
0.1246
0
0
0.3345
0.9249
0.0262
0
0.3114
0.8657
0.2196
1.2267
2.8142
0.0108
0
3.3646
0.5935
0.1288
0.4431
0
0.0391
0
0
3.4917
3.9365
0.4004
5.6867
2.3833
0.1462
0
2.648
1.3716
2e-04
29.4803
19.0668
1.0827
0.2665
4.0637
0.0539
2.6668
11.1383
11.7324
0.776
0.1549
0.4837
8.1753
2.6169
0.9977
0.162
3.771
11.2201
18.8942
5.5646
0.244
0
0
13.571
2.0643
5.0835
0.0228
0
0.1163
0.738
0.0158
4.229
3.6799
1.2337
5.0589
14.0862
0.4422
2.117
0
0
0.1245
3.7834
3.5213
2.6639
0.5785
20.9074
15.0595
1.3852
3.134
2.366
5.4483
6.9363
3.1793
2.9558
0.0356
0.2946
2.2477
7.7441
2.8178
0.2634
0
0.0021
0.4576
4.3521
0.2055
0
0.0269
0
0
0
1e-04
2e-04
0
0
0
0
0
0
0
0
0
0
1.4477
4.3858
12.7713
1.0712
0.0571
13.4014
0.1891
0
0.1409
0.2499
1.5316
2.7611
1.8633
0.2016
0.1274
24.9196
19.2768
22.0537
0.9959
3.3622
0.0027
0.0275
0
0
0
0
2.9773
0
0
0
0
0
2e-04
0.0044
7e-04
0
0.7389
2.9198
3.4417
2.5202
1.085
1.4557
0.3373
0
0
7e-04
0.0014
0
0
0
0
0
0
0
0
0.8815
1.9766
0
6.0254
0
0.2353
4.5973
1.0994
1.2095
1.8015
3.239
0.2954
0
0.0087
0
9.2237
5.177
0.2451
0.3681
0
0.6322
20.6686
13.7676
0
0
0
0
0
0
0
0
0.0407
0
7.7565
0.3824
0.0186
0
0
0
0
0
0.3235
14.8064
0.2379
0.5732
0
0.0782
9.418
0.4129
0.0991
0.7074
0.8209
0.1168
1.2733
11.9167
0
0.3615
0
0.001
0
0.5269
1.3925
20.8258
4.8042
2.4128
0.4112
0.508
0.001
0.0207
0
0
2.5693
2.2228
0.1694
0.001
0
0.58
0
2.2013
3.1524
13.563
5.4963
0.5543
0.4759
0
6.2973
10.4391
0.654
0.5754
0
1.5681
1.0829
0.6117
0
0.2243
0
24.3805
4.0466
0.1165
0
0.2791
11.1078
16.9262
3.3614
0.1232
0.1198
0
0.0361
6.1031
6.4153
0.062
0.6195
0.1213
0
0
0
0
1.1503
0.4501
0.3572
0
7.3805
0
0
0.2867
4.0202
0.5905
0.0382
0
0
0
4.7122
3.4608
0
0
0
1.7851
0
10.0507
1.7806
2.6048
2.4181
8.5545
5.5087
1.22
0.3014
0
0
0.1396
0.4807
0
19.9345
0.7389
0
0
0.53
0.4754
0.3558
3.61
0.8688
0.4592
0.0212
1.7628
3.658
0
0.1143
2.5027
6.1885
1.8691
1e-04
0.1101
0
0
12.9538
43.1741
0.0245
2.6462
5.2938
0.3005
0
8.0525
2.6766
0
3.3245
2.447
1.0121
0
0
4.297
31.3099
0
0
0
0.246
0.1123
0.1552
0
0.167
0.6673
0
10.3248
2.1679
0
4.2676
8.9152
1.7421
0.2594
0
0
0
0.2881
7.2056
0
0
0
0
0
0.2335
13.8875
0.2992
0
0
2.6015
0.387
0
0
0
0
0
0
0.0814
0.021
0
2.8196
1.1885
7e-04
0.1696
4.4102
3.191
21.9485
3.9548
4.2574
1.245
0
4.6043
0.0574
0.0574
5e-04
2.0293
0.508
0
3.1844
0
0.1943
12.9335
17.8662
0
0
0
0
1.7828
60.367
0.0255
0.0661
0.1603
18.0724
1.03
31.4139
22.8551
5.9171
0.3957
0.0479
0
0.0198
0.0655
0
0
0.0011
0
7.4252
2.7554
0.0035
9e-04
2.6289
0.1311
9.5446
0.1822
0.1812
5.0085
6.9679
0
6.392
0.712
23.0525
0.0906
0
3.3831
4.6713
9.8129
0.2569
0.0831
0
0.4782
0
24.2686
0.4731
58.1094
0
0
0
0
2.5888
3.714
0
0.0017
7e-04
3e-04
0
11.6675
12.015
2.9862
8e-04
0
0.6862
3.1963
0.6755
0
0
0
0
2.1773
0.0499
4.002
0
0
0
0
0
0
7.2738
14.8335
8.8819
0
16.4975
4.4
41.5201
0.5016
0.0563
0.5297
0.8755
3.1119
0.3128
16.7095
1.6149
0.77
0.031
0.4313
0
0
0.3655
2.9857
4.7372
0.4836
0
0
0.8747
0
0
13.465
8.5509
0.9631
0.4557
0
0
0
0
7.5693
0
2.752
22.298
0
0
4.3775
0
0.3546
0
0
0.2099
1.7314
0.1348
0
0.3155
1.9522
0
0.1086
0
0
1.2117
1.6639
0
0
0
1.1837
9.4522
0
0
0
0
0
0.1524
0
0
0
2.4052
1.0924
14.049
2.0371
0
0
0
1.877
4.1407
1.889
1.0184
0.5695
0
0
0.3084
0
0
0.1306
0.1444
1.5081
0.3008
5.1113
2.6167
0.319
0
0
8e-04
4.824
4.5979
4.45
0.2884
0.0986
0
0.4989
0
14.3762
3.7396
1.7911
0
3.0238
5.6938
1.4072
1.1084
0
0.3241
0
0.2182
17.534
0.1299
0
0
0
0
0
0
0
0
0
0
10.3905
4.7562
6.9453
9.5552
0.7193
0
0
0
1.2698
0.4689
0.0394
0.1963
1.2621
18.4597
2.9514
4.6332
18.003
17.9055
0.3382
0
0.1228
0.9379
3.4022
0
1.8408
0.3723
0.0513
0.2104
0.1095
0.0319
0.4489
0.4518
6.1879
0.167
0
0
0
0.3344
0.2032
0.0372
0
0
8e-04
0
0
0.3013
5e-04
0.0039
0
0
0
8.3372
5.1909
0
0
5.3474
14.3031
21.1715
9.8887
2.0336
3.437
0
0.4159
0
1.1725
0.0493
0.065
0.9103
0.1306
3.7259
1.7934
2.3218
0.7763
0.6079
0
0
6.4041
18.8571
0.0222
0
0
0
0
0
0
6.509
6.8018
1.6619
12.1648
3.5263
0.452
0.3435
0.2018
0
1e-04
0
15.1088
0.5125
0.2763
0.004
9.7781
0.1058
0
0
0
0.0099
0.6258
13.6886
24.3787
0.6333
0
0.1546
0
6.7219
0.4243
16.0439
0.434
0
1.491
0.0366
0.4218
0.9737
0
0
1.7995
11.9804
1.0056
0
11.5627
3.1552
6.8303
21.7738
20.5986
4.7423
0.1578
0
3.8641
4.1154
0.0135
0.002
0.0649
0
0.0634
0
0
0
0
0
0.0302
0.0998
4e-04
0
0.3682
8.0456
0.5635
0
0
0
0.7841
1.0732
0.9618
0
1.8098
0.4504
1.9495
1.6522
0
0
0.0013
3.6052
5.1376
35.1419
20.9698
7.7344
0
4.2731
1.1065
0.2585
0.5979
4.9501
0.0026
2.0528
0.3206
0.0064
0
4e-04
2.5944
6.601
7.85
25.0461
0.933
0.3739
0.008
0
12.3439
1e-04
0
3.6296
3.2119
0.4533
0
0
0
0
0
0
0
0
0
14.1317
20.3118
8.1176
37.0739
6.5922
0
0
0
0
0
0
0
0
0
7e-04
0
35.1282
22.0801
17.7566
7.0811
3.2539
2.6152
5.2172
0.7216
0
0
0
4.4893
2.1859
3.2211
9.3854
0.1998
0.0233
0.3327
3.0472
7e-04
24.5825
35.223
0.1651
0.1755
0.2412
0.5897
0
0
0
0
0.4348
0.0021
0
0
1.2796
0.0264
0
0
0
0
0.2055
0
0.1051
0.0068
0
0.2364
6.2929
4.4244
18.8784
2.5072
0
0.0722
0.0919
0.6605
0.7575
0
0.2032
1e-04
0
0.1362
7.4757
0.0817
0.0984
0.0603
23.6275
0.5546
0
0.0011
0
0
0
0
0
0
0.1901
3.4963
0.0388
0
3.7342
0.3536
0
0
0
1e-04
0.0032
0.5219
1.1889
5.6202
1.581
0
0
1.567
0.0068
0
0
0
0.2522
0
20.1328
0.4028
0
0
0
0
0
7e-04
0
0
0.0763
1e-04
0
1e-04
0
5.9447
2.9216
0
0
0.0557
0.3868
0.4275
0.0206
0.7797
1e-04
4e-04
0.2479
2.3662
4.1419
0.0221
0.001
6e-04
0
4.7983
0
0.126
0.1257
0.8553
0
0.3841
0.7874
14.2357
2.1235
0
0
0
0.2609
0
0.5752
0.6069
0.0643
0.9888
0
22.7158
6.6424
0.0623
0.0921
2.6717
0.0014
2.439
3.0656
0.2407
0.5142
5.0575
6.5727
0.4367
0.0334
0
2.5785
7.2532
0.4204
0.0043
0.0119
21.0172
6.0877
0
2.1176
0
0
0.1659
0
1.923
0
6.017
1.8802
0.0925
1.0458
0
0.963
14.3234
1.4037
0
0
0.1348
8.8387
0.0764
0
0
1.1112
1.5406
0
0
0.4918
0.0409
0
0
0.1503
4.0544
0
12.9953
7.919
2.1373
4.306
4.6866
0
2e-04
16.8847
0.4531
0.3333
5.2734
2.6846
0
0
0
0
0.4147
0
0
0
0
0
0
0
0
0
0
0
0
0
0
0
0
3.3227
0
0.2566
2.1488
0
0.0611
0
0
21.4209
0
11.4139
0.7488
0
0
6.161
10.1416
2.0286
1.5843
0.9333
0.6949
0.6466
2.1287
12.6527
0.2304
0
0
0
0.0238
0
0
0
0.0035
0.4738
0
0.3425
0.903
0
2.4606
3e-04
0
0
0.2839
1.2273
0.5032
0
0
0.0633
2.9367
0.014
0
0.4317
7.7753
7.5602
6.2645
3e-04
0
0
0
0
0
17.6188
7.0117
3.2897
0
0
0
0
0.5622
0
0.5697
0.046
5.1407
12.3905
5.6683
7.9533
0
0.0048
0.4491
0
0
0
0
0
0
1.9814
1.11
0.1032
6.7429
0.0846
0.975
0
7.9457
0.1683
0.0014
0
0
20.1926
0
0
2.8821
0.0147
0
0
0
0.6248
0
0
0.3157
3.596
3.1953
0.0652
10.8672
20.0196
5.2734
4.8706
1.324
0.5404
3e-04
1.9788
1.3023
1e-04
3.0761
0.2129
0
0
1.0645
0.5991
0.006
2.8044
5.3633
0.0485
1.8561
0.0032
0.2081
7.8062
17.9565
0.0065
0
0
0
4.7611
0
0
0
0.5399
8.3177
7.1367
5.3906
1.2846
0
0
0
0
0
0
0
0
0
12.2995
0.0308
0.0258
1.1038
0
0
0
1.7685
0
0
0
0
2.5129
0
0.6122
0
0
0
3.0192
0
0
0.8254
0.5124
31.6153
2.5165
0
0
2.3384
17.3111
0
0
0
4.4369
4.4136
1.3082
0
0
7.7137
0.1686
0
0
11.5913
0.3497
0
0
0
0
0.0011
0
0
0
0
0
0
0
0
0
12.202
0.7138
0
0
0
0
0
0
0
0
0
0
0
0
0
0
0
4.2904
4.8539
0.002
0.4638
0.7949
0.2266
0
10.1165
0
0
0
0
0
0
0.1334
0.0695
8.6272
1.4637
0
0
0
11.9403
0
0.0832
2.5101
14.3163
2.1811
0.1302
0
0
0.0014
2.7527
0
0
0
0
0
0
0
1e-04
0
0
0
0
1e-04
7.5855
5.2606
0
0.0014
0
0
0.0334
1.2422
0.223
0
0.8865
0
0.0014
0
0
0.7219
0.576
2.839
1.6872
1.0874
0.124
0
1e-04
0
0
0
0
1.0828
0
1e-04
0
0.9514
0.0547
0
0
0
0
0
5.3452
5.793
0
2.2168
1.0047
0.2982
0.0789
0
13.6409
0.0042
0
0
0
1.0885
1.5583
5.2983
0.9332
6.3046
0
0
0
0
0
0
0
0
0
0
0.0384
0
2.1195
3.0709
0
0
0.4531
2.8213
0.0987
0
9.3447
8.723
0.9802
0
0
0
0.4516
0
9.3739
6.803
2.5682
0
0
0
0.7967
2.8249
1.2443
0
0
9.3485
16.7044
0
0
1.0741
0.1389
0
0
0
0.0108
3.4887
0.8958
0.1756
9.4199
4.3482
0.2439
0.0286
0
0
0
0
0
0
0
12.8343
5.2795
0
0.5897
0.0337
0
0.4923
0.1304
1.2325
11.675
0.3995
1.0222
4.7901
0
0
2.6292
0.3458
1.4702
14.014
0
0
1.4553
11.0701
0.2556
0
0.0048
3.7335
18.6951
1.0596
0.2738
0.0683
0.0141
0
0
1.606
27.4965
0.9056
0
0
0
0.1989
0.2484
5.7152
17.6575
13.3995
6.1446
4.6525
1.8864
21.1489
0.4264
0.3324
14.1899
0.438
0.4238
0.2693
28.243
0.1033
1.7215
0
0.8091
0
0
0
22.5838
0.0744
0
1.4765
0
0
0
1.3127
1.898
0
0
4.5646
0.913
0.1144
0
0.4657
0.9573
0
0
0
0
0
0
0
0
1.2287
16.7758
15.5795
13.5562
0.7395
3.4864
9.5422
0.0826
0.3759
16.94
15.2664
0.0959
0.5416
0
0
0
0
0
0
0
11.0065
2.6709
0
0
0
0.0082
0.5868
4.3661
0
2.6866
19.4336
0
0
0
0
0
0
0.0498
3.5305
0
0
0
0
0.4809
40.484
0.6904
9.3375
0
5.1125
0.3423
0
0
0
0
7.3844
3.2103
0.2647
23.0785
4.5049
1.652
8e-04
0
0
0
0
0
0
0
5.7189
22.3546
9.666
0.4215
0.0012
0
0
0
0
0
0
5.649
0.6116
3.35
0.3594
0
0
0
0
0
5.3307
0.2787
0.1176
0.4642
0
0
0
0
0
4e-04
0.8171
0
0
8e-04
7.3182
1.0656
5.8984
7.1613
0.033
0
4.9079
0.1765
0.449
2e-04
0
0
0
0.5113
0.1833
0.001
0
0
3.481
3.3672
2.0021
0
1.3911
0.2727
0.146
0
0
0
0.0718
0.162
2.1192
1.9255
0
0.4469
21.0708
5.1991
3.586
6.9756
0
11.461
6.7917
0
2.0895
0.0588
0.6733
0
0
0
0
0.0288
0.2447
0
0
4.0239
0.0029
0
0
0
0.0776
0.7133
0
0
0.0818
0
0
0
0
0
1.8126
0.5292
0
0
0
0
0
0
0
0
0
0.1686
0
1.3006
0
1.5805
10.1519
1.9922
0
0.1635
0
0.1934
0
2.1732
0
0.368
13.2647
5.3686
0
0
0.0375
12.7574
1.4155
0.1827
0.0125
0
0
0
0
1.3121
0
3.3569
10.75
0
0
0
0
0
0
0.0268
0
0.3725
0
0
0.2442
0
2.0082
2.9435
6.8856
0
0
9.0995
2.0021
0
0
0
0
0
0
0
0.4461
0
0
0
0.0961
0
0
3.9186
0
0.0023
0
0
33.4709
0.4684
1.1967
3.0196
3.9779
11.6627
0.4282
0
0.0183
9.4967
1.0024
0.5196
0
0
14.0516
1.3604
5.3677
0.1563
0.8626
0
0
0
0
0
0
0.2539
0.2661
0
0
0
0
0.2839
14.425
0
0
0.0652
6.8077
0
0.4979
33.233
18.9422
2.1376
7.5569
0
0
8.1526
0.8039
0
8.7304
11.3664
10.7604
11.5713
0
3.2161
0.2585
0.0317
1.7645
13.1977
0.5391
0.8523
8.6575
10.4803
0
0
0
0
0.097
1.4838
0
3.112
5.1217
0.328
0
1.0513
0
0.4413
7.7544
1.797
5.4641
0.0422
0
0
2.0665
0
1.0471
0.677
3.2719
0
2.5099
2.0885
1.4549
0
1.1042
0.1588
0.4395
1.988
0
0
0
0
0
0
1.4262
0.3868
1.7687
0.2525
6.2618
0.0896
0
0
24.4779
0.1825
1.9564
1.9559
0.3619
9.5511
0.0012
0
1.2493
1.7175
3e-04
0.2823
0
0
0
6.9231
0.0753
0
6.643
0.5382
0
0
1.0778
0
0.6539
7.503
0.1121
0
10.8653
24.6348
0.8765
1.5263
1.5568
0.1221
0
0
0.0229
2.9416
0
0
0
0
0
0.0244
2.132
2.4303
7.0462
23.4978
0
0
0.7661
2.1191
0
0
0
7.8581
34.0183
0.3985
4.5035
0
0.4271
12.8467
2.4115
0.3658
0
0
0.0337
0
0
0
0
1.8273
21.153
5.92
0
0
0
1.5278
6.7598
15.7008
0.2522
15.1708
3.3416
17.0686
0.3185
0
0
0
3.1535
7.1228
6.13
3.8575
16.164
0.3169
0
0
0
0
0.1424
0
5.3806
5e-04
0
0
0
0
1.3309
0
0
0
0
0
0.1643
0.0199
0
0
0
2.2337
0
0
0
0
1.6773
2.5909
0
3.2487
4.933
10.5499
16.5251
0
0
0
0.5322
0
0.3805
0.0265
0
0.0602
0
0.0257
0.7894
5.2132
15.8545
0
5.7794
24.5937
2.1351
0.2788
0
0
0.0464
2.1006
0.0678
0
0
0.0012
0.2178
0
0
0
0
0
0
0
0
3.0216
0.5723
0
0
0
0
0.5483
0.4358
0.1215
0.2557
0
0.0345
0
4e-04
0
0.0347
0
0.1393
3.4422
0
0
0
0
2.7549
16.7206
15.7199
26.4915
0
0
0
0
0
0
0
0
4.2093
4.8582
0
0
0
0
0.5605
0.1922
0
2.9272
8.9704
0.3392
0.7383
0
0
0
11.3312
0.0793
0
0
2.2445
7.3721
0.1233
0.0692
0
0.2061
0
11.3023
0
2e-04
0.0674
0
0
0.7284
1.865
6e-04
0.0333
0
3.3508
7e-04
0
0.0045
2.542
5.9846
15.9529
1.7017
0
10.3163
2.1531
0
1.3936
11.8346
2.6769
0
0.3342
0
0
15.8731
11.8814
0
0
4.5406
18.7455
3.2926
0.1017
0
0.0399
0.0688
0.4942
4.3678
4.3573
0.1836
0
0
1.5557
0
3.5552
8.2393
0.0831
0.4537
0
12.9721
0
0
0
3.6907
0.55
7.8164
2.7806
0
6.2417
20.033
12.6833
0.0979
0
2.3656
2.4471
0.8491
0.378
0.2987
0
0
0
0.2302
8.14
0.8337
0
1.7441
9.1174
1.4225
0
0
0.0327
1.8505
6.0986
10.0499
3.1444
0
0.0248
0
0
2.294
1.8941
0.4569
4.0667
0.2932
0.4508
0.5367
1.5096
0.4281
0
1.7537
0
0
0
6.4588
1.6882
1.7344
0
0
0
0
0
0
0.548
0.1353
0
0
0
0.9031
0.7171
0
0
0
0
0
0
0
0.6003
0.2584
0.5361
0.8653
0.2529
8.7596
0
0
1.7972
6.4465
1.2317
17.2889
1.0351
0
0.1267
0.0784
0
0.1794
3.7308
0
0
0
0
0
1e-04
0.5941
0
1.2024
0.5014
0.0052
0
0
21.6032
0.1721
0
1.3605
32.3531
1.3278
0.6974
0.1087
0.0431
0.1544
0
0
0
0
1.0228
0
0
0
0
0
0
0
0
0
1e-04
0
4.3221
0.3631
0
0.0386
2.9517
2.7321
20.2883
3.0736
0.3481
0.2809
0
0
0.0585
28.249
0.1048
0.7582
0
0
0
0
4.5473
0.0902
0
0.3987
0
0
0
0
0
0.1531
0
0
0
0
0.0941
8.8953
0
0
0
0
0
14.8561
2.0815
0
0
1.9485
0
0
0
0
0
1.2087
6.5663
1.0357
0
0
0
27.7055
5.414
0.297
0.1913
1e-04
3.4813
1.764
0.2113
0
2.4078
0
2.4881
9.5184
1.8856
4e-04
0.3221
1.3677
1.2637
0
0.4685
1.3162
0.0818
2.3128
0.056
0
0
0
0
0
0
0
0
0
0.5755
4.9018
0.6412
0
0.0778
0.4711
19.0216
4.8503
0.5641
0.903
0.1087
0.4264
6.9411
0
0
0.4617
1e-04
5.4541
8.3906
0.5801
3.5149
0.3776
0.394
2.0133
1.8945
0
0
0
0.3763
0.0347
0
0
0
0.0337
0
0
0
0.1236
0.0262
0
0
0
0
0
3.0411
0
0.3376
3.3319
0.6128
0.791
1.8709
0.0016
0.0785
4.9127
0
0.129
0
0
0
0.8018
0
0.1444
0
0.1262
1.0889
0
3.4149
0.1482
1.2498
0
0
12.9183
5.7643
1.359
0.2725
0
0
0
0.0675
0.7621
0
0.6917
4.821
0.9384
0
0.7822
1.9566
0
0
0.1753
11.4376
0
0
0
0
0
3.9031
2.4007
11.2431
0
0
0
2.3974
1.0603
0
1.3994
13.2417
0
0.3175
1.8476
0
0
10.6247
22.7034
0.2766
13.4239
0
0
0
0
0
0
0
0
5e-04
0.4454
2.5795
0.4118
3.3502
0.2463
0.2379
0
0
1.0264
1.2874
0
0
2.1581
0.9162
6.3054
16.5814
0.553
0
27.5921
0.3179
7.1757
6.4969
28.1404
12.1821
10.3976
2.6953
0
1.4549
6.91
0.1669
0.0353
0
0
10.5777
0
0
0
0.0514
0
0
1.1511
1.6205
0.1979
0.1767
15.3893
0
0
7.816
0.2568
0
0.3005
1.258
8.2886
0.575
8e-04
7.3271
18.3322
0.94
8.529
0
8e-04
15.0368
0.0742
2.218
0
0
0
0
0
0
10.2783
0.8107
0.8539
1.1754
3.5432
1.0102
5.0768
0
4.1471
18.3726
0.8272
29.4506
22.5283
8.7615
6.5903
0.1871
0.4171
0
0
0.5368
0
0
0.6015
0
0.0155
30.0088
3.709
2.88
0.56
0
0
16.6569
0.5039
0.0294
0
5e-04
0.5622
27.6421
17.2565
15.1166
1.0547
1.0098
0.1637
1.6292
0.2452
0
0.9686
6.533
0.3289
0
1.5381
2.9244
0.2193
0
0
0
0
1.9164
0
0
0.0672
12.152
1.6236
0
2.0317
2.3916
2.2628
43.9609
6.3718
0.0899
0
0
0
0
0
0
0
0
0
0
0.6224
6.443
0
0
0
0.8144
0.0631
0
18.8512
0.757
9.8712
3.0462
0.1099
28.7235
0.532
1.2511
0.0452
0
0
3.2874
2.7733
0
0
0
0
0
1.0604
0
0.0272
0
25.8809
4.5291
1.414
0
0
0
0
0
0
0
0
5.8073
8.3488
0.0338
1.6276
1.2408
0.0732
0.8939
3.5594
0.3416
0.0244
0.0365
0.2088
0.1231
0
0
0
0
2.6205
6.8034
0.7947
0.0582
1.0133
0.8104
0
6.076
3.9638
0
0
0
0
8.3972
0
0
24.6382
11.0167
0.0575
0.9178
0
0
0
0.0851
9.7721
1.542
0
0.0638
0.2959
8.9993
0.6802
0
0.0892
3.9487
0
3.2806
1e-04
0
0.4782
0
0
0
23.4626
2.5578
0
0.0088
0.0128
0
7.0463
6.7551
0
0.0028
1.5125
1.9306
20.3493
3.2418
0.1274
0
0.2541
0.1361
0
0
0.9277
0
0.711
0.2192
3e-04
1.8714
0.5071
0.0046
0
0
0
0.8475
0.6193
0.3404
1.4624
4.5766
0
0.1555
0.1553
0
0
0.6614
4.7823
0
1.5877
0.512
1.3435
0.2823
0.0019
0.2048
0
0
0
0
0
0
0.0738
0.0369
0
2.5036
0.5187
0
0.6087
0.9205
0.0752
0
0
0
0
9.1724
0.4525
3e-04
11.1372
5.1409
0
0.6105
0.2093
0.116
0
0.0246
0
0
1.4756
0
2.4422
0.299
1.7783
0.9571
4.309
0.1045
0.002
0
3.9905
1.8126
8.9637
0.6964
0
1.8346
3.4843
0.6195
0.2278
2.2606
0.0385
0.221
0
0
0
0.5447
0
0
0.0732
1.4262
3.5634
0.0592
0
0
0
0
0
0.0352
4.9324
3.2043
3.5004
0
3.5618
0.287
0.2562
0
0
5.5737
3.1247
17.7564
0
0
0
0
13.5807
0
1.4531
4.215
3.6394
4.3445
2.9735
2.0301
8.5541
0.0137
3.9346
5.7142
1.4548
0
30.4669
1e-04
1.5392
7.767
0.2649
0.0384
0.063
1.3964
0.2521
17.3467
24.9284
0.9896
1.2085
0.2658
0
0
0
0
0
1.8077
4.7402
23.9435
21.7335
1.988
28.5399
2.6472
4.624
4.8739
0.6343
0.3285
4e-04
0
1.3891
0
1.1727
8.4669
0.0842
0
7.8929
0.2924
0
0
0
0
5.6332
1.1668
0.7362
1.8575
0
0
0.4367
1.182
5.698
0
0
0
1.1149
9.8027
5.9365
0
0
0
24.6856
7.7764
0
0.606
7.0631
3.7644
0.5894
0
3.0976
15.7253
0.0651
0
0
12.977
0.087
0
0
0
0
0.936
0
0
0.1073
0.0027
7.2634
0.1686
0.0116
0.6023
12.363
22.2422
0.2112
0
0
0.2248
0
2e-04
22.9268
17.6975
22.47
0.1467
0.0288
0.0401
0
4.9658
4.6142
0
0
4.8741
1.9191
0.2533
0.0934
0
0
0
0.0564
0
0.093
2.4029
0.0307
0
0
0
0
0
0
0
0
0
1.4681
13.5506
0.0711
0
0.787
0
0
0
0
0
0
0.0492
0
0
0.0397
1.8016
0.0708
13.6149
0.4685
0
17.3339
0.6838
0.465
0.2494
0.2256
9.6836
2.2441
0.1192
0
0.3783
0
2.7453
1.4453
0
0.0125
18.9763
0
16.3869
0.0284
0
0
0
0
0
0.1651
0.006
0
0
0
2.5576
5.7088
1.1017
16.9671
3.1447
0
0.0024
0
21.6728
6.0898
0.1876
0.7015
5.0251
1.7758
5.6924
6.3625
0
0
0
0
3.6591
13.5059
1.1759
3.0872
3.4468
4.3015
0.0995
0.0147
0.2668
0
0
0.1152
0
0.0994
0
0
2.9521
6.0748
0
0.1019
0.1255
0.2626
0
0
0
2.8114
0
3.8004
21.9983
4.035
25.6105
7.2507
0.0076
10.1272
0
0
10.9862
33.4173
13.2199
3.1445
0
0.353
0
0
2.0642
1.3165
0
5.798
0
2.8838
0.1376
0.2392
0
0
1.8052
0.6311
0
0
0
0
0
0
0
10.8346
7.8168
2.6211
0.1118
0
0.1417
0.6476
3.6977
0.1754
7.1566
0
0.2979
0
7.1813
2.3207
0
0
0
0
0.05
0
3.5899
2.4132
0.0624
0.1053
0
0.6273
0
0.8624
0
0.0015
0.0772
1.1392
2.9436
0
0
0
0
0
0
4.2329
1.4053
0
0
4.7015
0
6.8202
1.5774
0.5152
0.3708
0
0
0.2369
0.8409
13.0148
0.0518
0
0
0
3.5213
0
0
0
0
2e-04
0
0
0
0
0
0
0
8.0122
10.4485
12.6969
27.6524
9.422
0.2774
13.7802
0.5273
0
0.6306
2.3398
0.1701
0.0237
0
0
0
0
0.6613
0
0
0.7996
2.7322
0.3109
3.4309
6.8526
0.0312
0
0
0
10.8668
1.8726
0
1.2315
4.1089
0.5026
0.2523
0
0.2398
5.7679
0.0088
1.2128
0.1155
0
0.004
0.0401
0
0
3.7082
0
3.0739
0.9909
2.6591
0.1695
0.2404
8.4135
1.0202
0.0289
0.4355
0
0
0
0
0
0
0
0
0.1005
0.6564
0
6.1456
8.7889
6.8789
7.4194
0
4e-04
0
2.8663
0
0
9.384
6.637
0.3182
0
6.0892
5.0363
10.3899
5.0199
13.8229
13.5224
2.3192
10.481
0.1381
14.5099
7.3155
0
2.4181
3.5952
3.0467
43.2938
0
1.0458
0.1599
0
0
0.0363
0
5e-04
0.5091
0
0.0306
1.7314
0
0.012
1.3933
0.0073
8.7706
11.8464
0.2211
2e-04
0
0.2214
0.0864
5.3906
0.2206
0
0
0
0
0
0.2367
0.1478
0
18.0178
21.8445
0.1091
0
0
0
0
0
0
1.2472
0.0193
0.2358
0
0
8e-04
0.7174
0
20.036
0.5092
0.1914
0.4892
0.502
0
0.0336
39.9501
7.0492
3.8489
33.3176
0
0
6.8461
0.1249
0
0
0
0
0
0
0.1384
3e-04
0
0.1633
0.7675
0
0.0599
0.467
0
0
0.3562
0.0043
0
1.7745
1.4711
1.5913
0.2484
17.4046
1.3303
0
0
9e-04
0.2471
0
0.0022
7.1147
0
0
0
0
5.0156
0
2.3529
5.0519
0
0
0
2.3153
0
18.8661
14.4077
0.0017
0
0
0
0
0
2.1671
1.3193
0
0
5.2781
5.356
19.7251
0.0372
0.5555
0.0619
0
2.15
0
0
0
1.8988
3.8735
0
0.0028
0.44
0
0.274
7.8122
0.4178
0
0
0
0
0
0
0
1e-04
14.6866
5.0315
0
14.6179
6.8247
0.0032
6.8751
0
18.2292
7.1487
0.5036
0.8172
0.1252
0
0.0639
0
0.3618
2.1903
0
4.8905
2.5473
0
0
10.9499
7.5805
0
0
5.1861
1e-04
5e-04
0.1894
0.419
0
0
0
8.3571
0.0945
0.1622
0
6.4931
9.4583
13.9475
0.5154
0.2599
3e-04
0.1332
0
0.1336
6e-04
1.237
0.5237
0
0
7.3792
9.2946
1.2907
0
5e-04
0
0
0
0
0
0
0.2243
5e-04
0.1034
1.2547
0
0
0
0.7638
0
0.0543
6.6503
7.2611
0.2493
11.8404
6.1866
0
0.0311
1.0142
0.8159
0
0
0
0.0018
0
0
0
0.4696
0.9408
0
2.7509
0.0268
0
2.1371
7.1454
6.6463
10.5475
0
0
0
8.6695
0
0
0
0
1.0345
0.1184
8.18
0.2722
0.0294
9.2221
0.001
0
0
0.0028
0.2608
1.6081
0.6766
4.4999
0
0
0
0
0.7105
1.8268
18.9247
0.002
0.2769
0
0
0
0
0
6.1009
19.4217
6.6001
9.9755
7.4188
14.0943
4.4025
3.8562
9.4794
3.1786
0.129
1.0305
0
0
0.1639
35.6388
11.0593
1.2837
1.3235
6e-04
3.897
1.6343
0.2347
8.1308
3.2059
3.0846
0
0
21.3481
0.2051
0
0.1495
0.019
0
0
0
0
0
0
2.0542
6.1218
7.1946
26.2822
26.4962
4.6497
0.4925
0.0363
0
2.6193
3.8861
0.4626
0
0
3.7203
12.6312
8.0264
0
0
0
0
0
4.2636
7.0375
27.0744
2.588
22.0932
0.0344
1.9197
0
0.7394
0.5965
0.4029
0.9988
6.1147
0
0.0627
0
1.6838
4.652
17.6297
0.9193
0.0485
0
0.1163
0
4.6062
0.1592
0
0
1.7982
3e-04
0
0.0027
0
0
0
2.9094
0.0076
0
0
0
7.2708
0
0.0401
0
0
0.6593
0
0.5063
12.1009
7.9057
28.3131
0.8956
0.1678
2.5207
0.8439
0
0.1187
1.1299
1.7128
0.2205
0
0.6721
1.3823
0.0104
23.6331
7.8798
0
0
0.0068
0.0264
9.8461
4.7814
4e-04
0.1095
1.0644
3.6894
0.6783
0
0
2.6979
8.137
2e-04
8.3198
1.6702
9.9688
0.5727
1.3204
0.7747
0
0
0.0215
0
0
5.3836
0.1256
0
0
0
1.8127
46.2563
0.0549
2.3986
2.3378
0.3283
1.9274
0.7464
0
0.1278
3.5834
14.5925
4.8561
0.8472
0.3003
1.5276
0.138
0.1203
0.04
0
0
0
10.7656
0
0.3763
0
4.0561
0
0.0026
0
7.2413
21.4838
1.126
0.2681
2.4598
0.0516
0
0
0
0
0
0
0
0
0.753
20.3256
43.8491
0
0
0
0
0
2e-04
0
0
0
0.0301
6.7152
3.8671
0
0.1627
0
0.3064
6.652
0
0
8.5442
8.2358
0.1178
0
6.0781
10.0804
0
0
0
0
14.2765
7.3511
0
0
0.6088
27.8151
15.5897
2.5445
0.8466
0
0.028
0
3.9582
21.7984
5.9549
22.717
0
0
0.0097
0.0255
0
1.1903
2e-04
0.1169
0.1266
0
0
0
0.2158
0
0.517
0
5e-04
0
0
0
0
0.7151
0.1147
0
0
0
0
0.061
9.9404
2.3491
1.5268
0
0.7517
0
0
0.5228
0
2e-04
0
0.0607
6.7428
0.1447
0.8727
0
13.5889
8.7856
0.1451
0.1102
0
0
4.28
0
0
0.246
0
0.175
0
4.5726
19.3684
0
0
0
4.6601
0
2.6296
2.1986
17.4515
2.2332
1e-04
0
0.3202
0.6074
0.0952
0.0288
3.854
5.4699
0.2406
0.8413
1.0376
0.6761
0
0.3594
0
0.111
0
20.58
1.8923
0
1.6289
2.1443
0
0
0
0
0
0
0
0.0727
0.2703
26.1196
27.8238
9.7815
0.1596
0.543
1.5183
3.1179
16.1486
0
0
0
0
0
0
11.9314
2.8953
0
0
0
0
1.1939
5.6496
0.4209
0.2597
0
0
0
0
0
0
1.1008
5.0149
2.9418
0
0.1745
0.0664
0.7938
1.7573
4.309
10.9496
10.1551
9e-04
0.1702
0
12.0558
0
0
0
0
0
0
0
0
9e-04
0.1757
5.3992
0
0.5018
0
0
0.1443
0
0.0066
2.3503
10.1236
0
0
0
0
0
0.375
3.1694
0.5328
0
0
0
5.1241
0.6373
0
1.8328
0
2.4135
0
10.459
0.0502
22.4475
0
0
0
0
0.2117
5.4617
3.8063
19.7292
3.3988
0
0
0
0
0.4056
0.0016
0.0265
22.915
9.2114
5.9715
5.5625
10.3527
0.275
0
0
0
0
0.0125
9.7584
0.0542
0
13.2108
44.5214
57.2972
15.0461
0.0938
5.5945
10.5414
0.0625
0.0231
0
0
5.1658
0
0
0
0
0
0
0.3931
7.9647
5.3703
26.1833
0
2.2172
0
0
0
0
0
0
0
0
0
0
0
0
0
0
6.2406
9e-04
0
0
0
6.604
2.1817
1.2597
0
0
0
0
0
1.3146
0
2.1825
0.3103
0
0
1e-04
3.8861
0.399
3.8972
0.4881
0
0
3.7418
21.891
0.62
0
0
1.4985
0
0
0
0
0.119
0
0
0
0.1191
0
0
0
0.2301
0.2596
0.0332
0
0
0
8.8428
14.8873
0.4632
0.5662
0
1.1792
1.0042
2.0416
0.0821
0.0692
10.302
28.904
0.0796
0
0
19.0453
0.005
0.0233
0
0
5.4326
0
1.0913
0.1579
4.1771
6e-04
0.9196
0.0527
10.2338
0
9.502
23.6462
0.0079
1.1061
11.0122
2.8493
0.019
3.4414
0
0
2e-04
0
7.602
0
0
1.4677
0.1364
2.6468
1.7363
0
0
0.3776
2e-04
4e-04
14.7845
24.4501
2.1144
0.7562
0
1.2519
0.7198
0.0031
0
1.0351
0.1748
0
0
0
0.497
0
0.2216
0
0.3839
0.5494
0.282
0.8569
4.4053
0
7.309
0.2843
0
5.1876
29.4528
50.4303
0.4637
0.0494
1.3147
1.055
0.0467
2.5403
1.3777
0.292
0
0
11.4282
1.083
0
0.1801
0.1097
1.9898
0.9572
0
0.0022
15.4984
0.3058
0.7641
2.0052
0
0
4.7345
22.6922
4.3412
0
1.3536
3.4374
0.0493
0.0816
0
0
0
2.2332
0.0461
0
0.3821
4.8499
27.0877
0.4781
0.3917
6.2853
0
0.0323
0.0322
0.0444
7.2422
22.8365
0
0
2.1793
12.3865
0
0.4151
10.9121
0
0
0
0
0.8679
4.187
14.2486
6.1177
3.6263
0
0
0
0
0
2.5233
2.3017
0.1039
0
0
0
6.1245
1.4287
0
0.5794
9.3187
0
0
25.9127
5.577
0
0
0.2018
1.7268
10.3455
0.9604
2.8623
13.905
1.8561
0.0342
7.5317
0.8095
5.9752
0.9519
6.0696
0
0
0
0.0526
0
0
0
1.1954
0.0438
0.122
0
0.1053
22.7539
0.0049
0
17.0571
6.0949
0.0108
0
0.5355
0.0754
11.8796
23.8135
0
0
16.0448
4.5053
0
5.6904
0
0
0
0
14.7749
5.4092
1.4603
0
11.5869
24.2512
2.4164
3.7594
1.5515
0.3962
0.1687
0
27.6213
0
0.0011
0
0.5813
13.9984
10.8277
0.8189
0.001
3.4767
5.8324
0
3e-04
0
0.476
0
0.805
2.8583
0.4824
0.2599
0
0.1057
0
0.0523
0
0
0
0
3e-04
7.4903
0.0174
0
1.2932
5.4711
0
0.2621
0.4783
0.0885
2.2842
0
0
0
1.3989
1.0644
0
0
0.8051
0
0
0
1.1173
0.062
0.2334
0
0.4935
0.0192
0.0534
0.126
0.0405
0
0
0
0.0644
0.6422
2.5817
0
1.1463
0
7.464
0
0
54.1056
11.5441
4.7883
0.183
0
0
0
0
0
0
3e-04
0
0
0
3e-04
0
0.0354
3.8126
3.8132
0.0381
0
1.6576
0.1538
0
1e-04
0
6.8718
0.3672
0
0
0
2e-04
0
2.6619
12.7143
0
0
0
0
1.0344
0
0
10.113
0.1363
0.1409
1.3519
0.0514
0
2e-04
0
0
0
0.0021
0
0
0
0.1255
0.172
1.1924
0
0
0.71
14.1068
3.3547
27.6567
0.2316
0.2151
0.2767
0
0
0
0
0
2.5978
0.2245
0.0176
0
0
0
7.5931
1.7469
0.8095
0.0438
0.8973
0
0
0.1186
0.4159
17.0858
9.4251
0
0.0484
0
2.1623
3.7614
1.1205
1.0976
0
22.9927
0
2.8527
0
1.454
15.2161
0
4.4395
0.7703
10.4025
0
0
0.1455
0
0
0
0.8887
0
1.3402
0.3642
0
1.9616
5.401
0
1.0333
1.4382
3.4716
0.0435
0
0.5566
0.2798
0
0
0
0
0
0
2e-04
0
1.4093
14.4492
0
0.2354
0
0
5.2508
0
3e-04
0
0
0
0
0
3.0057
47.8605
1.8737
0
0.5646
0.5913
0
0
5.8014
0.5322
0.4618
2.8652
0.2078
0.2439
0
0
2.3487
8.1804
0
0.0413
1.8061
0
0
0
0
5.5431
54.8048
0.0251
16.2244
9.1516
0
0
0
0
0
0
1.8002
1.196
0
0
0
0
0.0198
2.9017
0.0779
0
0
7.5926
0.3913
0.3765
0.5625
0
8.2445
0
3.4656
22.0821
0
0
0
3.1938
0
0
7.7258
17.257
1.7063
0.0941
0
0
3.8691
9.445
2.4023
1.1133
0
0.1784
0
0.1606
0
7.6127
6.4542
9.2633
7.2421
0.6494
0
0
0
3.8417
2.5814
12.3281
1.6074
0
0.6386
0
3.7465
25.3738
0.0016
3.4067
0
0.0013
0
0
0
0
0
0
0
0.274
8.9116
6.2993
0.1207
0.9139
0
6.9296
11.1941
3.644
0.0018
0
0
0
1.7189
0.6185
0.9942
7.238
3.3248
0.6186
0.0407
0
0.0992
3.4879
0
40.5076
1.33
0.1068
0
0
0
0.0274
2.8592
0
0.2344
0.2025
0.1177
0.0309
1.9587
0
0.0311
0.0073
0.0489
0
0
0.0281
0.0673
14.3168
0
0.3205
0
0
0
1.8702
0
0.1592
0.8167
2.116
10.4511
7.7266
1.2391
7.0781
0.1789
1.1004
3.0518
10.832
1.2682
0.0054
0.0564
0.7126
0
1.7139
0
0
0.037
1.7409
0
0
2.3285
0.0317
0.0094
0.0224
0
0
13.9885
8.5577
0.6391
4.5617
0.5343
6.3039
0
0
0.0487
0
0.4351
10.3033
2.1639
0
0
0.0187
0.0063
0.0422
0.0012
0.065
0.0068
6.4496
4.0906
0.5163
0.0175
0
0
0
0
0.3086
0.0793
0.0156
0.0094
0
0.0024
3.6372
0.3019
0.2281
0.2398
0.1976
0.0025
0.5884
4.8848
0.0452
0
0.1061
34.3246
4.0132
0
0
0.3916
2.6305
2.6874
17.4093
1.9901
0
0.7003
0
2.954
3.7787
0.1089
0.1759
0
0
0
0
0.0028
14.2176
1.1185
0
0
2.0704
5.163
0
0
8.9327
0
0
0
4e-04
0
0
0
0
0
0.0865
0.4936
0
0
0
0
0.7713
0.0303
0.2528
5.2445
1.4902
0
0
0
0.044
1.2951
3.3358
0.6859
0
1.84
2.2351
0
6.4012
5.6301
0
0
0
2e-04
0.7614
8.922
0
0
0
9.2978
0.0316
0.0426
0
0
0
8.0194
0
0.1841
0.6857
1.3503
0.0478
10.9837
0.8278
2.0449
0.3936
0
0.2004
1.4659
0
0.03
0
0.2003
0.4511
0.024
5.4927
0.3473
0.2479
0
0.0554
0.0364
0
0
0
0
0
0
5e-04
0
0
0.6132
0
6.6244
2.6661
0
0
0.8032
0
0.0411
0
0
0.5575
0
0
1.1966
3.3691
0
0
7.2202
0.383
0.2362
0.2803
1e-04
5e-04
0.4503
0.4612
0.8912
0
0
0
0.1422
5.2636
0
0.5484
0.9344
1.5251
1.0247
0.1879
0
0
0
0
0
0
0
0
0
1.2044
0.7607
1.8385
12.9109
3.7217
0.3478
0
0
0
0
0
0
7.4463
0
0
5.6982
0.8139
0
12.789
3.2674
0
0
0
0
0.027
0.0516
1.2273
0.8982
5.9089
27.2042
0.1089
0
0
0
0.3701
0
0
1.0336
0
0
0
0
0
0
0.3274
8.1323
20.8062
14.825
0
0
0
0
4.4334
7.9535
4.5287
3.1242
0.2146
2.5865
1.4528
4.3342
0
0
21.772
8.9398
0.4014
7.8693
0.187
0.0925
18.3514
3.1429
0.4317
0.3361
7.004
4.719
0
0
0
0
4.7114
0.5484
0.2972
0
26.6891
5.6188
2.0984
0.8346
1.2723
20.6312
1.9727
0
1.0128
11.0696
0.271
4.8269
0.0997
13.3421
3.9203
9.5067
0.6758
0
0
4.3898
0
0.6014
4.814
9.3494
1.8743
0.1897
0.0914
12.8065
14.2397
0
0
0
0
0.0802
0.0213
0
0
0
9.7241
7.5276
0.2768
0.3135
1.1129
0.0959
0.1364
0
0.4432
0.0021
3.2413
0.7497
0
0
4.164
2e-04
13.7193
6.697
0.4453
0
5.3089
0.4967
0
0.5994
0.0076
0.2541
4.4221
1.6585
10.7043
1.3001
0
0
0
0.001
7.58
1.8752
0
7.3121
0.0607
1.3129
0
0
0
0
22.1785
0
0.1171
0.0387
0
0
0
0
0
0
0
0
2.638
2.4756
0.0931
0.0203
0.0518
3e-04
0
0
0
4.4475
0
2e-04
0
0
6.2261
0.4063
0.0102
0.2123
0.1285
0.004
1.2859
0.3107
0
0
0
6.1404
9.0206
2.0605
0.0338
0
4.7746
0.3395
0.2075
0
0
0
0
0
0
0
0
1.6233
9.3717
1.35
0
0
0.1355
0.0078
0
3e-04
0
0
2.5949
0.1261
8.5547
0
0.0304
0
0.1021
0
0
0
0
0.4362
0.0157
0
0
0
0
0
1e-04
0
0.0297
1.3183
0.0802
13.502
9.5424
0.1424
0
0
0
2.9697
9.4138
0.6852
36.6536
5.1946
0
0
0
17.5927
0.1975
0.0946
0
4e-04
0
0.0731
0.2173
0
0
0.4156
0
11.7692
0.0403
0
0
0
0.0207
0
0
0
1e-04
0.2061
0
0
0.2576
0.1927
0
0
0
0.6213
0.5572
3.5536
0
0
0
0
0
0.0669
2.1922
0.2472
0
7.0739
1.7497
2e-04
0
0.0714
0
0
2.7024
0.3194
0.847
0
1e-04
0.3714
0
0.5757
0
0.5564
0.1083
0.1497
0
0
4.3543
4.7676
6e-04
0.3773
1.8758
0.4107
0.6934
0
0
0
0
0.0033
0.8285
0
0
0
0
0
0
4.6387
9.9546
0.9973
0
1.41
4.852
0.0459
0
45.3509
0
0
0
1.8019
27.6907
3.4481
0
0
17.3928
0.1191
1.1117
0
0
0
7.9303
0.1662
0
0
0
0.0199
1.5433
3.3209
4.1563
0.5536
0
0
0
0
0
0.381
0
0
1.5924
0.412
21.1106
0.3444
0.0551
0
11.252
0
0.102
2.2023
0
0
0
0
11.7764
0.511
2.8733
14.9987
18.1857
0
5.442
5.4596
3.2666
25.5035
1.6441
15.2822
4.2087
0.8656
0
0.9725
3.5567
12.5731
0.9141
0.0041
1.033
1.1638
1.2206
0.0096
1.8335
3.2901
1.5011
5.3997
17.5526
13.1411
3.6499
2.8796
1.9755
9.1814
0.2128
0.0122
0.3998
1.8402
9.88
32.7025
26.9144
3.284
0.1247
14.7558
3e-04
0
0
0
0
0.1158
1.4065
0.1019
0
0
2.1535
9.0205
1.6585
0
0
0
0.2619
1.1408
0.6062
7.2564
3.9762
5.1717
2.1988
5.2008
1.7752
2.247
0
0
0.1993
0
0
0
0
4.9902
3e-04
1e-04
0.0297
0
0
0.0429
0.5283
0
28.5672
0.0022
0
0
0
0
0
13.8037
9.1669
0.4551
0.0013
10.5493
13.3848
8.3046
2.4589
0.4327
0
0.1618
4.8169
0.0411
0
4.0955
0.2229
11.7482
0
0.1123
4.6073
33.0084
2.3243
10.9606
2.509
0.0229
0
0.0153
7.0701
0.4158
0.0293
0
0.4009
1.9072
2e-04
4.5038
0
0.0522
31.672
18.0584
0.3753
0
0
0
0
0.9446
0.0221
0.2555
0.1029
14.5818
0
0
13.437
21.411
2.6279
1.0239
2.164
1.1177
0
0.2197
3.2051
0
0
0
12.6342
1.3237
4.9041
5e-04
16.2046
0.1884
0.1379
40.8288
1.3993
4.7294
11.2005
2.1252
3.755
0
0.0216
0
0
0
0
0
0
0
0
0.0017
1.1878
0.9705
0.8282
1.1377
0
4.0648
40.3904
23.521
0.6389
0
0
5.9164
1.2123
5.525
7.3009
0
0.7659
0.0036
1.2941
1e-04
0
0.0406
0.1135
0
0
1.0284
0.1481
4.126
0
0.618
0
0
23.4688
7.6084
0
0
0
1.1119
0.0013
2.9267
24.5798
9.231
0
0
0
12.5454
10.858
42.251
3.022
0
0
0.0279
3.9021
22.0362
3.9063
0.7518
0.0176
0.604
0
0
0
2.3389
6.8048
14.7334
0
1.2377
0
0.1208
3.8156
18.6609
0
0.4136
0.2831
0
0
8.1312
0.6559
0.0788
3.2821
0.7813
0.9418
0.289
0.087
0
0
0
0
0
0
0
4.5718
1.6862
0.5336
0.4242
0.0012
0
11.1701
0
0.6612
0.4879
3.135
0.9412
5.0802
0
0.4097
10.4073
6.9026
1.3164
0.0782
0
0
1.3777
0
0
9.2076
0.2431
0
0
0
0
0
0.2909
0
0
1.574
0.0444
1.5692
0
0
0
0
2.5816
1.2416
0.7124
12.2171
0
0
0
0.0375
15.8838
0.5236
12.9124
0
0.3595
0.3161
0
0
5.2305
0
0
0
6.8544
1.2354
0.2588
1.7032
3.3499
0.2607
3.5449
8e-04
0
0
1.0732
4.2217
3.0958
0
0
0
0
0
1.9387
0
0
0
3.4873
0.0153
0
0
0
0.0465
0.5018
0
0
0
0
6.6699
0.4022
1.2236
0
0
0
0.1305
4.4707
0
0
0
3.028
5.8885
0
2.2488
0
2.3824
15.2467
8.4617
0.0021
1.605
1.6252
0.0064
16.3868
4.7862
2.057
0.7975
0
0
0
0
0
0
0
0
0
0
0
0
0
0
0
0.1605
0
0
12.4368
0.0112
0
23.4904
0.0049
0.0224
0
0.325
0.007
0
0
0
0.0023
6.3129
0.002
0
0
0
0.8475
1.9284
1.2755
0
0
0.6106
10.5643
0
0
0
0
0
0
2.7881
4.6814
0.5138
0.6275
0
0
10.2359
0.8783
0
0
0
0.5992
0
0
0
0
3.4731
0
0
2.7173
12.2522
6.7079
0.4444
0
2.9181
6.2558
0
0.1368
0.1992
8.6573
0
0
0.0277
0
0
0
0.3576
25.4785
0.0436
0
0.0288
5.3227
31.8004
1.606
0
0.4621
20.6347
0.3975
0.7105
0.1261
0
0
0.3218
2.0833
0
0
0
0
0
18.578
0.0033
0
0
0.0213
7.4987
2.963
1.1114
4.0174
0.3168
7e-04
7.1229
28.0178
0.0123
0
0
0
0
1.4796
0.5426
0
0
16.6832
0.0196
0
2.0381
13.4037
0
0
1.7163
19.1728
4.6326
0.0988
0
0
0.0137
18.7418
1.8167
0
9.9045
15.3039
0
0
0
0.5653
0
0
3.3815
1.6201
0.4342
0
0.665
7.5982
6.1323
1.1828
0
0
6.2285
0.0919
0
4.7738
4.354
0
0.2856
12.4522
3.2555
1.3062
0
0
0
0
0
0
0
0
5.2052
0
15.9157
0
0
0
0
0
0
0
0
0
0
1.6721
0
0
0
0
0
0
0
0
4.0463
0.1814
4.651
0
0
2.8471
5.2336
8.3229
10.5995
0.018
0
0
0
1.088
0
0
1.545
0
14.8484
2.7046
0
0
0
0
3.8947
0
0
2.2895
0.3996
0.2454
0
0
0
0
0
0.0079
0
0
0.0214
1.0624
13.5451
0
34.6625
5.4323
0
0
0
0
0
0
0
0
0
0
0.7398
0.5493
0.4275
4.7515
0.5323
11.9205
1.5117
0
0.0279
0
2.0421
0
0.8974
0
3.3811
0
0.033
9e-04
0
0
0
1e-04
0
0
0
2.3973
0
0
0.967
0
0
0
20.1817
12.6761
2.0494
0.0248
0
0
0
0.438
1.6268
0
0
0
0
9.6546
0
0
0
0
4.4966
0
5.2494
0.4666
0
0
0
0
0.3161
3.9941
0.3532
0
0
0
0
0
0
0
0
0
0
0
0
0
4.1243
25.6257
38.6321
14.2426
0.0114
0
0
12.1289
1.0064
1.8023
7.7063
0.2821
0
0
0.9491
23.9363
0.6112
0
0
12.8426
0.4102
0.051
0
0
0
0
0
0.0246
0
0
0.2333
10.5995
0.4977
0.6833
0
0
0.0917
0.1407
0
2e-04
0
0
0
1.2623
1.5882
0.0483
0
0
2.9929
9.8799
0
0
3.7757
19.5599
0.0692
0
0
0
0.1137
0.0256
0
0
8.5763
1.2108
0.0111
19.5912
0
0.4469
4.092
0
0
0
0
0
8e-04
0.0362
0.0033
0.5373
3.1788
23.2283
8.5048
2.623
3.594
19.4104
0.2924
7.8357
5.2322
12.7607
4.3057
4.8333
5.2944
42.8546
29.9282
0
0
0
0
0
0
0
0.3203
0.0015
46.4443
0.1425
6.6042
0.0978
0
0
0
13.5722
0
0
0
0.0882
6.2596
6.7876
27.8736
0
0
0.0346
6.1255
1.8072
0.8574
0.4031
5e-04
8.8921
3.5736
0
0.0486
0
0
0.0229
0
0
0.6179
6.9431
2.1015
0.0099
0
0
0.2185
1.6251
0
0
9.1451
0.1348
0.8058
0
0
0
0
0.0756
0
0.0049
0
1.3337
6.8791
2.93
0
0.2341
4.8561
0
0
0.4207
29.4277
24.5408
0
0
0
0
0
0
0
3.0049
0.5344
0
0
0.9221
38.86
8.4237
16.0939
1.6194
0
0
0
0
0
0
0
0.0152
3.932
0.7402
0.1097
7.3388
0.0609
0.4741
0.1611
1.6158
0.0413
0
0
0
0
0
0.0164
11.0981
13.6363
3.7403
0
0
0
2.7862
1.5775
0.5046
0
0
0.7612
3.1199
0
0
0
0
16.0982
5.4152
0
0
4.4391
3.6595
0
0
0
0
0
0
0
0
0
0
0.1841
0.0247
0.0798
1.1398
0.0341
0
0
0
0.0108
0
0
4.1507
0.1003
5e-04
1.4531
0
0
5.4564
27.8573
47.1076
0
0
0
0
0
0
0.1949
0
0
0.0165
0.9724
0
0
7.7782
2.8496
0
0
0.2348
0.2491
13.4601
0
0.0206
0.1322
0.1916
0.9616
0.7353
0
1.8842
0
0.1256
0.0183
0.0183
0
0.2582
1.7032
0.0174
0
0
0
0.006
10.0433
12.287
0
1.1255
3.9468
0
0
0
4.7709
0
0
0
0
0
0
0
1.8411
2.7449
0
9.2049
4.2656
0
1.0347
0
0
0
0
0
4e-04
2.1134
0
0
0
0
0
0.8687
0
0.4322
0
11.1682
0
0
0.0489
0
0
0
1.3557
0.2382
0
0.4123
0
0
0.0769
0
0.8249
3.4035
1.3571
0
0
0.0285
4e-04
32.57
3.4106
0
0
9.6389
10.949
0.025
7e-04
4.9439
0
0
7.1173
10.3595
0
0
0
0
0
0
0.3929
0
0.2348
6.1945
0
0
12.927
6.224
3.98
0.8268
0.0222
0.6784
0.3307
0.0274
0
0.1649
0
0.5394
2.9939
1.641
17.0468
1.7746
4.2753
14.0586
0
3.2356
0
0
0.0049
12.975
0
0
0
0
0
0.2122
4.5333
0.7652
0
0
0
0.1046
3.3735
24.1329
0.2306
0
0
30.5663
0
0.3736
2.1145
0.7563
1.2884
0
0
0.1268
0
11.0545
7.8588
9.468
0
2.2924
9.2411
24.4103
10.7957
1.2866
0
0
0.1345
0
1.5459
0
0
0
0
0
0.1145
25.1386
1.5982
0
0
1e-04
0.0478
0.0615
0.6772
0
0
0
4.6467
0
0
0
8.5384
0
0
1.8094
2.6199
1.8768
0.0382
1.1277
0
0
2.977
0
1.1507
4.1761
0.0027
0
0
0
0
41.7013
3.8784
0.1781
0
0
0
0
0
0.6644
10.842
9.1556
5.1938
0
0
0
0.2708
0
0
0
0
0.435
0.783
2.1036
0.3103
0
0.0083
8.1974
0
0
0.1745
45.2033
26.2547
0
0.3447
0
4.2678
2.6428
0
0
0
0
11.3255
0
0
0
0
0
0
0
0
10.3907
0
0.7483
11.212
1.3339
0.1546
0.5797
4.0487
0.3239
0.0321
0
0
0
0.6478
6.6003
4.3441
0.2744
0
1.5176
0
7.1766
0
0
0
0
0
0
0
1.5274
0
0
4.0862
2.8918
0
0
1.6895
0.9627
5.0403
2.291
0
0
0
1.3647
0.6656
0
0
0
0.6406
5.2408
0
0
0
0
1.2732
3.813
19.048
0
0
0
0
0
0
1.2819
0
0
0
1.8643
16.308
0
0
1.0978
0
0
0
0
0
0
5.8964
0.4438
0
0
0
0
0
1.6383
9.4965
0.2615
0
0
6.3496
0
0
0
0
0
19.4875
7.4078
0
3.3132
0.0808
0.0071
0.0243
0
0.2038
8.425
0
0
0
0
0
0.4955
0
1.994
2.4753
0
0
0
2.3892
1.3062
0
0
0.0859
0.1955
0
11.8001
4.1107
0
3.2243
0
0
0
0
0.3639
0
0
1e-04
0
0.107
0
0
0
0.0096
0
0
3.1788
0
0
0
0
0.0011
0
0
11.5593
0
2.7056
0
0
0
0
0
0
1.6985
0.2191
0
4.052
10.343
0
0
0
0
0
0.2223
0
0
1.5599
2e-04
6.224
11.8549
0
0
0.0891
1e-04
0.1386
0.0097
7.8719
5.6215
0
0
1.147
14.3642
2.2496
16.6789
1.7279
0.0986
0
4.2651
0
0
0.1207
0
0
8.6956
7.5583
0.2189
0.3315
0
0
5.1855
0.4474
0
0
0
3.7667
1.9155
0
0
0.3764
4.3672
0
0
0
5.0477
2.0147
5.0244
0
0
0
5.2052
8.6411
2.8446
2.9495
0.318
0
0.6081
0
0
0
0
13.6023
4.5095
0.5713
6.4461
18.8261
49.0494
0
0
0
0
1.0728
0
0.0306
8.8588
7.6459
0.9859
1.299
13.4877
19.3374
20.0056
11.9355
23.1175
6.9174
6.1406
1.7232
0.0605
0.5822
0.5885
1e-04
0.0558
7.0864
8.1668
50.2834
15.7731
5.3056
2.8037
0
0
0
0
0
0
16.0864
3.4111
60.7388
1.2816
0
13.6229
5.273
11.5211
0.2337
0
14.8648
5.7189
9.8631
0.4789
0
0
0
0
0
0.0116
0.0184
0
1.2502
2.0115
0
0
0
25.183
0
0
0
0
0
0
1.3752
0.0023
0
0
0
10.3171
0
3.3624
2.5766
0.2422
7.0097
0
0
11.5206
16.0615
0
0
0
0
0.5948
4.4712
0.0027
0
0.2043
0.6869
10.6802
8.8903
0.1783
0
0
0
0
11.8699
3.9169
0
0
0
0
0
0.2841
7.8544
0
0
0
0
0
0
0
0
0
4.2352
0.163
0
0
4.7767
0.0041
0
0
0
0.0339
0.5426
0
0
0
0
0
8e-04
0.2038
0
0
0
0
0
0.7506
0.0664
2.5276
1.4801
0
0.1019
44.1462
0.0737
0
0.2434
2.8468
0
0
0
0
5.2714
0
0.1256
0.1412
5.0987
0
0.9263
0
0
0
0
0
5.9145
0.3834
0
2.2638
0.2118
0
0
0
0
10.1713
6.2043
0.1161
0
0.7161
0.0392
0
0
0
0
0
0
0
0
0
0
0
4.152
1.3687
0
0
0
0
0
4.1149
1.1472
3.3838
8.8503
0.0614
8.9229
34.6346
31.4808
4.8436
0
0
0
0
0
0
0
0
0
6.2725
0.468
26.1043
0
0.1211
0
0.0016
4.599
1.231
0
0
0
0.1529
0
0
0
0
0
0.4975
0
0
0.035
0
0
0.8135
0.7381
19.0552
0.0334
0
0
0
0.1316
0.0745
0
8e-04
8e-04
0
0
0.2037
0
0
0
0
0
0
0
0
30.9276
1.9978
0
0
0
0.8013
9.8481
0.3237
1.9629
3.113
0.5202
0
0
0
1.4129
22.6239
1.4348
0.0441
11.2039
5.3284
0.2813
0.1287
0
0
0
0
0
0
0
20.6359
0.2803
0
0
10.2662
0
0
13.081
5.3941
2.9368
0.3068
0.1497
0
5.1046
16.7019
2.3402
2.3019
0.578
5.5331
0
0
0.1733
0
0
0
0
0
0
6.3635
8.5715
0
0
0
7.2453
0.3064
9.9724
1.9378
10.3961
6.115
16.7221
0
2.0323
4.2424
0
0.3012
0
2.6083
8.4329
0.0702
0.9774
6.3832
3.0284
0
0
0.0862
3.1483
0
0
5.5058
0
0
0
0
0
0
5.1662
0.3464
0
0
0.6045
0.2231
0
4.785
30.466
2.3707
0.6452
0
0
0.078
0
0
0
0.2017
17.0215
0.7604
0.5448
0
0
0.018
0.0365
0
51.2278
0.4775
0
3.1264
0.7546
0.0634
0
0
1.7405
0
0
0.0342
0.054
0
0
0
5.7177
0
0
0
0.0145
9.5223
0.1706
0
0
4.2923
0.0413
0
0.5472
0.084
0
0.5331
0
0
0
0
1.4473
1.0651
0.4373
0
0
0
0
0.0314
0
0
0
2.1224
2.2638
12.4109
1.9444
29.4724
4.1096
8.3827
9.9066
0.731
0.5416
2.8681
2.2441
3.0628
0
0
1.3479
5.9075
0.1536
3.2497
4e-04
0.0663
0.0806
2.3198
0.2422
0
0
0
0
0.0321
0
0.1356
1.4361
26.7852
0
0
0
7.7756
0
0
24.2558
0.3084
0
0
0
0
0
0
0
9.8894
0
6.9594
6.2782
12.9564
1.2846
2.8011
0
0
0
0.0544
0
0
0
0
0
0
4.9543
0.1242
0
4.0464
0
0
0.4832
26.4714
10.9301
0
0
0
0
2.8225
1.8486
0
0
6.8181
0
0
0
1.5546
0
0
0
0
4.4983
1e-04
0
0
0
0
0
0
0
0
0
1.1966
0
0
0
3.9921
5.232
0
0
0
5.9996
5.5696
0.3305
0
0
0
2.0588
3.2594
9.7402
0
0
0
0
6.4996
2.4563
0
0
0
0
5.6023
1.3019
0.118
0
0
0
0.0764
0.5992
0
3.842
1.5468
0
1.1655
0
0
0
0
14.2235
5.0901
0.2141
0
0
0
0
6.3192
4.3304
22.0671
0
0
0
0.2843
5.9643
0
0
16.3629
0
0.436
6.7494
1.9823
1.0551
0
0
0
0
0
3.051
0
0
0
0
0
0
23.8394
2.2987
0.7427
0
0
7.3174
0
0
0
0
0
0
0
0
0
0
0
6.9774
4.7066
0
0
0.2336
5.2642
0.2563
0
0
0
0.4681
6.4132
0
0
0.735
0
0
0.2831
0
0
0
3.9631
0.0274
0
2.3807
0.1318
0
0
1.0419
0
4.8961
2.9039
3.3047
0
18.7084
4.9682
0.214
1.0379
1.7226
4.7076
3.0259
13.0648
5.2207
0
0
0.8119
3.0367
0
0.034
0
0.1297
0
0
0
0.2771
4.3301
2.375
0
0
0
0
0
1.7771
2.3985
21.7105
17.3237
7.5332
3.6243
0.0765
28.641
31.7393
1.7336
0
0
0
0
18.1796
0
0
0
0
0
0
0.1681
18.5294
7.3929
7.3872
0
0
1.059
5.3514
0.3701
19.3105
4.8466
7.8661
0.1151
0.0626
0
0
0
0.3543
3.2039
0
0.5537
0
0.067
0.1073
0
0
13.8789
7.6759
1.064
5.6447
5.4296
5.5473
0.7604
0.4739
0.6001
0.6362
20.6513
8e-04
0
2.049
1.7575
0
4.4862
34.9812
11.1814
0
4.7781
0.0021
0
0
21.0429
0
0
33.7751
11.2111
2.2187
62.8168
0.159
0
9.307
5.132
0
0
1e-04
0
19.3925
0.425
0.2535
0
0
0.7082
0.4281
0
0
0
0.1259
1e-04
1.6429
4.9084
0.0539
0.0533
0
0
0
0
0.035
0.1017
0
0
0
0
14.3372
0
0.3929
7e-04
16.5214
1.369
2e-04
0
0
0
0
6.4441
12.3047
0.221
0
0
0.0261
0.4478
0
20.1039
0.4252
6.286
0.2682
0
0
0
0
1.7751
3.0988
0
0
0
1.6671
20.4026
0.3788
0
0
0
0
0
0
0
0
0.0052
0
0
0
0
0.8647
0.912
1.007
0.3572
8.0804
7.6677
0
3.8128
0.5272
0
0.0334
0.858
0.0359
0
0
0
0
0
0
5.1596
7.5708
0.5321
0
1.6837
12.9439
0
1.0769
0
0.0928
16.825
3.8045
0.0609
33.4789
5.5008
0
0
0
0
0
1.264
3.6521
0
5.5927
0.0541
0
60.0117
2.4532
0
0.0193
0.0396
0
0
0
0
0
0
0
2.2799
0
0
0
1e-04
1.3522
0
0
0
0
0.1926
0
0
0.4273
0.9934
0
0
0.0375
0
0
0
0
0.4182
9.7176
2.3063
0.998
0.1749
0
0
0.0024
0.496
0
0
0
0
0
0
0
0
2.0461
0
0.4716
1.0505
16.2696
0.1942
0
0.2201
0.6354
0
0
0
0
0
1.4091
7.8595
0.5435
0
0
4.9579
0
0.4848
0
0
0
0
0
2.3826
0.828
2.4207
0.2951
0
0.8707
0.0911
0.3579
0
0
0.6308
8.1058
6.8744
0.2473
1.1356
23.0635
3.2261
10.1188
4.8805
0.7717
7.358
13.4744
0
0
1.9029
23.8228
2.8387
0
0
0
0.4127
1.0583
0
0
0
0
0.1524
0.265
0
0
0
2.0488
0
0
0
1.5911
0
0
0
0
0
9.6816
4.3548
22.5759
4.2651
0.003
0
1.5447
23.2107
3.8393
0
1.1986
0
0
0
0
0
0.1458
0
16.1842
23.0577
0
0.2489
0.1295
1.1634
0
0
0
0.0649
4.8556
2.3945
0
0.053
1.7471
0
0
0
0
7.0175
0.1697
0
2.9649
0
0
1.7298
7.5974
0.4526
0.0014
9.9532
3.6763
4.7003
0
0
2.4996
4.9946
0.0353
4.6895
2.1182
0
0
0
3.3266
0
0
0
7.133
11.4278
0.944
0
0
0
6.1816
0
0
3.7831
26.7873
14.7598
12.8224
2.1496
0.0676
0
0
3.5483
0.3886
0
5.5965
2.9078
6.2236
20.9234
15.6353
0.0686
0
0.6518
18.6305
0
0
0
0
0
0
7.8391
11.0384
0
0
0
0
7.7698
0
0
0
0
0
13.3919
0
0
0
11.5099
7.0047
1.7388
0
0
0
2.3026
0.0632
0
0
3.191
9.0993
1.3384
1.2866
0
0
0
0.2617
23.8987
5.1769
0.0028
7.2705
0.0845
1.3342
0
0
1.8613
12.0391
8.9608
8.179
0
5.6083
32.5187
0.2049
0
0
9.9885
2.4116
0
0
1.4501
0
0
1.1347
0
8e-04
0
0
8.5198
0.6041
14.3985
10.6535
4.1859
0.1546
0
0
0
0
0
0
0
4.2757
0
0.024
0
0
1.2935
9.4144
10.3461
0
0
0
0
0
0
0
0.4731
22.1026
12.5335
11.1058
0
0
0.4901
1.2632
0.4912
1.3344
0
0.5747
0
0
0
0.0819
0.7524
0.0016
0
0
0
0
1.5572
6.9598
20.8479
0.8348
0.0037
0.7803
32.4712
10.2635
0.7014
0.0544
1.7496
2.7394
0
0
5.821
0.7355
0
0
0
0
10.8101
0
0
1.5906
0.2005
0.3485
0
0
0
7.1711
0
9.4253
0.2148
0
0.0032
4e-04
9.6223
1.6282
1.2947
0
0.0252
0.1106
0
0
0
0
0
0
0
0.1421
2.4172
4.7735
0
0
0
3.5948
14.9312
0
0
0
0
0
3.0814
2.2037
0
0
26.8165
2.0315
0
0
0
0
0
0.288
1.5275
0.1815
0
0
1.4227
0.5293
0
0
0
1.2306
0.2391
3.5349
1.4841
0
0
16.5936
1.3691
0
0
1.9123
0.8961
0.3084
0
0
1.5124
0
0
2.8506
0.6706
16.718
11.2258
0.1932
0
2.762
1.3359
17.5683
0
0
0.0024
0
0.3026
0
0
10.9449
0.2971
0
0.0754
6.3391
0
0
0
0
0
0
0.986
0
0
0
0
0
9.1194
19.028
0
0
0.332
15.8681
1e-04
0.0713
0.925
0.1135
0
0.532
9.5561
0.1167
0
0.3934
1.082
0
0
0.493
5.9023
17.3206
9.1709
0
0
0
0.6484
0.2292
0
0.5009
0.8606
0
0
0.0012
6.6012
0
14.3182
0.5196
0
0.0732
2.9512
12.8727
18.4119
0
0
0.2212
0
7.6721
49.7964
4.4724
7.7576
4.2583
5.1099
5.0386
5.0464
3.878
1.242
0
0
0
0
12.6559
2.0844
0.0334
6.9083
10.15
0
0
0
15.3391
4.6622
13.6991
6.6779
1.1455
1.7522
4.7223
0.0248
6.3068
12.3828
0.3778
17.2615
0.9603
0.4563
0
10.1622
43.8653
0
0
7.6028
0.6166
0
0
4.0955
12.0561
0.0263
0
7.4543
4.2545
7.6208
17.6548
0.0014
1.6065
1.0274
25.3763
0.3593
0
0
0.0321
0
0
0.0325
0
0
0
0
3.4391
22.5778
0.145
0.0555
2.0395
7.4829
0
0
0.3576
3.4843
0
0
7.4639
3.6042
12.5882
17.5518
7.3641
0
0.002
0.5325
17.5706
0.0079
0.221
0
0
0
0.0163
1.1306
3.5266
0
0
0
0
0
0
5.6887
0
0
0
0
0
2.7499
13.9061
0.6828
1.1688
0
0.0024
9.3825
25.7465
0.1325
0.008
24.1892
0
0
0
4.3255
2.8497
0
0
0
0.0086
18.9203
0
0.0042
0.1262
0
0
0
0.4664
0
0
0
0.0518
3.2796
7.0977
0
0
0
0
0
0
1.301
0.0164
4.329
0.4657
0.3275
3e-04
2.1074
11.1111
3.2042
2.2784
2.4459
0.9504
0.9178
0
0
4.9764
2.1363
0
0
0
3.8618
2.7712
0
0
0
5.8525
0
0
0
0
3.331
1.2242
0
0
0
20.8606
2.2186
0
0
18.5425
18.91
1.8033
0.6206
0
0
0
0
0.0454
0
0
0
4.6356
0.8523
0
0
0
0
0
0
0
0
0.5103
0.1043
1.2996
1.0611
0
0.0018
6.0697
0
0
0.1488
2.4041
1.9552
0
0
0
0
0
0
11.4158
0.215
0
0
0
3.016
0
1.0317
1.5372
0
0.0209
0
0
0
0
0
0
0
0
0
10.9338
16.3884
1.9748
0
0
3.2372
2.1766
0
0
0
0
0
28.1616
18.2233
12.5723
0.634
0
0.579
0
0
17.8574
0
0
0
0
0
6.4124
1.5055
0
0
0
0.0238
0
0
0.2895
6e-04
0
4.3342
0.5558
4.6135
1.6011
0.5205
1.5414
6.5054
0.0027
0.4998
6.9306
0
0
0
0.1991
3.624
0
0
0
0
0
1.5848
8.1244
3.4222
0.1677
0
0
0
6.7282
2.8148
0.0015
0
0.5572
0
0
0
4.5573
0
0
8.3195
0.4591
0.2063
0
0
19.1146
13.2933
3.8465
0
1.0202
2.9155
0
0
2.1397
1.4097
14.7629
10.3533
2.2931
0.3545
0.0066
0.0638
0
0
0.2673
0.002
8.8105
8.6779
0.2651
0
0
0.1391
2.8041
0
0.9452
0
5.8615
0
0
0
2.2939
0.0895
0.7295
1.3291
0.0012
7.0076
0
1.8917
1.1083
0.9074
2.1775
0
0
0
0.3787
0.1124
0
0
0
5.2072
1.9425
0
0
13.2373
16.4449
0
3.082
22.8693
26.2988
1e-04
0.3484
0.6438
0.0468
0
8.2928
4.2706
0.0754
2.1387
5.7281
0
0
0
0
0
2.611
0.0226
1e-04
0
0
0
10.5126
0.113
0
3.1222
0
0
0
0
0
2e-04
0.0139
1.0479
0.7914
14.0639
0
0
2.0684
2.3128
0
0
0
0
0
0
0.0072
0
0
0.3857
2.4171
1.3479
4.1875
1.6998
0
0
0
0
0.0124
0.397
0
4e-04
0
1.3268
19.3926
2.2025
8e-04
0
0
14.8576
4.8847
0
0
0
16.1486
1.5189
0.8502
1.1173
0
0
0
0
0
0
2.0242
0
0
2.8901
4.0597
1.8164
0
0
0
0
0
0
0
1.9923
0.0738
0
0.5685
48.3407
5.1633
0.3829
0.1058
0
2.16
0
0
0
0
25.033
12.0027
0
0
0
0
8.1389
0
0
0
0
0
0
0
0
0
0
0
0
0
0
5.1727
3e-04
0.6719
0.7829
0.0592
0
3.7331
0
0
0
0
0
0
0
0
4.4371
0
1.3158
0
0
0
6.758
5.2722
31.3905
4.3648
3.0438
0.1338
0
0.9085
0.04
2.0209
18.1907
0
0
0.7988
0
0
0
0
0
0
0
0
0
2.0956
0
0
0
10.1787
0
0.0235
0
0
0
0
17.3246
0.0016
1e-04
8.5117
10.0851
0
0
0
8.2088
2.4804
0.059
0.0195
0.3902
0
0
0
0
0
0
0
3.8821
0
0
0
0.3102
0.3976
0.0658
0
1.1204
0.4206
0
1.2054
1.2545
0.0261
0
0
1.9997
0
4.8409
2.8906
