1980 1 1
0.874
0.919
0.87
0.75
0.829
0.889
0.831
0.69
0.743
0.807
0.945
0.56
0.713
0.834
0.896
0.952
0.925
0.88
0.839
0.784
0.723
0.796
0.807
0.819
0.937
0.832
0.853
0.84
0.82
0.768
0.777
0.742
0.48
0.576
0.572
0.629
0.799
0.832
0.814
0.895
0.739
0.806
0.681
0.621
0.717
0.833
0.86
0.574
0.807
0.846
0.878
0.938
0.959
0.916
0.807
0.799
0.756
0.829
0.775
0.721
0.602
0.582
0.633
0.754
0.925
0.638
0.783
0.952
0.881
0.848
0.55
0.518
0.855
0.826
0.811
0.837
0.931
0.776
0.665
0.847
0.931
0.692
0.74
0.934
0.814
0.756
0.74
0.83
0.927
0.871
0.914
0.881
0.882
0.857
0.945
0.722
0.649
0.735
0.821
0.827
0.861
0.778
0.845
0.673
0.895
0.846
0.709
0.605
0.641
0.656
0.646
0.593
0.534
0.666
0.706
0.771
0.665
0.713
0.893
0.767
0.718
0.681
0.649
0.571
0.508
0.541
0.566
0.594
0.637
0.686
0.616
0.711
0.837
0.777
0.762
0.684
0.659
0.954
0.842
0.738
0.694
0.659
0.6
0.617
0.757
0.681
0.619
0.546
0.517
0.635
0.755
0.736
0.881
0.83
0.794
0.74
0.681
0.759
0.749
0.784
0.709
0.646
0.612
0.604
0.615
0.74
0.77
0.771
0.695
0.672
0.71
0.737
0.689
0.623
0.649
0.735
0.708
0.689
0.733
0.774
0.726
0.739
0.705
0.729
0.749
0.826
0.859
0.751
0.739
0.801
0.791
0.776
0.728
0.774
0.787
0.726
0.782
0.795
0.76
0.745
0.739
0.739
0.773
0.826
0.798
0.74
0.745
0.748
0.785
0.918
0.834
0.749
0.81
0.821
0.84
0.844
0.781
0.843
0.814
0.805
0.843
0.795
0.862
0.85
0.833
0.843
0.848
0.845
0.828
0.918
0.916
0.83
0.851
0.865
0.806
0.74
0.741
0.76
0.735
0.752
0.77
0.776
0.794
0.844
0.853
0.833
0.772
0.825
0.795
0.732
0.701
0.748
0.795
0.783
0.774
0.783
0.838
0.837
0.852
0.898
0.916
0.742
0.764
0.789
0.812
0.843
0.778
0.676
0.747
0.727
0.668
0.715
0.716
0.646
0.761
0.765
0.749
0.757
0.695
0.637
0.711
0.665
0.735
0.74
0.779
0.783
0.703
0.666
0.659
0.734
0.871
0.765
0.75
0.712
0.651
0.666
0.693
0.81
0.848
0.726
0.648
0.738
0.602
0.606
0.642
0.667
0.592
0.596
0.708
0.65
0.583
0.7
0.786
0.691
0.631
0.647
0.65
0.537
0.692
0.792
0.718
0.763
0.748
0.696
0.753
0.736
0.674
0.79
0.923
0.685
0.655
0.903
0.95
0.924
0.855
0.878
0.896
0.602
0.673
0.853
0.893
0.956
0.965
0.886
0.845
0.682
0.892
0.852
0.658
0.705
0.801
0.708
0.782
0.668
0.693
0.801
0.849
0.906
0.921
0.764
0.905
0.87
0.888
0.942
0.985
0.996
0.975
0.865
0.866
0.742
0.915
0.979
0.886
0.806
0.858
0.836
0.818
0.849
0.927
0.911
0.942
0.93
0.887
0.983
1.043
0.998
0.989
1.012
1.01
1.004
0.984
0.927
0.924
0.891
0.76
0.603
0.812
0.947
0.927
0.736
0.771
0.829
0.916
0.926
0.883
0.833
0.934
1.03
0.783
0.904
0.864
0.893
0.941
0.966
0.981
0.944
0.89
0.822
0.887
0.872
0.822
0.751
0.713
0.762
0.8
0.792
0.704
0.501
0.808
0.875
0.705
0.646
0.774
0.76
0.71
0.676
0.641
0.683
0.49
0.611
0.698
0.614
0.492
0.609
0.856
0.833
0.664
0.724
0.584
0.587
0.64
0.735
0.629
0.714
0.786
0.673
0.559
0.584
0.516
0.791
0.761
0.533
0.532
0.617
0.694
0.798
0.815
0.867
0.918
0.845
0.618
0.617
0.765
0.7
0.706
0.771
0.605
0.846
0.809
0.793
0.694
0.68
0.694
0.736
0.817
0.727
0.697
0.604
0.594
0.604
0.786
0.815
0.666
0.607
0.771
0.921
0.914
0.716
0.62
0.829
0.928
0.708
0.656
0.616
0.612
0.514
0.484
0.558
0.623
0.664
0.705
0.728
0.8
0.829
0.739
0.768
0.67
0.618
0.782
0.758
0.775
0.733
0.691
0.596
0.729
0.784
0.824
0.682
0.815
0.908
0.835
0.8
0.801
0.735
0.664
0.719
0.727
0.775
0.797
0.743
0.803
0.771
0.663
0.604
0.651
0.736
0.773
0.782
0.81
0.79
0.811
0.819
0.737
0.689
0.786
0.816
0.684
0.6
0.668
0.801
0.716
0.775
0.779
0.741
0.688
0.792
0.914
0.861
0.785
0.692
0.772
0.753
0.792
0.896
0.899
0.83
0.685
0.69
0.778
0.759
0.797
0.806
0.797
0.801
0.81
0.847
0.845
0.842
0.828
0.832
0.837
0.86
0.88
0.824
0.776
0.691
0.737
0.758
0.727
0.71
0.696
0.763
0.768
0.763
0.824
0.82
0.808
0.846
0.821
0.825
0.837
0.94
0.935
0.882
0.828
0.791
0.814
0.746
0.803
0.847
0.805
0.803
0.801
0.833
0.848
0.888
0.849
0.787
0.769
0.833
0.846
0.746
0.665
0.686
0.747
0.758
0.684
0.802
0.892
0.844
0.76
0.707
0.735
0.767
0.81
0.709
0.69
0.696
0.775
0.755
0.743
0.738
0.655
0.787
0.747
0.63
0.834
0.72
0.652
0.805
0.943
0.834
0.664
0.629
0.887
0.974
0.847
0.845
0.848
0.799
0.756
0.792
0.81
0.712
0.756
0.781
0.706
0.758
0.692
0.667
0.762
0.764
0.77
0.743
0.698
0.698
0.76
0.828
0.802
0.897
0.794
0.756
0.908
0.893
0.833
0.873
0.855
0.807
0.789
0.72
0.887
0.848
0.753
0.861
0.806
0.784
0.841
0.876
0.547
0.596
0.768
0.768
0.806
0.867
0.853
0.789
0.915
0.821
0.868
0.868
0.932
0.988
0.97
0.932
0.96
0.957
0.962
0.973
0.954
0.943
0.863
0.951
0.912
0.956
0.947
0.881
0.922
0.881
0.866
0.851
0.766
0.829
0.859
0.913
0.913
0.88
0.941
0.775
0.872
0.903
0.922
0.905
0.928
0.965
0.764
0.887
0.903
0.912
0.882
0.871
0.944
0.961
0.899
0.987
0.953
0.886
0.93
0.878
1.031
0.949
0.897
0.924
0.885
0.948
0.905
0.942
0.946
1.004
0.959
0.965
0.972
0.996
0.996
0.887
0.888
0.914
0.825
0.789
0.818
0.904
0.882
0.909
0.831
1.013
0.92
0.925
0.921
0.816
0.828
0.881
0.946
0.935
0.812
0.646
0.771
0.937
0.87
0.799
0.845
0.904
0.875
0.786
0.721
0.725
0.805
0.807
0.654
0.698
0.666
0.803
0.818
0.666
0.632
0.818
0.793
0.869
0.853
0.767
0.81
0.855
0.863
0.826
0.792
0.782
0.735
0.706
0.78
0.816
0.619
0.56
0.826
0.607
0.502
0.542
0.573
0.526
0.674
0.688
0.612
0.574
0.632
0.635
0.544
0.562
0.508
0.583
0.597
0.795
0.746
0.63
0.642
0.651
0.63
0.584
0.666
0.668
0.655
0.632
0.654
0.684
0.727
0.867
0.864
0.817
0.778
0.784
0.815
0.851
0.777
0.806
0.8
0.789
0.825
0.699
0.768
0.833
0.865
0.795
0.751
0.728
0.766
0.768
0.65
0.652
0.701
0.627
0.797
0.908
0.782
0.71
0.837
0.779
0.757
0.733
0.721
0.612
0.673
0.73
0.773
0.746
0.794
0.738
0.689
0.714
0.926
0.836
0.786
0.79
0.778
0.749
0.712
0.759
0.804
0.774
0.709
0.718
0.719
0.739
0.794
0.815
0.811
0.743
0.713
0.755
0.772
0.72
0.696
0.762
0.784
0.784
0.707
0.67
0.75
0.761
0.804
0.773
0.798
0.771
0.846
0.831
0.82
0.802
0.775
0.756
0.653
0.646
0.689
0.717
0.714
0.743
0.728
0.715
0.836
0.721
0.732
0.831
0.759
0.758
0.715
0.759
0.714
0.671
0.731
0.799
0.813
0.761
0.696
0.644
0.586
0.778
0.804
0.696
0.611
0.622
0.69
0.636
0.674
0.738
0.751
0.69
0.677
0.723
0.576
0.618
0.661
0.825
0.753
0.755
0.773
0.737
0.899
0.786
0.725
0.695
0.648
0.665
0.658
0.632
0.693
0.65
0.674
0.618
0.722
0.747
0.626
0.654
0.564
0.625
0.618
0.58
0.551
0.478
0.498
0.689
0.608
0.6
0.574
0.604
0.62
0.526
0.443
0.481
0.507
0.615
0.858
0.878
0.802
0.822
0.652
0.617
0.774
0.738
0.674
0.839
0.76
0.858
0.833
0.752
0.66
0.827
0.75
0.694
0.805
0.895
0.928
0.894
0.802
0.96
0.817
0.767
0.875
0.867
0.962
0.968
0.894
0.857
0.864
0.856
0.88
0.911
0.76
0.765
0.78
0.663
0.836
0.878
0.819
0.873
0.88
0.956
0.937
0.842
0.802
0.948
0.901
0.87
0.894
0.921
0.907
0.844
0.837
0.953
0.927
0.673
0.549
0.773
0.87
0.877
0.725
0.654
0.751
0.816
0.84
0.755
0.783
0.913
0.875
0.827
0.877
0.899
0.933
0.929
0.881
0.837
0.851
0.944
0.894
0.935
1.004
0.985
0.929
0.88
0.856
0.917
0.97
0.996
0.964
0.95
1.008
0.98
0.848
0.87
0.88
0.928
0.861
0.9
0.869
0.888
0.887
0.846
0.866
0.925
0.9
0.87
0.818
0.779
0.721
0.69
0.781
0.803
0.786
0.817
0.752
0.747
0.638
0.603
0.578
0.694
0.781
0.773
0.879
0.824
0.739
0.835
0.766
0.823
0.718
0.698
0.767
0.729
0.728
0.775
0.892
0.945
0.796
0.924
0.825
0.835
0.73
0.743
0.784
0.889
0.906
0.76
0.598
0.677
0.764
0.923
0.854
0.824
0.785
0.874
0.853
0.785
0.914
0.85
0.845
0.763
0.898
0.863
0.776
0.742
0.784
0.702
0.677
0.648
0.663
0.637
0.626
0.685
0.628
0.614
0.648
0.789
0.84
0.951
0.953
0.824
0.909
0.77
0.712
0.72
0.716
0.81
0.656
0.646
0.572
0.608
0.724
0.792
0.864
0.709
0.625
0.68
0.845
0.763
0.816
0.841
0.794
0.725
0.734
0.746
0.642
0.743
0.827
0.738
0.747
0.719
0.659
0.875
0.829
0.744
0.851
0.723
0.659
0.651
0.624
0.588
0.595
0.59
0.61
0.644
0.685
0.624
0.653
0.776
0.758
0.704
0.701
0.709
0.647
0.631
0.618
0.719
0.876
0.901
0.863
0.81
0.773
0.774
0.801
0.756
0.727
0.667
0.713
0.775
0.769
0.73
0.77
0.686
0.656
0.753
0.761
0.808
0.822
0.814
0.752
0.776
0.763
0.803
0.781
0.762
0.678
0.633
0.738
0.807
0.799
0.791
0.801
0.782
0.74
0.78
0.804
0.765
0.727
0.755
0.762
0.858
0.818
0.816
0.687
0.7
0.704
0.717
0.799
0.819
0.751
0.775
0.757
0.774
0.777
0.763
0.74
0.75
0.732
0.752
0.698
0.706
0.785
0.764
0.686
0.661
0.671
0.721
0.735
0.708
0.614
0.596
0.607
0.634
0.664
0.724
0.608
0.57
0.742
0.73
0.654
0.66
0.71
0.855
0.649
0.659
0.584
0.569
0.716
0.654
0.581
0.684
0.696
0.787
0.602
0.555
0.73
0.791
0.614
0.538
0.671
0.788
0.721
0.721
0.866
0.949
0.686
0.677
0.71
0.713
0.691
0.709
0.747
0.814
0.91
0.948
0.905
0.83
0.766
0.708
0.715
0.668
0.632
0.72
0.854
0.836
0.883
0.654
0.669
0.71
0.712
0.655
0.614
0.89
0.932
0.744
0.767
0.775
0.908
0.862
0.789
0.762
0.874
0.906
0.79
0.796
0.909
0.817
0.662
0.756
0.815
0.888
0.73
0.758
0.805
0.925
0.94
0.984
0.998
0.973
0.847
0.897
0.946
0.934
0.953
0.954
0.949
0.98
0.818
0.843
0.813
0.798
0.825
0.864
0.932
0.974
0.82
0.801
0.795
0.825
0.902
0.953
0.922
0.862
0.901
0.869
0.919
0.977
0.983
1.003
0.964
0.883
0.901
0.902
0.894
0.793
0.85
0.923
0.906
0.858
0.897
0.889
0.861
0.85
0.809
0.804
0.846
0.847
0.968
0.995
0.966
0.927
0.897
0.934
0.932
0.834
0.916
0.967
0.945
0.97
0.936
0.824
0.83
0.901
0.963
0.938
0.953
0.983
0.912
0.863
0.725
0.841
0.924
0.881
0.839
0.794
0.752
0.682
0.68
0.762
0.727
0.603
0.742
0.893
0.794
0.778
0.845
0.839
0.818
0.897
0.806
0.647
0.813
0.796
0.818
0.781
0.754
0.928
0.913
0.901
0.886
0.758
0.864
0.867
0.956
0.909
0.889
0.79
0.702
0.786
0.729
0.811
0.834
0.762
0.724
0.657
0.6
0.661
0.709
0.925
0.935
0.866
0.694
0.632
0.625
0.622
0.579
0.715
0.778
0.754
0.818
0.826
0.87
0.859
0.782
0.729
0.706
0.861
0.936
0.882
0.758
0.653
0.711
0.661
0.569
0.747
0.661
0.63
0.845
0.915
0.835
0.718
0.799
0.806
0.79
0.793
0.77
0.704
0.793
0.76
0.672
0.603
0.578
0.685
0.77
0.899
0.941
0.82
0.761
0.695
0.857
0.827
0.754
0.907
0.885
0.803
0.683
0.686
0.695
0.703
0.595
0.675
0.75
0.714
0.734
0.703
0.684
0.681
0.644
0.725
0.704
0.757
0.78
0.779
0.774
0.728
0.725
0.738
0.709
0.796
0.74
0.648
0.612
0.724
0.719
0.691
0.76
0.733
0.679
0.735
0.77
0.769
0.78
0.706
0.648
0.771
0.808
0.787
0.769
0.707
0.722
0.764
0.744
0.753
0.774
0.718
0.743
0.756
0.716
0.66
0.813
0.795
0.903
0.838
0.704
0.671
0.652
0.709
0.856
0.848
0.844
0.806
0.832
0.851
0.866
0.835
0.82
0.778
0.798
0.819
0.768
0.728
0.814
0.797
0.763
0.785
0.788
0.747
0.725
0.794
0.746
0.752
0.67
0.699
0.736
0.758
0.83
0.816
0.627
0.79
0.795
0.848
0.752
0.683
0.635
0.826
0.733
0.761
0.848
0.788
0.756
0.827
0.878
0.828
0.696
0.621
0.608
0.702
0.725
0.723
0.716
0.776
0.856
0.825
0.805
0.699
0.742
0.717
0.682
0.628
0.566
0.591
0.593
0.642
0.762
0.864
0.826
0.763
0.787
0.793
0.786
0.77
0.886
0.823
0.772
0.764
0.684
0.789
0.648
0.834
0.796
0.716
0.624
0.754
0.846
0.739
0.738
0.624
0.728
0.811
0.836
0.72
0.61
0.869
0.822
0.693
0.634
0.606
0.841
0.92
0.939
0.85
0.82
0.735
0.782
0.618
0.617
0.636
0.692
0.473
0.574
0.601
0.689
0.778
0.739
0.663
0.638
0.872
0.688
0.76
0.805
0.712
0.748
0.589
0.602
0.896
0.825
0.949
0.931
0.944
0.934
0.985
0.937
0.896
0.909
0.858
0.841
0.816
0.822
0.804
0.942
0.879
0.624
0.86
0.815
0.869
0.932
0.921
0.824
0.899
0.949
0.96
0.742
0.676
0.707
0.833
0.886
0.929
0.873
0.842
0.9
0.889
0.895
0.908
0.957
0.767
0.874
0.927
0.94
0.911
0.792
0.872
0.917
0.976
0.958
0.922
0.87
0.941
0.865
0.826
0.854
0.93
0.87
0.831
0.858
0.883
0.925
0.915
0.889
0.823
0.906
0.892
0.976
0.991
0.913
0.886
0.888
1.033
0.95
0.968
0.933
0.897
0.889
0.936
0.907
0.859
0.848
0.801
0.819
0.672
0.713
0.824
0.67
0.957
0.761
0.62
0.764
0.874
0.735
0.689
0.856
0.894
0.736
0.749
0.651
0.611
0.692
0.513
0.632
0.722
0.54
0.675
0.903
0.832
0.698
0.605
0.822
0.895
0.779
0.865
0.934
0.758
0.732
0.703
0.8
0.881
0.857
0.7
0.688
0.664
0.707
0.782
0.747
0.739
0.683
0.7
0.672
0.64
0.746
0.716
0.656
0.627
0.562
0.525
0.673
0.672
0.576
0.629
0.693
0.608
0.537
0.664
0.719
0.587
0.538
0.666
0.76
0.662
0.597
0.589
0.625
0.705
0.676
0.648
0.606
0.728
0.719
0.85
0.708
0.697
0.679
0.745
0.626
0.632
0.549
0.483
0.709
0.753
0.825
0.68
0.708
0.7
0.626
0.714
0.713
0.705
0.78
0.614
0.659
0.698
0.691
0.614
0.785
0.841
0.725
0.665
0.825
0.814
0.779
0.736
0.684
0.682
0.664
0.699
0.687
0.693
0.608
0.615
0.682
0.686
0.626
0.698
0.78
0.768
0.721
0.659
0.742
0.771
0.748
0.729
0.683
0.674
0.706
0.678
0.689
0.816
0.793
0.696
0.705
0.684
0.715
0.794
0.762
0.741
0.674
0.703
0.76
0.778
0.672
0.639
0.682
0.706
0.859
0.807
0.708
0.657
0.653
0.795
0.866
0.823
0.746
0.656
0.741
0.777
0.777
0.838
0.803
0.845
0.814
0.8
0.815
0.774
0.781
0.757
0.756
0.788
0.913
0.818
0.796
0.781
0.759
0.751
0.799
0.793
0.791
0.778
0.759
0.773
0.82
0.816
0.771
0.777
0.829
0.795
0.749
0.696
0.725
0.643
0.599
0.615
0.653
0.671
0.652
0.621
0.7
0.676
0.737
0.771
0.63
0.752
0.731
0.607
0.584
0.77
0.744
0.554
0.61
0.779
0.789
0.684
0.558
0.532
0.575
0.809
0.828
0.842
0.81
0.806
0.801
0.639
0.606
0.871
0.888
0.807
0.799
0.782
0.79
0.767
0.571
0.506
0.586
0.714
0.679
0.665
0.811
0.811
0.918
0.946
0.877
0.887
0.808
0.8
0.728
0.844
0.943
0.89
0.933
0.94
0.921
0.856
0.902
0.696
0.906
0.911
0.839
0.652
0.876
0.815
0.727
0.828
0.948
0.887
0.891
0.872
0.89
0.93
0.794
0.83
0.875
0.907
0.929
0.902
0.908
0.9
0.939
0.975
0.875
0.865
0.813
0.934
0.949
0.834
0.808
0.849
0.883
0.88
0.988
0.97
0.929
0.813
0.833
0.872
0.778
0.901
0.932
0.887
0.862
0.907
0.924
0.975
0.9
0.814
0.645
0.746
0.723
0.857
0.934
0.883
0.854
0.915
0.841
0.906
0.884
0.946
0.956
0.879
0.893
0.872
0.759
0.723
0.839
0.825
0.799
0.742
0.891
0.829
0.876
0.936
0.92
0.916
0.972
0.973
0.874
0.906
0.906
0.886
0.827
0.805
0.809
0.802
0.887
0.864
0.92
0.981
0.967
0.98
0.982
0.944
0.815
0.802
0.792
0.723
0.806
0.83
0.683
0.768
0.739
0.889
0.918
0.848
0.87
0.706
0.752
0.866
0.857
0.859
0.91
0.966
0.922
0.854
0.807
0.767
0.831
0.923
0.613
0.495
0.664
0.653
0.667
0.65
0.762
0.802
0.677
0.623
0.606
0.536
0.597
0.699
0.657
0.793
0.884
0.82
0.705
0.663
0.712
0.77
0.712
0.643
0.72
0.757
0.823
0.812
0.808
0.691
0.788
0.959
0.859
0.739
0.591
0.547
0.587
0.653
0.637
0.63
0.675
0.79
0.748
0.673
0.604
0.638
0.711
0.783
0.732
0.714
0.721
0.736
0.645
0.606
0.629
0.731
0.707
0.758
0.76
0.749
0.852
0.841
0.87
0.843
0.771
0.713
0.735
0.738
0.803
0.762
0.683
0.72
0.731
0.704
0.711
0.663
0.69
0.856
0.944
0.864
0.768
0.69
0.821
0.803
0.815
0.803
0.746
0.763
0.772
0.715
0.654
0.814
0.753
0.696
0.733
0.716
0.707
0.678
0.704
0.806
0.753
0.726
0.872
0.888
0.841
0.723
0.684
0.754
0.752
0.746
0.771
0.802
0.809
0.933
0.863
0.777
0.802
0.8
0.815
0.806
0.79
0.796
0.819
0.79
0.752
0.706
0.727
0.806
0.758
0.745
0.749
0.803
0.76
0.786
0.789
0.783
0.733
0.743
0.726
0.753
0.825
0.826
0.786
0.783
0.79
0.685
0.703
0.825
0.843
0.843
0.816
0.783
0.76
0.804
0.771
0.819
0.825
0.728
0.684
0.887
0.844
0.699
0.693
0.63
0.669
0.715
0.751
0.819
0.829
0.757
0.725
0.699
0.701
0.679
0.792
0.849
0.831
0.773
0.778
0.803
0.773
0.721
0.863
0.846
0.805
0.852
0.859
0.811
0.91
0.911
0.823
0.809
0.77
0.778
0.833
0.922
0.845
0.891
0.904
0.801
0.715
0.666
0.737
0.829
0.742
0.822
0.871
0.885
0.86
0.766
0.698
0.759
0.745
0.692
0.671
0.774
0.77
0.786
0.801
0.899
0.895
0.867
0.8
0.833
0.757
0.768
0.749
0.793
0.716
0.731
0.76
0.756
0.815
0.852
0.75
0.624
0.762
0.74
0.733
0.842
0.939
0.922
0.876
0.878
0.844
0.94
0.923
0.896
0.841
0.86
0.883
0.966
0.924
0.886
0.899
0.886
0.774
0.914
0.911
0.725
0.796
0.891
0.923
0.966
0.98
0.715
0.724
0.846
0.744
0.877
0.893
0.929
0.946
0.915
0.875
0.897
0.881
0.93
0.966
0.987
0.971
0.937
0.839
0.854
0.869
0.919
0.89
0.825
0.944
0.944
0.879
0.853
0.887
0.912
0.825
0.881
0.972
0.923
0.936
0.98
0.963
0.944
0.685
0.626
0.906
0.944
0.945
0.921
0.965
0.883
0.836
0.876
0.864
0.922
0.943
0.955
0.964
0.875
0.925
0.981
0.926
0.84
0.775
0.814
0.866
0.836
0.636
0.706
0.71
0.854
0.722
0.878
0.834
0.875
0.894
0.874
0.831
0.819
0.894
0.894
0.839
0.755
0.651
0.632
0.746
0.932
0.934
0.776
0.712
0.612
0.739
0.739
0.668
0.629
0.667
0.501
0.581
0.578
0.588
0.857
0.826
0.688
0.663
0.606
0.614
0.542
0.614
0.668
0.703
0.688
0.706
0.792
0.803
0.751
0.74
0.77
0.681
0.782
0.785
0.681
0.748
0.869
0.88
0.704
0.686
0.65
0.586
0.66
0.772
0.735
0.777
0.818
0.906
0.858
0.788
0.73
0.734
0.634
0.789
0.779
0.708
0.609
0.546
0.606
0.618
0.618
0.631
0.58
0.83
0.903
0.722
0.642
0.563
0.617
0.565
0.524
0.607
0.611
0.688
0.676
0.687
0.684
0.585
0.553
0.728
0.896
0.828
0.755
0.692
0.72
0.752
0.763
0.808
0.711
0.707
0.667
0.669
0.752
0.757
0.779
0.754
0.643
0.646
0.661
0.673
0.697
0.701
0.622
0.631
0.783
0.706
0.61
0.638
0.607
0.544
0.613
0.595
0.768
0.799
0.8
0.826
0.69
0.645
0.7
0.665
0.68
0.78
0.813
0.848
0.882
0.797
0.781
0.807
0.814
0.784
0.789
0.791
0.807
0.792
0.774
0.769
0.763
0.785
0.805
0.754
0.762
0.736
0.807
0.747
0.754
0.726
0.766
0.798
0.776
0.751
0.672
0.7
0.789
0.769
0.822
0.826
0.749
0.754
0.756
0.701
0.709
0.868
0.86
0.828
0.788
0.821
0.815
0.796
0.748
0.76
0.753
0.69
0.666
0.619
0.749
0.8
0.715
0.668
0.812
0.962
0.95
0.957
0.815
0.761
0.789
0.74
0.746
0.779
0.747
0.753
0.757
0.748
0.777
0.738
0.705
0.777
0.756
0.74
0.729
0.868
0.865
0.79
0.884
0.791
0.648
0.729
0.761
0.777
0.708
0.671
0.598
0.523
0.552
0.67
0.693
0.652
0.644
0.695
0.624
0.54
0.777
0.818
0.683
0.673
0.688
0.796
0.695
0.555
0.553
0.489
0.462
0.589
0.663
0.632
0.768
0.703
0.694
0.58
0.826
0.765
0.6
0.729
0.67
0.633
0.637
0.734
0.855
0.786
0.595
0.662
0.674
0.514
0.473
0.549
0.777
0.643
0.67
0.697
0.699
0.716
0.719
0.577
0.688
0.704
0.6
0.58
0.504
0.577
0.699
0.813
0.959
0.831
0.904
0.914
0.889
0.835
0.892
0.893
0.935
0.894
0.869
0.845
0.887
0.856
0.804
0.878
0.876
0.863
0.678
0.691
0.884
0.877
0.833
0.855
0.934
0.923
0.77
0.703
0.932
0.944
0.899
0.7
0.65
0.912
0.885
0.856
0.908
0.762
0.544
0.495
0.702
0.664
0.742
0.793
0.873
0.867
0.844
0.905
0.818
0.805
0.655
0.837
0.771
0.818
0.941
0.874
0.954
0.836
0.818
0.896
0.887
0.913
0.879
0.864
0.919
0.92
0.913
0.923
0.958
0.934
0.906
0.872
0.818
0.742
0.913
0.809
0.901
0.852
0.892
0.885
0.857
1.101
0.936
0.843
0.847
0.818
0.914
0.94
0.664
0.754
0.807
0.515
0.594
0.769
0.75
0.753
0.78
0.741
0.78
0.762
0.602
0.732
0.826
0.844
0.864
0.797
0.72
0.603
0.839
0.813
0.643
0.822
0.859
0.695
0.811
0.715
0.81
0.789
0.667
0.789
0.895
0.809
0.735
0.688
0.722
0.721
0.75
0.673
0.796
0.914
0.855
0.756
0.677
0.804
0.825
0.716
0.672
0.57
0.574
0.663
0.622
0.647
0.612
0.681
0.631
0.707
0.544
0.549
0.712
0.558
0.613
0.686
0.553
0.504
0.667
0.731
0.632
0.638
0.494
0.495
0.632
0.63
0.581
0.532
0.475
0.511
0.617
0.635
0.624
0.534
0.604
0.618
0.602
0.59
0.652
0.677
0.783
0.809
0.656
0.634
0.679
0.647
0.64
0.557
0.516
0.523
0.497
0.498
0.48
0.509
0.677
0.634
0.572
0.522
0.594
0.527
0.558
0.601
0.531
0.474
0.473
0.482
0.509
0.509
0.584
0.591
0.539
0.475
0.513
0.569
0.537
0.579
0.47
0.458
0.588
0.504
0.508
0.59
0.506
0.475
0.426
0.347
0.321
0.332
0.3
0.272
0.317
0.314
0.402
0.607
0.455
0.452
0.535
0.376
0.439
0.634
0.659
0.73
0.775
0.822
0.686
0.729
0.633
0.642
0.692
0.621
0.573
0.577
0.738
0.769
0.664
0.686
0.608
0.638
0.702
0.721
0.557
0.521
0.581
0.698
0.753
0.701
0.654
0.699
0.722
0.62
0.551
0.737
0.822
0.765
0.644
0.765
0.867
0.752
0.641
0.652
0.612
0.792
0.652
0.627
0.607
0.578
0.687
0.803
0.814
0.822
0.685
0.623
0.625
0.664
0.543
0.535
0.827
0.773
0.641
0.66
0.681
0.737
0.739
0.83
0.741
0.712
0.759
0.72
0.607
0.591
0.574
0.58
0.673
0.73
0.655
0.648
0.847
0.717
0.596
0.639
0.531
0.521
0.538
0.695
0.694
0.657
0.607
0.545
0.525
0.542
0.71
0.84
0.836
0.752
0.707
0.782
0.842
0.874
0.822
0.702
0.696
0.607
0.598
0.561
0.614
0.584
0.638
0.748
0.647
0.942
0.982
0.841
0.819
0.819
0.843
0.87
0.727
0.706
0.775
0.814
0.759
0.789
0.627
0.69
0.816
0.97
0.792
0.649
0.687
0.747
0.727
0.818
0.839
0.707
0.742
0.741
0.773
0.855
0.885
0.745
0.72
0.803
0.836
0.645
0.533
0.784
0.694
0.688
0.905
0.875
0.751
0.499
0.814
0.816
0.926
0.842
0.928
0.796
0.837
0.826
0.876
0.721
0.949
0.933
0.848
0.931
0.956
0.981
0.957
0.972
0.84
0.904
0.98
0.988
0.845
0.533
0.78
0.826
0.919
0.724
0.768
0.921
0.896
0.714
0.89
0.89
0.837
0.517
0.614
0.723
0.797
0.934
0.959
0.735
0.782
0.918
0.879
0.862
0.831
0.73
0.85
0.744
0.828
0.85
0.816
0.812
0.734
0.84
0.883
0.833
0.916
0.892
0.856
0.771
0.683
0.757
0.85
0.907
0.974
0.863
0.677
0.696
0.806
0.912
0.816
0.826
0.544
0.572
0.849
0.91
0.876
0.626
0.516
0.594
0.66
0.633
0.706
0.76
0.649
0.763
0.845
0.574
0.643
0.893
0.568
0.825
0.77
0.624
0.645
0.794
0.79
0.745
0.788
0.784
0.797
0.8
0.745
0.755
0.782
0.842
0.785
0.749
0.721
0.676
0.672
0.63
0.634
0.694
0.681
0.68
0.596
0.699
0.672
0.703
0.824
0.659
0.507
0.669
0.626
0.613
0.567
0.724
0.799
0.698
0.759
0.788
0.695
0.679
0.723
0.714
0.596
0.759
0.68
0.689
0.721
0.747
0.738
0.639
0.833
0.871
0.775
0.712
0.66
0.593
0.532
0.702
0.776
0.659
0.564
0.721
0.688
0.783
0.753
0.667
0.622
0.757
0.789
0.778
0.758
0.758
0.805
0.746
0.736
0.739
0.652
0.604
0.729
0.791
0.692
0.858
0.859
0.804
0.776
0.759
0.694
0.751
0.804
0.794
0.813
0.732
0.698
0.699
0.703
0.696
0.696
0.729
0.752
0.705
0.68
0.77
0.784
0.771
0.766
0.769
0.731
0.679
0.737
0.783
0.777
0.776
0.752
0.713
0.673
0.643
0.652
0.667
0.789
0.861
0.842
0.826
0.816
0.779
0.757
0.792
0.817
0.813
0.769
0.871
0.845
0.77
0.715
0.832
0.852
0.828
0.799
0.772
0.75
0.772
0.763
0.745
0.731
0.781
0.752
0.81
0.803
0.767
0.785
0.806
0.883
0.821
0.829
0.852
0.814
0.806
0.767
0.771
0.827
0.848
0.771
0.73
0.844
0.792
0.717
0.739
0.796
0.801
0.84
0.844
0.824
0.864
0.81
0.781
0.875
0.962
0.853
0.943
0.812
0.711
0.783
0.764
0.771
0.828
0.777
0.68
0.655
0.694
0.667
0.643
0.7
0.672
0.81
0.842
0.754
0.641
0.696
0.745
0.626
0.67
0.557
0.666
0.665
0.625
0.53
0.581
0.647
0.72
0.885
0.744
0.862
0.887
0.853
0.713
0.684
0.776
0.709
0.663
0.668
0.614
0.541
0.574
0.769
0.624
0.698
0.6
0.567
0.592
0.721
0.828
0.939
0.799
0.704
0.632
0.673
0.804
0.819
0.966
0.873
0.66
0.647
0.74
0.83
0.547
0.547
0.573
0.606
0.669
0.814
0.806
0.885
0.563
0.73
0.816
0.818
0.769
0.804
0.852
0.883
0.64
0.638
0.744
0.747
0.873
0.804
0.748
0.866
0.833
0.857
0.848
0.836
0.878
0.874
0.801
0.859
0.871
0.824
0.903
0.884
0.966
0.948
0.979
0.986
0.994
0.906
0.926
0.899
0.92
0.853
0.847
0.87
0.925
0.892
0.912
0.809
0.732
0.776
0.883
0.852
0.925
0.989
0.918
0.689
0.935
0.975
0.93
0.895
0.842
0.861
0.651
0.68
0.621
0.791
0.843
0.818
0.92
0.962
0.893
0.918
0.874
0.83
0.861
0.846
0.814
0.584
0.582
0.657
0.715
0.893
0.962
0.93
0.688
0.704
0.715
0.553
0.483
0.894
0.942
0.902
0.659
0.715
0.801
0.744
0.603
0.689
0.702
0.545
0.702
0.766
0.647
0.761
0.948
0.923
0.896
0.778
0.807
0.739
0.701
0.819
0.722
0.616
0.798
0.688
0.689
0.723
0.755
0.462
0.545
0.661
0.553
0.52
0.694
0.911
0.897
0.839
0.772
0.806
0.732
0.702
0.601
0.619
0.546
0.527
0.889
0.733
0.621
0.655
0.809
0.777
0.705
0.712
0.553
0.529
0.842
0.81
0.608
0.552
0.588
0.662
0.644
0.568
0.576
0.752
0.665
0.605
0.54
0.702
0.948
0.834
0.681
0.657
0.657
0.712
0.804
0.656
0.77
0.894
0.721
0.84
0.822
0.785
0.652
0.677
0.815
0.811
0.733
0.635
0.676
0.834
0.94
0.801
0.716
0.773
0.651
0.548
0.619
0.806
0.688
0.771
0.662
0.783
0.691
0.766
0.721
0.729
0.681
0.634
0.695
0.736
0.676
0.64
0.737
0.719
0.711
0.776
0.723
0.713
0.825
0.766
0.651
0.69
0.737
0.8
0.764
0.795
0.735
0.706
0.649
0.742
0.757
0.738
0.68
0.73
0.769
0.715
0.889
0.943
0.857
0.919
0.807
0.794
0.751
0.753
0.77
0.793
0.825
0.922
0.847
0.771
0.686
0.674
0.736
0.728
0.724
0.806
0.749
0.661
0.659
0.723
0.916
0.832
0.784
0.769
0.71
0.705
0.702
0.778
0.816
0.84
0.758
0.774
0.816
0.798
0.841
0.828
0.907
0.904
0.922
0.893
0.841
0.791
0.791
0.81
0.809
0.749
0.716
0.736
0.746
0.766
0.736
0.77
0.779
0.742
0.803
0.813
0.853
0.766
0.736
0.77
0.764
0.867
0.799
0.816
0.698
0.709
0.885
0.788
0.793
0.797
0.816
0.749
0.756
0.763
0.643
0.671
0.742
0.762
0.696
0.663
0.652
0.732
0.69
0.658
0.794
0.887
0.943
0.959
0.809
0.836
0.742
0.67
0.675
0.598
0.648
0.851
0.696
0.674
0.722
0.783
0.697
0.703
0.716
0.603
0.616
0.64
0.615
0.664
0.667
0.615
0.614
0.657
0.752
0.96
0.779
0.752
0.628
0.679
0.766
0.685
0.713
0.669
0.635
0.808
0.82
0.666
0.687
0.712
0.625
0.801
0.873
0.762
0.592
0.7
0.749
0.886
0.893
0.678
0.699
0.657
0.685
0.887
0.782
0.795
0.863
0.829
0.776
0.851
0.834
0.73
0.88
0.855
0.62
0.906
0.858
0.883
0.944
0.832
0.801
0.968
0.933
0.908
0.894
0.955
0.888
0.931
0.963
0.975
0.936
0.81
0.906
0.929
0.888
0.881
0.932
0.936
0.862
0.924
0.961
0.913
0.96
0.97
0.911
0.956
0.986
0.997
0.908
0.894
0.867
0.953
0.823
0.741
0.864
0.653
0.616
0.825
0.936
0.911
0.896
0.935
0.856
0.919
0.865
0.861
0.837
0.931
0.912
0.885
0.838
0.877
0.757
0.473
0.518
0.745
0.966
0.807
0.781
0.878
0.965
0.924
0.856
0.825
0.813
0.522
0.689
0.617
0.52
0.814
0.856
0.811
0.869
0.844
0.659
0.713
0.819
0.702
0.553
0.625
0.76
0.675
0.571
0.654
0.672
0.662
0.592
0.597
0.903
0.772
0.72
0.773
0.834
0.742
0.747
0.69
0.831
0.857
0.713
0.679
0.534
0.643
0.756
0.581
0.535
0.699
0.812
0.715
0.712
0.736
0.79
0.751
0.619
0.596
0.864
0.933
0.834
0.73
0.741
0.712
0.907
0.917
0.897
0.774
0.686
0.794
0.677
0.718
0.745
0.746
0.782
0.688
0.773
0.651
0.677
0.724
0.892
0.834
0.729
0.688
0.792
0.719
0.686
0.719
0.692
0.671
0.598
0.609
0.754
0.798
0.74
0.758
0.677
0.67
0.651
0.733
0.769
0.78
0.801
0.747
0.713
0.754
0.786
0.757
0.81
0.753
0.707
0.73
0.651
0.567
0.546
0.556
0.579
0.736
0.702
0.674
0.688
0.73
0.732
0.677
0.671
0.69
0.6
0.609
0.719
0.732
0.703
0.703
0.63
0.677
0.685
0.793
0.746
0.797
0.761
0.688
0.734
0.762
0.692
0.739
0.735
0.688
0.663
0.649
0.763
0.816
0.77
0.65
0.629
0.688
0.722
0.695
0.715
0.757
0.742
0.731
0.658
0.659
0.656
0.651
0.628
0.753
0.736
0.643
0.618
0.55
0.712
0.694
0.642
0.58
0.575
0.79
0.859
0.672
0.58
0.551
0.514
0.561
0.609
0.6
0.7
0.735
0.856
0.812
0.735
0.705
0.71
0.742
0.732
0.67
0.668
0.651
0.633
0.628
0.647
0.59
0.56
0.699
0.713
0.536
0.53
0.516
0.568
0.674
0.722
0.663
0.76
0.7
0.677
0.603
0.549
0.532
0.53
0.57
0.528
0.428
0.646
0.661
0.546
0.594
0.594
0.484
0.504
0.485
0.507
0.502
0.454
0.597
0.709
0.7
0.62
0.663
0.556
0.542
0.633
0.632
0.738
0.619
0.709
0.664
0.506
0.458
0.507
0.717
0.546
0.507
0.541
0.728
0.801
0.821
0.855
0.869
0.848
0.66
0.784
0.837
0.807
0.74
0.503
0.441
0.477
0.652
0.725
0.658
0.629
0.695
0.764
0.871
0.871
0.825
0.893
0.825
0.766
0.918
0.936
0.955
0.85
0.81
0.856
0.699
0.834
0.865
0.854
0.96
0.906
0.787
0.79
0.805
0.919
0.85
0.781
0.821
0.872
0.812
0.875
0.824
0.892
0.895
0.872
0.799
0.71
0.716
0.834
0.752
0.746
0.762
0.856
0.905
0.956
0.775
0.85
0.84
0.869
0.881
0.955
0.931
0.943
0.943
0.947
0.988
0.949
0.892
0.894
0.894
0.874
0.917
0.884
0.771
0.762
0.916
0.938
0.894
0.84
0.882
0.738
0.837
0.872
0.963
0.969
0.946
0.831
0.872
0.864
0.903
0.906
0.921
0.935
0.938
0.871
0.844
0.89
0.882
0.68
0.712
0.828
0.826
0.597
0.711
0.767
0.514
0.897
0.922
0.973
0.911
0.885
0.941
0.92
0.838
0.755
0.862
0.854
0.824
0.856
0.751
0.764
0.801
0.594
0.684
0.743
0.806
0.778
0.811
0.896
0.895
0.841
0.789
0.881
0.703
0.692
0.505
0.568
0.463
0.485
0.761
0.706
0.746
0.642
0.725
0.903
0.829
0.725
0.724
0.789
0.794
0.624
0.613
0.828
0.693
0.746
0.614
0.609
0.744
0.603
0.548
0.598
0.6
0.64
0.701
0.74
0.718
0.563
0.694
0.711
0.832
0.901
0.948
0.849
0.776
0.794
0.791
0.783
0.889
0.858
0.804
0.761
0.621
0.676
0.811
0.72
0.73
0.647
0.736
0.713
0.649
0.573
0.735
0.883
0.721
0.659
0.623
0.693
0.641
0.639
0.615
0.681
0.737
0.692
0.693
0.658
0.634
0.751
0.828
0.74
0.743
0.628
0.519
0.58
0.897
0.881
0.717
0.673
0.65
0.788
0.807
0.742
0.73
0.689
0.673
0.608
0.539
0.548
0.565
0.66
0.644
0.642
0.752
0.764
0.77
0.767
0.72
0.667
0.781
0.775
0.722
0.698
0.742
0.627
0.648
0.672
0.75
0.797
0.777
0.736
0.748
0.696
0.703
0.757
0.734
0.738
0.756
0.785
0.862
0.811
0.898
0.816
0.814
0.816
0.79
0.821
0.812
0.832
0.919
0.873
0.833
0.869
0.815
0.753
0.815
0.842
0.922
0.801
0.809
0.795
0.769
0.75
0.696
0.787
0.835
0.818
0.841
0.817
0.785
0.838
0.816
0.852
0.837
0.71
0.745
0.783
0.689
0.696
0.733
0.83
0.823
0.838
0.831
0.895
0.914
0.822
0.801
0.803
0.771
0.813
0.827
0.798
0.829
0.84
0.843
0.842
0.814
0.811
0.76
0.705
0.739
0.779
0.813
0.782
0.816
0.834
0.749
0.708
0.854
0.856
0.739
0.783
0.783
0.915
0.832
0.762
0.753
0.685
0.666
0.742
0.755
0.708
0.748
0.721
0.712
0.719
0.765
0.761
0.873
0.736
0.63
0.74
0.862
0.874
0.663
0.762
0.724
0.72
0.756
0.71
0.755
0.813
0.684
0.763
0.69
0.697
0.784
0.774
0.722
0.897
0.936
0.743
0.787
0.751
0.745
0.682
0.726
0.735
0.808
0.951
0.995
0.787
0.654
0.664
0.692
0.806
0.824
0.754
0.788
0.853
0.978
0.92
0.878
0.91
0.912
0.796
0.776
0.748
0.853
0.878
0.892
0.832
0.846
0.812
0.812
0.859
0.923
0.857
0.967
0.974
0.962
0.95
0.934
0.91
0.865
0.896
0.771
0.832
0.824
0.646
0.817
0.857
0.654
0.677
0.675
0.729
0.862
0.981
0.986
0.94
0.788
0.857
0.934
0.91
0.859
0.87
0.879
0.889
0.87
0.888
0.93
0.959
0.965
0.905
0.908
0.91
0.933
0.844
0.807
0.902
0.987
0.979
0.935
0.902
0.829
0.795
0.828
0.881
0.662
0.473
0.603
0.712
0.552
0.575
0.696
0.616
0.713
0.818
0.82
0.861
0.82
0.82
0.957
0.912
0.894
0.847
0.91
0.853
0.694
0.809
0.899
0.963
0.942
0.838
0.812
0.828
0.852
0.827
0.863
0.941
0.945
0.869
0.947
0.941
0.95
0.892
0.936
0.836
0.888
0.88
0.807
0.695
0.63
0.653
0.774
0.833
0.44
0.594
0.878
0.872
0.813
0.921
0.923
0.845
0.79
0.745
0.748
0.758
0.764
0.886
0.95
0.852
0.748
0.704
0.789
0.794
0.764
0.774
0.914
0.804
0.748
0.838
0.696
0.807
0.892
0.875
0.798
0.711
0.834
0.808
0.758
0.586
0.558
0.778
0.91
0.791
0.691
0.717
0.739
0.784
0.641
0.778
0.77
0.805
0.824
0.738
0.619
0.683
0.686
0.617
0.613
0.685
0.679
0.649
0.68
0.64
0.606
0.662
0.743
0.643
0.631
0.607
0.835
0.853
0.769
0.685
0.704
0.743
0.735
0.693
0.841
0.719
0.707
0.793
0.886
0.86
0.703
0.805
0.88
0.779
0.747
0.71
0.735
0.766
0.76
0.772
0.737
0.701
0.724
0.712
0.748
0.843
0.78
0.743
0.731
0.75
0.71
0.735
0.751
0.768
0.841
0.872
0.85
0.765
0.763
0.738
0.776
0.791
0.783
0.765
0.79
0.785
0.78
0.691
0.805
0.794
0.711
0.719
0.833
0.823
0.752
0.717
0.679
0.654
0.71
0.835
0.772
0.768
0.772
0.793
0.786
0.735
0.754
0.797
0.779
0.8
0.709
0.781
0.785
0.699
0.692
0.808
0.807
0.763
0.782
0.731
0.74
0.82
0.794
0.774
0.734
0.835
0.746
0.674
0.707
0.794
0.721
0.691
0.753
0.727
0.787
0.759
0.801
0.89
0.834
0.891
0.796
0.76
0.849
0.795
0.678
0.733
0.761
0.671
0.719
0.687
0.766
0.837
0.779
0.783
0.739
0.831
0.791
0.856
0.777
0.817
0.721
0.847
0.899
0.913
0.795
0.811
0.708
0.657
0.667
0.644
0.742
0.649
0.573
0.677
0.695
0.827
0.641
0.627
0.739
0.646
0.606
0.57
0.777
0.915
0.774
0.798
0.913
0.784
0.644
0.608
0.618
0.608
0.652
0.727
0.685
0.62
0.67
0.785
0.666
0.598
0.714
0.784
0.812
0.718
0.674
0.604
0.611
0.619
0.734
0.715
0.894
0.965
0.844
0.745
0.918
0.807
0.876
0.579
0.618
0.641
0.685
0.744
0.807
0.837
0.843
0.725
0.799
0.717
0.768
0.883
0.905
0.963
0.919
0.911
0.798
0.735
0.765
0.871
0.612
0.653
0.564
0.816
0.864
0.868
0.872
0.893
0.816
0.852
0.881
0.892
0.836
0.795
0.857
0.725
0.767
0.804
0.87
0.76
0.919
0.902
0.891
0.904
0.892
0.813
0.94
0.931
0.882
0.891
0.904
0.918
0.965
0.992
0.844
0.746
0.805
0.869
0.736
0.757
0.863
0.898
0.937
0.991
0.979
0.976
0.884
1.016
0.993
0.887
0.85
0.673
0.64
0.821
0.789
0.865
0.856
0.92
0.851
0.846
0.837
0.846
0.939
0.997
0.933
0.957
0.904
0.916
0.827
0.732
0.799
0.814
0.87
0.712
0.954
0.912
0.888
0.888
0.786
0.824
0.865
0.831
0.885
0.93
0.877
0.817
0.867
0.638
0.679
0.823
0.622
0.725
0.783
0.742
0.761
0.548
0.431
0.77
0.696
0.658
0.867
0.744
0.628
0.654
0.672
0.647
0.829
0.742
0.727
0.693
0.624
0.6
0.609
0.683
0.646
0.751
0.901
0.717
0.66
0.655
0.806
0.743
0.944
0.85
0.773
0.72
0.672
0.59
0.662
0.603
0.518
0.492
0.498
0.458
0.582
0.663
0.67
0.769
0.774
0.845
0.842
0.831
0.636
0.531
0.748
0.704
0.645
0.804
0.736
0.657
0.544
0.676
0.735
0.559
0.618
0.833
0.747
0.712
0.679
0.676
0.643
0.526
0.511
0.567
0.626
0.71
0.795
0.65
0.576
0.597
0.619
0.688
0.647
0.57
0.584
0.53
0.508
0.663
0.656
0.67
0.571
0.458
0.567
0.649
0.709
0.703
0.678
0.635
0.605
0.615
0.62
0.68
0.722
0.624
0.808
0.888
0.921
0.781
0.776
0.707
0.779
0.806
0.739
0.739
0.792
0.801
0.758
0.753
0.735
0.764
0.766
0.746
0.681
0.732
0.729
0.803
0.758
0.713
0.68
0.718
0.699
0.723
0.762
0.803
0.837
0.771
0.745
0.742
0.732
0.772
0.707
0.678
0.718
0.709
0.755
0.718
0.807
0.754
0.644
0.664
0.649
0.717
0.746
0.916
0.821
0.851
0.796
0.769
0.725
0.734
0.733
0.739
0.784
0.822
0.737
0.665
0.71
0.72
0.697
0.699
0.744
0.686
0.593
0.704
0.634
0.556
0.555
0.542
0.659
0.672
0.597
0.55
0.571
0.592
0.612
0.535
0.554
0.577
0.518
0.531
0.574
0.545
0.487
0.462
0.417
0.533
0.553
0.728
0.757
0.778
0.922
0.773
0.75
0.593
0.773
0.732
0.687
0.746
0.649
0.563
0.598
0.649
0.702
0.62
0.602
0.603
0.663
0.699
0.731
0.669
0.594
0.524
0.843
0.774
0.655
0.578
0.582
0.671
0.678
0.683
0.598
0.584
0.52
0.557
0.739
0.961
0.741
0.645
0.865
0.92
0.864
0.629
0.648
0.902
0.79
0.763
0.759
0.77
0.878
0.795
0.748
0.84
0.744
0.653
0.67
0.572
0.573
0.599
0.592
0.675
0.541
0.909
0.81
0.643
0.73
0.684
0.615
0.663
0.821
0.925
0.908
0.929
0.902
0.962
0.967
0.906
0.844
0.926
0.955
0.999
0.986
0.965
0.944
0.862
0.806
0.78
0.779
0.872
0.909
0.841
0.874
0.844
0.898
0.798
0.662
0.827
0.944
0.71
0.808
0.682
0.772
0.948
0.931
0.911
0.944
0.922
0.995
0.987
0.919
0.86
0.866
0.865
0.884
0.938
0.972
0.98
0.907
0.872
0.897
0.921
0.917
0.936
0.937
0.909
0.929
0.882
0.961
0.946
0.859
0.811
0.86
0.606
0.744
0.837
0.803
0.882
0.926
0.686
0.682
0.794
0.793
0.948
0.844
0.795
0.751
0.77
0.844
0.822
0.74
0.819
0.683
0.698
0.876
0.962
0.945
0.747
0.438
0.472
0.576
0.842
0.915
1.016
0.847
0.594
0.548
0.765
0.688
0.561
0.567
0.605
0.577
0.669
0.694
0.751
0.671
0.736
0.692
0.702
0.609
0.508
0.533
0.656
0.846
0.879
0.778
0.695
0.721
0.716
0.7
0.754
0.418
0.604
0.648
0.818
0.924
0.83
0.901
0.778
0.809
0.699
0.598
0.637
0.765
0.877
0.741
0.835
0.838
0.76
0.656
0.661
0.708
0.652
0.749
0.695
0.589
0.776
0.73
0.698
0.63
0.679
0.802
0.646
0.577
0.623
0.812
0.826
0.824
0.727
0.765
0.748
0.677
0.635
0.808
0.871
0.706
0.639
0.622
0.584
0.709
0.88
0.915
0.78
0.728
0.842
0.862
0.785
0.64
0.776
0.852
0.802
0.796
0.72
0.742
0.743
0.833
0.804
0.821
0.787
0.758
0.616
0.628
0.591
0.613
0.606
0.608
0.676
0.686
0.712
0.697
0.718
0.731
0.764
0.787
0.785
0.768
0.788
0.818
0.744
0.687
0.654
0.733
0.783
0.798
0.765
0.726
0.721
0.708
0.708
0.699
0.749
0.779
0.779
0.744
0.785
0.755
0.733
0.797
0.843
0.769
0.798
0.793
0.803
0.821
0.792
0.8
0.762
0.696
0.736
0.736
0.814
0.851
0.816
0.843
0.777
0.814
0.892
0.878
0.81
0.842
0.844
0.801
0.826
0.83
0.8
0.812
0.872
0.841
0.784
0.747
0.724
0.721
0.792
0.821
0.775
0.727
0.815
0.785
0.801
0.772
0.719
0.634
0.623
0.662
0.605
0.604
0.774
0.901
0.754
0.641
0.562
0.741
0.719
0.646
0.646
0.669
0.744
0.586
0.566
0.819
0.836
0.797
0.579
0.595
0.644
0.598
0.555
0.543
0.596
0.573
0.621
0.575
0.796
0.823
0.949
0.909
0.76
0.723
0.671
0.643
0.594
0.663
0.641
0.741
0.614
0.556
0.511
0.542
0.614
0.81
0.787
0.679
0.595
0.635
0.619
0.679
0.8
0.797
0.75
0.746
0.895
0.921
0.923
0.804
0.627
0.563
0.751
0.804
0.718
0.59
0.803
0.932
0.758
0.878
0.832
0.823
0.919
0.912
0.947
0.916
0.93
0.89
0.877
0.862
0.795
0.865
0.91
0.942
0.85
0.661
0.821
0.828
0.837
0.834
0.876
0.86
0.584
0.62
0.723
0.886
0.782
0.811
0.812
0.902
0.975
0.986
0.946
0.936
0.969
0.925
0.92
0.871
0.948
0.949
0.925
0.919
0.886
0.879
0.907
0.958
0.988
0.975
0.999
0.966
0.88
0.923
0.9
0.891
0.883
0.934
0.941
0.826
0.871
0.937
1.005
1.035
0.955
1.093
0.995
0.934
1.01
0.823
0.932
0.982
0.986
0.961
0.86
0.875
0.932
0.869
0.869
0.822
0.795
0.83
0.788
0.756
0.68
0.82
0.885
0.938
0.968
0.962
0.925
0.89
0.754
0.853
0.909
0.875
0.86
0.932
0.825
0.892
0.904
0.962
0.919
0.974
0.733
0.677
0.804
1.004
0.9
0.721
0.8
0.807
0.621
0.739
0.9
0.934
0.811
0.656
0.695
0.717
0.728
0.739
0.674
0.706
0.777
0.698
0.616
0.676
0.814
0.881
0.851
0.87
0.909
0.787
0.833
0.498
0.591
0.804
0.81
0.745
0.869
0.731
0.681
0.71
0.89
0.695
0.625
0.695
0.665
0.723
0.668
0.565
0.667
0.85
0.77
0.892
0.806
0.667
0.626
0.656
0.729
0.734
0.853
0.906
0.787
0.77
0.785
0.658
0.659
0.931
0.922
0.758
0.605
0.691
0.886
0.851
0.82
0.819
0.954
0.886
0.803
0.928
0.708
0.607
0.558
0.812
0.921
0.89
0.81
0.762
0.763
0.782
0.65
0.745
0.871
0.7
0.781
0.932
0.871
0.741
0.662
0.572
0.643
0.83
0.78
0.755
0.761
0.825
0.826
0.827
0.841
0.793
0.74
0.795
0.78
0.756
0.702
0.712
0.836
0.837
0.827
0.825
0.792
0.794
0.729
0.782
0.794
0.658
0.676
0.73
0.738
0.769
0.706
0.687
0.751
0.66
0.633
0.628
0.72
0.719
0.745
0.696
0.594
0.684
0.741
0.739
0.785
0.815
0.791
0.799
0.835
0.758
0.691
0.824
0.766
0.782
0.797
0.782
0.71
0.763
0.837
0.854
0.807
0.836
0.801
0.764
0.744
0.787
0.795
0.809
0.812
0.752
0.716
0.759
0.767
0.785
0.79
0.818
0.801
0.723
0.744
0.788
0.794
0.786
0.792
0.81
0.712
0.693
0.728
0.744
0.778
0.706
0.684
0.673
0.626
0.662
0.636
0.664
0.649
0.81
0.858
0.791
0.767
0.739
0.698
0.752
0.86
0.929
0.897
0.874
0.786
0.693
0.632
0.582
0.821
0.828
0.768
0.766
0.67
0.826
0.883
0.843
0.688
0.703
0.707
0.754
0.682
0.668
0.626
0.658
0.702
0.828
0.899
0.842
0.7
0.696
0.637
0.655
0.719
0.734
0.764
0.852
0.646
0.76
0.756
0.818
0.894
0.784
0.675
0.818
0.856
0.684
0.826
0.816
0.601
0.627
0.6
0.75
0.757
0.707
0.864
0.966
0.807
0.754
0.807
0.886
0.851
0.834
0.804
0.844
0.817
0.84
0.836
0.747
0.66
0.82
0.807
0.825
0.879
0.906
0.879
0.805
0.887
0.873
0.906
0.958
0.721
0.856
0.885
0.849
0.887
0.909
0.945
0.88
0.84
0.952
0.957
0.876
0.836
0.854
0.899
0.934
0.87
0.725
0.812
0.87
0.899
0.965
0.902
0.738
0.875
0.942
0.939
0.943
0.903
0.924
0.951
1.021
0.981
0.988
0.969
0.605
0.654
0.839
0.951
0.911
0.832
0.793
0.83
0.852
0.918
0.936
0.793
0.838
0.937
0.979
0.975
0.945
0.88
0.883
0.947
0.832
0.958
0.918
0.881
0.939
0.95
0.952
0.927
0.874
0.979
0.906
0.91
0.893
0.877
0.813
0.843
0.878
0.888
0.771
0.882
0.852
0.868
0.822
0.777
0.913
0.851
0.95
0.885
0.869
0.83
0.848
0.943
0.957
0.824
0.928
0.873
0.761
0.855
0.891
0.821
0.671
0.806
0.816
0.765
0.728
0.588
0.632
0.929
0.577
0.539
0.608
0.814
0.648
0.679
0.754
0.784
0.796
0.663
0.893
0.801
0.748
0.772
0.956
0.898
0.715
0.581
0.49
0.671
0.733
0.803
0.766
0.628
0.626
0.468
0.535
0.685
0.903
0.853
0.657
0.573
0.741
0.796
0.673
0.53
0.556
0.663
0.743
0.759
0.726
0.701
0.597
0.702
0.789
0.61
0.637
0.779
0.74
0.949
0.736
0.724
0.715
0.582
0.814
0.872
0.733
0.669
0.744
0.622
0.722
0.738
0.713
0.684
0.789
0.796
0.757
0.671
0.635
0.611
0.634
0.959
0.785
0.707
0.754
0.913
0.83
0.919
0.96
0.96
0.909
0.767
0.67
0.714
0.727
0.759
0.697
0.599
0.61
0.775
0.775
0.715
0.661
0.769
0.796
0.831
0.755
0.749
0.781
0.752
0.661
0.732
0.758
0.755
0.685
0.676
0.749
0.796
0.833
0.824
0.798
0.791
0.73
0.724
0.771
0.774
0.851
0.763
0.685
0.686
0.726
0.78
0.794
0.773
0.766
0.815
0.745
0.713
0.788
0.913
0.863
0.829
0.758
0.838
0.795
0.782
0.752
0.728
0.649
0.744
0.799
0.796
0.797
0.734
0.659
0.706
0.672
0.748
0.828
0.896
0.924
0.914
0.777
0.873
0.874
0.882
0.933
0.792
0.899
0.882
0.847
0.8
0.906
0.874
0.852
0.803
0.81
0.844
0.802
0.841
0.807
0.78
0.792
0.722
0.732
0.782
0.801
0.835
0.872
0.875
0.848
0.831
0.787
0.758
0.809
0.76
0.839
0.734
0.732
0.897
0.756
0.716
0.832
0.784
0.794
0.768
0.743
0.793
0.715
0.743
0.734
0.676
0.731
0.756
0.7
0.704
0.695
0.668
0.723
0.731
0.659
0.719
0.82
0.769
0.629
0.667
0.705
0.655
0.611
0.698
0.641
0.689
0.651
0.664
0.892
0.938
0.847
0.751
0.762
0.704
0.789
0.881
0.897
0.771
0.81
0.773
0.778
0.85
0.775
0.81
0.815
0.653
0.671
0.627
0.902
0.935
0.909
0.851
0.983
0.958
0.941
0.934
0.902
0.775
0.636
0.796
0.884
0.787
0.901
0.976
0.937
0.805
0.713
0.902
0.908
0.827
0.782
0.917
0.916
0.949
0.959
0.929
0.933
0.917
0.971
0.935
0.889
0.865
0.827
0.945
0.916
0.834
0.951
0.95
0.973
0.98
0.902
0.841
0.688
0.739
0.842
0.676
0.803
0.87
0.933
0.973
0.966
0.955
0.99
0.952
0.934
0.806
0.658
0.849
0.904
0.797
0.943
0.937
0.954
0.921
0.891
0.87
0.872
0.93
0.967
0.965
0.91
0.903
0.961
0.906
0.929
0.893
0.884
0.793
0.791
0.804
0.761
0.695
0.773
0.876
0.847
0.769
0.758
0.943
0.917
0.828
0.836
0.795
0.91
0.977
1.008
0.948
0.932
0.882
0.811
0.855
0.849
0.834
0.821
0.865
0.78
0.834
0.819
0.876
0.843
0.799
0.78
0.764
0.901
0.978
0.641
0.627
0.712
0.786
0.758
0.659
0.613
0.853
0.975
0.97
0.936
0.916
0.824
0.754
0.657
0.67
0.811
0.745
0.784
0.82
0.78
0.811
0.805
0.772
0.755
0.8
0.672
0.62
0.605
0.823
0.959
0.717
0.604
0.623
0.615
0.872
0.835
0.867
0.758
0.635
0.77
0.759
0.625
0.741
0.618
0.599
0.644
0.909
0.733
0.71
0.827
0.909
0.888
0.84
0.846
0.843
0.726
0.726
0.782
0.913
0.792
0.822
0.836
0.799
0.801
0.736
0.624
0.701
0.61
0.526
0.597
0.65
0.624
0.674
0.683
0.837
0.82
0.697
0.608
0.65
0.697
0.642
0.733
0.668
0.663
0.727
0.647
0.681
0.625
0.644
0.571
0.812
0.837
0.867
0.816
0.759
0.794
0.771
0.79
0.791
0.721
0.736
0.729
0.76
0.733
0.737
0.695
0.714
0.748
0.738
0.759
0.751
0.782
0.748
0.66
0.676
0.772
0.756
0.782
0.806
0.791
0.744
0.709
0.669
0.625
0.629
0.69
0.78
0.848
0.757
0.67
0.761
0.783
0.82
0.834
0.79
0.743
0.69
0.681
0.74
0.809
0.789
0.684
0.731
0.676
0.635
0.731
0.895
0.897
0.871
0.844
0.811
0.819
0.837
0.788
0.826
0.791
0.792
0.819
0.788
0.807
0.798
0.787
0.745
0.834
0.813
0.825
0.89
0.859
0.779
0.721
0.775
0.818
0.827
0.709
0.685
0.777
0.726
0.712
0.685
0.788
0.815
0.712
0.703
0.677
0.727
0.76
0.74
0.697
0.765
0.871
0.812
0.744
0.729
0.793
0.783
0.757
0.644
0.682
0.789
0.785
0.771
0.701
0.592
0.638
0.663
0.624
0.873
0.834
0.809
0.799
0.898
0.844
0.763
0.675
0.678
0.7
0.674
0.705
0.67
0.676
0.739
0.769
0.761
0.693
0.765
0.656
0.69
0.658
0.657
0.603
0.689
0.829
0.756
0.838
0.784
0.755
0.701
0.751
0.676
0.602
0.605
0.672
0.695
0.72
0.933
0.648
0.682
0.712
0.741
0.78
0.76
0.762
0.686
0.735
0.68
0.654
0.678
0.71
0.716
0.663
0.815
0.742
0.784
0.891
0.88
0.79
0.743
0.888
0.914
0.902
0.909
0.843
0.704
0.732
0.756
0.8
0.721
0.678
0.829
0.768
0.848
0.835
0.798
0.835
0.855
0.931
0.778
0.628
0.702
0.748
0.755
0.851
0.911
0.952
0.658
0.696
0.596
0.754
0.936
0.864
0.873
1.025
0.958
0.97
0.892
0.94
0.873
0.962
0.929
0.848
0.899
1.001
0.999
0.943
0.869
0.895
0.966
1.005
0.895
0.899
0.935
0.899
0.901
0.94
0.855
0.88
0.908
0.906
0.981
0.887
0.875
0.831
0.839
0.929
0.971
0.935
0.802
0.972
0.893
0.571
0.619
0.622
0.752
0.871
0.704
0.602
0.575
0.494
0.49
0.532
0.7
0.876
0.836
0.908
0.931
0.813
0.737
0.909
0.717
0.702
0.901
0.764
0.805
0.898
0.819
0.79
0.755
0.712
0.758
0.772
0.862
0.901
0.823
0.728
0.641
0.714
0.697
0.63
0.668
0.65
0.677
0.623
0.554
0.633
0.53
0.551
0.87
0.827
0.76
0.815
0.765
0.771
0.673
0.7
0.879
0.739
0.856
0.738
0.62
0.535
0.68
0.94
0.88
0.819
0.746
0.767
0.832
0.894
0.936
0.679
0.606
0.561
0.628
0.709
0.659
0.585
0.549
0.574
0.57
0.553
0.747
0.781
0.641
0.752
0.779
0.606
0.675
0.69
0.752
0.857
0.744
0.705
0.71
0.73
0.721
0.604
0.623
0.738
0.895
0.856
0.711
0.703
0.599
0.596
0.606
0.54
0.715
0.789
0.783
0.769
0.672
0.723
0.724
0.683
0.671
0.568
0.63
0.652
0.639
0.735
0.765
0.684
0.686
0.677
0.615
0.595
0.652
0.644
0.644
0.619
0.714
0.741
0.672
0.767
0.8
0.778
0.687
0.822
0.782
0.757
0.762
0.762
0.77
0.668
0.662
0.74
0.742
0.633
0.624
0.724
0.692
0.691
0.72
0.764
0.799
0.778
0.792
0.848
0.797
0.761
0.805
0.715
0.69
0.733
0.747
0.751
0.761
0.746
0.753
0.706
0.663
0.733
0.724
0.686
0.758
0.806
0.698
0.762
0.761
0.797
0.855
0.84
0.699
0.696
0.765
0.746
0.792
0.768
0.661
0.636
0.709
0.817
0.861
0.838
0.773
0.734
0.64
0.695
0.673
0.607
0.567
0.521
0.518
0.624
0.737
0.706
0.542
0.542
0.49
0.416
0.48
0.534
0.492
0.414
0.518
0.528
0.447
0.446
0.6
0.58
0.453
0.39
0.5
0.609
0.502
0.441
0.674
0.87
0.745
0.603
0.597
0.83
0.835
0.673
0.694
0.672
0.836
0.925
0.89
0.673
0.53
0.738
0.723
0.616
0.741
0.864
0.743
0.623
0.624
0.559
0.642
0.754
0.692
0.628
0.551
0.644
0.678
0.613
0.563
0.664
0.651
0.782
0.659
0.583
0.653
0.635
0.512
0.557
0.701
0.75
0.778
0.746
0.747
0.727
0.627
0.688
0.597
0.569
0.677
0.802
0.743
0.745
0.702
0.713
0.735
0.889
0.837
0.737
0.715
0.601
0.737
0.795
0.711
0.829
0.935
0.825
0.745
0.719
0.732
0.809
0.741
0.828
0.869
0.937
0.928
0.841
0.897
0.852
0.956
0.943
0.653
0.833
0.824
0.81
0.836
0.884
0.811
0.833
0.972
0.97
0.946
0.878
0.977
0.969
0.957
0.767
0.809
0.895
0.876
0.898
0.968
0.843
0.765
0.89
0.777
0.811
0.852
0.787
0.87
0.862
0.899
0.793
0.827
0.93
0.838
0.859
0.811
0.789
0.768
0.801
0.952
0.874
0.764
0.586
0.836
0.913
0.677
0.648
0.756
0.659
0.707
0.87
0.921
0.643
0.779
0.921
0.788
0.833
0.605
0.839
0.921
0.96
0.903
0.819
0.786
0.846
0.896
0.881
0.861
0.664
0.552
0.661
0.652
0.58
0.533
0.629
0.576
0.6
0.639
0.636
0.745
0.713
0.68
0.572
0.596
0.634
0.751
0.574
0.507
0.861
0.934
0.885
0.766
0.699
0.718
0.673
0.511
0.647
0.646
0.736
0.592
0.527
0.468
0.727
0.793
0.681
0.52
0.545
0.76
0.835
0.615
0.575
0.705
0.695
0.584
0.671
0.708
0.671
0.767
0.777
0.829
0.888
0.904
0.799
0.638
0.63
0.571
0.524
0.484
0.587
0.501
0.584
0.746
0.786
0.665
0.734
0.732
0.691
0.687
0.758
0.739
0.754
0.63
0.753
0.751
0.606
0.545
0.68
0.747
0.726
0.914
0.768
0.681
0.696
0.755
0.677
0.592
0.601
0.847
0.949
0.805
0.738
0.748
0.704
0.708
0.7
0.691
0.889
0.724
0.616
0.641
0.632
0.672
0.721
0.834
0.795
0.748
0.782
0.769
0.755
0.875
0.729
0.746
0.795
0.73
0.717
0.782
0.806
0.759
0.743
0.667
0.767
0.716
0.703
0.729
0.801
0.82
0.81
0.772
0.712
0.666
0.745
0.797
0.771
0.715
0.736
0.763
0.802
0.821
0.783
0.783
0.824
0.766
0.783
0.748
0.716
0.736
0.735
0.778
0.765
0.743
0.786
0.839
0.834
0.845
0.84
0.812
0.791
0.732
0.918
0.812
0.825
0.87
0.816
0.781
0.763
0.731
0.774
0.857
0.798
0.873
0.919
0.751
0.729
0.752
0.803
0.854
0.789
0.749
0.781
0.832
0.848
0.842
0.824
0.835
0.824
0.803
0.833
0.841
0.753
0.772
0.751
0.806
0.833
0.865
0.887
0.817
0.727
0.838
0.82
0.736
0.755
0.747
0.696
0.758
0.799
0.797
0.91
0.892
0.784
0.749
0.745
0.754
0.653
0.673
0.692
0.718
0.736
0.846
0.958
0.874
0.71
0.745
0.71
0.677
0.658
0.618
0.597
0.639
0.811
0.799
0.878
0.741
0.701
0.679
0.681
0.723
0.77
0.864
0.888
0.819
0.772
0.758
0.738
0.655
0.604
0.641
0.598
0.633
0.645
0.628
0.667
0.878
0.898
0.948
0.888
0.74
0.824
0.932
0.779
0.692
0.739
0.767
0.813
0.758
0.683
0.838
0.837
0.783
0.805
0.912
0.963
0.931
0.887
0.918
0.914
0.826
0.661
0.835
0.85
0.808
0.645
0.866
0.928
0.721
0.82
0.98
0.91
0.932
0.942
0.905
0.994
0.991
0.835
0.9
0.907
0.861
0.802
0.898
0.843
0.851
0.894
0.916
0.861
0.933
0.937
0.932
0.947
0.934
0.968
0.962
0.971
0.945
0.985
0.916
0.892
0.964
0.991
0.964
0.986
0.995
1.001
0.955
0.948
0.966
0.953
0.849
0.908
0.95
0.978
0.976
0.824
0.897
0.889
0.917
0.951
0.978
0.947
0.878
0.823
0.822
0.867
0.96
0.926
0.817
0.878
0.992
0.806
0.72
0.86
0.823
0.963
0.867
0.85
0.548
0.618
0.664
0.858
0.675
0.826
0.891
0.893
0.914
0.724
0.724
0.497
0.56
0.818
0.808
0.744
0.722
0.643
0.806
0.768
0.817
0.643
0.723
0.823
0.907
0.742
0.741
0.841
0.897
0.758
0.651
0.762
0.745
0.656
0.64
0.655
0.611
0.68
0.676
0.632
0.776
0.816
0.78
0.812
0.641
0.675
0.685
0.663
0.925
0.812
0.712
0.705
0.83
0.888
0.725
0.688
0.648
0.827
0.865
0.685
0.631
0.574
0.84
0.869
0.827
0.78
0.74
0.564
0.559
0.616
0.604
0.548
0.534
0.559
0.64
0.625
0.608
0.754
0.685
0.785
0.72
0.594
0.609
0.688
0.743
0.595
0.615
0.921
0.881
0.824
0.758
0.701
0.674
0.805
0.834
0.659
0.784
0.776
0.817
0.852
0.827
0.783
0.69
0.635
0.814
0.868
0.875
0.777
0.844
0.943
0.808
0.637
0.606
0.692
0.739
0.691
0.679
0.732
0.716
0.741
0.639
0.615
0.671
0.72
0.775
0.828
0.733
0.672
0.609
0.683
0.654
0.664
0.683
0.768
0.784
0.677
0.792
0.836
0.727
0.631
0.759
0.777
0.668
0.693
0.694
0.691
0.654
0.676
0.61
0.647
0.735
0.801
0.81
0.775
0.784
0.794
0.772
0.774
0.79
0.799
0.71
0.825
0.886
0.793
0.764
0.731
0.796
0.804
0.744
0.663
0.704
0.793
0.792
0.816
0.827
0.815
0.822
0.768
0.687
0.62
0.8
0.811
0.817
0.798
0.855
0.709
0.843
0.874
0.807
0.822
0.847
0.771
0.751
0.688
0.731
0.787
0.736
0.659
0.69
0.737
0.703
0.648
0.695
0.762
0.834
0.798
0.713
0.621
0.727
0.751
0.707
0.628
0.682
0.861
0.945
0.819
0.759
0.82
0.796
0.916
0.898
0.825
0.806
0.781
0.77
0.673
0.667
0.687
0.648
0.761
0.951
0.787
0.628
0.638
0.626
0.769
0.932
0.953
0.893
0.901
0.734
0.863
0.733
0.651
0.702
0.699
0.752
0.863
0.862
0.921
0.794
0.698
0.749
0.645
0.668
0.693
0.649
0.631
0.786
0.692
0.638
0.638
0.624
0.646
0.732
0.745
0.778
0.702
0.633
0.636
0.792
0.78
0.8
0.821
0.779
0.878
0.748
0.651
0.674
0.682
0.813
0.857
0.746
0.85
0.804
0.949
0.935
0.835
0.815
0.822
0.822
0.777
0.705
0.816
0.809
0.798
0.731
0.777
0.95
0.947
0.938
0.864
0.902
0.974
0.898
0.935
0.673
0.655
0.687
0.849
0.575
0.698
0.81
0.888
0.889
0.821
0.828
0.834
0.916
0.844
0.847
0.915
0.893
0.936
0.885
0.883
0.924
0.952
0.94
0.93
0.913
0.909
0.929
0.837
0.835
0.781
0.852
0.929
0.934
0.906
0.893
0.94
0.734
0.698
0.739
0.823
0.889
0.952
0.96
0.944
0.847
0.886
0.859
0.891
0.938
0.896
0.9
0.87
0.967
0.858
0.819
0.726
0.726
0.75
0.864
0.763
0.752
0.778
0.947
0.85
0.829
0.74
0.733
0.759
0.921
0.714
0.546
0.746
0.852
0.901
0.543
0.798
0.789
0.805
0.869
0.87
0.546
0.48
0.718
0.798
0.81
0.869
0.773
0.715
0.829
0.825
0.89
0.827
0.464
0.66
0.74
0.869
0.923
0.937
0.902
0.858
0.801
0.711
0.69
0.898
0.86
0.662
0.679
0.668
0.668
0.883
0.918
0.764
0.772
0.781
0.875
0.875
0.845
0.779
0.784
0.785
0.773
0.846
0.791
0.883
0.734
0.716
0.712
0.628
0.764
0.917
0.837
0.727
0.689
0.87
0.67
0.639
0.66
0.859
0.862
0.918
0.902
0.653
0.749
0.927
0.931
0.769
0.723
0.868
0.863
0.794
0.706
0.71
0.699
0.631
0.731
0.834
0.879
0.799
0.71
0.769
0.77
0.806
0.75
0.698
0.667
0.825
0.88
0.82
0.892
0.783
0.726
0.692
0.723
0.739
0.77
0.788
0.8
0.814
0.748
0.711
0.655
0.684
0.756
0.675
0.687
0.672
0.682
0.67
0.767
0.806
0.765
0.635
0.753
0.824
0.764
0.737
0.736
0.715
0.706
0.63
0.663
0.766
0.747
0.682
0.585
0.614
0.605
0.655
0.749
0.75
0.778
0.759
0.73
0.738
0.777
0.805
0.767
0.745
0.816
0.832
0.817
0.84
0.81
0.737
0.727
0.77
0.744
0.795
0.769
0.768
0.755
0.72
0.639
0.614
0.716
0.781
0.747
0.766
0.809
0.775
0.765
0.77
0.861
0.787
0.694
0.816
0.85
0.861
0.758
0.68
0.684
0.765
0.769
0.681
0.698
0.73
0.692
0.705
0.593
0.593
0.574
0.533
0.42
0.401
0.478
0.575
0.456
0.38
0.502
0.74
0.627
0.455
0.55
0.72
0.818
0.794
0.731
0.689
0.586
0.622
0.783
0.933
0.796
0.722
0.708
0.736
0.734
0.789
0.809
0.755
0.611
0.61
0.542
0.566
0.592
0.705
0.796
0.688
0.494
0.558
0.666
0.562
0.694
0.775
0.614
0.624
0.62
0.741
0.687
0.849
0.909
0.777
0.66
0.739
0.692
0.691
0.631
0.571
0.614
0.734
0.707
0.85
0.689
0.71
0.835
0.931
0.854
0.782
0.707
0.764
0.857
0.805
0.794
0.722
0.792
0.677
0.811
0.834
0.857
0.88
0.77
0.757
0.86
0.786
0.795
0.829
0.652
0.777
0.878
0.857
0.916
0.893
0.951
0.914
0.823
0.93
0.895
0.94
0.935
0.938
0.93
0.839
0.924
0.944
0.983
0.861
0.736
0.84
0.685
0.845
0.93
0.936
0.966
0.978
0.996
0.979
0.937
0.839
0.889
0.932
0.937
0.96
0.923
0.933
0.975
0.961
0.861
0.792
0.857
0.787
0.766
0.727
0.886
0.837
0.849
0.841
0.834
0.808
0.796
0.704
0.842
0.874
0.864
0.721
0.912
0.926
0.916
0.998
0.981
0.998
0.997
0.895
0.695
0.849
0.783
0.74
0.779
0.915
0.745
0.776
0.806
0.919
0.873
0.846
0.923
0.949
0.971
0.975
0.955
0.991
0.889
0.87
0.749
0.83
0.962
0.958
0.968
0.963
0.808
0.955
0.951
0.858
0.958
0.917
0.842
0.73
0.834
0.848
0.93
0.908
0.79
0.864
0.769
0.899
0.9
0.879
0.91
0.805
0.762
0.693
0.798
0.699
0.624
0.747
0.852
0.585
0.711
0.779
0.754
0.808
0.942
0.89
0.676
0.891
0.911
0.85
0.812
0.725
0.639
0.66
0.625
0.621
0.618
0.76
0.895
0.792
0.744
0.808
0.818
0.633
0.48
0.621
0.645
0.466
0.565
0.619
0.711
0.769
0.902
0.796
0.657
0.811
0.752
0.801
0.87
0.885
0.827
0.844
0.859
0.667
0.632
0.874
0.841
0.824
0.852
0.834
0.86
0.753
0.705
0.781
0.787
0.774
0.754
0.702
0.682
0.725
0.771
0.883
0.738
0.601
0.789
0.897
0.813
0.669
0.805
0.774
0.732
0.68
0.791
0.904
0.882
0.763
0.74
0.792
0.853
0.784
0.732
0.716
0.665
0.606
0.604
0.63
0.683
0.759
0.74
0.675
0.747
0.717
0.696
0.679
0.665
0.777
0.832
0.792
0.795
0.831
0.871
0.86
0.818
0.751
0.668
0.678
0.791
0.756
0.723
0.806
0.71
0.717
0.84
0.827
0.797
0.735
0.761
0.816
0.853
0.839
0.719
0.681
0.762
0.782
0.821
0.8
0.817
0.834
0.799
0.798
0.787
0.803
0.775
0.805
0.833
0.826
0.799
0.839
0.859
0.799
0.755
0.696
0.749
0.833
0.84
0.696
0.684
0.849
0.869
0.79
0.801
0.843
0.765
0.759
0.959
0.93
0.871
0.818
0.738
0.695
0.742
0.812
0.819
0.82
0.806
0.787
0.784
0.822
0.805
0.703
0.647
0.737
0.832
0.722
0.657
0.9
0.777
0.818
0.764
0.699
0.797
0.792
0.799
0.719
0.638
0.623
0.679
0.827
0.688
0.619
0.636
0.692
0.656
0.764
0.763
0.715
0.583
0.76
0.734
0.783
0.678
0.597
0.742
0.708
0.752
0.728
0.691
0.643
0.825
0.837
0.724
0.771
0.807
0.72
0.771
0.83
0.858
0.868
0.794
0.842
0.818
0.676
0.558
0.557
0.576
0.895
0.892
0.684
0.585
0.743
0.914
0.846
0.942
0.845
0.758
0.812
0.888
0.801
0.871
0.65
0.799
0.886
0.868
0.811
0.775
0.715
0.566
0.585
0.732
0.878
0.91
0.842
0.891
0.91
0.954
0.847
0.689
0.709
0.903
0.948
0.911
0.9
0.902
0.92
0.847
0.859
0.877
0.965
0.949
0.908
0.925
0.898
0.781
0.941
0.84
0.761
0.773
0.958
0.941
0.849
0.926
0.872
0.795
0.894
0.866
0.79
0.888
0.942
0.897
0.843
0.887
0.849
0.93
0.931
0.83
0.769
0.868
0.849
0.794
0.873
0.864
0.929
0.957
0.888
0.859
0.881
0.887
0.951
0.977
0.961
0.925
0.921
0.972
0.919
0.914
0.918
0.925
0.85
0.906
0.91
0.92
0.873
0.853
0.882
0.894
0.901
0.969
0.851
0.816
0.887
0.922
0.907
0.877
0.844
0.774
0.74
0.858
0.853
0.824
0.909
0.915
0.825
0.754
0.769
0.812
0.691
0.711
0.527
0.527
0.794
0.693
0.823
0.85
0.904
0.864
0.871
0.699
0.526
0.641
0.822
0.899
0.909
0.866
0.852
0.842
0.943
0.882
0.85
0.796
0.745
0.697
0.544
0.609
0.752
0.767
0.726
0.668
0.72
0.747
0.812
0.655
0.578
0.668
0.756
0.706
0.68
0.801
0.79
0.813
0.79
0.616
0.754
0.691
0.676
0.639
0.626
0.763
0.877
0.874
0.674
0.683
0.748
0.702
0.794
0.731
0.736
0.726
0.742
0.718
0.717
0.779
0.851
0.759
0.767
0.774
0.766
0.818
0.823
0.787
0.766
0.787
0.834
0.78
0.779
0.794
0.75
0.8
0.825
0.689
0.691
0.691
0.655
0.635
0.648
0.704
0.748
0.743
0.841
0.938
0.882
0.827
0.828
0.755
0.796
0.803
0.801
0.747
0.638
0.729
0.745
0.693
0.723
0.837
0.684
0.693
0.729
0.722
0.685
0.711
0.707
0.81
0.817
0.785
0.789
0.782
0.792
0.761
0.777
0.788
0.846
0.796
0.806
0.777
0.743
0.772
0.812
0.763
0.775
0.795
0.817
0.778
0.747
0.783
0.873
0.908
0.834
0.779
0.831
0.853
0.789
0.74
0.809
0.861
0.841
0.742
0.735
0.722
0.763
0.821
0.831
0.811
0.789
0.76
0.743
0.732
0.748
0.859
0.9
0.916
0.843
0.771
0.828
0.816
0.803
0.816
0.842
0.845
0.891
0.867
0.751
0.734
0.763
0.821
0.793
0.797
0.78
0.809
0.855
0.834
0.7
0.686
0.742
0.743
0.741
0.767
0.795
0.789
0.735
0.713
0.699
0.635
0.589
0.616
0.689
0.727
0.676
0.643
0.697
0.809
0.651
0.631
0.728
0.564
0.619
0.61
0.58
0.558
0.675
0.694
0.605
0.718
0.717
0.86
0.806
0.852
0.784
0.612
0.826
0.927
0.898
0.836
0.809
0.89
0.839
0.678
0.649
0.789
0.787
0.862
0.786
0.631
0.756
0.916
0.782
0.906
0.712
0.713
0.769
0.588
0.559
0.603
0.758
0.725
0.72
0.691
0.598
0.77
0.898
0.929
0.954
0.918
0.784
0.765
0.914
0.963
0.874
0.864
0.777
0.821
0.798
0.861
0.849
0.88
0.884
0.856
0.897
0.901
0.991
0.862
0.872
0.976
0.835
0.904
0.853
0.795
0.849
0.836
0.826
0.873
0.881
0.797
0.903
0.895
0.898
0.923
0.952
0.924
0.928
0.918
0.964
0.981
0.973
0.881
0.994
0.971
0.898
0.932
0.951
0.927
0.956
0.974
0.983
0.993
1.003
0.953
0.862
0.747
0.785
0.703
0.656
0.905
0.857
0.851
0.878
0.842
1.029
0.967
0.957
0.915
0.929
0.999
0.963
0.96
0.941
0.964
0.966
0.973
0.962
0.916
0.895
0.942
0.968
0.867
0.902
0.889
0.827
0.912
0.959
0.868
0.632
0.521
0.735
0.882
0.928
0.951
0.846
0.868
0.9
0.858
0.896
0.961
0.9
0.801
0.852
0.954
0.922
0.875
0.872
0.588
0.594
0.708
0.921
0.87
0.704
0.687
0.735
0.733
0.78
0.83
0.908
0.889
0.825
0.805
0.889
0.829
0.795
0.802
0.771
0.857
0.763
0.731
0.803
0.776
0.828
0.667
0.655
0.672
0.742
0.842
0.801
0.734
0.725
0.722
0.741
0.689
0.636
0.696
0.665
0.601
0.618
0.629
0.725
0.792
0.911
0.919
0.829
0.707
0.856
0.811
0.711
0.739
0.802
0.706
0.698
0.807
0.633
0.648
0.606
0.63
0.67
0.654
0.696
0.712
0.838
0.794
0.806
0.763
0.748
0.68
0.676
0.829
0.828
0.649
0.717
0.812
0.816
0.785
0.664
0.673
0.67
0.671
0.592
0.614
0.651
0.779
0.862
0.802
0.717
0.663
0.619
0.639
0.666
0.695
0.735
0.775
0.845
0.775
0.785
0.769
0.722
0.791
0.783
0.714
0.627
0.716
0.645
0.649
0.672
0.621
0.691
0.688
0.736
0.719
0.774
0.755
0.746
0.702
0.751
0.744
0.751
0.752
0.678
0.623
0.608
0.752
0.776
0.842
0.805
0.859
0.812
0.818
0.797
0.721
0.774
0.759
0.749
0.787
0.823
0.766
0.871
0.758
0.71
0.706
0.716
0.705
0.716
0.698
0.74
0.816
0.775
0.761
0.729
0.758
0.772
0.799
0.804
0.807
0.898
0.85
0.787
0.736
0.792
0.761
0.823
0.77
0.728
0.762
0.751
0.75
0.786
0.836
0.696
0.65
0.857
0.814
0.693
0.634
0.635
0.565
0.664
0.667
0.631
0.667
0.711
0.67
0.605
0.516
0.539
0.625
0.636
0.854
0.894
0.742
0.712
0.701
0.556
0.659
0.819
0.839
0.817
0.829
0.756
0.661
0.716
0.608
0.65
0.707
0.742
0.702
0.69
0.729
0.694
0.745
0.76
0.87
0.87
0.846
0.86
0.756
0.649
0.64
0.614
0.625
0.615
0.754
0.796
0.693
0.671
0.845
0.792
0.633
0.65
0.632
0.543
0.62
0.706
0.757
0.65
0.595
0.624
0.759
0.81
0.753
0.756
0.827
0.599
0.625
0.567
0.635
0.573
0.944
0.896
0.66
0.749
0.714
0.725
0.812
0.751
0.696
0.845
0.802
0.807
0.861
0.916
0.886
0.726
0.815
0.81
0.813
0.945
0.908
0.907
0.868
0.93
0.942
0.97
0.956
0.912
0.918
0.913
0.977
0.963
0.858
0.914
0.895
0.931
0.946
0.997
0.96
0.978
0.994
0.943
0.957
0.962
0.961
0.949
0.972
0.922
0.916
0.934
0.89
0.906
0.689
0.776
0.88
0.855
0.824
0.917
0.829
0.91
0.831
0.703
0.819
0.954
0.904
0.855
0.912
0.892
0.812
0.892
0.869
0.855
0.744
0.778
0.806
0.915
0.874
0.796
0.782
0.86
0.964
0.949
0.881
0.839
0.848
0.791
0.783
0.9
0.911
0.858
0.838
0.842
0.815
0.847
0.839
0.617
0.63
0.66
0.716
0.784
0.814
0.789
0.776
0.607
0.763
0.785
0.737
0.898
0.774
0.768
0.789
0.889
0.831
0.813
0.979
0.907
0.837
0.897
0.858
0.746
0.654
0.608
0.751
0.659
0.679
0.689
0.556
0.684
0.787
0.727
0.725
0.771
0.675
0.802
0.782
0.674
0.725
0.783
0.822
0.85
0.735
0.726
0.657
0.767
0.8
0.696
0.648
0.634
0.739
0.712
0.731
0.75
0.716
0.764
0.762
0.714
0.639
0.632
0.599
0.677
0.745
0.772
0.643
0.611
0.635
0.688
0.785
0.815
0.771
0.767
0.717
0.72
0.739
0.599
0.555
0.649
0.732
0.878
0.875
0.871
0.85
0.881
0.826
0.776
0.761
0.841
0.745
0.737
0.7
0.592
0.589
0.75
0.845
0.769
0.723
0.685
0.635
0.703
0.758
0.773
0.724
0.753
0.587
0.531
0.623
0.713
0.723
0.753
0.687
0.746
0.737
0.676
0.591
0.574
0.67
0.744
0.761
0.686
0.763
0.806
0.779
0.703
0.661
0.764
0.774
0.74
0.741
0.678
0.677
0.738
0.78
0.796
0.74
0.673
0.654
0.645
0.766
0.813
0.766
0.834
0.785
0.806
0.82
0.778
0.761
0.806
0.801
0.811
0.786
0.781
0.712
0.735
0.778
0.79
0.841
0.85
0.823
0.818
0.815
0.816
0.818
0.86
0.797
0.727
0.813
0.816
0.791
0.811
0.81
0.832
0.774
0.734
0.813
0.779
0.711
0.754
0.825
0.836
0.804
0.71
0.735
0.775
0.771
0.768
0.785
0.801
0.916
0.948
0.883
0.849
0.843
0.824
0.85
0.757
0.729
0.735
0.706
0.715
0.732
0.834
0.849
0.841
0.763
0.754
0.743
0.744
0.697
0.818
0.781
0.79
0.685
0.837
0.84
0.819
0.72
0.633
0.62
0.747
0.665
0.767
0.728
0.695
0.8
0.827
0.762
0.648
0.699
0.673
0.634
0.737
0.822
0.662
0.67
0.675
0.584
0.627
0.953
0.869
0.903
0.785
0.722
0.837
0.841
0.783
0.739
0.672
0.908
0.81
0.644
0.735
0.784
0.668
0.641
0.762
0.716
0.665
0.692
0.85
0.917
0.833
0.827
0.946
0.79
0.816
0.804
0.86
0.964
0.852
0.813
0.873
0.742
0.679
0.744
0.794
0.688
0.7
0.809
0.811
0.71
0.832
0.915
0.915
0.773
0.808
0.696
0.764
0.792
0.795
0.562
0.396
0.541
0.694
0.771
0.882
0.878
0.859
0.813
0.935
0.788
0.749
0.772
0.874
0.985
0.892
0.887
0.91
0.921
0.901
0.844
0.838
0.867
0.874
0.901
0.828
0.835
0.881
0.977
0.931
0.879
0.86
0.829
0.649
0.77
0.902
0.958
0.918
0.927
0.821
0.66
0.837
0.892
0.774
0.895
0.954
0.911
0.931
0.803
0.862
0.931
0.881
0.848
0.901
0.861
0.904
0.892
0.73
0.676
0.733
0.792
0.848
0.879
0.887
0.878
0.897
0.928
0.92
0.849
0.878
0.892
0.959
0.869
0.957
0.944
0.962
0.931
0.812
0.891
0.966
0.958
0.939
0.873
0.926
0.857
0.806
0.808
0.785
0.558
0.808
0.845
0.853
0.82
0.697
0.668
0.844
0.867
0.8
0.674
0.707
0.611
0.784
0.827
0.887
0.88
0.902
0.911
0.821
0.767
0.778
0.811
0.613
0.676
0.713
0.819
0.697
0.737
0.92
0.695
0.674
0.663
0.804
0.795
0.691
0.863
0.907
0.757
0.651
0.742
0.678
0.683
0.757
0.811
0.674
0.519
0.554
0.692
0.749
0.882
0.924
0.91
0.805
0.695
0.751
0.824
0.817
0.757
0.776
0.784
0.662
0.675
0.709
0.733
0.706
0.627
0.8
0.725
0.627
0.701
0.769
0.794
0.639
0.633
0.774
0.778
0.748
0.615
0.591
0.715
0.706
0.745
0.687
0.679
0.657
0.559
0.603
0.672
0.704
0.781
0.834
0.697
0.679
0.733
0.71
0.566
0.549
0.639
0.634
0.625
0.676
0.533
0.646
0.602
0.703
0.635
0.657
0.63
0.599
0.681
0.708
0.683
0.713
0.774
0.706
0.606
0.623
0.665
0.607
0.714
0.755
0.658
0.626
0.684
0.731
0.716
0.736
0.664
0.691
0.634
0.702
0.593
0.711
0.786
0.799
0.719
0.62
0.597
0.626
0.732
0.706
0.729
0.81
0.765
0.798
0.734
0.613
0.669
0.684
0.703
0.629
0.863
0.811
0.83
0.806
0.765
0.796
0.735
0.706
0.689
0.627
0.731
0.761
0.644
0.607
0.86
0.974
0.916
0.879
0.806
0.806
0.857
0.79
0.752
0.765
0.708
0.798
0.762
0.719
0.703
0.718
0.78
0.7
0.715
0.756
0.845
0.883
0.81
0.819
0.757
0.674
0.736
0.703
0.627
0.663
0.715
0.73
0.757
0.733
0.662
0.584
0.707
0.676
0.789
0.753
0.661
0.607
0.61
0.729
0.819
0.724
0.644
0.73
0.711
0.723
0.633
0.64
0.766
0.874
0.721
0.635
0.638
0.658
0.804
0.742
0.772
0.734
0.572
0.518
0.574
0.912
0.751
0.722
0.817
0.901
0.664
0.556
0.606
0.651
0.661
0.578
0.571
0.59
0.67
0.632
0.736
0.583
0.638
0.69
0.777
0.88
0.811
0.764
0.614
0.647
0.656
0.829
0.789
0.881
0.928
0.857
0.79
0.834
0.885
0.935
0.87
0.831
0.798
0.824
0.879
0.922
0.885
0.796
0.881
0.892
0.948
0.939
0.943
0.94
0.972
0.94
0.931
0.834
0.882
0.934
0.93
1.014
0.957
0.984
0.995
0.958
0.929
0.743
0.848
0.843
0.94
0.956
0.903
0.907
0.919
0.932
0.884
0.886
0.889
0.897
0.942
0.965
0.944
0.909
0.828
0.912
0.829
0.865
0.866
0.889
0.915
0.906
0.852
0.807
0.714
0.842
0.902
0.88
0.85
0.847
0.915
0.939
0.924
0.817
0.802
0.812
0.945
0.94
0.956
0.976
1.006
0.965
0.925
0.918
0.872
0.863
0.685
0.877
0.903
0.928
0.902
0.878
0.969
0.868
0.468
0.458
0.689
0.904
0.887
0.891
0.919
0.947
0.809
0.734
0.92
0.874
0.834
0.927
0.887
0.922
0.91
0.856
0.86
0.802
0.885
0.865
0.845
0.85
0.832
0.755
0.763
0.757
0.882
0.944
0.739
0.795
0.878
0.854
0.751
0.684
0.762
0.781
0.84
0.729
0.825
0.922
0.898
0.639
0.658
0.917
0.775
0.743
0.779
0.74
0.786
0.861
0.871
0.848
0.879
0.736
0.578
0.641
0.709
0.687
0.683
0.838
0.794
0.742
0.687
0.65
0.716
0.723
0.656
0.701
0.714
0.625
0.786
0.824
0.792
0.713
0.608
0.578
0.766
0.915
0.81
0.718
0.833
0.855
0.756
0.865
0.793
0.768
0.703
0.728
0.676
0.63
0.711
0.738
0.709
0.719
0.636
0.752
0.837
0.706
0.585
0.599
0.755
0.693
0.603
0.686
0.817
0.786
0.757
0.76
0.761
0.748
0.822
0.692
0.725
0.76
0.737
0.655
0.737
0.736
0.717
0.73
0.634
0.699
0.718
0.713
0.725
0.745
0.818
0.794
0.81
0.781
0.785
0.675
0.739
0.861
0.809
0.766
0.8
0.784
0.826
0.79
0.765
0.793
0.781
0.779
0.752
0.682
0.783
0.799
0.748
0.783
0.836
0.812
0.794
0.789
0.711
0.766
0.835
0.733
0.746
0.733
0.787
0.804
0.803
0.787
0.738
0.778
0.818
0.797
0.763
0.759
0.729
0.765
0.798
0.733
0.755
0.752
0.773
0.716
0.79
0.798
0.804
0.789
0.787
0.814
0.747
0.751
0.78
0.762
0.803
0.856
0.817
0.692
0.588
0.626
0.699
0.652
0.727
0.767
0.688
0.672
0.685
0.702
0.582
0.635
0.766
0.884
0.853
0.831
0.724
0.72
0.75
0.728
0.644
0.672
0.751
0.722
0.699
0.655
0.735
0.8
0.748
0.767
0.777
0.748
0.75
0.693
0.616
0.586
0.725
0.687
0.796
0.677
0.494
0.653
0.608
0.505
0.658
0.739
0.795
0.644
0.602
0.568
0.53
0.705
0.651
0.694
0.822
0.843
0.7
0.661
0.712
0.7
0.571
0.623
0.749
0.803
0.744
0.631
0.52
0.596
0.788
0.648
0.797
0.791
0.747
0.746
0.86
0.917
0.974
0.771
0.771
0.725
0.711
0.79
0.751
0.751
0.712
0.884
0.898
0.86
0.856
0.846
0.862
0.94
0.957
0.877
0.825
0.886
0.715
0.766
0.784
0.847
0.878
0.923
0.905
0.885
0.805
0.809
0.87
0.773
0.929
0.952
0.984
0.967
0.947
0.849
0.963
0.981
0.907
0.964
0.972
0.937
0.79
0.794
0.822
0.776
0.819
0.901
0.911
0.799
0.862
0.962
0.886
0.918
0.946
0.931
0.93
0.926
0.883
0.891
0.843
0.983
0.905
0.948
0.907
0.954
1.005
1.014
0.818
0.863
0.887
0.893
0.929
0.965
0.676
0.824
0.868
0.728
0.818
0.83
0.763
0.93
0.907
0.88
0.847
0.943
0.985
0.847
0.804
0.927
0.881
0.764
0.619
0.848
0.728
0.595
0.8
0.832
0.79
0.754
0.772
0.899
0.954
0.616
0.717
0.575
0.477
0.356
0.621
0.852
0.86
0.983
0.832
0.938
0.914
0.439
0.53
0.604
0.628
0.712
0.714
0.821
0.719
0.598
0.591
0.59
0.674
0.636
0.854
0.808
0.668
0.775
0.879
0.76
0.771
0.689
0.618
0.88
0.717
0.779
0.866
0.775
0.656
0.602
0.646
0.715
0.64
0.751
0.923
0.872
0.677
0.557
0.566
0.719
0.952
0.845
0.774
0.655
0.713
0.709
0.682
0.64
0.806
0.844
0.874
0.817
0.703
0.596
0.556
0.707
0.746
0.826
0.765
0.806
0.767
0.666
0.519
0.749
0.75
0.675
0.834
0.62
0.517
0.526
0.549
0.606
0.64
0.751
0.707
0.747
0.829
0.889
0.909
0.791
0.642
0.641
0.766
0.859
0.832
0.706
0.649
0.605
0.648
0.821
0.81
0.838
0.932
0.81
0.687
0.681
0.65
0.688
0.842
0.812
0.798
0.776
0.761
0.75
0.72
0.654
0.652
0.764
0.717
0.653
0.717
0.84
0.861
0.891
0.844
0.809
0.796
0.693
0.684
0.709
0.732
0.727
0.796
0.699
0.658
0.629
0.699
0.779
0.728
0.816
0.777
0.748
0.785
0.868
0.86
0.784
0.848
0.805
0.787
0.777
0.843
0.718
0.766
0.738
0.762
0.729
0.805
0.789
0.633
0.621
0.816
0.822
0.829
0.841
0.769
0.754
0.735
0.667
0.652
0.771
0.816
0.732
0.814
0.716
0.801
0.783
0.679
0.583
0.733
0.75
0.89
0.812
0.723
0.671
0.651
0.654
0.671
0.672
0.609
0.629
0.818
0.918
0.859
0.776
0.74
0.729
0.622
0.639
0.66
0.685
0.706
0.581
0.64
0.687
0.835
0.784
0.76
0.666
0.668
0.754
0.729
0.615
0.653
0.619
0.502
0.801
0.704
0.76
0.659
0.731
0.702
0.745
0.956
0.778
0.64
0.73
0.725
0.773
0.858
0.816
0.689
0.603
0.631
0.699
0.688
0.74
0.949
0.905
0.784
0.637
0.712
0.836
0.742
0.841
0.85
0.606
0.657
0.733
0.602
0.637
0.626
0.629
0.773
0.739
0.773
0.733
0.78
0.772
0.762
0.757
0.748
0.751
0.848
0.868
0.804
0.811
0.813
0.842
0.831
0.83
0.808
0.787
0.744
0.819
0.809
0.672
0.793
0.88
0.662
0.716
0.714
0.815
0.85
0.896
0.631
0.654
0.711
0.818
0.941
0.901
0.651
0.768
0.778
0.931
0.898
0.928
0.927
0.9
0.939
0.931
0.854
0.757
0.865
0.739
0.897
0.961
0.879
0.764
0.76
0.857
0.913
0.935
0.918
0.921
0.834
0.911
0.919
0.922
0.95
0.976
0.959
0.971
0.99
0.98
0.978
0.927
0.945
0.956
0.945
0.96
0.933
0.761
0.704
0.737
0.573
0.716
0.834
0.885
0.932
0.946
0.883
0.9
0.87
0.906
0.871
0.94
0.924
0.913
0.966
0.946
0.95
0.962
0.938
0.943
0.927
0.946
0.951
0.877
0.971
0.96
0.953
0.887
0.88
0.937
0.948
0.931
0.899
0.911
0.876
0.836
0.796
0.774
0.762
0.789
0.905
0.843
0.914
0.988
0.942
0.887
0.679
0.514
0.534
0.703
0.726
0.805
0.865
0.798
0.603
0.746
0.619
0.733
0.955
0.826
0.704
0.62
0.673
0.634
0.629
0.635
0.575
0.655
0.683
0.87
0.729
0.623
0.649
0.56
0.741
0.688
0.579
0.705
0.603
0.675
0.67
0.584
0.525
0.583
0.652
0.798
0.904
0.896
0.688
0.594
0.546
0.696
0.76
0.82
0.741
0.637
0.634
0.656
0.754
0.825
0.657
0.508
0.858
0.889
0.875
0.745
0.656
0.693
0.892
0.941
0.814
0.639
0.689
0.816
0.747
0.778
0.768
0.732
0.68
0.712
0.708
0.62
0.696
0.772
0.694
0.781
0.757
0.809
0.836
0.712
0.635
0.848
0.713
0.732
0.79
0.791
0.837
0.88
0.781
0.759
0.773
0.764
0.722
0.708
0.754
0.771
0.76
0.691
0.668
0.801
0.804
0.71
0.63
0.598
0.586
0.574
0.678
0.754
0.71
0.704
0.691
0.796
0.686
0.652
0.764
0.786
0.789
0.775
0.757
0.748
0.809
0.791
0.776
0.794
0.722
0.808
0.807
0.841
0.725
0.679
0.816
0.79
0.66
0.75
0.81
0.805
0.803
0.831
0.81
0.751
0.702
0.721
0.738
0.743
0.824
0.806
0.832
0.828
0.791
0.744
0.687
0.673
0.617
0.665
0.774
0.764
0.79
0.84
0.765
0.653
0.576
0.538
0.618
0.593
0.529
0.526
0.627
0.636
0.613
0.518
0.414
0.412
0.509
0.552
0.562
0.729
0.732
0.491
0.499
0.519
0.685
0.777
0.581
0.724
0.699
0.533
0.547
0.575
0.493
0.569
0.634
0.808
0.932
0.768
0.691
0.644
0.732
0.747
0.7
0.608
0.576
0.533
0.494
0.434
0.607
0.504
0.613
0.645
0.671
0.534
0.584
0.533
0.527
0.515
0.473
0.525
0.49
0.422
0.458
0.679
0.771
0.536
0.496
0.619
0.48
0.57
0.587
0.67
0.618
0.599
0.635
0.683
0.482
0.462
0.577
0.748
0.744
0.627
0.648
0.742
0.625
0.629
0.772
0.748
0.674
0.783
0.824
0.783
0.822
0.719
0.921
0.746
0.845
0.889
0.835
0.95
0.773
0.672
0.726
0.764
0.745
0.781
0.75
0.878
0.881
0.883
0.913
0.928
0.827
0.817
0.893
0.933
0.932
0.928
0.95
0.96
0.938
0.94
0.904
0.873
0.906
0.908
0.882
0.953
0.975
0.957
0.922
0.942
0.556
0.705
0.773
0.613
0.849
0.821
0.871
0.902
0.854
0.936
0.878
0.877
0.905
0.919
0.791
0.881
0.978
0.916
0.879
0.801
0.842
0.775
0.923
0.961
0.951
0.942
0.949
0.954
0.928
0.899
0.914
0.932
0.906
0.97
0.977
1.004
0.974
0.863
0.877
0.918
0.976
0.883
0.936
0.906
0.885
0.907
0.835
0.764
0.639
0.635
0.931
0.894
0.987
0.964
0.912
0.933
0.914
0.903
0.8
0.82
0.797
0.864
0.908
0.845
0.851
0.814
0.937
0.933
0.816
0.821
0.805
0.773
0.896
0.859
0.789
0.759
0.735
0.744
0.827
0.855
0.917
0.747
0.597
0.529
0.569
0.622
0.58
0.68
0.764
0.659
0.742
0.754
0.902
0.72
0.686
0.808
0.908
0.87
0.841
0.79
0.738
0.621
0.585
0.79
0.824
0.705
0.793
0.902
0.906
0.751
0.858
0.834
0.807
0.921
0.817
0.797
0.818
0.748
0.67
0.791
0.731
0.842
0.764
0.612
0.714
0.689
0.762
0.736
0.775
0.848
0.834
0.797
0.809
0.952
0.894
0.927
0.888
0.893
0.856
0.754
0.717
0.752
0.762
0.848
0.816
0.919
0.843
0.864
0.75
0.716
0.675
0.658
0.709
0.72
0.735
0.674
0.719
0.714
0.752
0.798
0.824
0.801
0.714
0.689
0.764
0.772
0.77
0.796
0.78
0.85
0.823
0.782
0.836
0.878
0.785
0.702
0.729
0.785
0.764
0.651
0.669
0.75
0.768
0.682
0.666
0.665
0.683
0.735
0.654
0.7
0.77
0.791
0.747
0.763
0.796
0.8
0.779
0.813
0.831
0.794
0.777
0.782
0.776
0.792
0.781
0.755
0.779
0.789
0.802
0.704
0.668
0.732
0.816
0.821
0.834
0.83
0.813
0.819
0.819
0.809
0.771
0.715
0.655
0.723
0.818
0.804
0.717
0.651
0.713
0.674
0.65
0.754
0.684
0.589
0.724
0.753
0.756
0.743
0.763
0.671
0.572
0.691
0.681
0.6
0.539
0.693
0.765
0.77
0.911
0.912
0.883
0.821
0.762
0.744
0.721
0.784
0.734
0.622
0.793
0.79
0.843
0.832
0.833
0.721
0.895
0.799
0.862
0.869
0.799
0.793
0.88
0.872
0.822
0.714
0.698
0.703
0.674
0.74
0.747
0.715
0.646
0.668
0.682
0.761
0.843
0.741
0.619
0.763
0.659
0.72
0.956
0.968
0.811
0.713
0.653
0.71
0.657
0.757
0.872
0.741
0.672
0.693
0.697
0.729
0.599
0.685
0.78
0.706
0.653
0.844
0.821
0.813
0.721
0.694
0.646
0.712
0.899
0.844
0.781
0.569
0.509
0.604
0.794
0.773
0.917
0.843
0.85
0.812
0.812
0.913
0.872
0.968
0.856
0.9
0.904
0.856
0.897
0.983
0.896
0.865
0.832
0.903
0.743
0.789
0.803
0.85
0.933
0.943
0.74
0.865
0.9
0.887
0.928
0.955
0.915
0.843
0.817
0.83
0.854
0.915
0.796
0.866
0.958
0.913
0.924
0.653
0.545
0.668
0.908
0.892
0.883
0.819
0.775
0.85
0.871
0.977
0.773
0.752
0.671
0.835
0.946
0.605
0.703
0.539
0.892
0.951
0.938
0.809
0.844
0.944
0.916
0.877
0.773
0.821
0.838
0.881
0.829
0.793
0.896
0.896
0.851
0.863
0.794
0.793
0.827
0.804
0.823
0.917
0.94
0.926
0.917
0.884
0.837
0.767
0.839
0.912
0.9
0.865
0.919
0.813
0.736
0.753
0.778
0.852
0.816
0.896
0.838
0.796
0.821
0.689
0.713
0.853
0.67
0.646
0.7
0.83
0.808
0.742
0.82
0.836
0.784
0.784
0.775
0.767
0.742
0.739
0.767
0.841
0.872
0.782
0.663
0.732
0.733
0.86
0.859
0.849
0.794
0.841
0.779
0.755
0.69
0.592
0.555
0.573
0.654
0.713
0.65
0.584
0.754
0.813
0.744
0.659
0.662
0.656
0.693
0.808
0.747
0.596
0.546
0.604
0.839
0.619
0.685
0.677
0.754
0.8
0.832
0.731
0.758
0.849
0.778
0.836
0.781
0.669
0.668
0.524
0.531
0.677
0.714
0.563
0.607
0.615
0.641
0.648
0.595
0.618
0.751
0.695
0.703
0.667
0.703
0.719
0.644
0.663
0.607
0.748
0.913
0.673
0.634
0.637
0.738
0.651
0.532
0.513
0.522
0.525
0.717
0.719
0.648
0.649
0.685
0.673
0.721
0.713
0.659
0.639
0.668
0.723
0.606
0.53
0.622
0.593
0.51
0.587
0.635
0.626
0.622
0.67
0.648
0.644
0.614
0.618
0.591
0.69
0.679
0.581
0.63
0.602
0.601
0.64
0.654
0.513
0.454
0.553
0.712
0.811
0.706
0.572
0.592
0.61
0.582
0.559
0.628
0.716
0.581
0.477
0.479
0.547
0.39
0.337
0.543
0.735
0.597
0.524
0.596
0.708
0.833
0.874
0.722
0.657
0.792
0.688
0.664
0.709
0.599
0.514
0.53
0.507
0.46
0.401
0.395
0.449
0.463
0.691
0.709
0.678
0.618
0.537
0.652
0.804
0.763
0.769
0.768
0.649
0.578
0.73
0.672
0.554
0.529
0.57
0.585
0.694
0.563
0.484
0.518
0.8
0.561
0.535
0.54
0.791
0.708
0.595
0.661
0.805
0.791
0.789
0.634
0.641
0.697
0.902
0.836
0.677
0.82
0.764
0.711
0.593
0.653
0.69
0.564
0.609
0.753
0.814
0.775
0.69
0.621
0.689
0.678
0.819
0.723
0.691
0.754
0.765
0.69
0.76
0.739
0.713
0.642
0.775
0.86
0.738
0.678
0.697
0.674
0.634
0.672
0.761
0.755
0.699
0.667
0.57
0.742
0.621
0.605
0.777
0.694
0.714
0.78
0.723
0.692
0.709
0.718
0.736
0.657
0.605
0.75
0.625
0.631
0.689
0.712
0.856
0.849
0.901
0.905
0.747
0.773
0.862
0.933
0.915
0.888
0.702
0.7
0.701
0.736
0.796
0.871
0.852
0.803
0.763
0.839
0.837
0.73
0.798
0.923
0.902
0.925
0.904
0.938
0.97
0.923
0.936
0.913
0.901
0.938
0.904
0.966
0.944
0.92
0.928
0.898
0.883
0.937
0.931
0.951
0.747
0.633
0.608
0.725
0.532
0.686
0.685
0.425
0.415
0.759
0.779
0.801
0.85
0.84
0.942
0.935
0.844
0.824
0.487
0.765
0.838
0.868
0.954
0.917
0.939
0.942
0.907
0.915
0.874
0.762
0.772
0.837
0.786
0.462
0.601
0.604
0.8
0.509
0.611
0.922
0.93
0.868
0.811
0.972
0.989
0.926
0.889
0.85
0.713
0.753
0.722
0.89
0.873
0.818
0.774
0.789
0.846
0.838
0.677
0.563
0.655
0.897
0.735
0.89
0.803
0.663
0.689
0.702
0.711
0.805
0.844
0.814
0.739
0.658
0.626
0.526
0.662
0.646
0.522
0.54
0.441
0.597
0.592
0.616
0.735
0.741
0.841
0.927
0.881
0.848
0.749
0.858
0.85
0.771
0.834
0.858
0.664
0.629
0.684
0.623
0.912
0.731
0.559
0.525
0.826
0.832
0.746
0.686
0.675
0.662
0.599
0.676
0.695
0.744
0.736
0.578
0.667
0.767
0.674
0.605
0.567
0.662
0.542
0.629
0.749
0.772
0.713
0.698
0.705
0.771
0.721
0.66
0.582
0.792
0.818
0.736
0.689
0.699
0.764
0.748
0.747
0.652
0.694
0.802
0.815
0.714
0.692
0.855
0.763
0.716
0.759
0.724
0.685
0.754
0.703
0.701
0.741
0.68
0.645
0.668
0.73
0.709
0.737
0.754
0.752
0.734
0.746
0.811
0.867
0.898
0.831
0.752
0.813
0.796
0.82
0.78
0.802
0.82
0.782
0.796
0.819
0.836
0.808
0.778
0.754
0.752
0.789
0.825
0.779
0.801
0.801
0.799
0.773
0.691
0.806
0.799
0.775
0.67
0.759
0.773
0.746
0.766
0.661
0.615
0.711
0.829
0.778
0.731
0.598
0.718
0.643
0.648
0.591
0.531
0.486
0.565
0.597
0.533
0.48
0.508
0.585
0.567
0.499
0.481
0.434
0.497
0.623
0.642
0.574
0.539
0.614
0.559
0.596
0.457
0.449
0.454
0.429
0.57
0.641
0.478
0.466
0.525
0.588
0.49
0.422
0.668
0.569
0.59
0.594
0.656
0.724
0.603
0.688
0.696
0.688
0.661
0.67
0.658
0.764
0.773
0.654
0.602
0.667
0.798
0.791
0.783
0.755
0.618
0.64
0.651
0.679
0.759
0.665
0.659
0.731
0.68
0.762
0.687
0.758
0.618
0.591
0.58
0.593
0.581
0.632
0.56
0.655
0.631
0.694
0.744
0.907
0.805
0.828
0.717
0.604
0.688
0.774
0.77
0.578
0.566
0.627
0.689
0.576
0.685
0.512
0.524
0.793
0.852
0.691
0.576
0.643
0.688
0.935
0.734
0.468
0.635
0.732
0.661
0.681
0.694
0.757
0.83
0.85
0.888
0.874
0.804
0.738
0.731
0.848
0.923
0.843
0.888
0.831
0.934
0.975
0.943
0.913
0.971
0.94
0.964
0.964
0.986
0.91
0.83
0.552
0.788
0.898
0.871
0.82
0.853
0.706
0.77
0.909
0.919
0.844
0.874
0.949
0.999
0.735
0.936
0.955
0.978
0.972
0.919
0.879
0.937
0.808
0.774
0.934
0.87
0.946
0.946
0.865
0.859
0.857
0.734
0.842
0.755
0.883
0.732
0.778
0.859
0.887
0.949
0.927
0.885
0.901
0.925
0.891
0.858
0.905
0.923
0.816
0.806
0.892
0.947
0.925
0.881
0.901
0.918
0.92
0.904
0.947
0.834
0.821
0.868
0.895
0.897
0.805
0.782
0.797
0.893
0.893
0.833
0.873
0.861
0.909
1
0.914
0.927
0.86
0.879
0.934
0.853
0.877
0.855
0.799
0.82
0.852
0.901
0.851
0.786
0.797
0.632
0.415
0.58
0.439
0.535
0.814
0.853
0.707
0.551
0.643
0.643
0.833
0.951
0.73
0.577
0.803
0.829
0.711
0.663
0.689
0.552
0.693
0.723
0.843
0.552
0.626
0.66
0.696
0.626
0.497
0.678
0.661
0.538
0.783
0.647
0.711
0.744
0.782
0.806
0.779
0.821
0.744
0.613
0.634
0.706
0.718
0.714
0.689
0.662
0.558
0.687
0.711
0.79
0.891
0.756
0.671
0.551
0.503
0.605
0.699
0.661
0.655
0.615
0.518
0.559
0.681
0.775
0.775
0.699
0.624
0.637
0.699
0.717
0.775
0.741
0.602
0.552
0.719
0.713
0.731
0.794
0.781
0.691
0.656
0.659
0.653
0.614
0.705
0.769
0.794
0.782
0.704
0.719
0.746
0.744
0.721
0.723
0.723
0.753
0.764
0.731
0.717
0.795
0.663
0.543
0.646
0.744
0.762
0.69
0.711
0.7
0.611
0.718
0.675
0.682
0.681
0.585
0.485
0.761
0.759
0.706
0.637
0.595
0.583
0.488
0.444
0.673
0.692
0.638
0.686
0.48
0.397
0.526
0.502
0.484
0.596
0.67
0.513
0.448
0.505
0.556
0.832
0.82
0.689
0.583
0.517
0.547
0.752
0.705
0.634
0.607
0.532
0.652
0.624
0.623
0.592
0.497
0.543
0.575
0.515
0.515
0.646
0.631
0.619
0.489
0.447
0.503
0.67
0.493
0.504
0.541
0.652
0.746
0.686
0.687
0.55
0.589
0.709
0.498
0.516
0.561
0.502
0.643
0.62
0.526
0.541
0.526
0.574
0.594
0.594
0.466
0.602
0.583
0.569
0.661
0.743
0.597
0.617
0.798
0.692
0.605
0.66
0.627
0.613
0.729
0.764
0.897
0.835
0.738
0.744
0.64
0.676
0.807
0.703
0.721
0.61
0.605
0.52
0.544
0.61
0.553
0.651
0.673
0.71
0.611
0.442
0.66
0.73
0.769
0.791
0.708
0.666
0.562
0.667
0.74
0.677
0.626
0.614
0.677
0.901
0.759
0.888
0.793
0.801
0.947
0.914
0.942
0.679
0.7
0.755
0.655
0.607
0.88
0.813
0.606
0.788
0.675
0.815
0.876
0.822
0.663
0.88
0.802
0.691
0.841
0.879
0.911
0.862
0.933
0.788
0.71
0.797
0.71
0.718
0.715
0.9
0.992
0.809
0.818
0.911
0.857
0.646
0.548
0.456
0.418
0.546
0.883
0.962
0.643
0.792
0.778
0.814
0.821
0.801
0.905
0.947
0.908
0.918
0.967
0.958
0.966
0.95
0.935
0.956
0.96
0.921
0.938
0.959
0.958
0.881
0.905
0.925
0.899
0.821
0.86
0.951
0.91
0.968
0.955
0.807
0.971
0.968
0.955
0.951
0.933
1.003
0.864
0.834
0.863
0.688
0.859
0.928
0.837
0.789
0.735
0.921
0.912
0.751
0.92
0.856
0.873
0.772
0.765
0.933
0.885
0.934
0.923
0.751
0.875
0.992
0.987
0.959
0.917
0.881
0.741
0.908
0.836
0.76
0.773
0.756
0.512
0.556
0.712
0.699
0.581
0.566
0.627
0.82
0.854
0.681
0.417
0.504
0.666
0.718
0.668
0.747
0.861
0.657
0.641
0.731
0.944
0.897
0.875
0.79
0.688
0.574
0.681
0.566
0.485
0.802
0.706
0.502
0.723
0.883
0.605
0.693
0.644
0.583
0.697
0.677
0.751
0.704
0.618
0.749
0.68
0.548
0.518
0.641
0.777
0.807
0.69
0.626
0.632
0.665
0.695
0.756
0.698
0.637
0.735
0.788
0.768
0.701
0.713
0.721
0.627
0.58
0.518
0.501
0.674
0.721
0.715
0.707
0.761
0.735
0.913
0.798
0.772
0.759
0.75
0.689
0.755
0.743
0.738
0.704
0.675
0.719
0.728
0.803
0.773
0.787
0.789
0.828
0.823
0.787
0.781
0.778
0.724
0.749
0.698
0.753
0.773
0.92
0.828
0.774
0.773
0.795
0.792
0.768
0.734
0.664
0.774
0.831
0.859
0.921
0.814
0.765
0.818
0.868
0.838
0.828
0.771
0.85
0.831
0.826
0.794
0.806
0.734
0.671
0.709
0.759
0.792
0.739
0.755
0.805
0.765
0.733
0.741
0.808
0.808
0.78
0.769
0.792
0.794
0.836
0.838
0.846
0.811
0.803
0.803
0.845
0.826
0.794
0.828
0.837
0.827
0.818
0.746
0.664
0.789
0.798
0.808
0.841
0.773
0.724
0.787
0.851
0.797
0.804
0.825
0.786
0.806
0.815
0.753
0.731
0.759
0.76
0.67
0.707
0.747
0.712
0.698
0.677
0.612
0.648
0.787
0.854
0.711
0.711
0.714
0.687
0.751
0.743
0.735
0.74
0.818
0.847
0.74
0.69
0.728
0.82
0.854
0.794
0.797
0.669
0.649
0.76
0.674
0.625
0.657
0.718
0.689
0.595
0.634
0.626
0.615
0.492
0.473
0.52
0.64
0.71
0.724
0.697
0.604
0.708
0.93
0.738
0.763
0.699
0.756
0.642
0.61
0.726
0.763
0.738
0.631
0.595
0.589
0.805
0.767
0.804
0.612
0.612
0.64
0.649
0.638
0.608
0.799
0.504
0.582
0.805
0.85
0.912
0.785
0.745
0.885
0.863
0.794
0.878
0.903
0.857
0.758
0.791
0.784
0.732
0.792
0.833
0.88
0.842
0.775
0.809
0.863
0.8
0.849
0.82
0.808
0.645
0.521
0.605
0.81
0.91
0.969
0.789
0.637
0.864
0.932
0.899
0.891
0.897
0.818
0.718
0.704
0.797
0.589
0.511
0.481
0.525
0.857
0.948
0.973
0.804
0.852
0.851
0.968
0.974
0.916
0.675
0.52
0.512
0.765
0.892
0.841
0.693
0.788
0.801
0.893
0.745
0.771
0.765
0.727
0.959
0.88
0.781
0.887
0.8
0.62
0.672
0.708
0.851
0.861
0.684
0.586
0.641
0.605
0.659
0.901
0.912
0.837
0.765
0.741
0.67
0.799
0.751
0.701
0.93
0.894
0.771
0.806
0.809
0.766
0.82
0.707
0.77
0.868
0.884
0.852
0.786
0.784
0.827
0.965
0.837
0.728
0.824
0.872
0.815
0.726
0.564
0.633
0.749
0.583
0.637
0.652
0.763
0.913
0.805
0.755
0.799
0.887
0.704
0.663
0.891
0.829
0.73
0.579
0.816
0.541
0.671
0.863
0.736
0.76
0.725
0.852
0.64
0.689
0.718
0.736
0.677
0.624
0.57
0.578
0.652
0.77
0.79
0.742
0.662
0.71
0.773
0.78
0.825
0.863
0.857
0.874
0.916
0.777
0.742
0.778
0.676
0.666
0.644
0.699
0.892
0.869
0.819
0.752
0.828
0.705
0.63
0.765
0.688
0.588
0.598
0.744
0.639
0.621
0.537
0.604
0.729
0.721
0.656
0.702
0.647
0.573
0.653
0.665
0.6
0.714
0.813
0.668
0.677
0.639
0.58
0.627
0.688
0.655
0.646
0.652
0.799
0.776
0.686
0.595
0.576
0.709
0.655
0.648
0.835
0.695
0.587
0.661
0.687
0.72
0.676
0.577
0.674
0.665
0.609
0.773
0.776
0.77
0.768
0.737
0.732
0.712
0.673
0.707
0.751
0.746
0.74
0.773
0.711
0.736
0.687
0.62
0.685
0.77
0.727
0.75
0.733
0.656
0.613
0.638
0.708
0.792
0.75
0.682
0.687
0.637
0.632
0.641
0.566
0.478
0.476
0.551
0.476
0.754
0.692
0.78
0.848
0.846
0.86
0.824
0.787
0.748
0.76
0.789
0.715
0.616
0.675
0.798
0.694
0.743
0.771
0.73
0.665
0.703
0.767
0.745
0.689
0.641
0.642
0.662
0.657
0.695
0.663
0.773
0.708
0.567
0.585
0.806
0.718
0.687
0.834
0.787
0.68
0.63
0.599
0.61
0.677
0.711
0.681
0.729
0.588
0.751
0.88
0.897
0.842
0.732
0.737
0.692
0.668
0.669
0.634
0.663
0.652
0.68
0.639
0.629
0.712
0.591
0.66
0.819
0.761
0.735
0.684
0.834
0.827
0.684
0.728
0.729
0.677
0.817
0.853
0.786
0.774
0.87
0.7
0.729
0.686
0.742
0.704
0.693
0.733
0.668
0.78
0.773
0.694
0.698
0.678
0.704
0.74
0.727
0.789
0.708
0.677
0.79
0.649
0.724
0.686
0.689
0.853
0.829
0.77
0.77
0.844
0.878
0.84
0.725
0.764
0.759
0.719
0.826
0.915
0.786
0.609
0.707
0.602
0.889
0.937
0.961
0.911
0.855
0.88
0.951
0.909
0.903
0.978
0.967
0.92
0.962
0.928
0.957
0.958
0.834
0.74
0.858
0.752
0.636
0.83
0.926
0.988
0.817
0.702
0.615
0.412
0.645
0.786
0.892
0.883
0.969
0.703
0.6
0.663
0.75
0.909
0.904
0.892
0.957
0.905
0.888
0.975
0.91
0.874
0.818
0.807
0.707
0.746
0.628
0.88
0.874
0.654
0.619
0.624
0.641
0.833
0.941
0.873
0.642
0.595
0.841
0.883
0.647
0.679
0.743
0.625
0.677
0.783
0.787
0.745
0.854
0.844
0.828
0.8
0.806
0.495
0.632
0.819
0.857
0.693
0.502
0.434
0.562
0.784
0.845
0.543
0.561
0.516
0.362
0.419
0.567
0.795
0.61
0.566
0.606
0.917
0.814
0.808
0.758
0.536
0.491
0.818
0.855
0.93
0.868
0.855
0.761
0.853
0.941
0.775
0.642
0.819
0.908
0.853
0.945
0.727
0.639
0.59
0.68
0.73
0.713
0.686
0.717
0.7
0.705
0.604
0.564
0.71
0.774
0.775
0.723
0.624
0.612
0.812
0.759
0.713
0.754
0.894
0.852
0.811
0.826
0.726
0.873
0.964
0.773
0.68
0.625
0.607
0.73
0.841
0.791
0.704
0.719
0.693
0.702
0.728
0.671
0.787
0.88
0.837
0.716
0.641
0.822
0.839
0.764
0.843
0.825
0.717
0.67
0.668
0.669
0.599
0.585
0.614
0.753
0.742
0.741
0.636
0.635
0.667
0.703
0.733
0.738
0.735
0.737
0.666
0.64
0.722
0.719
0.7
0.698
0.682
0.888
0.749
0.696
0.669
0.693
0.648
0.766
0.823
0.811
0.732
0.753
0.727
0.761
0.783
0.794
0.774
0.67
0.812
0.845
0.834
0.835
0.829
0.813
0.798
0.783
0.803
0.779
0.785
0.788
0.777
0.817
0.798
0.782
0.759
0.754
0.803
0.767
0.7
0.671
0.705
0.732
0.808
0.791
0.805
0.802
0.764
0.705
0.734
0.731
0.806
0.823
0.795
0.787
0.794
0.813
0.884
0.838
0.796
0.738
0.764
0.812
0.747
0.676
0.624
0.609
0.722
0.85
0.806
0.773
0.771
0.742
0.809
0.733
0.726
0.79
0.749
0.78
0.752
0.689
0.68
0.709
0.696
0.858
0.841
0.735
0.704
0.679
0.724
0.819
0.768
0.736
0.71
0.627
0.617
0.621
0.576
0.613
0.641
0.599
0.628
0.536
0.527
0.597
0.697
0.736
0.851
0.752
0.709
0.829
0.748
0.878
0.871
0.764
0.664
0.8
0.693
0.576
0.614
0.636
0.555
0.601
0.602
0.728
0.856
0.772
0.681
0.729
0.785
0.802
0.737
0.593
0.614
0.875
0.83
0.816
0.948
0.869
0.731
0.722
0.695
0.52
0.509
0.624
0.811
0.756
0.86
0.857
0.784
0.946
0.849
0.655
0.688
0.685
0.656
0.714
0.749
0.719
0.783
0.7
0.688
0.836
0.791
0.779
0.805
0.732
0.747
0.532
0.589
0.537
0.69
0.726
0.748
0.769
0.7
0.89
0.918
0.91
0.899
0.932
0.878
0.766
0.759
0.895
0.867
0.881
0.867
0.769
0.786
0.734
0.836
0.865
0.86
0.849
0.868
0.886
0.829
0.731
0.765
0.845
0.933
0.999
1.01
0.992
1.006
0.657
0.674
0.868
0.891
0.874
0.895
0.934
0.916
0.952
0.981
0.931
0.858
0.818
0.755
0.849
0.851
0.905
0.493
0.538
0.759
0.391
0.45
0.753
0.852
0.875
0.894
0.825
0.955
0.942
0.947
0.889
0.928
0.948
0.939
0.9
0.761
0.834
0.899
0.949
0.957
0.846
0.905
0.913
0.821
0.662
0.618
0.825
0.961
0.789
0.717
0.693
0.698
0.753
0.809
0.564
0.607
0.588
0.599
0.663
0.667
0.578
0.69
0.549
0.585
0.6
0.584
0.635
0.636
0.582
0.601
0.674
0.583
0.646
0.863
0.888
0.948
0.815
0.772
0.752
0.576
0.899
0.901
0.582
0.697
0.525
0.543
0.636
0.739
0.694
0.791
0.756
0.906
0.948
0.875
0.743
0.761
0.766
0.635
0.564
0.594
0.732
0.857
0.858
0.721
0.612
0.767
0.595
0.577
0.654
0.719
0.819
0.781
0.689
0.701
0.695
0.584
0.642
0.745
0.807
0.895
0.911
0.858
0.785
0.796
0.745
0.792
0.815
0.809
0.821
0.836
0.782
0.66
0.569
0.684
0.702
0.593
0.653
0.778
0.818
0.759
0.848
0.823
0.697
0.696
0.709
0.676
0.696
0.781
0.874
0.86
0.81
0.793
0.649
0.603
0.704
0.688
0.71
0.807
0.862
0.811
0.875
0.922
0.79
0.799
0.796
0.804
0.789
0.703
0.761
0.741
0.768
0.712
0.753
0.706
0.734
0.694
0.719
0.711
0.745
0.733
0.662
0.688
0.684
0.711
0.769
0.74
0.736
0.67
0.799
0.835
0.847
0.876
0.801
0.745
0.757
0.759
0.757
0.688
0.679
0.796
0.829
0.769
0.748
0.742
0.733
0.774
0.809
0.809
0.803
0.804
0.724
0.731
0.722
0.783
0.831
0.848
0.863
0.818
0.802
0.8
0.847
0.768
0.742
0.71
0.822
0.855
0.803
0.79
0.803
0.801
0.789
0.777
0.77
0.759
0.754
0.683
0.779
0.777
0.87
0.931
0.939
0.81
0.738
0.81
0.77
0.777
0.791
0.758
0.735
0.732
0.757
0.703
0.699
0.663
0.854
0.849
0.779
0.598
0.679
0.666
0.669
0.686
0.739
0.775
0.771
0.901
0.846
0.844
0.777
0.699
0.756
0.845
0.747
0.76
0.639
0.788
0.616
0.675
0.575
0.651
0.7
0.629
0.659
0.712
0.656
0.608
0.708
0.933
0.938
0.796
0.665
0.796
0.939
0.861
0.737
0.709
0.798
0.823
0.679
0.653
0.818
0.698
0.645
0.741
0.786
0.631
0.838
0.92
0.926
0.885
0.925
0.849
0.729
0.589
0.684
0.881
0.884
0.907
0.741
0.74
0.817
0.9
0.964
0.868
0.797
0.702
0.751
0.743
0.584
0.505
0.632
0.808
0.812
0.825
0.848
0.866
0.854
0.835
0.836
0.827
0.794
0.927
0.969
0.83
0.799
0.713
0.699
0.762
0.856
0.887
0.785
0.713
0.897
0.929
0.872
0.753
0.781
0.796
0.862
0.83
0.915
0.659
0.495
0.619
0.665
0.896
0.927
0.958
0.918
0.914
0.922
0.901
0.858
0.753
0.889
0.946
0.912
0.75
0.77
0.854
0.958
0.864
0.736
0.789
0.872
1.042
0.94
0.964
0.917
0.958
1.005
0.788
0.458
0.578
0.905
0.963
0.727
0.818
0.856
0.688
0.757
0.867
0.774
0.914
0.868
0.711
0.817
0.923
0.556
0.466
0.635
0.561
0.59
0.744
0.747
0.585
0.462
0.531
0.6
0.483
0.689
0.88
0.719
0.623
0.699
0.922
0.855
0.77
0.641
0.647
0.602
0.583
0.831
0.776
0.641
0.658
0.747
0.546
0.5
0.694
0.886
0.965
0.735
0.598
0.63
0.64
0.613
0.787
0.811
0.769
0.715
0.612
0.668
0.721
0.793
0.65
0.827
0.745
0.717
0.799
0.8
0.943
0.936
0.753
0.633
0.728
0.722
0.757
0.859
0.688
0.777
0.845
0.936
0.865
0.806
0.844
0.881
0.736
0.648
0.791
0.816
0.836
0.825
0.758
0.901
0.902
0.69
0.642
0.681
0.793
0.815
0.759
0.817
0.785
0.817
0.747
0.764
0.796
0.782
0.788
0.822
0.822
0.773
0.7
0.714
0.771
0.65
0.674
0.777
0.812
0.791
0.799
0.843
0.858
0.685
0.588
0.826
0.743
0.855
0.922
0.903
0.897
0.799
0.877
0.783
0.73
0.741
0.774
0.742
0.735
0.665
0.703
0.754
0.763
0.731
0.768
0.781
0.785
0.761
0.806
0.833
0.764
0.782
0.814
0.785
0.807
0.765
0.748
0.764
0.832
0.875
0.827
0.84
0.814
0.827
0.854
0.737
0.75
0.701
0.714
0.755
0.783
0.806
0.827
0.801
0.814
0.768
0.722
0.761
0.744
0.809
0.795
0.78
0.74
0.741
0.705
0.816
0.869
0.823
0.861
0.809
0.813
0.862
0.831
0.796
0.817
0.818
0.775
0.797
0.778
0.907
0.9
0.766
0.781
0.778
0.723
0.867
0.845
0.794
0.809
0.792
0.808
0.806
0.808
0.803
0.794
0.766
0.837
0.839
0.768
0.74
0.8
0.831
0.776
0.77
0.792
0.732
0.67
0.731
0.732
0.675
0.663
0.597
0.774
0.886
0.848
0.761
0.817
0.845
0.794
0.747
0.716
0.591
0.567
0.702
0.778
0.856
0.778
0.571
0.671
0.6
0.794
0.777
0.714
0.67
0.659
0.774
0.734
0.587
0.636
0.715
0.867
0.83
0.741
0.796
0.911
0.945
0.751
0.723
0.655
0.655
0.738
0.64
0.704
0.54
0.49
0.714
0.848
0.803
0.828
0.889
0.938
0.917
0.894
0.86
0.891
0.845
0.911
0.822
0.76
0.82
0.859
0.86
0.855
0.768
0.827
0.781
0.809
0.86
0.828
0.825
0.777
0.776
0.692
0.733
0.968
0.822
0.477
0.555
0.731
0.85
0.751
0.736
0.801
0.781
0.773
0.935
0.881
0.875
0.855
0.886
0.864
0.929
0.901
0.861
0.98
0.946
0.836
0.899
0.881
0.931
0.928
0.796
0.762
0.632
0.651
0.531
0.916
0.984
0.927
0.886
0.905
0.88
0.844
0.518
0.897
0.875
0.887
0.931
0.94
0.861
0.955
0.974
0.936
0.946
0.91
0.815
0.833
0.792
0.892
0.856
0.863
0.911
0.656
0.925
0.855
0.879
0.86
0.897
0.906
0.809
0.878
0.718
0.777
0.876
0.881
0.9
0.777
0.641
0.554
0.563
0.657
0.881
0.945
0.91
0.693
0.509
0.751
0.844
0.857
0.911
0.793
0.69
0.828
0.715
0.676
0.733
0.847
0.826
0.794
0.797
0.627
0.694
0.716
0.763
0.774
0.929
0.901
0.627
0.658
0.836
0.755
0.79
0.771
0.878
0.929
0.869
0.767
0.877
0.874
0.719
0.578
0.74
0.825
0.721
0.838
0.77
0.67
0.655
0.674
0.754
0.868
0.55
0.679
0.586
0.69
0.753
0.734
0.687
0.72
0.624
0.843
0.862
0.804
0.766
0.594
0.748
0.829
0.868
0.781
0.666
0.674
0.676
0.725
0.633
0.616
0.654
0.585
0.653
0.796
0.659
0.515
0.812
0.804
0.77
0.846
0.888
0.948
0.757
0.849
0.919
0.815
0.783
0.719
0.669
0.748
0.822
0.791
0.731
0.655
0.572
0.71
0.754
0.688
0.647
0.663
0.67
0.627
0.667
0.732
0.668
0.648
0.748
0.677
0.757
0.713
0.65
0.608
0.633
0.581
0.632
0.686
0.744
0.712
0.659
0.697
0.79
0.774
0.734
0.697
0.738
0.661
0.587
0.678
0.599
0.623
0.629
0.698
0.655
0.695
0.776
0.743
0.745
0.71
0.685
0.785
0.74
0.646
0.772
0.758
0.746
0.802
0.779
0.758
0.734
0.703
0.794
0.751
0.657
0.717
0.728
0.885
0.895
0.766
0.765
0.681
0.58
0.606
0.597
0.693
0.693
0.7
0.571
0.593
0.696
0.732
0.712
0.609
0.58
0.561
0.468
0.462
0.442
0.505
0.536
0.513
0.483
0.531
0.628
0.792
0.676
0.67
0.699
0.724
0.544
0.579
0.517
0.573
0.721
0.785
0.819
0.838
0.79
0.778
0.762
0.697
0.633
0.559
0.645
0.601
0.612
0.542
0.536
0.5
0.555
0.579
0.561
0.593
0.653
0.792
0.731
0.587
0.667
0.656
0.516
0.724
0.719
0.59
0.559
0.539
0.479
0.637
0.721
0.786
0.621
0.481
0.632
0.564
0.41
0.416
0.847
0.846
0.829
0.85
0.812
0.776
0.766
0.747
0.714
0.741
0.754
0.734
0.574
0.711
0.545
0.579
0.677
0.682
0.71
0.676
0.603
0.663
0.72
0.769
0.749
0.731
0.687
0.771
0.577
0.632
0.597
0.497
0.576
0.651
0.845
0.805
0.673
0.869
0.904
0.86
0.79
0.694
0.77
0.724
0.794
0.658
0.791
0.77
0.672
0.725
0.671
0.761
0.809
0.811
0.938
0.807
0.759
0.527
0.76
0.937
0.916
0.866
0.904
0.919
0.821
0.748
0.729
0.563
0.594
0.879
0.855
0.649
0.858
0.891
