1980 1 1
0.0196
0.1618
0.774
0.7365
0.6427
0.256
0.5785
0
0
0
13.8992
0.0949
0
1.3995
0.0072
0.0468
0.0295
0
0
0
0
0
1.3805
0.8774
1.5638
0
0
0
0
0.0585
0.0965
0
0
0
0
0
0.0615
0.0256
0
0.3542
0.1526
0.0644
6e-04
0.3447
0
5.8174
2.2652
0
0
0.0257
0.0378
0.8081
11.9748
0.0538
0.0104
1.5394
1.1514
0.0571
1.1169
0.2243
0
0.0607
0.0256
0.038
5.2079
0.0473
3.4965
15.6388
0.0694
0.0098
0.0208
0
1.5566
0.8404
0
0.4521
14.0442
0.7209
0
1.4005
32.5878
0.0557
0
10.7033
0.4011
0
0.4186
4.003
8.2642
2.4368
9.6807
0.4305
1.5207
1.7939
7.8302
0
0
0.5043
8.5758
4.6336
1.4514
0.4844
6.0453
0.4923
21.3523
1.1208
0.5938
0
0
0
0
0.3355
0
0
0.0966
0.518
0.3754
4.3273
8.8763
0.2611
0
0
0
0
0
0
0
0
0.3046
0.1145
1.4093
3.5711
8.6881
6.2088
1.174
0
0.9033
25.4623
11.7586
1.6509
0.2038
0
0.3822
0.9842
6.1759
0.5577
0
0
0
4.6797
7.1513
6.9889
13.3413
10.13
2.4346
0.1586
0.3635
7.3535
9.3699
2.3327
0.0828
0.089
0
0
0
15.0995
9.199
4.2714
0
0.264
7.9667
1.3911
0
0
0.2249
6.5446
0
0
0.0051
0.1388
0.6191
0.2125
0.1333
0
4.4608
10.9477
10.3648
0.5299
0.0878
6.9774
5.9063
0.962
2.6707
6.6525
1.1938
4e-04
0.6589
0.6236
0.1705
0
0.5384
0.5239
5.4856
25.7006
2.9409
0
0
0.4934
3.7185
8.7972
2.4812
0.4028
1.7096
0.349
9.4109
3.7745
0.2731
3.8827
0.6484
0.5813
1.9466
1.158
9.2687
12.1411
3.7157
0.9981
8.9396
1.6671
2.6784
10.7931
2.2389
2.0806
25.6267
9.513
2.9237
0
0
0
0
0
0.2897
2.2341
7.3785
11.8399
6.9395
2.5749
0.0636
8.7757
0.4505
0
0.03
0.1472
2.5921
0.413
0
1.0562
1.2763
0.6411
0.066
0.2499
11.878
0.1136
0
0.358
0.8981
2.9373
4.8872
0
1.6594
0.9577
0
0
0
0
0.1695
7.0338
1.0416
0.142
0.2717
0.2594
0
0
0
0.353
0.0547
0.0998
0.1124
0.1188
0.484
1.0076
2.1283
3.2756
0.3942
0.4763
0
0
0
2.4311
5.9183
0.4167
0.2742
8.3983
0
0
0
0
0
0.3451
0.0669
0
0
0
0.9173
0
0
0
0
0.8835
4.3867
0.118
0
3.6149
0.6505
0
0
0
0
0.4427
2.3221
0.09
0
8.4131
1.2474
1.4819
0.4796
0.0361
5.2688
0.1569
0
0.0139
1.6881
8.8829
8.4331
4.3334
0.165
0.2875
0.55
0
0.3462
0.3307
0.1567
0
0.3338
0.1248
0
0
0
0
5.6965
0
0
1.0083
0.0368
8.8833
0.4033
6.1366
1.1955
1.3145
1.0401
0.1679
1.2033
4.2659
2.8723
0
0
0.0319
0
0
0
0
0.0145
0.3538
2e-04
0.1174
0
0
0
0
0
0.3163
0
0.334
0.3953
0
0.0317
0
0
9.6788
1.2274
0.0774
0.0854
0.1193
1.0856
0
0.0143
0.0113
12.4398
10.8325
0.0048
0
0
0
3.1786
0.2492
0.0259
9.0411
3.8221
0
1.7234
5.7352
0.3105
0
0
0.0056
0.8415
0
0.3562
0
0.7495
0.7193
1e-04
1e-04
0
0
0
0
0
0
0
0
1.7874
3e-04
0.2037
0.856
0.8614
0
0
0
0
0.0079
5.9191
3.8703
0.0184
0.3177
5.1546
0
0
0
3.2336
4.5066
0.7992
0
0
0.1792
5.8296
2.0192
3.8383
11.5992
5.6966
19.7417
0.3597
0.3519
7.7361
3.4252
0.354
0.9509
1.4528
1.0315
5.5559
0.6311
0.0116
0.6804
0.4357
18.7829
10.2511
0.1135
0.0998
0
0
0.2698
2.4036
6.9636
0
0
1.6049
19.1575
9.4296
1.664
0
13.9126
6.9997
0.1602
0
0
0
0
0
0
0
0.1392
0.1395
4.5799
11.5792
5.4172
0.2098
4.7451
0.0133
0
0.0212
4.5615
7.5969
3.2453
3.1491
0
14.1598
38.1514
10.1632
0
8.2843
32.5967
6.1066
0.3514
1.9309
0.1552
0
0
2.1075
19.5072
25.1202
0.6675
4.0399
26.3803
0
0
0
0.2337
0.1909
0.9046
1.9613
0.6617
0.1047
0.1128
0
0
0
1.303
4.6005
0
0.1272
0.8809
0.0972
0
0
0
0
6.8173
19.2886
2.3369
0.171
0
0
0
16.4059
2.599
11.0625
0.162
0
0
0
0.7331
7.1558
1.3796
0.3906
0.6098
2.2263
1.2624
0.2411
1.6508
9.0695
0.5065
0.021
0.2771
1.2504
0
0
0
0
0
0
0
0
0
0
0.0088
1.0473
13.8829
22.2009
35.7195
19.276
11.7364
26.792
18.2478
10.5863
1.128
0.0908
0.2235
3.964
0
0
0
0
0
10.1079
8.6179
7.4503
26.5415
8.9224
1.7192
0
0.9288
2.4249
0
0
0.4548
2.1327
5.4069
0
2.3163
9.3633
2.2616
0.051
0
0
0.486
14.3221
0.0059
0
0
0
0
0
0
0
1e-04
0
0.628
14.5958
1.4385
0
6.9727
4.3615
4.9104
0.2311
0.1282
10.8934
25.6625
2.086
0
0
0
0
0.0542
0
0
3.4906
1.1087
0.3048
0
0
0
0
0
0
0
0
0.0289
0.1092
0.6536
6.3662
15.0586
1.0894
0
1.1091
2.7836
0
1.3023
1.6857
0
0
0
9.0781
0.4948
0
5.0954
0.6438
0
0.7425
2.3606
0.013
0
0
0
0
0
0
0.2916
6.8389
0.2704
0
0.1391
6.0909
6.8833
24.0908
0
0
0
7.2155
4.7928
0.8363
0.9991
0.8984
0.4069
0
1.8495
10.2143
0.863
0.729
3.1003
0.3033
1.0328
0.2625
0.6654
0.5855
3.1552
0.3612
0.9481
1.9904
0.2469
0.0979
0.1908
0.1109
1.5162
1.1244
11.3696
2.754
0.6287
0.2861
0
2.3828
0
30.2857
14.7871
3.3084
4.5821
7.4111
1.3233
1.4572
0.6312
0.5452
0
4.6106
0.0021
0.7851
0
0.355
9e-04
8e-04
0.3487
3.1932
0.5268
3.1621
0
0.0291
0.0031
0.0992
4.8262
0
0
0
0
5.219
2.539
1.7892
19.0362
0.4858
0.0249
0.1624
1.4261
1.5439
3.482
5.3157
0.4219
6.1273
0.1728
5.4463
14.5297
0.4915
0
4.0516
5.3491
1.2852
0
0
4.1385
3.5267
1.085
0
0.037
0
5.8751
11.1008
0.1002
0.0555
7.2577
4.0288
1.5075
10.6843
0.7851
0
4.2222
1.1841
0.4556
0
0
9e-04
3.6157
4.0291
3.8304
0.0207
1.1218
1.2998
0.5727
0.1198
0.2647
0.1456
0.5329
0.724
0
0
0.1092
3e-04
0.3814
0
0
0
0.6283
2.7278
5.4262
2.892
0
1.0749
0
0
1.7759
0
0
0
0
2.1487
2.1405
2.1638
8.2595
10.2472
9.3292
1.2831
0.0255
14.2108
29.9041
13.4218
3.0643
2.4598
0.9918
3.3684
0
0.1287
0.0056
0.356
0.0692
0.3568
3.9691
3.1693
2.3787
0
0
0
0
12.9642
19.6998
1.0026
0.0962
7.2351
1.6981
4.4325
6.1384
0.1288
0
0
0
0.9118
21.0984
8.6101
0.4187
0.0343
0.0412
36.7768
0.1142
3.3182
0
3.7619
0.8353
2.7377
3.0395
3.524
0.1647
0
0
0
0
1.7633
3.556
5.7669
0.7743
0
0.1267
0.0231
0
0
0
6e-04
0.0014
0
0
0
0
1.2252
0.443
0.7818
0.1879
0
1.1942
10.93
3.0982
0
0
0
0
0
0
0
0
0
1.8243
9.8841
0.5772
0.0697
0.5799
0.3034
0.6754
0
0
0
0
0.01
0.0835
2.0408
1.1705
0.0545
0
0
5.2261
0.5144
0.3305
0
0
0
0
0.9351
2.7133
0.4324
0
1.2478
2.8431
0.2404
0.8468
0.3009
4.2488
2.9826
0.4206
1.1187
1.2083
25.9503
0.4024
0
0
0
0
0
0
0.484
1.6683
3.9707
0.4361
0.278
0.0047
0
0
0.0356
0.2016
0.1165
0.0438
0
0.2849
0.1065
4.2562
0
0
0
0
0
0
0
0
1.678
0
24.683
16.4561
31.9243
5.6284
0.0026
0
0
0.5766
0
1.4697
1.3439
13.607
4.8283
0.2232
0
1.0565
9e-04
0
0
2.5836
20.3942
13.8463
2.649
14.5042
3.2677
0
8.2389
0.219
14.9398
1.0811
0
0.3706
0.2158
1.251
2.3431
3.3402
0.3365
0.0192
0.1763
1.317
0.7285
0.7335
0
0
1.6496
9.5795
12.2008
0
0
8.0618
1.0766
0.9801
0.3838
4.7254
2.945
10.0724
1.6693
11.0322
3.1209
0
0
0
0
0
0
0
0.0912
0
0.1339
0
0
1.9202
0.5975
0.0867
0.1422
0.3741
0.7481
0.0411
0
0
0
0
1.4719
5.5925
1.9801
0.0591
0.0266
0
0
0
0.8169
2.8038
0.1122
0.1884
7.1046
0.4902
0.4073
0.7896
0.7071
3.4534
0
0.0256
0
1e-04
1e-04
0
0
0
0
0
0
0.0831
0
0
0.106
0.249
0
0.0967
0
0
0
0
0
0
0.0369
0
6.2885
3.619
3.1716
0.3053
1.6486
1.96
0
0.0038
0.0589
0
0.1322
0.0316
2.7809
6.8847
2.0146
7.4486
0.0824
0.2862
0
0.7008
0
5.3971
2.2127
0
0
0
1.0521
8.0201
4.7759
0.5014
0.7252
3.7589
5.4486
7.5805
5.9258
2.2015
0.8764
0.2108
12.5317
13.2119
3.2028
0.1156
1.598
0.1721
0.0397
0
0
0
0
0
0
0
0
11.586
1.7932
16.5671
8.042
19.9851
6.0023
2.1993
0.891
3.5449
1.4749
10.2065
3e-04
0
0
0
0.2646
4.4098
5.8279
0.3844
0
0
5.9709
0.0885
2.0814
11.9674
0.5373
0.2446
6.72
0.3645
0
1.5587
9.1771
0.2767
1.6381
0.7532
2.47
2.5687
2.8013
1.0553
15.6674
0
0
0.3612
1.8652
0.2501
0
0
1.9262
1.3755
1.3649
0.2017
0.1473
4.4875
0.1089
0
0
0
0
0
0
22.5469
30.6575
5.2861
11.6472
3.2762
3.5125
7.1871
11.2101
1.2006
0
0
0
0
0
0
0
0
0
0
6.4747
11.6146
5.1091
7.7941
2.5615
0.5231
4.9139
1.7419
1.5993
0
0
0
0.1727
2.645
5.6919
11.0247
0.5436
0.386
0
4.6295
0.578
0
0
0.6899
2.3854
0.0496
15.8338
0.5653
0
0
0
0
1.0636
0.0346
0
0.9535
0.1685
1.0867
0.2069
0.2836
1.1344
0.5501
2.3028
2.6456
0.8226
5.9093
4.4075
0
0.3889
0
3.8904
4.9959
13.2893
10.0326
0
0
0
0.0216
0.0486
0
0
0.1921
7.0665
0.4213
0
1.342
8.0397
14.1726
0.1048
0.0698
0.4073
0.0749
0.0304
0
0
0
0
0
0
4.8522
13.0173
12.6366
0.0461
0
6.6812
0.5334
0.3156
0.0823
5.7955
42.5982
1.0481
0
0.2849
0
2.6568
0.0954
1.3015
3.2937
22.3705
2.4415
0.365
0.3375
0.4817
0.29
0
0
0
0.1058
8.8073
8.5216
4.4336
0
0
0
0
0
0
12.8824
26.4047
0.039
0
1.4252
14.801
9.816
0.1459
0
10.6038
2.1907
0.6571
0
12.1324
0.0406
0.0386
0.003
6.9951
21.9779
0.0515
0.0107
0.6401
0.8637
0.5952
17.3153
0.7255
26.0483
0.8901
2.6174
0.7549
0.5754
8.6738
5.602
0.0172
1.5363
0.3268
0.0862
0.0148
0.014
0.3867
3.5113
3.9042
9.7622
0.0141
0.5372
1e-04
0
0.8277
9.44
0.4073
1.2048
0
0
0
0
9e-04
0
0
0
1.3444
1.9287
3.0079
0
0
0.2243
0.6241
0
0.0227
0.1822
0.9189
0.0327
0
0
0.3865
0.3341
5.4802
0
0
0.1744
0
2.6903
6.2571
0.0476
0
0.189
3.2401
0.136
1.1375
1e-04
0.0331
0
0.0047
2.0649
2.1985
0.454
4.8584
4.7587
0
0.0465
1.5242
0.2498
0.736
0.0265
0
0
1.452
0.2761
7.3439
4.389
2.2014
3.9283
0.2227
0
0
0.5946
0.0499
6.1332
0.0345
2.4253
2.4997
0.3362
0.0851
0.4802
0
7.38
0.0039
1.6089
7.8016
0.0154
0.5922
0.1435
14.9191
13.5615
2.3036
0.0452
0.0529
1.3091
1.7015
2.3169
1.1229
1.0178
0.0725
0
0
2.591
2.388
3.9719
5.8649
0.3639
0
0
0
0
0
2.0086
9.706
5.6695
3.1183
2.689
5.54
2.4739
0.1411
0.049
6.7607
33.9114
6.9378
4.2068
0
0
15.13
0.0146
0.1219
1.2841
0
3.8548
1.4085
1.3591
0.3226
0.3865
2.6103
3.6941
0.0313
1.8953
1.3877
6.4849
3.1699
0.2214
0
0
0
3.0475
3.6072
33.6405
6.9434
6.3924
17.5418
0
6.3667
8.6468
0.1221
14.8035
1.7736
0.1929
0
0.4432
0.179
3.6413
0
0.7793
0.2476
0
0
0
0
0
0
5.6775
9.6466
0
0
2.3575
1.0896
0.8675
0.0145
5e-04
5.2819
9.05
3.0724
0
0.0738
1.4109
0.95
0.011
0.0543
1.8643
0
0.9973
7.9844
23.4264
2.7846
0.1713
0
8.4269
0.6326
0.1477
0
0
0
0
0
0.8527
1.1443
0.0509
0.0626
0.1935
1.8111
0
4.0901
2.9851
8.0367
7.1435
0.2298
0.1736
0
0.2097
3.5967
8.4627
8.5169
1.1143
0.0743
0.4269
20.1613
4.0281
7.6474
0.8875
0.458
0
0
0
0
0.532
0.0896
3.3002
2.0203
0
0
5.2234
0.9623
0
0
0
0.0122
0.5844
0.3334
12.3991
2.7454
3.0959
0.843
9.8874
0.3578
0.3134
0
2.7219
0.2388
3.0431
4.3435
2.3781
0.9515
1.5436
4.7462
1.8001
0
0
0
0
0
0
0.1794
5.1011
2.2665
4.9576
5.6637
0.0756
1.04
0.0282
5e-04
0.3028
0.0291
0
0
1.4178
0
8.3595
2.6062
0.1232
0.3085
0
0
0.0342
5.914
1.9488
3.8788
0.1791
9e-04
1.8534
0.5433
4.9907
0.6616
0.0095
0.4245
0.7228
0.0936
1e-04
1.1407
1.0994
0
1.3352
9.5067
2.2929
0
12.5932
0.8441
0.0518
0
0
7.6849
2.6913
12.9366
0.572
0
0
5.6301
0.0147
0
1e-04
0.1167
0
0
0
0
0
0
0
0.6787
12.1068
0.7819
0.0934
1.71
0.1446
4.3606
0.5421
0.062
3.7782
0.277
0
0.2138
2.2332
0
2.3396
4.285
8.5231
0
0
0
0.1379
2.6274
0
6.5677
1.8654
0.1538
0.8934
0.4229
2.8612
3.2848
6.7731
5.0559
7.1403
2.903
19.7724
0.0832
0
0
0
0.0664
0.1263
0.0775
0
2.6839
1.3371
0
0
0.5795
0.4408
0
6.3016
1.3382
0.0861
0.082
0.3708
1.0142
0.9255
0.3604
2.5817
0.1748
0.001
0.0735
0
0
1.2389
0.07
0.4084
0.0837
0
1.7182
0.7925
0
0
0.4008
2.9819
12.8336
8.0395
3.515
1.0122
9e-04
0
0
0
0
0
0.7427
5.4545
12.6983
1.0677
0.05
4.0807
2.5021
0
0.1522
0.1838
0.2108
18.0028
2.0081
0.1227
0.1974
0.8062
0
0
6.3408
2.8802
0.1549
0.0499
0
0.0337
0
0.2664
0.1427
0.0649
0
1.5496
5.025
2.4345
0.0176
0.1686
4.5867
14.3354
14.9074
14.0817
17.771
1.2233
1.15
7.5269
1.8106
7.2067
6.8289
0.7288
1.3168
0.7095
0
0.4235
0
0
0.005
0.1815
0.1761
0
0
0
0
0
0
0
0.9292
0.0725
0
0
0
0
0
6.5327
4.366
0.0505
0
0.0153
0.1403
0.0954
0
0
0
0
0
0.7414
2.1137
8.8912
4.1062
9.399
2.0588
3.4008
3.3095
5.082
0
0.1404
0.1256
0.4014
2.2796
8.516
16.3114
0.004
0.101
0.1569
0.1957
7.2881
5.6988
1.2124
2.312
0.1987
0.054
2.1608
12.5707
4.8583
7.9599
7.0755
1.3408
0.7202
4.4703
6.9883
6.5358
1.132
0
0
0
2.444
1.0877
0.2328
0
0
0
0
0
0.6918
9.0274
10.008
1.9634
0.1505
6.1289
1.9396
0.0221
0.6868
0.7386
28.2176
0.0064
0
0.8664
11.5624
7.2717
0.6628
0.2924
0
0
0.6209
0.8866
2.5743
0
0
0.5592
7.7465
0.0178
0
0
1.5377
16.3171
0.9598
0
0.0286
0.0935
3.4966
3.5758
3.9453
1.7272
0.0686
0.1699
0.0798
0
9.7574
6.5207
15.5104
1.4262
0.2858
2.9508
0.9295
0.024
0
0
3.8958
15.1892
15.8154
8.8621
0.254
0
0.6046
20.9865
1.0612
0
0
0
1.7685
2.0322
2.1072
0
10.4486
18.7421
0.9158
0.0411
0
0
0
0
0
0
0
0
0
0
0
7.0039
2.6296
0.4102
0.8531
0.0031
0
0.7714
2.1847
2.1681
0
0
0.9463
1.0757
0.4717
0
0.0224
0.8397
2.9546
3.9735
4.9677
4.224
7.5398
15.8302
0
4.0879
3.559
22.7952
4.1178
0.2697
0
0.2466
7.3301
0.7717
1.9903
0
0
0.094
1.1747
1.374
0.4756
7.448
17.1234
7.1765
4.0228
0.0609
5.8562
0.3157
6.8194
10.8734
3.47
3.785
6.6751
7.0392
2.9832
14.366
0.234
3.7373
3.9493
5.1984
0
5.1332
0.0332
0
3.0074
19.8578
4.1348
6.3706
0.3528
0.347
3.4113
0.5959
0
0
2.8952
0.818
0
0
0
12.9385
16.6355
0.9387
2.581
0.0909
0.0696
0.3039
0.9078
0
0
0.429
0.218
1.2133
0.6746
0.936
0.326
0.2262
2.2791
0.0951
0.0372
0
0
0
0
1.8785
0
1.1945
0
0
0
0
0.0358
0.3798
0.0734
1.0825
1.3801
0
0
1.3367
0.3293
6.4559
2.4023
0.048
0
0
0
2.2851
0.497
1.6831
0.3718
2.3149
0
0.4283
0.3579
0.5685
2.2928
16.1312
3.6153
1.1468
11.5969
0.152
0
0
0
3e-04
0
1.9399
0.4504
1.6087
5.4646
0.1896
4.3749
0.2451
9.3035
0
0.0014
1.2579
0.2417
3.9482
1.0968
0
0.0765
0.7056
1.2554
0.5128
0.0945
3.7264
0.1177
0
3.475
2.4477
5.9556
3.5393
8.9175
0.8535
0.1891
0
4.9147
0.531
12.9846
0.0056
0.0273
0
0
0
0.2584
2.329
2.1561
0
0
0
1.9189
1.3578
1.104
0
10.196
3.1276
1.4147
0
8e-04
2e-04
0.9483
1.9332
0.756
8.7838
0.5336
8.2591
1.533
1.0519
9e-04
1.1662
19.1975
5.3948
0.4649
0
0
0
0.0037
1.1638
2.1445
0.2811
4.5149
1.2378
0
0
0.3234
0
1.7877
9.4965
0
0
0
0
0.1976
0.6015
4.061
2.702
18.3158
7.6496
17.0947
4.7308
0.966
1.6533
1.0937
0.9953
0.9833
0.6419
1.9643
10.0936
0.185
1.5086
5.9932
0.7366
0.4309
0.1186
0.0332
0.456
21.4574
9.1791
6.1569
7.9381
2.675
6.8548
8.2238
1.002
0.8179
0.1068
7.7892
11.5996
2.8158
0.9206
7.6306
2.373
0
0.7767
0.7367
0
0
1.1204
5.2392
7.0575
0
11.6896
0.8889
8.7744
0.2162
0
0.2958
0
0
2.7071
25.0131
2.5097
21.2051
8.3332
3.5285
0.3336
0.3661
18.6847
0.0019
0
0.0494
0.0674
0.006
0
0
1.0593
4.1255
5.2434
0.1056
1.7886
0.0487
0
1.6026
4.7284
0
0
0
3.0717
0.8386
12.2024
1.4331
0.5151
22.6995
0.9815
0.2733
0.2071
2.7638
1.6409
4.4238
0
0
0
0
0
0
0.6629
0.1136
0.171
26.4556
8.5975
0
0
0
0
0
0
0
7.1831
0.104
0
0.3963
0
0
3.8111
15.2282
10.2581
0
0
0.535
0
0.1259
13.7974
0.0088
0.0875
0.0242
4.8541
4.9362
1.9766
17.6632
5.9269
16.5666
0.8803
5.0979
11.9702
14.1245
0.3061
28.5021
4.7688
0.2909
0.5422
0
0.0321
1.0736
0
0.0575
1.5845
10.1634
8.8361
0
0
0.1205
0
0
0
0
0
0
0.0686
5.952
4.7324
2.183
0.0376
0
0.0294
0
0.3277
1.5039
0.0253
0.3657
0.1286
0.0421
0.0144
1.572
1.6227
0.0418
2.6046
0.1375
0.3511
0
0.317
0
4.886
8.5397
0.5665
11.5647
1.6443
0.1794
0.0965
0.2448
0.5717
24.9329
0.0689
0.6481
0
0
2.2973
16.6899
1.6597
0
0
0.2166
8.6054
5.8554
5.9896
0.0641
0
0
0
0
0.5014
1.0718
0.4868
3.3205
1.397
0
0
0
0
4.9517
4.3071
0
0
0.3592
0
0
0.183
0.166
0.8434
0.0862
0
0.2623
0
0
0.5313
0.4041
8.1951
0.474
0
0.0538
0.0857
0.94
0
0
6.3182
9.7283
9e-04
0.0265
0.5843
0.1318
0
0.0648
2.4141
0
0.4317
4.8121
6.7654
0.1839
0
0
0
0
0
0
0
0.0841
0.0109
0
0
0.4672
0.2251
1.1359
0
0.0531
0
0
0
0
0
0
0
0
0
0
1.6496
4.7584
6.2008
0.135
0.5128
0
2.1687
0
0
0
0
0
0
0
0
6.4653
0.2259
0.2335
0
0
0
0
0
0.6401
0
0.0191
1.4734
0.6366
0.1023
0
0.8953
26.6332
3.1409
0.3263
3.8088
0.0663
6.9933
13.7856
0.7481
0.59
0
0
0
1.294
5.2016
0
0.2882
2.1545
0.823
0
0
0.3356
0
0
0.6045
3.1647
0.2707
0.0069
1.9988
1.6786
0.8481
0
0
0.5189
16.7924
8.0532
0.1697
0
0
0
0
0
0
0
0.8338
0.1087
0.5184
1.6923
0.1648
0
16.5269
3.6297
0.5491
0.0507
0.0745
0
0
0.6459
2.5384
0.1278
0
0
18.7817
7.5897
19.2926
8.0195
17.7959
0
0
1.3811
2.8493
0.1987
3.3644
0.2082
0.045
15.0433
0.4163
0
0
0
0
0
5.587
28.4208
4.1343
8.0439
1.3559
0.632
1.7564
4.8536
0.0654
0.0672
12.4807
24.065
5.2781
5.4202
2.3888
8.4217
4.1111
6.0892
2.7487
3.5207
0.0515
0
4.4443
0.0509
3.6685
8.9615
0
0.1351
0.1593
0
0
0
0
0.2939
0
11.2264
0.7953
0.045
0
0
0
0.0335
1.4324
3.7787
2.3167
6.9206
0.0118
0.22
0
1.9811
3.5066
7.9967
0.4427
0
0
0
0
0
0.273
1.1367
0
0
0
6.4103
10.7296
1.2269
0.2168
3.2318
27.1516
25.4657
10.871
0.2377
1.0995
6.5157
0
0.0622
0
0
0
0
0
0
0
0
8.6201
4.1993
1.274
1.3018
11.3926
1.9313
5.0121
6.8392
0.4975
0.5027
0.2593
2.1641
0.0791
0
0
0
0.2746
0
2.2469
1.414
0.7301
0.146
0.6283
0.3817
0
3.4317
2.8699
0.4937
1.6465
0.5601
3.5449
0
0
0
0
0.4389
5.143
0
0.1472
1.1701
0.6028
0.1017
6.6597
1.9406
0.727
0
11.1295
0.1722
0.4536
0
0
0.5165
0.0096
0.0444
0
0
0
0.2171
3.6224
5.7843
0
0
0
0
0
0.045
0.369
1.0772
0.2723
0
0.9577
0.2722
0
1.7958
0.6208
26.0077
0.8839
2.8284
1.1195
4.9224
1.5295
4.2259
7.2034
4.1265
2.8699
0.0548
0
1.3676
1.016
2.523
0
4.4036
5.5717
0
1.6056
18.8486
0.5815
0.0881
2.6263
0.8946
6.5623
1.7224
0.0488
0.8631
0.2645
2.1405
1.0476
1.4303
7.8075
1.1041
0
0.0311
0.0018
0
0
0.1237
0
0
2e-04
1e-04
0
0
0
0
0.0635
0
1.5272
0
3.9762
5.4886
1.3399
3.3283
0.3507
0
0.8853
1.7998
1.0468
2.9429
0
0.0391
0.3304
1.7925
1.5876
2.8317
5.7435
0.9276
9.589
0
0
0
0.0561
0.3915
0.3929
7.1425
4.9551
0
0
0.7228
0
0
0
7.6831
2.7946
1.4824
0
2.6919
0.0462
0
0.3612
0
0
0
0
0.9241
2.2086
0.8351
0
0
0
0.2943
0.2534
0.0069
0
5.3596
0.6021
0.8207
0.4154
0
0
0.5812
0.0566
4.6835
0
0.7255
0
18.484
4.3697
0.388
0.449
0
0.2644
1.2918
1.3119
0.5033
3.4738
13.2844
2.1466
0
8.4742
3.756
9e-04
0
0
0
0
0
0
0
0.7498
0
0.5295
1.167
1.5093
1.6835
0.0324
0.7725
0
0
0
1.1925
2.6503
0.51
0.1878
0
0
0
0.0098
0.0991
0.0158
0.371
0.1516
5.9423
0.3364
0.0627
0
0.0691
0.4235
0.6016
5.1142
0
0.5731
0.695
0.6453
0
0
0.6035
0.6315
0
1.058
0
0
0
0
0
1.1046
4.7764
0.176
0
0
0
0
2e-04
0.0041
0
0
0
0
0
0
0.4761
0.0584
0
0
0
0
0.7259
2.9795
0
0
0
0
0.0631
0.0777
0
0
0
0
0
0
0
0
0
3.1641
4.3429
4.1807
0
0
0
0.1093
0.6085
11.6878
1.5676
3.8364
3.6226
7.3889
0.1002
3.0732
0
12.4612
8.543
0
0
0
12.3197
5.0816
0.1066
0
1.1732
4.6882
6.5773
5.556
0
0
0.4523
3.7046
2.5633
1.0084
0.2176
2.2457
5.8877
0
1.7932
13.2237
13.9223
0.3596
0
2.7255
12.1844
0.5402
0.1487
5.0183
0.8994
22.7426
0.7346
0.2399
0
0.8362
1.82
17.5074
6.0919
0.9664
0.0012
0
0
0
0.001
7.7837
1.7591
3.2971
0
0
0.0701
0.3121
1.0149
5.1024
3.4374
0
0.4722
0.2735
0
0
0
0
0
0
0
1.5512
3.2983
0.1983
0
0
0
0
0
0.8942
0.1155
0.0262
0.0071
0
0
0
7.1622
5.2082
38.9875
0.7235
0
3.9257
2.6405
3.9844
0.9602
0.0278
0.6695
0.1217
2.0062
0
0.36
0
0.0279
0.2816
0.0923
19.0139
18.7378
7.9939
1.5643
4.2957
0.5038
17.8145
2.7067
0.0168
6.1541
0
2.2054
2.3126
0.0235
0.0032
2.0051
22.2751
0.616
0
0
0
0
0.2858
2.7412
0.4389
0.466
0
0.7644
0.3366
0
0
0
0
0
0
0.4532
1.4071
0.4483
0.0184
0.8836
0.2554
0.1847
0.1779
0.2502
0.1096
1.1363
0
0.278
0.138
7.7802
0.717
0.5508
0.2553
12.8081
16.8531
0.0016
0
0
0
0
2.2823
1.6623
0.0465
14.1589
0.0265
4.2348
0
0.3533
0.0541
3.3908
2.2778
0.8911
0.7707
0
0
0
0
0.2055
0
0
0
0.4581
1.1826
17.0597
0.1113
0
2.3363
2.0136
0
0.2539
0.5246
2.3526
0
2.437
1.1376
0
0
0
0
0
0
1.0958
0.871
0.4839
0.0435
0
0
0
1.7405
8.0891
0
0.2491
0.1664
0.1544
1.2393
0.0569
0
0
0.4604
0
2.1434
3.3959
0.4688
0.3572
0
0
0
0
0.1192
0.1404
0.0077
0.3558
0
0.8669
12.7937
0.1476
8.3907
0.7601
0
0
0
0.2574
0
5.7026
11.1587
1.4961
10.4717
1.1957
2.8625
2.3255
14.6452
16.3185
4.1649
0.821
2.4861
2.5213
0.7403
0.1232
0
1.9649
3.1141
1.9719
3.5699
2.3587
2.7037
4.8827
1.2488
0
0.0934
0
0
0
7.8762
1.1266
1.1626
2.5944
1.3049
0.1542
0.0918
0.6472
1.0663
0.2465
11.2481
4.032
3.2603
1.0431
4.3334
1.0787
1.4529
3.4394
6.7186
0.485
1.6439
0.0102
0
0
3.3823
4.1061
1.7453
1.1797
17.0047
1.4008
15.9367
23.7169
0
0
0.9826
1.2648
26.3888
6.3352
17.1109
5.9642
6.1096
2.3206
0.0154
0
0
1.0174
0.6673
0
15.5501
8.2815
6.0025
2.8884
2.055
1.5367
1.3755
6.0922
1.646
2.8776
1.7319
0.0792
0.274
0.1086
1.2927
1.1118
0.9464
0
0
1.8508
0.1302
6.8094
1.5345
0.6412
0.4875
0
0.0032
0.9515
2.1603
0.5144
0.4382
0.3124
0
0
0
0
0
17.1008
17.7707
0.8167
0.2606
0.0263
0.0168
3.604
14.4766
4.6623
3.843
0.2002
8.9204
0.5489
0
0
0
3.8946
2.6458
0
0
0
0
0
0
0
0
0
4.4147
0.8463
0
0
0.2199
13.7303
2.5789
1.8276
0.2318
0.0716
0
0
0
6.8688
2.0058
0.501
0
18.7029
0.0167
0
0
0
2.6527
5.2082
2.9217
7.7744
13.1329
0.0643
0
10.7843
8.5963
3.2582
13.7049
2.2708
0
0
0
0.2047
0.3989
0.1669
0
0
0
0
0
0
0
0
0.3662
0
0
0
0
0
0
0
6.6038
0.0869
0
0
0
0.1828
3.4827
9.1316
0.451
28.5048
2.8412
2.7625
0.2121
0
0
0
0
0
0
0
3.242
2.3997
0.1092
0.1035
0.2229
0
1.3796
3.4544
8.5628
1.906
1.0224
0.2127
0
0
0.705
8.6167
15.9579
10.7066
0.4192
0
0
0.0624
0.0465
0.0656
0
0.1164
0
1.1783
0.63
2.5943
0
0
0.0301
0.056
0.2013
0
0
0.6064
0.0579
0.2945
0.0903
0
2.8803
0
0
1.6684
1.8619
0.2254
0
0.1527
2.009
0.7023
0.5124
0
0
0
0.5949
2.2577
0.1184
1.7747
3.3405
6.7961
5.8362
0.3286
0
0.3688
7.213
0
0
0
2.9734
1.4699
2.0711
0.1469
0.0641
0
0
0.3746
0.1355
7.0391
4.4325
0.0605
8.1589
0.9646
0.0574
0.0129
0.1759
1.8939
0.0486
0
0.0166
4.5024
0.4637
0
5.1459
16.1687
2.122
8.3867
0.32
0
0.6043
0.0102
1.2849
0
0
0
1.2657
8.2935
25.6393
4.0474
0
0
0
0
0
37.5884
3.9573
0.7956
0.0558
0
0
0
0
0
0
0.0524
0
0.9633
1.4151
0.507
11.0546
0.8767
1.0608
0
0
0.2762
0.2166
8.0043
0.7257
0.1214
4.202
0.0792
0.1709
1.4403
1
0
0
0
0
1.1803
1.9337
6.4767
2.4391
5.897
2.098
0.7983
0.5855
0.3581
0.2854
0.643
0.4852
0
24.9931
2.0002
0.6832
0
4.1363
0.0145
0
0.3795
0
0
8.9203
6.8964
0
0
0
0
0
0
0
9e-04
2e-04
0
1.0864
10.0104
26.3298
3.476
0.0549
0
0
0.0956
2.9791
5.4577
4.9545
10.2942
6.1636
4.7264
18.3907
3.4771
0.1345
0.0289
1.8147
0.3
0
0
2.6609
4.8913
12.9167
0.0694
0.1547
0.3349
0.2774
0
6.4569
3.3998
13.1175
4.5587
0.0373
0.1585
1.762
20.0133
5.7015
0
0
0
0
3.5193
0.5752
0
0
0
0
0.1635
1.0611
3.7254
2.9609
1.1611
0.3871
0
8.2508
5.7773
7.5904
0
0
0
0
0
0
0
0
0.0538
3.3944
1.6044
28.7938
17.3202
3.5291
14.9593
0.7035
3e-04
0.034
0
0.2101
15.7991
13.6212
24.3244
2.3322
0
0
0
0
0
0
3.4662
2.2692
0
0
0
10.689
6.1066
0.5266
0.0776
0
0
0
2.4416
3.1136
33.971
0.0488
0
0
0.0542
2.7326
9.4257
4.0197
4.013
1.326
0.7662
0
0
0
0
0.062
0.321
0
0
0
0
0
0
0
2.3607
12.5707
1.9655
34.4066
0.0623
0.25
4e-04
1e-04
10.4282
1.9892
6.8227
0
0.0222
7.1224
2.0589
2.8502
1.9691
0.3083
0.3515
0
0
0
0
0.9265
1.3513
0.0163
0
0.1994
19.7985
0.1942
0.3017
2.176
2.4838
23.7025
18.9563
2.7662
2.3746
0.3422
0.0088
0.0866
0
0.6125
17.6642
0.0492
0
0.3334
10.1163
0.1354
0
0
0
0
0
0
0
0
0
0
0.058
1.2742
15.9457
0.8362
0
1.2806
2.1823
2.6958
0
0.4394
0
0
0.1407
0.0715
0.4853
0
0
0
0.7448
11.9789
1.3136
0.1175
0.1125
0
6.3478
5.4289
0.1408
0
0
0.0666
34.7147
1.772
0.0911
0
0
0
0
0
0
0
0.0236
0
15.7281
1.5306
2.0077
14.12
0.407
0
20.6708
1.9274
17.765
1.9134
0
0.9904
0.5084
3.9316
26.8495
28.2847
0.1801
0
0
0
0.0033
2.6044
0.1729
0
0.0257
0.0906
0.4341
12.122
0.3071
0
0.6236
0
8.9478
0.3084
0.0273
0.1983
3.9092
3.9599
0
9e-04
0
0
1.1539
0.5475
0.7745
0.0642
4.695
0
0
0
0
0
0.5981
0.8525
0.3502
0
0
0
0
3.152
3.8873
8.43
1.5245
3.4708
0.6769
2.1515
1.4394
1.2332
0
0
0
0
0
0.0727
3.8718
0.6361
0.5888
3.8152
0.2137
1.3797
4.6925
2.9034
0.0333
0
0.3414
0.0931
0
0
0
0
0
0
1.4515
7.4425
0.994
0
0.0537
4.8309
6.1679
0.4559
1.0682
3.646
2.3552
2.122
0
0.0508
0
4e-04
0
0.4602
1.0634
3.67
0
0
3.293
6.2074
1.0163
0.4622
0.1164
8.9629
4.4739
2.7656
0.0231
8.6018
0
22.3563
11.6861
0.6943
1.9441
0.134
5.6826
0.0542
0.0267
0.0022
0.5346
0.6617
0.0275
2.619
0.1299
0
0
10.3442
3.0089
0
0
2.655
0
0
0.2465
2.2064
3.9458
0.0712
1.1992
5.6183
1.3139
0
0
0
0
4.8271
6.663
2.7273
22.7734
1.5069
0.0433
0.4355
10.1871
19.1671
3.8213
4.3845
0.0676
4.5252
0
0
0
0
0.1533
0.7046
3.5344
0.981
0
0
2.4775
7.8296
0.2801
0.0992
0
0
0.0202
0.3333
0.2544
0
0
0
0
0
4.7926
0.3361
3.85
5.1683
2.185
5.4229
0.6529
0.1526
0.4098
1.524
0
0
0
9.0218
3.6344
0
0
0
0
0
0
0
1.7456
6.6059
0.9426
0.0572
0
0
0
0.1644
6.4875
1.5423
0.0686
0
0.2679
9.173
0.7485
0
0
0
11.3742
3.8671
0.3824
0
0.3513
0.2899
0.388
0.1059
6.1155
5.5242
14.7023
17.6479
6.2532
0.0765
0
0
0.2956
0.0634
0
0
5e-04
0
0.9762
0.1059
0.1678
0.1902
11.4919
11.1733
0
0
0
1.3556
4.3178
0.9866
0
0.5758
0
0
0
4e-04
0.0041
0
6e-04
4e-04
0
1.0176
5.3345
0
0.0926
1.0362
0.3516
0
0
0
0
0.0072
0.8649
17.8949
1.5848
0.4057
0.5274
0
0
6.5041
2.2866
0.978
2.5034
0.7756
0.8296
0
0
0
5.3996
0
0
0
2.9428
29.3357
17.2695
18.6714
5.7871
0.0233
0
5.4423
1.6421
3.0182
0.1972
0
0
0.2197
1.6805
1.0228
0.0062
0
0
2.6676
0.636
0.6218
0.0919
3.149
1.2352
0
7.6336
5.3943
12.7541
2.7076
4.2071
0.1218
0.5719
0.0714
1.739
0.4513
1.2363
1.3707
0.7991
3.3227
3.5496
8.4662
0.7953
0
0
0
0.006
0.0522
0
4.2153
1.6681
0.9002
0
0.1029
0.2448
0.3098
0.1835
0.4581
0.3265
4.436
0
2.1681
9e-04
0
0
0.514
0.5392
4.0493
0.81
0
0
0.4656
4.8907
0.0794
0
0
0
0.0636
0.9547
0.0988
0.6384
0
4.5744
24.1694
0.7774
0.4252
0.0419
0
0.0545
0.6642
0
0
2.7737
2.127
0.9841
0.129
0
0
0
0
0.5336
0.6037
0.2042
0
0
0
0.3513
0.578
1.4632
0
2e-04
7e-04
0
2.1444
0.0492
15.6382
0.6031
0
6.8865
5.9238
0.4348
0.53
0.564
0.1464
0.0378
0.7046
0
0
2.253
0.2825
0
0
0
0
0.7604
10.6295
4.5755
1.2842
0.2858
12.2655
1.6349
0
0
0.0341
0.0792
0.2446
11.4876
3.2797
4.0499
0.0567
0.8902
9.1092
0
0
2.9726
1.7474
2.4151
0
0.6463
5.8517
0.7312
5.0152
0.1541
0
1.1365
0
0
0.0312
0.0094
0.9469
0.5869
1.8052
0.0719
0
0.2979
0.4078
10.8269
17.5332
11.9564
0.612
7.4078
9.7904
5.8663
1.2808
5.138
2.3874
0.4481
1.1128
0.3162
0.4668
3.0395
0.9145
0.6177
0.4246
0.8332
2.4133
0.0094
0
0.7621
5.546
0.1245
0
0
0.0952
0.1466
0.5905
0.185
12.0937
4.748
0
0
0.3458
4.3481
12.475
21.9535
0
1.3394
0.3942
1.6464
2.1813
21.0777
0.388
0.2219
0
0
1.4039
3.6692
0.597
3.192
0.0779
0
0
0
0
0
4.7341
0.257
0
3.0852
30.9978
0.7858
0.1527
0
4.7423
2.0591
6.4824
0.7232
0.5502
0
0
0
0.0301
0.2373
0.0426
0.5143
0.0345
2.3447
0.0619
0.2478
0.3138
0.8636
10.7065
0.0074
15.1107
29.8449
17.767
29.1468
1.9157
17.46
1.118
4.0839
5.4006
0.9443
1.0919
20.306
3.6058
0.2214
7.3552
1.0743
0.0729
4.3369
7.2341
10.7218
0.1107
1.3913
6.3402
1.383
0
0
0.0118
2.7942
0.4726
0.709
9.6912
0.4988
13.213
5.3578
4.2839
0.5572
0
1.9621
6.7129
0
0
0
0
2.8364
1.2373
2.4317
14.2489
7.7435
0
0.0275
0
0
1.6597
7.3632
18.1988
0.7909
21.8288
20.4337
15.3696
5.2883
14.0315
0.0303
0
0
0.3353
0.139
0.1024
2.7412
10.0609
2.5096
0.2368
39.7969
5.5123
0
0
0
0.0215
0.2938
0
0
0
0
0
0
0
0
0
1.2322
1.9113
11.546
0.779
0.9231
0.7199
0
13.7843
13.8695
3.0763
0.0136
2.2859
1.7499
0.4853
0.1115
0
0
0
0
0
0
0
0.7425
0.1082
0.0052
20.2386
14.4782
0.5756
3.3531
0.3627
0.0935
0.375
0.2675
3.6024
3.8246
14.7567
24.3214
1.9738
0.0704
0.0857
0
0
0
0
0.0365
15.6957
8.1033
8.5192
0.3855
2.435
0.022
0.0775
0
0
0
1.4495
0.2395
0.2679
0.0848
0.0351
0.0194
0.061
0.0271
0
9.2687
0.293
0.0161
0
0
0
0.1352
0
0
1.4114
5.1666
0
0
0
0.027
0
0
0
0
18.936
19.3307
10.3937
0
1.9908
10.7117
20.4304
7.0966
0
0.0261
0.815
0
7.1
0.435
4.9985
8.0778
0
0
0
0
0
0
0
13.5454
1.725
0.0142
5.8561
0.0042
0
0
0.3705
0
0
0
0
0
0
0
0
0.0799
0
0
0
0.2473
0.7651
13.9208
1.1874
0.0541
0
10.3807
0.1197
0.0044
0
0
10.1993
4.619
1.4473
0.2981
0.3132
2.1887
0
0
0
0.0588
0.2667
21.5109
4.0268
0.0754
0
1.8401
0.7277
5.6344
1.9385
0.542
0.8713
0.1628
1.4785
3.8434
6.8274
0.0993
0.4853
5.6596
1.5047
0.3673
16.8303
1.4955
0
0.0399
0.02
0.1954
0
0
6.9136
16.602
0.1212
0.1221
0
0.0149
0.0991
0.0179
0.1315
18.6501
8.036
0.597
0.7077
0.2005
3.2371
1.7156
7.7967
0.5215
0
4.5329
3.7074
1.9901
0
0
6.2096
14.3106
1.4707
0
0.0309
1.4389
2.9819
0.0262
0.0185
1.0239
3.5433
2.5508
0.0069
0
9e-04
0
0
0.3224
3e-04
4e-04
0
0.0554
0
0
0.5893
0.6111
0
0
0
5.2747
2.9167
0.4383
0
0.1421
1.563
3.6097
1.9014
8.9946
0.0893
0.1621
0.0026
2.8518
5.8531
0
15.4009
36.2345
14.178
0.6224
0
0
0
7.9379
0.3353
0
0
0
1.074
6.6512
11.8223
0.3394
0
0.0176
6.5219
11.7341
0.6378
6.9799
1.2438
2.4985
1.8361
3.7763
6.5357
0
0
0.1475
1.6893
4.3143
1.3581
4.6979
4.1156
6.4118
0
1.3309
0.0608
0
1.0088
0.395
3.6293
0.0016
0
0
0
0.1174
6.2834
0.296
0.0357
0.0499
0.4481
0
0
0
3.2551
2.8808
4.1476
0
0.3134
0.146
0
0.3691
3.6232
3.2561
1.4611
0.0042
0
0.0066
0.0727
0
0.048
0.0032
1.3257
0
0
0.0061
0.041
0
0
0.0032
0.2027
0.2872
0.3004
3.4416
9.6642
7.9104
10.2126
0.9025
0
10.6513
0.5894
0.242
0.7829
1.0337
0
0.2002
0.0129
1.5351
4.5391
0.5196
0
0
1.3991
0.1318
0.6659
0.0142
2.1097
2.1785
9.5307
10.8284
4.5334
1.9828
4.0161
2
0.3464
0.085
9e-04
0
0
0
7e-04
0.4409
12.282
0.1081
0
0
0
0
0.0663
12.5465
10.1139
0.0272
0.9824
3.1999
5.0739
0
0
0
0
0
0
0.0051
0
7.1143
3.6616
0.6325
0
3.9505
0.2558
3.4857
0.1147
0
0
0
0
0
0
16.7155
12.7962
1.3196
0
29.0437
0.2552
0.4246
0
0
0
0.7568
2.1554
0.427
3.7708
13.7154
0.6887
0.2542
0
2.398
1.7303
0.8764
18.011
2.2412
0.2512
0.0885
0
0
0.382
0
0
0
1.679
1.0879
0
0
2.3765
2.4676
1.0018
4.6024
0.1869
0.4972
0
2.173
0.1636
0
0.1327
0.1812
0.0756
0.0704
0.1704
0.0723
0.1218
2.3711
1.7817
6.2818
3.3785
0.1415
3e-04
0
1.2431
0.6906
0.0998
0.6152
0.2796
0.5489
6.4088
0.0233
0.0032
0.1038
0
0
0.3479
1.2936
6.2549
0.8962
15.1121
11.5923
0.2561
0.5661
0.1235
0.1408
0
0.1758
2e-04
0
0
0.0968
6.8939
1.7527
0
0
0.0829
0.427
0
0
0
0
0
0
0.0311
0.1229
0.0449
10.6387
2.5395
1.6236
2.0005
0.0264
0
0.0652
0
0
0
0.2566
3.1841
3.2139
0.387
3.3181
3.906
0
0
2.617
0.1908
0.1885
0
0
0.2449
0.3309
0
8.2412
0.3088
0
0.5427
0.1249
0
4.1337
0.9053
1.6699
3e-04
0
0
0
6.6682
2.2671
2.0273
17.9055
3.8241
0.8468
0.406
17.456
8.65
24.8655
4.1108
0.1584
0
0
0.0996
0
0.042
0
0
0
0
0
0
0.5464
8.2614
2.0998
6.8573
3.9581
1.8061
0
0
0
0.2657
1.5103
5.1666
0.641
1e-04
0
2.2282
5.6889
0
0.1137
0.6621
0.0354
0
0
0
0
0
0
0
1.3274
5.8822
3.6987
0
0
0
0
0.6846
2.6312
0
0
0
0
0.0944
0.0743
0.3966
0
0
0.0363
1.0398
3.3905
0.4754
0.1863
1.1757
0.9112
0
0
5.0353
3.1466
0
9.1898
34.3502
10.6881
8.651
3.3111
0.614
9.9174
0.4902
0
0.4395
0.1216
0
2.371
0.2414
1.0722
5.3277
6.0057
0
0
0
0.8349
1.4345
0.251
0
0.2459
0.0742
0.0262
0.2995
6.3326
13.611
0.3475
0.9203
2.2245
0.6001
1.7159
7.1364
0.5118
0.4031
0
1.2708
1.2845
0.0693
11.6283
3.8388
0
0
0
0
0.7916
5.3819
1.7704
28.0813
13.2141
0.0078
0
0
0
3.0222
11.1339
4.3691
0.7003
0
0.1169
0.3893
0.2852
1.1674
2.9114
1.3995
0.8433
0.584
0
0
0
0
2.0322
0.0792
0.0802
0.0184
1.1757
0
0
0
0
1.3954
0
0.106
1.2879
0.0612
0
5e-04
4e-04
0
0.1138
0.9673
8.0307
3.8251
2.3271
1.3883
0.8623
0
0.4177
2e-04
0
0
0
0
0.5862
0.8593
5.7071
0.005
0
0
0
0
0
0
0.0283
0.0711
3.6117
0.01
0
0
0.6848
0.7172
0.848
0
0
0
0
0
3.803
8.4298
0.2063
0
8.055
4.9504
5.9705
0.0149
0
17.2935
2.756
0
0
0
0.2428
0
0
0
0
0
0
0.3675
0
0
0
0
0
12.937
6.119
0
0
0
0
1.601
0.2733
6.1287
1.3162
18.0153
3.0098
10.8134
3.2884
1.8626
0
0
0
4.6794
4.0754
7.1615
2e-04
9e-04
0
3e-04
6e-04
0
0.001
0
0
0
0.001
0
0
1.7834
2.2918
0.0148
0
0
2.9869
1.7998
3.7185
0
0.019
0.0077
1.2529
0.4314
1.699
5.3041
11.3819
2.3582
0
0.6264
7.8263
32.1116
5.3083
1.844
0.3327
0.401
0
0.0026
0
0
0
0
0
0.1452
0
0
0.4237
0
0.0258
0
0.0392
0
0
0
0
0.2471
0
1.6556
0.1611
0
0
0
0.07
0.229
0.0012
1.3026
0.517
0.1103
0.8079
11.6811
5.572
0
0
0
0
3.0573
1.3238
23.978
9.0398
0
0
0
0
0
0
0
0
0
0
0.2967
0.7034
0.5388
0
0.0397
0
0
0
2.0783
1.2219
0.0508
0.0795
0
0.0149
0.3736
0.1931
1.3411
0.0439
0.2799
0
19.8558
28.0866
9.1321
0.4322
10.9068
0.1922
0.0149
0
0
4.0087
10.0932
0.7999
2.0705
23.0406
0.0396
0
0.0695
1.2392
0.0075
0.0324
0
0
4.9363
0.0298
0.2521
0
1.4497
5.3799
0
0
0
13.2275
4.7159
4.0386
0
0.3622
5.172
0
0.091
6.859
9.5535
3.9992
1e-04
4e-04
0
1.9279
25.1866
3.6138
0.0012
0.2544
23.5723
7.9457
0.0448
0.0462
6.2911
7.0401
2.9899
0.01
0
0.3539
0
1.9323
0
8.1822
0.5855
0.001
0
3.1515
1.0224
0
0
0
0
0
2.1232
1.7843
3.085
3.5286
5.0828
9.1834
25.3417
2.629
4.2549
2.9685
0.8009
0
0
0.6714
5.9695
0.4042
0.0183
0
0.0201
0.0157
0
0
1.0916
9.1198
0.2865
2.959
2.6786
0.2192
0.0219
1.4476
2.3122
2.4348
12.3751
5.6278
1.8034
2.8065
2.5275
2.3057
0
0
0
6.2941
3.4349
3.1522
6.5007
6.7425
1.0323
0.1638
7.8307
4.2229
0.2164
0
2.4047
4e-04
0.0052
4.6396
1.2459
20.0063
4.7662
0
0
0
0
0
0
0
0
0
0
0
0
0
0
0
0
0
0
0
0.1327
2.8671
0.3582
0.2712
0.2411
0.7666
0.1135
0.218
0
0.0735
1.7077
0.3341
0
16.0476
1.0494
2.4602
0
0
0
0
0
0
0
0.3341
0.2799
0
20.626
4.4558
49.1498
8.4566
0.0139
0
0
0
0
0
0
0.1675
0.0321
0
0
0
0.3284
4.1031
1.8027
1.23
0
1e-04
0.0279
0.0415
9.9783
0.9742
0.6616
0.6649
5.4317
1.9825
15.9433
0.2719
0
9e-04
0.3596
16.3966
0.0292
0.021
4.2959
21.5738
1.3082
4.654
0.0206
0.2843
1.352
1.7282
2.7114
1.3811
0.1148
0.2201
0.1259
0.0388
0
0
0.0255
0.0547
0.1036
0
0.3172
0.0707
0.9333
0.3941
0
0.302
0.0226
0
0.4777
2.3801
0.0939
0.1218
1.0414
3.8548
8.5719
0.0104
0
0
6.0957
5.9892
0.1041
0
0.4394
0
1.3853
0.5864
0.1782
0.3806
0
0
0.4457
0.1422
0.5674
3.3471
6.8545
0
2e-04
0.0938
0.5426
0.0673
3.3298
1.9025
0.7285
3.1724
0.0153
0.001
1.3988
0.6298
4.6523
1.8112
9.678
0
0
0
7.9556
8.6304
0.0502
0.2067
1.6807
1.4574
0.7353
0.2379
0.2799
0
0
0
0
0
0
0.9406
2.1167
0.11
0.2471
0.0632
0.0989
0
2.4347
0.4142
0.32
0.0564
0.292
0.1268
0.5889
0.1064
0.053
0
0
0
6.9509
17.8427
4.5949
4e-04
0.2506
0
1.1461
0.8372
11.2432
2.1265
0.371
0
0.3238
0
0
0
0
0
0.6516
0
0
0.7132
25.3341
13.4802
0.4856
0
0
3.3039
2.4633
0
0
0.218
0.3351
0.7964
1.6847
5.3006
0
0
3.155
0.9373
0.1081
0.3718
0
0.2751
0
0
4.4455
4.0224
0.198
5.4715
2.1524
0.0945
0
1.8044
4.7686
0
24.9552
18.6503
0.7542
0.5266
4.0574
1.2808
1.2183
10.9832
13.9286
1.4354
0.3448
0.7996
6.7195
2.983
1.341
0.0323
2.3628
11.3443
18.6125
7.7869
0.3637
0.0034
0
9.464
1.8047
3.9301
0
0
0.4286
1.8161
0
1.1414
1.136
0.3308
3.7255
8.2993
0.1775
0.2787
0
0
0.1566
6.3477
3.1158
2.0284
0.7047
18.5324
13.8637
1.6761
3.0538
2.2092
6.9226
6.1411
2.3782
3.2829
1e-04
0.9363
4.8817
8.6836
3.9751
0.655
0
0.0023
0.1338
6.2377
0.1376
1e-04
0
0
0
0
0
0
0
0
0
0
0
0.4519
0.1549
0.1954
0
8e-04
1.2443
9.3947
16.3905
0.8
0.3254
7.9647
1.2753
2e-04
0.0255
0.0403
1.2024
2.8077
2.2882
2e-04
0.2762
11.9347
15.0835
10.4421
0.5758
1.0296
0
0
0
0
0
0
1.0376
0
0.0018
0
0
0.337
0.0538
0
0
0.0011
0.3314
0.6154
0.9919
1.0018
0.301
0.3272
0.0036
0
0
0.0744
4e-04
0
0
0
0
0
0
9e-04
0
2.9644
8.4663
0
5.9228
0.0113
0.2982
6.943
0.8603
2.6255
2.4403
2.7214
0.7321
0
0
0
9.6483
12.502
0.3473
0.1868
0
3.2378
16.2422
24.0977
0
0
0
0
0
0
0
0
0
0
7.4411
0.7766
0
0
0
0
0
0
0.6681
15.6001
1.3233
0.8612
0.008
0.0279
8.3796
0.2775
0.0187
0.7243
2e-04
0.8743
1.6165
11.0339
0
0
0.2693
0
0
0.5174
1.8562
8.6933
9.4976
2.3328
0.4661
1.7481
0
0
0
0
1.8662
0.8822
0.3314
0.3311
0
0
0
1.3963
8.2929
8.4333
8.3818
4.2484
0.0808
0.016
5.9224
9.5219
0.8178
0.9847
1.4852
1.8055
0.3379
0.1635
0
0.5188
0
25.7162
8.3492
1.6146
0
0.2112
19.2296
9.7007
0.6047
0.0761
0
0
0.0898
6.1748
5.8355
0.0267
0.0989
0.1531
3e-04
0.0758
0
0.1461
1.2774
0.3893
0.4722
0.0891
5.7676
0
0
0.3501
4.1391
0.394
0
0
0
2.9275
2.1349
6.3196
0
0
0
0.588
0
11.487
0.7985
2.8327
2.7599
0.1607
7.4246
5.3128
0.1619
0.197
0.0799
0.1689
0.4293
0
19.6704
1.7176
0
0.2193
0.6676
0
0
1.7184
0.32
1.2046
0.1036
1.0074
2.8728
0
0
1.9618
5.7734
3.4186
0.3043
0
0
0
7.193
37.176
0.012
2.8076
7.0944
0.1254
0
6.8488
3.6978
0
1.7336
2.2676
1.2806
0
0
0.9255
28.6529
0.0492
0
0
0.2374
0
0
0
0.9639
1.0649
0
8.746
0.5006
0
2.8707
10.3259
0.5167
2.0577
0
0
0
1.3463
8.8119
0
0
0
0
0
0
13.5979
0.7808
0
0
3.4196
0.751
0
0
0
0
0
0
0.0266
0.0474
0
0.5049
4.9454
0.1074
0.0127
3.6701
6.8494
13.1433
4.0149
8.7627
0.0308
0
4.862
0.5127
1.0618
0.3746
1.5982
0.0838
2.0169
5.0962
0
0.4738
17.9457
9.9073
0
0
0
0
0
60.9695
0
0
0.0131
13.8454
0.2273
29.9206
29.8063
13.8133
0.1546
0.1487
0
0
0
0
0
0
0
3.2092
0.0823
1.1433
0
2.568
0.005
11.9905
0
0
1.2393
12.4494
0
4.1043
1.1134
26.1089
0.3164
0
8.7009
5.3129
6.1636
0.0011
0.364
0
0.8762
0
5.743
1.1621
30.7079
0
0
0
0
0.003
6.885
0
0.3667
0
0.0025
0.0054
3.8491
8.1908
4.1212
0.0027
0
1.0762
2.0333
2.6207
0
0
0
0
4.618
0.1965
8.0202
0.0016
0
0
0
0
0
4.7564
3.306
11.0894
0
15.3286
25.0989
7.5791
0.2989
0.0709
0.2367
0.2902
0.7805
0.016
16.8819
0.0476
6.6892
0
0
0
0
0.9161
0
0.0669
2.2831
0
0
0.208
0
0.8696
2.2729
8.4723
0
2.4226
0
0
0
0
4.3845
0.2105
3.8244
37.6956
0
0.0027
2.0966
0
0
0
0.0027
0
0.7386
0.6085
0.003
0
0.5544
4e-04
0.17
0
0
0
1.5705
0
0
0
0
7.7359
0.116
0
0
0
0
0
0.0524
0
0
2.1333
0.2537
16.9834
4.2642
0
0
0
0.8014
1.2821
1.8331
1.191
0.5766
0
0.0027
0
0
0
0
0.0312
0
0.0384
8.5291
1.3589
0.4292
0
0
0.2899
1.8779
1.519
8.3878
3.3239
0
0.0392
0.2278
0
15.5814
1.3474
0.4426
0
1.8004
3.8118
2.9657
0.6611
0.6701
0.4172
0
0.2755
15.3547
0.1171
0
0
0
0
0
0
0
0
0
0
7.3228
5.7097
7.1419
9.076
0.8437
0
0
0
0.3233
0.0863
0
0
1.9232
15.1279
0.6678
7.154
16.3306
22.1591
0.4313
0
0
0
2.7682
0
2.6056
0.0372
0.0831
0.3328
3e-04
0
0
0.7204
4.3355
0.0951
0.0372
0
0
0.1097
3e-04
1e-04
0
0
0
0
0
0
0
0
0
0
2.0056
6.4475
3.6543
0
0
1.5183
12.0819
33.681
12.755
1.2912
2.9113
0.0837
0.2432
0.1052
0.6825
0
0
0.9996
0.0116
2.4242
1e-04
1.7256
0.737
0
0
0
6.7969
13.5088
0.6141
0
0
0
0.3291
0
0
2.8893
6.0995
0.3343
11.1552
5.357
0.1037
1e-04
0.104
0
0
0
12.3554
0.1478
0
0
10.3545
1.0412
0
0
0
0
0.001
16.0273
13.5016
3.0226
0
0
0
8.8373
0
22.4049
1.4079
0
4.7448
0.2394
0.0423
0.0456
0
0.0013
0.0017
19.7671
0
0
5.4648
1.7972
6.3245
21.6971
6.8468
6.2002
0.114
0
1.0403
2.58
0.4664
0
0.319
0
0.1264
0
0
0
0
0
0
0
0
0
0.0027
5.1143
1e-04
0
0
0
0.0733
0
0.4372
0.1627
1.0577
0.2084
1.0729
1.7308
0
0
0
0.9662
17.4158
5.0824
30.5588
10.5225
0.0358
2.8051
2.4089
0.0068
0
8.6564
0
0.0037
0.6452
0.7232
0
0.2806
10.3203
12.8414
15.7017
7.792
1.5732
0
0
0
6.644
0
0
1.3575
0.6702
0.0945
0
0
0
0
0
6.3708
7.6874
0.0552
0
3.703
3.9513
16.9421
33.9444
23.886
2e-04
0
0
0
0
0
0
0
0
0.3218
0
21.8415
27.6263
19.2362
5.2838
2.1919
1.7385
3.8306
1.4466
0
0
1.0857
0.0057
5.6528
0
6.5911
0
0
1.5258
0.9248
0.493
31.9792
50.6859
0.031
0
6e-04
1.3298
0
0
0.02
0.092
0
8e-04
0
0
6.2626
0.8262
0
0
0
0
0
0
8e-04
2.5033
0
0
0.797
3.0933
13.3717
0.2425
0
0
4e-04
0.7336
0.8317
0
0
0.0224
0.3578
0.1013
8.8595
0.0916
0.0028
2.7087
13.1127
0.2476
0
0.1961
0.037
0
0
0
0
0
0
3.5845
0.052
0.876
1.8419
0.0088
0.8341
0
0
0
6e-04
1.7954
0
8.8778
0.2408
1.4509
0
0.2598
0
0
0
0
0.1832
0
23.9351
0.0438
0
0.0757
0
0
0
0
0
8e-04
0.1509
0
0
0
0
5.8563
5.17
0
0
0.0576
0.5993
0.459
0.038
0.8437
0
0.0016
0
3.0118
0
0
8e-04
0.3266
0
0
0
0
0.1928
0.2556
0
0.317
1.7171
10.5414
4.4543
0
0
0
0.3236
0
0.4256
1.5665
0
0.2256
0.1525
10.7356
7.2999
0.0392
0.0238
0.2499
1.5123
4.1925
2.3602
0.5576
1.0525
3.3022
4.7436
3.3747
0
0
0.0041
6.8601
0.0656
0
0.8556
13.0959
5.7138
4e-04
3.9317
0
0
0.3233
0
2.6228
0
6.3251
2.2675
0.1371
1.355
0
0.8433
10.2943
0.2734
0
0
0.0116
9.879
0.4462
0
0
0.9112
1.6682
0
0
0.9108
0.056
0
0
0.0013
3.5112
0
6.8076
8.701
1.2894
1.7106
10.6647
0
0
16.1733
0.0018
0.0233
5.5409
0.3734
0
0
0
0
0
0
0
0
0
0
0
0
0
0
0
0
0
0
0
0
0
4.9083
0
1.054
4.4164
0
0.203
0
0
26.8025
0
10.8091
1.0664
0
0
4.59
17.7519
1.9207
1.121
0.8599
1.2076
0.7981
1.7186
20.6062
0.1585
0
0
0
0
0
0
0
0
0
0
0.0451
0.1619
0
2.3287
1e-04
0
0
0.9247
2.0339
0.3023
0
0
0.0647
5.5486
0.0253
0
0.2327
14.3872
7.8502
8.2082
0.5306
0
0
0
0
0
10.0803
6.2572
3.7434
0
1e-04
0
0
0
0
0.0343
0.3866
13.6812
24.2508
1.339
14.4024
0
0.9417
1.958
0
0
0
0
0
0.0447
0.4198
2.9808
0.0015
13.1598
0.6421
0.4164
0
1.5847
3.0962
0
0
0
7.4605
0.0571
0
3.2688
0.5206
0
0
0
0.1962
0
0
5.7522
7.9454
4.2011
0.1572
4.7177
14.01
2.3804
10.2477
3.1955
0.3589
0.1411
2.569
0.0956
0.4299
4.3279
1.2279
2e-04
0
0.5566
0.2894
2.0895
1.5974
6.2578
0
3.3362
0
0.0419
5.9397
13.4732
0.002
0
0
0
2.5489
0
0
0
1.0006
8.3917
13.4425
10.8522
1.4844
0.0031
0
0
0
0
0
0.0369
0.0475
0
7.6527
0.4671
0.0476
0.596
0
0
0
1.935
0
0
0
0
2.8102
0
0.9899
0.0512
0
0
3.9875
0
0.0024
0.1012
0.2307
25.1624
2.0845
0
1e-04
3.1785
14.9388
0
0
0
5.7102
5.3118
1.5522
1e-04
0
9.0909
0.1059
0
0
14.169
0.5445
0
0
0
0
0.0244
1e-04
1e-04
0
0
0
0
0
0.0484
0.1915
28.8282
1.5864
0
0.0215
0
0
0
0
0
1.4739
0
0
0
0
0
0
0
1.2046
2.9096
0.8512
0
0.3008
0.2204
1e-04
11.1752
1e-04
0
0
0
0
1e-04
0.4178
0.0898
10.6531
1.87
5e-04
0
0
13.6169
0
0.0996
4.1025
19.3663
2.4426
0.3263
0
0
0
2.6259
0
0
0
0
0
0
0
0.1445
0
1e-04
0
0
0
9.3239
4.9277
2e-04
0
0
0
0
0.8531
0.0519
0
0.7944
0
0
0
0
0.7583
0.5781
2.2489
0.6729
0.953
0
0
1e-04
0
0
0
0
2.1989
0
0
0
1.0517
0.6202
0
0
0
0
0
5.5296
6.7298
0
2.7304
1.8771
0.0188
0.0065
0
8.6697
0.5379
0
0
0
1.1567
3.7191
4.7147
0
6.5018
0
0
0
0
0
0
0
0
0
0
0
0
0.7155
3.6456
0
0.0617
0.2588
3.5538
0
0
6.5357
9.363
0.0574
0
0
0
0.2028
0
13.4437
2.874
1.666
0
0
0
0.2633
6.5939
0.8159
0
0
8.709
18.3642
0
0
1.1741
0
1.545
0
0
0
1.2183
0.1218
1.1676
19.5287
4.3635
0.164
0
0
0
0
0
0
0
0
18.1174
6.2239
0
1.7488
0.6769
0
0.4139
0.2626
1.3416
11.3296
0.027
8.3872
1.063
0
0
1.6439
0.1104
5.9232
23.7575
0
0
0.4639
9.5885
0.2608
0
0.0032
3.0249
31.5689
2.0233
3.872
0
0
0
0
0.0336
24.028
2.0566
0
0
0
0
0.7447
12.1434
8.9994
13.6305
4.8373
2.8655
0.9133
19.4243
0
0.1009
25.8563
1.2351
0
0.5513
29.8665
0.0941
0.7646
0.2025
1.1867
0
0
0
24.844
0.0274
0
2.0398
0
0
0
1.2918
3.664
0
0
5.7013
3.214
0.1347
0
1e-04
0.0685
0
0
0
0
0
0
0
0
1.8265
25.2911
24.1079
8.5885
1.1786
5.3318
3.3509
0.0815
0
29.6199
25.9528
0
0.412
0
0
0
0
0
0.0304
0
5.3006
0.5377
0
0
0
0.0387
15.2164
1.5324
0.0014
0.3556
10.2017
1e-04
0.0266
0
0
0.03
0
3.142
0.0696
0
0
0
0
0.1808
32.625
1.1754
8.1117
0
7.2881
0.4359
0
0
0
0
9.1024
3.5774
0.1888
28.274
3.7556
0.6444
7e-04
0
0
0
0
0
0
0
16.164
25.0986
7.0111
0.8943
0.0971
0
0
0
0
0
0
1.9605
0.1821
4.0875
0.0464
0
0
0
0
0
7.7266
6.2332
0.1705
0.3824
0.1696
0
0
0
0
4e-04
0.8904
0
0
0
6.965
1.0794
6.638
8.0811
0.0589
0
1.9863
0.0867
0.6742
0.0601
0.0603
0
0
0.199
0.2377
0
0
0
7.3599
2.186
1.771
0.0287
1.7992
0.4232
0.0371
0
0
0
0.0892
0.0849
3.2819
1.9167
0
0.2853
18.2393
6.1375
3.3816
9.2644
1e-04
12.4553
5.3773
0
1.5522
4e-04
0.2029
0
0
1e-04
0
0.0382
0.2958
0.1598
0.278
2.1605
2.4507
0
0
0.002
0.1609
1.0712
0.1393
0
0.1125
0
0
0
0
0
1.0079
1.0738
0
0
0
0
0
0
0
0
0
0.1816
0
1.2807
0.0843
0.3842
9.649
1.6493
0
0.1231
0
0.0567
0.4611
2.0509
0
0.3318
12.9506
4.9907
0
0
0.0136
12.8144
2.0043
0.2436
0.0204
0
0
0
0
0.9294
0.2217
1.9729
7.9937
0
0
0
0
1e-04
0
0.0478
0
0.5493
0
0
0.1702
0
1.7152
3.6653
7.7225
0.0519
0
9.076
2.0422
0
0
0
0
0
0
0
0.3934
0
0
0
0.0659
0
0
4.0442
0
1.2724
0
0
32.2304
0.7003
0.5293
4.5835
2.5676
5.7989
1.318
0
0
7.1011
0.5668
1.0283
0
0
13.5813
1.921
4.8388
0
0.2657
0
0
0
0
0
0
0
0
0
0
0
0
0
9.6653
0
0
2.0378
6.5976
0
0.0723
29.2035
17.7304
0.6497
2.6469
0.0203
0
8.2496
1.2831
0.3111
3.9485
6.5463
9.2991
13.58
0
2.0559
0
0
3.331
9.2164
0.2585
0.5265
6.2972
10.0997
0.184
0
5e-04
6e-04
0.0023
0.4603
0
0.3347
3.8769
1.8752
0
0.5914
0
0.6057
3.3744
2.4946
7.7617
0
0
0
1.1495
0.0664
0.2265
0.88
2.4796
0
1.9595
2.2151
0.359
0
0.6941
0.1265
0.1933
3.6231
4e-04
0
0
0
0
0
0.1038
1.3678
2.3253
0.7295
18.2049
0.3251
0.133
0.8116
33.1636
0.1258
2.6548
0
1.2129
11.7845
0.2735
0
1.3729
1.6861
0.0118
0.1683
0
0
0
11.2456
0.3629
0
8.6506
0
0.3691
0
0.8496
0.0183
0
5.776
0.3392
0
13.8586
11.0378
0.0829
0.3938
0.0483
0.1816
0
0
0
0.8865
0
0
0
0
0
0.0342
0.5508
3.6388
10.4682
21.2854
0
0.1866
1.3877
2.688
0
0
0.1066
3.0208
20.0956
0.2238
9.1111
0.1172
0.0787
14.5475
1.0803
1.2789
0.4352
2e-04
0.0457
0
0
0
0
3.1182
31.0265
9.5781
0
0
0
0
10.3675
19.599
0.2954
17.0714
3.123
18.8712
0.3566
0
0
0
8.2631
10.668
7.0061
2.9288
15.4787
0.8029
0
3e-04
0
0
0.4807
0
2.1948
0.0204
0
0
0
0
2.2612
0
0
0
0
0
0.3486
2.2805
0
0
0
2.5758
0.0366
0
0
0
0.9158
2.268
0.1376
3.0298
4.6783
11.4061
15.939
0.0304
0
0
0.4988
0
0.3376
0.0189
0.087
0.258
0
0
0.8086
4.9695
17.7757
5e-04
5.2447
20.6808
1.9324
0.2361
0.0243
0
0.0073
1.8696
0.0646
0
6e-04
0
0.413
0
0
0
0
0
0
0
0
4.0863
0.4997
0
0
0
0
1.4293
0.4424
0.0504
0.4456
0
0.1849
0
3e-04
0
1e-04
0
0.2203
5.1183
0
0
0
0
2.5978
20.9239
13.0156
18.3074
0
0
0
0
0
0
0
0
6.1228
4.5708
0
0
0
0
0.3421
0.1256
0
1.7486
11.8262
0.5037
0.7872
0
0
0
9.8462
0.267
8e-04
0
1.8476
7.7801
0.4152
0.0784
0.1043
0.1567
0
9.19
0
0
0.238
0
0
0.5077
1.985
0
0
0
3.045
0.4261
2e-04
0.6568
3.4523
5.9887
10.3091
1.502
7e-04
9.2589
4.3273
0
1.256
12.1039
2.0676
0
0.0518
9e-04
0
14.3871
11.8008
0
0
5.8116
19.7368
1.9983
0.1172
0
3e-04
0.098
0.4059
9.8225
4.3628
0.4543
0
0
0.5283
0
2.9035
10.8896
0.3318
0.4916
0
14.4113
0
0
0
5.069
1.5253
6.5727
2.1737
0
3.6835
22.6805
12.1994
0.5078
0.9226
4.3069
4.8171
1.2366
0.0078
0.9525
0
0
0.0584
0.1184
11.9396
1.4987
0
0.3529
5.3876
0.6093
0.0441
0
0
7.737
15.0704
11.2724
2.5151
0
0
0.0695
0
0.0033
2.231
0.3039
3.5773
0.2418
0.1761
0.6735
0.512
0.0018
0
3.8156
0
0
0
1.6652
0.9677
0.2318
0
0
0
0
0
0
2.9744
0
0
0
0
4.4283
0.6436
0
0
0
0
0
0
0
0.1559
0.2562
0.0017
0.4284
1.8781
9.4824
0
0
5.7776
4.0643
1.6706
19.008
1.7956
0
0
0
0
0.1781
2.8639
0
0
0
0
0
0
1.467
0
1.3123
0.4501
0.6402
0.002
0
11.847
0.1531
0
13.3843
21.8909
3.6122
0
0.071
0
0
0
0.0255
0
0
2.1599
0
0
0
0
0
0
0
0
0
0
0
7.4903
2.637
0
0.0272
0.4328
4.2562
14.4212
1.868
0.4513
0.2247
0
0
0.1099
25.1635
0.139
0
0
0
0
0.1869
4.7774
0.1279
0
0.8008
0
0
0
0.0671
0
0.3295
0
0
0
0
0.5223
9.7423
0
0
0
0.001
0.1759
18.7405
2.9835
0
0
0.3931
0
2e-04
2e-04
0
0
1.1112
6.4329
0.9184
0.2488
0
0
23.7065
6.5942
0.5226
9e-04
0.1629
2.5355
1.3629
0.3393
0
3.3049
0
2.2729
12.0286
1.5135
1.1933
0.3265
1.0976
0.7153
0
0.5788
0.4092
0
1.974
0.0282
0
0.1425
0
0
0
0
0
0.0018
0
0.2636
4.5859
0
0.7484
5e-04
2.4015
24.3294
4.3145
0.3472
0.8753
0.135
0.3755
8.3819
0
0
0.2439
6e-04
4.7555
8.8834
1.6297
3.6901
0.279
1.1445
0.9602
2.772
0
0
0
0.2688
5e-04
0
0
0
0
0
0
0
0
0.002
0
0
6e-04
2e-04
0
2.0354
0
0.2294
4.3199
0.5678
0.0452
1.6721
0
0.1691
3.3959
1.2808
4e-04
2e-04
0
0.001
0.7089
0
0.0878
0
0
0.0011
0
2.6674
0.1663
0.4773
0
0
10.9877
3.6253
1.5362
0.2277
0
0
0
0.0279
1.2593
0
0
4.5524
1.0308
0
0.7173
2.8219
0.0855
0
0.2463
15.7106
0
0
0
0
0
2.1216
1.6657
12.566
0
0
0
1.7393
0.7291
0
0.1318
13.4565
0
0.0824
1.4967
0
0
14.3212
24.5893
0.0026
11.9453
0.2402
0
0
0
0
0
0
0
0
0.0945
1.5108
1.2395
2.0077
0.3004
0.3951
0
0
0.1652
1.073
0
0
0.791
1.8842
2.6675
18.3628
0.2212
0
21.7784
0.7546
9.3882
11.6673
19.6947
14.2287
12.7889
4.7139
0.0033
0.1768
6.0371
0.0999
0.0448
0
0
11.7119
1e-04
0
0
0
0
0
1.4928
2.1693
0.0026
0.1015
28.2845
0
0
4.187
1.6103
0.1056
0.0498
1.192
20.2982
0.2137
0.1219
9.5392
34.5443
0.5859
8.5146
0.0043
0
5.7659
0.0415
0.4325
0
0
0
0
0
0
7.2822
3.2817
0.2925
1.1997
3.073
0.2731
16.6645
0
2.8424
3.3099
0.1103
20.3975
29.0914
5.453
5.4438
1.0166
0.6777
0
0
0.8376
0.031
0
0.9033
0
0.6351
27.5112
7.4675
0.9407
1.7629
0
0
22.8411
0.4657
0
0
0
0.2029
22.2086
16.7224
15.5615
3.2524
0.4411
1.9094
1.0051
0
0
2.031
4.5998
0
0
1.7438
3.7476
0.0979
0.037
0.0155
0
0.0373
4.0226
0
0
0
6.9019
1.2759
0
0.1141
0.2907
2.2988
45.5478
5.1796
0.3158
0
0
0
0
0
0
0.0921
0.0543
0
0
0.8916
6.2333
0
0
0
5.1503
0.2358
0
16.2951
1.8136
0.6654
7.2184
0.028
27.5063
2.8359
1.3052
0.2552
1e-04
0
3.3908
2.7532
0
0
0
0
0
1.7188
0
0
0
23.4307
5.5087
1.1805
0.0229
0
0
0
0
0
0
0
5.5643
9.4504
0
2.8556
1.9727
0.0877
0.1503
3.8224
0.0858
0.0258
0.0409
0.0303
2e-04
0
0
0
0
5.1926
6.2147
0.0012
0
1.278
2.001
0
5.1572
4.8568
0
0
0
0
6.228
0
0
21.5305
12.4843
0.0522
0.239
0
0
0
0.0012
11.0066
1.2187
0
0.1394
0.3089
11.7755
0.5615
1e-04
0.1254
3.7811
0
2.3047
1e-04
0
0.1084
1.5106
0
0
21.3063
2.9884
0.2649
0
0
0
7.024
8.4287
0
0.0987
2.3344
0.5572
16.5777
1.9247
0.1819
0
0
0
0
0
0.267
3e-04
0.9508
0.67
0
1.5151
0
0.3608
0
0
0
0.1648
0.0986
0.2474
1.1884
4.6226
0
1e-04
0.0013
0
0
0.1135
6.4115
0
1.514
0.0796
1.3613
0.1875
0
0
0
0
0
0
0
0
0
0
0
3.6362
0.8193
0
0.3158
0.6532
0.0671
0
0
0
0
7.4955
0.4821
0
9.2059
7.9876
0
0.9755
0.1493
0
0
0.146
1e-04
0
2.0456
0
2.4381
0.55
1.7462
1.7849
4.9485
0.0855
0.684
0
4.2623
3.9233
9.1027
0.5871
0.1774
2.5541
8.77
1.8802
0.3979
4.3721
0.0531
0.2279
0
0.141
0.0045
2.7263
0
0
0.0905
1.1295
3.5169
0.0053
0
0
0.0056
1e-04
0
0
5.1406
0.7177
2.674
0
3.9815
0.22
0.9994
0
0
4.8666
3.8108
16.9125
0.0013
0
1e-04
0
8.5079
0
0.1419
6.484
3.9411
3.9964
2.4873
6.025
11.0851
0
1.9022
6.2207
2.0643
0
31.5263
2.2978
0.4785
9.4511
0.3082
0
0.0603
0.708
0.2396
11.0671
20.0947
0.5782
3.5886
0.1036
0
0
0
0
0
5.631
7.428
27.7989
9.3964
0.0243
11.7057
0.8762
2.4894
10.9118
0.3254
0.4395
0
0
0.0656
0
0.0687
8.2864
0.0632
0
7.8715
0.1444
0
0
0
0.001
1.3902
1.1543
0.5869
3.0469
0
0
6e-04
0.9353
2.7351
0.0082
0
0.0028
0.0744
3.703
6.5885
0
6e-04
1.1624
10.3545
4.7164
0
0.6913
4.9305
4.4562
0
0
1.6691
18.0305
0
0
0
11.2049
1.0538
0
0.0031
0
0
0.4307
0
0
0
0
6.4542
0.1256
0
1.0368
14.9704
12.9244
1e-04
0.6576
0
0
0
0.6767
30.5729
13.1168
10.8739
0.0617
0
0
0
1.5814
1.9694
0.0401
0
4.8294
4.5518
1.4028
0.0511
0
0.0392
0
0
0
7e-04
1.3698
0
0
0
0
0
0
0
0
0
0
0
5.8056
0.0043
0
1.3282
0
0
0
0
0
0
0.0626
0
0
0.0389
1.9534
0.1806
23.7897
1.4059
2.0799
12.4734
0.6083
0.5037
0.1961
0.0943
6.2563
3.9428
0
0.0318
0
0
6.5613
3.2862
0
0
15.1782
0
19.1055
0
0
0
0
0
0
0.0023
0
0
0
0
3.0756
3.8317
0.2504
15.2543
1.9919
4e-04
1.7021
0
16.752
6.4673
0.1828
0.6658
2.986
0.9431
4.215
6.785
0
0
0
0
2.1681
11.008
1.006
1.2513
1.5428
1.9463
0.4429
1.0019
1.1632
0
0
0.4304
0
0.0063
0
0
7.7697
17.6563
0
1e-04
1e-04
0.2662
0
0
0
4.0241
0
4.8364
14.324
1.9781
22.3326
9.3858
0.0104
6.8753
0
0.3671
8.5577
28.8395
12.5678
3.6124
0
0.1966
0
0
1.4766
0.1949
0
4.6936
1.5973
0.936
0.026
0.0028
0
0
1.6289
0.9611
1e-04
0
0
5e-04
0
0
0
9.03
7.1212
3.0941
0.1643
0
0
0.451
2.489
0
6.5015
0.0237
0
0
4.6723
3.9205
0.1368
0
0
0
0.1554
0
3.1775
3.1935
2e-04
0.1536
0
0
0
0.6364
0
4e-04
4e-04
1.7394
1.4151
0
0
0
0
0
0
2.0675
1.1034
0
0
6.1683
0.2528
3.5492
0.9569
0.1638
0.2083
0
0
3e-04
1.0581
23.6938
1e-04
0
0
0
2.2448
0
0
0
0
2.9853
0
0
0
0
3.0863
1.3918
1.3918
4.6122
7.2935
8.8259
21.0072
9.1724
1.3482
14.6512
0.7623
0.1506
0.7369
2.0728
0.2502
0
0
0
0
0
0.0413
0
0.0794
0.8497
2.1207
0.0342
4.7821
7.4896
0
0
0
0
6.4783
3.0063
0
0.684
4.6104
1.577
0.412
0
0.1515
5.9625
0.241
1.16
0.0364
0.0013
1e-04
0.2278
0
0
2.7553
0
3.5905
4.6475
2.507
0.2754
0.076
1.5374
1.0311
0
0.7066
0.3012
0
0
0
0
0.5548
0
0
0.002
0.7412
0
4.9925
9.3911
11.9709
4.3283
0
0.2373
0
5.1136
0
0.4479
0.4776
1.8047
0.0012
0
12.6536
3.2346
13.1369
10.0397
13.0564
8.4779
2.293
7.3612
0
25.438
1.6683
0
3.6241
3.8262
4.9947
40.4719
1.9981
0
0.2331
0
0
1.5315
1.5315
1.5121
0.1972
0
0
0
1.9362
4.7427
0.0291
0.113
7.2419
10.2359
0.0996
0
0
0
1.7947
7.2965
0.1321
0
0
0
0
1e-04
4.279
0.0024
0
24.0084
21.7891
0.0662
0
0
0
0
0
0
11.5373
0.8928
0.3876
0
0
0.4186
2.1249
0
17.7622
0.7328
0.1179
0.1612
0.0048
0
0.0261
21.2608
1.2278
2.1597
30.5797
0
0
6.1814
0.3616
0
0
0.0635
0
0
0
0.5839
0.0863
0.0038
0.1738
0.8427
0.0451
0
0.4035
0
0
0.4381
0.3033
0
1.6109
1.4002
1.3409
0.001
18.6544
2.6995
0
0
0
0
0
0
5.3614
0
0
0
0
3.4743
0
0.7134
3.6799
0
0
0
1.2538
0
17.4655
7.3421
0.0015
0
0
0
0
0.1315
2.3581
1.0564
0
0.2259
3.8252
2.3066
14.6338
0.1564
0.4991
1e-04
0
3.3864
0
0.0299
0
1.1798
5.0812
2e-04
7e-04
0.0718
0
0.1689
8.5889
0.1462
0
0
1e-04
0.028
0
0
0
0
15.7019
2.8445
0.4971
8.9343
6.1003
0.0369
5.9215
0
14.3429
5.5564
0.4332
0.9131
0.2809
0
2e-04
0
0.1878
1.4702
0
4.2615
2.4823
0
0
10.7328
9.7445
0
0
4.0319
0
0.0288
0.2719
0.5375
0
0
0.0183
9.8137
0.0295
2e-04
0
4.6651
8.8629
14.32
0.9331
0.0019
0
2e-04
7e-04
0.0011
0
0.2218
0
0
0
7.3332
8.8335
0.0022
0.0013
0
0
0
0
0
0
0
0.0019
2e-04
0.0881
1.6802
0
0
0
0.2987
0
0
5.6153
5.993
0.0245
12.0134
13.42
6e-04
0
0.5771
0.7572
0
0
0
0
0
0
4e-04
0.2722
0.3446
0
0.6887
0
0
1.5383
8.4269
2.1216
9.2657
0
1e-04
0
11.5561
0.0993
0
0
0
1.5863
0
6.5114
1e-04
0.4611
5.022
0
0
0
4.6499
1.0259
2.274
1.3943
4.0223
0
0
0
0.264
0.2147
0.5202
13.6567
0.4359
0.072
0
0
0
0
0
6.0453
20.3208
5.5241
12.3304
6.9852
15.4935
6.7608
3.2369
9.708
3.547
0.0012
1.057
0
0
2e-04
22.316
12.5259
1.7926
0.0053
0
5.1546
4.5554
1.9656
17.561
2.8969
3.8666
0
0
11.8187
0.5731
1.7544
0
0
0
0
0.0308
0
0
0
3.103
11.9495
5.0311
19.9179
52.8355
2.0121
0.1878
0
9e-04
1.7894
3.7032
0.0042
0
0
3.5033
4.2683
12.2971
0.0308
0
0
0
0
2.769
3.1505
26.0724
1.0589
24.3197
0.0259
0
0
0.5858
0
0.7357
0.0026
1.8155
0.1784
2e-04
0
0.9083
2.8992
28.282
0.9432
5.7892
0
3.2954
0
7.6978
0.1305
0
0
0.25
0
0
0
0.0884
0
0
3.6385
0
0
0
0
6.653
0
0
0
0
4.7766
0
0.1931
8.6502
4.3711
28.9416
0.5664
0.2488
0.8191
1.4889
0
0.0451
5.8847
3.7963
0.116
0.1553
0.9744
0.1425
0.1405
14.6416
4.5408
0
6e-04
0
0
12.0561
5.6047
0.1541
4e-04
0.0297
5.407
0.5508
0.0247
0
4.8594
9.3598
0
11.0083
3.2399
7.1779
0.3211
3.5653
0.001
0
0
0.0956
0
0
12.0341
0.2789
0
0
0
1.1709
52.7886
0.0817
4.0695
2.8918
0
2.0047
0.0796
0.2153
0.1777
3.0042
17.7044
7.3359
0.5672
0.1282
1.6397
0
0.0011
0
0
0.0354
0
9.9486
0.1615
0.5946
0
4.2555
0
0
0
6.9118
23.4377
1.1108
0
0.917
0
0
0
0
0
0
0
0
0
0.4887
18.7271
44.6052
0
0
0
0
0
0.0948
0
0
0
0.024
6.3293
4.6054
0
0.3118
0
0.2594
4.7687
0.0347
0.1252
4.2917
12.2993
0.2895
0.0011
5.9385
7.3499
0
0
0
1.2968
8.7428
9.0012
0
0
0.9594
29.3063
17.3751
2.225
0.6214
0
0.0745
0
2.6963
18.2519
5.6949
22.9342
0
0.0367
0.0741
0.0471
0
0.7218
0.0705
0.0986
0.4793
0.0329
0
0
0.6661
0
0.9198
0
0
4e-04
0
0
0
0.4109
0.0282
0
4e-04
0.0337
0
0.5016
6.014
3.2698
0.2385
0
1.3841
0.0247
0.0344
0.8062
0.0345
0.0345
0
0
5.0879
0.0411
0.1408
0
12.9707
13.0053
0.0883
0
0
0
5.4224
0
0
0.3661
0
0.0232
0
3.5971
21.188
0
0
0
3.5495
0
1.9307
3.7464
9.8125
1.5997
0
0
0.4137
0.7209
0
0.0187
1.6845
5.9991
0.1709
0.0111
0.16
0.8672
0
0.0568
0
0
0.0024
18.6767
3.94
0
0.7251
2.6727
0
0
0
0
0
0
0
0.0299
0
21.9633
25.9001
8.2044
0.0801
1.7844
0.8942
10.9193
7.7644
0
0
0
0
0
0
6.5208
1.3817
0
0
0
0
0.2286
8.7259
0.5982
0.0356
0.0672
0.0202
0
0
0
0
1.3354
8.3962
0.3903
0.0553
5e-04
0.0507
0.0152
3.0297
2.9246
1.6261
9.2061
0.0495
0.2478
0
19.4076
0
0
0
0
0
1e-04
0
0
0.0183
0.2712
8.2554
0
1.7232
0
0
0
0
0
1.758
9.5863
0
0
0
0
0
1.1533
4.6659
0.304
0
0
0
5.4226
0.321
0
0.76
2e-04
1.444
0
4.3034
0
23.5254
0
0
0
0
0
6.4477
0.9626
24.8636
2.4021
4e-04
2e-04
0
0
0
2e-04
0
26.8849
8.1484
12.0483
6.2778
19.031
3.1985
0
0.0515
0
0
0.6275
11.5141
6e-04
0.0116
16.1572
73.2946
42.7986
5.0297
0.0917
3.1959
6.1397
0
0.0418
0
1.0347
0.0064
0
0
0
0
0
0
0
3.2176
3.8128
29.0888
0.033
1.1072
0
0
0.1704
0
0
0
0
0
0
0
0
0
0
0
11.0875
0.0011
2e-04
0
0
7.6249
4.7324
0.9173
0
0
0
0
0
0.3838
0
3.7633
0
1e-04
6e-04
0.0995
2.9037
0.6425
2.8652
0.3089
0
0
2.5571
26.0996
0.3831
0
0.0012
1.6157
0.0183
0
0
0
0.1639
0
0
0
0.164
0
0
0
0
0.5252
0.0467
0
0
0
5.2913
0.072
16.1933
0.3778
0
0.9456
1.9554
2.0053
0
0.0685
8.4502
32.4597
0.0116
0
0
21.0795
0
0.2095
0.0562
0
4.4267
0
0.6462
0.5074
2.4734
0.6975
0.0732
0.128
11.9528
0
6.6684
26.8128
1.887
0
13.3765
2.1638
0.8756
0.0049
0
0
0
0
8.1637
0
0
1.0858
0
2.9792
1.9836
0
0
0.5184
0.1849
0.1288
12.7599
31.278
1.173
1.2367
0
0.7916
1.2196
0.0015
0
0.5666
0.1114
0
0
0
0.8304
0
0.4622
0
0.7205
0.5376
0.2076
0.8003
4.084
0
8.5422
0.0015
0
4.4361
30.1935
50.0394
0.6496
0.5067
1.2957
0.1787
0
3.878
2.9124
0.4121
0
0
9.2728
1.3269
0
0.0775
0.049
4.6564
1.5704
0
0
15.9968
0.0098
0.5904
3.5039
0.0798
0
4.6634
15.0824
12.0498
0.396
2.0037
4.7151
2e-04
0
0
0
0
1.0976
0
0
0.077
5.5955
26.1707
0.5212
2.0732
4.592
0
0
0.0722
0.039
9.1651
20.5531
0
0
2.7934
9.6725
0
0.1586
16.4308
0
0
0
0
0.8472
2.8249
13.3184
4.896
3.0161
0
0.1052
0
0
0
2.2984
2.4007
0
0
0
0
4.8399
1.3716
0
2.594
7.0963
0
0
22.7584
3.7399
0
0
0
5.3525
4.9249
0.5948
1.1098
12.7094
2.6293
0.0143
7.8388
0.234
4.2577
0.3516
7.2738
0
0
0.0385
0.4862
0
0
0
0.699
0.5668
0.2462
0
0
19.2098
0
0
21.2657
6.7277
0.2545
0
0.0707
2.5057
3.7259
29.3088
0
0
11.2678
3.6949
0
2.3808
0
0
0
0
7.8899
8.8108
1.3582
0
3.2338
28.4594
3.6434
12.4313
3.862
0.7938
0
2.3302
35.8663
0
0
0
0
16.052
8.3698
0
1.2964
3.0765
3.8552
0
0.1359
0
2.3321
0
2.5651
2.0289
4.0075
1.0123
0
0
0
0.2163
0
0
0
0
0.1147
1.9934
0.6051
0
0.3332
0.7218
0
0.1271
0.3224
2.7839
0.6343
0
0
0
1.2662
2.9273
0
0
0.9013
0
0
0
0.001
0.0039
3.4489
0
2.1006
0.0651
0.0933
0.1209
0.0192
0
0
0
0.0494
0.5147
1.4853
0.002
3.0413
0
6.8014
0
0
44.1745
18.7362
5.9369
0.1669
0
0
0
0
0
0
0
0
0
0
0.1596
0
0.0532
5.4296
5.1562
0.1229
0
0.9031
0
0
0.0451
0
4.0332
0.33
0.917
0
0
0.1123
0
4.5142
15.3078
0.162
0
0
0
0.8994
0
0
9.1739
1.0869
1.3246
3.771
0.9399
7e-04
1.4462
0
0
0
2.2182
5e-04
0
0
0.8879
0.0509
1.7554
9e-04
0
2.3218
15.7294
5.875
30.458
2.4088
0.0028
0.0198
0
0
7e-04
0
0
2.3817
0.3253
0
0
0
0
7.4125
2.5454
2.6113
0
0.573
0
0.2078
0.0713
0.0365
21.1141
10.5292
0
8e-04
0
2.7841
4.8884
1.6758
3.4075
0
23.653
0
3.7068
0
1.1948
17.5122
0
4.5868
2.2236
7.3016
0
0
0.1968
0
0
0
0.4292
0
0.7334
0.6354
0
3.3953
9.8897
2.0611
8e-04
1.9599
3.3357
0
0
0.4717
0.1557
0
0
0
0
0
0
0
0
1.5188
17.2352
0
0.001
0
0
0
0.1689
0.2582
0
0
0
0
0
2.9489
42.3724
6.6629
0
0.8064
0.8791
0
0
7.8557
0.0014
0.2748
3.2104
0.0011
0.1553
0
0.0278
1.3736
6.594
0
0.5526
1.4767
0
0
0
0
2.9982
52.1082
0.7492
14.533
12.5255
0
0
0
0
0
0
1.6179
0.9123
0
0
0
0
0
1.8536
0.0568
0
0
7.8507
0.7147
0.3141
0.7112
0
12.4018
0
2.4385
18.9001
0
0
0
2.3533
0
0
3.9219
19.5115
1.9218
0.2598
0
0
1.6933
14.3698
1.9134
0.5033
0
0.2189
0
0
0
7.6325
1.0639
12.2321
4.0462
0.3251
0
0
0
3.2015
2.5502
8.0318
0.0961
0.0631
0.2754
0
3.7928
28.7425
0.0307
4.7342
0
0
0
0
0
0
0
0
0
4.446
32.8474
7.9823
0.0214
0.1002
0
5.005
8.5978
2.6705
0.0044
0
0
0
1.1609
0.1026
0.7599
3.585
2.785
0.8312
0.0622
0
0.0053
3.8631
0
34.4233
14.2061
0
0
0
0.0857
1.4032
7.2555
0
0.0011
9e-04
0.0503
0
2.008
0
0
0
0
0
0
0
0.0211
14.3266
0.3975
0.0031
0
0
0
2.5996
0
0.1765
0.8122
1.4436
4.089
15.7262
1.6981
8.1355
0
0.8315
0.7938
13.7043
2.8466
0.6153
1e-04
0.9413
0.0014
0.2004
0
0
0
4.8084
0
0
7.0828
0.2354
0
0
0
0.0871
6.8702
8.0762
0
5.4733
2.4269
6.5958
0
0
0
0
1.1424
17.7763
3.2467
0
0
0
0
0
0
0
0.0142
4.2474
11.9516
0.1047
0
0
0
0
0
0.7078
0
0
0
0
0.05
5.5293
0.8673
1.0852
0.3758
0
0.238
0.1779
7.2249
0.2611
0.1029
0.0389
29.0736
0.2822
0.0599
0
0.5643
2.7232
1.7785
16.5596
1.9816
0
0.1997
0.0148
1.6843
6.3001
0
0
0
0
0
0
0.0167
12.5911
1.2344
0
0.077
1.0772
4.6618
0.2946
0
9.5507
0
0
0
0.1912
0.1608
0
0
0
0
0.0649
0.0393
0
0
0
0
0.7223
0.0435
0.1426
3.6935
1.2071
0
0
0.156
0
0.6513
1.147
1.7285
0
2.2329
3.5529
0
6.9388
7.3736
0
0
0
0.0299
0.2938
13.9501
0
5e-04
0
7.4486
0.1596
0.2145
0
0
0
3.2951
0
0.8116
1.4176
0.4605
0.1859
11.8539
1.4209
0.8318
0.2141
0
0.1774
0.9672
0.1997
0.1307
0
1.6088
0.2848
0
5.833
0.0011
0.3799
0
0.9614
0.039
0
0
0
0
0
0
0.0386
0
0
0.1815
0
8.3813
2.5185
0
0
1.213
0
0
0
0
0
0.05
0
0.8993
3.6706
0
0
8.4873
2.8074
0.3115
0.2329
0
0
0.0072
0.6457
1.2411
0
0
0
0
6.8441
0
1.8494
1.5021
3.1534
1.3392
0.1177
0
0
0
0
0
0
0
0
0
0.7183
0
3.7041
9.2722
5.7005
0.3355
0.0412
0
0
0
0
0.0266
9.8702
0
0
8.1486
0.3602
0
11.185
4.8963
0
0
0
0
0.0472
0.0236
0.6711
0.4761
10.3614
24.7044
0
0
0
0
1.4615
0
0
1.2851
0
0
0
0
0
0
0.0013
7.1953
24.4676
17.2219
0
0
0
0
4.2265
7.0676
4.4329
3.8266
1.1363
3.649
1.2778
6.9828
0
0
26.6069
5.4439
1.1677
8.9077
0
0.0649
20.9311
3.8062
0
0.4059
6.9912
4.3095
0
0
0
0
6.3847
0.4684
0.2362
0
24.3546
15.9409
2.2935
0
0.2369
16.1004
8.1737
0
1.3028
11.4005
0
2.4821
0.1107
21.5675
3.6612
4.5169
0.5358
6e-04
0
2.4648
0
0.0164
7.9111
8.7916
2.0683
0.001
0.7225
16.5883
12.3208
0
0
0
0
0.1741
0.0505
0
0
0
7.3896
18.9154
0.5665
0.2915
2.4054
0.9461
0.2395
0
2.7559
0
5.0801
0.227
0.0764
0.0307
5.9788
14.3857
20.5855
10.0875
0.0139
0
5.8915
1.7787
0
0
0
0.088
2.1361
2.1907
8.5852
0.6141
0
0
3e-04
1.156
21.1594
2.2399
0
4.5859
1.6366
3.4866
0
0
0
0
15.3134
0.094
0.2842
0.9909
5e-04
0
0
0
0
0
0
0
1.3003
0.7481
0.2302
0.0251
0.0766
0.3474
0
0
0
4.9156
0
0.1542
0
0
17.0016
0
0
0.2549
0.0677
0
1.5493
0.0097
0
0
0
4.8979
22.3042
0.0994
0
0
6.3661
9.3281
0.936
0.025
0
4e-04
0
0
0
0.0288
0
0.9131
8.9608
0.4663
0
0
0.14
0
0
0.4561
0
0
2.3871
0
11.9237
0
0
0.0708
0.1948
0
0
0
0.7144
1.2763
0
0
0
0
0
0.0024
0.0845
0
0.1634
0.8968
8e-04
12.5473
12.0277
0
0
0
0
3.7937
5.4941
0.176
35.5393
6.4626
0
0
0
17.5802
0.3467
0
1e-04
0
0.0671
0
0.6531
0.1039
0
0.7261
0
14.1756
0.0092
0.0156
0.0114
0
0.0261
0
0.023
0
0.0635
0.4025
0
0
0.0955
0.2554
9e-04
0
0
0.5258
0.8879
4.72
0
0
0
0
0.1036
2.8767
2.7873
0.3396
0
11.7932
0.6057
0.8782
0
0.0545
0
0
2.7449
0.4588
1.9341
0
0
0.4099
0.8156
1e-04
0
0.9799
0.2422
0.5589
0.0315
0
6.1979
7.7791
0
0.3288
1.4869
0.5947
1.0414
0
0
0
0
1.0326
0.0937
0
0
0
0
0
0
2.7694
11.6331
0.9028
0
1.4949
7.9706
0.1601
0
45.3266
0
0
0
1.535
27.8531
3.9142
0
0
24.822
0.01
4.4744
0
0
0
6.5359
0.2685
0
0
0
0.3082
2.2017
0.8379
5.3556
0
0
0
0
0
0
1.2017
0.2877
0
1.2753
0.6621
21.9948
0.2052
0.3141
0
14.7831
0
0
2.5533
0
0
0
0.0462
9.2398
1.856
3.2508
14.8322
14.7041
0
8.1579
14.9382
1.6955
32.0061
1.8194
6.6129
3.4138
0.4347
0
1.9077
3.5572
16.3783
4e-04
0.0351
1.1765
1.7057
0.101
0.1017
3.9943
0
3.472
2.9291
9.458
14.0037
10.1155
3.0485
4.4368
2.7636
1e-04
0.2084
0.4341
4.8809
7.358
28.0944
25.3874
6.9795
1.7569
14.2966
0.4425
0
0
0
0
0.1065
2.7137
0
0
0
1.8456
13.9331
0.744
0
0
0
0.1955
2.4351
0.7596
2.5405
12.625
1.4254
0.0184
3.2029
2.3607
2.0447
0
0
7e-04
0
0
0
0.0068
3.0738
0
0
0
0.002
1e-04
1.0162
0
0
20.8444
0
8e-04
0
0
0
0
21.9365
0.2563
0.1171
0
9.9495
33.7046
22.1591
0.6071
0.7777
0
3.8856
5.3675
3.3157
0
13.316
0.6186
7.0555
0.1294
0.175
1.7865
25.0104
0
6.437
0.3256
0
0
2e-04
7.7374
0.5275
6e-04
0
0.9001
2.3914
0
3.5779
0.0979
0.033
23.3671
15.3738
0
0
1e-04
0
0
1.3143
1.7305
0.0476
0.3042
14.0423
0.0363
0
21.6314
26.8657
11.9004
0.7061
2.7386
0.0026
0
0.3168
3.1862
0
0
0
8.753
0.1418
7.6275
0.0173
21.9726
0.2792
0.1434
46.6417
0.015
2.3861
10.9269
1.7938
5.4348
0.0561
0.3625
0
0
0
0
0
0
0
0
0.7253
0.6433
1.7257
1.3023
2.5401
0
1.6466
37.8196
21.9107
0.7102
0
1e-04
3.8538
1.2042
5.4952
8.2892
0
0.8049
0.0876
2.1773
0.1015
0
0
0
0
0
0.9904
0.181
4.5846
6e-04
0
0.0515
0
24.2995
5.3795
1e-04
0
0
0.9757
1e-04
3.368
27.5422
11.9192
0
0
0
15.7509
7.8634
41.4475
2.89
0
0.012
0
4.1175
17.1355
4.6418
0.0909
0.0104
0.2077
0
0
0
1.182
4.0042
11.9952
3e-04
1.3699
4e-04
0.0789
1.9321
21.3292
0
1.2442
0
0
0
9.1372
0.3108
0.2595
4.2757
1.3405
0.6339
0.3922
0.181
0
0
0
0
0
0
0
3.4414
3.5904
2.093
0
0.2289
0
15.3292
0
1.1689
0.5056
4.8305
0
6.6022
0
0.1039
6.5735
6.5666
2.2444
0.1831
0.0024
0
0.7083
0
0
5.2168
0.272
0.0025
0
0.0215
0
0
1.6329
0
0
2.4044
0
1.0741
0
0
0
0
2.3367
1.6299
1.3415
14.8419
0
0
0
0
18.8962
1.0549
15.1903
0
0.9635
3.1781
0
0
4.1048
0
0
0
5.7515
7.0561
2.0946
0.7586
20.792
0.2619
9.7068
0.6537
0
0
0.0318
2.0239
5.4031
0
0
0
0
0
0.7482
0
0
0
5.531
0
0
0
0
0
0
0
0
0
3e-04
6.2564
0.2216
0.026
0
0
0
0.1908
4.8645
0
0
0
0.7848
3.6738
0
3.0501
0
1.4006
7.4262
0.9576
0.1882
9.1995
0.0845
0.0085
20.3676
3.6487
1.1168
0.9769
0
0
0
0
0
0.0114
0
0
0
0
2.24
1.2817
0
0
0
0
0
0
11.9717
0.1113
0
13.1831
0
0
0
2.5559
0
0
0
0
0.0206
3.8405
0
0
0
0
0
3.2106
10.5424
0
0
0
4.0768
0
0
0
0
0
0
0.3786
2.6732
2.8167
1.1973
0.1892
0.0343
1.6439
0.5734
0
0
0.1358
1.0453
0
0
0
0
0.2151
0
0
9e-04
5.3103
17.7599
5e-04
0
2.9441
2.1255
0
1.439
1.5937
3.1773
0
0
0.022
0
0
0
0
21.5463
0
0
0.0198
4.3498
23.7474
1.9519
6e-04
0.1775
8.1067
4.2625
0.1604
0.0055
0.0029
0
0.0014
0.1025
0.1306
0
0
0
0
27.7624
3e-04
0
0
0
8.526
1.6846
9.0523
5.5546
0.5735
0
5.6498
27.0079
2.1848
0
0
0
0
4.1522
0
0
0
24.6555
2.3413
0
1
15.9722
0
0.0024
1.4043
14.6906
1.2562
0.0646
0
0
0
12.0409
3.455
0
5.2116
15.4843
0
0
0
0.5458
0
0
2.5929
2.0151
0.3992
0
1.1207
4.2967
3.8648
1.2313
0
0
4.8048
0.3496
0
5.6127
5.403
0.7162
2.9356
14.5977
5.3667
0.9509
0.0013
0
0
0
0
0
0
0
3.951
0.595
12.9887
0
0
0
0
0
0
0.0015
0.0054
0
0
1.272
0
0
0
0
0
0
0
0
6.8794
0.2554
4.0523
0
0
1.1864
4.9977
7.9454
8.2979
0.6302
0.2134
0.2522
0
1.5889
0.0421
0
1.6698
0.3748
14.44
2.6729
0
0.0072
0.2692
0
5.2491
0.5858
22.144
6.0581
0.737
0.6834
0
0
0
0
0
0.0527
0
0
0
0.0031
14.4159
0
34.1233
6.6173
0
0
0
0
0
0
0
0.0222
0
1.9615
0.5262
0.0405
0.6025
5.5594
1.0053
11.3144
1.2941
0
1.0877
0.9083
1.7309
0.0301
1.0596
0
4.384
0
0
8e-04
0
0
0
0
0
0
0
2.699
0
0
3.6462
0
0
0
23.0109
14.5316
1.5799
0.0105
8e-04
0
0
0.0121
0.0525
0
0
0
0
11.001
0.0702
0.0024
0
0
5.1335
0
5.0905
0.5628
0
0
0
0
0.2131
7.2116
0.884
0
0
0
0
0
0.0032
0
0
0
0
0
0
0.0684
0.0755
14.302
29.4721
18.5132
1.1918
0
0
6.3553
0.1976
0.5848
6.7297
0.7168
0
0
0.5049
21.9874
0.2622
0
0
17.5164
2.4135
0.0024
0
0
0
0
0
0
0
0
0
7.0332
2.4097
0.1136
0
0
0
0
0
0
0
0
0
1.4183
4.6072
0.2617
0
0
5.4239
12.4381
0
0
2.9894
12.3507
1.9578
0
0
0
0
0
0
0
7.6875
3.0976
0.1857
17.9082
0
0.5485
6.6564
0.0691
0
0
0
0
0.2553
2.5465
0.7695
0.5134
3.7528
13.8645
5.4063
6.1363
1.1566
17.4161
0.6387
4.9162
8.9162
9.1276
10.4817
3.1129
15.1138
28.2584
29.2319
0
0
0
0
0
0.9058
0.5668
1e-04
0.247
42.5748
5e-04
4.5102
0.0031
0
0
0
13.0046
0
0.0186
0
0.0076
5.1871
2.9274
18.7342
0
0
0
15.9397
0.1232
1.1293
0
0
0.239
5.4587
0
0
0
0
0
0
0
0
1.6645
9.8619
0.3952
0
0
4.1551
9.7087
0
0
18.8311
0.5699
0.0847
0
0
0
0
0.4038
0
0.9234
0
0.0969
3.5502
4.374
0
0.075
2.5287
0
0
0
15.2259
20.4929
0
0
0
0
0
0
0
2.9478
0.5217
8e-04
0
0.4283
16.0694
33.3898
22.5849
6.0811
0
0
0
0
0
0
0
0
4.1638
1.514
0.1594
6.015
0
0.2559
0.0874
0.6155
0.015
0
0
0.0122
0
0
0
10.388
13.131
3.2272
0.2401
0.0068
0
2.8289
1.4841
0.2608
0
0
1.9832
3.1534
0
0
0
0
7.9424
5.9638
0
0
4.0047
4.0442
0
0
0
0
0
0
0
0
0
0
0.0018
0.8595
0.0205
0.4106
1e-04
0
0
0
0.2469
0
0
1.2468
0.1083
0
1.5614
0
0
3.7948
26.4928
47.9971
0
0
0.004
0.004
0
0
7e-04
0
0.0038
0.8087
5.3994
0
0
3.5796
3.7694
0
0
1.5933
3.5037
13.6976
0
2e-04
0.5427
0.023
1.6498
0.5719
0
1.7734
0
1.2917
0.2376
0.2376
0
1.2131
2.1382
0.363
0
0
0
0.2656
10.2195
13.8404
0
1.2371
10.1638
0
0
0
5.5325
0
0
0
0
0
0
0.1006
1.5177
5.4021
0
14.6401
3.1174
1e-04
1.2427
0
0.2331
0.0371
0.9058
0
0
3.4097
0
0
0
0
0
1.1946
0
0.8847
0
11.6276
0
0
0
0
0
0
3.5717
0.597
0.666
0
0
0
0.0416
0
1.3656
2.8716
0.2763
0
0
0.002
0
36.9384
4.6812
0.1065
0
9.6644
10.8838
0.6892
0
2.5
0
0
6.2738
10.4877
0
0
0
0
0
0
0.0047
0
0.0315
5.4178
0
0
8.1171
4.8584
9.1088
0.2304
0
0.5567
0.5481
0
0
3.5292
0
1.1788
5.9785
0.1677
8.0519
3.639
3.0529
15.8771
0
2.1527
0
0
0.0138
7.2632
0.043
0
0
0
0
0.1128
7.8461
1.5872
0
0
0
0.0462
1.6418
17.2925
0.1764
0
0
16.7897
0
0.1013
3.9661
0.2238
0.1486
0
0
0.0541
0
9.5169
11.264
11.4081
0.1388
0.1802
13.4645
15.3254
7.1313
9e-04
0
0
7.6116
0
0.2568
0.0221
0
0
0
0
0
21.6532
0.2188
0
0
0
0.2691
0
1e-04
0
0
0
1.8774
0
0
0
9.0756
0
0
1.085
1.9085
0.0513
0
2.7724
0.1122
0
3.2884
0
0
1.2263
4.6678
0
0
0
0
48.1693
1.7611
0.1813
0
0
0
0
0
0.293
4.7288
0.3356
2.1223
0
0
0
0
0
0
0
0
0
2.304
6.1169
0.0039
0
0.1975
29.6465
0.0072
0
0.0062
58.1049
13.9189
0
0.3946
0
2.7448
4.0206
0
0
0
0
9.3263
0.9276
0
0
0
0
0
0
0
8.2363
0
0.214
11.1054
1.7585
0.0424
2.6164
6.6235
0
0
0
0
0
1.4679
5.0732
6.9971
3.4293
0.0014
1.1659
0
3.0994
0.0505
0.3201
0
0
0
0
0
1.3943
0
0
6.9588
2.3284
0
0
1.7781
0.7353
3.9451
1.9031
0
0
0
0.7329
0.4146
0
0
0
0.7156
5.9614
0
0
0
0
1.4763
2.9879
16.9675
0
0
0.0115
0
0
0
0.8761
0
0
0
0.431
8.0151
0
0
1.5214
0.0317
0
0
0
0
0
6.5882
0.1867
0
0
0
0
0
1.012
9.155
1.0436
0
0.0748
4.7968
0
0
0
0
0
18.7521
7.8613
0
2.1515
0.7024
0.0058
0.6759
0
0.1542
9.7337
0.164
0.1493
0
0
0
0.0966
0
2.424
8.8954
0
0
0
3.403
1.7654
0
0
0.4861
1.9738
0
12.7652
5.2445
0
6.77
0.1522
0
0
0
0.2829
0
0.4967
0.3126
0
0.4975
0
0
0
0.5108
0
0
4.8129
0
0
0
0
0.7464
0
0
8.4482
0
2.7596
0
0
0
0
0
5e-04
0.503
0.0835
0
1.903
6.7383
0
0
0
0
0
0
0
0
0.6468
0.1378
2.7626
13.6081
0
0.07
0.0583
0.0273
0.6669
0
8.0026
3.5995
0.1782
0
0.6405
11.0028
1.3553
21.3934
2.6332
0.7372
0
5.7093
0
0
0.1512
0
0
4.0366
9.939
0.6632
0.01
0
0
2.6881
4e-04
0
0
0
8.0206
1.3454
0
0
2.7791
2.2944
0.1179
0
0
3.374
2.805
5.9451
0
0
0
8.1631
2.2364
2.7869
1.1149
0
0
0.0255
0
0
0
0
8.3
17.773
1.9914
4.2398
6.0524
57.4893
0
0
0
0
0.9455
0
0.1069
7.1238
9.4069
1.1106
4.1476
6.3217
5.7767
8.3817
12.4229
13.256
2.8609
3.6705
4.5269
0.2809
0.6526
1.7066
0.4307
0
6.2448
0.1677
53.2445
51.4763
3.255
1.2643
1.658
0
0
0
0
0
7.7072
0.9878
62.0542
0.6401
3e-04
12.0119
1.4732
11.2227
0.2544
0.002
9.3137
7.0723
5.9831
0.2575
0
0
0
0
0
1.5731
0
0
2.085
1.8843
0
0
0
13.5099
8.4416
0
0
0
0
0.0073
7.3816
5e-04
0
0
0
6.4818
3.0561
0.6598
26.6896
3.4846
8.1782
0
0
3.1472
10.4984
0
0
0
0
0.3231
4.8896
9e-04
0
2.4547
0.8606
13.4065
40.4723
0.0037
0
0
0.5254
0.5432
7.3655
4.9625
0
0
0
0
0
0
18.7134
0
0
0
0
0
0
0
0
0
2.3419
0.1132
0
0
4.2058
1.1147
0
0
0
0
1.1842
0
0
0
0
0
0.1496
1.3213
0
0
0
0
0
0.2332
0.0066
3.5003
2.3636
0
0
36.8124
0.2122
0
0.2642
2.941
0.0452
0
0
0
3.4799
0
0.0096
0
10.4316
0
0.4922
0
0
0
0
0
8.2374
1.1493
0
1.7423
0.3289
0
0
0
0
10.3402
6.1427
0
0
0.5054
0.4325
0.193
0
0
0
0
0
0
0
0
0
1.2321
3.0327
0.7522
0
0.0083
0
0
0
4.6504
0.6758
3.5905
6.0604
0
4.7257
22.6325
29.1752
6.0859
0.0083
0
0
0
0
0
0
0
0
6.5459
0.1942
20.8286
0
2.5737
3.8539
0
5.3637
1.3867
0.1935
0
0
0.9459
0
0
0
0
0
0.058
0
0.005
0
0
0
0.4759
1.0762
10.8907
0.6246
0
0
0
0.07
0.7737
0
0.5967
0.1835
0
0
0.3357
0.3197
0
0
0
0
0
0
0
29.8855
5.6738
0
0
0
0.463
9.3571
0.6635
1.6413
2.7007
1.2032
0
0
0
0.9837
20.4251
1.4999
0
10.6949
5.9615
0.1347
0.1901
0
0
0
0
0
0
0
25.3442
0.3102
0
0
20.4743
0
0
18.148
5.2017
2.5811
0.6966
0.0076
0
6.1705
17.4445
2.3007
7.0745
4.4106
4.3492
0
0.0091
0
0
0
0
0
0
0
5.0213
6.0339
0
0
0
13.5162
0
5.8667
2.387
9.0882
8.2924
14.1503
4.592
1.1083
3.096
0
0.0938
0.0271
0.8416
6.0425
0
6.9254
9.3199
3.4029
0
0
1.0647
1.9135
0
0
6.0131
0
0
0
0
0
0
1.7328
0.12
1e-04
0
0.0871
0.2629
0
2.1079
21.1183
0.7399
0.6369
0
0
0
0
0
0
0
3.9266
0.6201
0.9274
0
0
0
0.0119
0
20.3686
5.4305
0
3.0863
1.8975
0
0
0
2.4421
0
0
2e-04
0
0
0.0019
0.841
0.3184
0
0
0
0
7.1428
0.3788
0.1835
0
3.7838
4.348
0
0.0349
0.0427
0
7.5981
0
0
0
2.014
1.9072
4.6091
5.5877
0
0
0
0
1.4508
0
0
0
0.3816
5.8536
12.8072
2.3353
34.3423
4.1658
1.5465
10.8834
0.005
1.8276
1.2485
12.1068
1.144
0
0
0.0525
7.2742
0
14.6223
0.5811
0
0
0.5289
0
0
0
0
0
0
0
0.5855
0.003
26.4343
0.1291
0
0
4.8682
0
0
43.5175
0.0238
0
0
0
0
0
0
0
8.482
0
7.2929
6.4568
4.1933
7.4306
2.3665
0.3135
0
0
0.1285
0
0
0
0
0
0
3.5086
1.5852
0
2.0448
1e-04
0.0433
0.2969
16.2717
12.85
0
0
0
0
1.8252
4.1765
0
0
5.8779
0
0
0
3.5461
1.0974
0
0
0
2.8822
2e-04
0
0
0
0
0
0
0
0
0
0.604
1e-04
0
0
3.295
4.3443
0
0
0
4.0423
6.3965
0.5691
0.0027
0.1148
0
0.9449
2.6393
8.6161
0
0
0
0
5.6081
4.5155
0
0
0
13.2326
2.1244
0.5747
0.2754
0
0
0
0
3.099
0
4.1922
2.1978
0
5.1678
1.7218
0
0
0
12.7789
16.306
0.3265
0
0
0
0
6.4059
2.3555
23.4947
0
0
0
0.1581
8.9201
0
0
15.002
0
0.6522
7.3062
1.1715
0.5539
0.2469
1e-04
0
0
0
2.5012
0
0.0021
0
0
0
0
17.5335
1.5135
1.208
0
0.0094
6.9157
0
0
0
0
0
0
0
0
0
0
0
5.8153
3.4196
0
0
0.4942
9.4781
0.9361
0
0
0
0.3278
4.857
0
0
0.0812
0
0
2.2755
0.3764
0
0
4.5167
0
0
1.8971
0.1815
0
0.2211
1.2739
0
13.2025
5.1232
0.059
0
22.1376
2.9238
0.0058
0.0901
1.4079
3.7121
2.0593
14.3318
7.7732
0
0
0
6.5294
0
0
0
0.0861
0
0
0
4.7879
10.9282
5.7188
0
0
0
0
0
0.86
1.2531
7.6761
14.8879
10.1608
3.0955
0.0413
28.4336
35.498
1.8203
7e-04
0
0
0
7.5719
0
0
0
0
0
0
0.4145
16.3937
4.1257
8.4862
0
0
0.9655
2.9117
0.2464
11.6615
2.5109
6.5707
0.0606
0.5102
0.3541
0
0
0.1294
0.244
0
0.2026
0
0.1777
0.0016
0
0
11.0417
3.3316
0
4.0307
4.1214
3.1234
1.332
0.0519
0.0088
3.3
18.9157
0
0
0.7104
1.6614
0.0651
2.169
45.6171
17.9817
8e-04
2.2947
4e-04
0
0
11.4365
0
0
46.6613
5.7403
11.4879
42.6754
0.1589
0.0297
4.3321
0.211
0
0.0024
0.2506
0
9.436
2.8694
0.0025
0.0032
0
0.6414
0.7023
0
0
0
0.0011
5.8116
6.9568
2.7063
2.748
0.0198
0
0
0.0071
0
1.0486
2.5236
0
0
0
0
7.2467
0
3.0505
0
6.607
3.094
0
0
0
0
0
1.7293
9.452
0.0268
0
0
0.0728
0.0795
0.3025
10.8189
1.0829
6.5208
0.1478
0
0
0
3e-04
0.864
2.4403
0.2485
0
0
0.4627
17.6377
0.0402
0
0
0
0
0
0
0
0
0
0
0
0
0
0.82
0.3115
3.1181
3.4701
19.9856
3.141
0
16.5911
1.3209
0
0
0.5273
0.003
0
0
0
0
0
0
5.4743
6.3436
0.3182
0
0.5595
10.9567
0
1.5186
0
1e-04
12.3014
6.1915
1.3318
45.894
6.0016
0.0484
0
0
0
0
1.5713
2.3452
0
5.2454
0
0
51.0726
3.2996
0
0
0.5375
0.1353
0
0
0
0
0
0
2.1605
0
0
0
0
0.4716
0
0
0
0.2113
0
0
0.7728
1.3488
3.3455
0
0
0
0
0
0
0
0.0826
6.676
3.8218
1.0702
0
0
0
0.3561
0.6382
0
0
0
0.1621
0
0
0
0
1.7225
0
0.4372
1.0862
16.2237
0
0
0.878
0.0182
0.009
0
0
0
0
3.5437
7.1485
0.0956
0
0
1.7235
0
0.9731
0
0.2671
0
0
0
2.4741
1.9708
2.159
1.2697
0
3.1362
0.3975
0.5446
0
0
0.2262
3.8653
5.8588
0.0071
0.7631
20.1138
7.0277
10.302
4.2789
1.6111
5.3566
10.0341
0
0
0.5977
37.2115
3.9588
0
0.698
0
0.3258
1.6116
1e-04
0
0
0
4e-04
1.2659
0
0
0
0.6178
0
0
0.0048
0.0716
0
0
0
0
0
10.1512
2.7821
19.0279
4.3913
0.2307
0.127
0.4506
13.5362
2.6922
0
0.7559
4.4292
0
0
0.0032
0
0.9803
0.1518
14.014
29.1873
0
0.1773
0.1275
1.6239
0
0
0
0
4.318
1.8038
0
0.043
6.0539
0
0
0
0.2163
24.5252
0.5811
0
1.1074
0
0.0717
0.3937
4.5671
1.5086
0.3378
16.3188
10.3527
5.6585
0
0
0.5071
2.4152
0.4798
2.2594
3.6739
0
0
0
4.7641
0
0
0
4.1442
4.8704
11.8379
0.2349
0
0
0.5944
0
0
2.1052
11.292
20.84
11.7054
4.4348
21.2641
1.3125
0
2.4606
0
0.6035
4.4154
3.9711
7e-04
7.8531
15.153
0.0474
0
0
28.5418
0.8822
0
0
0
1.0164
3.6151
2.7399
4.9917
0
0
0
0
3.9639
0
0
0
0
0
0.0092
0
0
0
3.7261
9.7179
0.1896
0.2543
0.0232
0
1.8824
0.0058
0.0016
0.0024
0.5676
4.7642
10.5234
0
0
0
0
0.8341
28.0012
2.705
0
1.7458
0
1.7403
1e-04
0
4e-04
11.3452
10.5691
8.6797
0
0
30.0704
0.2653
0.0106
0.0711
12.4242
6.8584
0
0
1.0772
0
0
0
0.0635
1.0863
1.4236
0
0.1613
0.057
7.9018
12.5184
7.0928
0
0
0
0
0
0
0
0
0.7882
0
0.1902
0
0
4.1632
14.3792
8.8525
0
0
0
0
0
0
0
1.0036
4.6514
8.9779
9.4185
0.094
5e-04
1.2158
5.1192
0.2469
1.407
0
0.0729
0
0
0
0.0524
2.0122
0.9105
0
0
0
0
0.9824
6.8958
19.9907
0
0
0.7903
26.897
12.1362
7.0753
0.0017
2.3327
3.3255
0
0
4.3424
0.9784
0
0.0112
0.4293
0
7.7942
0.112
0.0327
5.8672
4e-04
0.1189
0
0
0
6.8968
0
14.0409
0.5392
0
0.1185
0.9964
8.7731
2.9158
1.7875
0
0
3e-04
0
0
0
0
0
0
0
0.0989
0.6676
3.8113
0
0
0
2.129
13.5587
5.1527
0
0
0
0
2.4809
2.4216
0
0
18.0917
2.3926
0.3667
0
0
0
0
0.2711
3.2886
0.2106
0
0
1.5063
1.2298
0
0.1411
0
1.1139
0.234
2.8822
1.1309
0
2e-04
12.4227
1.0718
0.0535
2e-04
15.9814
0.4651
0.0743
0.0372
0.2042
0.6067
0
0
3.8443
1.4498
15.7872
6.0474
0.0909
0
2.6086
1.1794
19.9801
0.1095
0
0.004
0
0.5283
0.2197
0
6.966
0.1977
0
0
7.9573
0
0
0
0
0
0
0.6847
0
0
1e-04
0
0
6.1264
15.4328
0
0
0.0487
11.8034
0.0014
2.5168
0
0.6062
0
0.3931
14.7658
1e-04
0
0
0.3835
0
0
1.2597
5.172
19.7846
11.2918
0.0118
0
0
0.4008
0.1217
0
1.0486
0.7411
0
0
0.2517
4.9003
0
11.4455
0.5651
0.0025
0.0025
3.4889
13.4423
23.409
0
0
0.0328
0
2.5342
44.9386
2.6039
9.0525
9.7427
4.0288
5.8596
6.2912
4.4445
0.3774
0
0
0
0
7.5491
1.9113
3.6415
5.7696
6.736
0
0
0
1.1514
2.7274
16.0081
1.8245
0.6557
1.0333
5.2236
0.0385
5.0259
8.6722
1.0904
13.9763
4.7928
6.2843
0.14
26.7227
28.42
1.1854
0
15.0213
0.2354
0.055
0
0.4699
3.5645
0
0
6.6571
4.8417
7.6016
13.9858
7e-04
0.0047
0.0938
20.8724
0.283
0
0
4e-04
0.0033
0
0
0
0
0
0
3.7713
9.036
1.3571
6.1266
3.3925
3.4534
0
0
0.3853
6.0065
0
0
3.1385
4.8101
6.0325
14.1899
3.9031
0
0.002
0.9174
15.3851
0
1.0874
0
0
0
0
0.2967
2.25
0
0
0
0
0.1466
2e-04
22.1382
1.0545
0.0017
0
0
0
1.7208
7.5779
0
0.8641
1.8286
2.7206
11.8037
25.8571
6.9644
3.3582
24.3608
0
0
0
4.8605
18.1761
0
0
1.2198
0
6.0461
1e-04
0.4643
0
0
0
0
0
0
0
0.388
4.0695
11.2754
3.7097
0
1e-04
0
0
0
0
0.5131
2e-04
6.5326
0
0.1336
0
2.3939
8.952
1.8744
24.7079
0.0032
3.0526
0.2165
0
0
2.9075
1.0767
0
0
0
3.9312
3.2329
0
0.7156
0
6.3684
0.3206
0
0.0107
0
2.3049
1.9056
0
0
0
18.531
5.2626
0.0125
0
20.2942
19.9988
1.3021
0.683
0
0.0825
7e-04
0
0
0
0
0
14.69
3.3362
0
1.2075
0
0
0
0.0048
0
0.0106
0.3723
0.1149
1.0619
0.7572
0.0535
3e-04
6.6499
0
0
0
4.8339
2.9649
0.1828
0
0
0
1.0822
0
8.3767
0.1465
0.9693
0
0
2.6949
0
0.2887
0.5883
0.5701
3.6341
0
0
0
0
0.0016
1.5397
0
0
0
6.9719
10.5697
3.4152
3.6591
0
1.2774
9.5931
0
0
0.0016
1.0874
0
14.3901
19.6533
9.5715
3.3699
0
1.3524
0
0
20.2845
0
0
1.6692
0
0
8.6478
5.4555
0.0012
0.139
0.4088
0
0
0
0.3956
0
0
1.9372
0.5528
8.8719
0.7228
0.3398
1.1048
3.6397
0.4533
0.1291
5.637
0
0
0
3e-04
4.0142
0
0
0
0
0
0.6194
6.7039
7.363
0.809
0
0
0
7.9871
0.7843
0.0617
0
0.8228
0
0
0
3.2239
0.011
0
2.551
0.0226
0.0534
0.0448
0.0805
12.7709
11.3145
5.4585
0
0.3078
2.9735
0
1.6474
0.789
1.8289
24.3179
11.0683
5.1775
3e-04
6e-04
0
0
0
0
0.0294
3.6664
9.554
7.8538
0.38
0
0.1798
3.0417
0
1.7371
0
6.6447
0.0817
0
0.0159
1.1953
1.7626
0.6586
0.5389
0
5.9095
0
0.724
0.727
1.0514
2.6303
0.0535
0
0
0.0282
0.0174
0
0
0
4.7364
1.6242
0
0
15.0565
10.5743
0
1.2839
11.6088
29.7277
0.0811
0.3018
2.9371
0
0.1514
0.2737
3.1802
0
0.8806
5.8413
0
0
0
0
0.106
0.2768
0.6232
0.0064
0
0
0
9.0553
0.1887
0.0546
14.2826
0
0
0
0
0
0.087
0
0.2146
0.4122
14.8842
0
0.1088
1.5319
2.2863
14.6727
0
0
0
0
0
1.7531
0
0
0
7.9363
1.867
9.2417
0.7175
0.5713
0.0308
0
0
0.4955
0
0
6.5472
0
0.0451
7.6583
1.6134
0
0
0
12.567
1.4392
0
0.0096
0
21.032
3.2248
0.0069
0.2538
0
0
0
0
0
0
0.0042
0
0
8.3965
4.4618
5.3597
0
0
0
0
0
0
0
4e-04
0.0156
0
0.3855
23.2508
17.0803
4.9869
0
0
6.8348
0
0
0
0
23.8794
6.1207
1e-04
0
0.0032
0
6.8691
0
0
0
0
0
0
0
0
0
0
0
0
0
0
3.3429
1.0987
0.7209
0.3715
0
0
4.8701
0.0024
0
0
0
0
0
0
0
5.1399
0
2.5606
0
0
0.0081
9.2753
8.6794
17.4468
26.5356
6.4405
0.2081
0
0.4495
0.7287
3.3126
8.4653
0.011
0
0.3733
0
0.0659
0
0
0
0
0
0
0
3.7219
0
0.0111
0
10.3954
0
0.0623
0
0
0
0
20.6146
0.0111
0.1585
7.8983
7.2692
0.0107
0
0
8.4761
5.596
0.0092
0.0036
0
0
0
0.0217
0
0
0.0044
0.0064
5.2425
0.0024
0
0
0.5155
4.0357
2.1217
0.0024
0.5086
0.6645
0.434
0.7368
0.9791
0.1575
0
0
1.3975
0
6.9217
2.2668
