1980 1 1
0.0218
0.2244
0.3954
0.3871
0.3465
0.1815
0.5136
0
0
0
12.0093
0.07
0
1.4903
0.0038
0.0291
0.4136
0
0
0
0
0.0282
1.4953
0.7843
1.4467
0
0
2e-04
0
2e-04
2e-04
0
0
0
0
0
0.2103
0.0284
0
0.2833
0.1978
3e-04
0
0.2079
0
4.2789
1.8356
0
0
0.0287
0.0194
0.7696
12.3672
9e-04
1e-04
0.3503
0.5557
0.0638
0.844
0.1156
0
0.0688
0.1313
0.0301
5.4248
0.045
2.1107
14.4726
0.0636
0.0398
0.0833
0
1.9285
0.903
0.0375
0.3599
17.2514
0.7909
0
0.6262
23.1311
3e-04
0
10.3445
0.4612
0
0.2127
3.4532
7.5232
1.9608
9.7893
0.9623
0.1888
2.0073
7.3846
0.0076
0
0.4564
7.055
4.4806
1.1395
0.3648
5.6356
0.3343
20.7083
1.6615
0.5533
0
0
0
0
0.2285
0
0
0.3672
0.8197
0.2175
4.4103
14.5105
0.0012
0
0
0
0
0
0
0
0
0.5537
0.0547
1.3876
2.8991
7.1446
6.7633
2.4437
0
0.6346
21.6804
13.9228
0.7588
7e-04
0
0.1156
0.6466
4.2537
0.0346
0
0
0
2.1431
5.5966
7.0764
9.5673
8.3037
2.7971
0.4068
0.4563
5.2659
17.0157
3.3728
0.0352
0.0359
0
0
0.3226
7.7833
10.3152
4.8585
0
0.1586
8.2707
1.7126
0
0
0.6118
6.4663
0
0.1722
0.1137
0.0349
0.1795
8e-04
0.3267
0
4.3904
14.5496
12.1007
1.212
0.1195
4.2521
9.4408
1.9532
0.8373
4.0972
0.9986
0.1835
0.7831
1.0834
0.2756
0
0.5577
0.482
5.7536
37.9515
5.6747
0
0
0.53
3.9622
17.6277
5.4447
0.8277
1.4572
0.181
10.4993
4.0106
0.3493
6.849
1.177
0
0.0584
0.686
10.3523
11.5293
4.2945
0.4918
10.5668
0.8934
2.9494
12.4282
1.4798
1.5077
23.0765
12.9547
3.1312
0
0
0
0
0
0.7194
1.4886
5.4567
10.5352
5.6965
2.384
0.051
7.5399
0.5968
0
0.02
0.1421
3.3438
0.5856
0
0.7238
1.1808
0.7368
0.0658
0.267
13.3889
0.2219
0
0.1845
0.4283
2.8493
5.4371
0
0.8926
0.9261
0
0
0
0
0
9.1959
2.0225
0.2473
0.3316
0.3164
0
0
0
0.216
0.3084
0.216
0.2551
0.1012
0.4931
0.6112
2.0786
2.3298
0.426
0.562
0
0
0
2.522
6.6477
0.006
0.0738
8.9639
0
0
0
0
0
0.2108
0.1432
0
0
0
1.1266
1e-04
0
0
0
0.9947
6.0014
0.2485
0
1.7808
0.417
0
0
0
0.1179
0.3699
1.1962
0.0406
0
7.7771
0.898
1.2752
0.4239
0.0276
6.3235
0.1046
0
0.0103
1.792
7.7488
9.8574
4.6425
0.1649
0.1885
0.4909
0
6e-04
0.0673
0.0295
0
0.5129
0.1222
0
0
0
0
5.6413
0
0
0.3023
0.0177
9.6104
0.3924
7.8609
1.1755
1.0807
1.0139
9e-04
0.5272
2.9304
2.5471
0.0282
0
2e-04
0.0207
0.0076
0
0
0.0766
0.5536
0
0.1305
0
0
0
0
0
0.1756
0
0.1043
0.3875
0
2e-04
0
0
10.3327
1.5485
0.0764
0.1446
0.1029
0.9094
0.011
0.0291
0.0264
13.1075
12.1518
0.002
0
0
0
1.8463
0.2265
0.0205
9.1538
6.0233
0
1.0098
5.7348
0.4377
0
0
0.0056
0.7763
0
0.3498
0
0.51
0.4828
0
0
0
1e-04
0.0068
0.0215
0
0
0
0
1.1684
0
0.1873
0.7336
0.7858
0
0
0
0
0
4.5059
2.9687
0.1852
0.1275
5.4931
0
0
0
1.7274
4.3735
0.8761
0.0301
0
0.2802
6.7971
2.0181
3.8926
7.6139
4.5088
22.4723
0
0.2623
7.6991
3.6339
0.4707
0.7432
0.7068
0.7856
6.8849
0.6951
0.0218
0.1847
0.1182
18.9562
9.2986
0.1537
0.0371
0.0242
0
0.0811
1.2079
5.347
0
0
1.5059
18.2518
8.6645
0.0613
0
14.8609
7.8442
0.1086
0
0
0
0
0
0.0898
0.0344
0.6374
0.6174
1.1696
11.093
5.7012
0.0371
3.7989
0.005
0
0.0657
7.7253
4.3093
5.4331
4.8395
0
10.3391
40.3111
8.1592
0
5.4557
38.0569
8.8918
0.2832
2.34
0.3297
0
0
4.7231
10.7979
28.3394
0.008
4.1202
25.8454
0
0
0
0.1561
0.1336
0.7144
2.3945
2.3258
0.2588
0.1333
0
0
0
0.9851
3.4798
0
0.1628
0.7534
0.1201
9e-04
0
0
0
4.7244
18.2268
3.0094
0.3596
0
0
0
25.3534
2.4379
13.6998
0.2009
0
0
0
0.385
5.7843
1.9311
0.562
0.6758
2.021
1.4923
0.1554
1.1591
6.1435
0.0011
0.0086
0.1415
1.054
0
0
0
0
0
0
0
0
0
0
0.019
1.2564
8.1413
14.4062
27.7838
17.6132
9.5892
15.4885
23.3639
18.0357
0.9806
0.052
0.3681
5.113
0
0
0
0
0
4.4995
5.0884
6.7243
19.8878
4.4822
0.2984
0
1.1238
2.7064
0
0
0.3388
1.9134
6.5914
0
2.9525
13.2762
3.3318
0.0798
0
0
0.3971
13.0711
0.0053
0
0.0186
0
0
0
0
0.0376
0.0266
0
1.0412
18.6835
1.4479
0.1203
6.2549
8.2585
8.0102
0.001
0.0121
11.5045
34.1319
3.6946
0
0
0
0
1e-04
0
0
3.3131
0.9697
0.0095
0
0
0
0
0
0
0
0
0
3e-04
0.0809
3.0001
13.5939
0.6933
0
0.5389
2.1915
0
0.8345
1.2937
0
0
0
6.6415
0.2806
0
5.5123
0.4136
0
0.4701
2.2067
0.0139
0
0
0
0
0
0
0.1988
5.3921
0.1929
0.0507
0.1373
4.8512
5.8005
23.627
0
0
0
6.4212
5.0837
0.7319
1.2098
1.0604
0.5446
0
1.7865
10.5538
0.4884
0.8594
3.199
0.1842
0.6444
0.2202
0.3538
0.3152
3.0804
0.1961
0.5527
1.258
0.333
0.1321
0.096
0.0672
0.9744
1.2201
12.7539
2.7016
0.6872
0.2596
0
1.3277
0
25.4492
13.3214
3.5093
2.76
7.9896
1.6863
1.9647
0.7162
0.4624
0
4.7775
0.0011
0.3666
0
0.2296
0
7e-04
0.0368
1.1431
0.3339
3.7901
0.0199
0.0075
0
0.0784
5.8568
0
0
0
0
3.3546
2.5571
1.5585
20.0494
0.6345
0.057
0.1677
2.2615
1.8861
1.6619
3.5906
0.35
8.0517
0.1475
2.8614
12.8034
0.4935
0
3.3348
6.4739
1.5399
0
0
2.2692
4.5195
1.3786
0
0.0203
0
4.1071
8.2986
0.0153
0.068
7.3587
3.0605
1.8708
9.6243
0.2817
0
2.0106
1.2301
0.4619
0
0
0
2.0817
5.9195
4.5727
0.0118
1.2592
0.8871
0.0521
0.0011
0.0024
0.0013
0.1155
0.7017
0
0
0.0647
0
0.0021
0
0
0
0.3642
1.5832
4.9839
2.9095
0
1.2381
0
0
1.9801
0
0.0852
0.1911
0
0.9228
1.9436
2.1049
10.1227
10.0901
9.7634
1.2872
0.69
8.1469
20.0279
10.9956
2.7906
2.2827
0.8821
5.8442
0
0.0853
0.002
0.0419
0.0085
0.2124
1.0615
2.1666
1.5791
0
0
0
0
8.7096
16.4583
1.2072
0.1114
5.6646
2.0177
4.1358
6.5008
0.0588
0
6e-04
0.0012
0.4842
13.6866
5.9498
0.3638
0
0
35.991
0.1678
0.2362
0
1.2732
0.8891
2.8978
5.061
6.2
0.2301
0
0
0
0
1.1419
2.5221
6.0675
0.9192
0
0.5405
0.0531
0
0
0.001
0
0
0
0
1.492
0
1.66
0.3023
0.3827
0.0757
0
0.6467
9.6424
4.3286
0
0
0
0
0
0
0
0
0
1.0249
12.2599
0.2573
0.1544
0.5615
0.2473
0.4926
0
0
0
0
0.0073
0.0448
0.8802
0.0594
2e-04
0
0
5.9161
0.4029
0.1845
0
0
0
0
0.3216
2.3759
0.4883
0
0.7204
4.5649
0.2943
0.9368
0.2015
1.9732
1.5262
0.3671
1.0169
0.8713
25.9505
0.4855
0
0
0
0
0
0
0.9066
2.9051
3.2687
0.6522
0.6955
0.0118
0
0
0.1507
0.5304
0.1099
0.029
0
0.0014
0.0679
4.6035
0
0
0
0
0
0
0
0
0.8783
0
20.8005
19.99
44.0906
4.5972
0
0
0
0.2478
0.0205
1.3674
0.5681
8.8296
4.976
0.2599
0
1.2592
0
0
0
1.5504
21.2881
13.8166
2.2094
11.6534
3.4467
0
6.5512
0.2267
14.4167
1.5687
0
0.0983
0.1924
1.9482
4.2105
3.8048
0.191
0
0.3825
0.391
0.2741
0.2873
0
0.0274
0.4789
7.5917
13.9741
0
0
6.4663
1.9469
0.1076
0.4696
5.0983
2.8198
15.9607
2.652
8.4992
4.0065
0
0
0
0
0
0
0
0.0982
0
0.112
0
0
2.2141
0.5626
0.0279
0.0793
0.373
0.6649
0.0165
0
0
0
0
0.7847
4.4469
2.6873
0.0726
0
0.0186
0.0127
0
0.4465
3.3242
0
0.1916
7.0177
0.4958
0.3666
0.325
0.326
3.3433
0.0272
0.0284
0
0
0
0
0
0.0135
0.0144
4e-04
0
0.1444
0
0
0.1078
0.3202
0
0.0277
0
0
0
0
0
0
0.0203
0
4.0302
3.4898
4.452
0.2459
1.2693
1.5147
3e-04
0.0054
0.0632
0
0.0494
0.0116
2.5914
5.0948
2.0509
8.016
0.0142
0.0426
0
0.0021
0.3837
6.2779
2.8869
0
0
0
0.7504
9.0797
4.7401
0.2756
0.4964
4.5337
7.2162
5.339
5.3815
1.9943
1.33
0.1057
11.2161
14.0667
3.4433
0.1493
2.1481
0.111
0.0287
0
0
0
0
0
0
0
0
11.605
1.684
14.1641
7.9846
23.3158
6.6377
3.457
1.1199
2.2929
0.9665
7.3511
0
0
0
0
0.2004
4.005
5.2142
0.2958
0
0
6.9709
0.1347
1.3115
13.7121
1.0252
0.1342
4.7696
0.4467
0
1.0665
8.4468
0.3416
2.0845
0.7875
1.1274
1.5118
1.6105
0.7458
18.0765
0
0
0.3968
2.4761
0
0
0
1.147
0.855
0.1165
0
0.0703
1.8138
0.0397
0
0
0
0
0
0
22.094
39.7816
4.1324
13.5138
1.4638
1.0511
6.2269
11.2624
1.6633
0
0
0
0.578
0.0639
0
0
0
0
0
3.0387
11.8507
5.1415
9.3727
0.7217
0.4614
6.0501
1.7655
1.2638
0
0
0
0.4051
2.6123
7.2252
14.0676
0.556
0.2168
0
3.4422
0.3306
0
0
0.6842
1.7694
0.0764
20.2049
0.9741
0
0
0
0
1.601
0.037
0
2.1932
0.1864
0.9488
0.1763
0.3711
0.8201
0.403
1.9553
7.3749
0.6266
2.9003
2.23
0
0.2574
0
2.1803
2.6703
10.3746
8.1926
0
0
0
0.0132
0.0246
0
0
0.179
7.0535
0.5681
0.0842
1.4383
6.7244
12.0463
0.0192
0
0.2149
0.0365
0.0193
0
0
0
0
0
0
2.6189
7.9293
7.9959
0.0078
0
6.1053
0.5244
0.1921
0.0178
4.911
48.3368
1.4057
0
0.0014
0
1.9178
0.0624
0.4508
2.358
21.4937
1.5044
0.2941
0.4512
0.5196
0.3897
0
0
0
0.065
6.6579
9.0687
3.9558
0
0
0
0
0
0
9.9728
22.8931
0.0402
1.4175
2.8918
13.7235
10.9619
0.1027
0
12.2484
1.8903
0.4533
0
10.0601
0.0328
0.0464
0.451
5.7848
21.9953
0.0295
0.0065
0.538
0.7225
0.4295
13.5676
0.5858
27.1269
0.5657
2.6334
1.0887
0.4509
8.9201
7.1017
0.0076
1.8861
0.4218
0.1786
0.0431
0.0437
0.2342
3.5239
4.7291
9.7872
0.0066
0.3069
0
0
0.5369
9.5847
0.4997
0.8028
6e-04
0.0282
0.0183
0
0
0
1e-04
0
0.9054
2.9992
3.417
0
0
0.4268
0.661
0
0.0242
0.0984
0.3974
0.0424
0
0
0.6431
0.252
4.2831
0
0
0.2761
0
1.4449
5.3091
0.0354
0
0.081
2.8163
0.0679
0.7385
0
0.018
0
0.5858
1.1469
2.1664
0.1216
2.2015
2.4631
0
0.0339
1.4477
0.139
0.9103
0.0353
0
0
0.0544
0.1196
3.7147
1.519
1.0668
1.677
0.0738
0
0
0.002
0.0549
5.4102
0.0251
0.8557
1.2406
0.1854
0.0339
0.0728
0
6.9233
0.002
0.8737
11.1281
0.0041
0.211
0.1097
13.4635
10.4874
1.8414
0.0152
0.0017
0.0521
1.1699
2.0796
0.6629
0.5481
0.0884
0
0
1.8061
1.437
3.0567
6.2278
0.3247
0
0
0
0
0
1.0128
9.827
4.2863
3.5279
2.9378
4.7294
2.4063
0.0443
1e-04
5.6096
33.9597
7.5853
4.4084
0
0
15.6946
0.009
0.1466
1.4274
0
1.8916
0.8955
1.6197
0.267
0.1712
1.892
2.4651
0.0208
0.5736
0.4256
3.0165
2.8235
0.1484
0
0
0
2.5457
3.037
33.7383
6.347
4.5747
16.1001
0
8.9637
10.9652
0.068
12.9212
2.0117
0.2509
0
0.0012
0.1887
4.6394
0
0.1125
7e-04
0
0
0
0
0
0
5.6347
5.3463
0
0
2.6611
1.5523
1.3595
0
0
1.6033
2.5461
0.973
0
0.1481
2.3341
1.2107
0
0.0362
1.4272
0.4958
0.4554
4.9146
19.9022
2.8098
0.2469
0
8.9457
1.5884
1.6737
0
0
0
0
0
0.9229
0.9231
0
0.0078
0.0263
0.0058
0
4.6746
2.6425
9.625
7.322
0.1413
0.122
0
0.0776
6.4883
17.9133
13.6845
1.3592
0.0929
0.385
14.7499
4.612
10.1185
1.3925
0.4339
0.1617
0.0841
0
1.0441
1.0018
0.1207
3.2555
1.0503
0
0
0.7031
0.0683
0
0
0
0.0244
0.916
0.4345
17.5657
1.7736
2.0774
0.6609
9.2902
0.3544
0.2505
0
4.331
0.4159
3.0879
2.9362
3.0087
0.4713
1.4528
4.4766
2.1344
0
0
0
0
0
0
0.0428
2.2522
2.0416
5.7752
4.5938
0.065
1.0395
1e-04
0
8e-04
1e-04
0
0
1.7712
0
7.5144
4.096
0.6944
9e-04
0
0
0.0672
4.1879
1.5365
5.0757
0.037
0
2.3593
0.4542
5.6388
0.3165
0
0.2111
1.0966
0.1003
0
0.0036
0.0032
0
0.8011
6.4973
1.7661
0
7.3426
0.6987
0.0543
0
0
7.5259
2.5094
17.981
0.3569
0
0
5.5403
0.0235
0
0
0.0716
0
0
0
0
0
0
0
0.1628
9.6616
0.1337
0.0462
0.9568
0
4.4456
0.0013
0.0363
2.0757
0.1198
0
0.142
1.6812
0
2.3434
4.4112
9.2778
0
0
0
0.0971
2.7925
0
6.7333
2.4335
0.0723
0.4436
0.1883
2.6142
3.7012
3.7891
4.9349
5.1021
2.7525
24.0335
0.0664
0
0
0
0.0257
0.074
0.0035
0
2.2923
1.2071
0
0
0.2626
0.0521
0
4.8652
0.8955
0.1602
0.0045
0.0411
0.3582
0.2678
0.2105
1.4699
0.0596
0
0.068
0
0
1.376
0
0.1622
0.04
0
1.6287
0.8403
0
0
0.4354
2.9349
13.9061
6.9824
2.5228
0.5284
0
0.0123
0.0251
0
0
0
0.149
5.2207
17.816
2.1915
0.0268
2.6283
3.1041
0
0.0521
0.07
0
15.6372
1.7867
0.1254
0.1686
0.6641
0
0
5.1259
3.5936
0.096
0.0186
0
0.0185
0
0.0012
4e-04
2e-04
0
0.9771
4.8089
2.4139
0.0095
0.1883
4.2905
15.8478
16.2169
15.9946
18.6481
1.1519
1.2556
7.3953
1.8779
8.1718
6.658
0.758
1.8042
0.6865
0
0.4207
0
0
0.0026
0.1123
0.1194
5e-04
7e-04
0
0
0
0
0
1.5628
0.3654
0
0
0
0
0
3.5262
2.0556
0.0043
0.0064
0.0409
0.1241
3e-04
0
0
0
0
2e-04
1.2041
2.1515
5.1838
2.3747
5.8834
1.0042
4.3942
3.4417
4.6031
0
8e-04
4e-04
0.2101
2.0896
12.3254
18.3419
0.002
0.2063
4e-04
6e-04
8.1731
6.1861
0.2319
0.4426
9e-04
0
2.7007
15.3604
3.4734
7.6528
6.3536
1.4348
0.6174
4.5328
3.8061
5.4934
1.0394
3e-04
1e-04
0
1.7437
0.8212
0.411
0
0
0
0
0
0.1798
1.543
2.6412
2.6659
0.0777
5.129
1.2657
0.0102
0.7738
0.8055
31.2926
0
0
0.9127
12.6729
6.8929
0.7388
0.0011
0
0
1.794
0.6636
1.4486
0
0
0.7834
8.944
0.0092
0
0
0.1236
12.119
0.5807
0
0.0192
0.0778
3.7775
4.8308
2.6466
1.0202
0.1047
0.3453
0.2607
0
6.1751
5.1291
14.5094
1.0264
0.1839
1.1961
0.9039
0.0284
0
0
3.402
11.613
12.8694
8.6204
0.1726
0
0.3647
12.2848
0.7387
0
0
0
1.4265
1.5972
2.5231
0
4.489
22.6731
0.8249
0.0129
0
0
0
0
0
0
0
0
0
0
0
8.534
4.2701
0.492
1.3418
0
0
0.4949
2.0379
2.348
0
0
0.896
1.3195
0.4993
0
0.01
0.4928
2.898
3.5612
5.8524
4.026
6.9305
18.7956
0
3.5714
6.2527
33.7912
2.4547
0.1415
0
0.3667
8.6199
0.6003
1.3984
0
0
0.0231
0.2647
0.4033
1.0371
7.8957
13.1241
5.4347
2.1792
0.0294
3.9306
0.2343
7.6869
12.0694
2.9765
2.0417
5.6364
5.2863
3.0912
17.0122
0.1562
7.4303
5.8853
4.9676
0
5.1852
0.0383
0
3.336
18.1051
3.2388
6.0277
0.2655
0.2018
4.0657
0.7475
0
0
1.7969
0.5999
0
0
0
10.2546
18.3258
1.2616
1.9861
0.0775
0.2167
0.1471
0.4383
0
0
0.3246
0.1541
1.0234
0.5658
0.8959
0.1928
0.2552
2.253
0.0339
0.1344
0
0
0
0.0304
1.6021
0.006
0.9224
0.0304
0
0
0
0.0238
0.2331
0.0441
0.732
1.9046
0
0
1.228
0.4463
8.4181
2.2165
0.0426
0
0
0
1.3546
0.3947
1.3034
0.2772
1.9469
0
0.3308
0.1952
0.403
1.8152
12.6867
2.7978
0.7773
8.067
0.1289
0
0
0
0
0
1.0844
0.3476
1.9183
5.8507
0.5437
6.3744
0.2979
8.1042
0
0
0.8208
0.1568
2.5414
0.7381
0
0.2575
0.7298
0.915
0.5715
0.1001
2.8119
0.057
0
2.6181
2.2718
6.2015
4.0941
7.4423
0.6026
0.1381
0
4.2885
0.7035
14.9939
0
0
0
0.0287
0
0.0013
2.1539
2.0584
0
0
0
2.3247
2.1002
1.4421
0
11.8774
3.6953
1.8526
0
0.0562
0.0044
0.5629
1.2442
0.5494
6.8034
0.7596
9.0777
1.3637
0.8246
0.03
0.9738
14.9728
3.6725
0.2589
0
0
0
0
1.7541
4.0779
0.3005
5.6265
1.6692
0
0
0.6861
0
2.0001
10.2929
0
0
0
0
0.0588
0.2322
3.1621
1.3906
9.6015
12.3563
20.6367
3.6179
0.6251
1.1242
0.7041
0.6673
0.675
0.3953
2.0973
9.4529
0.1494
1.0116
2.025
0.0019
0.1199
0.0997
0.0232
0.4344
23.2888
9.672
5.0796
8.4595
1.6485
5.8016
7.5849
1.9343
0.5266
0.2515
10.4081
7.9071
1.2344
1.1034
7.8778
1.4771
0
1.2452
1.3113
0
0
0.6434
2.8831
2.7192
0
12.3752
0.8401
9.4671
0.1624
0
0.6823
0
0
3.0125
27.285
2.3857
20.8546
8.6154
4.1149
0.3232
0.3194
21.6293
0.1454
0
0.0214
0.1619
0.0408
0
0
0.7576
4.9915
5.8945
0.1243
2.3116
0.0805
0
1.3502
3.9874
0
0
0
2.8995
0.9328
12.885
0.6549
0.213
14.8849
0.544
0.0013
0.001
5.848
5.4967
4.1988
0.0334
0.004
0
0
0
0
0.1881
2e-04
0.1104
36.9995
7.8363
0.0171
0
0
0
0
0
0
8.2831
0.2074
0
0.4688
0
0
4.3222
15.3323
7.8674
0
0
0.7034
0
0.0538
9.2002
0.0163
0.146
0.0252
3.1449
2.4905
1.6212
19.424
5.3941
10.5032
0.1263
4.481
9.5776
13.7175
0.2953
38.5575
4.683
0.1628
0.5619
0
0.0233
2.7843
0
0.0832
2.0896
10.6698
9.067
0
0
0.2104
0
0
0
0
0
0
0.0645
4.9858
3.3115
1.4151
0.0341
0
0.036
0
0.3126
2.0425
0.0017
0.02
4e-04
0.0233
0.0021
0.5179
0.5704
0.033
1.8804
0.06
0.1939
0
0.0825
0
3.496
7.3592
0.4163
10.0444
1.7418
0.1759
0.0667
0.1703
0.6235
26.428
0.053
0.7489
0
0
1.7038
15.4264
0.9402
0
0
0.2976
8.9164
6.0647
4.9962
0.0284
0
0
0
0
0.1455
0.9795
0.4588
3.7454
0.9634
0
0
0
0
3.1061
2.1292
0
0
0.2098
0
0
0
0.3213
0.7168
0.0812
0
0.0012
0
0
0
0.4814
9.0282
0.2337
0
0.0869
0.062
0.5653
0
0
4.1981
9.8968
0
0
0.9534
0.1739
0
3e-04
1.1961
0
0.3459
4.5239
4.8682
0.0757
0
0
0
0
0
0
0
1e-04
0
0
0
0.1461
0.2255
1.6937
0
0.0568
0
0
0
0
0
0
0
0
0
0
1.2086
5.2018
6.9936
0.1406
0.045
0
2.1761
0.0016
0
0
0
0
0
0
0
8.4924
0.4095
0.2489
0
0
0
0
0
0.2054
0
0.0075
0.7177
0.1918
2e-04
0
2.0603
22.0382
1.7718
0.6187
4.2376
0.0543
5.8104
13.122
0.5491
0.2398
0
0
0
1.6538
5.0173
0.0644
0.451
2.5763
0.8531
0
0
0.6982
0
0
0.6644
2.6776
0.0659
0
1.5471
1.7689
0.4572
0
0
0.4679
17.4943
11.6167
0.2039
0
0
0.1343
0
0
0
0
0.6216
0.2532
0.8998
2.4847
6e-04
0
20.548
4.7674
0.3401
0.1438
0.2164
0
0
0.4247
2.005
0.1954
0
0
6.1251
1.3358
13.3994
6.1075
13.6156
0.0158
0
1.1925
1.0906
0.1505
1.8246
0.3103
0.0494
13.9634
0.5176
0
0
0
0
0
5.6161
26.4474
4.2907
9.041
1.7517
0.1265
0.7586
1.826
0.0445
0.0499
9.1296
22.4045
4.6019
5.2929
2.5134
6.0157
4.766
9.7138
1.4413
2.5899
0.0514
6e-04
0.4453
0.037
3.0873
5.9047
7e-04
0.3136
0.3698
0
0
2e-04
0.0014
8e-04
0
9.801
0.6328
0.2213
0.1091
0
0
0.0555
0.0847
0.0935
1.2496
3.7758
0
5e-04
0
3.3102
3.2814
8.1267
0.4884
0
0
0
0
0
0.4246
1.8955
2e-04
0
0
7.89
11.2011
1.0136
0.1139
2.0099
22.3851
24.2218
11.1658
0.1956
1.7074
7.1794
0
0.0992
0
0
0
0
0
0.0422
0.0114
0
7.8726
3.0195
0.7017
1.173
16.7118
2.1351
4.5252
6.1465
0.7081
0.4543
0.1572
0.8676
0.0348
0
0
0
0.5628
0
2.8445
1.8492
1.0105
0.1229
0.6476
0.5722
0
3.4412
1.5151
1.3712
1.9463
0.5836
4.1027
0
0
0
0
0.4771
5.044
0
0.1312
1.3391
1.0892
0.107
5.7963
1.2087
0.4872
0
11.4588
0.1804
0.3236
0
0
0.4981
0.0173
0.0703
0
0
0
0.217
4.2109
6.2671
0
0
0
0
0
0.0319
0.2215
1.2144
0.358
0
0.9879
0.0013
0
1.551
0.5644
27.8963
0.9857
3.0346
1.241
4.1048
1.0095
3.5833
5.2187
4.1356
2.7455
2e-04
0
2.3727
1.5539
3.0027
0
4.1275
4.6576
0
0.8384
24.2972
0.5278
0.0462
2.2497
1.2089
7.3675
1.1479
1e-04
0.6716
0.3874
2.6524
0.4989
1.086
6.8704
1.0713
0.0273
0.034
0.0017
0
0
0.0467
0
0
0
0
0
0
0
0.0302
2e-04
0
1.6956
0
6.2933
5.1967
1.1863
2.8544
0.1319
0
0.5344
0.1376
0.8908
1.8755
0
0.0161
0.183
0.9905
1.3484
1.9234
3.7974
0.8055
8.3116
0
0
0
0.0624
0.326
0.1822
6.3986
4.398
0
0
0.4165
0
0
0
6.7727
1.6014
1.4838
0
1.7315
0.0317
0.0271
0.7141
0
0
0
0
0.0297
0.3807
0.2244
0
0
0
0.1614
0.1138
0
0
6.2009
0.5057
1.0685
0.1568
0
0
0.3868
0.044
3.6778
0
0.9104
0
23.7058
3.6909
0.2437
0.3188
9e-04
0.3064
1.3498
0.9014
0.7674
2.0424
9.1819
2.847
0
10.2131
2.7534
0
0
0
0
0
0
0.0902
0
0.217
0
0.9739
0.7211
1.5187
1.09
0.0405
1.4478
0
0
0
1.2237
2.7657
0.1756
0.0637
0
0
0
0
0
0
0.15
0.1056
4.0367
0.2759
0.0348
0
0.081
0.4283
0.9125
5.2767
0
0.6808
1.063
1.1596
0.0409
0
2.3038
2.9911
0
0.6151
0
0
0
0
0
1.6182
5.0313
0.1552
0
0
0
0
0
0
0
0
0
0
0
0
0.3417
0.0292
0
0
0
0
0.613
2.5215
0
0
0
0
0.0615
0.1068
0
0
0
0
0
0
0
0
0
1.1984
5.521
4.3157
0
0
0
0
0.7993
9.7017
2.1343
5.5073
2.6085
8.1385
0.1533
3.9091
0
21.7331
9.2224
1e-04
0
0
15.3796
6.037
0.239
0
2.1867
1.5183
5.7628
6.2627
0
0
1.5855
8.8927
3.382
1.0167
0.4148
4.7123
8.3344
0
2.0844
12.1978
15.2888
0.8254
0
2.124
14.7559
0.5735
0
2.5456
0.8501
17.2696
0.0016
0.0011
0
1.6247
2.7974
19.91
6.9116
1.294
0
0
0
0
0
7.6412
2.1489
3.3808
0
0
0.0654
0.0254
1.4713
5.6966
3.6429
0.0024
1.5136
0.71
0
0
0
0
0
0
0
1.4696
3.8032
0.1942
0
0
0
0
0
1.6274
0.1201
0.0273
0.0087
0
0
0
8.1442
7.4757
56.112
0.3252
0
3.5235
2.5505
5.6183
1.5661
0.0446
0.2187
0.0741
1.8047
0
0.2184
0
0.0807
0.0013
0.124
22.2934
18.8144
7.6189
1.0799
3.4341
0.4518
12.7281
2.2224
0.0266
8.1993
0
2.3114
3.1697
0.0307
0.0058
1.8889
21.6475
0.6321
0
0
0
0
0.3989
3.8432
0.4601
0.2596
0
0.7526
0.1956
0
0
0
0
0
0
0.9681
1.9244
0.2217
0.0124
0.6433
0.1443
0.1042
0.0605
0.1128
0.1626
1.4104
0.119
0.0392
0.1691
9.3044
1.0496
0.0591
0.3009
13.6785
13.3099
4e-04
0
0
0
0
2.2331
0.5143
0.0455
11.9231
0.0178
3.3243
0
0.1632
0.0667
3.3617
1.9007
0.9869
0.7399
0
0
0
0
0.3411
0
0
0
0.0696
0.645
13.4183
0.0782
0
3.5761
1.4226
0
0.0012
0.2656
1.6755
0
2.298
1.2723
0
0
0.0542
0
0
0
1.4775
0.7844
0.3042
0.0321
0
0.0248
0.0052
1.755
6.6699
0
0.0012
7e-04
0.0853
0.8047
0.067
0
0.1127
0.8791
0
2.4156
3.3928
0.5423
0.2029
0
0
0
0
0.0011
0.0013
0.0091
0.4018
0
0.4357
13.8154
0.1434
6.3648
0.5468
0
0
0
0.0012
0
6.0082
11.6463
0.6959
7.3281
0.6138
2.1791
2.6858
17.3564
16.5105
4.2025
0.6894
1.1793
2.3273
0.7124
0.0573
0
3.0909
2.243
1.9078
3.9828
3.7801
3.201
4.5522
1.0479
0
0.0783
0
0
0
8.1217
0.9828
0.9518
3.071
1.3345
0.0893
0.1223
0.627
0.4003
0.2746
10.2495
2.8197
2.7195
0.7887
2.9941
0.6889
0.9204
3.2346
8.3293
0.4627
2.3584
0.2044
0
0
3.6489
4.2299
1.8626
0.5954
9.5622
0.9326
17.708
21.8605
0
0
0.0143
0.0661
41.5887
13.1469
17.7202
9.618
8.6096
1.5775
0.0129
0.0242
0.007
0.6035
0.3928
0
13.3901
8.9515
5.9593
2.2198
1.7994
1.5524
1.4355
21.0697
1.9478
4.9816
3.3011
0.3719
1.2749
0.4494
0.5379
0.574
0.5251
0
0
4.1004
0.2864
7.9287
0.1784
0.0473
0.0013
0
0
2.3907
2.3466
0.9808
0.4344
0.2652
0.2566
0.0534
0
0
0
25.3599
31.0719
2.0796
2.2281
0.0214
0
3.4648
18.6483
4.3598
3.0025
0.0815
8.754
1.0385
0
0
0
3.306
3.6925
0
0
0
0.2159
1.1324
0.2153
0.3655
0
0
4.7594
0.8905
0
0
0.1774
17.8918
2.1158
1.9201
0.1894
0.0374
0
0
0
9.2274
2.3802
0.0012
0
19.9357
0.0076
0
0
0
1.3781
9.8369
3.8938
10.8751
9.6777
0.0569
0
7.6452
7.5225
2.7518
11.985
2.2843
0
0
0
0.1402
0.1112
4e-04
0
0
0
0
0
0
0
0.0136
0.2497
0
0
0.0306
0.135
0
0
0
8.01
0.0634
0
0
0
0.0868
1.7814
9.0373
0.2929
21.3046
2.7072
2.4254
0.2432
0
0
0
0
0
0
0
3.3747
1.4829
0.0338
0.057
0.1039
0
0.2786
2.5895
6.5078
1.5904
0.8072
0.4237
0
0
0.446
6.6448
16.3606
11.0184
0.6051
0.2133
0.0276
0.0681
0.0411
0.1013
0
0
0
0.6877
0.9384
3.5957
0
0
0.0547
0.1064
0.0692
0
0
0.5183
0.0547
0.0013
0
0
2.6473
0
0
1.4784
1.3296
0.1587
0
0.118
2.8386
0.4828
0.2549
0
0
0
0.8156
1.2557
0.15
1.4437
2.1243
4.0284
6.2943
0.3386
0
0.2923
8.3243
0
0
0
3.1199
1.5773
1.5647
0.3408
0.1966
0
0
0.765
0.1272
9.8641
5.6666
0.0659
7.351
0.7434
0.0849
0.0134
0.1542
2.4747
0.0603
0
0.0026
2.3155
0.3722
0
2.9125
16.5909
1.4667
6.5549
0.0012
0
0.4604
0.003
0.4562
0
0
0
0.8866
5.9408
22.8123
2.5794
0
0
0
0
0
51.7014
5.1482
0.8657
0.0688
0
0
0
0
0
0
0.397
0
1.7761
1.1202
0.7743
15.448
1.0258
0.9806
0.0464
0
0
0.2038
8.8695
0.7697
0.1609
4.6601
0.1009
0.1371
1.0385
1.6114
0
0
0
0
0.9398
2.7202
11.377
2.3948
5.7335
2.5368
0.5804
0.2011
0.1318
0.1412
0.44
0.2168
0
25.2752
2.5392
0.3753
0
3.3054
0.0324
0
0.0315
0
0
6.6172
8.186
0
0
0
0
0
0
0
0
0
0
0.5308
8.2776
22.7891
3.4843
0.0771
0
0
0.2284
5.6175
4.3229
6.2745
14.6181
6.2099
6.6638
24.4595
4.6927
0.1481
0.0574
2.2133
0.2029
0
0
0.7669
3.1535
11.5159
0.0584
0.0279
0.0693
0.0012
0
2.3062
2.8112
11.6746
5.9393
0
0.0137
0.5322
13.6853
3.9152
0.0028
0
0
0
3.3552
0.8182
0
0
0
0
0.3932
1.2755
5.0307
3.1341
1.0926
0.5435
0.1978
3.5902
6.9731
11.097
0.0754
0
0
0
0
0
0
0
0.0697
2.0286
0.8579
19.6883
11.3059
1.8578
10.5805
0.5279
0.0012
0.1806
0.1302
0.0541
3.9109
9.0562
28.6643
2.5423
0
0
0
0
0
0
3.0823
2.0685
0
0
0
8.4866
4.2507
0.2219
0.0134
0
0
0
6.3355
4.381
35.7403
0.0062
0
0
0.0221
1.1502
9.4504
6.3688
9.7025
1.7589
0.7262
0
0
0
0
0.2206
1.7752
0
0
0
0
0
0
0.0491
2.12
11.3159
1.3465
24.8359
0.0576
0.5102
0.0377
0.0054
11.4012
1.9462
4.6291
0
0.0238
8.2586
1.3365
3.1643
1.5161
0.444
0.1871
0
0
0
0
0.294
0.5972
0.0195
0
0.2033
16.9522
0.2007
0.096
2.0649
2.69
24.8877
19.6494
2.6237
1.5038
0.1987
0.0253
0.2307
0
0.9486
17.6567
0.0777
0
0.6946
5.3698
0.0741
0
0
0
0
0
0
0
0
0
0
0.0964
1.9406
22.9837
1.1173
0.0166
0.6362
1.2193
1.657
0
0.3017
0
0
0.1212
0.0864
0.5734
0
0
0
0.6975
11.1052
1.6504
0.2808
0.0521
0
7.5757
5.693
0.0616
0
0.0131
0.1343
34.8554
1.3421
0.0284
0
0
0
0
0
1e-04
0
0.0319
0
11.4983
1.2142
1.5575
10.2378
0.4358
0
16.0553
1.6788
16.1942
2.0301
0
0.3244
0.5881
4.1651
25.8613
26.3557
0.3181
1e-04
0
0
0
2.357
0.1536
0
0.1036
1e-04
0.2858
11.364
0.7115
0
8e-04
0
8.1941
0.3672
0
0.0473
2.5389
3.9601
0
0
0
0
0.5514
0.1626
0.5119
0.0313
3.0407
0
0
0
0
0
0.078
0.3869
0.2187
0
0
0
0
1.8186
4.158
8.0045
0.8963
2.3274
0.389
1.6823
1.2849
0.9454
0
0
0
0
0
0.0947
3.3525
0.3216
0.3113
4.0903
0.266
0.6011
2.5707
1.688
0.054
0
0.0339
3e-04
0
0
0
0
0
0
0.7038
7.2579
1.0819
0
0.0746
2.3965
5.2976
0.5818
0.4104
3.1381
2.7606
2.65
0
0.0659
0
0.386
0
0.0018
1.8738
4.2341
0
0
5.9894
7.069
0.9482
0.2012
0.1304
7.9521
5.2473
3.9703
0.0355
10.8527
0
26.587
14.5069
0.3269
1.5692
0.1686
6.6995
0
0.0614
0.001
0.2383
0.0915
0.0017
5.4956
0.2416
0
0
13.5788
4.5764
0
0
3.6013
0
0
0.563
2.9605
5.6361
0.1545
0.3352
4.0612
2.9033
0
0
0
0
2.946
16.2712
5.0465
28.25
1.048
0.0248
0.1769
5.9238
15.6259
6.1897
7.0074
0.4757
5.1748
0
0
0
0
0.3214
1.149
4.5094
0.7125
0
0
1.6101
6.3376
0.1589
0.0563
0
0
0.3378
0.6064
0.0739
0
0
0
0
0
4.5024
0.1804
1.6872
5.0493
2.3039
4.6172
0.4654
0.186
0.6862
2.6638
0
0
0
8.6345
2.1307
0
0
0
0
0
0
0
2.1529
5.0695
0.6821
0.0407
0
0
0
0.0022
1.3959
0.4585
3e-04
0
0.3244
12.5275
0.0557
0
0
0
9.5091
4.1482
0.4167
0
0.1611
0.0277
1.2406
0.6497
1.6497
2.6282
9.8259
19.4207
6.4668
0.0423
0
0.1938
0.6103
0.0977
0
0
0.028
0
1.2899
0.0878
0.3302
0.3743
8.6805
11.7622
0
0
0
1.3941
3.4854
0.6915
0
0.5027
0.0064
0
0
0
0
0
0
0
0
0.594
4.3206
0.0118
0.1739
1.4861
0.1871
0
0
0
0
0.0092
1.2989
24.5958
1.2388
0.3283
0.2984
0
0
9.015
1.464
0.6415
1.9513
0.2097
0.0505
0
0
0
7.6595
0
0
0
3.997
27.9406
24.4661
26.6863
9.6508
0.0068
0
5.4715
1.8145
3.3469
0.2808
0
0
0.4633
1.6946
0.4782
0.0064
0
0
1.4883
0.6651
0.5443
0.0826
2.8346
0.5307
0
6.4704
4.3991
15.1499
2.3402
3.7443
0.1181
0.4987
0.0614
1.2795
0.7147
2.1696
2.5145
1.0025
2.3167
2.9931
9.0676
0.8023
0.0166
0.0318
0.0263
0.0116
0.0993
0
3.7093
2.6939
1.405
0.1543
0.1108
0.1896
0.1509
0.2073
0.0012
0.3546
4.4978
0
1.5269
8e-04
0
0
0
0.5038
5.0936
1.0333
0
0
0.2912
4.3419
0.1429
0
0
0.0363
0.0954
1.253
0.1641
0.3769
0
2.846
19.8848
0.7202
0.4122
0.0333
0
0.0209
0.2273
0
0
2.4853
1.661
0.6791
0.0866
0
0
0
0
0.3587
0.7942
0.1106
0
0
0
0.2564
0.2247
0.8094
0
0
0
0
2.4001
0.0414
17.7079
1.211
0
6.8665
5.8123
0.3631
0.3252
0.509
0.1014
0.0715
1.7128
0
0
1.1441
0.1277
0
0
0
0
0.5411
10.8009
5.1445
1.3522
0.3515
14.4172
1.7248
0
0.0205
0.0363
0.0362
0.1496
7.3745
2.467
3.0104
0.0249
0.3131
10.5997
0
0
3.0367
1.4312
2.4035
0
0.8545
5.1331
0.5496
4.6631
0.0153
0
1.8735
0
0
0.1026
0.0209
1.0436
0.6966
2.49
0.2631
0
0.1214
0.2024
7.4515
13.3292
12.2662
0.2873
7.7204
10.9036
4.3155
2.0747
7.691
2.2183
0.2051
2.2171
0.1252
0.4917
3.5159
1.0741
0.2434
0.0012
0.6811
2.6526
0.0318
0
0.5399
5.3322
0.3168
0
0.0787
0.1301
0.0775
0.4312
0.1073
9.7906
3.3233
0
0
0.7995
3.6308
11.2983
17.2755
0
0.7871
0.2921
0.0028
2.28
24.655
0.7504
0.0421
0
0
1.8008
5.0408
0.6108
3.0029
0.0624
0
0
0
0
0
0.4372
0.0013
0
0.6832
30.3251
0.6202
0.117
0
1.0485
1.4815
4.2476
0.4854
0.4488
0
0
0
0
0
0.1146
1.2956
0
4.4424
0.0579
0.1654
0.3519
0.6944
7.3639
0.0218
16.4395
23.6048
16.5427
18.1515
1.1909
12.1053
1.41
6.8748
11.719
1.4901
0.9561
22.5206
3.9634
0.3304
8.935
1.2673
0.0225
4.1234
11.0243
11.3757
4e-04
0.3713
2.5915
0.7384
0
0
0.0205
4.9455
0.2104
0.6574
7.3547
0.5212
12.3873
3.0675
2.1256
0.3064
0
2.0528
6.9874
0
0
0
0
5.7395
2.1013
2.5224
14.1922
9.298
0
0
0
0
1.2217
4.4341
1.6039
0.4484
11.711
21.5677
14.6467
5.026
13.0388
1e-04
0
0
0.6997
0.7458
0.5705
2.1156
5.7029
1.5229
0.2028
40.1497
6.806
0
0
0
0.1789
0.842
0
0
0
0
0
0
0
0
0
0.638
1.2636
13.4582
1.7015
1.6283
0.17
0
15.0386
11.9254
2.8863
0.018
3.6005
1.4102
0.7975
0.1568
0
0
0
0
0
0
0
0.2418
0.0064
0
21.1166
17.0653
0.7963
2.9132
0.1111
0.0351
0.0877
0.1394
3.0673
3.165
12.8011
24.0446
1.6207
0.0748
0.0806
0
0
0.0378
0.0232
0.0306
14.3957
7.9459
9.3898
0.2925
2.5784
0.0595
0.2426
0.0305
0
0
0.5191
0.1881
0.2135
0.1055
0.0693
0.0257
0.0721
0
0
10.0768
0.1119
0.0055
0
0
0
0.4472
0.2128
0.0135
0.6993
5.1284
0
0
0
0.0321
0
0
0
0
23.0795
21.3162
10.931
0
2.1714
10.8706
19.5757
6.0687
0
0.0057
0.3133
0
4.8704
0.4175
4.5049
7.4995
0
0.0359
0
0
0
0
0
15.5028
1.6277
0.0047
4.1082
0.005
0
0
0.626
0
0
0
0
0
0
0
0
0.0468
0
0
0
0.0012
0.4757
11.7134
0.6917
0.0015
0
6.8482
0.0533
0
0
0
10.9809
4.5318
1.2049
0.0658
0.2651
1.555
0
0
0
1e-04
0.001
19.3376
4.4775
0.028
0
1.7574
0.6367
5.5237
1.7752
0.6237
0.7042
0.1001
1.3327
3.4961
5.2241
0
0.414
5.7607
1.596
0.493
17.8689
1.4669
0
0.0528
0.0573
0.3483
0
0
6.0518
16.1872
0.1213
0.0737
0
0.0036
0.0829
0
0
14.799
6.0442
0.3013
0.3402
0.0501
1.9032
2.3873
8.807
0.776
0
5.546
4.6188
2.1966
0
0
5.5237
17.8588
0.9666
0
0.0171
1.467
3.0462
0
0.0178
0.9851
3.8097
2.9226
0.0042
0
0
0
0
0.7205
3e-04
0
0
0.0721
0.2348
0.0269
0.8248
1.0088
0
0
0
6.3692
4.4862
0.6077
5e-04
0.0966
1.0511
3.3882
1.383
11.5941
0.0176
0.0061
0
3.2077
8.4333
0
15.149
28.5036
11.1307
0.672
0
0
0
8.8745
0.3664
0
0
0
0.7447
6.0455
9.7741
0.0949
0
0.089
9.0976
9.4869
0.8675
8.1553
0.3125
1.725
1.4403
3.4812
4.2575
0.0318
0
0.2355
2.4014
4.8538
2.3127
3.6914
3.7578
5.0674
0
1.989
3e-04
0
2.3046
1.0619
6.8835
4e-04
0
0
0
0.1702
10.3228
0.3744
0
0.0664
0.5748
0
0
0
1.7391
2.1902
2.5583
0
0.4806
0.2768
0
0.2151
2.9955
1.2198
0.6753
0.8772
9e-04
0.0536
0.4747
0.1292
0.0085
0.0044
1.5955
0
0
0.0822
0.7788
3e-04
7e-04
0.0066
0.2043
0.8596
0.5828
7.3424
12.8544
9.4017
10.7673
1.0564
0
17.7035
0.4373
7e-04
0.3995
0.4801
0
0.313
0.0367
2.1801
5.5616
0.1545
0
1e-04
0.2583
0.1373
0.911
0.0171
1.9787
1.7223
7.7765
8.2681
5.792
1.8323
3.2247
1.5222
0.8895
0.3127
0.0099
0
0
0
0
0.394
14.219
0.1055
0
0
0
0
0.0339
9.6991
9.353
0.0228
0.4881
2.1658
4.6141
0
0
0
0
0
0.0136
0.0108
0
4.634
2.4653
0.308
0
1.836
0.0962
1.644
0.0158
0
0
0
0
0
0
10.5647
10.2628
1.4076
0
19.8557
0.2017
0.281
0.0276
0
0
1.9382
3.3056
0.4658
4.7026
12.7994
0.365
0.1615
0
1.9166
1.6173
0.6972
13.8384
1.2747
0.2363
0.1597
0
0
0.6466
0.0268
0
0
1.0635
0.6814
0
0
2.2805
2.2594
0.9436
4.293
0.0675
0.3173
0
1.8114
0.102
0
0.0287
0.0853
0.0215
0.0388
0.1194
0.0457
0.0362
0.7161
1.425
6.6713
2.4254
0.099
0.0964
0
1.911
0.2017
0.0747
0.5809
0.2777
0.6894
5.7333
0
0
0.0248
0
0
0.1861
0.6855
3.661
0.495
14.61
12.8154
0.2338
0.5417
0.0882
0.1916
0
0.3361
0.0603
0.0028
0
0.0457
4.9434
1.6121
0
0
0.0238
0.1497
0
0
0
0
0
0
0.1767
0.0557
0.0544
12.2297
2.8938
2.8402
3.1619
0
0
0.093
0
0
0
0.0012
5.3336
5.3645
0.6801
1.7284
2.6419
0
0
1.9599
0.1382
0.204
0
0
0.6313
0.0016
0
9.4876
0.0462
0
0.3934
0.0304
0
5.5064
0.6799
1.3082
0.0181
0
0
0
7.7252
1.4583
1.5772
16.1611
2.8976
0.0543
0.2276
12.8319
7.9896
25.3864
4.4357
0.1987
0.451
0.1045
0.1277
0
0.0258
0
0
0
0
0
0
0.7599
14.2579
3.8318
6.7261
5.2334
2.1265
0
0
0
0.0201
0.7191
4.5048
0.582
0
0
2.0981
5.0686
0
0.0672
0.2821
1e-04
0
0
0
0
0
0
0
0.3959
1.6541
6.0229
0
0
0
0
0.4331
1.9718
0
0
0
0
0.2519
0
9e-04
0
0
0.1909
0.9337
4.1407
1.0051
0.0991
0.1428
0.0412
0.0604
0
7.1314
4.0263
0
9.6712
36.2388
9.8335
3.7491
0.8545
0.0013
7.6272
0.1532
0
0.0014
2e-04
0
3.4549
0.4891
1.611
8.453
6.3439
0
0
0
0.1666
0.1402
0.0165
4e-04
0.1939
0.038
0.0473
0.2824
6.0672
11.8967
0.2459
1.1688
3.1471
0.4617
0.4519
2.7684
0.1231
0.1888
0
2.2597
2.8878
0.368
8.6382
2.3229
0
0
0
0.0278
0.8416
5.7313
0.9357
16.2739
6.5461
0
0
0
0
4.0555
14.2772
3.5403
0.3132
0
0.0695
0.1638
0.2484
1.0953
1.8684
0.6235
0.9318
0.4756
0
0
0
0
0.1967
0.7781
0.384
0.012
0.8304
0
0
0
0
0.9898
0
0.0301
0.4848
0.015
0
0
0
0
4e-04
0.3688
6.1112
3.3451
4.591
1.2892
0.5801
0
0.867
2e-04
0
0
0
0
0.5608
0.7456
5.7792
0.0034
0
0
0
0
0
0
0.0361
0.0789
6.203
0.0243
0
0
0.2142
0.9614
0.8733
0
0
0
0
0
4.9484
10.1594
0.1889
0
6.4171
3.6972
5.8055
0.0084
0
19.3457
2.6887
0
0
0
0.3206
0
0
0
0
0
0
0.3108
0
0
0
0
0
15.0225
7.8651
0
0
0
0
0.2174
0.2341
5.1618
1.6181
20.4321
2.5788
7.5015
3.1662
1.812
0
0
0
4.9546
3.7931
6.727
0.0608
0
0
0
0
0
0
0
0
0
0
0
0
2.9673
2.3583
0.0544
0.0273
0
2.2411
1.7749
3.6794
0
0.1157
0.0543
0.5812
0.4953
1.3062
4.1771
6.6726
0.9372
0
0.4342
8.2912
27.9926
3.8794
1.1148
0.297
0.2736
0
0
0
0
0
0
0
0.1339
0
0
0.2968
0
0.1047
0
0.0478
0
0
0
0
0.0011
0
1.1975
0.1322
0
0
0
0.0147
0.0459
0
0.6735
0.255
6e-04
0.0041
10.2814
4.2381
0
0
0.0012
0
2.5781
1.0611
21.9301
6.5666
0
0
0
0
0
0
0
0
0
0
0.3029
0.658
0.3763
0
0.0222
0
0
0
3.1098
1.1741
0.0367
0.0425
0
0.006
0.2342
0.1211
0.6949
0.0468
0.2994
0
23.9753
30.161
8.9044
0.4722
8.8652
0.1297
0.0082
0
0
3.8317
11.5661
0.6668
1.2835
15.2578
0.0228
0
0.0227
0.9489
0.0624
0.2712
0.0072
0
5.0278
0.072
0.0012
0
1.1466
4.2988
0
0
0
13.2136
5.8136
4.0219
0
0.2624
3.4165
0
0.0445
2.9938
5.2157
2.6689
0
0
0
2.83
29.7904
2.1113
0.0036
0.2204
18.3378
6.3509
0.0758
0.0036
3.7703
3.5406
1.9667
0.009
0
0.1989
0
0.4907
0
9.3384
0.4475
0
0
0.4453
0.2977
0
0
0
0
0
2.514
1.5088
1.3618
2.1091
3.8043
10.3843
27.0527
1.514
2.859
2.0464
0.3931
0
0
1.0461
6.7013
0.0742
0.0298
0
0.0432
0.0297
0
0
0.2925
7.1578
0.5261
2.915
1.3153
0.0012
1e-04
0.6108
0.6024
2.1874
9.6794
13.7434
4.8135
2.479
1.0578
0.5719
0
0
0
5.2443
2.3649
4.8717
7.4972
8.4469
1.4641
0.1126
10.3007
6.3659
0.3304
0
3.1467
3e-04
0.0033
3.8567
0.8199
20.2934
4.2491
0
0
3e-04
0
0
0
0
0
0
0
0.3173
0
0
0
0.0155
0.0287
0.0202
0
0
0.2049
4.0893
0.1702
0.0013
0.0874
0.6188
0.1463
6e-04
0
0.0286
0.6842
0.6501
0
12.4775
1.2107
2.5806
0
0
0
0
0
0
0
0.6501
0.0014
0
22.5293
5.0661
45.4234
8.215
0.1143
0
0
0
0
0
0
0.1676
0.0403
0
0
0
0.2325
3.862
1.3449
0.8744
0
0.034
0
0.0719
10.0698
0.3414
0.1195
0.5864
5.5124
1.8451
16.325
0.1729
0
0
0.2716
13.4764
0.0203
0.014
4.0679
20.4911
1.8246
5.6882
0.0128
0.0749
1.327
2.0383
2.819
1.6923
0.1505
0.2216
0.1018
0.0242
0
0
0.0521
0.1174
0.1989
0
0.7002
0.0428
0.2345
0.0332
0
0.6503
0.0545
0
0.2061
1.3016
0.0704
0.1225
0.4859
2.8366
8.8352
0.0088
0
0
2.7573
2.4803
0.0216
0
0.0542
0
1.1756
0.2544
0.1085
0.1967
0
0
0.7047
0.0987
0.1832
1.4796
4.6526
0
0
0.0627
0.4877
0.1067
2.1893
1.136
0.9052
2.8165
0.0112
0
1.96
0.5225
3.173
1.8554
10.6654
0
0
0.0542
6.3192
7.8809
0.0695
0.1982
1.0674
1.5736
0.7538
0.2184
0.192
0
0
0
0
0
0
0.889
1.5274
0.0629
0.1028
0.0217
0.0249
0
1.6572
0.4372
0.0012
0.0515
0.1736
0.2994
0.3513
0.0975
0.073
0.0335
0
0
3.2103
11.7584
2.8965
0.0663
0.248
0
0.2854
0.6789
9.9202
1.3182
0.2555
0
0.1857
0
0
0
0
0
1.0534
0
0
0.4251
20.193
12.2972
0.1799
0
0
3.5334
3.2448
0
0
0.1933
0.4479
0.3715
1.1736
3.2522
0
0
3.1675
0.6735
0.0446
0.1536
0
0.2346
0
0
5.4131
4.2468
0.1958
3.5843
1.4338
0.083
0
3.8666
4.4203
0
24.5731
13.7868
0.1598
0.36
3.5281
0.9232
1.186
10.1768
11.4047
0.9603
0.2555
1.1398
4.4984
3.2592
1.4296
0.0106
1.3816
7.0569
14.3544
3.8012
0.1962
0
0
10.2751
1.9018
3.7052
1e-04
0
0.8095
3.6081
0
0.2578
0.8242
0.3286
2.5125
7.6345
0.1432
0.1218
0
0
0.1383
6.2826
1.9262
1.557
0.8825
13.6984
8.9945
1.2016
4.7979
3.0399
4.3092
9.9335
1.701
1.6726
0
1.1683
7.3155
12.9628
4.2476
0.768
0
0
0.0904
3.8637
0.0149
0
1e-04
0
0
0
0
0
0
0
0
0
0
0.6349
0.2256
0.2255
0
0
0.3339
4.6948
15.1463
0.6474
0.3358
3.0695
1.8053
0
8e-04
0.1685
0.7651
3.7263
2.0435
0
0.0014
6.2819
20.2168
9.3371
0.8921
0.826
0
0
1e-04
0
0
0
2.6443
0
0
0
0
0.04
1e-04
0
0
0
0.5859
2.4171
2.8573
1.9332
0.0582
0.1225
0.0567
0
0
0.044
0
0
0
0
0
0
0
0
0
1.6437
6.374
0
3.4795
0
4.5191
2.8531
1.8448
2.9502
0.9028
1.1501
0.3267
0
0
0
7.4963
8.4153
0.2261
0.035
0
7.1683
14.3784
15.1878
0
0
0
0
0
0
0
0
0
0
6.5036
0.5819
0
0
0
0
0
0
0.4524
11.6791
1.0198
0.7687
0
0.0318
10.0084
0.2784
0
0.927
0
0.3434
2.0751
10.8026
0
0
0.0012
0
0
0.2544
0.642
21.3659
7.1513
0.7216
1e-04
0.3162
0
0
0
0
2.081
1.2854
0.4048
0.407
0
0
0
1.1734
5.6587
7.1813
6.0085
1.2571
0
0
6.6711
7.3304
0.3156
1.863
0.0029
2.6155
0
0.1916
0
0.4059
0
20.897
5.7025
1.3578
0
0.0543
26.1622
0.0648
0.4128
0.0477
0
0
2e-04
5.1115
6.9319
0.054
0.3206
0.1609
0
0.0473
0
0.1478
1.4313
0.3071
0.283
0.0407
7.3877
0
0
0.7369
4.0103
0.2415
0
0
0
2.2122
1.5862
6.9507
0
0
0
0.1011
1e-04
12.6659
0
3.6367
3.0476
0
2.1027
5.6741
0.4128
0.3359
0.0468
0.4083
0.2995
0
19.2901
0.8047
0
0.0555
0.1267
0.0018
3e-04
1.0503
0.2539
1.1515
0.0234
0.6824
2.3864
0
0
4.0619
3.9303
10.274
0.013
0
0
0
6.8074
36.3915
0.0036
0.9689
3.1808
0.0568
0
4.4224
4.5133
0
1.8753
1.0053
1.6843
0
0
0
34.7164
2e-04
0
0
0.271
0
3e-04
0
0.4593
0.8579
0
10.0796
0.3571
0
3.7401
6.8877
0.1429
1.8652
0
0
0
0.5451
9.3245
0
0
0
0
0
0
10.7467
0.395
0
0
0.3751
1.5871
0
0
0
0
0
0.0592
0.4881
0
0
0.0022
4.5895
0.0817
0.0079
4.267
6.0726
17.509
5.5851
8.4606
0.0011
3.3346
2.14
0.2218
1.0154
0.1353
2.3545
1.5441
2.2781
5.7337
0
0.5974
11.1811
14.6855
0
0
0
0
0
49.4344
0.0216
0.0076
1e-04
20.3476
0.001
30.9771
10.0711
19.5853
0.283
0.1092
0
0
0
0
0
0
0
3.4987
0.0023
2.7083
0
8.3373
3e-04
7.292
3e-04
0
5.1278
9.9935
0
0.0096
4.9424
9.6451
0.2907
0
0.0615
13.2541
0.2141
0
0.2425
0
1.1687
0
6.1612
8.5957
24.8357
0
0
0
0
4.8061
4.4986
0
0.6402
0
0
2.7346
7.1419
4.2398
6.4273
0
0
1.0713
0.1816
3.947
0
0
0
0
1.9114
0.5951
9.1395
0
0
0
0
5e-04
0
8.3493
0.9982
10.4321
0
7.4052
23.6361
7.6644
0.3545
3e-04
0.1957
0.9856
1.1582
0
18.4629
0.0307
8.1134
0
0
0
0
1.4364
0
0.1052
2.032
0
0
0.0842
0
8e-04
6.1003
6.8217
0.5036
1.5648
0
0
0
0
9.748
0.0768
1.6128
40.7218
0
0
1.5921
0
0
0
0
0
0.92
0.2954
0.0097
0
1.1539
0
0.0359
0
0
0.0643
0.9882
0
0
0
0.2778
8.5785
0.0923
0
0
0
0
0.0308
0.1339
0
0
1.3965
6.6237
10.246
2.0973
0
0
0
1.7893
3.2165
2.275
1.0318
0.5471
0
0
0.0013
0
6e-04
0
0
0
0.001
7.3125
1.7274
0.4161
0
0
0.7084
2.2728
1.0364
8.2579
2.2896
0.0867
8e-04
0.0266
0
12.7393
2.9579
0.4683
0
2.8707
3.7192
1.2494
0.2076
0
0.4381
0
0
15.3874
0.0663
0
0
0
0
0
0
0
0
0
0
6.7448
7.722
7.1879
7.5048
0.5445
0
6e-04
0
0.3972
0.1526
0
0
2.5775
14.6768
1.1155
5.5433
12.3528
20.9341
0
0
0
0.0018
3.9597
0
3.3439
0.024
0.0816
0.1459
0.0928
0
0
0.8142
4.4208
0.0246
5e-04
0.0695
0
0.1622
0.2048
0.0342
0
0
0
0
0
0.0012
0
0
0
0
3.0761
7.7368
3.5696
0
0
0
10.581
35.0269
9.9895
1.2953
2.882
0.1017
0.0988
0.077
0.6803
2e-04
0
0.8856
0
1.7254
0.0378
0.8505
0.5661
0.0018
0
0
7.5615
16.1417
0.4221
0
0.0011
1e-04
8e-04
0
0
2.9709
7.1298
0.5673
8.4666
3.8567
0.0803
0.0312
0.0787
0
0
0
11.0493
0.3387
0.0102
0
9.4618
1.2947
0
0
0
0
0.0239
13.0824
19.7996
4.0406
0
3e-04
0
8.6528
0
19.2726
1.1549
0
2.4962
0.1458
0.0145
0.015
0
0
0
21.3807
0
0
4.0298
3.1541
5.4104
18.2575
5.4968
6.907
0.0371
0
0.7154
1.3425
0.1527
0
0.4
0
0.8319
0
0
0
0
0
0
0
0
0
0.0667
5.1823
2e-04
0
0
0
0.1575
0.1023
0.9953
0.0967
0.2592
0.1756
0.2713
1.2649
0
0
0
0.9514
9.8797
4.3384
23.0523
5.6454
0
1.6832
1.707
0
0
6.108
0
0.0569
0.2487
1.0323
0
0.192
7.8342
5.8509
5.0246
4.7181
1.7398
0
0
0
5.373
0
0
2.8702
3.594
0.1136
0
0
0
0
0
5.0989
4.7408
0
0
6.6747
1.9665
18.7956
30.0304
24.2027
0
0
0
0
0
0
0
0
0
0.1849
0
21.0117
30.0479
19.0019
5.0027
3.9682
0.5189
3.9238
0.1096
0.0441
0
0.7573
0.0028
10.8963
0
9.589
0
0
1.6113
0.0577
1.6869
35.8315
53.0838
0
0
0
1.6761
0
0
0.1181
0.2424
0
0
0
0
5.6791
0.1753
0
0
0
0
0
0
0.0641
2.2828
0
0
0.0026
0.049
5.6431
0.1664
0
0
0
0.0056
2.6128
0
0
0.0462
0.5465
0.0635
7.8604
0.0128
0.2382
0.002
19.8183
0.0256
0
0.2493
0.0244
0
0
0
0
0
0
2.5863
0.0348
0
3.5552
0
0.4962
0
0
0
0.1975
2.2724
0.0075
7.8992
0.1561
0.8173
0
0.0013
0
0
0
0
0
0
21.7106
0
0
0.0489
0
0
0
0
0
0
3e-04
0
0
0
0
7.9353
5.7891
0
0
0.1257
0.97
0.3579
0.2089
0.1937
0
0.1426
0
3.0216
0
0
0
0.1928
0
0
0
0
0.1131
0.2722
0
0.4569
1.1329
8.7989
2.0291
0
0
0
0.7049
0
0.0013
0.3453
0
0.0766
0.1272
14.0634
8.5255
0.0436
0
2.5378
0
3.5345
1.4004
0.2877
1.9122
2.5806
4.3264
2.68
0
0
0
6.2878
0.0528
0
0
14.4401
5.9806
0
3.4533
0
0
0.2144
0
1.6686
0
5.5212
2.58
0.1016
1.0047
0
0.7812
9.7668
0.7633
0
0
0.0129
8.5984
0.5216
0
0
1.206
1.6731
0
0
0.6864
0.0472
0
0
0
3.6094
0
5.4477
8.1255
1.0404
1.802
10.2273
0
1e-04
14.4444
0.2049
0
5.9275
0.4066
0
0
0
0
0
0
0
0
0
0
0
0
0
0
0
0
0
0
0
0
0
4.1497
0
0.7707
5.0534
0
0.3413
0
0
23.702
0
9.0405
1.9301
0
0
4.034
17.1366
1.2578
0.88
0.3143
0.4104
0.3737
2.6806
25.862
0.1224
0
0
0
0
0
0
0
0
0
0
0.4244
0.0676
0
1.7321
0
0
0
1.8718
1.1145
0
0
0
0.0491
7.8497
0.0242
0
0.3037
17.3432
9.2621
7.7131
0.405
0
0
0
0
0
15.1533
8.3574
6.2839
0
0
0
0
0
0
0.2112
0.0011
10.423
14.4796
8.3928
14.4511
0
0.3258
0.8175
0
0
0
0
0
0.0739
0.2275
0.5256
2.1785
10.8822
0.3106
0.7867
0
5.507
0
0
0
0
10.3049
0
0
3.664
0
0
0
0
9e-04
0
0
8.0419
6.4099
4.2412
0
4.5722
15.8849
0.6385
11.7949
4.5012
0.2314
0.006
1.9071
0.2218
0.8746
2.4622
0.2297
0
0
0.3769
0.9836
2.8665
2.7357
5.2805
0.0562
3.3506
0
0.0282
5.5443
10.6425
0.1683
0
0
0
2.1936
0
0
0
0.3525
5.8095
9.7142
4.6059
2.8865
0
0
0
0
0
0
0.0347
0.0396
0
3.2823
0.0033
0.095
0.5299
0
0
0
1.7298
0
0
0
0
0.0112
0
0.0615
0.7233
0
0
4.8261
0
0
3e-04
0.248
28.7014
1.5205
0
0
5.6975
15.7671
0.0772
0
0
3.0545
2.2607
2.2087
0
0
9.4653
0.0663
0
0
15.0753
0.6457
0
0
0
0
0
0
0
0
0
0
0
0
0.0982
0.332
19.2965
0.0407
0
0
0
0
0
0
0
2.0544
0
0
0
0
0
0
0
3.1127
5.6173
0.7418
0
0.6909
0.6713
0
11.0581
0
0
0
0
0
0.1075
0.5811
0.1198
9.1319
2.2334
0
0
0
8.8527
0
0
3.2017
17.2114
2.9939
0.4173
0.2931
0
0
4.2843
0
0
0
0
0
0
0
0.352
0
0
0
0
0
8.8535
1.641
0.2478
0
0
0.2481
0.563
0.9796
0.0122
0
0.4626
0
0.119
0
0
0.482
0.0584
3.1954
0.9982
0.2693
1.0804
0
1e-04
0
0
0.5282
0
2.1725
0.1478
0
0
1.3687
0.8245
0
0
0
0
0
3.8596
4.3498
0
2.5137
1.2544
0.0554
0.0187
0
6.2495
1.3049
0.0095
0
0
0.6068
5.3317
1.2947
0.0311
7.3651
0
0
0
0
0
0
0
0
0
0
0
0
0
4.694
0.0042
0.2752
0.8327
2.9148
0.0016
0
7.0821
9.7513
0.137
0
0
0
0.6039
0
10.9147
2.5687
1.4532
0
0
0
0.3158
3.2501
0.4099
0.4271
0
7.087
13.2627
0.0068
0
0.3865
0
0
0
0
0
1.4246
0
1.3971
26.6312
4.3234
0.2275
0
0
0
0
0
0
0
0
22.645
2.8765
0
0.564
0
0
0.8841
0.5787
1.9011
14.1656
0.0446
11.5098
0.4247
0
0
2.5918
0.2169
7.4136
22.6428
0.0032
0
0.402
7.586
0.2385
0
0.0018
2.4105
30.621
1.1975
0.5293
0
0
0
0
0.0588
18.205
3.0631
0
0
0
0
0.9312
14.7087
9.0855
11.363
6.9332
1.3033
1.3617
17.86
0
0.2179
23.6205
0.007
0
0.9351
35.5507
0.3776
0.3211
0.1103
1.2912
4e-04
0
0
28.2687
0.0128
0
3.9005
0
0
0.3897
1.8007
0.9551
0
0
2.416
2.9125
0.1161
0
0
0.0406
0
0
0
0
0
0
0
0.002
2.4721
23.4952
27.1493
2.2758
0.3928
8.3529
5.9587
0.079
0
22.1178
18.6822
0.0258
0.2411
0
0
0
0
0
0
0
5.4267
0.0396
0
0
0
0.0583
3.1418
0.6239
0.0405
0.8221
10.1877
0
0.0444
0
0
0.046
0
5.1484
0.0462
0
0
0
0
0
34.5266
0.302
13.8125
0
7.294
0.3283
0
0
0
0
7.2136
0.8667
0.2564
18.3577
3.7451
0.0023
0
0
0
0
0
0
0
0
16.8495
26.5191
4.5091
0.6848
4e-04
0
0
0
0
0
0
1.8643
0.4329
2.5763
0.1254
0
0
0
0
0
7.1678
5.0157
0.217
1.0672
0.1889
0
0
0
0
4e-04
0.5153
0
0
0
7.0854
0.436
6.5243
6.4183
2e-04
0
3.5647
0.194
0.0623
2e-04
0.0918
0
0
0.1706
0.1095
0
0
0
5.8307
2.6013
1.8805
0.0338
1.9474
0.429
0.0497
0
0.0319
0
5e-04
0.3131
2.3219
1.9407
0
0.3621
16.3745
5.5799
2.8186
7.5071
0
13.6595
5.8209
0
1.2777
0
0.1373
0
3e-04
0
0
0.0081
0.2347
0.2302
1.5718
1.4099
1.7326
0
0
0
0.2786
0.5239
0.1463
0
0.0571
0
0
0
0
0
1.1666
0.6935
0
0
0
0
0
0
0
0
0
0.0345
0
1.5771
0
0.6597
10.3904
0.795
0
0.1224
0
0.0524
0
2.4759
0
0.2574
17.5274
3.467
0
0
0.0112
10.88
1.8137
0.0972
0.0161
0
0
0
0
0.6564
0.0531
1.9131
9.8691
0
0
0
0
0
0
0.0348
0
0.3784
0
0
0.1062
0
2.1047
3.5143
5.4498
0.3342
0
6.998
1.5528
0
0
0
0
0
0
0
0.1164
0
0
0
0.0418
0
0
3.2881
0
0.9559
0
0
27.0019
1.0321
0.2012
3.6473
2.3666
4.5933
1.182
0
0
9.0008
0.197
0.516
0
0
11.5177
4.4502
3.4789
0.1145
0.5501
0
0
0.0463
0
0
0
0
0
0
0
0
0
0
12.7205
0
0
4.7476
2.4838
0
0.0452
29.3841
18.6958
0.517
3.8863
0.0374
0
11.0257
0.687
0.0033
4.972
8.4005
2.9719
16.8677
0
1.0263
0
0
2.9018
12.2211
0.5591
0.3424
8.3592
7.7437
0
0
0
2e-04
6e-04
0.9286
0
0.3632
6.893
0.5002
0
1.4631
0.0195
1.2489
5.3141
3.3506
7.2706
0
0
0
1.2733
0.0168
1.3784
0.0037
2.3057
0
2.5016
2.0032
0.9858
0
0.96
0.0584
0.2936
1.5472
0
0
0
0
0
0
0.3262
0.1642
0.0087
0.6885
14.8657
0.0012
2.3781
0.0524
34.6596
5e-04
1.9913
1.9453
1.2294
9.6686
0.234
0
1.0008
6.3064
0
0.1936
0
0
0
9.8058
0.2244
0
5.4646
0.4886
0
0
1.2807
0
0
7.8092
0.5256
0.1611
18.8555
8.8209
0.2141
1.0205
0.4531
0.2342
0
0
0
0.8229
0
0
0
0
0
0.0439
0.6535
3.4778
13.8156
11.943
0
0.1588
1.7854
2.5614
0
0
0.2453
1.8435
31.2999
0.4502
8.6137
0.1011
0.0852
13.7707
1.422
1.3564
0.4087
0.0287
0.041
0
0
0
0
3.4977
26.0155
6.4138
0
0
0
0.1467
12.6545
16.7236
1.3101
17.6114
3.1769
21.8576
0.0364
0
0
0
5.6967
6.0083
7.4938
0.3916
19.6103
1.8778
0
0
0
0
0.8896
0
3.0234
0
0
0
0
0
1.7602
0
0
0
0
0
0.411
1.5203
0
0
0
2.09
0
0
0
0
0.2186
3.2389
0.2882
2.4164
3.4214
13.1077
16.7549
0
0
0
0.5851
0
0.4832
0.1421
0
0.2162
0
0
1.2316
4.7627
14.7356
0
4.7462
22.4641
1.3317
0.3529
0
0
0
2.3179
0.0656
0
0.0281
0.0304
0.2617
0
0
0
0
0
0
0
0
3.471
0.0802
0
0
0
0.0341
0.9989
0.2955
0.0788
0.5943
0
0.268
0
0.0546
0
0
0
0.2368
4.0775
0
0
0
0
3.0716
21.9936
14.2874
15.7957
0
0
0
0
0
0
0
0
6.6265
3.862
0
0
0
0
0.27
0.1869
0
1.1553
11.4239
0.9256
0.2191
0
0
0
11.0261
0.4282
0
0
2.165
7.2345
0.2776
0.154
0.0612
0.1959
0
9.6946
0
0
0.1534
0
0
0.2673
1.5738
0
2e-04
0
2.5838
0.2761
0
0.5514
3.8623
5.2822
11.9279
1.3472
0
7.2831
1.6386
0
1.1577
15.3018
1.9341
0
0.095
0
0
16.8223
10.2527
0
0
6.4474
20.8945
1.4483
0.038
0
7e-04
0.1408
0.4845
6.179
3.3051
1.0598
0
0
0.601
0
3.4524
7.1371
0.3414
0.3074
0
11.019
0
0
0
5.2557
0.5362
6.0053
4.6777
0
5.8859
34.9223
5.0797
0.8368
0.8752
3.4023
4.0229
0.8457
0
0.8093
0
0
0.0489
0.2271
11.9158
0.0426
0
0.58
4.4256
0.6265
0.0831
0
3e-04
6.2904
6.7858
12.4711
2.0397
0.1723
0
0.0736
0
0
1.8528
0.0275
2.0259
0.3114
0.0475
0.68
0.1863
0
0
6.4592
0.0417
0
0
4.4791
3.9066
0.5552
0
0
0
0
0
0
1.2453
0
0
0
0
2.7705
0.4403
0
0
0
0
0
0
0
0.3383
0.2531
0
1.3685
12.1086
5.3121
0
0
7.4323
5.9453
5.2328
21.5431
1.8874
0
0.0148
0.5591
0
0.2524
3.3777
0
0
0
0
0
0
0.4019
0.0745
1.7325
0.3138
0.8418
0
0
10.9131
0.079
0
11.2718
14.1964
3.737
0.0027
0.1859
0
0
0
0.0328
0
0
1.709
0
0
0
0
0
0
0
0
0
0
0
3.6778
3.4538
0
0.0342
2.5779
5.0395
17.194
2.9862
0.5311
0.1276
0
0
0.2377
22.6205
0.8646
0
0
0
0
0.3325
5.6761
0.0449
0.1169
1.6579
0
0
0
0.0433
0
0.421
0
0
0
0.121
0.6533
8.9558
0
0
0
0
0.1641
17.8168
2.4535
0
0
0.3544
0
0
0.0271
0
0
0.6531
6.1026
0.7133
0.2327
0
0
28.9566
3.2225
0.3474
0.2608
0.1794
3.3786
0.952
0.6043
0
2.849
0
2.0843
9.0277
1.4584
0.0024
0.4919
1.2023
0.6955
0
0.4593
0.4551
0.0121
2.8246
0.1037
5e-04
0.1811
0
0
0
0
0
0
0
0.1785
4.0439
0
0.604
0
1.3091
21.3584
4.432
0.8648
0.7834
0.1319
0.001
7.7122
0
0
0.363
0
2.9176
7.4504
0.6009
3.3554
0.2838
1.1047
1.6461
1.6188
0
0
0
0.2576
0.0276
0
0
0
2e-04
0
0
0.1149
0
0.1067
0
0
0.0582
0
0
0.8754
0
0.159
3.0161
0.5119
0.2753
1.8177
0
0.7139
2.6403
0.3786
5e-04
0
0
0
0.8895
0
0.0384
0
0
0
0
2.976
0.2327
0.4111
0
0
10.3364
4.9248
1.3265
0.1138
0
0
0
0
0.939
0
3e-04
4.1005
0.953
0
0.6701
3.3624
0.086
0
0.2723
14.5128
0
0
0
0
0
2.3755
2.0712
8.5705
0.2
0
0
1.8003
0.3754
0
0.1829
12.7234
0
0.6222
1.6163
0
0
14.7962
19.3322
4e-04
9.685
0.2457
0
0
0
0
0
0
0
2e-04
0.0374
3.3331
0.8119
2.6436
0.3794
0.4674
0
0
0.2875
0.6681
0
0
0.9358
4.3912
8.356
17.193
0.0662
0
21.2871
6.0819
5.1508
9.3157
18.6343
13.8318
9.9375
4.6458
0
0.2835
6.5555
0.3416
0.0402
0
0
8.6689
0
0
0
2e-04
0
0
2.2293
0.5161
0
0.5843
29.3544
0
0
2.9054
2.4016
0.1916
0.1546
0.8174
9.6423
0.0794
0.2184
2.8058
39.3319
0.919
6.6382
0.0055
0
9.1478
0.0157
2.3782
0
0
0
0
0
0
6.0116
2.7974
0.3874
1.8868
1.1592
0.157
9.0775
0
3.8757
4.0444
0.002
23.0785
23.0213
3.7322
4.1861
1.9208
0.2804
0.7344
4e-04
1.6204
0
0
1.6064
0
0.5698
19.6134
10.486
1.7866
1.3597
0
0
18.9
0.207
0.0201
0
0
0.6025
21.1145
16.7531
19.6784
2.7521
0.035
2.2984
2.0169
0.011
0
1.821
2.826
0
0
3.9332
5.5327
0
0.006
0.0418
0
0.0419
1.8804
0
0
6e-04
5.1851
0.7738
0
0.5183
0.3027
1.4129
44.6965
4.3897
0
0.3612
0
0
0
0
0
0.0815
0.0484
0
0
1.4508
5.389
0
0
0
1.5724
0.0715
0
20.8747
1.1898
0.1002
9.8576
0.2243
25.4289
1.3553
0.7857
0.1259
3e-04
0
3.4599
2.735
0
0
0
0
0
0.8541
0.022
0
0
25.2552
5.0612
1.0661
0
0
0
0
0
0
0
0
5.2297
8.9795
0
2.7487
1.6614
0.1051
0.0512
5.3886
0.3174
0.2827
0.1266
0.0402
0
0
0
0
0
5.0522
3.7979
0.0279
0.037
1.4039
1.446
0
8.1699
4.1248
0
0
0
0
7.7094
0
0
19.0096
10.2895
0.1866
0.172
0
0
0
0.0079
8.77
1.2025
0
0.1325
0.4936
10.9478
0.5662
0
0.1168
3.5321
0
2.7198
0.7555
0
0.762
1.999
0.004
1.0827
22.075
2.1228
0.0614
0
0
0
7.87
6.0681
0
0.1411
2.1908
0.5866
15.0477
1.5655
0.1406
0.1219
4e-04
0
0
0
0.6201
0
1.0891
0.3992
0
1.1541
0.2913
0.0015
0
0
0.0285
0.7481
0.3629
0.3138
0.5748
4.4686
0
0.2035
2e-04
0
0
0.6854
4.4619
0
0.9372
0.0455
1.0237
0.1413
0
0.0652
0.0164
0
0
0
0
0
0
0
0
3.2453
0.6439
0
0.3021
1.012
0.0401
0
0
0
0
6.9393
0.3584
0
6.7316
9.8257
0
1.365
0.1216
0.0588
0
0.2317
2e-04
0
1.5328
0
2.2329
0.5396
1.7498
1.8748
4.4153
0.0093
0.0022
0
3.3817
5.73
6.8239
0.8223
0.1211
2.0447
3.8301
1.1326
0.2102
2.4079
0.2619
0.2348
0
0.2557
4e-04
0.3703
0
0
0.0866
0.8329
3.1961
0
0
0
0
0
0
0
6.8779
0.7564
3.2986
0
3.7801
0.3445
0.755
0
0
5.6127
4.7821
16.7989
0
0
0.3329
0.001
8.3599
0
5.2927
12.2062
5.4122
2.0247
2.5777
7.1079
7.7626
0
2.4887
2.6257
2.6718
0
21.4244
1.0635
1.0251
14.3228
0.4098
0
0.0996
0.975
0.199
11.4401
14.7781
0.5649
3.1052
0.287
0
0
0.084
0
0
2.0551
10.6537
19.9277
10.2848
1.3952
16.249
0.2731
3.8902
16.3053
0.0678
0.2451
0
0
0.4303
0
0.0386
5.3278
0.0076
0
5.9193
0.0167
0
0
0
0.0511
3.2309
3.6741
0.4081
7.208
0
0
0.0016
1.4993
3.3631
0.6873
0
0.0399
0.4758
10.3632
6.5699
0
0
0.0774
14.3779
4.2846
0
0.3963
5.401
9.8637
1.7922
1e-04
0.9287
20.3825
0
0
0
11.0584
0.0946
0
0
0
0.0119
0.5708
0.149
0
0
0.1858
5.9391
0.137
0
1.2446
10.2172
11.5408
0.1526
0.1844
1e-04
0.001
0
4.9423
26.0075
9.4924
14.9098
0.0585
0
3e-04
0
0.3193
1.8306
0.0346
0
11.3211
1.0435
0.4253
0.0438
0
0.0344
0
0
0
0.0389
0.4605
0.1489
0
1e-04
0
0
0
0
0
0
0
0.1457
6.3903
0.0964
0
1.5192
0
0
0
0
0
0
0.5064
0.0012
0
0.0419
2.3726
0.3074
19.3659
1.4861
3.1564
8.1008
0.3308
0.3351
0.2639
0.0549
5.5659
3.8717
0.1432
0.0344
0
0
5.2289
4.5381
0
0
12.5497
0
17.0196
0
0
0
0
0
0
2e-04
0
0
0
0
2.4201
3.9996
0.0536
11.3767
4.2791
0
1.2772
0
17.6933
5.5425
0.1439
1.835
3.0271
0.6553
3.6213
6.3589
0
0
0
0
3.2847
16.0882
0.3624
1.0742
1.8781
3.3068
0.2395
0.3746
0.3609
0
0
0.3015
0
0.03
0
0
2.3687
14.5445
0
0.0957
0
0.2937
0
0
4e-04
3.1028
0
4.8532
13.6879
1.4563
13.2195
6.6136
0.0104
8.1736
0.264
1.0032
9.0378
24.8276
12.4797
2.547
0
0.3169
0
0.0251
2.3198
2e-04
0
5.0406
0.9485
1.3816
0
0.1398
0
0
0.9146
0.7026
0
0
0
0
0
0
0
9.646
5.424
3.0969
0.0157
0
0
1.0484
3.825
2e-04
8.3166
0.0296
0
0
4.7174
4.2846
0.302
0
1e-04
0
0.03
0
2.8173
3.2949
0
0.1243
0
0
0
0.6424
0
0
0
2.567
0.9515
0
0
0
0
0
0
2.133
1.2762
0
0
2.825
0.6097
2.5336
0.7982
0.5227
0.1375
0
0.0044
0.094
0.7629
15.7688
0.0301
0
0
0
1.7629
0
0
0
0
1.9186
0
0
0
0
1.9116
1.9571
0
3.128
2.265
9.8987
18.7133
12.0723
1.127
13.0843
1.1487
0.9855
0.3635
1.0643
0.4619
0.0268
0
0
0
0.0524
0.1245
0
0.0694
0.0136
2.3318
0
5.5175
6.7108
0
0
0
0
5.6527
4.079
0
0.8886
5.3534
0.5799
0.2009
0
0.0094
4.7261
1.0706
1.1335
7e-04
0.1469
0
0.2168
0.0111
0
3.6917
0
0.9449
7.2875
3.7891
0.5671
0.1318
4.9687
0.0043
0
1.028
0.0015
0
0
0
0
2.5453
0
0
0
0.4089
0
4.9442
6.8188
13.8747
2.5071
0
0.1257
0
4.4885
0
0
7.3335
1.7466
0.3748
0
11.5235
9.1708
7.2507
11.4645
14.6157
8.5118
6.4666
3.0741
0
25.0426
3.2377
0
5.1585
2.9998
4.2226
41.6887
0
1.4032
0.1357
0
0
1.0355
1.0683
1.2859
1e-04
0
0
0.009
1.2309
0.727
1.5271
1.0533
5.7931
7.0534
0.0589
0
0
0
0.0057
9.3328
0.148
0
0
0
0
0
2.3576
0.0254
0
12.5051
6.3819
0.082
0
0
0
0
0
0
5.1117
0.73
0.2834
0
0
0.2271
1.7501
0
15.2627
0.6252
0.0184
0.1929
0.1937
0
1.0415
22.6202
5.3594
2.4379
23.1322
0
0
6.1909
0.2467
0
0
0.1438
0
0
0
0.2611
0.0559
0
0.2448
0.4824
0.0616
0
0.6869
0
0
0.2626
0.3425
0
0.912
1.0459
0.7657
0
8.6501
1.9854
0
0
0.1231
0
0
0.025
5.9054
0
0
0
0
3.7432
0
0.2599
7.4246
0
0
0
2.2556
0
22.0859
12.6339
0
0
0
0
0
0.0657
3.67
1.5237
0
0.5688
6.4475
3.3481
15.825
0.0304
0.962
0
0
9.2618
0
0.0371
0
0.8731
6.8034
0
0
0.1425
0
0.3183
9.4446
0.1603
0
0
0
0.03
0
0
0
0
14.5972
2.7511
0.9899
9.1166
9.0125
0.0029
6.6036
0
14.419
5.2159
0.9397
0.3288
0.0139
0
0.0583
0
0.1183
2.0233
0
4.5621
1.9461
0
0
9.4106
10.1443
0
0.1639
6.0949
0
0
0.1877
0.6746
0
0
0
10.2504
0.0512
0.0302
0
2.6936
9.7965
14.3388
0.9489
0.0375
0.1082
0.0082
0.0161
0.0712
0.0882
1.2455
0.4576
0
0.0072
8.2251
7.4032
0.4882
0.4434
0
0
0
0.1711
0
0
0
0.024
0
0.0281
1.7655
0
0
0
0.5513
0
0.0347
5.7504
8.7336
3e-04
9.3905
15.7002
0.126
0
0.3298
0.6721
0
0
0
0
0
0
5e-04
0.6852
0.2401
0
1.8781
0
0
1.825
8.0432
2.8667
11.3216
0
0
0
11.2072
2e-04
0
0
0
3.5684
0.0076
6.2115
0
0.0374
1.9319
0
0
0
0.2372
0.9401
2.2464
1.2762
2.5352
0
0
0
0.0011
0.3917
0.5442
20.5155
1.282
0.3064
0
0
0
0
0
5.9707
29.4175
5.3033
13.4789
5.4111
12.029
5.7599
5.7371
10.9305
4.6774
0.1101
0.8414
0
0
4e-04
21.7556
12.9756
0.2593
1.2815
0
5.1468
2.6635
0.1961
8.2778
2.0489
3.473
0
0
10.8433
0.0784
0.0012
0
0
0
0
0.1391
0
0
0
2.7084
9.9749
1.1747
15.3801
44.9905
1.858
0.197
2e-04
0
3.541
3.8747
9e-04
0
0
5.8547
4.0863
28.3422
0
0
0
0
0
2.057
2.6192
31.3777
0.8072
25.1035
0.0839
0.107
0
3.8671
0.672
0.2157
0.242
1.9342
6e-04
0.0649
0
1.9687
5.5113
39.1332
0.754
4.1373
0.9965
0.1148
0
10.1227
0.0539
0
0
0.2365
0
0
0
0.1014
0
0
0.4748
0
0
0
0.0243
9.4558
0
3e-04
0
0.2607
4.7877
0
0.2774
8.1815
4.4073
33.2508
0.7411
0.6988
0.8102
0.7917
0
0.0412
0.8346
1.9569
0.2096
0.1298
0.9934
0.0373
0.1294
13.184
4.3019
0
0
0
0
10.3312
3.6486
0.1659
0
0.1954
5.7783
0.9778
0.0626
0
8.1626
3.07
0
8.0853
0.9809
9.4992
0.4477
5.6552
0
0
0.0164
0.0672
0
0
12.6884
0.3915
0
0
0
1.2011
44.7417
0
3.2984
1.4318
0.0105
2.8344
0.0227
0.471
0.216
2.5971
15.022
8.2217
9e-04
0.7475
0.8861
0
0
0
0.0135
0.0232
0
11.9398
0.5663
0.0977
0
4.7399
0
0
0
4.2764
23.0098
1.2321
0.1371
2.3507
0
0
0
0
0
0
0
0
0.0016
0.2513
13.6663
40.9816
0
0
0.2377
0
0
0.0936
0
0
0
0.0833
6.7199
4.399
0
0.1203
0
0.209
3.1346
0.044
0.2996
3.8396
12.3003
0.1417
0
6.835
7.4546
0.2208
0
0
0.045
12.9626
10.9433
0
0
1.4728
22.6949
10.6056
1.6164
0.4909
0
0.0542
0
2.7784
13.2876
4.4847
20.3397
0
0.0399
0.2769
0.0423
0
0.8446
0
0.1253
0.1515
0.479
0
0
1.3849
0
1.0056
0
0
0
0.0466
0.0233
0
0.2694
0.1655
0
0
0.0297
0
0.7747
5.0756
4.0543
1.5489
0
1.5021
0.1763
0.0224
0.5549
0.038
0.038
0
0
4.9059
0.0145
0.9561
0
10.341
9.0244
0
3e-04
0
0
5.8255
0
0
0.5408
0
0.0334
0
2.1556
11.2051
0
0.029
0
2.4128
0
2.7724
6.0473
6.344
1.0418
0
0
0.2045
1.6411
0
0.0439
0.4701
7.6476
0.4603
0.438
0.3394
0.4241
0
0.1226
0
4e-04
0.0028
16.7817
4.6124
0
0.9327
2.0791
0.1048
0
0
0
0
0
0
0.0292
0.0067
28.5132
25.1294
6.2146
0.137
1.2807
1.4091
15.0131
3.3943
0
0
0
0
0
0
14.7267
1.918
0
0
0
0
0.7852
9.802
0.6855
0.0632
0.0525
0.0044
0
0
0
0
0.086
4.2397
5.2806
0.1732
0
0.3438
0.063
2.4174
4.4849
7.4299
13.87
0.2129
0.3317
0
12.6417
0
0
0
0
0
0
0
0
0
0.0087
6.8741
0
2.3265
0
0
0
0
0.0025
4.0893
11.7822
0.1047
0
0
0
0
1.4794
7.9735
0.0539
0
0
0
0.8167
0.2607
0
1.2011
0
1.3
0
5.0425
0.0311
16.4632
0
0
0
0
0.1472
5.288
0.4496
45.1289
1.8584
0
0
0
0
0
0
0
23.0596
2.1435
23.9147
7.0094
15.5101
3.9919
0
0.0368
0
0
0.2792
5.1692
0
4e-04
26.6708
55.3564
11.6876
5.1552
4.7719
6.0665
9.5721
0.0885
0.044
0
0
0.0026
0
0
0
0
0
0
4e-04
1.4948
5.9484
23.0491
0.0596
1.8005
0
0
0.0962
0
0
0
0
0
0
0
0
0
0
0.0191
7.002
0
0
0
0
11.3145
4.7613
1.1026
0
0
0.3042
0.0014
0
0.6606
0
2.4949
0
0
0.0581
0
2.6419
0.0045
3.2269
0.0016
0
0
1.2279
22.8199
0.2205
0
0
1.9766
0.0558
0
0
0
0.1122
0
0
0
0.1122
0
0
0
0.5524
0.0012
0.1813
0
0
0
4.082
0
11.5972
0.3655
0
0.4016
2.8359
1.4844
0.028
0.1856
9.4324
38.4521
0.084
0
0
18.9915
0
0.0913
0.024
0
5.2404
0.0783
0.3607
0.5397
1.8538
0.3151
0.1363
0.0598
9.4853
0
3.9645
26.3209
1.124
0
12.8544
2.4293
0.972
3.4127
0
0
0
0
7.8298
0
0
1.1719
0.0577
3.3897
1.9786
0
0
0.4449
0.181
0.0464
18.8443
20.2249
1.2333
1.9567
0
0.5184
1.2393
0.0302
0
0.5004
0.0764
0.0597
0
0
0.993
0
0.2437
0
1.2405
0.5708
0.2777
1.1743
3.9494
0
8.2082
0.1991
0
2.5613
23.6167
43.6011
0.4786
0.366
2.0013
0.4455
0
3.8625
2.7101
0.3144
0
0
11.9781
0.529
0
0.0283
0.055
3.2139
0.9052
0
0.0187
13.6926
0.0069
0.2273
3.4333
0.1282
0
4.4816
12.32
8.7824
0.4669
0.4817
4.3201
0
0.0404
0
0
0
0.495
0
0
0.1334
7.0199
18.9215
0.3322
2.8995
5.248
0
0
0.0655
0.1503
8.0432
15.5554
0
0.0641
3.027
12.457
0
0.0418
13.3787
0.0099
0.05
0
0
0.4256
4.8362
13.8699
4.9133
3.0401
0
0.0738
0
0
0
1.6216
1.3613
0
0
0
0
4.3576
1.1516
0
1.4775
3.9714
0
0
19.7973
3.9868
0
0
0
4.4736
2.1796
0.9668
1.4049
13.6231
3.0856
0.1004
8.2114
0.1968
3.0933
0.2346
7.8621
0
0
1e-04
0.4499
0
0
0
2.5087
0.0896
0.0463
0
0.0207
13.1708
0
0
12.9728
3.0749
0.4671
0
0.7898
3.5842
14.9369
24.4709
0
0
16.4211
0.6193
0
2.9995
0
0
0
0
16.3015
2.3827
2.615
0.0754
9.698
20.481
1.8588
15.1946
1.4769
0.3473
2.2223
0
56.9946
0.0229
0
0
0.2151
17.6638
6.2756
0
1.5867
2.586
3.9381
0
0.1468
0
2.8849
0.0063
2.7189
2.7109
3.929
0.2971
0
0
0
0.1648
0
0
0
0
0.1256
2.368
0.1265
0
0.414
0.8564
0
0.1703
1.0757
2.3947
0.4521
0
0
0
0.6033
5.6987
0
0
1.0851
0.073
0
0
0
1.2886
0.9154
0
2.2778
2e-04
0.0697
0.3635
1e-04
0
0
0
2e-04
0.7322
1.283
0
3.2552
0
6.3234
0
0
32.6364
27.8619
11.2426
0.3638
0
0
0
0
0
0
0
0
0
0
0.1266
0
0.0422
4.9798
2.4623
0.0362
0
1.3569
0
0
0.2543
0
4.8833
0.338
0.9044
0
0
0.134
0
3.5684
14.7196
0.0026
0
0
0
1.6112
0
0
9.2143
1.4873
0.8735
3.1112
1.2454
0
1.9589
0
0
0
2.7528
0
0
0
0.6501
0.0433
1.6227
0
0
2.9033
16.6161
8.6806
27.3465
1.1596
0.0051
0.2954
0
0
0
0
0
2.2082
0.211
0
0
0
0
6.8204
1.9119
3.0732
0.0813
0.4593
0
0.3063
0.0207
0.0737
19.9564
8.2418
0
0
2e-04
2.2957
4.3704
0.8531
3.9386
0
21.3307
0
4.0482
0
1.1305
12.9632
0
3.5763
2.6049
10.6812
0
0
0.3852
0
0
0
0.9162
0
0.8635
0.3649
0
4.0594
9.0534
0.8262
0
1.8026
3.2857
0.0137
0.0234
0.6689
0.4352
0
0
0
0
0
0
0
0
0.9726
14.0728
0.2178
0.001
0
0
0
5.6831
0.1654
0
0
0
0
0
2.6057
40.8036
4.3823
0
1.2717
1.0712
0
0
7.1596
0
0.4132
3.1393
0.0303
0
0.1091
0.0782
1.857
6.2641
0
0.6548
0.9558
0
0
0
0
1.4875
48.4456
1.0016
15.2393
19.0202
0
0
0
0
0
0
3.2032
0.201
0
0
0
0
0.008
2.2842
0.0787
0
0.0726
8.5931
0.5859
0.4159
0.6549
0
8.8513
0
3.4845
21.3674
0
0
0
2.2354
0
0
3.8506
22.4594
1.8408
0.2906
0
0
1.748
15.0878
1.7821
0.1595
0
0.3102
0
0
0
6.8734
2.0209
12.6098
2.5233
0.0934
0
0
0
2.7877
5.6466
6.5309
0.0422
0.0284
0.383
0
3.989
26.1089
0
6.984
0
0
0
0
0
0
0
0
0
2.8403
17.3473
7.2344
0.0214
0.0551
0
4.9777
9.7287
2.3881
0
0
0
0
1.8889
0.1385
0.5729
4.1263
2.9988
0.7193
0
0
0.1258
2.3177
0.0012
35.61
15.801
0
0
0
0
1.1875
5.7103
0
0
5e-04
0.1668
0
2.1579
0
0
0
0
0
0
0
0.0037
17.3841
0.2586
0
0
0
0
3.2931
0
0.2153
1.5767
0.6658
7.4095
12.4736
0.1704
9.1363
0
0.6442
1.7292
16.1247
0.0093
3e-04
0
1.1852
0
0.1153
0
0
0.0163
4.8232
0
0
5.9182
1.3961
0
0
0
0.0753
8.2758
16.1372
0.3362
6.2672
0.3203
8.5327
0
0
0
0.1314
4.5106
14.1435
2.8821
0.0238
0
0
0
0
0
0
0.0078
6.5652
10.6598
0.3625
0
0
0
0
0
0.0019
0
0
0
0
0.0289
3.766
1.4239
1.6629
0.0313
0.0302
0.095
0.2073
3.6731
0.495
0.1139
0.0668
28.1768
0.5216
5.3387
0.0778
0.6786
2.232
1.8118
19.4103
1.5807
0
0.5721
0.0108
1.9659
4.6067
0
0
0
0
0
0
1e-04
17.8694
0.8325
0
2e-04
0.9429
3.8255
0.1448
0.0522
8.7754
0
0
0
0.2255
0.0289
0
0
0
0
0.5202
0.1568
0
0
0
0
1.2373
0.0408
0.3023
4.5366
0.651
0
0
0.0437
0
1.5156
1.0367
1.5816
0
1.6512
4.1675
0
5.8416
8.3203
0
0
0
0.1415
0.3073
14.4222
0
0
0
6.2676
0.1978
0.1178
0
0
0.0226
6.7525
0.4445
0.7939
1.3487
0.4009
0.1651
10.7672
1.4089
2.9524
0.0496
0
0.111
1.1329
8e-04
0.0336
0
1.2261
0.1744
4e-04
4.0895
1.8035
0.1759
0
0.5741
0.2661
0
0
0
0
0
0
0.0414
0
0
0.0465
0
7.6685
1.6638
0.0516
0
0.6071
0
0.0401
0
0.0307
0.3328
0
0
0.8561
2.3056
0
0
7.5852
1.9062
0.2968
0
0.0923
0
0
1.0405
0.0758
0
0
0
2e-04
7.4893
0
1.0031
1.2388
3.6897
1.1823
0.0108
0
0
0
0
0
0
0
0
0
0.9077
0.1368
4.1873
11.1975
5.4032
0.5861
0.027
0
0
0
0
0.1321
5.4937
0
0
9.0166
0.0305
0
11.5442
4.7691
0
0
0
0
4e-04
2e-04
0.9228
0.657
14.9948
23.6134
0
0
0
0
2.476
0
0
1.5368
0
0
0
0
0
1e-04
0
7.284
26.1027
20.7414
0
0
0
0
6.7158
7.0278
5.9388
4.051
1.4967
2.2882
5.3219
4.7876
0
0
28.307
2.6886
3.9131
8.1163
0
2e-04
18.7612
5.0725
0
0.3559
6.7608
8.398
0
0
0
0
3.3292
0.0258
0.1168
0.1433
28.7416
8.2291
3.5147
0
0.1313
10.3387
14.3461
0
2.076
8.0865
0
0.8242
0.9314
10.0452
4.8467
2.1419
0.8182
0
0
5.6844
0
0.2888
9.9711
4.7373
7.3444
0.2879
0.1301
7.9699
2.4252
0
0
0
0
0.1217
0.0247
0
0
0
8.2278
14.1968
0.3229
0.737
2.4701
2.6733
0.0412
0
0.0121
0
2.3968
0.063
0.0386
0
14.4826
8.2831
24.7324
12.2978
0
0
10.5343
2.1177
0
0.0138
0.0012
0.0085
0.9624
3.7351
3.5233
0.6553
0
0
0.0054
1.2223
21.0364
0.6011
0
1.3572
1.6034
1.3351
0
0
0
0
12.8407
0.0379
0.1565
1.0797
0
0
0
0
0
0
0
0
4.309
1.5315
0.3149
3e-04
0.2729
0
0
0
0
5.2234
0
0.3332
0
0
13.3166
0.081
0.001
0.152
0.0596
0
0.1744
1.1836
0
0
0
1.6698
17.9893
0.0451
0
0
7.1892
4.0828
0.2989
0.0359
0
0
0
0
0
0
0
0.0213
10.2606
0.3734
0
0
0.0323
0
0
0.6038
0
0
2.3052
0
9.4861
0
0.3284
0.0644
0.1337
0
0
0
0.3332
0.5715
0
0
0
0
0
0.0289
0.1894
0
0.0619
1.4677
0.195
8.4602
15.1458
0
0
0
0
3.8541
6.8848
0.0845
30.924
5.4421
0
0
0
16.2008
0.3548
0
0
0
0
0
0.0325
0.031
0
0.992
0
15.7283
0.7178
0.0084
0.027
0
0
0
0.0316
0
0.0712
0.4232
0
0
0.1211
0.2771
0
0
0
0.2151
2.1956
13.0081
0
0
0
0
0.1368
0.1769
0.8627
0.335
0
6.9611
3.748
1.3664
0
0.1426
0
0
3.3615
0.0013
1.0553
0.3083
0
0.3938
0.7127
0
0
0.9441
0.5972
0.8756
1e-04
0
4.2379
8.2147
1e-04
0.0307
2.6112
0.6694
1.2566
0
0
0
0
1.2555
0.0386
0
0
0
0
0
0
4.3889
12.0577
0.9282
0
1.9413
6.4756
0.2014
0.0185
33.7107
0
0
0
2.4433
21.3359
3.7314
0
0
21.9153
0
2.6052
0
0
0
6.4653
0.2262
0
0
0
0.9116
3.0149
1.1375
3.9455
0
0
3e-04
0
0
0
0.5275
0.1867
0
0.9871
0.7733
16.7583
0.0677
0.6911
0
19.5313
0
0.1606
3.0009
0
0
0
0.132
7.7684
1.8692
2.7778
13.1857
17.6644
0
7.049
16.9221
1.6435
25.7623
1.1261
7.3647
7.2979
2.7902
0
3.9792
0.732
12.0464
0.0231
1e-04
0.6462
1.5748
6e-04
0
2.433
0
4.6146
1.9734
14.1457
14.1028
9.0719
2.1167
4.4428
3.8014
0
0.1142
0.6267
5.0757
3.9729
23.98
35.608
2.6247
0.829
18.6003
0.4796
0.0561
0
0
0
8e-04
0.2503
0
0
0
2.4975
9.0124
0.3025
0
0
0
0.4136
3.0853
0.9149
3.2028
7.2081
1.3784
0.003
4.1611
2.0815
1.8534
0
0
0.1846
0.04
0
0
7e-04
0.0146
0.522
0.0011
0
0
1e-04
0.2221
8e-04
0
23.6225
2e-04
0
0
0
0
0
9.0125
0.0955
0.1014
0
16.4256
22.9286
12.4417
0.1266
0.5846
6e-04
1.3816
13.4418
0.806
0
8.4163
0.2529
7.7919
4e-04
0.1166
4.6794
27.8123
0
3.7661
0.0535
0
0
0.0123
8.5366
0.3407
0
0.0021
1.1555
2.3358
0.4339
4.2852
0
2e-04
29.5744
13.1446
0.2325
0
0
0
0
1.0133
0.6939
0.0025
0.5116
10.069
0.0207
0
17.5804
25.6701
13.0035
2.53
1.3391
0.0187
0
0.4196
2.6939
0
0
0
11.8308
0.1594
3.0972
0.0038
17.3754
0.5035
0.5333
40.7131
0.0177
3.2408
11.2717
1.2999
4.0637
1e-04
0.1028
0
0
0
0
0
0
0
0
0.4416
0.6031
1.9443
1.2953
2.7439
0
2.1179
33.8826
23.7162
0.3425
0
0
4.6121
0.5791
4.5939
8.0022
0
1.6614
0
1.3506
0.0435
0
0
0
0
0
1.5431
0.8774
4.9676
0
0.3015
0.028
0
24.6389
2.9092
0
0
0
0.6654
0.2255
2.2987
28.7132
13.0562
0
0.0263
0
16.2972
6.2867
53.0137
4.0275
0
0.3195
0.0325
6.8223
14.8588
4.2031
0.0348
0.0098
0.3962
0.0044
0
0
0.7393
4.1368
12.8175
0
0.7818
0
0.0545
0.7725
14.7391
0
0.669
0.1011
0
0
7.7203
0.1271
0.2465
4.5013
1.3908
1.9044
0.2257
0.0088
0
0
0
0
0
0
0
2.6908
3.4056
9.9296
0
0.6433
0.0163
15.3915
0
0.7759
0.6218
4.7507
0
8.8286
0
0.007
4.3313
4.3025
3.8976
9e-04
0
0
0.0683
0
0
2.0455
0.0087
0
0
0
0
0.1294
1.8054
0
0
3.1193
0
1.4576
0
0.0108
0
0
2.7569
1.8326
1.4543
10.06
0
0
0
0
16.1769
2.0724
16.5644
0
0.7539
5.0325
0
0
3.5572
0
0
0
3.7318
6.8989
6.7289
0.4795
4.423
0
14.4613
0
0
0
1.176
0.9707
8.2115
0
0
0
0
0
0.2636
0
0
0
6.9093
0
0
0
0
0.0026
0.0254
0
0
0
0
6.6705
0.2524
0.0993
0
0
0
0.1659
2.6599
0
0
0
0.5499
1.9024
0
2.8446
0
2.2948
6.8561
1.8062
0.0021
2.4536
0.0066
0.002
28.5642
9.8668
0.4558
0.2439
0
0
0
0
0
0.0027
0
0
0
0
0.1015
1e-04
0
0
0
0.0014
1e-04
0
15.824
0
0
12.0107
0
0
0
2.9241
0
0
0
0
0
12.2463
0.0026
0
0
0
5e-04
4.0714
20.2904
0
0
0.0245
6.3712
0
0
0
0
0
0
0.4153
1.642
8.6795
0.7225
0.0076
0.0916
2.6048
0.9445
0
0.0023
0.4864
4.047
0
0
0
0
1.3608
0
0
0.0283
7.9101
30.1809
9.7501
0
8.4782
4.7849
0
2.3907
3.8633
1.4362
0
0
0.0816
0
0
0
0.0022
36.5761
1e-04
0
0.0045
1.6259
12.3946
9.768
0
0.0932
16.2501
5.8085
0.3626
0.0675
0.3783
0
1e-04
0.7006
0
0
0
0
0
30.2672
0
0
0
0
1.1971
1.1714
34.5328
9.7612
2.0238
0
1.05
10.8776
9.9401
0
0
0
0
4.9634
0.0151
0
0
26.4168
0.2236
0.0527
1.0258
17.9917
0
0
1.0694
4.4602
0.1427
0.0157
0
0
0
8.3967
6.2408
0
5.8475
12.445
0
0
0
1.167
0
0
3.4531
1.3638
0.3178
0
0.152
10.7241
4.824
1.7309
0.3654
0
3.9313
1.8813
0
3.8669
2.1817
1e-04
0.1085
8.6858
4.8115
0.4167
0.1858
0
0
0
0
0
0
0
2.5443
0.0213
15.5477
0
0
0
0
0
0
0
0
0
0
0.5871
0
0
0
0
0
0
0
0
10.0022
0.1521
3.5579
0
0
0.8894
4.9212
6.8222
4.4682
0.4419
0.0168
0
0
1.0679
0.0139
0
0.396
0.3695
15.3483
2.8926
0
0
0.0542
0
4.3045
0.5746
0.7914
5.7663
1.2009
0.1009
0.061
0
0
0
0
0
0
0
0
3e-04
17.7927
0
37.4427
12.7583
0
0
0
0
0
0
0
0.0026
0
0.262
0.9023
0.2363
0.2452
3.4041
1.4896
6.8033
2.0254
0
1.044
0.0268
0.5912
0.3112
0.6845
0
3.3387
0
0.0048
0.0191
0
0
0
0
0
0
0
2.7201
0.0038
0
5.0124
0
0
0
24.5403
17.8361
2.4469
1e-04
0
0
0
0.1666
0.4656
0
0
0
0
7.2368
0.0376
0
0
0
4.3663
0
3.9611
0.4467
0
0
0
0
0.016
7.3241
0.4174
0
0
0
0
0
1e-04
0
0
0
0
0
0
0.5817
0.0674
8.4491
15.9335
19.7947
6.1512
0
0
2.6865
0.1729
0.6298
3.5115
2.8983
0
0
0.8382
19.3362
0.1096
0
0
11.1215
0.402
1e-04
0
0
0
0
0
0
0
0
0
5.4146
6.2014
1.199
0
0
0.002
0
0
0
0
0
0
3.4018
4.6961
0.3876
0
0
5.4731
17.9741
0
0.5377
0.7191
13.9982
6.5373
0
0
0
0.0026
0
0
0.0048
8.3824
0.564
0.5736
14.2992
0
0.3053
6.4405
0.1787
0
0
0
0
1.6311
9.8693
0.0321
0.1499
7.0872
9.5599
4.492
2.8719
0.9334
5.9386
0.5023
5.3223
1.1044
12.7868
28.7737
2.2751
14.1032
12.879
28.9168
0
0
0
0.0662
0
3e-04
0.0283
0.0255
0.0093
16.9583
0
4.2828
0.2846
0
0
0
6.9397
0
0.0658
0
0
3.8198
3.371
12.8183
0
7e-04
2e-04
21.0404
0.03
0.5478
0.0196
0
0.0037
1.736
0
0
0
0
0
0
0
0
7.0294
7.9927
16.1804
0
0
1.4258
9.4851
0
0
6.9629
1.4124
0.4724
0
0
0
0
0.9279
0
2.802
0
0.0257
1.9691
6.5862
0
0.7418
4.0528
0
0
0
6.0888
19.76
0
0
0
0
0
0
0
5.3719
0.961
0
0
0.3738
5.3536
56.7581
34.35
1.9717
0
0
0
0
0
0
0
2e-04
4.7208
0.7467
0.0909
6.529
0
1.0718
0.0325
0.3105
8e-04
0
0.5173
0.0076
0
0
0
12.9971
10.8042
2.7333
0.1228
0
0
2.313
1.0556
1.3094
0
0
2.3908
2.2308
0
0
0
0
4.9192
1.5649
0
0
5.023
4.3163
0
0
0
0
0
0
0
0
0
0
0.3304
0.0918
0.0474
0.9821
0
0.0041
0.0836
0
0.4469
0
0
4.8227
0.2686
0
2.2879
0
0
2.3964
24.4216
46.005
0
0
0.1756
0.168
0
0
2.2924
0
0.003
2.4389
7.8829
0
0
4.4246
12.5753
0
0
0.8219
2.8151
11.0429
0.001
1e-04
0.0074
0.0014
1.6876
1.096
0.175
2.3683
0
0.2026
0.0393
0.0611
0
1.7364
1.5555
1.4334
0
0
0.0089
0.4178
14.1147
12.3473
0
0.4429
11.8315
0
0
0.1281
5.8703
0
0
0
0
0
0
0.4349
1.1778
5.02
0
17.8421
4.6966
0
0.2204
0
0.0096
0.2656
3e-04
0
0
5.3569
0
0
0
0
0
2.0207
0
1.1273
0.0402
8.8802
0
0
0
0
0
0
3.3193
0.4843
0
0.1058
0
0
0.4154
0
2.2859
2.143
0.8104
0
0
0.19
0
38.2093
4.3619
0.0757
0
7.5056
9.1127
3.6275
0
2.6301
0
0
3.0599
10.22
0
0
0
0
0
0
2e-04
0
0.1982
6.4383
0.0109
0
4.4647
5.2403
7.1073
0.4592
0
0.2294
0.922
0
0
6.0795
0
1.4691
7.0068
0.0122
6.5858
4.9026
3.095
13.7758
0
3.0132
0
0
0.1119
6.9678
0
0
0
0
0
0.0448
15.2017
0.0018
0
0
0
0.3268
1.3602
14.7656
0.1487
0
0
10.0596
0
0.6816
6.1785
0.0752
0.1696
0
0
2e-04
0
5.0172
15.5841
12.8279
0.2502
9e-04
13.4229
14.5378
4.4128
0.0251
0
9e-04
0.1469
0
0.6172
1e-04
0
0
0
0
0
23.2859
1.9278
0
0
0
0.1098
0
0
0
0
0
1.1992
0
0
0
9.7712
0
0.0162
2.4359
0.6733
0.4636
0
0.5176
0
0.0027
1.0097
0
0.0054
0.3878
14.3231
0.2036
0
0
0
47.8144
0.737
0.1396
0.1635
0
0
0
0
0.8138
1.3035
0.4639
1.0741
0
0
0
0
0
0
0
0
0.0409
2.2864
4.0316
4e-04
0
0.0029
34.8073
0
0
0
61.1891
10.3982
0
0.2358
0
1.7058
4.1043
0
0
0
0
9.7563
1.2909
0
0
0
0
0
0
0
5.8208
0
0.8157
10.4014
2.1291
0.0029
1.5378
7.5253
0
0
0
0
0
2.1125
6.9162
5.9871
4.8011
1.0404
2.7523
0
1.7191
0.0771
1e-04
0
0
0
0
0
1.3773
0
0
6.5399
2.1847
0
0
2.3243
0.5322
2.3389
1.1316
0
0
0
0.779
0.2914
0
0
0
0.9956
4.5588
0
0.0063
0
0
1.146
3.3692
16.2175
0
0
0
0.0014
0
0
0.554
0
0
0
0.1216
5.5699
0
0
1.7146
0.2225
0
0
0
0
0
7.3604
0.0995
0
0
0
0
0
0.3593
10.2255
0.3664
0
0.2174
5.0671
0
0
0
0
0
19.7938
8.9028
0
0.5613
2.0837
0.0098
0.1933
0
0.1412
8.5027
0.0074
0.0062
0
0
0
0.0022
0
1.0644
3.4658
0
0
0
2.0516
0.6632
0
0
1.974
0.9473
0
10.7676
4.0937
0.2114
6.4285
0.1346
0
0
0
0.1483
0
0.0025
0.0072
0
0.234
0
0
0
0.0847
0
0
4.6955
0
0
0
0
0.6686
0
0
7.5225
0
0.8499
0
0
0
0
0
0
0.1232
0.0099
0
0.5196
4.8368
0
0
0
0
0
0
0
0
0.5615
0.0697
1.6439
14.2312
0
0
0.002
2e-04
0.2294
0.0499
6.6277
3.7796
0.3215
0
0.3982
10.9495
1.5226
12.5754
5.6098
1.3056
0
3.4808
0
0
0.2737
0
0
4.565
17.3067
0.4605
2e-04
0
0
2.5446
0
0
0
0
2.6913
0.6721
0
0
1.1957
2.1074
0.1542
0
0
4.3289
5.2785
8.0366
8e-04
0
0
8.9032
4.3137
1.8684
2.4812
1.053
0
0.0029
0
0
0
0
5.2231
25.9917
0.198
2.7965
9.09
46.3346
0
0
0
0
0.3802
0
0.2707
7.0413
12.765
1.2159
2.0297
2.1797
8.2531
9.4716
12.2789
10.3106
7.3817
2.8051
1.468
0.2351
1.19
3.1911
0.392
0
6.0447
0.1736
49.8842
54.1611
3.346
0.0896
0.4831
0
0
0
0
0
7.3117
0.2211
51.6622
0.8325
0
16.5182
1.4184
8.6544
0.9724
0
11.7617
7.7752
6.9567
0.0563
0
0
0
0
0
4.5779
0.0076
0
5.1284
0.5827
0
0
0
3.9266
16.509
0
0
0
0
0.0207
12.4118
0
0
0
4e-04
14.1665
0.0202
0.0597
62.0357
0.2314
2.2617
0
0
2.6608
6.4892
0
0
0
0
0.1911
3.6953
0
0
4.1321
0.0531
3.1917
32.6613
0.1063
0
0
0.1633
0.6375
6.559
2.9364
9e-04
0
0
0
0
0.0542
23.377
0
0
0
0
0
0
0
0
0
0.9106
0.0141
0
0
3.3099
6e-04
0
0
0
0
1.6582
0
0
0
0
0.001
0.1372
1.0313
0
0
0
0
0
0.478
0.0196
4.5121
3.117
0
0
19.9605
0
0
0.4288
3.172
0.5576
0
0
0
1.2404
0
0.2676
0
6.8669
0
0.6852
0
0
0
0
0
7.1498
1.0187
0
2.1742
0.2942
0
0
0
0
10.7067
5.9517
0.1803
0
0.13
0.0208
0.0054
0
0
0
0
0
0
0
0
0
0.3362
2.965
0.3637
0
0.012
0
0
0
5.4428
0.6786
2.4743
4.7954
0
4.1349
22.3026
26.5695
7.8318
0
0
0
0
0
0
0
0
0
6.6725
0.4494
20.9166
0
1.2914
1.9706
0
6.2781
1.8991
0.3721
0
0
2.065
0
0.0024
0
0
0
0.0013
0
0.0012
0
0
0
0.1766
2.5434
6.7525
1.2453
0
0
0
0.0025
0.9347
0
0.2186
0.4068
0.021
0
0.7755
0.4024
0.0011
0
0
0
0
0
0
30.255
14.3503
0
0
0
0.1922
11.2108
1.2324
1.209
2.226
2.1062
0
0
0
0.5673
20.226
1.4297
0
13.9552
3.3606
0.0357
0.1056
0
0
0
0
0
0
0
27.9796
0.6784
0
0
36.878
0
0.0016
17.7131
4.2028
2.6873
0.749
0.4076
0
2.9132
15.054
3.018
10.5565
4.5476
4.1526
0
6e-04
0.4602
0
0
0
0
0
0
4.8982
6.3529
0
0
0
15.2241
0
5.4818
2.2151
8.4632
9.9306
6.3281
9.0398
0.3926
4.2091
0
0.2152
0.0542
0.1748
5.9645
0.1399
2.6975
15.4958
4.964
0
0
3.4138
0.7165
0
0
8.0699
0
0
0
0
0
0
0.8103
0.0558
0
0
2e-04
6e-04
0
2.1107
8.7647
0.4582
0.2938
0
0
0
0
0
0
0.1768
5.0148
0.8771
0.6156
0
0
0
1e-04
0
19.4411
12.0126
0
2.2005
2.6019
0
0
0
3.3407
0
0
0
0
0
1e-04
1.1535
0.6751
0
0
0
0
9.75
0.8962
0.5982
0
2.3127
6.2233
0
0.4315
0.0024
0
12.0845
0.1327
0
0
1e-04
1.3712
4.7866
0.3582
0
0
0
0
0.7186
0
0
0
0.2504
1.3853
6.2547
0.7696
19.2149
2.8064
0.101
16.238
0.5465
3.8301
0.3479
18.8544
1.957
0
0
0.1755
11.1365
0.0345
25.461
0.3434
8e-04
0.004
0.5427
0
8e-04
0
0
0
0
0
0.0177
0.0123
24.0659
0.0636
0
0
2.9751
0
0
65.3216
0.0167
0
0
0
0
0
0
0
8.1993
0
5.7282
13.0426
6.1563
7.012
0.2956
0
0
0
0.0902
0
0
0
0
0
0
1.6971
3.0676
0
2.1027
0
0.1341
0.3508
16.4632
10.1329
0
0
0
0
1.6227
4.061
0.0024
0
3.6533
0
0
0
9.6762
0.4976
0
0
0
2.6497
0
0
0
0
0
0
0
0
0
0
0.8448
0
0
0
4.3415
4.883
0
0
0
5.7344
7.3203
0.0667
0
0.1626
0
0.8251
2.6003
7.4385
0
0
0.0013
0
8.2541
5.6172
0
0
0.0012
0.4927
1.6851
0.8424
0.8036
0
0
0
0.0471
1.8535
0
4.5378
3.1409
0
6.5029
0.5122
0
0
0
21.9627
24.3056
0.4528
0
0
0.1796
0
6.4016
2.0599
24.8634
0
0
0
0.0582
14.9378
0.2439
0
13.8173
0
0.2011
4.8556
2.9402
0.492
0.0976
0.1567
0
0.0023
0.0014
1.7249
0.1462
0.146
0
0
0
0
18.8264
2.112
1.1517
0
0.043
3.5351
0
0
0
0
0
0
0
0
0
0
0
4.0139
2.695
0
0
0.4003
9.7879
1.6575
0
0
0
0.128
3.3534
0
0
5e-04
0
0
2.6538
0.3208
0
0
6.3664
0.178
0
2.0359
0.3675
0
0
0.8351
0.2588
7.2268
4.0789
0
0
11.7449
11.536
0
2.555
1.4457
3.256
2.7546
13.1602
7.2959
0
0
0.042
12.4621
0
0
0
0.2303
0
0
0
6.8345
9.9757
4.8613
0
0
0
0
0
2.019
1.1005
4.8664
13.3483
7.8829
1.7373
0.1999
30.1041
37.2838
1.3245
0
0
0
0
2.4135
0
0
0
0
0
0
0.0412
19.2812
3.6317
12.1406
0
0
2.7762
4.3548
0.0366
13.8117
7.8879
5.3166
0.0758
0.4502
1.3542
0
0
0.0397
0.0482
0
5e-04
1e-04
0.0521
0.0083
0
0
12.5941
10.2875
0
2.3014
2.8185
3.4125
1.0212
0.0457
0.0025
2.4167
18.7228
0.0262
0
0.2798
0.7916
0.2026
0.1395
62.7988
12.8571
9e-04
0.6211
8e-04
0
0
15.1405
0
0
64.538
0.2325
4.6256
33.3301
12.0578
0
1.4921
0.0011
0
0
0.1534
0
14.0788
3.714
0
0
0
0.0221
0.0261
0
0
0
0.007
1.728
1.2556
5.798
3.5806
0
0.0037
0
0
0
0.7421
0.239
0
0
0
0
8.1583
0
3.2815
0
1.471
5.1512
0
0
0
0
0
1.5882
7.656
0
0
0
0.2022
0.0674
1.0054
6.0032
4.7322
8.4674
0.6646
0
0
0
0.002
0.5289
2.661
0
0
0
0.8195
16.9632
0.0225
0
0
0
0
0
0
0
0
0
0
0
0
0
1.7943
0.7627
8.9433
2.2605
15.3054
5.576
0
32.8519
0.4114
0.0083
0
0.2247
0.0369
0
0
0
0
0
0
7.8926
5.2202
0.5098
0
0.8224
6.4667
0
1.9388
0
0
7.9681
7.4044
2.0381
52.3681
3.9608
0.6002
0
0
0
0
1.8767
1.4731
0
6.2424
0.0012
0
49.8415
4.6584
0
0.2026
0.7548
0
0
0
0
0
0
0
2.2164
0
0
0
0.0028
0.4517
0
0
0
0.5583
0.0635
0.0025
0.0086
0.7447
2.0656
0
0
0
0.0012
0.0024
0
0
0.0807
7.3645
4.2368
1.4954
0
0
0
0.6917
1.2872
0
0
0
0.0108
0
0
0
0
0.4256
0
0.5484
0.4051
12.0849
0
0
1.7608
1.4476
0.7238
0
0
0
0
1.7813
2.6652
0.2396
0
0
1.4708
0
1.2532
0
0.0136
0
0
0
2.3503
1.7551
1.0049
1.6711
4e-04
4.5737
0.358
1.3297
0
0
0.2266
2.8218
4.7084
0
1.0027
19.2042
10.1786
12.7714
3.1568
4.8707
2.5645
10.4155
0
0
0.0968
41.004
3.5471
0
0.034
0
0.48
1.3171
0
0
0
0
0.0698
0.0358
0
0
0
0.1647
0
0
0
0.0021
0
0
0
0
0
9.3205
1.4594
17.7707
3.959
0.1945
0.1482
0.2499
9.3348
5.5778
0
0.331
1.2465
0
0
0.1206
0
1.5059
0.0635
11.2544
29.6007
0.0108
0.9107
0.1652
1.5082
0
0
0
0
2.2487
1.368
0
0.0265
5.6775
0
0
0
0.2817
52.598
1.2016
0
0.0388
0
0
1.3172
2.6066
1.5425
0.2673
22.6763
12.7814
9.7132
0
0
1.0973
3.0729
0.0065
2.2364
0.5577
0
0
0
1.0845
0
0
0
6.6148
2.1922
12.8416
0.1043
0
0
0.5826
0
0
0.8124
11.7766
30.4046
7.2876
14.1796
8.378
0.0553
0
1.7138
0
0.3733
2.2092
7.3902
1e-04
2.234
17.107
2e-04
0
0
33.6675
1.1987
0
0
0.0516
1.279
0.342
1.1692
1.2316
0
0
0
0
0.7544
0
0
0
0
0
1.2953
0.0053
0
0
4.5756
5.6274
0.031
0.0092
0.2027
0.0012
1.7677
0
0.0786
0.2541
0.3899
8.3034
28.7491
0.0549
0
0
0
2.0611
33.0333
2.5455
0
3.5387
0
3.3846
0
0
0.0134
13.4402
9.8334
5.7023
0
0.0057
24.2646
0.1376
0
0
10.4959
5.0197
0
0
0.5815
0
0
0
0.2026
0.8058
0.7067
0
0
0.0297
8.6212
19.2416
8.5792
0
0
0
0
0
0
0
0
0.2146
0.2006
0
0
0
5.0191
11.0117
8.7013
0
0
0
0
0
0
0
0.2327
1.58
7.4186
16.3328
0
0
1.4548
3.2253
0.8724
3.3183
0
0.0016
0
0
0
0.3928
1.7347
0.0196
0
0
0
0
0.737
6.7818
19.5392
0.1773
0.0151
0.9322
26.4169
13.8569
3.3217
1.4079
0.7774
2.949
0
0
4.028
0.4685
0
0.0524
1.0803
0
8.1265
0.152
0
4.0618
0
0.1323
0
0
0
3.1974
0
19.0099
0.1635
0
0.0222
0.4189
8.7614
3.74
1.5634
0
0
0.0189
0
0
0
0
0
0
0
0.0842
0.0989
3.2925
0
0
0
3.1919
10.4854
3.4216
0
0
0
0
3.0548
2.6981
0
0
17.1729
1.3627
0.0105
6e-04
0
0
0
0.2985
1.8327
0.1342
0
0
2.003
1.9341
0
0
0
0.9124
0.2531
3.9872
0.8442
0
0.1092
9.9382
0.1248
1e-04
0.0026
6.3978
0.8034
0.1209
0
0
0.0991
0
0
3.2528
1.0518
20.2111
6.0812
0.0283
0
2.7707
1.3564
19.0924
0
0
0.0835
0
0.9382
0.4505
0
4.9887
0.1467
0
0
11.5309
0
0.0175
0
0
0
0
0.8099
0.1152
0
0.0026
0
0
5.7788
14.3306
0
0
0.2083
11.3064
0.3824
0.9944
0.196
0
0
0.9689
8.5445
0
0
0
0.1567
0
0
0.4403
1.2299
23.8465
12.2576
0
0
0
0.2195
0.082
0
0.3592
1.2832
0
0.0053
0.0793
5.7749
0
9.2707
0.4336
0
0.0525
2.4946
16.3236
22.1067
0
0
1e-04
0
1.5529
30.1349
1.9294
7.7827
10.9984
3.3759
4.0185
4.4278
4.2077
0.272
0.0092
0
0
0
4.6851
9.1137
0.0841
6.7889
6.5079
0
0
0
0.3882
7.6201
19.6928
0.7074
0.3354
0.8653
2.2971
0.0586
5.4438
8.8921
2.5883
19.3065
5.9391
6.6047
0.2887
32.2383
29.326
0.6838
0
9.5326
0.0234
0
0
0.4439
3.4028
0.0135
0
5.4562
4.1775
6.2396
12.5882
0
0
0.0091
15.9755
0.1975
0
0
0.0016
0.0159
0
0.0032
0
0
0
0
2.4046
7.7374
13.4839
2.3902
6.5985
3.1999
0
0
13.6829
5.9909
0
0
0.8033
8.3413
3.4974
21.8511
5.3986
0
0.1
0.9691
9.7149
0.3836
2.3425
0
0
0
0
1.3717
2.5582
0
0
0
0
1e-04
0
9.5683
0.1095
0.0439
0
0
0
0.5625
11.5113
0.0013
0.3672
0.3662
2.1142
10.2004
31.3516
10.3989
1.79
16.5836
0
0
0
4.8938
7.2838
0
0
0.892
0
5.1695
0.0329
0.2092
0
0
0
0
0
0
0
0.0207
12.8357
15.2177
1.5099
0
0
0
0
0
0
0.2216
0.004
9.2973
0
0.2034
0
2.7443
9.3397
0.3904
31.7115
2.7462
3.2712
0.4355
0
0
0.832
0.6432
0
0
0
7.7221
3.3077
0
0.1835
0
7.5165
0
0.0148
0
0
2.0444
2.2307
0
0
0
18.9973
9.1019
0
0
16.3603
19.215
0.9151
0.1519
0
0
0
0
0
0
0
0
5.6451
0.9804
0
0.0475
0
0
0
0
0
0
0.5851
0.0728
0.7347
0.1675
1e-04
0
4.5871
2.0289
0
0
5.0058
5.3706
0
0
0
0
0.0341
0
9.9308
0.0474
0.0501
0
0
2.2055
0
0.0219
0.6985
1.2593
9.5791
0
0
0
0
0
0.0478
0
0
0
6.9861
12.9922
7.2434
0.1603
0
0.3094
1.4749
0
0
0
0.0326
0
8.6144
31.9676
10.9575
3.3238
0
0.2003
0
0
11.7508
0
0
0.0793
0
0
10.3258
1.8545
0
0
0.2112
0
0
0
0.006
0.0105
0
0.5313
0.3613
6.704
0.5025
1.3505
0.954
2.8421
1.1477
0.0678
5.3101
0
0
0
0.0105
3.4101
0
0
0
0
0
0.5798
5.8451
10.3536
1.1362
0
0
0
9.3066
0.4628
0.1311
0
1.1624
0
0
0
2.0081
0
0
0.6758
4e-04
0.0015
0.0014
2e-04
10.9762
11.2982
6.5861
0
0.1722
4.2088
0
0.0512
1.1587
2.0887
20.3888
7.9588
4.8863
0.0066
0.0698
0
0
0
0
0.0097
1.2992
5.912
16.4513
0.938
0
0.0646
5.5891
0
2.9081
0
8.9407
0.1894
0.186
6e-04
0.5184
3.5338
0.5266
0.4301
0.0322
3.7949
0
0.3635
1.3885
0.8582
1.7685
0
0
0
1e-04
0
0
0
0
3.2707
1.4368
0
0
16.1462
8.7467
0.0716
0.6672
15.5305
44.3
1.2294
0.2262
4.4709
0.0897
0.3708
0.1468
0.8147
0.0731
1.0552
4.4732
0
0
0
0
0
0.125
0.3954
0.0222
0
0
0
3.9033
1.2201
0.1882
24.5838
0
0
0
0
0
0
0.004
0.4159
1.0624
16.5669
0.1733
0.3732
0.2654
2.3396
7.0585
0
0
0
0
0.4046
3.0958
0
0
0
6.7322
0.5341
9.7118
0.9095
0.1623
0.0381
0
0
0.5778
0
0
3.5002
0
0.0012
4.9569
0.9783
0
0
0
16.693
2.4901
0
1e-04
0
22.79
2.8781
0
2e-04
0
0
0
0
0
0
1e-04
0
0
22.7896
5.241
13.2537
0
0
0
0
0
0
0
0
0
0
0.0716
9.3646
12.2202
9.4699
0.0057
0
7.8121
0
0
0
4e-04
18.6285
12.6186
0
0
0
0
4.4084
0
0
0
0
0
0
0
0
0
0
0
0
0
0
3.3204
0.485
1.692
0.1488
0
0
6.7999
0.0057
0
0
0
0
0
0
0
6.1615
8e-04
3.7336
0
0
0
8.745
5.7488
9.6923
47.1528
8.0535
0.0524
0
0.1523
0.7082
2.3509
5.0156
0
0
0.4886
0
0
0
0
0
0
0
0
0
3.801
0
0
0
9.7061
0
2e-04
0
0
0
0
25.3114
0
0.2355
6.8949
10.2138
0
0
0
6.8915
4.8102
0
0
0.0202
0
0
0
0
0
0
0
4.7369
0
0
0
0.8082
6.312
6.2371
0.186
0.0592
0.6602
0.0659
0.7546
0.3261
0.0333
0.0443
0
1.472
0
7.5435
2.4352
