1980 1 1
0.912
0.959
0.897
0.848
0.902
0.871
0.854
0.822
0.864
0.914
0.942
0.692
0.797
0.863
0.935
0.945
0.955
0.926
0.896
0.853
0.824
0.87
0.839
0.8
0.924
0.867
0.817
0.864
0.832
0.788
0.805
0.791
0.727
0.688
0.75
0.718
0.845
0.85
0.78
0.845
0.838
0.903
0.84
0.798
0.858
0.855
0.877
0.72
0.851
0.826
0.849
0.968
0.987
0.965
0.876
0.863
0.779
0.846
0.804
0.724
0.697
0.661
0.754
0.825
0.935
0.841
0.846
0.96
0.945
0.893
0.675
0.696
0.935
0.884
0.878
0.871
0.958
0.858
0.737
0.843
0.956
0.757
0.813
0.939
0.869
0.749
0.783
0.759
0.944
0.912
0.939
0.893
0.865
0.855
0.966
0.828
0.593
0.594
0.738
0.846
0.91
0.811
0.901
0.722
0.909
0.865
0.748
0.622
0.57
0.573
0.569
0.546
0.448
0.608
0.7
0.83
0.65
0.69
0.852
0.744
0.703
0.669
0.616
0.543
0.464
0.501
0.484
0.594
0.656
0.682
0.715
0.773
0.792
0.824
0.814
0.681
0.69
0.919
0.878
0.729
0.755
0.642
0.546
0.499
0.698
0.694
0.658
0.56
0.484
0.525
0.741
0.829
0.861
0.805
0.747
0.767
0.695
0.751
0.669
0.814
0.716
0.622
0.577
0.591
0.632
0.726
0.778
0.766
0.664
0.626
0.704
0.742
0.695
0.661
0.598
0.643
0.676
0.68
0.685
0.748
0.708
0.728
0.738
0.729
0.746
0.814
0.868
0.782
0.692
0.796
0.734
0.793
0.756
0.744
0.776
0.655
0.741
0.733
0.805
0.783
0.74
0.713
0.812
0.796
0.759
0.748
0.733
0.711
0.795
0.845
0.868
0.774
0.763
0.865
0.864
0.861
0.754
0.873
0.82
0.783
0.87
0.802
0.862
0.867
0.829
0.814
0.85
0.826
0.719
0.828
0.921
0.845
0.799
0.854
0.851
0.757
0.77
0.756
0.722
0.733
0.734
0.744
0.775
0.839
0.862
0.883
0.825
0.843
0.783
0.699
0.728
0.758
0.796
0.744
0.734
0.807
0.829
0.807
0.853
0.87
0.908
0.739
0.786
0.786
0.838
0.823
0.799
0.608
0.72
0.749
0.626
0.741
0.746
0.629
0.784
0.816
0.708
0.77
0.687
0.64
0.739
0.739
0.728
0.719
0.75
0.821
0.715
0.708
0.728
0.76
0.836
0.843
0.773
0.73
0.707
0.702
0.702
0.748
0.855
0.782
0.657
0.765
0.621
0.619
0.713
0.737
0.623
0.669
0.792
0.702
0.63
0.701
0.831
0.788
0.72
0.713
0.718
0.631
0.768
0.785
0.757
0.731
0.788
0.74
0.791
0.794
0.717
0.77
0.945
0.773
0.673
0.84
0.91
0.892
0.864
0.884
0.918
0.745
0.723
0.795
0.905
0.959
1.005
0.905
0.851
0.686
0.884
0.87
0.709
0.744
0.855
0.726
0.869
0.769
0.675
0.741
0.749
0.814
0.909
0.713
0.881
0.825
0.834
0.91
0.973
0.981
0.956
0.888
0.851
0.708
0.867
0.945
0.899
0.789
0.823
0.83
0.811
0.843
0.923
0.901
0.932
0.916
0.881
0.956
1.019
0.988
0.984
1
0.985
0.985
0.95
0.92
0.959
0.913
0.848
0.742
0.801
0.919
0.947
0.742
0.784
0.827
0.926
0.906
0.903
0.862
0.912
1.03
0.76
0.881
0.819
0.82
0.907
0.981
1.007
0.998
0.969
0.892
0.953
0.952
0.887
0.819
0.77
0.842
0.848
0.876
0.806
0.632
0.819
0.916
0.829
0.781
0.877
0.853
0.78
0.754
0.758
0.814
0.592
0.728
0.807
0.715
0.588
0.666
0.842
0.857
0.708
0.785
0.543
0.552
0.606
0.743
0.565
0.627
0.85
0.663
0.551
0.645
0.475
0.938
0.877
0.605
0.487
0.607
0.784
0.669
0.817
0.911
0.925
0.85
0.649
0.605
0.744
0.686
0.66
0.778
0.661
0.836
0.933
0.894
0.754
0.626
0.642
0.696
0.836
0.768
0.634
0.607
0.575
0.506
0.651
0.865
0.688
0.61
0.7
0.889
0.955
0.803
0.683
0.745
0.938
0.766
0.708
0.648
0.628
0.561
0.479
0.545
0.511
0.577
0.649
0.682
0.774
0.893
0.748
0.752
0.652
0.622
0.797
0.726
0.719
0.681
0.755
0.667
0.757
0.829
0.857
0.718
0.777
0.884
0.787
0.748
0.809
0.728
0.722
0.728
0.719
0.792
0.784
0.711
0.793
0.833
0.636
0.575
0.647
0.768
0.736
0.808
0.812
0.809
0.793
0.784
0.704
0.614
0.777
0.836
0.644
0.568
0.658
0.785
0.662
0.675
0.666
0.72
0.66
0.75
0.905
0.853
0.741
0.598
0.711
0.747
0.81
0.86
0.878
0.814
0.659
0.682
0.743
0.734
0.781
0.828
0.802
0.757
0.798
0.8
0.809
0.82
0.802
0.797
0.856
0.874
0.865
0.774
0.663
0.632
0.687
0.763
0.719
0.686
0.719
0.781
0.754
0.739
0.795
0.846
0.834
0.852
0.816
0.774
0.805
0.912
0.923
0.888
0.841
0.824
0.791
0.713
0.77
0.887
0.816
0.772
0.776
0.791
0.793
0.856
0.811
0.772
0.768
0.776
0.865
0.72
0.66
0.686
0.761
0.829
0.713
0.716
0.887
0.873
0.809
0.715
0.713
0.789
0.822
0.754
0.707
0.7
0.728
0.755
0.752
0.752
0.634
0.719
0.791
0.627
0.817
0.758
0.678
0.791
0.923
0.839
0.669
0.665
0.874
0.97
0.873
0.848
0.825
0.751
0.664
0.732
0.811
0.633
0.664
0.815
0.73
0.812
0.785
0.683
0.773
0.741
0.763
0.721
0.751
0.72
0.802
0.868
0.866
0.918
0.816
0.78
0.798
0.813
0.852
0.809
0.876
0.803
0.753
0.715
0.894
0.881
0.784
0.84
0.781
0.733
0.838
0.904
0.634
0.695
0.839
0.805
0.813
0.841
0.88
0.823
0.839
0.732
0.789
0.82
0.865
0.96
0.975
0.909
0.912
0.892
0.915
0.947
0.919
0.908
0.761
0.935
0.837
0.9
0.959
0.875
0.896
0.906
0.892
0.882
0.762
0.82
0.851
0.91
0.902
0.867
0.916
0.747
0.846
0.881
0.911
0.905
0.927
0.985
0.777
0.864
0.903
0.896
0.891
0.917
0.942
0.971
0.902
0.953
0.941
0.881
0.894
0.867
0.945
0.931
0.892
0.908
0.855
0.919
0.893
0.93
0.922
0.994
0.979
0.969
0.983
1.008
1.005
0.938
0.908
0.925
0.823
0.772
0.829
0.903
0.911
0.933
0.855
1.064
0.929
0.912
0.912
0.814
0.828
0.866
0.997
0.977
0.873
0.795
0.816
0.946
0.935
0.866
0.868
0.95
0.927
0.872
0.812
0.77
0.852
0.857
0.732
0.732
0.726
0.824
0.91
0.783
0.755
0.892
0.809
0.858
0.859
0.757
0.792
0.841
0.894
0.876
0.847
0.801
0.778
0.654
0.636
0.846
0.689
0.453
0.847
0.71
0.593
0.683
0.638
0.435
0.607
0.736
0.706
0.68
0.595
0.55
0.474
0.472
0.421
0.424
0.479
0.673
0.774
0.617
0.553
0.54
0.557
0.559
0.694
0.725
0.575
0.544
0.584
0.6
0.682
0.871
0.909
0.855
0.753
0.788
0.83
0.831
0.745
0.771
0.754
0.786
0.8
0.764
0.785
0.818
0.91
0.841
0.783
0.778
0.808
0.77
0.721
0.678
0.714
0.708
0.776
0.922
0.814
0.728
0.834
0.763
0.756
0.687
0.699
0.611
0.702
0.736
0.798
0.762
0.786
0.708
0.66
0.667
0.894
0.862
0.815
0.79
0.819
0.75
0.737
0.727
0.824
0.786
0.733
0.672
0.663
0.655
0.795
0.859
0.829
0.769
0.723
0.739
0.797
0.737
0.713
0.773
0.789
0.792
0.715
0.699
0.747
0.804
0.815
0.764
0.776
0.774
0.851
0.821
0.817
0.825
0.721
0.694
0.606
0.605
0.647
0.723
0.74
0.747
0.694
0.717
0.841
0.691
0.65
0.813
0.781
0.783
0.717
0.754
0.675
0.624
0.703
0.837
0.862
0.844
0.73
0.657
0.64
0.767
0.814
0.698
0.674
0.662
0.706
0.633
0.643
0.729
0.777
0.743
0.674
0.744
0.597
0.631
0.658
0.801
0.856
0.805
0.847
0.827
0.895
0.838
0.828
0.765
0.658
0.784
0.695
0.74
0.736
0.654
0.657
0.588
0.719
0.824
0.75
0.715
0.701
0.694
0.704
0.642
0.619
0.62
0.621
0.747
0.691
0.691
0.67
0.66
0.709
0.65
0.511
0.51
0.661
0.669
0.824
0.882
0.767
0.84
0.734
0.673
0.748
0.716
0.727
0.82
0.83
0.823
0.877
0.799
0.696
0.796
0.719
0.715
0.79
0.842
0.961
0.93
0.821
0.925
0.856
0.69
0.777
0.799
0.889
0.961
0.873
0.792
0.854
0.814
0.903
0.915
0.839
0.795
0.768
0.732
0.785
0.845
0.73
0.798
0.814
0.946
0.96
0.805
0.785
0.932
0.914
0.86
0.848
0.867
0.907
0.896
0.92
0.959
0.976
0.761
0.59
0.714
0.835
0.877
0.736
0.693
0.75
0.787
0.887
0.816
0.829
0.941
0.916
0.811
0.865
0.868
0.948
0.891
0.858
0.84
0.874
0.907
0.887
0.918
0.987
0.978
0.934
0.844
0.805
0.857
0.94
0.971
0.943
0.938
1.013
0.986
0.845
0.85
0.827
0.932
0.831
0.825
0.856
0.897
0.879
0.853
0.897
0.959
0.937
0.924
0.862
0.826
0.795
0.745
0.862
0.874
0.8
0.84
0.791
0.788
0.633
0.518
0.536
0.585
0.678
0.817
0.835
0.747
0.641
0.823
0.771
0.88
0.822
0.764
0.686
0.759
0.811
0.859
0.894
0.98
0.867
0.936
0.803
0.801
0.706
0.718
0.785
0.906
0.934
0.775
0.672
0.803
0.801
0.92
0.861
0.858
0.732
0.895
0.88
0.8
0.913
0.849
0.833
0.799
0.918
0.939
0.855
0.775
0.791
0.703
0.647
0.64
0.73
0.675
0.597
0.764
0.696
0.572
0.533
0.729
0.808
0.968
0.97
0.93
0.937
0.822
0.732
0.624
0.759
0.841
0.623
0.611
0.51
0.609
0.729
0.749
0.851
0.704
0.586
0.677
0.855
0.841
0.766
0.891
0.847
0.749
0.779
0.745
0.639
0.689
0.855
0.74
0.695
0.686
0.682
0.82
0.863
0.805
0.859
0.754
0.683
0.611
0.598
0.521
0.532
0.527
0.56
0.618
0.63
0.559
0.641
0.78
0.811
0.761
0.754
0.663
0.607
0.714
0.634
0.702
0.843
0.872
0.884
0.814
0.772
0.707
0.841
0.785
0.696
0.602
0.703
0.775
0.707
0.678
0.747
0.714
0.633
0.714
0.756
0.848
0.832
0.725
0.709
0.723
0.712
0.752
0.824
0.751
0.687
0.621
0.728
0.773
0.741
0.782
0.849
0.79
0.751
0.766
0.776
0.748
0.742
0.8
0.755
0.789
0.809
0.747
0.647
0.693
0.709
0.732
0.764
0.817
0.729
0.756
0.768
0.805
0.803
0.791
0.753
0.712
0.727
0.731
0.719
0.755
0.802
0.785
0.728
0.675
0.694
0.794
0.796
0.742
0.693
0.617
0.626
0.655
0.698
0.718
0.599
0.573
0.793
0.778
0.734
0.696
0.776
0.895
0.694
0.653
0.607
0.617
0.742
0.709
0.629
0.8
0.838
0.851
0.688
0.659
0.77
0.875
0.726
0.638
0.71
0.828
0.764
0.794
0.91
0.968
0.72
0.75
0.7
0.759
0.751
0.734
0.765
0.826
0.868
0.947
0.933
0.855
0.775
0.73
0.756
0.721
0.654
0.754
0.841
0.822
0.891
0.746
0.75
0.775
0.768
0.643
0.531
0.813
0.93
0.806
0.727
0.73
0.838
0.898
0.814
0.768
0.885
0.886
0.852
0.811
0.918
0.859
0.7
0.802
0.811
0.933
0.758
0.772
0.79
0.839
0.849
0.93
0.947
0.962
0.84
0.836
0.88
0.896
0.896
0.964
0.963
0.977
0.848
0.813
0.782
0.773
0.819
0.748
0.843
0.968
0.832
0.791
0.774
0.808
0.88
0.945
0.914
0.841
0.882
0.831
0.892
0.968
0.981
1.004
0.975
0.923
0.895
0.906
0.9
0.817
0.803
0.925
0.904
0.854
0.859
0.877
0.869
0.852
0.792
0.787
0.823
0.79
0.945
0.991
0.961
0.923
0.884
0.944
0.941
0.823
0.871
0.916
0.933
0.951
0.939
0.858
0.823
0.893
0.95
0.875
0.985
0.979
0.966
0.935
0.762
0.898
0.961
0.966
0.915
0.879
0.808
0.638
0.574
0.761
0.806
0.691
0.834
0.922
0.806
0.776
0.837
0.837
0.783
0.945
0.88
0.81
0.817
0.801
0.796
0.82
0.807
0.95
0.929
0.935
0.918
0.872
0.912
0.919
0.988
0.959
0.894
0.83
0.824
0.851
0.844
0.878
0.924
0.877
0.837
0.791
0.709
0.701
0.755
0.965
0.99
0.955
0.82
0.727
0.783
0.782
0.716
0.753
0.9
0.886
0.922
0.916
0.934
0.911
0.784
0.727
0.698
0.816
0.955
0.941
0.8
0.573
0.616
0.644
0.513
0.732
0.758
0.673
0.788
0.943
0.863
0.717
0.819
0.82
0.775
0.825
0.811
0.781
0.822
0.769
0.675
0.568
0.612
0.745
0.784
0.861
0.934
0.817
0.801
0.79
0.852
0.855
0.757
0.876
0.91
0.758
0.686
0.707
0.682
0.735
0.618
0.587
0.723
0.681
0.827
0.745
0.635
0.728
0.629
0.645
0.66
0.747
0.743
0.845
0.794
0.707
0.755
0.772
0.741
0.8
0.786
0.679
0.667
0.756
0.798
0.673
0.765
0.753
0.699
0.762
0.8
0.777
0.81
0.703
0.612
0.723
0.798
0.805
0.819
0.757
0.695
0.776
0.77
0.751
0.76
0.696
0.742
0.782
0.735
0.697
0.8
0.709
0.849
0.777
0.643
0.654
0.672
0.738
0.848
0.811
0.844
0.82
0.85
0.883
0.866
0.763
0.798
0.749
0.788
0.829
0.81
0.766
0.826
0.797
0.711
0.78
0.799
0.702
0.681
0.815
0.788
0.73
0.67
0.708
0.734
0.736
0.831
0.84
0.676
0.773
0.779
0.824
0.718
0.608
0.625
0.748
0.749
0.747
0.84
0.766
0.81
0.795
0.8
0.843
0.662
0.59
0.648
0.726
0.776
0.742
0.7
0.751
0.881
0.838
0.839
0.728
0.737
0.717
0.689
0.679
0.594
0.677
0.69
0.659
0.779
0.889
0.862
0.772
0.827
0.871
0.868
0.82
0.864
0.92
0.791
0.783
0.772
0.866
0.747
0.833
0.853
0.732
0.672
0.768
0.884
0.703
0.777
0.682
0.766
0.824
0.885
0.782
0.647
0.838
0.871
0.762
0.648
0.682
0.872
0.947
0.945
0.861
0.829
0.764
0.789
0.722
0.687
0.679
0.771
0.593
0.676
0.653
0.74
0.808
0.764
0.612
0.543
0.864
0.731
0.775
0.856
0.766
0.817
0.668
0.656
0.851
0.821
0.918
0.92
0.929
0.948
0.972
0.956
0.924
0.953
0.872
0.888
0.827
0.869
0.876
0.904
0.919
0.698
0.855
0.807
0.783
0.914
0.976
0.952
0.948
0.927
0.989
0.818
0.776
0.851
0.893
0.915
0.933
0.889
0.85
0.863
0.888
0.905
0.901
0.963
0.792
0.873
0.932
0.926
0.917
0.772
0.833
0.899
0.948
0.954
0.928
0.856
0.919
0.867
0.801
0.811
0.914
0.876
0.809
0.822
0.852
0.904
0.906
0.868
0.849
0.893
0.892
0.969
0.987
0.957
0.882
0.874
0.959
0.926
0.932
0.903
0.869
0.803
0.96
0.98
0.974
0.926
0.864
0.844
0.782
0.761
0.904
0.789
0.994
0.848
0.697
0.801
0.913
0.817
0.761
0.846
0.95
0.837
0.829
0.741
0.686
0.782
0.608
0.674
0.719
0.682
0.808
0.921
0.898
0.794
0.549
0.789
0.9
0.791
0.867
0.935
0.795
0.807
0.812
0.73
0.827
0.865
0.759
0.769
0.654
0.674
0.823
0.713
0.672
0.614
0.633
0.643
0.72
0.746
0.648
0.581
0.537
0.493
0.444
0.559
0.645
0.529
0.638
0.592
0.599
0.449
0.528
0.776
0.595
0.504
0.689
0.786
0.753
0.632
0.574
0.545
0.66
0.634
0.633
0.588
0.753
0.739
0.875
0.717
0.744
0.752
0.72
0.626
0.716
0.595
0.472
0.665
0.769
0.858
0.7
0.723
0.729
0.744
0.695
0.697
0.694
0.829
0.664
0.69
0.724
0.723
0.713
0.722
0.849
0.742
0.639
0.749
0.849
0.824
0.772
0.656
0.662
0.674
0.767
0.768
0.736
0.608
0.633
0.676
0.689
0.636
0.726
0.802
0.794
0.755
0.712
0.813
0.774
0.785
0.795
0.698
0.599
0.704
0.703
0.653
0.84
0.789
0.718
0.65
0.695
0.756
0.825
0.772
0.748
0.604
0.704
0.724
0.782
0.687
0.679
0.687
0.737
0.831
0.796
0.69
0.672
0.709
0.764
0.852
0.867
0.793
0.661
0.736
0.773
0.754
0.843
0.745
0.825
0.839
0.801
0.813
0.775
0.757
0.737
0.732
0.743
0.876
0.835
0.78
0.793
0.815
0.803
0.781
0.793
0.786
0.8
0.842
0.861
0.882
0.848
0.766
0.738
0.768
0.782
0.752
0.654
0.725
0.607
0.574
0.628
0.709
0.68
0.67
0.616
0.738
0.713
0.757
0.802
0.655
0.76
0.771
0.653
0.649
0.745
0.798
0.59
0.67
0.78
0.81
0.718
0.643
0.632
0.629
0.809
0.83
0.844
0.836
0.791
0.87
0.691
0.666
0.801
0.886
0.866
0.801
0.855
0.834
0.801
0.701
0.571
0.639
0.775
0.696
0.709
0.838
0.827
0.946
0.961
0.95
0.941
0.859
0.846
0.771
0.826
0.95
0.923
0.938
0.945
0.958
0.867
0.93
0.768
0.792
0.849
0.856
0.72
0.867
0.831
0.75
0.738
0.938
0.901
0.89
0.878
0.894
0.954
0.883
0.771
0.79
0.811
0.896
0.859
0.884
0.888
0.941
0.975
0.916
0.848
0.795
0.923
0.955
0.858
0.798
0.847
0.873
0.885
0.974
0.978
0.956
0.819
0.817
0.885
0.836
0.895
0.935
0.902
0.891
0.875
0.907
0.979
0.911
0.838
0.752
0.787
0.86
0.904
0.979
0.946
0.906
0.908
0.823
0.885
0.855
0.992
0.996
0.921
0.938
0.9
0.818
0.839
0.855
0.879
0.854
0.73
0.888
0.831
0.876
0.953
0.959
0.915
0.981
1
0.931
0.928
0.901
0.876
0.858
0.787
0.801
0.81
0.898
0.871
0.918
0.984
1
1
0.988
0.955
0.947
0.894
0.857
0.835
0.862
0.888
0.847
0.884
0.862
0.898
0.963
0.916
0.91
0.825
0.788
0.891
0.934
0.932
0.926
0.977
0.984
0.914
0.893
0.818
0.864
0.987
0.756
0.631
0.772
0.743
0.757
0.71
0.811
0.893
0.763
0.622
0.561
0.487
0.471
0.709
0.742
0.744
0.927
0.815
0.688
0.689
0.804
0.82
0.821
0.669
0.776
0.726
0.887
0.811
0.841
0.601
0.605
0.942
0.909
0.8
0.576
0.522
0.454
0.489
0.519
0.537
0.744
0.693
0.769
0.738
0.628
0.74
0.718
0.73
0.68
0.684
0.796
0.759
0.502
0.604
0.61
0.706
0.663
0.77
0.724
0.696
0.817
0.879
0.859
0.84
0.786
0.757
0.751
0.774
0.847
0.812
0.66
0.675
0.765
0.689
0.737
0.667
0.702
0.815
0.942
0.871
0.747
0.694
0.79
0.826
0.787
0.822
0.733
0.756
0.779
0.713
0.616
0.791
0.804
0.71
0.752
0.761
0.724
0.663
0.685
0.782
0.701
0.783
0.846
0.859
0.855
0.689
0.672
0.734
0.759
0.722
0.754
0.789
0.739
0.899
0.875
0.827
0.79
0.769
0.763
0.75
0.788
0.804
0.753
0.786
0.743
0.705
0.677
0.73
0.703
0.735
0.697
0.825
0.751
0.776
0.834
0.799
0.71
0.711
0.735
0.776
0.815
0.826
0.82
0.776
0.749
0.644
0.664
0.816
0.857
0.828
0.773
0.75
0.771
0.834
0.78
0.824
0.857
0.723
0.645
0.87
0.816
0.656
0.63
0.616
0.636
0.692
0.759
0.831
0.841
0.769
0.706
0.65
0.626
0.638
0.767
0.869
0.845
0.735
0.745
0.752
0.752
0.646
0.816
0.875
0.823
0.851
0.852
0.789
0.863
0.908
0.787
0.751
0.737
0.726
0.862
0.954
0.882
0.919
0.941
0.836
0.712
0.651
0.738
0.82
0.721
0.753
0.872
0.901
0.877
0.771
0.664
0.737
0.727
0.675
0.727
0.758
0.749
0.704
0.786
0.892
0.931
0.879
0.841
0.873
0.761
0.72
0.717
0.831
0.726
0.753
0.77
0.809
0.789
0.901
0.817
0.662
0.758
0.714
0.748
0.785
0.835
0.897
0.898
0.885
0.783
0.817
0.884
0.835
0.851
0.876
0.832
0.949
0.913
0.882
0.886
0.879
0.742
0.899
0.921
0.745
0.751
0.813
0.869
0.939
0.958
0.799
0.688
0.796
0.652
0.791
0.905
0.91
0.926
0.926
0.901
0.906
0.843
0.884
0.931
0.95
0.973
0.939
0.863
0.859
0.872
0.88
0.896
0.821
0.948
0.908
0.803
0.768
0.802
0.908
0.826
0.87
0.95
0.91
0.904
0.94
0.908
0.964
0.73
0.706
0.903
0.942
0.937
0.891
0.914
0.895
0.783
0.831
0.829
0.888
0.911
0.925
0.966
0.883
0.903
0.976
0.943
0.86
0.781
0.844
0.914
0.855
0.746
0.825
0.786
0.889
0.809
0.87
0.824
0.853
0.893
0.833
0.754
0.748
0.803
0.845
0.878
0.805
0.749
0.77
0.851
0.932
0.976
0.857
0.782
0.694
0.816
0.771
0.717
0.712
0.756
0.704
0.779
0.731
0.664
0.827
0.864
0.747
0.729
0.756
0.766
0.614
0.698
0.657
0.703
0.665
0.757
0.838
0.77
0.736
0.696
0.814
0.763
0.738
0.835
0.707
0.781
0.922
0.893
0.653
0.64
0.608
0.524
0.532
0.791
0.732
0.661
0.821
0.937
0.855
0.807
0.714
0.72
0.604
0.831
0.724
0.764
0.723
0.487
0.514
0.728
0.705
0.67
0.549
0.757
0.829
0.771
0.67
0.509
0.602
0.498
0.479
0.574
0.507
0.695
0.689
0.631
0.74
0.605
0.519
0.669
0.923
0.857
0.741
0.642
0.682
0.762
0.785
0.823
0.698
0.669
0.64
0.611
0.705
0.71
0.755
0.72
0.696
0.722
0.688
0.732
0.784
0.688
0.584
0.62
0.829
0.743
0.552
0.571
0.589
0.573
0.615
0.541
0.735
0.813
0.761
0.797
0.687
0.603
0.742
0.694
0.687
0.797
0.823
0.825
0.905
0.849
0.78
0.767
0.849
0.765
0.743
0.767
0.814
0.772
0.743
0.721
0.772
0.72
0.73
0.769
0.757
0.742
0.817
0.763
0.724
0.718
0.751
0.813
0.768
0.723
0.676
0.69
0.779
0.781
0.818
0.843
0.776
0.733
0.778
0.773
0.767
0.889
0.879
0.834
0.786
0.828
0.795
0.732
0.708
0.701
0.795
0.752
0.73
0.709
0.738
0.795
0.693
0.639
0.735
0.923
0.925
0.936
0.798
0.749
0.772
0.72
0.708
0.723
0.707
0.768
0.809
0.811
0.793
0.779
0.706
0.833
0.762
0.78
0.754
0.831
0.868
0.732
0.868
0.833
0.73
0.722
0.715
0.773
0.775
0.67
0.655
0.565
0.553
0.682
0.762
0.717
0.678
0.757
0.649
0.629
0.779
0.822
0.721
0.687
0.713
0.823
0.704
0.592
0.622
0.583
0.49
0.685
0.729
0.715
0.854
0.742
0.721
0.653
0.809
0.792
0.669
0.783
0.674
0.663
0.711
0.847
0.865
0.795
0.562
0.675
0.767
0.613
0.591
0.715
0.837
0.752
0.767
0.751
0.767
0.79
0.756
0.565
0.764
0.787
0.691
0.679
0.618
0.619
0.707
0.862
0.951
0.889
0.897
0.938
0.909
0.862
0.908
0.863
0.867
0.886
0.829
0.787
0.809
0.814
0.89
0.883
0.843
0.907
0.789
0.767
0.905
0.862
0.79
0.78
0.896
0.951
0.836
0.696
0.924
0.862
0.924
0.756
0.706
0.886
0.83
0.748
0.866
0.782
0.66
0.671
0.761
0.683
0.749
0.775
0.876
0.859
0.858
0.902
0.814
0.879
0.724
0.847
0.802
0.832
0.973
0.924
0.995
0.885
0.806
0.903
0.898
0.906
0.891
0.848
0.897
0.903
0.915
0.924
0.996
0.94
0.916
0.869
0.82
0.737
0.88
0.811
0.884
0.868
0.916
0.908
0.841
1.018
0.943
0.869
0.875
0.868
0.899
0.973
0.76
0.83
0.876
0.721
0.753
0.835
0.835
0.801
0.846
0.797
0.826
0.828
0.795
0.766
0.863
0.891
0.91
0.881
0.811
0.692
0.898
0.895
0.811
0.84
0.891
0.785
0.863
0.801
0.827
0.739
0.822
0.809
0.856
0.756
0.681
0.756
0.771
0.553
0.708
0.669
0.696
0.936
0.853
0.774
0.633
0.738
0.926
0.791
0.696
0.529
0.515
0.714
0.569
0.586
0.656
0.744
0.74
0.785
0.631
0.67
0.798
0.658
0.693
0.791
0.62
0.434
0.708
0.787
0.783
0.7
0.46
0.44
0.705
0.733
0.648
0.554
0.48
0.409
0.726
0.69
0.659
0.523
0.659
0.674
0.622
0.554
0.668
0.772
0.863
0.866
0.683
0.643
0.664
0.684
0.671
0.628
0.553
0.487
0.424
0.444
0.44
0.494
0.664
0.659
0.602
0.653
0.656
0.598
0.595
0.674
0.551
0.581
0.584
0.46
0.464
0.464
0.58
0.683
0.59
0.487
0.53
0.521
0.593
0.668
0.609
0.68
0.673
0.589
0.561
0.619
0.579
0.568
0.569
0.506
0.539
0.492
0.344
0.31
0.353
0.344
0.373
0.569
0.541
0.537
0.595
0.544
0.429
0.626
0.645
0.743
0.798
0.84
0.732
0.746
0.699
0.655
0.69
0.685
0.61
0.576
0.762
0.794
0.646
0.655
0.587
0.604
0.651
0.745
0.629
0.559
0.564
0.635
0.695
0.681
0.606
0.653
0.706
0.561
0.584
0.75
0.814
0.727
0.667
0.695
0.795
0.828
0.716
0.683
0.65
0.827
0.721
0.604
0.647
0.672
0.708
0.765
0.842
0.821
0.667
0.585
0.669
0.706
0.655
0.689
0.788
0.845
0.741
0.701
0.702
0.772
0.793
0.74
0.805
0.748
0.75
0.85
0.731
0.666
0.683
0.601
0.693
0.825
0.679
0.627
0.871
0.749
0.608
0.691
0.578
0.55
0.554
0.693
0.732
0.706
0.657
0.63
0.63
0.682
0.772
0.841
0.86
0.722
0.717
0.778
0.878
0.828
0.816
0.743
0.738
0.622
0.665
0.628
0.661
0.627
0.666
0.799
0.67
0.953
0.984
0.874
0.837
0.824
0.825
0.897
0.743
0.694
0.819
0.841
0.753
0.805
0.718
0.757
0.819
0.975
0.83
0.646
0.715
0.739
0.666
0.715
0.904
0.764
0.756
0.765
0.797
0.807
0.886
0.76
0.767
0.813
0.861
0.695
0.654
0.764
0.695
0.663
0.854
0.899
0.853
0.636
0.812
0.821
0.911
0.869
0.952
0.849
0.889
0.788
0.893
0.825
0.936
0.945
0.854
0.917
0.941
0.944
0.963
0.962
0.816
0.808
0.941
0.967
0.929
0.64
0.782
0.883
0.968
0.836
0.796
0.959
0.893
0.776
0.894
0.928
0.859
0.613
0.724
0.712
0.664
0.918
0.972
0.812
0.814
0.912
0.947
0.901
0.858
0.841
0.825
0.671
0.812
0.829
0.788
0.814
0.717
0.846
0.885
0.846
0.91
0.95
0.903
0.842
0.691
0.769
0.852
0.892
0.988
0.895
0.699
0.657
0.842
0.915
0.848
0.78
0.674
0.676
0.903
0.987
0.948
0.758
0.706
0.789
0.763
0.722
0.734
0.764
0.781
0.827
0.935
0.726
0.744
0.888
0.694
0.843
0.825
0.636
0.75
0.816
0.787
0.722
0.688
0.811
0.815
0.829
0.773
0.815
0.783
0.861
0.803
0.763
0.791
0.699
0.73
0.72
0.657
0.666
0.741
0.769
0.561
0.734
0.625
0.596
0.798
0.64
0.466
0.594
0.582
0.693
0.57
0.561
0.688
0.603
0.744
0.808
0.664
0.706
0.829
0.784
0.598
0.803
0.74
0.702
0.748
0.801
0.821
0.709
0.85
0.896
0.839
0.758
0.661
0.545
0.463
0.6
0.715
0.747
0.498
0.718
0.741
0.779
0.818
0.714
0.626
0.731
0.813
0.774
0.715
0.732
0.814
0.784
0.753
0.754
0.648
0.568
0.661
0.802
0.703
0.801
0.891
0.844
0.824
0.741
0.674
0.753
0.839
0.849
0.857
0.784
0.71
0.662
0.658
0.671
0.627
0.754
0.725
0.686
0.701
0.723
0.75
0.749
0.805
0.772
0.686
0.68
0.731
0.804
0.713
0.775
0.723
0.651
0.621
0.617
0.669
0.676
0.741
0.834
0.853
0.808
0.763
0.721
0.701
0.739
0.883
0.806
0.711
0.799
0.844
0.759
0.748
0.872
0.882
0.835
0.83
0.741
0.673
0.692
0.703
0.725
0.745
0.801
0.763
0.812
0.79
0.726
0.735
0.794
0.848
0.869
0.852
0.859
0.801
0.762
0.756
0.747
0.777
0.893
0.812
0.766
0.845
0.745
0.679
0.693
0.778
0.789
0.79
0.817
0.779
0.825
0.808
0.77
0.852
0.937
0.857
0.882
0.826
0.756
0.799
0.828
0.793
0.846
0.831
0.694
0.686
0.71
0.659
0.68
0.725
0.722
0.826
0.869
0.756
0.637
0.727
0.787
0.673
0.694
0.575
0.733
0.742
0.659
0.568
0.511
0.624
0.698
0.905
0.832
0.917
0.886
0.893
0.756
0.671
0.735
0.68
0.637
0.628
0.592
0.506
0.522
0.793
0.709
0.717
0.657
0.619
0.663
0.804
0.858
0.947
0.844
0.736
0.702
0.728
0.735
0.816
0.955
0.92
0.719
0.676
0.709
0.87
0.627
0.622
0.674
0.644
0.712
0.863
0.769
0.914
0.644
0.756
0.811
0.805
0.774
0.761
0.77
0.869
0.678
0.676
0.711
0.754
0.804
0.704
0.742
0.844
0.829
0.843
0.844
0.819
0.866
0.877
0.807
0.839
0.849
0.822
0.897
0.898
0.947
0.94
0.957
0.989
1.007
0.933
0.933
0.907
0.948
0.933
0.884
0.905
0.92
0.879
0.957
0.879
0.806
0.829
0.878
0.878
0.971
1.008
0.965
0.808
0.939
0.987
0.951
0.932
0.879
0.889
0.735
0.713
0.753
0.835
0.867
0.873
0.92
0.979
0.925
0.912
0.896
0.872
0.878
0.893
0.901
0.716
0.704
0.756
0.762
0.902
0.945
0.954
0.744
0.733
0.768
0.647
0.553
0.774
0.936
0.866
0.714
0.705
0.849
0.816
0.738
0.781
0.758
0.678
0.856
0.845
0.795
0.887
0.983
0.967
0.996
0.957
0.965
0.876
0.801
0.871
0.794
0.758
0.782
0.682
0.714
0.734
0.808
0.544
0.603
0.729
0.552
0.494
0.751
0.928
0.917
0.852
0.733
0.851
0.815
0.788
0.666
0.688
0.6
0.505
0.857
0.804
0.64
0.688
0.788
0.873
0.68
0.763
0.581
0.463
0.778
0.843
0.591
0.501
0.498
0.585
0.581
0.501
0.48
0.761
0.626
0.631
0.625
0.658
0.938
0.84
0.704
0.723
0.631
0.657
0.834
0.689
0.766
0.923
0.769
0.833
0.786
0.803
0.735
0.745
0.747
0.848
0.74
0.642
0.68
0.757
0.932
0.819
0.699
0.843
0.643
0.592
0.67
0.862
0.773
0.794
0.628
0.761
0.701
0.81
0.774
0.768
0.698
0.643
0.678
0.712
0.651
0.557
0.669
0.804
0.762
0.765
0.808
0.699
0.815
0.803
0.673
0.734
0.767
0.783
0.849
0.816
0.711
0.708
0.72
0.805
0.758
0.726
0.612
0.727
0.791
0.77
0.868
0.929
0.812
0.906
0.826
0.794
0.782
0.798
0.781
0.825
0.829
0.882
0.846
0.713
0.678
0.71
0.76
0.764
0.71
0.778
0.731
0.635
0.662
0.709
0.872
0.852
0.764
0.762
0.677
0.719
0.735
0.775
0.826
0.785
0.733
0.747
0.816
0.76
0.788
0.821
0.912
0.914
0.914
0.894
0.877
0.816
0.768
0.804
0.852
0.815
0.758
0.754
0.755
0.775
0.739
0.772
0.807
0.768
0.774
0.841
0.891
0.785
0.802
0.79
0.766
0.871
0.819
0.79
0.662
0.657
0.833
0.812
0.741
0.814
0.798
0.763
0.745
0.794
0.671
0.624
0.801
0.831
0.699
0.729
0.71
0.803
0.765
0.753
0.82
0.922
0.946
0.937
0.815
0.848
0.807
0.771
0.741
0.672
0.738
0.88
0.737
0.701
0.762
0.865
0.752
0.758
0.774
0.675
0.649
0.701
0.655
0.671
0.623
0.566
0.702
0.723
0.672
0.967
0.814
0.762
0.681
0.7
0.824
0.716
0.694
0.691
0.691
0.833
0.869
0.761
0.694
0.715
0.667
0.756
0.934
0.828
0.668
0.817
0.744
0.89
0.937
0.717
0.718
0.701
0.768
0.891
0.839
0.769
0.831
0.845
0.801
0.874
0.855
0.738
0.83
0.897
0.663
0.889
0.9
0.848
0.964
0.857
0.785
0.907
0.956
0.919
0.873
0.885
0.833
0.83
0.917
0.986
0.986
0.816
0.894
0.909
0.885
0.879
0.895
0.939
0.863
0.886
0.948
0.909
0.954
0.978
0.888
0.949
0.986
0.992
0.958
0.91
0.901
0.946
0.837
0.732
0.872
0.756
0.676
0.846
0.939
0.936
0.886
0.939
0.855
0.884
0.835
0.887
0.819
0.956
0.943
0.948
0.898
0.926
0.849
0.606
0.668
0.798
0.977
0.845
0.766
0.892
0.953
0.981
0.91
0.874
0.85
0.697
0.76
0.743
0.642
0.82
0.869
0.815
0.964
0.943
0.837
0.828
0.854
0.786
0.617
0.694
0.848
0.707
0.656
0.811
0.837
0.733
0.561
0.533
0.961
0.89
0.756
0.684
0.804
0.865
0.846
0.765
0.722
0.91
0.805
0.738
0.587
0.645
0.84
0.638
0.616
0.542
0.835
0.651
0.639
0.677
0.791
0.835
0.724
0.72
0.885
0.969
0.87
0.74
0.696
0.706
0.909
0.942
0.935
0.864
0.697
0.833
0.652
0.619
0.649
0.717
0.729
0.754
0.782
0.784
0.745
0.788
0.855
0.86
0.797
0.76
0.779
0.697
0.595
0.677
0.67
0.653
0.583
0.547
0.71
0.825
0.79
0.812
0.646
0.619
0.589
0.68
0.734
0.742
0.768
0.75
0.682
0.713
0.742
0.732
0.765
0.721
0.716
0.716
0.691
0.575
0.508
0.517
0.528
0.771
0.719
0.682
0.647
0.687
0.719
0.679
0.671
0.683
0.591
0.568
0.794
0.767
0.754
0.694
0.613
0.663
0.703
0.787
0.742
0.822
0.777
0.679
0.767
0.79
0.689
0.722
0.751
0.669
0.676
0.658
0.763
0.842
0.735
0.667
0.639
0.693
0.727
0.657
0.699
0.761
0.686
0.745
0.717
0.731
0.693
0.627
0.613
0.779
0.772
0.705
0.725
0.573
0.669
0.75
0.693
0.639
0.665
0.788
0.859
0.713
0.602
0.653
0.59
0.584
0.662
0.712
0.735
0.813
0.833
0.791
0.746
0.732
0.747
0.816
0.811
0.708
0.681
0.643
0.627
0.624
0.706
0.676
0.679
0.718
0.734
0.652
0.618
0.561
0.606
0.63
0.764
0.721
0.725
0.75
0.787
0.616
0.645
0.651
0.622
0.621
0.606
0.512
0.66
0.719
0.628
0.678
0.665
0.564
0.554
0.579
0.565
0.656
0.559
0.539
0.669
0.764
0.651
0.697
0.621
0.609
0.669
0.683
0.742
0.66
0.744
0.722
0.589
0.527
0.575
0.813
0.602
0.614
0.572
0.64
0.74
0.758
0.787
0.836
0.904
0.714
0.567
0.869
0.78
0.766
0.654
0.596
0.579
0.662
0.725
0.652
0.647
0.726
0.799
0.833
0.871
0.815
0.92
0.879
0.777
0.836
0.886
0.937
0.882
0.849
0.84
0.776
0.807
0.801
0.784
0.938
0.828
0.846
0.81
0.742
0.912
0.855
0.788
0.776
0.873
0.914
0.931
0.842
0.89
0.831
0.916
0.807
0.691
0.694
0.797
0.726
0.67
0.769
0.881
0.901
0.97
0.826
0.912
0.866
0.906
0.894
0.967
0.931
0.91
0.916
0.931
0.964
0.941
0.91
0.903
0.906
0.877
0.906
0.937
0.822
0.767
0.934
0.946
0.804
0.856
0.866
0.735
0.799
0.864
0.957
0.96
0.934
0.868
0.854
0.849
0.883
0.925
0.936
0.947
0.952
0.891
0.84
0.925
0.922
0.772
0.816
0.881
0.871
0.717
0.758
0.847
0.704
0.943
0.959
0.997
0.959
0.949
0.986
0.996
0.925
0.851
0.889
0.914
0.916
0.932
0.849
0.866
0.893
0.728
0.794
0.8
0.889
0.882
0.863
0.923
0.929
0.944
0.733
0.867
0.758
0.684
0.638
0.596
0.62
0.625
0.783
0.749
0.76
0.685
0.738
0.883
0.747
0.721
0.666
0.812
0.836
0.678
0.544
0.779
0.746
0.799
0.66
0.689
0.768
0.649
0.483
0.502
0.586
0.597
0.69
0.718
0.753
0.608
0.784
0.769
0.844
0.879
0.951
0.916
0.697
0.788
0.779
0.769
0.823
0.913
0.847
0.774
0.61
0.608
0.841
0.738
0.786
0.775
0.803
0.73
0.739
0.566
0.748
0.913
0.73
0.617
0.55
0.643
0.685
0.684
0.58
0.645
0.753
0.777
0.67
0.536
0.503
0.679
0.841
0.727
0.696
0.583
0.567
0.593
0.905
0.879
0.739
0.691
0.692
0.841
0.883
0.818
0.687
0.737
0.677
0.63
0.623
0.61
0.5
0.587
0.687
0.675
0.786
0.849
0.822
0.762
0.757
0.657
0.716
0.795
0.705
0.748
0.739
0.636
0.667
0.699
0.77
0.838
0.842
0.771
0.792
0.698
0.655
0.723
0.845
0.8
0.814
0.795
0.901
0.798
0.847
0.82
0.802
0.797
0.756
0.832
0.792
0.734
0.885
0.868
0.815
0.886
0.834
0.706
0.823
0.811
0.912
0.785
0.783
0.792
0.719
0.698
0.671
0.776
0.861
0.846
0.85
0.807
0.724
0.773
0.759
0.805
0.8
0.671
0.714
0.742
0.656
0.684
0.734
0.816
0.806
0.822
0.829
0.889
0.931
0.803
0.8
0.785
0.744
0.768
0.851
0.828
0.824
0.872
0.814
0.825
0.839
0.832
0.725
0.657
0.71
0.78
0.782
0.765
0.809
0.861
0.741
0.702
0.853
0.867
0.758
0.71
0.72
0.86
0.862
0.789
0.756
0.655
0.662
0.769
0.768
0.689
0.7
0.724
0.695
0.73
0.766
0.77
0.848
0.75
0.657
0.76
0.893
0.87
0.694
0.695
0.72
0.678
0.761
0.704
0.737
0.862
0.695
0.756
0.678
0.734
0.817
0.789
0.768
0.879
0.962
0.811
0.789
0.742
0.77
0.725
0.696
0.721
0.794
0.951
0.992
0.801
0.681
0.687
0.667
0.819
0.863
0.766
0.783
0.872
0.975
0.936
0.921
0.94
0.906
0.815
0.808
0.745
0.841
0.824
0.83
0.803
0.782
0.802
0.777
0.808
0.864
0.809
0.889
0.956
0.943
0.927
0.903
0.813
0.902
0.858
0.823
0.852
0.852
0.721
0.83
0.831
0.714
0.67
0.651
0.68
0.803
0.963
0.996
0.984
0.806
0.821
0.92
0.983
0.933
0.832
0.845
0.854
0.793
0.858
0.909
0.931
0.962
0.868
0.847
0.815
0.923
0.799
0.769
0.818
0.955
0.98
0.942
0.928
0.855
0.785
0.837
0.902
0.779
0.676
0.752
0.802
0.716
0.735
0.781
0.708
0.782
0.857
0.813
0.881
0.854
0.863
0.966
0.932
0.904
0.867
0.913
0.861
0.689
0.781
0.862
0.951
0.953
0.856
0.821
0.802
0.849
0.818
0.827
0.905
0.964
0.911
0.954
0.967
0.949
0.931
0.956
0.919
0.885
0.862
0.807
0.776
0.685
0.703
0.792
0.886
0.621
0.801
0.877
0.952
0.872
0.951
0.976
0.928
0.87
0.826
0.85
0.846
0.848
0.898
0.988
0.938
0.845
0.816
0.867
0.842
0.714
0.725
0.963
0.891
0.742
0.795
0.649
0.731
0.785
0.8
0.835
0.708
0.762
0.85
0.796
0.626
0.512
0.702
0.922
0.842
0.743
0.64
0.634
0.8
0.625
0.782
0.63
0.762
0.759
0.743
0.545
0.61
0.538
0.471
0.509
0.618
0.684
0.719
0.799
0.734
0.7
0.685
0.77
0.621
0.623
0.627
0.748
0.889
0.811
0.719
0.75
0.81
0.784
0.681
0.863
0.728
0.678
0.767
0.82
0.878
0.721
0.808
0.86
0.822
0.833
0.771
0.761
0.818
0.815
0.792
0.722
0.702
0.666
0.688
0.73
0.858
0.783
0.749
0.709
0.762
0.791
0.778
0.787
0.759
0.752
0.828
0.85
0.712
0.732
0.694
0.78
0.738
0.764
0.73
0.814
0.774
0.794
0.723
0.76
0.766
0.678
0.689
0.774
0.822
0.784
0.723
0.66
0.655
0.684
0.781
0.785
0.794
0.75
0.834
0.786
0.734
0.771
0.83
0.772
0.772
0.647
0.686
0.731
0.675
0.717
0.785
0.81
0.709
0.717
0.692
0.709
0.782
0.792
0.751
0.701
0.834
0.753
0.682
0.691
0.799
0.706
0.615
0.683
0.721
0.798
0.779
0.792
0.84
0.782
0.876
0.809
0.748
0.789
0.785
0.658
0.735
0.778
0.656
0.693
0.708
0.805
0.869
0.813
0.782
0.717
0.796
0.718
0.862
0.79
0.842
0.736
0.784
0.904
0.858
0.807
0.775
0.693
0.678
0.73
0.652
0.773
0.647
0.615
0.694
0.677
0.808
0.744
0.646
0.729
0.712
0.632
0.627
0.76
0.94
0.826
0.805
0.925
0.822
0.664
0.691
0.701
0.691
0.616
0.732
0.736
0.675
0.752
0.841
0.75
0.651
0.783
0.834
0.883
0.783
0.718
0.681
0.66
0.697
0.766
0.805
0.93
0.969
0.909
0.768
0.912
0.833
0.862
0.67
0.684
0.679
0.641
0.694
0.861
0.844
0.908
0.749
0.804
0.73
0.761
0.838
0.917
0.954
0.926
0.907
0.83
0.783
0.82
0.941
0.712
0.696
0.689
0.868
0.903
0.912
0.877
0.904
0.908
0.876
0.861
0.851
0.784
0.757
0.82
0.737
0.694
0.744
0.819
0.77
0.934
0.886
0.931
0.925
0.918
0.827
0.914
0.934
0.888
0.867
0.863
0.908
0.962
0.999
0.884
0.758
0.795
0.875
0.738
0.739
0.849
0.894
0.929
0.995
0.99
0.983
0.898
1.026
1
0.906
0.876
0.753
0.757
0.839
0.834
0.882
0.86
0.937
0.844
0.865
0.839
0.832
0.924
1.004
0.947
0.957
0.912
0.95
0.851
0.73
0.796
0.876
0.935
0.833
0.972
0.933
0.888
0.874
0.805
0.746
0.818
0.888
0.893
0.95
0.911
0.877
0.925
0.756
0.753
0.874
0.735
0.767
0.849
0.865
0.869
0.69
0.613
0.873
0.829
0.778
0.945
0.868
0.73
0.757
0.75
0.72
0.888
0.747
0.801
0.777
0.703
0.644
0.526
0.685
0.643
0.664
0.901
0.691
0.662
0.671
0.816
0.668
0.956
0.817
0.794
0.613
0.764
0.705
0.669
0.641
0.533
0.501
0.49
0.437
0.554
0.585
0.603
0.788
0.799
0.864
0.858
0.863
0.665
0.581
0.787
0.737
0.729
0.734
0.743
0.745
0.627
0.733
0.798
0.627
0.604
0.82
0.827
0.758
0.712
0.72
0.67
0.513
0.461
0.544
0.608
0.705
0.793
0.652
0.595
0.608
0.636
0.734
0.744
0.578
0.622
0.61
0.504
0.675
0.676
0.71
0.618
0.595
0.625
0.683
0.763
0.692
0.641
0.608
0.606
0.616
0.619
0.677
0.706
0.629
0.716
0.888
0.926
0.83
0.819
0.73
0.805
0.809
0.757
0.748
0.817
0.829
0.75
0.724
0.679
0.726
0.82
0.743
0.651
0.76
0.746
0.84
0.819
0.763
0.747
0.748
0.664
0.69
0.718
0.788
0.855
0.826
0.788
0.759
0.711
0.731
0.711
0.746
0.758
0.726
0.723
0.712
0.836
0.761
0.594
0.622
0.672
0.735
0.717
0.849
0.838
0.856
0.801
0.696
0.697
0.742
0.774
0.759
0.787
0.825
0.76
0.712
0.759
0.752
0.696
0.748
0.8
0.729
0.66
0.752
0.726
0.62
0.587
0.599
0.683
0.696
0.674
0.701
0.662
0.684
0.695
0.604
0.618
0.661
0.565
0.624
0.697
0.705
0.608
0.534
0.572
0.66
0.734
0.854
0.867
0.731
0.879
0.804
0.783
0.678
0.834
0.742
0.697
0.759
0.714
0.597
0.616
0.638
0.741
0.661
0.626
0.689
0.653
0.751
0.835
0.806
0.648
0.513
0.855
0.866
0.723
0.615
0.72
0.734
0.725
0.726
0.649
0.673
0.656
0.664
0.749
0.959
0.786
0.655
0.828
0.947
0.903
0.717
0.657
0.902
0.827
0.772
0.714
0.73
0.811
0.883
0.861
0.866
0.862
0.756
0.779
0.698
0.674
0.682
0.705
0.774
0.673
0.844
0.857
0.719
0.755
0.715
0.706
0.676
0.85
0.936
0.927
0.934
0.835
0.883
0.936
0.881
0.726
0.817
0.875
0.94
0.946
0.966
0.912
0.881
0.764
0.677
0.673
0.833
0.914
0.881
0.898
0.842
0.891
0.831
0.734
0.726
0.96
0.739
0.792
0.713
0.789
0.915
0.933
0.892
0.931
0.909
0.974
1.004
0.989
0.933
1.003
0.921
0.948
0.959
0.972
0.993
0.916
0.858
0.866
0.905
0.909
0.934
0.938
0.902
0.937
0.87
0.962
0.974
0.86
0.754
0.885
0.671
0.745
0.835
0.837
0.893
0.937
0.801
0.72
0.805
0.791
0.963
0.874
0.819
0.804
0.783
0.878
0.888
0.8
0.847
0.805
0.786
0.907
0.968
0.954
0.809
0.604
0.609
0.697
0.926
0.966
1.026
0.872
0.663
0.688
0.802
0.726
0.589
0.581
0.632
0.651
0.736
0.826
0.832
0.609
0.836
0.782
0.732
0.652
0.577
0.47
0.71
0.86
0.827
0.857
0.787
0.757
0.717
0.74
0.823
0.527
0.695
0.71
0.9
0.934
0.792
0.879
0.815
0.892
0.779
0.58
0.641
0.746
0.902
0.843
0.813
0.927
0.861
0.671
0.708
0.722
0.657
0.689
0.817
0.639
0.749
0.804
0.756
0.566
0.61
0.868
0.704
0.525
0.624
0.86
0.855
0.88
0.785
0.742
0.818
0.728
0.56
0.801
0.851
0.805
0.752
0.729
0.676
0.68
0.852
0.921
0.785
0.73
0.844
0.88
0.814
0.667
0.742
0.878
0.818
0.836
0.768
0.716
0.713
0.846
0.812
0.843
0.823
0.753
0.635
0.668
0.637
0.61
0.585
0.547
0.652
0.649
0.754
0.773
0.764
0.777
0.832
0.846
0.827
0.808
0.778
0.791
0.765
0.671
0.623
0.745
0.816
0.832
0.785
0.723
0.693
0.773
0.737
0.678
0.715
0.742
0.749
0.661
0.779
0.81
0.79
0.797
0.842
0.789
0.826
0.753
0.772
0.824
0.763
0.822
0.805
0.726
0.705
0.684
0.777
0.824
0.767
0.858
0.787
0.841
0.889
0.893
0.828
0.784
0.86
0.758
0.789
0.773
0.772
0.757
0.844
0.842
0.761
0.71
0.736
0.72
0.801
0.751
0.726
0.765
0.829
0.799
0.788
0.821
0.773
0.67
0.667
0.722
0.646
0.654
0.789
0.904
0.742
0.663
0.589
0.758
0.839
0.792
0.746
0.73
0.796
0.662
0.656
0.868
0.872
0.859
0.627
0.599
0.644
0.678
0.698
0.663
0.694
0.626
0.754
0.713
0.747
0.875
0.937
0.922
0.802
0.759
0.684
0.652
0.617
0.66
0.602
0.768
0.709
0.626
0.634
0.6
0.604
0.828
0.798
0.747
0.65
0.712
0.671
0.727
0.853
0.829
0.774
0.771
0.893
0.88
0.953
0.87
0.699
0.639
0.718
0.844
0.743
0.642
0.775
0.946
0.782
0.824
0.812
0.835
0.866
0.86
0.915
0.877
0.893
0.866
0.827
0.826
0.733
0.82
0.871
0.931
0.886
0.73
0.761
0.864
0.826
0.861
0.887
0.816
0.635
0.661
0.703
0.846
0.79
0.793
0.8
0.885
0.988
0.996
0.968
0.933
0.963
0.945
0.919
0.895
0.963
0.949
0.932
0.931
0.891
0.875
0.918
0.954
0.978
0.963
0.986
0.978
0.892
0.914
0.905
0.874
0.886
0.936
0.942
0.848
0.848
0.927
0.996
1.026
0.943
1.079
1.007
0.985
1.05
0.84
0.927
0.981
0.963
0.98
0.848
0.845
0.941
0.874
0.873
0.855
0.802
0.836
0.813
0.754
0.685
0.827
0.894
0.951
1
0.984
0.976
0.937
0.795
0.855
0.922
0.875
0.853
0.937
0.88
0.891
0.95
0.984
0.963
1.007
0.866
0.762
0.81
1.024
0.948
0.734
0.81
0.812
0.725
0.778
0.904
0.96
0.857
0.73
0.731
0.744
0.762
0.763
0.689
0.761
0.883
0.822
0.809
0.792
0.866
0.924
0.881
0.892
0.907
0.789
0.871
0.659
0.614
0.823
0.854
0.777
0.837
0.82
0.739
0.689
0.922
0.757
0.666
0.692
0.653
0.691
0.794
0.618
0.689
0.927
0.835
0.917
0.879
0.727
0.519
0.58
0.706
0.765
0.751
0.96
0.813
0.824
0.862
0.712
0.641
0.908
0.931
0.813
0.619
0.589
0.873
0.857
0.864
0.782
0.945
0.918
0.795
0.934
0.69
0.579
0.599
0.768
0.914
0.92
0.856
0.719
0.801
0.822
0.687
0.722
0.828
0.676
0.71
0.887
0.858
0.758
0.634
0.594
0.617
0.81
0.82
0.754
0.747
0.813
0.855
0.845
0.901
0.794
0.755
0.801
0.83
0.757
0.652
0.677
0.794
0.889
0.79
0.808
0.793
0.8
0.745
0.798
0.814
0.657
0.726
0.75
0.797
0.783
0.691
0.689
0.746
0.626
0.636
0.666
0.726
0.77
0.741
0.646
0.59
0.693
0.751
0.795
0.722
0.814
0.799
0.763
0.864
0.709
0.653
0.756
0.771
0.778
0.791
0.734
0.68
0.714
0.786
0.802
0.765
0.76
0.723
0.744
0.743
0.768
0.755
0.766
0.794
0.765
0.667
0.697
0.737
0.78
0.715
0.818
0.8
0.706
0.729
0.721
0.778
0.781
0.745
0.794
0.713
0.748
0.753
0.737
0.832
0.733
0.728
0.713
0.704
0.707
0.695
0.728
0.762
0.895
0.93
0.847
0.767
0.791
0.72
0.779
0.832
0.934
0.923
0.858
0.826
0.725
0.725
0.679
0.809
0.829
0.813
0.794
0.715
0.773
0.88
0.889
0.714
0.738
0.707
0.863
0.734
0.675
0.667
0.664
0.719
0.848
0.93
0.832
0.713
0.714
0.749
0.744
0.741
0.742
0.704
0.871
0.736
0.845
0.853
0.897
0.887
0.831
0.729
0.79
0.853
0.798
0.818
0.87
0.671
0.681
0.676
0.736
0.721
0.706
0.866
0.979
0.859
0.758
0.746
0.844
0.78
0.727
0.715
0.722
0.723
0.758
0.864
0.746
0.711
0.718
0.735
0.781
0.854
0.916
0.873
0.754
0.828
0.791
0.881
0.957
0.759
0.805
0.882
0.795
0.872
0.879
0.918
0.86
0.802
0.924
0.97
0.912
0.835
0.823
0.918
0.958
0.851
0.704
0.797
0.843
0.883
0.978
0.941
0.72
0.876
0.94
0.97
0.976
0.958
0.936
0.941
1.016
0.987
0.99
0.992
0.699
0.724
0.77
0.88
0.901
0.827
0.805
0.847
0.872
0.899
0.935
0.763
0.797
0.91
0.973
0.932
0.973
0.93
0.971
0.953
0.836
0.952
0.911
0.871
0.932
0.927
0.969
0.944
0.915
0.996
0.949
0.939
0.926
0.888
0.822
0.845
0.885
0.895
0.815
0.937
0.87
0.856
0.846
0.809
0.921
0.911
1.014
0.922
0.913
0.857
0.767
0.87
0.977
0.887
1.003
0.951
0.843
0.871
0.852
0.862
0.706
0.867
0.848
0.82
0.778
0.628
0.691
0.947
0.672
0.599
0.702
0.816
0.754
0.649
0.724
0.802
0.821
0.677
0.909
0.87
0.751
0.619
0.988
0.939
0.77
0.597
0.416
0.583
0.733
0.736
0.845
0.713
0.709
0.557
0.534
0.68
0.915
0.921
0.709
0.466
0.676
0.839
0.761
0.591
0.495
0.518
0.704
0.767
0.699
0.663
0.587
0.621
0.828
0.554
0.508
0.824
0.789
0.965
0.836
0.778
0.82
0.63
0.69
0.893
0.794
0.744
0.811
0.702
0.756
0.714
0.75
0.733
0.818
0.833
0.758
0.657
0.642
0.64
0.634
0.873
0.781
0.699
0.729
0.849
0.876
0.893
0.95
0.949
0.898
0.744
0.686
0.702
0.695
0.743
0.704
0.578
0.598
0.759
0.755
0.681
0.651
0.758
0.855
0.861
0.787
0.729
0.781
0.74
0.6
0.67
0.785
0.754
0.677
0.623
0.704
0.744
0.808
0.796
0.827
0.799
0.685
0.708
0.751
0.815
0.845
0.717
0.689
0.731
0.72
0.714
0.801
0.81
0.841
0.831
0.684
0.674
0.777
0.892
0.863
0.855
0.778
0.788
0.792
0.76
0.698
0.672
0.668
0.754
0.813
0.801
0.752
0.672
0.622
0.67
0.69
0.719
0.805
0.89
0.918
0.911
0.746
0.832
0.908
0.87
0.867
0.689
0.833
0.858
0.831
0.752
0.831
0.874
0.843
0.804
0.825
0.795
0.778
0.827
0.837
0.761
0.774
0.689
0.703
0.768
0.809
0.849
0.86
0.871
0.837
0.81
0.799
0.769
0.812
0.742
0.827
0.776
0.737
0.881
0.723
0.688
0.806
0.73
0.8
0.789
0.74
0.773
0.769
0.786
0.731
0.688
0.717
0.731
0.687
0.727
0.66
0.645
0.673
0.8
0.749
0.713
0.755
0.794
0.631
0.709
0.725
0.647
0.625
0.729
0.627
0.701
0.648
0.671
0.883
0.869
0.888
0.767
0.778
0.756
0.794
0.751
0.894
0.762
0.765
0.753
0.781
0.893
0.834
0.855
0.834
0.688
0.7
0.655
0.869
0.889
0.838
0.822
0.901
0.872
0.871
0.912
0.926
0.799
0.69
0.789
0.89
0.852
0.909
0.978
0.969
0.816
0.727
0.851
0.924
0.811
0.828
0.91
0.899
0.883
0.948
0.912
0.894
0.886
0.943
0.91
0.848
0.874
0.815
0.925
0.902
0.798
0.921
0.958
0.95
0.98
0.916
0.87
0.722
0.779
0.855
0.678
0.761
0.894
0.93
0.996
0.998
0.963
1.001
0.971
0.952
0.841
0.687
0.807
0.903
0.808
0.907
0.919
0.931
0.903
0.835
0.839
0.757
0.914
0.967
0.976
0.901
0.898
0.948
0.902
0.918
0.94
0.898
0.759
0.718
0.842
0.806
0.734
0.785
0.881
0.876
0.739
0.675
0.826
0.948
0.812
0.782
0.811
0.86
0.981
0.993
0.961
0.936
0.911
0.795
0.895
0.828
0.868
0.809
0.915
0.78
0.837
0.822
0.932
0.912
0.841
0.743
0.723
0.93
0.98
0.703
0.605
0.652
0.728
0.784
0.698
0.68
0.836
0.97
0.977
0.965
0.933
0.838
0.78
0.728
0.586
0.87
0.769
0.711
0.787
0.705
0.695
0.757
0.81
0.726
0.867
0.69
0.541
0.471
0.877
0.98
0.728
0.544
0.517
0.455
0.828
0.833
0.877
0.84
0.655
0.717
0.796
0.549
0.635
0.544
0.517
0.566
0.879
0.779
0.751
0.685
0.931
0.936
0.915
0.901
0.906
0.758
0.715
0.756
0.914
0.781
0.858
0.912
0.909
0.809
0.708
0.623
0.638
0.586
0.459
0.534
0.589
0.618
0.694
0.698
0.767
0.886
0.74
0.55
0.572
0.657
0.589
0.78
0.72
0.756
0.717
0.634
0.646
0.589
0.616
0.558
0.724
0.894
0.921
0.854
0.727
0.803
0.785
0.841
0.825
0.716
0.677
0.746
0.67
0.73
0.711
0.687
0.672
0.774
0.713
0.743
0.699
0.818
0.747
0.637
0.703
0.747
0.804
0.77
0.786
0.81
0.732
0.666
0.626
0.642
0.685
0.633
0.779
0.839
0.832
0.728
0.746
0.802
0.784
0.881
0.767
0.727
0.636
0.648
0.753
0.84
0.794
0.692
0.708
0.646
0.652
0.717
0.839
0.876
0.867
0.772
0.737
0.773
0.829
0.753
0.796
0.787
0.806
0.82
0.792
0.8
0.82
0.706
0.704
0.817
0.817
0.813
0.881
0.867
0.779
0.757
0.736
0.853
0.841
0.759
0.736
0.771
0.742
0.716
0.722
0.798
0.84
0.677
0.697
0.672
0.761
0.784
0.761
0.642
0.804
0.868
0.86
0.737
0.69
0.734
0.733
0.724
0.597
0.667
0.747
0.758
0.833
0.778
0.593
0.61
0.685
0.63
0.842
0.817
0.835
0.824
0.893
0.849
0.783
0.677
0.728
0.696
0.723
0.733
0.698
0.696
0.723
0.837
0.821
0.73
0.733
0.669
0.722
0.725
0.693
0.564
0.631
0.859
0.738
0.816
0.77
0.732
0.775
0.732
0.723
0.646
0.635
0.698
0.682
0.741
0.918
0.721
0.732
0.771
0.801
0.821
0.793
0.847
0.776
0.825
0.772
0.719
0.716
0.755
0.768
0.636
0.886
0.803
0.769
0.809
0.877
0.892
0.749
0.889
0.919
0.873
0.897
0.903
0.764
0.795
0.806
0.86
0.726
0.616
0.852
0.817
0.849
0.854
0.799
0.857
0.883
0.952
0.853
0.612
0.646
0.699
0.689
0.795
0.904
0.966
0.723
0.715
0.674
0.78
0.929
0.863
0.843
0.997
0.946
0.961
0.902
0.919
0.853
0.955
0.934
0.868
0.883
0.996
0.987
0.97
0.899
0.9
0.946
1.01
0.987
0.96
0.954
0.935
0.939
0.981
0.898
0.908
0.95
0.874
1.003
0.921
0.88
0.868
0.876
0.925
0.966
0.938
0.806
0.768
0.918
0.654
0.688
0.64
0.665
0.932
0.778
0.69
0.636
0.662
0.67
0.712
0.855
0.909
0.885
0.89
0.974
0.891
0.843
0.94
0.794
0.789
0.9
0.713
0.742
0.897
0.814
0.776
0.764
0.736
0.808
0.815
0.808
0.908
0.891
0.82
0.706
0.763
0.788
0.689
0.661
0.655
0.688
0.603
0.492
0.581
0.523
0.393
0.837
0.856
0.698
0.817
0.836
0.822
0.691
0.658
0.854
0.797
0.88
0.794
0.595
0.483
0.543
0.951
0.939
0.868
0.744
0.783
0.754
0.944
0.948
0.706
0.554
0.509
0.617
0.823
0.774
0.568
0.449
0.463
0.469
0.453
0.55
0.714
0.568
0.677
0.814
0.569
0.766
0.769
0.791
0.861
0.788
0.677
0.664
0.662
0.756
0.633
0.532
0.669
0.92
0.899
0.735
0.747
0.683
0.607
0.555
0.492
0.601
0.803
0.8
0.827
0.684
0.712
0.678
0.628
0.696
0.553
0.612
0.619
0.64
0.683
0.752
0.676
0.609
0.63
0.613
0.631
0.718
0.717
0.684
0.644
0.658
0.707
0.613
0.694
0.811
0.78
0.688
0.824
0.814
0.704
0.783
0.76
0.825
0.749
0.717
0.779
0.767
0.628
0.673
0.746
0.695
0.674
0.686
0.723
0.758
0.774
0.851
0.839
0.789
0.71
0.767
0.692
0.668
0.7
0.693
0.768
0.734
0.656
0.743
0.665
0.692
0.757
0.757
0.706
0.756
0.83
0.66
0.718
0.76
0.758
0.818
0.829
0.672
0.706
0.825
0.765
0.741
0.784
0.7
0.677
0.724
0.82
0.865
0.821
0.787
0.77
0.692
0.697
0.709
0.727
0.673
0.603
0.66
0.814
0.827
0.762
0.605
0.648
0.599
0.53
0.529
0.604
0.6
0.576
0.67
0.662
0.626
0.559
0.716
0.692
0.534
0.616
0.637
0.769
0.573
0.516
0.669
0.785
0.783
0.675
0.669
0.791
0.866
0.656
0.711
0.654
0.768
0.925
0.91
0.758
0.636
0.756
0.76
0.639
0.75
0.856
0.788
0.651
0.641
0.587
0.696
0.797
0.751
0.684
0.671
0.725
0.661
0.559
0.51
0.66
0.636
0.797
0.74
0.676
0.696
0.764
0.64
0.619
0.735
0.774
0.85
0.761
0.733
0.802
0.688
0.71
0.669
0.632
0.722
0.865
0.717
0.721
0.664
0.816
0.818
0.95
0.869
0.782
0.746
0.649
0.651
0.759
0.745
0.893
0.923
0.885
0.784
0.713
0.65
0.833
0.753
0.809
0.902
0.954
0.961
0.852
0.797
0.751
0.897
0.912
0.675
0.781
0.757
0.709
0.719
0.855
0.839
0.834
0.96
0.972
0.936
0.9
0.963
1
0.991
0.814
0.824
0.862
0.812
0.86
0.938
0.876
0.828
0.891
0.745
0.768
0.836
0.817
0.834
0.854
0.897
0.78
0.753
0.923
0.808
0.721
0.806
0.756
0.818
0.853
0.968
0.917
0.87
0.757
0.883
0.957
0.82
0.785
0.826
0.744
0.78
0.875
0.933
0.749
0.893
0.955
0.853
0.877
0.745
0.902
0.914
0.954
0.909
0.815
0.832
0.871
0.988
0.954
0.948
0.802
0.625
0.74
0.779
0.651
0.537
0.63
0.53
0.523
0.613
0.666
0.879
0.795
0.767
0.582
0.644
0.585
0.775
0.696
0.62
0.867
0.949
0.88
0.769
0.701
0.683
0.735
0.596
0.64
0.565
0.787
0.666
0.518
0.426
0.715
0.875
0.827
0.634
0.657
0.699
0.881
0.73
0.679
0.78
0.728
0.662
0.668
0.678
0.662
0.853
0.851
0.817
0.88
0.847
0.864
0.672
0.617
0.653
0.525
0.486
0.599
0.478
0.568
0.681
0.841
0.647
0.658
0.698
0.667
0.646
0.726
0.734
0.823
0.599
0.698
0.801
0.686
0.678
0.733
0.788
0.728
0.938
0.813
0.721
0.718
0.784
0.736
0.72
0.705
0.861
0.946
0.832
0.774
0.745
0.717
0.77
0.709
0.668
0.832
0.763
0.688
0.752
0.773
0.725
0.758
0.837
0.804
0.691
0.849
0.799
0.788
0.836
0.78
0.722
0.846
0.792
0.76
0.75
0.787
0.78
0.818
0.707
0.712
0.696
0.735
0.701
0.778
0.842
0.764
0.752
0.66
0.646
0.789
0.832
0.788
0.723
0.737
0.765
0.751
0.752
0.781
0.787
0.747
0.704
0.712
0.687
0.666
0.682
0.745
0.803
0.784
0.744
0.82
0.863
0.83
0.84
0.848
0.787
0.726
0.688
0.892
0.866
0.831
0.878
0.864
0.775
0.74
0.726
0.749
0.865
0.801
0.749
0.899
0.716
0.674
0.67
0.767
0.847
0.814
0.755
0.794
0.848
0.863
0.839
0.866
0.848
0.803
0.796
0.828
0.834
0.718
0.703
0.725
0.801
0.83
0.833
0.886
0.871
0.773
0.836
0.815
0.707
0.736
0.762
0.679
0.768
0.827
0.715
0.875
0.883
0.738
0.732
0.747
0.763
0.662
0.682
0.694
0.763
0.728
0.839
0.932
0.889
0.731
0.758
0.714
0.717
0.729
0.725
0.655
0.718
0.865
0.852
0.9
0.841
0.762
0.664
0.713
0.821
0.725
0.893
0.925
0.814
0.753
0.786
0.73
0.708
0.663
0.677
0.643
0.569
0.74
0.698
0.712
0.902
0.92
0.94
0.907
0.761
0.844
0.907
0.799
0.754
0.745
0.818
0.769
0.718
0.719
0.832
0.79
0.633
0.686
0.783
0.952
0.941
0.887
0.895
0.892
0.782
0.708
0.755
0.763
0.819
0.672
0.832
0.887
0.725
0.786
0.948
0.876
0.81
0.895
0.835
0.935
0.979
0.818
0.838
0.877
0.847
0.812
0.881
0.819
0.824
0.878
0.91
0.879
0.93
0.925
0.928
0.932
0.927
0.946
0.955
0.975
0.964
0.971
0.932
0.917
0.969
0.965
0.957
0.972
0.987
0.994
0.974
0.95
0.961
0.95
0.88
0.913
0.954
0.974
0.978
0.854
0.883
0.907
0.927
0.939
0.984
0.975
0.927
0.816
0.833
0.858
0.957
0.966
0.897
0.909
1.016
0.871
0.748
0.914
0.879
0.954
0.921
0.918
0.705
0.701
0.73
0.883
0.773
0.805
0.889
0.905
0.956
0.812
0.803
0.671
0.72
0.886
0.903
0.873
0.81
0.783
0.88
0.858
0.882
0.784
0.819
0.904
0.968
0.855
0.792
0.927
0.922
0.839
0.706
0.839
0.822
0.769
0.703
0.722
0.728
0.734
0.692
0.703
0.808
0.883
0.856
0.856
0.733
0.68
0.732
0.548
0.878
0.83
0.68
0.605
0.802
0.933
0.816
0.76
0.592
0.753
0.888
0.708
0.686
0.514
0.768
0.86
0.81
0.761
0.838
0.538
0.48
0.538
0.635
0.482
0.445
0.485
0.57
0.565
0.554
0.778
0.756
0.785
0.772
0.529
0.525
0.618
0.796
0.621
0.623
0.899
0.906
0.867
0.78
0.691
0.658
0.821
0.899
0.722
0.772
0.79
0.766
0.832
0.831
0.824
0.672
0.638
0.832
0.844
0.863
0.773
0.777
0.921
0.807
0.636
0.643
0.696
0.727
0.623
0.638
0.679
0.657
0.714
0.616
0.599
0.702
0.657
0.835
0.889
0.745
0.68
0.64
0.708
0.634
0.653
0.611
0.79
0.825
0.624
0.733
0.867
0.747
0.617
0.709
0.792
0.614
0.683
0.721
0.661
0.618
0.684
0.635
0.61
0.686
0.796
0.82
0.791
0.76
0.764
0.729
0.732
0.784
0.778
0.65
0.751
0.87
0.812
0.797
0.688
0.747
0.766
0.715
0.61
0.66
0.802
0.798
0.852
0.852
0.788
0.804
0.777
0.661
0.639
0.752
0.835
0.835
0.771
0.843
0.727
0.812
0.872
0.849
0.829
0.844
0.801
0.737
0.702
0.701
0.788
0.723
0.663
0.708
0.773
0.725
0.719
0.741
0.782
0.786
0.827
0.769
0.676
0.761
0.758
0.668
0.654
0.69
0.816
0.902
0.863
0.803
0.859
0.783
0.872
0.926
0.835
0.812
0.786
0.771
0.732
0.714
0.719
0.687
0.78
0.95
0.828
0.644
0.597
0.66
0.74
0.895
0.961
0.886
0.897
0.764
0.853
0.766
0.646
0.704
0.779
0.736
0.872
0.896
0.908
0.824
0.753
0.764
0.645
0.702
0.731
0.733
0.726
0.89
0.775
0.719
0.721
0.711
0.687
0.721
0.764
0.813
0.744
0.678
0.64
0.803
0.731
0.809
0.834
0.719
0.833
0.791
0.709
0.677
0.705
0.718
0.937
0.754
0.899
0.873
0.963
0.973
0.892
0.821
0.776
0.71
0.683
0.722
0.787
0.835
0.815
0.732
0.762
0.906
0.955
0.957
0.855
0.867
0.971
0.931
0.892
0.795
0.78
0.74
0.889
0.719
0.77
0.818
0.9
0.895
0.875
0.838
0.834
0.92
0.829
0.847
0.93
0.886
0.928
0.911
0.887
0.951
0.982
0.968
0.954
0.945
0.874
0.948
0.865
0.848
0.816
0.852
0.921
0.939
0.921
0.888
0.983
0.83
0.75
0.756
0.837
0.921
0.968
0.966
0.958
0.814
0.874
0.883
0.906
0.939
0.891
0.944
0.919
0.955
0.878
0.889
0.814
0.765
0.779
0.909
0.852
0.801
0.772
0.97
0.926
0.9
0.798
0.77
0.75
0.948
0.803
0.692
0.792
0.839
0.934
0.639
0.824
0.823
0.85
0.889
0.904
0.666
0.651
0.735
0.869
0.889
0.945
0.881
0.845
0.907
0.878
0.95
0.874
0.605
0.77
0.78
0.889
0.937
0.886
0.906
0.779
0.891
0.69
0.74
0.852
0.907
0.662
0.673
0.673
0.638
0.808
0.979
0.777
0.72
0.666
0.896
0.882
0.841
0.735
0.727
0.768
0.739
0.858
0.825
0.903
0.726
0.667
0.764
0.665
0.717
0.956
0.878
0.818
0.639
0.926
0.702
0.589
0.598
0.733
0.883
0.921
0.934
0.76
0.772
0.931
0.95
0.805
0.763
0.87
0.87
0.814
0.675
0.634
0.661
0.617
0.727
0.873
0.87
0.84
0.722
0.761
0.718
0.765
0.821
0.731
0.736
0.779
0.848
0.796
0.909
0.779
0.75
0.645
0.671
0.747
0.8
0.809
0.841
0.8
0.764
0.738
0.731
0.734
0.733
0.635
0.643
0.637
0.631
0.62
0.729
0.828
0.776
0.619
0.658
0.769
0.737
0.733
0.701
0.685
0.692
0.641
0.642
0.718
0.77
0.626
0.6
0.656
0.602
0.686
0.762
0.753
0.793
0.727
0.709
0.663
0.726
0.843
0.751
0.735
0.809
0.846
0.845
0.906
0.826
0.722
0.683
0.736
0.762
0.742
0.715
0.73
0.72
0.674
0.654
0.611
0.661
0.757
0.751
0.801
0.858
0.849
0.849
0.851
0.861
0.822
0.684
0.814
0.869
0.897
0.804
0.705
0.708
0.805
0.788
0.754
0.746
0.782
0.726
0.719
0.723
0.709
0.724
0.622
0.436
0.381
0.442
0.658
0.583
0.445
0.588
0.805
0.744
0.574
0.576
0.686
0.811
0.821
0.715
0.727
0.624
0.693
0.808
0.941
0.861
0.731
0.69
0.741
0.712
0.818
0.873
0.819
0.647
0.705
0.579
0.605
0.617
0.78
0.846
0.733
0.571
0.682
0.787
0.623
0.731
0.816
0.647
0.648
0.692
0.767
0.724
0.827
0.92
0.805
0.69
0.773
0.784
0.712
0.707
0.661
0.639
0.754
0.729
0.878
0.735
0.783
0.872
0.979
0.925
0.828
0.759
0.838
0.909
0.851
0.879
0.749
0.85
0.726
0.77
0.901
0.826
0.877
0.777
0.723
0.779
0.777
0.847
0.842
0.654
0.729
0.805
0.811
0.83
0.83
0.903
0.899
0.713
0.87
0.868
0.92
0.922
0.94
0.921
0.857
0.862
0.911
0.984
0.914
0.768
0.822
0.743
0.748
0.915
0.898
0.922
0.958
0.987
0.966
0.981
0.895
0.901
0.912
0.887
0.9
0.894
0.888
0.957
0.954
0.84
0.756
0.82
0.766
0.69
0.706
0.836
0.831
0.782
0.822
0.807
0.724
0.73
0.738
0.84
0.843
0.852
0.68
0.849
0.893
0.892
0.937
0.949
0.957
0.953
0.925
0.693
0.773
0.8
0.752
0.764
0.878
0.736
0.796
0.769
0.877
0.871
0.878
0.918
0.922
0.943
0.939
0.884
0.946
0.893
0.854
0.74
0.749
0.926
0.946
0.94
0.943
0.801
0.9
0.899
0.849
0.907
0.923
0.868
0.721
0.795
0.834
0.922
0.9
0.719
0.793
0.795
0.948
0.936
0.882
0.929
0.859
0.763
0.675
0.744
0.8
0.666
0.709
0.901
0.686
0.763
0.772
0.711
0.885
0.962
0.921
0.742
0.915
0.928
0.889
0.874
0.786
0.632
0.72
0.501
0.525
0.573
0.869
0.895
0.808
0.677
0.766
0.87
0.653
0.436
0.551
0.59
0.412
0.514
0.624
0.715
0.735
0.918
0.882
0.704
0.851
0.735
0.803
0.931
0.93
0.841
0.846
0.886
0.762
0.697
0.831
0.922
0.9
0.911
0.846
0.813
0.802
0.747
0.846
0.837
0.814
0.762
0.714
0.73
0.666
0.781
0.877
0.769
0.648
0.747
0.903
0.864
0.718
0.72
0.742
0.796
0.625
0.846
0.925
0.926
0.811
0.664
0.79
0.882
0.85
0.77
0.763
0.718
0.594
0.579
0.574
0.638
0.756
0.783
0.716
0.795
0.759
0.643
0.652
0.624
0.78
0.862
0.78
0.806
0.832
0.832
0.874
0.818
0.74
0.664
0.706
0.803
0.796
0.737
0.802
0.667
0.739
0.854
0.801
0.789
0.757
0.77
0.817
0.896
0.77
0.728
0.72
0.819
0.793
0.768
0.793
0.822
0.82
0.82
0.805
0.772
0.802
0.776
0.771
0.771
0.82
0.785
0.858
0.847
0.765
0.737
0.712
0.765
0.845
0.891
0.696
0.649
0.832
0.897
0.803
0.77
0.862
0.774
0.677
0.923
0.903
0.882
0.807
0.71
0.664
0.748
0.845
0.833
0.847
0.811
0.758
0.778
0.834
0.8
0.681
0.687
0.715
0.863
0.714
0.67
0.847
0.785
0.776
0.744
0.635
0.801
0.739
0.779
0.677
0.642
0.66
0.648
0.828
0.684
0.578
0.645
0.694
0.615
0.702
0.752
0.764
0.677
0.712
0.775
0.781
0.665
0.582
0.773
0.737
0.814
0.787
0.737
0.642
0.772
0.865
0.741
0.755
0.812
0.715
0.82
0.854
0.877
0.881
0.78
0.851
0.839
0.687
0.647
0.571
0.613
0.867
0.917
0.797
0.657
0.74
0.916
0.881
0.91
0.921
0.84
0.832
0.863
0.825
0.879
0.67
0.745
0.87
0.92
0.831
0.797
0.764
0.611
0.597
0.716
0.823
0.854
0.744
0.813
0.844
0.942
0.888
0.698
0.683
0.845
0.905
0.861
0.879
0.873
0.853
0.813
0.83
0.867
0.953
0.931
0.878
0.898
0.878
0.734
0.914
0.874
0.79
0.809
0.957
0.975
0.899
0.913
0.848
0.809
0.826
0.805
0.721
0.822
0.929
0.882
0.782
0.874
0.791
0.852
0.905
0.793
0.73
0.773
0.846
0.786
0.84
0.829
0.925
0.937
0.872
0.84
0.834
0.892
0.92
0.927
0.941
0.899
0.893
0.962
0.899
0.869
0.872
0.909
0.789
0.852
0.887
0.899
0.826
0.731
0.789
0.864
0.892
0.958
0.901
0.814
0.858
0.912
0.901
0.905
0.89
0.773
0.646
0.754
0.93
0.842
0.91
1.003
0.892
0.826
0.843
0.836
0.711
0.758
0.657
0.622
0.8
0.753
0.823
0.833
0.86
0.878
0.868
0.774
0.573
0.708
0.835
0.901
0.907
0.9
0.912
0.753
0.967
0.935
0.919
0.887
0.818
0.782
0.574
0.643
0.791
0.757
0.745
0.661
0.717
0.791
0.878
0.699
0.511
0.574
0.659
0.671
0.807
0.855
0.867
0.859
0.854
0.613
0.784
0.765
0.763
0.686
0.712
0.714
0.861
0.924
0.725
0.704
0.777
0.649
0.792
0.75
0.78
0.683
0.701
0.688
0.657
0.734
0.879
0.838
0.793
0.775
0.824
0.816
0.877
0.795
0.737
0.822
0.825
0.809
0.755
0.816
0.784
0.844
0.885
0.827
0.627
0.68
0.721
0.673
0.621
0.644
0.698
0.72
0.838
0.956
0.861
0.815
0.784
0.756
0.762
0.786
0.793
0.752
0.625
0.733
0.778
0.732
0.693
0.835
0.746
0.755
0.717
0.745
0.645
0.659
0.693
0.815
0.777
0.826
0.795
0.744
0.85
0.765
0.747
0.761
0.781
0.798
0.81
0.837
0.761
0.685
0.791
0.725
0.741
0.721
0.788
0.793
0.715
0.692
0.843
0.916
0.848
0.785
0.799
0.821
0.775
0.692
0.761
0.824
0.819
0.693
0.731
0.752
0.773
0.876
0.839
0.761
0.704
0.716
0.71
0.725
0.726
0.859
0.916
0.914
0.848
0.746
0.816
0.846
0.758
0.782
0.795
0.807
0.871
0.862
0.746
0.76
0.771
0.813
0.757
0.764
0.737
0.791
0.894
0.877
0.694
0.67
0.758
0.727
0.725
0.738
0.791
0.834
0.752
0.692
0.723
0.654
0.616
0.584
0.65
0.727
0.695
0.693
0.76
0.757
0.654
0.686
0.766
0.58
0.632
0.614
0.624
0.595
0.694
0.776
0.701
0.752
0.741
0.8
0.857
0.87
0.827
0.704
0.8
0.931
0.917
0.872
0.833
0.87
0.893
0.738
0.729
0.851
0.863
0.877
0.848
0.726
0.757
0.906
0.827
0.881
0.741
0.742
0.811
0.631
0.603
0.642
0.795
0.774
0.706
0.676
0.65
0.781
0.909
0.923
0.933
0.945
0.823
0.776
0.902
0.969
0.888
0.767
0.721
0.807
0.744
0.814
0.859
0.842
0.822
0.788
0.882
0.898
0.969
0.878
0.839
0.957
0.872
0.883
0.86
0.817
0.847
0.841
0.804
0.854
0.938
0.872
0.89
0.884
0.924
0.944
0.998
0.9
0.895
0.822
0.916
0.926
0.964
0.908
0.966
0.972
0.914
0.91
0.937
0.874
0.907
0.935
0.931
0.949
0.959
0.946
0.855
0.733
0.775
0.751
0.736
0.89
0.829
0.837
0.87
0.905
0.947
0.924
0.925
0.913
0.902
0.826
0.923
0.943
0.938
0.939
0.936
0.937
0.913
0.829
0.868
0.947
0.932
0.848
0.875
0.902
0.871
0.925
0.916
0.883
0.707
0.61
0.704
0.811
0.921
0.923
0.806
0.818
0.836
0.825
0.811
0.941
0.911
0.821
0.811
0.893
0.877
0.891
0.879
0.744
0.634
0.683
0.869
0.841
0.685
0.613
0.654
0.687
0.785
0.836
0.917
0.919
0.863
0.815
0.9
0.875
0.828
0.852
0.817
0.913
0.848
0.74
0.768
0.872
0.888
0.77
0.701
0.525
0.644
0.759
0.893
0.747
0.559
0.715
0.792
0.785
0.697
0.746
0.553
0.5
0.543
0.56
0.658
0.867
0.873
0.939
0.865
0.783
0.869
0.862
0.759
0.719
0.859
0.758
0.73
0.77
0.64
0.675
0.568
0.543
0.612
0.487
0.6
0.682
0.859
0.795
0.755
0.838
0.757
0.644
0.73
0.87
0.895
0.575
0.643
0.848
0.887
0.788
0.608
0.624
0.593
0.68
0.563
0.592
0.594
0.664
0.83
0.833
0.705
0.636
0.575
0.584
0.628
0.653
0.705
0.773
0.821
0.754
0.864
0.864
0.758
0.775
0.761
0.728
0.629
0.7
0.631
0.576
0.631
0.631
0.646
0.622
0.701
0.682
0.75
0.803
0.722
0.714
0.718
0.773
0.774
0.778
0.686
0.591
0.53
0.637
0.717
0.774
0.792
0.833
0.805
0.765
0.784
0.712
0.761
0.731
0.732
0.698
0.829
0.73
0.869
0.783
0.714
0.672
0.676
0.697
0.698
0.67
0.677
0.8
0.711
0.754
0.724
0.743
0.747
0.802
0.776
0.8
0.878
0.817
0.752
0.735
0.735
0.806
0.859
0.853
0.729
0.73
0.723
0.727
0.757
0.883
0.767
0.661
0.882
0.86
0.741
0.754
0.71
0.667
0.78
0.737
0.707
0.752
0.831
0.75
0.701
0.618
0.624
0.686
0.751
0.892
0.906
0.789
0.79
0.763
0.615
0.693
0.831
0.798
0.766
0.833
0.812
0.725
0.761
0.603
0.663
0.722
0.735
0.687
0.656
0.697
0.839
0.873
0.849
0.891
0.894
0.878
0.867
0.778
0.712
0.69
0.656
0.753
0.73
0.707
0.77
0.815
0.665
0.856
0.867
0.733
0.627
0.673
0.576
0.691
0.736
0.797
0.729
0.734
0.728
0.759
0.841
0.813
0.81
0.883
0.69
0.666
0.66
0.723
0.65
0.928
0.897
0.736
0.743
0.676
0.72
0.808
0.812
0.747
0.897
0.889
0.752
0.804
0.861
0.892
0.785
0.747
0.868
0.804
0.886
0.883
0.909
0.889
0.887
0.916
0.968
0.93
0.862
0.847
0.827
0.907
0.906
0.8
0.851
0.886
0.963
0.932
0.965
0.904
0.89
0.926
0.936
0.917
0.905
0.958
0.932
0.928
0.892
0.907
0.939
0.932
0.926
0.743
0.815
0.866
0.838
0.834
0.907
0.826
0.863
0.892
0.738
0.805
0.925
0.91
0.813
0.893
0.908
0.791
0.882
0.827
0.833
0.752
0.748
0.805
0.899
0.89
0.825
0.785
0.849
0.956
0.949
0.888
0.831
0.806
0.741
0.778
0.813
0.818
0.797
0.812
0.822
0.825
0.88
0.867
0.703
0.741
0.714
0.728
0.755
0.834
0.746
0.772
0.657
0.735
0.736
0.701
0.873
0.783
0.749
0.814
0.833
0.848
0.777
0.986
0.931
0.772
0.884
0.933
0.805
0.709
0.66
0.78
0.654
0.698
0.717
0.651
0.73
0.78
0.698
0.702
0.769
0.639
0.801
0.746
0.622
0.72
0.879
0.882
0.912
0.767
0.776
0.676
0.808
0.844
0.695
0.639
0.518
0.704
0.713
0.638
0.714
0.639
0.841
0.814
0.67
0.53
0.549
0.597
0.67
0.792
0.736
0.667
0.67
0.767
0.757
0.802
0.667
0.576
0.762
0.647
0.712
0.772
0.605
0.477
0.616
0.642
0.817
0.888
0.891
0.83
0.934
0.885
0.774
0.758
0.88
0.794
0.755
0.697
0.628
0.527
0.663
0.785
0.782
0.685
0.646
0.599
0.657
0.747
0.765
0.706
0.743
0.578
0.496
0.546
0.668
0.702
0.769
0.65
0.724
0.707
0.637
0.59
0.484
0.585
0.697
0.771
0.672
0.699
0.8
0.749
0.742
0.67
0.809
0.788
0.704
0.765
0.684
0.639
0.776
0.739
0.743
0.766
0.682
0.654
0.625
0.76
0.794
0.732
0.788
0.79
0.758
0.795
0.714
0.689
0.804
0.761
0.768
0.776
0.841
0.714
0.736
0.774
0.732
0.8
0.836
0.793
0.796
0.767
0.78
0.776
0.85
0.808
0.713
0.751
0.819
0.819
0.777
0.767
0.817
0.657
0.653
0.788
0.816
0.719
0.728
0.763
0.78
0.827
0.73
0.749
0.804
0.782
0.768
0.825
0.799
0.871
0.956
0.874
0.851
0.808
0.815
0.851
0.763
0.711
0.761
0.703
0.705
0.753
0.828
0.855
0.82
0.795
0.742
0.78
0.773
0.711
0.785
0.803
0.791
0.65
0.763
0.849
0.845
0.759
0.697
0.702
0.755
0.636
0.763
0.781
0.717
0.815
0.825
0.82
0.667
0.682
0.701
0.656
0.797
0.855
0.76
0.677
0.711
0.606
0.638
0.952
0.881
0.905
0.832
0.722
0.822
0.858
0.803
0.692
0.587
0.861
0.86
0.694
0.767
0.843
0.712
0.684
0.721
0.671
0.678
0.691
0.85
0.926
0.848
0.871
0.949
0.843
0.851
0.822
0.84
0.966
0.881
0.792
0.865
0.788
0.684
0.748
0.817
0.745
0.689
0.786
0.807
0.698
0.899
0.947
0.941
0.827
0.804
0.784
0.815
0.788
0.843
0.707
0.57
0.625
0.659
0.686
0.891
0.857
0.867
0.788
0.906
0.814
0.735
0.769
0.846
0.968
0.915
0.897
0.878
0.927
0.866
0.773
0.81
0.878
0.909
0.913
0.816
0.813
0.854
0.976
0.951
0.871
0.872
0.796
0.701
0.714
0.88
0.952
0.92
0.935
0.851
0.688
0.774
0.88
0.776
0.818
0.927
0.88
0.877
0.801
0.816
0.916
0.843
0.824
0.856
0.864
0.85
0.86
0.789
0.836
0.86
0.853
0.864
0.929
0.915
0.886
0.889
0.863
0.92
0.901
0.892
0.923
0.928
0.851
0.876
0.912
0.945
0.927
0.824
0.855
0.942
0.924
0.912
0.868
0.939
0.863
0.806
0.815
0.816
0.666
0.799
0.811
0.843
0.862
0.794
0.713
0.834
0.84
0.868
0.801
0.779
0.635
0.742
0.857
0.853
0.923
0.896
0.935
0.845
0.7
0.756
0.883
0.782
0.715
0.775
0.844
0.807
0.683
0.882
0.745
0.701
0.72
0.802
0.746
0.698
0.822
0.924
0.787
0.737
0.785
0.73
0.799
0.768
0.877
0.611
0.453
0.437
0.657
0.769
0.871
0.93
0.927
0.86
0.686
0.748
0.826
0.868
0.848
0.835
0.829
0.73
0.605
0.579
0.6
0.69
0.624
0.817
0.762
0.617
0.717
0.844
0.849
0.675
0.692
0.828
0.849
0.668
0.554
0.516
0.64
0.695
0.736
0.687
0.601
0.593
0.538
0.505
0.623
0.655
0.743
0.866
0.725
0.643
0.766
0.728
0.567
0.51
0.594
0.626
0.608
0.641
0.528
0.578
0.585
0.631
0.709
0.627
0.619
0.596
0.631
0.688
0.668
0.667
0.776
0.733
0.588
0.691
0.671
0.599
0.711
0.734
0.66
0.618
0.638
0.695
0.656
0.835
0.766
0.725
0.7
0.754
0.605
0.64
0.779
0.771
0.772
0.659
0.647
0.636
0.708
0.74
0.735
0.777
0.768
0.806
0.76
0.584
0.615
0.646
0.696
0.693
0.823
0.837
0.794
0.8
0.758
0.824
0.713
0.712
0.712
0.661
0.742
0.746
0.704
0.673
0.793
0.933
0.928
0.888
0.752
0.749
0.836
0.81
0.768
0.757
0.673
0.797
0.807
0.733
0.713
0.739
0.778
0.742
0.625
0.732
0.84
0.885
0.854
0.837
0.751
0.703
0.764
0.717
0.607
0.648
0.683
0.714
0.763
0.709
0.682
0.698
0.708
0.613
0.816
0.818
0.712
0.707
0.631
0.719
0.844
0.771
0.666
0.674
0.667
0.716
0.632
0.691
0.796
0.862
0.773
0.645
0.649
0.777
0.805
0.794
0.853
0.816
0.693
0.671
0.626
0.938
0.783
0.767
0.855
0.908
0.659
0.591
0.668
0.676
0.704
0.612
0.642
0.643
0.679
0.726
0.753
0.619
0.66
0.73
0.771
0.9
0.856
0.827
0.687
0.704
0.679
0.812
0.786
0.899
0.921
0.912
0.734
0.732
0.832
0.919
0.882
0.771
0.804
0.781
0.821
0.91
0.915
0.794
0.829
0.812
0.896
0.898
0.891
0.918
0.929
0.911
0.887
0.855
0.848
0.929
0.923
0.948
0.898
0.941
0.866
0.867
0.914
0.771
0.811
0.827
0.89
0.926
0.881
0.856
0.868
0.872
0.866
0.831
0.848
0.837
0.929
0.956
0.959
0.933
0.847
0.935
0.802
0.797
0.867
0.882
0.858
0.809
0.847
0.796
0.792
0.804
0.85
0.868
0.824
0.834
0.833
0.893
0.885
0.827
0.912
0.795
0.921
0.908
0.917
0.94
0.976
0.964
0.918
0.888
0.853
0.91
0.779
0.878
0.9
0.878
0.871
0.838
0.91
0.901
0.629
0.618
0.653
0.874
0.875
0.871
0.895
0.92
0.827
0.679
0.843
0.861
0.791
0.882
0.928
0.915
0.889
0.875
0.892
0.765
0.833
0.874
0.863
0.851
0.848
0.834
0.815
0.776
0.888
0.951
0.781
0.789
0.827
0.776
0.716
0.683
0.843
0.806
0.869
0.679
0.771
0.955
0.944
0.698
0.704
0.932
0.801
0.744
0.723
0.719
0.77
0.801
0.906
0.896
0.88
0.76
0.632
0.557
0.68
0.585
0.522
0.872
0.761
0.664
0.65
0.618
0.573
0.741
0.668
0.739
0.709
0.616
0.8
0.751
0.803
0.764
0.551
0.509
0.682
0.956
0.849
0.737
0.798
0.917
0.751
0.854
0.888
0.802
0.794
0.82
0.695
0.587
0.745
0.78
0.697
0.727
0.593
0.683
0.836
0.736
0.624
0.492
0.791
0.694
0.58
0.616
0.865
0.785
0.723
0.791
0.742
0.702
0.813
0.716
0.678
0.67
0.743
0.597
0.788
0.746
0.76
0.751
0.66
0.645
0.717
0.694
0.727
0.7
0.807
0.787
0.843
0.852
0.823
0.688
0.761
0.893
0.823
0.764
0.779
0.752
0.776
0.863
0.784
0.775
0.714
0.821
0.79
0.698
0.716
0.772
0.687
0.711
0.795
0.801
0.763
0.781
0.736
0.731
0.828
0.785
0.757
0.706
0.757
0.821
0.784
0.817
0.773
0.751
0.779
0.811
0.793
0.77
0.757
0.766
0.762
0.717
0.733
0.75
0.759
0.719
0.796
0.809
0.847
0.751
0.794
0.77
0.673
0.706
0.825
0.743
0.789
0.884
0.862
0.798
0.622
0.652
0.736
0.681
0.809
0.859
0.778
0.722
0.717
0.725
0.625
0.683
0.767
0.88
0.86
0.86
0.723
0.731
0.768
0.746
0.683
0.724
0.833
0.792
0.725
0.653
0.767
0.852
0.812
0.86
0.835
0.772
0.764
0.725
0.603
0.604
0.723
0.707
0.833
0.756
0.652
0.744
0.625
0.501
0.713
0.754
0.817
0.727
0.643
0.585
0.603
0.759
0.723
0.717
0.733
0.851
0.738
0.734
0.77
0.767
0.606
0.689
0.827
0.849
0.797
0.618
0.484
0.544
0.762
0.741
0.833
0.847
0.752
0.721
0.888
0.894
0.973
0.821
0.776
0.772
0.728
0.839
0.806
0.801
0.708
0.807
0.911
0.869
0.827
0.849
0.835
0.859
0.927
0.864
0.779
0.869
0.736
0.761
0.813
0.777
0.829
0.922
0.904
0.895
0.779
0.773
0.883
0.785
0.893
0.914
0.93
0.911
0.952
0.969
0.903
0.949
0.904
0.886
0.976
0.938
0.809
0.794
0.827
0.749
0.791
0.851
0.861
0.83
0.741
0.932
0.89
0.888
0.913
0.904
0.885
0.907
0.844
0.908
0.971
0.949
0.88
0.92
0.915
0.953
0.961
0.957
0.846
0.839
0.872
0.839
0.916
0.933
0.767
0.811
0.885
0.784
0.741
0.842
0.752
0.865
0.9
0.901
0.866
0.916
0.96
0.886
0.829
0.889
0.83
0.724
0.609
0.807
0.839
0.672
0.75
0.829
0.792
0.676
0.745
0.887
0.975
0.775
0.799
0.705
0.656
0.48
0.659
0.876
0.871
0.964
0.885
0.889
0.912
0.569
0.605
0.686
0.714
0.725
0.677
0.783
0.814
0.634
0.608
0.644
0.714
0.684
0.873
0.823
0.639
0.764
0.885
0.801
0.803
0.77
0.664
0.935
0.786
0.759
0.894
0.8
0.732
0.634
0.601
0.783
0.695
0.763
0.94
0.921
0.6
0.481
0.486
0.665
0.957
0.873
0.856
0.748
0.628
0.714
0.59
0.536
0.723
0.915
0.816
0.87
0.729
0.554
0.503
0.609
0.71
0.866
0.737
0.803
0.822
0.682
0.534
0.704
0.854
0.583
0.876
0.649
0.596
0.494
0.437
0.523
0.604
0.711
0.695
0.805
0.867
0.877
0.889
0.836
0.699
0.606
0.73
0.872
0.844
0.747
0.689
0.558
0.578
0.803
0.814
0.808
0.941
0.841
0.688
0.676
0.676
0.745
0.86
0.873
0.813
0.838
0.785
0.765
0.727
0.629
0.63
0.777
0.737
0.696
0.739
0.807
0.8
0.871
0.848
0.811
0.802
0.779
0.74
0.722
0.784
0.722
0.825
0.8
0.7
0.658
0.63
0.836
0.746
0.78
0.758
0.718
0.784
0.846
0.87
0.831
0.817
0.841
0.812
0.791
0.875
0.783
0.794
0.782
0.781
0.717
0.82
0.829
0.675
0.659
0.755
0.856
0.884
0.837
0.789
0.812
0.787
0.725
0.676
0.71
0.821
0.792
0.838
0.762
0.766
0.779
0.753
0.674
0.782
0.83
0.865
0.828
0.752
0.677
0.664
0.657
0.74
0.795
0.74
0.758
0.887
0.882
0.866
0.83
0.743
0.738
0.701
0.708
0.758
0.787
0.774
0.677
0.699
0.76
0.885
0.846
0.813
0.742
0.726
0.844
0.792
0.713
0.753
0.744
0.602
0.805
0.698
0.751
0.688
0.705
0.773
0.713
0.948
0.799
0.654
0.695
0.766
0.79
0.889
0.907
0.771
0.635
0.652
0.725
0.706
0.735
0.944
0.939
0.809
0.702
0.713
0.873
0.803
0.909
0.881
0.654
0.687
0.767
0.614
0.682
0.621
0.689
0.814
0.72
0.785
0.765
0.782
0.793
0.776
0.756
0.809
0.793
0.832
0.915
0.823
0.864
0.866
0.845
0.871
0.867
0.811
0.823
0.773
0.838
0.843
0.743
0.81
0.902
0.712
0.683
0.662
0.778
0.806
0.896
0.788
0.729
0.668
0.791
0.934
0.91
0.721
0.74
0.729
0.887
0.815
0.848
0.855
0.797
0.89
0.887
0.849
0.75
0.849
0.722
0.803
0.916
0.871
0.748
0.808
0.853
0.887
0.908
0.897
0.888
0.832
0.888
0.886
0.89
0.91
0.927
0.942
0.941
0.963
0.956
0.949
0.897
0.871
0.944
0.94
0.945
0.961
0.794
0.737
0.756
0.603
0.674
0.768
0.853
0.876
0.937
0.884
0.899
0.888
0.879
0.813
0.896
0.905
0.876
0.93
0.894
0.926
0.93
0.913
0.921
0.931
0.933
0.928
0.863
0.945
0.943
0.934
0.877
0.874
0.939
0.947
0.945
0.909
0.921
0.899
0.888
0.866
0.824
0.758
0.721
0.771
0.802
0.972
0.987
0.968
0.916
0.682
0.496
0.521
0.659
0.705
0.874
0.915
0.871
0.615
0.642
0.702
0.714
0.865
0.891
0.784
0.573
0.585
0.564
0.531
0.636
0.509
0.607
0.721
0.873
0.781
0.65
0.695
0.501
0.841
0.737
0.499
0.712
0.69
0.741
0.684
0.567
0.529
0.652
0.791
0.829
0.969
0.932
0.755
0.638
0.518
0.618
0.682
0.792
0.766
0.619
0.551
0.678
0.73
0.836
0.684
0.564
0.807
0.913
0.894
0.826
0.748
0.756
0.891
0.945
0.868
0.633
0.592
0.737
0.793
0.781
0.766
0.73
0.688
0.716
0.716
0.595
0.615
0.811
0.686
0.804
0.789
0.799
0.853
0.702
0.671
0.866
0.774
0.728
0.751
0.793
0.83
0.921
0.844
0.847
0.772
0.757
0.759
0.71
0.797
0.739
0.787
0.731
0.694
0.807
0.895
0.74
0.594
0.586
0.593
0.603
0.653
0.729
0.701
0.68
0.661
0.808
0.731
0.687
0.763
0.779
0.794
0.75
0.794
0.79
0.841
0.814
0.77
0.846
0.79
0.809
0.786
0.812
0.689
0.681
0.79
0.802
0.646
0.666
0.766
0.786
0.824
0.858
0.844
0.759
0.702
0.737
0.713
0.734
0.809
0.831
0.87
0.811
0.782
0.766
0.696
0.687
0.648
0.723
0.805
0.839
0.824
0.848
0.81
0.729
0.612
0.637
0.655
0.611
0.538
0.549
0.59
0.627
0.684
0.564
0.513
0.577
0.631
0.619
0.671
0.727
0.781
0.657
0.68
0.684
0.763
0.837
0.653
0.798
0.741
0.575
0.62
0.629
0.598
0.692
0.744
0.875
0.949
0.805
0.765
0.725
0.762
0.899
0.833
0.749
0.755
0.709
0.6
0.65
0.698
0.562
0.758
0.711
0.77
0.611
0.686
0.666
0.637
0.582
0.582
0.656
0.602
0.55
0.546
0.705
0.797
0.674
0.644
0.705
0.608
0.677
0.727
0.681
0.671
0.678
0.755
0.766
0.563
0.574
0.742
0.845
0.812
0.733
0.734
0.704
0.65
0.712
0.85
0.781
0.722
0.833
0.815
0.862
0.873
0.753
0.864
0.807
0.817
0.797
0.751
0.915
0.866
0.722
0.734
0.703
0.763
0.763
0.747
0.789
0.723
0.83
0.866
0.872
0.884
0.849
0.817
0.881
0.895
0.888
0.887
0.894
0.844
0.841
0.861
0.833
0.89
0.877
0.868
0.921
0.935
0.93
0.936
0.955
0.681
0.705
0.769
0.65
0.791
0.778
0.817
0.873
0.785
0.865
0.867
0.804
0.812
0.87
0.742
0.797
0.944
0.92
0.836
0.799
0.765
0.766
0.812
0.931
0.932
0.894
0.905
0.912
0.891
0.839
0.908
0.925
0.889
0.913
0.914
0.95
0.949
0.839
0.859
0.92
0.908
0.869
0.906
0.918
0.841
0.839
0.77
0.865
0.742
0.759
0.936
0.854
0.94
0.926
0.908
0.894
0.916
0.914
0.849
0.828
0.729
0.873
0.965
0.887
0.899
0.894
0.951
0.972
0.885
0.868
0.881
0.885
0.914
0.892
0.713
0.8
0.788
0.836
0.878
0.886
0.953
0.814
0.657
0.63
0.678
0.677
0.678
0.791
0.871
0.753
0.766
0.868
0.997
0.819
0.782
0.912
0.936
0.913
0.826
0.87
0.829
0.682
0.521
0.874
0.895
0.798
0.853
0.917
0.942
0.82
0.856
0.857
0.825
0.939
0.808
0.798
0.84
0.793
0.673
0.826
0.766
0.891
0.782
0.637
0.677
0.642
0.759
0.797
0.839
0.886
0.795
0.79
0.83
0.982
0.934
0.941
0.955
0.881
0.863
0.755
0.672
0.725
0.753
0.899
0.8
0.901
0.848
0.855
0.738
0.668
0.756
0.734
0.706
0.692
0.783
0.675
0.687
0.683
0.751
0.853
0.86
0.821
0.698
0.721
0.748
0.813
0.824
0.857
0.869
0.891
0.847
0.826
0.847
0.876
0.818
0.756
0.764
0.851
0.787
0.676
0.665
0.709
0.776
0.711
0.723
0.671
0.748
0.82
0.74
0.695
0.773
0.78
0.768
0.745
0.744
0.786
0.77
0.83
0.859
0.832
0.793
0.746
0.752
0.81
0.801
0.761
0.723
0.78
0.792
0.756
0.709
0.789
0.831
0.863
0.859
0.846
0.845
0.841
0.866
0.808
0.78
0.692
0.653
0.695
0.801
0.812
0.746
0.686
0.727
0.765
0.733
0.784
0.714
0.66
0.802
0.815
0.797
0.81
0.803
0.66
0.647
0.714
0.744
0.66
0.615
0.716
0.829
0.853
0.921
0.893
0.861
0.807
0.744
0.765
0.803
0.833
0.788
0.657
0.737
0.754
0.833
0.877
0.892
0.826
0.904
0.846
0.85
0.869
0.8
0.752
0.827
0.886
0.892
0.759
0.767
0.763
0.745
0.79
0.78
0.707
0.641
0.601
0.691
0.716
0.914
0.8
0.71
0.786
0.719
0.756
0.949
0.953
0.848
0.704
0.674
0.784
0.77
0.818
0.905
0.751
0.655
0.695
0.696
0.812
0.708
0.76
0.813
0.689
0.656
0.82
0.791
0.839
0.76
0.74
0.706
0.744
0.928
0.879
0.833
0.645
0.581
0.657
0.861
0.844
0.903
0.885
0.864
0.84
0.824
0.935
0.936
0.965
0.867
0.858
0.87
0.831
0.828
0.972
0.925
0.879
0.801
0.821
0.713
0.716
0.727
0.794
0.915
0.973
0.77
0.803
0.861
0.88
0.926
0.964
0.936
0.858
0.772
0.845
0.858
0.88
0.857
0.838
0.937
0.937
0.917
0.714
0.635
0.707
0.887
0.882
0.894
0.792
0.764
0.879
0.871
0.976
0.82
0.78
0.654
0.795
0.967
0.665
0.718
0.653
0.867
0.919
0.955
0.842
0.853
0.931
0.941
0.869
0.795
0.82
0.86
0.926
0.835
0.743
0.904
0.926
0.884
0.892
0.833
0.797
0.818
0.858
0.805
0.887
0.898
0.912
0.899
0.905
0.804
0.699
0.829
0.85
0.883
0.914
0.946
0.823
0.746
0.783
0.778
0.915
0.884
0.882
0.887
0.834
0.785
0.71
0.792
0.941
0.746
0.652
0.682
0.693
0.852
0.659
0.743
0.845
0.81
0.73
0.785
0.75
0.71
0.706
0.747
0.884
0.929
0.826
0.632
0.798
0.82
0.839
0.9
0.839
0.873
0.831
0.831
0.771
0.73
0.612
0.603
0.739
0.751
0.734
0.659
0.588
0.735
0.864
0.808
0.738
0.711
0.638
0.615
0.85
0.82
0.684
0.671
0.669
0.895
0.673
0.661
0.733
0.762
0.85
0.851
0.701
0.779
0.948
0.88
0.897
0.856
0.7
0.726
0.524
0.518
0.71
0.816
0.61
0.636
0.745
0.748
0.721
0.518
0.543
0.805
0.799
0.753
0.742
0.776
0.786
0.668
0.748
0.645
0.754
0.876
0.714
0.688
0.728
0.761
0.68
0.611
0.574
0.543
0.554
0.715
0.821
0.687
0.707
0.771
0.678
0.746
0.72
0.692
0.626
0.658
0.773
0.729
0.61
0.677
0.633
0.593
0.618
0.635
0.637
0.682
0.752
0.688
0.66
0.687
0.687
0.661
0.798
0.737
0.655
0.674
0.689
0.703
0.768
0.749
0.684
0.598
0.745
0.832
0.875
0.764
0.64
0.688
0.758
0.657
0.696
0.789
0.822
0.718
0.636
0.581
0.741
0.574
0.534
0.714
0.796
0.658
0.617
0.697
0.811
0.8
0.878
0.712
0.67
0.773
0.719
0.714
0.757
0.635
0.568
0.609
0.601
0.61
0.574
0.606
0.635
0.628
0.769
0.804
0.752
0.69
0.613
0.776
0.891
0.895
0.882
0.86
0.766
0.733
0.783
0.657
0.591
0.605
0.642
0.678
0.754
0.65
0.599
0.627
0.828
0.612
0.61
0.615
0.818
0.737
0.622
0.686
0.86
0.847
0.818
0.644
0.682
0.756
0.897
0.884
0.73
0.846
0.806
0.724
0.666
0.678
0.728
0.617
0.684
0.689
0.863
0.823
0.732
0.675
0.765
0.684
0.847
0.766
0.703
0.767
0.722
0.63
0.861
0.863
0.848
0.845
0.92
0.914
0.805
0.738
0.785
0.759
0.742
0.724
0.754
0.782
0.772
0.747
0.721
0.791
0.66
0.632
0.765
0.755
0.791
0.797
0.766
0.692
0.717
0.693
0.805
0.71
0.667
0.742
0.669
0.68
0.721
0.739
0.839
0.897
0.905
0.966
0.825
0.769
0.863
0.962
0.916
0.915
0.726
0.711
0.713
0.755
0.789
0.886
0.877
0.881
0.815
0.829
0.862
0.784
0.789
0.859
0.917
0.905
0.889
0.906
0.902
0.89
0.871
0.875
0.824
0.881
0.876
0.923
0.924
0.882
0.883
0.881
0.897
0.933
0.903
0.964
0.837
0.689
0.724
0.785
0.613
0.75
0.749
0.551
0.625
0.739
0.766
0.702
0.825
0.762
0.941
0.952
0.921
0.853
0.642
0.772
0.778
0.811
0.907
0.869
0.889
0.924
0.904
0.882
0.899
0.833
0.845
0.849
0.868
0.562
0.644
0.652
0.849
0.612
0.707
0.91
0.923
0.867
0.851
0.942
0.978
0.947
0.903
0.858
0.735
0.725
0.786
0.911
0.892
0.835
0.771
0.735
0.832
0.921
0.772
0.644
0.718
0.897
0.751
0.883
0.831
0.707
0.694
0.775
0.786
0.808
0.898
0.882
0.84
0.762
0.642
0.477
0.581
0.725
0.57
0.585
0.475
0.652
0.654
0.711
0.695
0.779
0.914
0.956
0.922
0.879
0.785
0.786
0.808
0.851
0.906
0.807
0.7
0.63
0.728
0.477
0.862
0.782
0.651
0.439
0.707
0.852
0.75
0.651
0.574
0.519
0.65
0.725
0.737
0.776
0.813
0.637
0.613
0.86
0.726
0.606
0.581
0.637
0.555
0.763
0.863
0.849
0.724
0.683
0.659
0.821
0.796
0.686
0.62
0.727
0.789
0.784
0.652
0.629
0.79
0.812
0.801
0.667
0.779
0.893
0.877
0.798
0.826
0.908
0.834
0.724
0.84
0.797
0.694
0.721
0.702
0.734
0.796
0.745
0.681
0.632
0.695
0.671
0.743
0.752
0.797
0.831
0.796
0.803
0.874
0.913
0.832
0.724
0.832
0.801
0.864
0.793
0.777
0.852
0.809
0.823
0.843
0.887
0.789
0.766
0.75
0.75
0.825
0.841
0.781
0.804
0.828
0.823
0.777
0.681
0.785
0.789
0.75
0.678
0.739
0.828
0.78
0.813
0.693
0.65
0.725
0.84
0.805
0.812
0.7
0.789
0.751
0.686
0.651
0.597
0.613
0.711
0.744
0.696
0.593
0.634
0.68
0.685
0.699
0.591
0.532
0.615
0.739
0.843
0.705
0.665
0.77
0.709
0.698
0.571
0.652
0.602
0.53
0.669
0.721
0.582
0.525
0.598
0.722
0.631
0.533
0.717
0.66
0.654
0.674
0.677
0.77
0.691
0.82
0.729
0.749
0.76
0.773
0.754
0.774
0.836
0.694
0.659
0.67
0.798
0.763
0.833
0.844
0.703
0.648
0.686
0.785
0.79
0.753
0.766
0.793
0.761
0.779
0.74
0.785
0.669
0.655
0.667
0.642
0.656
0.69
0.656
0.698
0.703
0.73
0.746
0.927
0.85
0.852
0.763
0.646
0.684
0.758
0.838
0.628
0.623
0.703
0.712
0.701
0.688
0.613
0.622
0.803
0.934
0.79
0.657
0.656
0.678
0.932
0.773
0.603
0.663
0.737
0.795
0.648
0.658
0.751
0.826
0.872
0.885
0.878
0.874
0.718
0.711
0.786
0.906
0.836
0.847
0.822
0.875
0.902
0.918
0.84
0.924
0.91
0.891
0.949
0.98
0.99
0.878
0.678
0.72
0.866
0.872
0.813
0.854
0.786
0.749
0.863
0.924
0.845
0.807
0.914
1.014
0.908
0.888
0.925
0.95
0.995
0.946
0.892
0.959
0.827
0.771
0.906
0.856
0.89
0.922
0.855
0.817
0.836
0.815
0.868
0.821
0.9
0.805
0.864
0.798
0.822
0.902
0.924
0.898
0.895
0.909
0.873
0.848
0.884
0.879
0.776
0.729
0.861
0.922
0.883
0.849
0.862
0.85
0.895
0.903
0.899
0.891
0.828
0.857
0.881
0.84
0.777
0.788
0.68
0.793
0.879
0.791
0.84
0.801
0.859
0.907
0.872
0.899
0.89
0.913
0.933
0.843
0.83
0.899
0.768
0.828
0.881
0.944
0.901
0.828
0.824
0.737
0.495
0.656
0.59
0.67
0.872
0.909
0.81
0.559
0.672
0.756
0.847
0.989
0.792
0.55
0.761
0.852
0.722
0.68
0.79
0.507
0.65
0.764
0.9
0.566
0.617
0.563
0.771
0.701
0.447
0.67
0.755
0.579
0.783
0.755
0.77
0.851
0.841
0.916
0.857
0.878
0.833
0.767
0.698
0.816
0.795
0.767
0.686
0.691
0.526
0.643
0.67
0.782
0.873
0.813
0.702
0.585
0.533
0.508
0.684
0.654
0.684
0.608
0.499
0.542
0.662
0.787
0.863
0.797
0.643
0.667
0.653
0.824
0.844
0.796
0.678
0.662
0.741
0.827
0.749
0.78
0.743
0.764
0.702
0.728
0.631
0.643
0.688
0.776
0.846
0.809
0.74
0.757
0.73
0.772
0.793
0.82
0.752
0.774
0.785
0.79
0.781
0.781
0.69
0.604
0.695
0.822
0.843
0.767
0.766
0.776
0.705
0.79
0.708
0.683
0.694
0.599
0.589
0.824
0.843
0.804
0.763
0.66
0.724
0.59
0.574
0.755
0.758
0.684
0.734
0.609
0.543
0.692
0.739
0.643
0.597
0.782
0.699
0.647
0.709
0.752
0.875
0.855
0.749
0.643
0.589
0.634
0.819
0.839
0.725
0.63
0.605
0.721
0.827
0.812
0.711
0.575
0.663
0.694
0.662
0.688
0.762
0.785
0.705
0.654
0.568
0.547
0.699
0.588
0.627
0.677
0.705
0.804
0.738
0.764
0.614
0.65
0.775
0.588
0.614
0.698
0.63
0.703
0.719
0.642
0.695
0.661
0.773
0.774
0.721
0.593
0.676
0.793
0.663
0.717
0.81
0.691
0.657
0.794
0.737
0.632
0.716
0.659
0.676
0.773
0.828
0.881
0.859
0.809
0.83
0.687
0.723
0.856
0.799
0.776
0.671
0.728
0.698
0.628
0.755
0.673
0.725
0.74
0.833
0.708
0.576
0.701
0.83
0.791
0.835
0.72
0.743
0.688
0.735
0.809
0.726
0.715
0.646
0.649
0.871
0.861
0.842
0.809
0.742
0.899
0.866
0.968
0.744
0.732
0.803
0.704
0.681
0.922
0.868
0.688
0.838
0.734
0.834
0.911
0.848
0.669
0.867
0.864
0.736
0.866
0.898
0.91
0.867
0.923
0.85
0.761
0.832
0.792
0.757
0.791
0.926
0.974
0.885
0.862
0.914
0.916
0.665
0.609
0.601
0.585
0.646
0.848
0.967
0.745
0.796
0.809
0.853
0.847
0.811
0.816
0.914
0.903
0.913
0.928
0.901
0.887
0.944
0.949
0.94
0.941
0.908
0.932
0.957
0.944
0.878
0.897
0.907
0.847
0.848
0.811
0.919
0.915
0.913
0.921
0.798
0.905
0.9
0.914
0.949
0.918
0.959
0.888
0.777
0.855
0.794
0.865
0.896
0.801
0.841
0.732
0.872
0.899
0.785
0.883
0.848
0.849
0.753
0.682
0.884
0.856
0.866
0.92
0.729
0.777
0.931
0.949
0.926
0.879
0.896
0.807
0.847
0.909
0.833
0.761
0.834
0.682
0.678
0.806
0.724
0.657
0.664
0.722
0.875
0.863
0.781
0.575
0.636
0.767
0.724
0.709
0.644
0.918
0.752
0.691
0.599
0.963
0.943
0.883
0.893
0.724
0.543
0.631
0.619
0.453
0.775
0.764
0.481
0.747
0.948
0.726
0.748
0.692
0.626
0.753
0.805
0.836
0.754
0.599
0.783
0.745
0.522
0.469
0.552
0.754
0.89
0.717
0.578
0.572
0.609
0.62
0.804
0.752
0.705
0.769
0.76
0.769
0.698
0.741
0.778
0.661
0.679
0.525
0.442
0.681
0.748
0.751
0.731
0.734
0.711
0.948
0.842
0.805
0.834
0.769
0.674
0.836
0.751
0.778
0.745
0.713
0.721
0.706
0.837
0.779
0.751
0.829
0.785
0.847
0.875
0.8
0.794
0.735
0.867
0.768
0.729
0.832
0.904
0.877
0.798
0.788
0.809
0.811
0.767
0.759
0.723
0.779
0.824
0.867
0.902
0.857
0.766
0.786
0.843
0.837
0.839
0.738
0.818
0.831
0.846
0.822
0.82
0.738
0.676
0.737
0.783
0.827
0.769
0.762
0.776
0.806
0.78
0.751
0.794
0.841
0.768
0.767
0.712
0.736
0.776
0.813
0.823
0.81
0.769
0.773
0.864
0.836
0.749
0.815
0.848
0.823
0.813
0.731
0.634
0.725
0.794
0.765
0.835
0.78
0.746
0.767
0.851
0.776
0.774
0.817
0.803
0.78
0.805
0.773
0.715
0.76
0.809
0.677
0.713
0.79
0.728
0.689
0.672
0.655
0.675
0.751
0.822
0.743
0.665
0.733
0.756
0.788
0.793
0.777
0.727
0.852
0.904
0.823
0.745
0.765
0.836
0.872
0.824
0.855
0.751
0.698
0.825
0.737
0.712
0.732
0.799
0.751
0.673
0.715
0.695
0.684
0.568
0.571
0.576
0.685
0.793
0.818
0.767
0.666
0.705
0.944
0.791
0.801
0.727
0.842
0.695
0.603
0.591
0.717
0.802
0.7
0.625
0.662
0.871
0.82
0.847
0.713
0.687
0.734
0.709
0.668
0.712
0.866
0.589
0.61
0.813
0.685
0.859
0.767
0.737
0.887
0.897
0.822
0.854
0.892
0.893
0.795
0.801
0.817
0.736
0.832
0.853
0.879
0.911
0.811
0.801
0.885
0.76
0.88
0.834
0.853
0.725
0.632
0.647
0.798
0.914
0.94
0.873
0.611
0.889
0.961
0.898
0.921
0.896
0.833
0.774
0.759
0.829
0.653
0.625
0.609
0.627
0.76
0.957
0.956
0.783
0.845
0.853
0.936
0.948
0.924
0.75
0.707
0.688
0.705
0.831
0.835
0.774
0.832
0.836
0.908
0.812
0.808
0.822
0.744
0.87
0.932
0.821
0.965
0.863
0.684
0.744
0.699
0.862
0.9
0.754
0.672
0.698
0.706
0.646
0.884
0.932
0.869
0.764
0.781
0.787
0.82
0.846
0.85
0.953
0.907
0.744
0.807
0.867
0.86
0.893
0.766
0.685
0.855
0.835
0.867
0.803
0.714
0.732
0.956
0.897
0.712
0.797
0.946
0.926
0.852
0.711
0.669
0.788
0.639
0.696
0.796
0.818
0.94
0.89
0.8
0.818
0.916
0.778
0.636
0.957
0.922
0.782
0.646
0.868
0.606
0.68
0.917
0.746
0.781
0.64
0.941
0.708
0.731
0.816
0.836
0.608
0.526
0.5
0.562
0.735
0.661
0.781
0.83
0.63
0.702
0.792
0.87
0.872
0.904
0.864
0.923
0.954
0.817
0.678
0.829
0.712
0.575
0.684
0.753
0.885
0.909
0.82
0.816
0.851
0.721
0.691
0.817
0.772
0.61
0.634
0.83
0.648
0.634
0.492
0.522
0.677
0.715
0.618
0.653
0.656
0.627
0.736
0.707
0.642
0.698
0.857
0.718
0.721
0.66
0.651
0.565
0.712
0.701
0.662
0.715
0.778
0.75
0.806
0.558
0.464
0.752
0.792
0.698
0.846
0.766
0.61
0.656
0.795
0.774
0.675
0.606
0.694
0.673
0.647
0.755
0.806
0.731
0.779
0.726
0.763
0.743
0.724
0.732
0.775
0.784
0.777
0.788
0.763
0.824
0.766
0.741
0.663
0.78
0.765
0.707
0.787
0.789
0.701
0.759
0.786
0.807
0.794
0.799
0.773
0.732
0.745
0.671
0.685
0.607
0.646
0.687
0.585
0.748
0.757
0.796
0.857
0.834
0.841
0.848
0.813
0.766
0.794
0.801
0.722
0.649
0.69
0.867
0.795
0.741
0.786
0.784
0.677
0.714
0.78
0.722
0.701
0.712
0.646
0.68
0.688
0.8
0.804
0.83
0.734
0.628
0.677
0.827
0.697
0.698
0.844
0.813
0.752
0.691
0.663
0.629
0.703
0.751
0.649
0.701
0.62
0.749
0.831
0.908
0.843
0.709
0.77
0.779
0.721
0.7
0.654
0.676
0.687
0.674
0.642
0.705
0.766
0.63
0.716
0.834
0.833
0.823
0.765
0.832
0.87
0.736
0.758
0.772
0.707
0.742
0.886
0.815
0.791
0.847
0.764
0.724
0.693
0.782
0.767
0.754
0.809
0.667
0.754
0.81
0.736
0.769
0.715
0.737
0.758
0.73
0.787
0.75
0.721
0.804
0.742
0.773
0.733
0.679
0.865
0.852
0.812
0.777
0.757
0.869
0.789
0.789
0.797
0.783
0.747
0.843
0.855
0.819
0.705
0.778
0.717
0.806
0.886
0.904
0.919
0.894
0.859
0.894
0.893
0.839
0.873
0.855
0.874
0.907
0.902
0.935
0.991
0.913
0.78
0.861
0.809
0.705
0.824
0.912
0.971
0.867
0.726
0.715
0.61
0.638
0.748
0.85
0.915
0.986
0.797
0.755
0.773
0.793
0.957
0.95
0.905
0.922
0.877
0.851
1.001
0.94
0.892
0.891
0.849
0.768
0.787
0.662
0.838
0.904
0.731
0.722
0.696
0.671
0.866
0.958
0.932
0.691
0.682
0.834
0.912
0.715
0.734
0.813
0.66
0.688
0.78
0.78
0.759
0.766
0.807
0.846
0.806
0.822
0.581
0.668
0.732
0.961
0.733
0.587
0.537
0.677
0.824
0.94
0.683
0.697
0.591
0.499
0.494
0.61
0.801
0.679
0.651
0.681
0.94
0.866
0.778
0.842
0.633
0.57
0.865
0.888
0.988
0.887
0.865
0.825
0.907
0.969
0.827
0.599
0.671
0.937
0.889
0.963
0.796
0.691
0.499
0.677
0.686
0.764
0.691
0.837
0.571
0.731
0.625
0.531
0.708
0.787
0.852
0.779
0.596
0.634
0.894
0.784
0.722
0.779
0.921
0.882
0.773
0.834
0.777
0.833
0.969
0.826
0.733
0.676
0.668
0.817
0.86
0.867
0.72
0.737
0.73
0.579
0.689
0.809
0.772
0.89
0.846
0.782
0.637
0.845
0.924
0.827
0.824
0.822
0.743
0.767
0.759
0.75
0.658
0.664
0.696
0.764
0.786
0.793
0.684
0.691
0.777
0.735
0.684
0.714
0.734
0.73
0.664
0.604
0.772
0.768
0.756
0.731
0.704
0.871
0.807
0.697
0.651
0.679
0.685
0.799
0.788
0.816
0.767
0.765
0.786
0.797
0.801
0.826
0.809
0.678
0.791
0.807
0.887
0.851
0.837
0.81
0.775
0.803
0.811
0.815
0.762
0.813
0.741
0.809
0.796
0.773
0.745
0.776
0.822
0.714
0.726
0.68
0.717
0.746
0.777
0.776
0.776
0.747
0.759
0.695
0.754
0.719
0.793
0.834
0.789
0.737
0.797
0.807
0.854
0.858
0.834
0.765
0.754
0.81
0.742
0.634
0.606
0.607
0.662
0.831
0.788
0.798
0.796
0.702
0.733
0.774
0.751
0.821
0.718
0.739
0.728
0.687
0.642
0.727
0.762
0.835
0.858
0.778
0.716
0.701
0.712
0.79
0.753
0.707
0.684
0.592
0.601
0.663
0.609
0.65
0.686
0.605
0.673
0.56
0.599
0.579
0.748
0.816
0.847
0.825
0.79
0.874
0.849
0.886
0.884
0.798
0.746
0.821
0.71
0.599
0.666
0.699
0.637
0.633
0.684
0.768
0.846
0.802
0.688
0.698
0.869
0.841
0.784
0.681
0.653
0.886
0.857
0.797
0.934
0.901
0.737
0.731
0.714
0.672
0.586
0.634
0.792
0.753
0.805
0.883
0.771
0.912
0.885
0.709
0.727
0.745
0.693
0.74
0.8
0.757
0.836
0.775
0.764
0.814
0.851
0.818
0.85
0.758
0.811
0.61
0.659
0.631
0.646
0.775
0.72
0.784
0.697
0.846
0.851
0.859
0.875
0.93
0.909
0.824
0.763
0.892
0.901
0.832
0.84
0.768
0.755
0.674
0.778
0.829
0.829
0.846
0.859
0.869
0.831
0.745
0.745
0.753
0.896
0.959
0.955
0.983
1.016
0.737
0.599
0.826
0.841
0.821
0.876
0.9
0.9
0.94
0.934
0.959
0.844
0.74
0.732
0.835
0.893
0.908
0.611
0.634
0.815
0.538
0.58
0.763
0.834
0.824
0.855
0.767
0.893
0.936
0.937
0.879
0.903
0.904
0.97
0.938
0.789
0.849
0.949
0.917
0.963
0.895
0.924
0.949
0.918
0.721
0.618
0.725
0.96
0.818
0.731
0.746
0.724
0.827
0.88
0.663
0.694
0.592
0.612
0.678
0.726
0.669
0.738
0.624
0.668
0.669
0.655
0.735
0.744
0.689
0.692
0.691
0.668
0.687
0.878
0.936
0.93
0.876
0.805
0.803
0.619
0.908
0.909
0.648
0.776
0.602
0.575
0.588
0.718
0.73
0.822
0.71
0.869
0.946
0.899
0.786
0.755
0.815
0.69
0.508
0.608
0.725
0.797
0.901
0.763
0.571
0.828
0.66
0.579
0.571
0.674
0.78
0.841
0.665
0.649
0.739
0.574
0.563
0.783
0.824
0.92
0.929
0.885
0.786
0.797
0.739
0.869
0.842
0.816
0.827
0.841
0.797
0.66
0.542
0.594
0.709
0.626
0.63
0.797
0.838
0.739
0.886
0.858
0.775
0.798
0.739
0.696
0.689
0.789
0.934
0.899
0.816
0.802
0.674
0.573
0.612
0.683
0.694
0.835
0.864
0.83
0.889
0.922
0.887
0.853
0.812
0.852
0.823
0.687
0.718
0.699
0.795
0.73
0.793
0.683
0.764
0.631
0.704
0.73
0.77
0.73
0.644
0.695
0.683
0.715
0.74
0.794
0.681
0.636
0.765
0.81
0.838
0.885
0.811
0.767
0.795
0.771
0.733
0.697
0.707
0.815
0.842
0.78
0.767
0.741
0.736
0.763
0.795
0.823
0.841
0.837
0.759
0.716
0.707
0.792
0.87
0.834
0.85
0.823
0.764
0.793
0.845
0.78
0.708
0.708
0.776
0.863
0.839
0.803
0.817
0.841
0.83
0.762
0.753
0.776
0.74
0.665
0.811
0.763
0.759
0.908
0.925
0.834
0.801
0.875
0.839
0.823
0.823
0.778
0.764
0.766
0.796
0.764
0.756
0.654
0.827
0.903
0.815
0.643
0.7
0.711
0.705
0.74
0.783
0.808
0.855
0.841
0.855
0.901
0.831
0.672
0.718
0.879
0.806
0.785
0.648
0.817
0.658
0.739
0.666
0.68
0.755
0.715
0.683
0.762
0.699
0.629
0.744
0.932
0.932
0.824
0.729
0.867
0.93
0.924
0.803
0.722
0.826
0.855
0.733
0.699
0.813
0.758
0.687
0.706
0.785
0.699
0.779
0.904
0.887
0.836
0.913
0.85
0.765
0.667
0.735
0.89
0.911
0.937
0.762
0.772
0.751
0.888
0.936
0.94
0.868
0.756
0.734
0.766
0.615
0.593
0.665
0.84
0.825
0.837
0.855
0.828
0.889
0.9
0.871
0.819
0.792
0.888
0.976
0.887
0.849
0.761
0.677
0.789
0.828
0.939
0.843
0.772
0.867
0.962
0.897
0.811
0.803
0.798
0.885
0.824
0.961
0.742
0.611
0.672
0.718
0.857
0.856
0.9
0.868
0.81
0.898
0.836
0.885
0.794
0.799
0.914
0.913
0.787
0.75
0.829
0.856
0.864
0.82
0.888
0.848
0.966
0.896
0.895
0.951
0.948
0.989
0.862
0.567
0.735
0.923
0.968
0.801
0.802
0.87
0.752
0.836
0.858
0.708
0.888
0.91
0.827
0.887
0.929
0.665
0.565
0.758
0.699
0.76
0.84
0.791
0.674
0.581
0.604
0.629
0.655
0.786
0.921
0.822
0.754
0.694
0.791
0.927
0.827
0.674
0.66
0.549
0.505
0.843
0.846
0.672
0.652
0.752
0.615
0.54
0.655
0.872
0.984
0.79
0.601
0.653
0.732
0.596
0.88
0.848
0.732
0.737
0.623
0.683
0.829
0.873
0.743
0.807
0.835
0.729
0.876
0.758
0.946
0.956
0.81
0.6
0.655
0.788
0.687
0.928
0.785
0.824
0.813
0.94
0.872
0.876
0.892
0.929
0.781
0.604
0.743
0.881
0.846
0.835
0.775
0.915
0.92
0.749
0.625
0.636
0.799
0.894
0.71
0.886
0.804
0.772
0.811
0.809
0.778
0.769
0.834
0.843
0.825
0.821
0.718
0.663
0.811
0.68
0.662
0.715
0.848
0.832
0.866
0.887
0.875
0.748
0.575
0.833
0.822
0.85
0.954
0.95
0.927
0.825
0.87
0.809
0.771
0.727
0.713
0.79
0.725
0.628
0.669
0.724
0.745
0.701
0.748
0.779
0.747
0.726
0.761
0.856
0.79
0.809
0.783
0.742
0.799
0.762
0.749
0.691
0.79
0.843
0.803
0.809
0.767
0.8
0.836
0.755
0.726
0.676
0.708
0.729
0.788
0.8
0.834
0.795
0.852
0.81
0.726
0.77
0.724
0.783
0.812
0.817
0.811
0.786
0.667
0.773
0.822
0.811
0.828
0.821
0.771
0.774
0.834
0.776
0.81
0.862
0.751
0.741
0.727
0.812
0.909
0.821
0.817
0.849
0.779
0.813
0.874
0.819
0.86
0.751
0.77
0.875
0.817
0.793
0.767
0.76
0.833
0.828
0.837
0.741
0.76
0.882
0.814
0.778
0.799
0.756
0.674
0.775
0.765
0.74
0.735
0.654
0.824
0.902
0.87
0.73
0.803
0.899
0.837
0.762
0.776
0.648
0.661
0.732
0.772
0.77
0.815
0.618
0.691
0.663
0.819
0.815
0.723
0.714
0.677
0.762
0.768
0.632
0.664
0.73
0.85
0.871
0.757
0.816
0.927
0.942
0.822
0.729
0.706
0.686
0.759
0.651
0.759
0.637
0.551
0.729
0.867
0.831
0.731
0.844
0.894
0.855
0.73
0.792
0.878
0.867
0.843
0.861
0.781
0.838
0.87
0.867
0.877
0.825
0.833
0.778
0.857
0.879
0.852
0.845
0.792
0.78
0.71
0.717
0.94
0.883
0.614
0.631
0.703
0.863
0.808
0.728
0.8
0.8
0.724
0.859
0.825
0.873
0.851
0.903
0.829
0.871
0.922
0.899
0.966
0.946
0.843
0.878
0.848
0.94
0.93
0.808
0.806
0.724
0.743
0.616
0.868
0.992
0.96
0.884
0.904
0.895
0.849
0.618
0.865
0.895
0.859
0.892
0.874
0.756
0.881
0.95
0.926
0.928
0.901
0.801
0.809
0.783
0.88
0.884
0.898
0.911
0.749
0.931
0.886
0.818
0.814
0.915
0.905
0.801
0.849
0.729
0.698
0.861
0.904
0.928
0.814
0.7
0.604
0.664
0.734
0.87
0.956
0.942
0.761
0.646
0.743
0.832
0.885
0.908
0.897
0.753
0.833
0.761
0.66
0.75
0.878
0.805
0.794
0.844
0.743
0.791
0.773
0.77
0.724
0.937
1
0.721
0.707
0.889
0.779
0.828
0.671
0.914
0.964
0.919
0.868
0.933
0.883
0.702
0.549
0.622
0.843
0.693
0.718
0.811
0.767
0.689
0.668
0.647
0.878
0.579
0.643
0.598
0.716
0.803
0.775
0.678
0.729
0.675
0.855
0.887
0.74
0.888
0.607
0.708
0.806
0.852
0.816
0.604
0.69
0.678
0.76
0.658
0.666
0.738
0.606
0.718
0.843
0.733
0.713
0.782
0.758
0.837
0.885
0.951
0.938
0.766
0.795
0.9
0.866
0.771
0.701
0.654
0.662
0.784
0.84
0.802
0.662
0.596
0.734
0.782
0.647
0.636
0.664
0.73
0.71
0.727
0.788
0.784
0.702
0.709
0.628
0.765
0.782
0.671
0.63
0.629
0.592
0.594
0.645
0.754
0.767
0.74
0.738
0.855
0.84
0.762
0.726
0.769
0.64
0.615
0.727
0.654
0.679
0.626
0.702
0.654
0.672
0.789
0.783
0.769
0.73
0.72
0.758
0.784
0.664
0.777
0.816
0.816
0.828
0.798
0.815
0.765
0.73
0.822
0.792
0.716
0.775
0.75
0.807
0.903
0.784
0.777
0.706
0.606
0.664
0.661
0.708
0.718
0.735
0.735
0.738
0.824
0.804
0.762
0.707
0.669
0.623
0.575
0.576
0.524
0.577
0.581
0.617
0.599
0.715
0.656
0.83
0.707
0.709
0.777
0.802
0.702
0.654
0.63
0.722
0.773
0.817
0.882
0.887
0.838
0.797
0.844
0.753
0.624
0.665
0.715
0.683
0.59
0.567
0.587
0.583
0.635
0.618
0.602
0.687
0.695
0.76
0.769
0.666
0.715
0.691
0.531
0.707
0.762
0.669
0.699
0.661
0.531
0.689
0.815
0.876
0.762
0.639
0.738
0.645
0.511
0.54
0.868
0.893
0.879
0.87
0.835
0.844
0.769
0.827
0.752
0.796
0.829
0.821
0.644
0.756
0.664
0.691
0.762
0.722
0.714
0.677
0.545
0.551
0.641
0.82
0.801
0.781
0.737
0.817
0.665
0.689
0.619
0.606
0.692
0.768
0.863
0.834
0.661
0.84
0.952
0.905
0.829
0.723
0.842
0.806
0.839
0.745
0.815
0.832
0.761
0.803
0.703
0.824
0.854
0.834
0.947
0.871
0.775
0.623
0.724
0.889
0.864
0.831
0.901
0.91
0.882
0.781
0.809
0.733
0.768
0.836
0.872
0.701
0.846
0.883
