1980 1 1
0.941
0.958
0.925
0.895
0.926
0.919
0.88
0.876
0.885
0.958
0.948
0.732
0.86
0.865
0.912
0.942
0.919
0.884
0.856
0.804
0.738
0.829
0.837
0.83
0.961
0.876
0.863
0.869
0.848
0.779
0.814
0.825
0.759
0.736
0.815
0.769
0.891
0.891
0.813
0.883
0.873
0.935
0.854
0.831
0.882
0.898
0.907
0.755
0.849
0.873
0.903
0.995
0.986
0.945
0.836
0.871
0.821
0.873
0.852
0.789
0.763
0.75
0.853
0.862
0.959
0.818
0.868
0.973
0.931
0.868
0.595
0.499
0.851
0.855
0.819
0.826
0.939
0.803
0.653
0.849
0.948
0.718
0.736
0.922
0.846
0.768
0.743
0.822
0.956
0.906
0.929
0.894
0.888
0.868
0.952
0.74
0.667
0.734
0.829
0.822
0.878
0.797
0.865
0.711
0.912
0.839
0.752
0.624
0.651
0.668
0.643
0.603
0.549
0.698
0.71
0.804
0.697
0.724
0.865
0.779
0.729
0.706
0.662
0.595
0.529
0.556
0.596
0.621
0.677
0.707
0.635
0.745
0.865
0.806
0.807
0.698
0.665
0.944
0.857
0.771
0.72
0.686
0.614
0.622
0.758
0.702
0.661
0.553
0.531
0.63
0.755
0.75
0.873
0.834
0.805
0.753
0.668
0.769
0.754
0.823
0.72
0.686
0.638
0.606
0.631
0.755
0.773
0.791
0.7
0.679
0.712
0.755
0.702
0.639
0.66
0.735
0.721
0.717
0.741
0.776
0.758
0.754
0.712
0.749
0.755
0.83
0.856
0.796
0.719
0.818
0.773
0.782
0.756
0.793
0.78
0.721
0.796
0.797
0.784
0.767
0.746
0.738
0.772
0.836
0.822
0.749
0.747
0.746
0.786
0.882
0.847
0.774
0.803
0.852
0.864
0.867
0.8
0.855
0.818
0.833
0.854
0.819
0.862
0.861
0.854
0.837
0.844
0.88
0.815
0.909
0.914
0.846
0.864
0.878
0.857
0.801
0.779
0.784
0.76
0.783
0.796
0.8
0.815
0.864
0.861
0.84
0.782
0.839
0.798
0.752
0.725
0.754
0.82
0.829
0.793
0.8
0.855
0.853
0.888
0.915
0.937
0.758
0.767
0.801
0.824
0.845
0.829
0.687
0.738
0.775
0.683
0.732
0.711
0.673
0.789
0.772
0.739
0.774
0.722
0.655
0.722
0.671
0.752
0.728
0.764
0.79
0.72
0.686
0.663
0.719
0.872
0.782
0.757
0.714
0.654
0.707
0.689
0.775
0.843
0.736
0.642
0.782
0.611
0.622
0.661
0.699
0.605
0.609
0.706
0.686
0.571
0.675
0.797
0.7
0.667
0.659
0.694
0.541
0.687
0.815
0.758
0.799
0.872
0.846
0.841
0.823
0.763
0.811
0.967
0.76
0.684
0.897
0.95
0.911
0.887
0.864
0.86
0.769
0.833
0.878
0.885
0.959
0.985
0.907
0.837
0.721
0.909
0.879
0.706
0.844
0.931
0.858
0.911
0.821
0.705
0.823
0.857
0.873
0.936
0.762
0.915
0.868
0.876
0.922
0.998
1.004
0.987
0.9
0.883
0.757
0.908
0.965
0.916
0.836
0.836
0.858
0.851
0.878
0.935
0.904
0.941
0.945
0.901
0.979
1.041
0.997
0.998
1.01
1.008
1.003
0.962
0.931
0.951
0.917
0.838
0.757
0.824
0.944
0.949
0.751
0.815
0.861
0.939
0.929
0.922
0.878
0.939
1.035
0.794
0.907
0.844
0.845
0.925
0.967
0.977
0.858
0.909
0.861
0.902
0.878
0.837
0.774
0.724
0.762
0.798
0.817
0.763
0.515
0.793
0.911
0.833
0.806
0.879
0.842
0.783
0.736
0.69
0.721
0.538
0.647
0.778
0.687
0.605
0.761
0.906
0.871
0.708
0.785
0.623
0.622
0.656
0.777
0.642
0.697
0.77
0.675
0.557
0.61
0.518
0.797
0.845
0.574
0.543
0.619
0.725
0.772
0.824
0.895
0.927
0.842
0.643
0.629
0.793
0.727
0.69
0.796
0.629
0.828
0.826
0.84
0.73
0.684
0.685
0.736
0.825
0.756
0.701
0.635
0.599
0.601
0.747
0.862
0.697
0.614
0.745
0.915
0.939
0.766
0.654
0.841
0.96
0.749
0.659
0.661
0.635
0.535
0.48
0.555
0.608
0.654
0.721
0.725
0.779
0.915
0.768
0.78
0.702
0.622
0.791
0.768
0.782
0.74
0.715
0.644
0.701
0.801
0.856
0.713
0.8
0.898
0.834
0.794
0.785
0.757
0.673
0.725
0.737
0.791
0.812
0.768
0.807
0.79
0.711
0.612
0.656
0.753
0.767
0.797
0.804
0.79
0.805
0.816
0.736
0.693
0.79
0.822
0.717
0.602
0.669
0.814
0.759
0.759
0.755
0.745
0.693
0.796
0.9
0.877
0.809
0.687
0.773
0.757
0.801
0.91
0.885
0.854
0.707
0.702
0.785
0.779
0.806
0.819
0.823
0.813
0.829
0.87
0.861
0.851
0.845
0.831
0.838
0.854
0.885
0.838
0.765
0.692
0.751
0.778
0.72
0.714
0.728
0.792
0.779
0.753
0.822
0.848
0.835
0.867
0.847
0.845
0.859
0.922
0.949
0.906
0.856
0.798
0.829
0.78
0.796
0.867
0.817
0.816
0.835
0.871
0.866
0.925
0.894
0.821
0.81
0.829
0.876
0.794
0.697
0.705
0.766
0.788
0.759
0.803
0.895
0.841
0.797
0.741
0.743
0.787
0.821
0.762
0.751
0.719
0.772
0.777
0.766
0.734
0.644
0.768
0.787
0.623
0.801
0.739
0.645
0.768
0.947
0.845
0.669
0.655
0.902
0.984
0.87
0.837
0.822
0.775
0.748
0.8
0.81
0.68
0.734
0.807
0.718
0.758
0.732
0.688
0.776
0.775
0.75
0.676
0.677
0.697
0.775
0.851
0.805
0.916
0.818
0.809
0.884
0.9
0.893
0.855
0.875
0.816
0.792
0.724
0.903
0.874
0.767
0.875
0.829
0.823
0.854
0.912
0.576
0.733
0.915
0.892
0.891
0.898
0.93
0.887
0.948
0.871
0.886
0.891
0.947
0.993
0.998
0.954
0.959
0.94
0.965
0.988
0.973
0.959
0.86
0.978
0.918
0.938
0.952
0.874
0.858
0.892
0.85
0.857
0.716
0.821
0.864
0.916
0.921
0.888
0.96
0.766
0.877
0.897
0.942
0.929
0.958
0.984
0.774
0.896
0.918
0.906
0.902
0.923
0.959
0.981
0.916
0.989
0.956
0.909
0.947
0.896
0.979
0.943
0.908
0.938
0.879
0.951
0.913
0.945
0.943
1.006
0.987
0.967
0.969
0.986
0.996
0.895
0.874
0.921
0.836
0.797
0.799
0.884
0.834
0.908
0.867
1.069
0.931
0.923
0.928
0.824
0.824
0.874
0.96
0.926
0.77
0.693
0.793
0.923
0.881
0.811
0.864
0.916
0.874
0.806
0.725
0.72
0.843
0.819
0.706
0.707
0.671
0.799
0.842
0.688
0.656
0.82
0.786
0.863
0.887
0.812
0.821
0.882
0.903
0.85
0.807
0.781
0.765
0.702
0.755
0.82
0.649
0.538
0.846
0.661
0.55
0.55
0.571
0.521
0.689
0.733
0.647
0.547
0.558
0.628
0.561
0.574
0.511
0.549
0.589
0.771
0.772
0.639
0.606
0.637
0.629
0.591
0.653
0.639
0.624
0.608
0.637
0.68
0.734
0.854
0.87
0.818
0.79
0.781
0.802
0.832
0.792
0.817
0.808
0.801
0.847
0.724
0.787
0.85
0.918
0.854
0.765
0.753
0.776
0.782
0.681
0.667
0.712
0.65
0.796
0.928
0.807
0.701
0.848
0.796
0.774
0.749
0.74
0.628
0.668
0.72
0.772
0.776
0.802
0.759
0.719
0.691
0.928
0.85
0.79
0.79
0.792
0.78
0.764
0.749
0.824
0.792
0.72
0.712
0.718
0.739
0.792
0.821
0.819
0.767
0.71
0.758
0.792
0.718
0.715
0.769
0.79
0.816
0.725
0.681
0.763
0.787
0.815
0.789
0.83
0.807
0.863
0.841
0.834
0.83
0.817
0.788
0.67
0.661
0.691
0.723
0.723
0.758
0.742
0.732
0.858
0.771
0.728
0.847
0.795
0.804
0.744
0.797
0.759
0.676
0.751
0.837
0.853
0.819
0.77
0.693
0.619
0.8
0.854
0.737
0.671
0.681
0.744
0.687
0.713
0.781
0.779
0.737
0.683
0.721
0.581
0.617
0.698
0.882
0.835
0.807
0.817
0.783
0.914
0.821
0.755
0.707
0.671
0.697
0.666
0.669
0.695
0.686
0.707
0.658
0.737
0.772
0.658
0.66
0.582
0.652
0.643
0.629
0.572
0.502
0.497
0.677
0.617
0.615
0.607
0.629
0.65
0.553
0.46
0.491
0.522
0.63
0.856
0.867
0.778
0.844
0.683
0.604
0.705
0.659
0.649
0.824
0.747
0.829
0.843
0.766
0.672
0.761
0.692
0.699
0.796
0.836
0.924
0.931
0.825
0.965
0.849
0.663
0.819
0.857
0.939
0.952
0.875
0.848
0.723
0.693
0.747
0.916
0.771
0.762
0.772
0.719
0.865
0.912
0.848
0.872
0.879
0.946
0.961
0.834
0.774
0.947
0.903
0.897
0.911
0.926
0.901
0.843
0.858
0.973
0.921
0.709
0.534
0.694
0.783
0.869
0.742
0.671
0.745
0.805
0.854
0.765
0.772
0.919
0.893
0.811
0.866
0.881
0.95
0.929
0.896
0.872
0.899
0.945
0.894
0.935
0.992
0.975
0.929
0.892
0.865
0.908
0.959
0.98
0.94
0.914
0.997
0.979
0.865
0.901
0.883
0.949
0.867
0.885
0.887
0.915
0.919
0.875
0.922
0.958
0.919
0.913
0.842
0.798
0.746
0.725
0.783
0.823
0.79
0.827
0.759
0.765
0.634
0.597
0.587
0.682
0.762
0.753
0.832
0.819
0.722
0.862
0.808
0.879
0.834
0.774
0.771
0.77
0.781
0.793
0.898
0.97
0.847
0.944
0.835
0.867
0.803
0.834
0.86
0.9
0.903
0.802
0.599
0.691
0.747
0.935
0.864
0.844
0.802
0.894
0.889
0.831
0.935
0.858
0.862
0.788
0.905
0.882
0.845
0.774
0.807
0.738
0.744
0.698
0.694
0.652
0.624
0.726
0.672
0.624
0.643
0.792
0.861
0.953
0.964
0.836
0.917
0.796
0.749
0.701
0.702
0.842
0.678
0.65
0.562
0.586
0.705
0.806
0.913
0.737
0.626
0.673
0.852
0.768
0.809
0.841
0.812
0.759
0.744
0.784
0.659
0.727
0.842
0.742
0.73
0.721
0.669
0.862
0.852
0.755
0.843
0.735
0.679
0.628
0.621
0.587
0.601
0.597
0.617
0.636
0.692
0.636
0.648
0.821
0.797
0.722
0.72
0.715
0.663
0.639
0.631
0.712
0.861
0.911
0.858
0.813
0.779
0.773
0.808
0.786
0.756
0.666
0.72
0.77
0.754
0.721
0.778
0.72
0.658
0.762
0.767
0.816
0.838
0.819
0.774
0.788
0.771
0.79
0.812
0.766
0.68
0.64
0.755
0.814
0.808
0.801
0.823
0.82
0.766
0.794
0.817
0.779
0.747
0.772
0.793
0.849
0.823
0.826
0.693
0.709
0.705
0.725
0.791
0.834
0.757
0.79
0.754
0.783
0.806
0.771
0.744
0.755
0.759
0.788
0.736
0.763
0.801
0.788
0.695
0.67
0.7
0.754
0.761
0.735
0.648
0.617
0.633
0.674
0.722
0.767
0.658
0.582
0.805
0.776
0.662
0.649
0.733
0.888
0.689
0.683
0.614
0.59
0.732
0.685
0.602
0.694
0.711
0.818
0.63
0.589
0.78
0.864
0.675
0.595
0.709
0.839
0.775
0.727
0.881
0.97
0.711
0.698
0.684
0.719
0.759
0.73
0.786
0.845
0.9
0.951
0.943
0.858
0.796
0.739
0.712
0.738
0.654
0.71
0.863
0.836
0.922
0.704
0.767
0.721
0.722
0.646
0.596
0.852
0.965
0.787
0.767
0.787
0.899
0.901
0.816
0.789
0.805
0.866
0.814
0.792
0.907
0.84
0.675
0.757
0.82
0.913
0.744
0.782
0.804
0.906
0.933
0.979
0.971
0.943
0.831
0.902
0.929
0.932
0.927
0.936
0.951
0.975
0.829
0.838
0.824
0.841
0.863
0.861
0.929
0.987
0.843
0.813
0.788
0.84
0.912
0.961
0.945
0.872
0.921
0.868
0.912
0.986
0.988
1.019
0.986
0.941
0.916
0.926
0.919
0.836
0.844
0.944
0.921
0.889
0.896
0.9
0.892
0.877
0.826
0.834
0.874
0.837
0.965
1.003
0.976
0.939
0.92
0.951
0.957
0.858
0.922
0.953
0.933
0.941
0.948
0.868
0.851
0.926
0.975
0.899
0.976
0.977
0.938
0.878
0.733
0.843
0.916
0.905
0.836
0.813
0.766
0.675
0.659
0.756
0.808
0.76
0.873
0.94
0.834
0.814
0.871
0.868
0.826
0.965
0.903
0.865
0.87
0.852
0.841
0.847
0.857
0.967
0.952
0.944
0.901
0.803
0.889
0.888
0.979
0.927
0.894
0.816
0.761
0.831
0.764
0.838
0.905
0.855
0.801
0.724
0.639
0.684
0.759
0.95
0.961
0.92
0.765
0.672
0.714
0.697
0.63
0.736
0.802
0.783
0.82
0.821
0.902
0.874
0.811
0.762
0.719
0.855
0.933
0.92
0.788
0.669
0.735
0.713
0.594
0.739
0.699
0.682
0.868
0.941
0.849
0.725
0.815
0.845
0.806
0.803
0.767
0.735
0.822
0.781
0.721
0.623
0.587
0.687
0.77
0.908
0.938
0.822
0.788
0.714
0.841
0.827
0.784
0.916
0.925
0.812
0.691
0.682
0.67
0.719
0.603
0.677
0.745
0.713
0.733
0.701
0.679
0.693
0.635
0.71
0.725
0.753
0.763
0.787
0.769
0.758
0.743
0.747
0.71
0.811
0.757
0.681
0.632
0.736
0.736
0.699
0.774
0.764
0.688
0.74
0.79
0.811
0.805
0.75
0.667
0.791
0.818
0.798
0.787
0.725
0.732
0.762
0.775
0.744
0.806
0.737
0.744
0.763
0.716
0.678
0.818
0.798
0.905
0.852
0.714
0.686
0.687
0.733
0.849
0.863
0.864
0.818
0.846
0.869
0.885
0.843
0.847
0.788
0.815
0.843
0.796
0.769
0.815
0.804
0.757
0.784
0.839
0.774
0.735
0.848
0.829
0.791
0.699
0.73
0.77
0.785
0.853
0.872
0.741
0.83
0.815
0.871
0.784
0.721
0.659
0.811
0.745
0.774
0.862
0.817
0.765
0.82
0.885
0.875
0.735
0.639
0.622
0.709
0.735
0.749
0.719
0.799
0.87
0.825
0.833
0.736
0.773
0.756
0.74
0.728
0.601
0.609
0.65
0.639
0.767
0.88
0.835
0.781
0.797
0.806
0.801
0.763
0.875
0.818
0.762
0.765
0.699
0.787
0.635
0.8
0.83
0.739
0.645
0.745
0.848
0.729
0.787
0.726
0.732
0.841
0.831
0.765
0.607
0.871
0.845
0.728
0.622
0.615
0.836
0.918
0.963
0.844
0.838
0.744
0.799
0.669
0.628
0.639
0.756
0.525
0.629
0.646
0.698
0.772
0.73
0.633
0.587
0.871
0.669
0.758
0.837
0.728
0.751
0.6
0.569
0.919
0.848
0.964
0.962
0.938
0.952
0.991
0.958
0.912
0.918
0.856
0.827
0.835
0.841
0.817
0.936
0.897
0.628
0.855
0.801
0.781
0.917
0.998
0.843
0.92
0.941
0.978
0.74
0.672
0.748
0.83
0.86
0.934
0.89
0.875
0.901
0.907
0.916
0.918
0.971
0.808
0.896
0.938
0.949
0.936
0.785
0.858
0.913
0.968
0.97
0.931
0.876
0.942
0.889
0.834
0.856
0.933
0.891
0.841
0.854
0.864
0.933
0.926
0.89
0.866
0.92
0.893
0.976
0.988
0.946
0.892
0.892
1.006
0.95
0.953
0.93
0.889
0.853
0.927
0.892
0.849
0.86
0.804
0.834
0.693
0.686
0.84
0.671
0.962
0.797
0.64
0.767
0.846
0.756
0.688
0.846
0.926
0.775
0.761
0.706
0.609
0.744
0.536
0.625
0.747
0.558
0.734
0.931
0.827
0.733
0.581
0.792
0.889
0.788
0.897
0.956
0.769
0.767
0.719
0.799
0.815
0.861
0.718
0.724
0.684
0.696
0.784
0.754
0.726
0.683
0.706
0.692
0.649
0.715
0.694
0.635
0.604
0.547
0.502
0.647
0.672
0.568
0.636
0.672
0.593
0.514
0.695
0.791
0.62
0.539
0.655
0.759
0.715
0.611
0.571
0.617
0.713
0.685
0.656
0.598
0.727
0.724
0.889
0.736
0.722
0.674
0.772
0.635
0.671
0.58
0.495
0.707
0.732
0.855
0.69
0.731
0.723
0.667
0.723
0.735
0.721
0.814
0.644
0.656
0.729
0.719
0.672
0.779
0.873
0.739
0.667
0.82
0.826
0.79
0.738
0.703
0.707
0.674
0.724
0.698
0.71
0.609
0.61
0.675
0.694
0.629
0.686
0.797
0.787
0.749
0.681
0.753
0.785
0.777
0.747
0.704
0.682
0.73
0.703
0.692
0.821
0.801
0.75
0.707
0.687
0.72
0.796
0.783
0.783
0.689
0.715
0.763
0.806
0.698
0.654
0.706
0.731
0.874
0.856
0.75
0.689
0.683
0.811
0.871
0.851
0.787
0.682
0.754
0.82
0.793
0.841
0.813
0.845
0.851
0.813
0.835
0.822
0.825
0.795
0.783
0.801
0.924
0.846
0.823
0.814
0.799
0.787
0.832
0.834
0.816
0.812
0.789
0.807
0.822
0.827
0.799
0.804
0.835
0.815
0.805
0.732
0.769
0.667
0.611
0.639
0.692
0.687
0.67
0.65
0.717
0.688
0.738
0.8
0.642
0.733
0.768
0.639
0.62
0.76
0.789
0.593
0.634
0.755
0.789
0.709
0.566
0.55
0.579
0.794
0.838
0.846
0.824
0.83
0.831
0.672
0.603
0.779
0.868
0.868
0.806
0.812
0.794
0.785
0.631
0.506
0.585
0.771
0.658
0.679
0.83
0.787
0.926
0.954
0.945
0.945
0.843
0.849
0.745
0.84
0.94
0.915
0.952
0.952
0.951
0.881
0.94
0.756
0.853
0.873
0.826
0.685
0.861
0.821
0.737
0.806
0.932
0.903
0.9
0.875
0.899
0.938
0.839
0.821
0.875
0.908
0.945
0.911
0.907
0.898
0.962
0.988
0.898
0.897
0.814
0.933
0.961
0.861
0.814
0.847
0.886
0.886
0.985
0.978
0.951
0.813
0.827
0.899
0.833
0.906
0.942
0.901
0.876
0.888
0.925
0.971
0.91
0.832
0.704
0.754
0.801
0.88
0.973
0.917
0.892
0.915
0.838
0.886
0.847
0.938
0.949
0.919
0.903
0.898
0.827
0.805
0.843
0.87
0.839
0.71
0.895
0.845
0.885
0.935
0.93
0.897
0.991
0.977
0.897
0.945
0.918
0.897
0.867
0.829
0.822
0.821
0.908
0.884
0.932
0.974
0.969
0.991
0.972
0.986
0.916
0.886
0.898
0.861
0.893
0.915
0.865
0.888
0.817
0.9
0.954
0.883
0.928
0.832
0.822
0.904
0.867
0.888
0.936
0.912
0.875
0.855
0.844
0.787
0.817
0.92
0.663
0.587
0.721
0.654
0.731
0.649
0.74
0.841
0.685
0.595
0.571
0.546
0.549
0.701
0.638
0.749
0.872
0.827
0.754
0.69
0.763
0.819
0.788
0.684
0.749
0.738
0.833
0.809
0.846
0.692
0.745
0.964
0.864
0.792
0.64
0.566
0.583
0.638
0.627
0.627
0.713
0.777
0.756
0.716
0.661
0.648
0.673
0.777
0.749
0.705
0.738
0.739
0.625
0.591
0.637
0.755
0.731
0.791
0.771
0.761
0.826
0.856
0.863
0.843
0.787
0.733
0.738
0.746
0.811
0.787
0.704
0.737
0.747
0.72
0.765
0.687
0.726
0.875
0.947
0.859
0.796
0.699
0.805
0.808
0.81
0.828
0.766
0.741
0.772
0.767
0.668
0.805
0.776
0.689
0.739
0.737
0.728
0.702
0.7
0.807
0.776
0.758
0.9
0.894
0.861
0.757
0.683
0.751
0.754
0.761
0.774
0.819
0.796
0.936
0.867
0.801
0.812
0.8
0.818
0.811
0.795
0.804
0.835
0.813
0.746
0.701
0.729
0.797
0.767
0.757
0.75
0.847
0.794
0.793
0.815
0.82
0.786
0.766
0.741
0.772
0.843
0.845
0.818
0.802
0.817
0.705
0.706
0.83
0.846
0.843
0.809
0.805
0.786
0.839
0.799
0.836
0.854
0.792
0.692
0.886
0.871
0.755
0.704
0.654
0.674
0.715
0.757
0.811
0.845
0.78
0.754
0.731
0.7
0.687
0.806
0.862
0.864
0.789
0.789
0.797
0.809
0.711
0.872
0.859
0.823
0.87
0.859
0.824
0.918
0.907
0.821
0.826
0.783
0.794
0.837
0.935
0.858
0.891
0.913
0.826
0.75
0.687
0.726
0.834
0.745
0.785
0.851
0.895
0.887
0.779
0.696
0.775
0.75
0.677
0.666
0.766
0.769
0.766
0.802
0.908
0.903
0.886
0.806
0.824
0.794
0.764
0.751
0.815
0.726
0.779
0.798
0.789
0.83
0.871
0.783
0.649
0.796
0.779
0.72
0.797
0.899
0.91
0.899
0.924
0.825
0.905
0.901
0.859
0.872
0.889
0.882
0.958
0.922
0.877
0.893
0.891
0.746
0.919
0.925
0.727
0.767
0.872
0.903
0.971
0.987
0.751
0.654
0.801
0.591
0.826
0.877
0.93
0.94
0.933
0.922
0.935
0.897
0.933
0.964
0.981
0.996
0.976
0.88
0.9
0.89
0.924
0.906
0.876
0.954
0.938
0.856
0.825
0.831
0.917
0.846
0.882
0.966
0.935
0.926
0.946
0.918
0.957
0.709
0.642
0.919
0.964
0.946
0.905
0.948
0.9
0.814
0.836
0.88
0.913
0.929
0.94
0.982
0.887
0.912
0.948
0.922
0.827
0.732
0.749
0.863
0.852
0.707
0.788
0.707
0.844
0.736
0.811
0.781
0.793
0.864
0.817
0.754
0.72
0.767
0.834
0.844
0.748
0.642
0.623
0.745
0.929
0.932
0.803
0.741
0.631
0.787
0.712
0.66
0.626
0.702
0.549
0.596
0.621
0.614
0.837
0.854
0.702
0.651
0.61
0.637
0.562
0.637
0.65
0.673
0.618
0.672
0.785
0.79
0.759
0.719
0.852
0.817
0.809
0.794
0.718
0.829
0.906
0.876
0.755
0.719
0.665
0.597
0.643
0.78
0.753
0.744
0.827
0.909
0.874
0.803
0.744
0.733
0.634
0.796
0.769
0.741
0.638
0.559
0.608
0.687
0.631
0.714
0.592
0.834
0.897
0.741
0.638
0.553
0.642
0.565
0.517
0.585
0.592
0.693
0.663
0.688
0.707
0.574
0.549
0.732
0.893
0.822
0.752
0.693
0.73
0.745
0.773
0.805
0.714
0.714
0.683
0.677
0.775
0.77
0.791
0.789
0.695
0.671
0.681
0.699
0.702
0.748
0.641
0.631
0.786
0.723
0.621
0.65
0.6
0.546
0.606
0.612
0.797
0.814
0.801
0.86
0.701
0.653
0.731
0.697
0.697
0.779
0.812
0.881
0.893
0.815
0.81
0.807
0.823
0.797
0.798
0.797
0.815
0.803
0.778
0.797
0.824
0.808
0.797
0.767
0.771
0.746
0.808
0.762
0.775
0.74
0.774
0.806
0.792
0.786
0.686
0.71
0.805
0.782
0.835
0.85
0.803
0.789
0.827
0.757
0.752
0.878
0.884
0.878
0.81
0.844
0.816
0.79
0.755
0.77
0.786
0.747
0.716
0.705
0.757
0.828
0.786
0.731
0.812
0.968
0.929
0.975
0.845
0.777
0.82
0.793
0.763
0.786
0.743
0.741
0.806
0.786
0.8
0.776
0.722
0.807
0.8
0.777
0.769
0.859
0.867
0.812
0.888
0.821
0.674
0.743
0.777
0.807
0.748
0.714
0.618
0.535
0.577
0.691
0.751
0.701
0.657
0.741
0.642
0.54
0.744
0.842
0.72
0.684
0.741
0.827
0.707
0.592
0.598
0.535
0.492
0.616
0.683
0.629
0.769
0.716
0.664
0.555
0.815
0.787
0.604
0.744
0.683
0.66
0.659
0.747
0.83
0.773
0.596
0.635
0.735
0.522
0.466
0.528
0.804
0.727
0.751
0.702
0.678
0.714
0.682
0.545
0.73
0.72
0.62
0.619
0.507
0.561
0.7
0.818
0.961
0.876
0.9
0.914
0.88
0.821
0.902
0.906
0.931
0.92
0.882
0.859
0.875
0.817
0.838
0.881
0.864
0.868
0.698
0.711
0.879
0.863
0.837
0.871
0.938
0.928
0.779
0.674
0.937
0.887
0.856
0.746
0.682
0.927
0.9
0.863
0.912
0.735
0.546
0.504
0.698
0.585
0.678
0.741
0.884
0.868
0.85
0.899
0.809
0.822
0.66
0.846
0.777
0.8
0.954
0.887
0.963
0.88
0.816
0.915
0.902
0.925
0.895
0.865
0.914
0.913
0.902
0.914
0.978
0.965
0.928
0.904
0.84
0.751
0.905
0.847
0.913
0.896
0.928
0.917
0.859
1.068
0.942
0.853
0.839
0.82
0.894
0.948
0.688
0.757
0.855
0.596
0.679
0.782
0.783
0.786
0.774
0.761
0.785
0.839
0.841
0.78
0.84
0.852
0.862
0.748
0.764
0.614
0.829
0.864
0.754
0.85
0.872
0.736
0.806
0.748
0.842
0.792
0.83
0.771
0.841
0.798
0.73
0.742
0.701
0.643
0.721
0.673
0.8
0.922
0.87
0.774
0.677
0.799
0.898
0.762
0.703
0.587
0.574
0.676
0.632
0.653
0.645
0.708
0.63
0.726
0.6
0.548
0.733
0.575
0.615
0.714
0.576
0.501
0.641
0.751
0.684
0.671
0.502
0.502
0.635
0.68
0.673
0.603
0.503
0.494
0.621
0.638
0.663
0.543
0.608
0.629
0.61
0.601
0.67
0.707
0.808
0.805
0.667
0.634
0.655
0.633
0.664
0.567
0.511
0.52
0.491
0.499
0.485
0.517
0.693
0.657
0.591
0.528
0.607
0.542
0.587
0.637
0.561
0.485
0.469
0.469
0.491
0.482
0.594
0.6
0.542
0.486
0.514
0.573
0.529
0.611
0.485
0.483
0.637
0.546
0.508
0.62
0.543
0.52
0.47
0.385
0.354
0.346
0.318
0.285
0.322
0.323
0.398
0.611
0.485
0.467
0.531
0.393
0.399
0.641
0.653
0.755
0.804
0.848
0.708
0.725
0.648
0.656
0.717
0.671
0.595
0.591
0.738
0.767
0.659
0.686
0.614
0.638
0.707
0.738
0.572
0.52
0.528
0.62
0.696
0.64
0.581
0.614
0.654
0.542
0.497
0.732
0.823
0.758
0.643
0.727
0.854
0.776
0.663
0.681
0.616
0.815
0.745
0.667
0.625
0.609
0.671
0.803
0.839
0.848
0.701
0.625
0.646
0.674
0.582
0.552
0.825
0.797
0.68
0.681
0.681
0.748
0.761
0.806
0.727
0.72
0.699
0.721
0.631
0.6
0.569
0.564
0.664
0.717
0.621
0.631
0.846
0.718
0.572
0.63
0.529
0.509
0.506
0.627
0.657
0.677
0.592
0.546
0.513
0.519
0.691
0.817
0.826
0.722
0.705
0.789
0.879
0.846
0.819
0.686
0.681
0.589
0.62
0.586
0.658
0.587
0.623
0.757
0.64
0.929
0.975
0.847
0.823
0.819
0.831
0.873
0.754
0.692
0.773
0.806
0.748
0.767
0.654
0.682
0.796
0.977
0.814
0.645
0.699
0.731
0.709
0.795
0.828
0.711
0.72
0.734
0.746
0.855
0.879
0.774
0.707
0.757
0.822
0.682
0.668
0.77
0.714
0.691
0.916
0.891
0.839
0.465
0.825
0.757
0.905
0.85
0.939
0.816
0.849
0.797
0.9
0.751
0.936
0.954
0.84
0.93
0.956
0.982
0.976
0.981
0.856
0.91
0.986
0.993
0.865
0.487
0.723
0.821
0.958
0.784
0.775
0.933
0.826
0.692
0.878
0.903
0.854
0.559
0.679
0.697
0.764
0.925
0.973
0.781
0.768
0.907
0.887
0.857
0.832
0.789
0.883
0.738
0.823
0.856
0.812
0.824
0.734
0.858
0.897
0.851
0.918
0.913
0.89
0.807
0.681
0.752
0.794
0.873
0.982
0.864
0.665
0.661
0.796
0.921
0.826
0.803
0.551
0.562
0.749
0.97
0.935
0.717
0.637
0.764
0.693
0.62
0.679
0.773
0.662
0.781
0.861
0.623
0.633
0.868
0.593
0.808
0.819
0.586
0.648
0.788
0.804
0.738
0.763
0.77
0.81
0.867
0.786
0.787
0.785
0.796
0.804
0.758
0.733
0.702
0.692
0.68
0.693
0.711
0.664
0.712
0.589
0.724
0.669
0.676
0.828
0.688
0.528
0.656
0.597
0.596
0.54
0.702
0.794
0.69
0.769
0.796
0.699
0.716
0.749
0.738
0.598
0.78
0.772
0.707
0.748
0.788
0.81
0.71
0.88
0.873
0.787
0.73
0.684
0.601
0.524
0.694
0.769
0.681
0.564
0.815
0.742
0.807
0.783
0.722
0.657
0.761
0.794
0.779
0.762
0.765
0.801
0.762
0.768
0.737
0.656
0.62
0.725
0.803
0.71
0.837
0.864
0.803
0.785
0.762
0.697
0.742
0.803
0.794
0.822
0.748
0.713
0.69
0.703
0.711
0.692
0.762
0.758
0.701
0.68
0.76
0.783
0.78
0.78
0.784
0.742
0.683
0.732
0.776
0.784
0.769
0.768
0.721
0.675
0.637
0.648
0.662
0.782
0.855
0.839
0.817
0.809
0.773
0.748
0.788
0.828
0.838
0.765
0.863
0.85
0.771
0.729
0.839
0.867
0.851
0.822
0.806
0.765
0.772
0.754
0.723
0.728
0.774
0.744
0.798
0.814
0.775
0.775
0.815
0.887
0.838
0.844
0.862
0.84
0.806
0.765
0.766
0.827
0.858
0.788
0.74
0.854
0.806
0.72
0.711
0.787
0.789
0.825
0.836
0.818
0.891
0.825
0.774
0.885
0.978
0.896
0.925
0.836
0.712
0.776
0.766
0.785
0.863
0.813
0.71
0.683
0.696
0.675
0.651
0.69
0.67
0.818
0.843
0.766
0.644
0.67
0.734
0.653
0.678
0.563
0.704
0.667
0.63
0.54
0.578
0.643
0.716
0.896
0.791
0.881
0.867
0.876
0.73
0.689
0.763
0.711
0.657
0.654
0.612
0.536
0.602
0.84
0.682
0.731
0.619
0.585
0.597
0.725
0.846
0.968
0.823
0.713
0.649
0.711
0.726
0.768
0.963
0.922
0.641
0.576
0.631
0.843
0.553
0.569
0.59
0.586
0.676
0.837
0.791
0.903
0.585
0.69
0.795
0.805
0.75
0.8
0.818
0.877
0.617
0.605
0.688
0.7
0.889
0.824
0.708
0.854
0.857
0.855
0.857
0.838
0.874
0.89
0.819
0.852
0.859
0.818
0.916
0.915
0.988
0.956
0.976
1
0.997
0.924
0.921
0.887
0.963
0.89
0.843
0.862
0.877
0.862
0.943
0.851
0.777
0.824
0.884
0.849
0.933
0.987
0.955
0.72
0.929
0.981
0.938
0.877
0.834
0.877
0.646
0.65
0.647
0.835
0.893
0.861
0.926
0.966
0.917
0.937
0.895
0.831
0.862
0.848
0.841
0.653
0.599
0.673
0.704
0.905
0.969
0.963
0.723
0.734
0.71
0.574
0.484
0.873
0.94
0.91
0.697
0.743
0.817
0.78
0.6
0.664
0.721
0.538
0.719
0.785
0.59
0.736
0.948
0.913
0.893
0.783
0.804
0.728
0.688
0.861
0.737
0.647
0.786
0.713
0.705
0.681
0.792
0.504
0.56
0.696
0.612
0.519
0.685
0.928
0.925
0.834
0.74
0.823
0.745
0.715
0.62
0.676
0.549
0.509
0.888
0.76
0.642
0.661
0.806
0.762
0.706
0.734
0.565
0.523
0.82
0.842
0.609
0.542
0.574
0.648
0.628
0.553
0.579
0.756
0.655
0.614
0.565
0.697
0.958
0.885
0.706
0.652
0.646
0.698
0.799
0.686
0.784
0.924
0.729
0.827
0.812
0.79
0.681
0.695
0.782
0.834
0.741
0.615
0.664
0.803
0.942
0.82
0.747
0.84
0.679
0.545
0.65
0.802
0.71
0.795
0.669
0.784
0.713
0.768
0.744
0.774
0.704
0.636
0.691
0.73
0.683
0.612
0.735
0.723
0.752
0.778
0.737
0.71
0.807
0.79
0.647
0.663
0.722
0.787
0.762
0.797
0.761
0.707
0.653
0.738
0.768
0.768
0.663
0.719
0.76
0.744
0.899
0.968
0.9
0.938
0.815
0.804
0.753
0.753
0.772
0.807
0.854
0.926
0.873
0.772
0.697
0.685
0.74
0.74
0.731
0.801
0.795
0.702
0.686
0.735
0.911
0.873
0.824
0.818
0.743
0.73
0.73
0.782
0.821
0.851
0.776
0.766
0.815
0.792
0.843
0.848
0.923
0.917
0.945
0.925
0.881
0.816
0.803
0.836
0.83
0.801
0.758
0.747
0.778
0.793
0.765
0.789
0.821
0.777
0.816
0.851
0.881
0.787
0.773
0.794
0.795
0.894
0.837
0.845
0.743
0.698
0.884
0.828
0.783
0.826
0.849
0.775
0.746
0.783
0.667
0.685
0.788
0.829
0.716
0.684
0.661
0.769
0.706
0.674
0.768
0.923
0.963
0.933
0.825
0.897
0.812
0.707
0.695
0.627
0.664
0.849
0.702
0.68
0.732
0.844
0.758
0.735
0.768
0.67
0.629
0.667
0.642
0.68
0.657
0.619
0.605
0.633
0.731
0.949
0.784
0.766
0.667
0.689
0.809
0.736
0.704
0.705
0.64
0.792
0.803
0.717
0.702
0.704
0.635
0.759
0.893
0.778
0.599
0.725
0.744
0.859
0.879
0.682
0.679
0.644
0.71
0.905
0.817
0.727
0.833
0.842
0.767
0.85
0.845
0.735
0.861
0.873
0.654
0.915
0.889
0.893
0.97
0.865
0.801
0.976
0.969
0.943
0.897
0.924
0.905
0.924
0.965
0.965
0.922
0.782
0.898
0.922
0.91
0.887
0.929
0.952
0.895
0.931
0.961
0.932
0.97
0.975
0.899
0.953
0.957
0.997
0.934
0.918
0.856
0.943
0.869
0.742
0.886
0.752
0.642
0.848
0.946
0.931
0.89
0.96
0.881
0.92
0.846
0.86
0.802
0.94
0.951
0.917
0.861
0.886
0.79
0.502
0.563
0.783
0.994
0.848
0.795
0.892
0.965
0.935
0.893
0.832
0.811
0.562
0.618
0.649
0.517
0.811
0.841
0.796
0.854
0.913
0.792
0.775
0.862
0.757
0.568
0.645
0.805
0.689
0.596
0.728
0.781
0.745
0.629
0.615
0.933
0.813
0.742
0.775
0.868
0.757
0.787
0.729
0.811
0.857
0.741
0.723
0.557
0.65
0.77
0.624
0.542
0.643
0.83
0.715
0.708
0.739
0.801
0.778
0.664
0.635
0.888
0.954
0.834
0.745
0.77
0.717
0.92
0.93
0.927
0.818
0.684
0.834
0.7
0.717
0.728
0.775
0.782
0.697
0.75
0.692
0.721
0.739
0.884
0.822
0.743
0.705
0.787
0.72
0.665
0.721
0.702
0.688
0.611
0.603
0.758
0.819
0.773
0.763
0.685
0.66
0.644
0.734
0.768
0.792
0.798
0.751
0.711
0.766
0.789
0.773
0.809
0.748
0.743
0.727
0.648
0.565
0.537
0.551
0.583
0.725
0.71
0.658
0.647
0.718
0.74
0.695
0.68
0.712
0.618
0.602
0.717
0.759
0.716
0.686
0.631
0.672
0.698
0.774
0.736
0.793
0.771
0.719
0.755
0.774
0.703
0.739
0.741
0.697
0.667
0.653
0.753
0.828
0.792
0.655
0.624
0.683
0.723
0.695
0.71
0.751
0.753
0.738
0.696
0.672
0.697
0.661
0.625
0.756
0.751
0.662
0.645
0.578
0.715
0.727
0.666
0.585
0.589
0.779
0.872
0.689
0.585
0.56
0.518
0.569
0.551
0.591
0.691
0.764
0.852
0.834
0.744
0.708
0.752
0.764
0.742
0.666
0.681
0.668
0.626
0.645
0.69
0.597
0.546
0.685
0.771
0.581
0.565
0.55
0.601
0.652
0.762
0.716
0.758
0.722
0.69
0.616
0.55
0.562
0.536
0.576
0.528
0.451
0.653
0.689
0.595
0.63
0.607
0.511
0.527
0.521
0.517
0.509
0.46
0.556
0.671
0.672
0.597
0.662
0.535
0.51
0.653
0.664
0.762
0.677
0.776
0.705
0.529
0.46
0.503
0.742
0.557
0.511
0.526
0.702
0.776
0.778
0.802
0.869
0.86
0.634
0.679
0.833
0.744
0.727
0.52
0.44
0.461
0.613
0.807
0.702
0.671
0.716
0.832
0.861
0.859
0.785
0.87
0.865
0.77
0.841
0.922
0.949
0.875
0.813
0.837
0.719
0.77
0.842
0.846
0.932
0.845
0.793
0.785
0.794
0.913
0.838
0.714
0.756
0.864
0.866
0.905
0.816
0.872
0.836
0.872
0.817
0.608
0.609
0.804
0.756
0.708
0.739
0.849
0.891
0.96
0.801
0.868
0.836
0.872
0.874
0.98
0.945
0.904
0.903
0.912
0.986
0.963
0.911
0.902
0.895
0.863
0.893
0.904
0.834
0.758
0.907
0.96
0.894
0.865
0.893
0.771
0.841
0.883
0.97
0.953
0.939
0.848
0.868
0.871
0.91
0.916
0.927
0.919
0.929
0.882
0.846
0.884
0.893
0.695
0.699
0.865
0.863
0.685
0.775
0.838
0.664
0.926
0.939
0.944
0.93
0.891
0.958
0.963
0.861
0.786
0.839
0.848
0.852
0.883
0.776
0.777
0.8
0.639
0.678
0.728
0.778
0.764
0.766
0.87
0.876
0.852
0.75
0.882
0.779
0.7
0.636
0.687
0.492
0.51
0.778
0.736
0.805
0.689
0.721
0.901
0.804
0.695
0.708
0.78
0.803
0.655
0.571
0.815
0.688
0.759
0.753
0.688
0.76
0.646
0.538
0.581
0.619
0.642
0.697
0.715
0.763
0.571
0.698
0.702
0.805
0.916
0.947
0.836
0.751
0.811
0.795
0.772
0.85
0.874
0.823
0.756
0.617
0.641
0.808
0.725
0.725
0.674
0.745
0.736
0.673
0.573
0.748
0.894
0.724
0.648
0.611
0.704
0.639
0.632
0.616
0.681
0.76
0.701
0.687
0.609
0.594
0.721
0.864
0.75
0.759
0.653
0.53
0.585
0.855
0.883
0.739
0.667
0.643
0.78
0.82
0.761
0.733
0.721
0.669
0.599
0.53
0.543
0.555
0.646
0.624
0.618
0.726
0.783
0.81
0.794
0.739
0.7
0.769
0.8
0.732
0.719
0.772
0.644
0.658
0.671
0.763
0.8
0.79
0.76
0.764
0.738
0.687
0.75
0.747
0.743
0.783
0.779
0.88
0.818
0.897
0.823
0.828
0.835
0.794
0.815
0.854
0.828
0.914
0.885
0.813
0.883
0.839
0.769
0.833
0.865
0.935
0.826
0.817
0.814
0.807
0.782
0.707
0.784
0.869
0.845
0.865
0.844
0.8
0.837
0.836
0.873
0.862
0.722
0.739
0.821
0.714
0.711
0.742
0.826
0.846
0.85
0.842
0.905
0.944
0.848
0.837
0.832
0.799
0.811
0.847
0.838
0.833
0.873
0.854
0.867
0.843
0.831
0.793
0.705
0.747
0.797
0.813
0.795
0.823
0.843
0.79
0.717
0.864
0.872
0.805
0.775
0.75
0.893
0.848
0.767
0.806
0.706
0.677
0.741
0.746
0.726
0.746
0.73
0.683
0.715
0.76
0.738
0.861
0.735
0.679
0.769
0.832
0.874
0.68
0.734
0.744
0.697
0.765
0.699
0.746
0.82
0.711
0.773
0.706
0.697
0.802
0.803
0.778
0.914
0.941
0.762
0.778
0.757
0.777
0.761
0.739
0.736
0.778
0.96
1.004
0.811
0.661
0.655
0.68
0.811
0.858
0.782
0.79
0.854
0.986
0.913
0.896
0.922
0.903
0.809
0.808
0.751
0.854
0.836
0.849
0.803
0.837
0.79
0.776
0.828
0.913
0.855
0.953
0.995
0.972
0.955
0.925
0.882
0.839
0.895
0.84
0.849
0.863
0.675
0.817
0.867
0.633
0.6
0.542
0.596
0.806
0.97
0.989
0.956
0.771
0.874
0.927
0.888
0.859
0.847
0.856
0.901
0.881
0.913
0.947
0.963
0.981
0.909
0.9
0.898
0.936
0.834
0.823
0.879
0.957
0.968
0.917
0.921
0.856
0.805
0.833
0.883
0.693
0.5
0.61
0.748
0.639
0.665
0.704
0.598
0.744
0.802
0.796
0.822
0.836
0.851
0.973
0.93
0.907
0.848
0.93
0.88
0.712
0.802
0.894
0.97
0.956
0.869
0.837
0.833
0.885
0.86
0.86
0.937
0.956
0.891
0.972
0.97
0.971
0.907
0.943
0.885
0.878
0.878
0.85
0.78
0.697
0.735
0.766
0.896
0.628
0.754
0.888
0.932
0.863
0.976
0.958
0.881
0.819
0.774
0.795
0.799
0.786
0.877
0.985
0.923
0.79
0.753
0.789
0.808
0.743
0.731
0.842
0.799
0.746
0.834
0.722
0.816
0.845
0.858
0.833
0.713
0.807
0.804
0.812
0.628
0.589
0.761
0.915
0.818
0.684
0.695
0.696
0.801
0.649
0.764
0.731
0.813
0.817
0.759
0.609
0.65
0.65
0.584
0.586
0.699
0.718
0.651
0.695
0.705
0.631
0.681
0.771
0.653
0.63
0.608
0.811
0.865
0.8
0.701
0.692
0.735
0.784
0.68
0.842
0.734
0.712
0.797
0.888
0.877
0.701
0.792
0.87
0.791
0.759
0.733
0.717
0.756
0.758
0.766
0.733
0.685
0.712
0.708
0.735
0.831
0.801
0.742
0.709
0.748
0.73
0.718
0.749
0.787
0.819
0.876
0.845
0.771
0.778
0.741
0.786
0.796
0.775
0.757
0.786
0.782
0.807
0.732
0.803
0.812
0.698
0.691
0.81
0.828
0.776
0.757
0.701
0.643
0.687
0.801
0.78
0.775
0.778
0.828
0.828
0.772
0.768
0.817
0.791
0.828
0.739
0.763
0.796
0.705
0.695
0.807
0.815
0.76
0.782
0.725
0.732
0.819
0.815
0.771
0.738
0.852
0.769
0.668
0.693
0.792
0.73
0.688
0.744
0.725
0.749
0.721
0.756
0.882
0.81
0.871
0.787
0.717
0.8
0.816
0.666
0.706
0.769
0.647
0.665
0.622
0.72
0.831
0.761
0.756
0.698
0.807
0.715
0.825
0.745
0.807
0.766
0.829
0.889
0.869
0.796
0.827
0.739
0.635
0.709
0.638
0.718
0.678
0.562
0.666
0.687
0.824
0.665
0.62
0.706
0.687
0.613
0.565
0.773
0.906
0.797
0.811
0.929
0.802
0.657
0.611
0.591
0.598
0.631
0.726
0.706
0.619
0.731
0.857
0.745
0.701
0.787
0.811
0.829
0.75
0.73
0.681
0.6
0.619
0.717
0.723
0.899
0.978
0.864
0.772
0.931
0.835
0.876
0.622
0.622
0.629
0.64
0.72
0.824
0.825
0.9
0.756
0.847
0.789
0.807
0.878
0.909
0.972
0.931
0.926
0.806
0.749
0.763
0.866
0.649
0.64
0.579
0.792
0.907
0.894
0.881
0.915
0.85
0.814
0.89
0.897
0.866
0.836
0.893
0.741
0.794
0.821
0.885
0.776
0.936
0.894
0.944
0.935
0.923
0.847
0.956
0.954
0.901
0.884
0.889
0.921
0.973
1.007
0.892
0.751
0.806
0.887
0.76
0.756
0.863
0.904
0.945
1.002
0.994
0.992
0.917
1.041
0.988
0.869
0.875
0.671
0.7
0.829
0.82
0.884
0.857
0.914
0.885
0.881
0.86
0.859
0.948
1.035
0.958
0.96
0.897
0.932
0.812
0.717
0.78
0.759
0.88
0.766
0.963
0.927
0.859
0.881
0.833
0.8
0.867
0.881
0.865
0.918
0.884
0.85
0.89
0.705
0.698
0.887
0.65
0.737
0.812
0.79
0.779
0.587
0.466
0.794
0.734
0.687
0.87
0.77
0.634
0.66
0.717
0.658
0.854
0.758
0.761
0.718
0.639
0.595
0.598
0.732
0.678
0.762
0.909
0.723
0.649
0.669
0.861
0.74
0.944
0.837
0.776
0.709
0.708
0.624
0.664
0.618
0.564
0.546
0.51
0.462
0.564
0.653
0.668
0.76
0.798
0.841
0.859
0.857
0.652
0.524
0.775
0.752
0.702
0.799
0.758
0.677
0.579
0.68
0.759
0.583
0.593
0.829
0.799
0.742
0.709
0.709
0.652
0.518
0.508
0.579
0.61
0.729
0.797
0.668
0.573
0.595
0.625
0.692
0.703
0.609
0.599
0.542
0.514
0.678
0.671
0.708
0.593
0.483
0.569
0.636
0.698
0.688
0.673
0.636
0.6
0.61
0.625
0.667
0.727
0.642
0.772
0.879
0.938
0.816
0.837
0.721
0.782
0.833
0.75
0.744
0.822
0.805
0.763
0.755
0.736
0.767
0.775
0.76
0.682
0.73
0.743
0.819
0.787
0.748
0.693
0.742
0.69
0.728
0.757
0.798
0.859
0.786
0.778
0.771
0.756
0.793
0.728
0.715
0.736
0.733
0.774
0.737
0.838
0.807
0.668
0.691
0.666
0.766
0.777
0.908
0.849
0.871
0.825
0.792
0.734
0.763
0.757
0.761
0.804
0.867
0.797
0.702
0.755
0.772
0.746
0.767
0.798
0.772
0.673
0.774
0.738
0.644
0.641
0.635
0.702
0.719
0.679
0.604
0.64
0.653
0.662
0.577
0.586
0.61
0.564
0.553
0.671
0.613
0.516
0.486
0.46
0.541
0.594
0.759
0.776
0.739
0.892
0.763
0.758
0.606
0.764
0.729
0.681
0.746
0.668
0.57
0.6
0.639
0.686
0.615
0.595
0.573
0.622
0.697
0.727
0.641
0.52
0.478
0.813
0.777
0.649
0.57
0.59
0.653
0.712
0.677
0.595
0.563
0.513
0.576
0.774
0.972
0.737
0.636
0.845
0.913
0.855
0.632
0.633
0.9
0.819
0.756
0.726
0.756
0.855
0.854
0.791
0.834
0.757
0.694
0.668
0.54
0.59
0.612
0.683
0.698
0.577
0.887
0.821
0.646
0.732
0.677
0.595
0.637
0.817
0.921
0.942
0.937
0.853
0.946
0.979
0.922
0.826
0.905
0.948
0.989
0.958
0.961
0.946
0.874
0.795
0.765
0.74
0.869
0.921
0.879
0.884
0.831
0.89
0.845
0.652
0.725
0.957
0.703
0.835
0.723
0.779
0.956
0.955
0.921
0.944
0.931
0.987
0.95
0.897
0.861
0.981
0.912
0.927
0.918
0.961
0.985
0.923
0.876
0.902
0.926
0.928
0.949
0.946
0.916
0.953
0.901
0.973
0.97
0.902
0.836
0.902
0.705
0.77
0.851
0.858
0.898
0.939
0.805
0.709
0.82
0.839
0.967
0.894
0.835
0.775
0.771
0.847
0.868
0.755
0.834
0.794
0.765
0.9
0.96
0.951
0.778
0.466
0.505
0.589
0.848
0.932
0.989
0.907
0.635
0.629
0.741
0.675
0.564
0.554
0.605
0.612
0.711
0.724
0.759
0.681
0.774
0.746
0.715
0.646
0.533
0.509
0.654
0.866
0.87
0.804
0.726
0.758
0.72
0.667
0.796
0.431
0.62
0.683
0.833
0.946
0.859
0.895
0.79
0.833
0.757
0.6
0.616
0.743
0.876
0.772
0.833
0.87
0.814
0.679
0.695
0.719
0.639
0.695
0.731
0.615
0.78
0.761
0.743
0.65
0.676
0.851
0.689
0.585
0.614
0.839
0.831
0.853
0.763
0.762
0.754
0.702
0.635
0.809
0.915
0.751
0.656
0.635
0.624
0.712
0.847
0.934
0.808
0.741
0.85
0.867
0.819
0.664
0.821
0.861
0.802
0.832
0.744
0.757
0.763
0.868
0.833
0.837
0.804
0.774
0.637
0.645
0.587
0.598
0.614
0.609
0.681
0.706
0.732
0.72
0.733
0.745
0.771
0.783
0.784
0.78
0.787
0.814
0.779
0.729
0.65
0.74
0.795
0.812
0.775
0.761
0.729
0.722
0.726
0.707
0.763
0.791
0.793
0.743
0.81
0.791
0.763
0.805
0.861
0.804
0.808
0.786
0.81
0.841
0.811
0.819
0.8
0.744
0.747
0.766
0.842
0.851
0.842
0.866
0.814
0.835
0.901
0.9
0.836
0.846
0.858
0.819
0.828
0.834
0.811
0.82
0.878
0.854
0.803
0.78
0.776
0.742
0.818
0.82
0.785
0.762
0.836
0.811
0.828
0.802
0.808
0.683
0.653
0.695
0.631
0.645
0.812
0.94
0.811
0.696
0.6
0.793
0.773
0.724
0.706
0.721
0.818
0.671
0.636
0.868
0.884
0.852
0.629
0.626
0.661
0.645
0.593
0.595
0.619
0.621
0.667
0.609
0.78
0.832
0.956
0.929
0.802
0.759
0.692
0.67
0.616
0.67
0.654
0.788
0.648
0.622
0.544
0.557
0.632
0.801
0.778
0.678
0.597
0.638
0.635
0.668
0.816
0.811
0.774
0.769
0.906
0.898
0.906
0.833
0.626
0.608
0.741
0.823
0.736
0.572
0.763
0.938
0.737
0.864
0.871
0.853
0.924
0.923
0.944
0.911
0.925
0.907
0.878
0.873
0.833
0.876
0.899
0.915
0.839
0.76
0.818
0.832
0.875
0.848
0.901
0.867
0.59
0.626
0.672
0.878
0.776
0.768
0.799
0.919
0.975
0.989
0.963
0.943
0.973
0.96
0.943
0.905
0.972
0.952
0.935
0.938
0.909
0.893
0.93
0.966
0.994
0.976
0.995
0.99
0.905
0.936
0.924
0.899
0.887
0.947
0.95
0.862
0.882
0.94
1.006
1.035
0.957
1.092
1.006
0.927
1.025
0.852
0.926
0.985
0.978
0.974
0.851
0.859
0.932
0.867
0.875
0.861
0.809
0.841
0.821
0.769
0.7
0.823
0.898
0.943
0.98
0.971
0.934
0.921
0.795
0.855
0.928
0.892
0.879
0.94
0.866
0.898
0.904
0.972
0.945
0.982
0.767
0.664
0.786
1.007
0.957
0.733
0.774
0.78
0.639
0.759
0.891
0.969
0.845
0.686
0.711
0.719
0.715
0.704
0.643
0.725
0.816
0.735
0.673
0.701
0.85
0.931
0.891
0.891
0.919
0.766
0.839
0.544
0.655
0.827
0.844
0.754
0.872
0.8
0.711
0.738
0.87
0.745
0.662
0.721
0.682
0.73
0.704
0.576
0.658
0.854
0.809
0.917
0.834
0.707
0.621
0.658
0.735
0.756
0.832
0.964
0.798
0.771
0.797
0.691
0.707
0.958
0.929
0.778
0.655
0.709
0.915
0.87
0.849
0.836
0.962
0.887
0.808
0.979
0.764
0.655
0.569
0.825
0.924
0.89
0.823
0.767
0.767
0.811
0.672
0.737
0.89
0.723
0.788
0.941
0.886
0.777
0.676
0.579
0.637
0.85
0.805
0.771
0.771
0.832
0.849
0.857
0.868
0.802
0.756
0.797
0.787
0.771
0.713
0.708
0.806
0.831
0.823
0.842
0.805
0.807
0.753
0.785
0.828
0.672
0.675
0.74
0.741
0.777
0.734
0.726
0.781
0.697
0.64
0.647
0.727
0.754
0.774
0.713
0.6
0.702
0.765
0.753
0.797
0.834
0.797
0.812
0.858
0.774
0.684
0.835
0.779
0.79
0.803
0.801
0.735
0.759
0.837
0.854
0.827
0.85
0.807
0.757
0.752
0.794
0.824
0.832
0.834
0.807
0.74
0.738
0.789
0.8
0.79
0.821
0.838
0.741
0.734
0.76
0.801
0.806
0.8
0.823
0.761
0.704
0.748
0.762
0.811
0.743
0.725
0.71
0.672
0.694
0.673
0.726
0.719
0.89
0.911
0.841
0.808
0.808
0.74
0.792
0.872
0.933
0.924
0.921
0.86
0.764
0.719
0.619
0.841
0.845
0.807
0.791
0.72
0.814
0.883
0.904
0.714
0.725
0.742
0.783
0.737
0.692
0.663
0.672
0.712
0.835
0.954
0.875
0.739
0.702
0.656
0.698
0.743
0.737
0.754
0.901
0.735
0.816
0.817
0.845
0.878
0.793
0.683
0.828
0.86
0.744
0.807
0.839
0.635
0.654
0.615
0.768
0.744
0.713
0.849
0.95
0.846
0.797
0.828
0.9
0.845
0.828
0.819
0.841
0.823
0.81
0.845
0.774
0.675
0.826
0.826
0.795
0.866
0.917
0.905
0.806
0.895
0.875
0.914
0.942
0.736
0.855
0.865
0.782
0.867
0.885
0.939
0.888
0.838
0.943
0.972
0.897
0.842
0.826
0.917
0.935
0.882
0.64
0.8
0.869
0.9
0.958
0.95
0.687
0.876
0.929
0.91
0.941
0.926
0.919
0.938
1.015
0.982
0.997
0.971
0.641
0.64
0.845
0.949
0.908
0.828
0.799
0.831
0.856
0.913
0.942
0.779
0.821
0.934
0.987
0.966
0.937
0.888
0.891
0.956
0.848
0.966
0.943
0.894
0.948
0.934
0.963
0.934
0.893
0.976
0.932
0.894
0.877
0.899
0.806
0.808
0.864
0.903
0.787
0.906
0.878
0.878
0.843
0.776
0.906
0.856
0.939
0.903
0.87
0.84
0.817
0.89
0.943
0.828
0.952
0.912
0.794
0.859
0.915
0.844
0.703
0.82
0.816
0.781
0.736
0.625
0.646
0.903
0.592
0.569
0.607
0.846
0.704
0.7
0.781
0.846
0.801
0.652
0.876
0.844
0.734
0.748
0.958
0.923
0.756
0.614
0.486
0.65
0.731
0.803
0.755
0.667
0.675
0.496
0.555
0.683
0.928
0.914
0.687
0.561
0.739
0.846
0.712
0.556
0.538
0.632
0.75
0.795
0.757
0.725
0.627
0.692
0.823
0.611
0.611
0.796
0.748
0.961
0.763
0.727
0.751
0.621
0.796
0.888
0.771
0.679
0.745
0.632
0.724
0.733
0.723
0.687
0.783
0.794
0.769
0.688
0.662
0.608
0.632
0.969
0.813
0.704
0.726
0.881
0.851
0.94
0.973
0.961
0.929
0.763
0.658
0.69
0.713
0.756
0.695
0.599
0.609
0.762
0.788
0.72
0.637
0.76
0.815
0.848
0.777
0.753
0.766
0.759
0.648
0.723
0.753
0.796
0.702
0.672
0.761
0.798
0.837
0.823
0.834
0.817
0.754
0.716
0.764
0.776
0.859
0.763
0.69
0.703
0.733
0.776
0.794
0.79
0.772
0.823
0.769
0.695
0.799
0.92
0.863
0.838
0.761
0.839
0.822
0.804
0.785
0.736
0.653
0.762
0.815
0.822
0.82
0.77
0.689
0.713
0.684
0.753
0.841
0.887
0.927
0.922
0.791
0.88
0.874
0.875
0.936
0.801
0.899
0.906
0.89
0.83
0.905
0.892
0.86
0.826
0.846
0.87
0.813
0.857
0.831
0.793
0.831
0.756
0.736
0.773
0.816
0.857
0.876
0.886
0.877
0.844
0.818
0.764
0.824
0.772
0.845
0.725
0.724
0.918
0.785
0.709
0.855
0.787
0.789
0.802
0.726
0.781
0.72
0.785
0.779
0.669
0.706
0.727
0.706
0.697
0.7
0.67
0.716
0.746
0.662
0.677
0.816
0.777
0.685
0.713
0.737
0.658
0.613
0.709
0.638
0.683
0.615
0.641
0.91
0.927
0.886
0.745
0.761
0.712
0.782
0.841
0.888
0.773
0.777
0.755
0.751
0.878
0.807
0.831
0.854
0.678
0.65
0.608
0.898
0.935
0.905
0.849
0.962
0.909
0.901
0.903
0.942
0.788
0.685
0.808
0.871
0.793
0.898
0.978
0.956
0.823
0.731
0.893
0.922
0.8
0.823
0.93
0.924
0.948
0.972
0.953
0.92
0.893
0.955
0.926
0.79
0.849
0.8
0.939
0.923
0.832
0.949
0.96
0.98
0.981
0.897
0.86
0.703
0.747
0.881
0.735
0.832
0.872
0.909
0.96
0.952
0.963
1.002
0.969
0.946
0.812
0.608
0.787
0.928
0.867
0.948
0.95
0.957
0.93
0.885
0.877
0.863
0.933
0.97
0.97
0.909
0.879
0.926
0.879
0.919
0.907
0.84
0.724
0.747
0.805
0.763
0.749
0.834
0.908
0.887
0.779
0.753
0.925
0.93
0.787
0.797
0.742
0.834
0.986
1.007
0.974
0.936
0.899
0.813
0.847
0.853
0.855
0.805
0.843
0.788
0.83
0.823
0.891
0.881
0.826
0.764
0.759
0.929
0.98
0.63
0.632
0.662
0.778
0.756
0.659
0.599
0.829
0.983
0.978
0.981
0.947
0.851
0.772
0.681
0.644
0.805
0.741
0.764
0.812
0.773
0.798
0.801
0.779
0.761
0.818
0.681
0.608
0.568
0.827
0.969
0.757
0.613
0.607
0.592
0.864
0.85
0.89
0.803
0.647
0.81
0.79
0.617
0.729
0.638
0.612
0.656
0.903
0.755
0.697
0.802
0.91
0.881
0.867
0.868
0.855
0.735
0.733
0.778
0.904
0.814
0.845
0.891
0.842
0.805
0.738
0.631
0.712
0.623
0.516
0.585
0.656
0.641
0.658
0.669
0.818
0.83
0.725
0.601
0.648
0.691
0.65
0.734
0.691
0.655
0.752
0.679
0.712
0.647
0.659
0.588
0.788
0.848
0.888
0.832
0.773
0.805
0.79
0.794
0.807
0.733
0.761
0.743
0.762
0.745
0.742
0.713
0.723
0.759
0.767
0.784
0.763
0.792
0.784
0.687
0.68
0.776
0.792
0.766
0.812
0.814
0.772
0.732
0.664
0.63
0.641
0.693
0.79
0.858
0.799
0.687
0.767
0.804
0.841
0.84
0.819
0.773
0.713
0.7
0.744
0.818
0.821
0.728
0.761
0.688
0.654
0.734
0.892
0.905
0.887
0.853
0.809
0.846
0.853
0.816
0.846
0.803
0.784
0.818
0.802
0.81
0.817
0.79
0.744
0.831
0.838
0.831
0.892
0.877
0.822
0.749
0.776
0.836
0.855
0.784
0.709
0.788
0.733
0.731
0.689
0.791
0.835
0.777
0.763
0.698
0.739
0.77
0.744
0.706
0.763
0.892
0.829
0.725
0.723
0.784
0.802
0.819
0.677
0.689
0.78
0.788
0.764
0.763
0.601
0.649
0.693
0.639
0.865
0.839
0.815
0.797
0.89
0.863
0.793
0.688
0.684
0.685
0.683
0.738
0.692
0.662
0.735
0.769
0.775
0.693
0.777
0.681
0.694
0.64
0.636
0.586
0.66
0.808
0.766
0.848
0.803
0.755
0.73
0.754
0.717
0.627
0.613
0.673
0.69
0.725
0.925
0.68
0.678
0.698
0.711
0.806
0.774
0.803
0.713
0.782
0.728
0.668
0.68
0.72
0.735
0.609
0.823
0.755
0.752
0.87
0.86
0.818
0.688
0.857
0.911
0.893
0.906
0.849
0.728
0.731
0.736
0.799
0.7
0.641
0.847
0.744
0.818
0.801
0.832
0.835
0.885
0.964
0.881
0.535
0.648
0.721
0.715
0.836
0.917
0.962
0.746
0.739
0.636
0.739
0.942
0.87
0.866
1.018
0.98
0.979
0.914
0.932
0.876
0.977
0.958
0.876
0.9
0.999
0.98
0.928
0.867
0.874
0.946
0.983
0.855
0.898
0.936
0.901
0.898
0.948
0.885
0.886
0.908
0.867
0.976
0.883
0.884
0.855
0.846
0.936
0.98
0.926
0.798
0.911
0.898
0.623
0.677
0.628
0.715
0.885
0.742
0.655
0.618
0.533
0.525
0.655
0.822
0.914
0.854
0.909
0.937
0.848
0.763
0.92
0.765
0.72
0.923
0.81
0.829
0.918
0.866
0.842
0.825
0.816
0.84
0.836
0.852
0.879
0.853
0.791
0.655
0.718
0.73
0.661
0.682
0.679
0.68
0.634
0.544
0.628
0.509
0.525
0.874
0.83
0.754
0.815
0.791
0.741
0.682
0.699
0.875
0.75
0.85
0.756
0.646
0.548
0.661
0.937
0.885
0.853
0.762
0.783
0.833
0.873
0.914
0.694
0.587
0.556
0.614
0.756
0.693
0.576
0.549
0.561
0.547
0.516
0.682
0.768
0.635
0.72
0.795
0.597
0.661
0.692
0.771
0.881
0.714
0.679
0.696
0.719
0.735
0.586
0.567
0.699
0.883
0.873
0.728
0.756
0.618
0.583
0.594
0.529
0.682
0.773
0.775
0.784
0.667
0.694
0.713
0.671
0.668
0.56
0.619
0.642
0.647
0.717
0.768
0.697
0.662
0.685
0.616
0.588
0.638
0.63
0.622
0.596
0.701
0.749
0.668
0.763
0.808
0.779
0.676
0.816
0.79
0.759
0.762
0.764
0.768
0.723
0.677
0.745
0.777
0.643
0.635
0.725
0.707
0.684
0.713
0.741
0.789
0.801
0.815
0.847
0.805
0.76
0.796
0.727
0.705
0.734
0.755
0.762
0.763
0.739
0.801
0.737
0.703
0.743
0.763
0.699
0.768
0.827
0.716
0.767
0.786
0.783
0.839
0.899
0.728
0.692
0.762
0.787
0.794
0.797
0.691
0.646
0.691
0.822
0.88
0.848
0.805
0.766
0.692
0.703
0.681
0.622
0.614
0.552
0.53
0.649
0.764
0.744
0.568
0.557
0.517
0.432
0.47
0.56
0.521
0.417
0.574
0.577
0.472
0.464
0.643
0.675
0.476
0.401
0.499
0.646
0.489
0.464
0.681
0.837
0.748
0.601
0.58
0.826
0.872
0.682
0.704
0.659
0.812
0.939
0.915
0.713
0.53
0.752
0.755
0.637
0.726
0.908
0.783
0.63
0.619
0.561
0.642
0.761
0.698
0.623
0.551
0.686
0.665
0.612
0.567
0.676
0.656
0.834
0.717
0.604
0.641
0.675
0.612
0.577
0.704
0.738
0.806
0.748
0.746
0.734
0.634
0.691
0.654
0.598
0.615
0.806
0.742
0.754
0.711
0.726
0.755
0.914
0.832
0.777
0.734
0.645
0.738
0.815
0.705
0.81
0.928
0.858
0.76
0.718
0.711
0.83
0.756
0.816
0.909
0.955
0.938
0.818
0.795
0.755
0.905
0.926
0.592
0.834
0.838
0.728
0.815
0.902
0.801
0.835
0.968
0.974
0.945
0.88
0.976
0.983
0.987
0.788
0.818
0.89
0.813
0.873
0.938
0.841
0.781
0.865
0.747
0.801
0.837
0.753
0.832
0.793
0.893
0.792
0.768
0.911
0.733
0.639
0.683
0.615
0.69
0.752
0.959
0.871
0.823
0.627
0.84
0.939
0.709
0.665
0.742
0.654
0.702
0.863
0.931
0.671
0.801
0.952
0.821
0.856
0.62
0.882
0.933
0.949
0.874
0.829
0.781
0.829
0.905
0.852
0.857
0.698
0.552
0.674
0.683
0.6
0.543
0.646
0.569
0.582
0.633
0.623
0.78
0.787
0.784
0.654
0.623
0.626
0.773
0.659
0.535
0.813
0.929
0.885
0.784
0.715
0.714
0.688
0.547
0.682
0.652
0.754
0.619
0.547
0.48
0.775
0.826
0.792
0.55
0.577
0.787
0.892
0.677
0.657
0.751
0.732
0.605
0.686
0.718
0.695
0.821
0.828
0.827
0.858
0.87
0.846
0.657
0.64
0.606
0.543
0.492
0.588
0.501
0.575
0.752
0.814
0.67
0.727
0.736
0.694
0.687
0.755
0.75
0.769
0.618
0.742
0.774
0.655
0.556
0.646
0.716
0.721
0.925
0.779
0.689
0.688
0.753
0.7
0.633
0.623
0.837
0.96
0.826
0.756
0.764
0.718
0.715
0.727
0.686
0.882
0.764
0.63
0.648
0.625
0.671
0.722
0.826
0.785
0.734
0.776
0.775
0.799
0.901
0.75
0.738
0.798
0.738
0.743
0.782
0.798
0.771
0.768
0.696
0.765
0.722
0.702
0.728
0.811
0.851
0.789
0.753
0.713
0.651
0.747
0.807
0.798
0.707
0.735
0.777
0.832
0.836
0.798
0.814
0.836
0.78
0.8
0.767
0.72
0.733
0.739
0.775
0.753
0.755
0.808
0.851
0.845
0.845
0.851
0.831
0.819
0.729
0.92
0.83
0.838
0.879
0.854
0.815
0.793
0.752
0.781
0.856
0.829
0.87
0.937
0.79
0.752
0.749
0.794
0.876
0.829
0.782
0.796
0.848
0.866
0.844
0.838
0.846
0.842
0.815
0.835
0.875
0.772
0.762
0.73
0.814
0.837
0.875
0.89
0.841
0.773
0.838
0.854
0.777
0.756
0.742
0.703
0.744
0.833
0.778
0.911
0.931
0.826
0.785
0.753
0.785
0.662
0.694
0.705
0.722
0.758
0.862
0.963
0.903
0.739
0.787
0.724
0.702
0.672
0.621
0.61
0.636
0.806
0.821
0.892
0.774
0.709
0.676
0.675
0.735
0.705
0.871
0.901
0.801
0.782
0.802
0.757
0.688
0.611
0.619
0.569
0.632
0.691
0.662
0.654
0.88
0.938
0.947
0.897
0.76
0.839
0.911
0.797
0.724
0.743
0.782
0.744
0.699
0.681
0.838
0.842
0.786
0.8
0.875
0.944
0.941
0.872
0.905
0.9
0.823
0.708
0.828
0.755
0.759
0.563
0.875
0.942
0.822
0.894
0.979
0.901
0.898
0.948
0.914
0.977
0.983
0.818
0.882
0.885
0.855
0.797
0.878
0.841
0.816
0.881
0.919
0.874
0.942
0.94
0.943
0.947
0.936
0.938
0.965
0.974
0.969
0.983
0.947
0.919
0.969
0.972
0.956
0.986
0.995
1.004
0.973
0.946
0.964
0.959
0.872
0.899
0.952
0.965
0.976
0.847
0.885
0.91
0.923
0.944
0.959
0.952
0.879
0.805
0.811
0.854
0.96
0.939
0.874
0.847
0.981
0.852
0.575
0.726
0.826
0.961
0.903
0.875
0.582
0.555
0.622
0.85
0.679
0.821
0.902
0.887
0.901
0.739
0.756
0.545
0.588
0.821
0.823
0.748
0.74
0.686
0.843
0.781
0.867
0.753
0.763
0.85
0.922
0.781
0.758
0.899
0.934
0.804
0.659
0.718
0.725
0.708
0.662
0.691
0.645
0.709
0.715
0.583
0.697
0.83
0.778
0.796
0.651
0.649
0.686
0.65
0.924
0.817
0.717
0.692
0.823
0.899
0.738
0.741
0.643
0.838
0.871
0.697
0.677
0.576
0.835
0.868
0.821
0.759
0.778
0.574
0.544
0.614
0.597
0.515
0.511
0.567
0.633
0.623
0.603
0.776
0.694
0.765
0.757
0.582
0.597
0.683
0.79
0.612
0.607
0.924
0.884
0.83
0.768
0.704
0.66
0.802
0.885
0.667
0.786
0.786
0.809
0.835
0.843
0.802
0.718
0.631
0.809
0.849
0.872
0.794
0.828
0.943
0.814
0.643
0.608
0.687
0.732
0.681
0.662
0.705
0.702
0.732
0.626
0.591
0.652
0.712
0.781
0.852
0.748
0.663
0.598
0.671
0.666
0.671
0.667
0.752
0.776
0.697
0.786
0.836
0.756
0.652
0.745
0.779
0.665
0.698
0.737
0.711
0.668
0.702
0.614
0.643
0.733
0.791
0.803
0.779
0.794
0.801
0.773
0.779
0.816
0.819
0.701
0.803
0.881
0.801
0.774
0.736
0.812
0.825
0.774
0.678
0.717
0.799
0.803
0.835
0.853
0.826
0.831
0.799
0.72
0.63
0.78
0.816
0.83
0.824
0.876
0.732
0.857
0.875
0.821
0.81
0.851
0.796
0.765
0.696
0.72
0.81
0.76
0.647
0.69
0.737
0.692
0.633
0.697
0.758
0.833
0.817
0.73
0.624
0.738
0.767
0.699
0.636
0.679
0.836
0.927
0.829
0.78
0.835
0.786
0.921
0.906
0.816
0.816
0.815
0.789
0.69
0.673
0.689
0.624
0.713
0.954
0.803
0.671
0.63
0.627
0.734
0.881
0.95
0.889
0.889
0.743
0.854
0.746
0.644
0.688
0.691
0.732
0.87
0.871
0.929
0.81
0.692
0.742
0.647
0.662
0.716
0.645
0.621
0.776
0.723
0.643
0.719
0.631
0.631
0.711
0.753
0.763
0.742
0.639
0.628
0.761
0.744
0.795
0.809
0.756
0.884
0.786
0.654
0.645
0.657
0.793
0.852
0.751
0.859
0.836
0.957
0.936
0.843
0.81
0.799
0.796
0.733
0.715
0.837
0.831
0.817
0.735
0.764
0.915
0.943
0.968
0.865
0.867
0.969
0.912
0.92
0.708
0.699
0.699
0.864
0.617
0.697
0.833
0.911
0.91
0.873
0.828
0.829
0.927
0.848
0.86
0.923
0.879
0.93
0.921
0.897
0.942
0.949
0.95
0.923
0.921
0.875
0.921
0.756
0.828
0.771
0.867
0.918
0.942
0.898
0.892
0.967
0.767
0.679
0.719
0.824
0.916
0.966
0.965
0.965
0.703
0.854
0.859
0.881
0.901
0.864
0.867
0.848
0.93
0.885
0.858
0.799
0.734
0.757
0.873
0.817
0.764
0.775
0.947
0.884
0.881
0.765
0.742
0.731
0.944
0.693
0.541
0.752
0.824
0.914
0.573
0.779
0.774
0.813
0.821
0.856
0.557
0.479
0.715
0.811
0.83
0.884
0.855
0.754
0.852
0.842
0.92
0.859
0.54
0.685
0.74
0.913
0.953
0.941
0.89
0.849
0.818
0.719
0.731
0.881
0.903
0.689
0.698
0.707
0.669
0.875
0.93
0.783
0.74
0.776
0.894
0.892
0.856
0.776
0.785
0.778
0.78
0.873
0.82
0.914
0.758
0.709
0.724
0.693
0.753
0.921
0.857
0.74
0.705
0.894
0.7
0.625
0.649
0.838
0.877
0.942
0.887
0.703
0.737
0.926
0.966
0.793
0.749
0.861
0.893
0.823
0.719
0.715
0.703
0.629
0.72
0.827
0.887
0.812
0.714
0.753
0.781
0.815
0.772
0.725
0.687
0.818
0.876
0.821
0.924
0.794
0.741
0.702
0.717
0.737
0.781
0.802
0.81
0.826
0.769
0.717
0.667
0.684
0.747
0.684
0.693
0.677
0.685
0.66
0.758
0.788
0.781
0.638
0.74
0.819
0.772
0.753
0.756
0.741
0.707
0.631
0.653
0.759
0.772
0.671
0.598
0.636
0.638
0.672
0.756
0.747
0.782
0.765
0.734
0.719
0.775
0.835
0.782
0.745
0.798
0.823
0.823
0.84
0.827
0.746
0.742
0.779
0.755
0.784
0.77
0.79
0.765
0.721
0.631
0.607
0.684
0.766
0.712
0.747
0.794
0.747
0.748
0.75
0.864
0.796
0.663
0.826
0.871
0.886
0.798
0.703
0.701
0.8
0.798
0.704
0.717
0.739
0.698
0.716
0.64
0.632
0.59
0.518
0.422
0.384
0.449
0.592
0.48
0.369
0.539
0.778
0.694
0.493
0.571
0.743
0.835
0.803
0.716
0.704
0.59
0.634
0.824
0.963
0.82
0.726
0.724
0.751
0.748
0.793
0.803
0.792
0.624
0.653
0.559
0.572
0.609
0.734
0.802
0.718
0.541
0.615
0.744
0.6
0.704
0.781
0.64
0.648
0.635
0.79
0.72
0.852
0.922
0.807
0.696
0.781
0.797
0.736
0.667
0.572
0.631
0.736
0.727
0.876
0.703
0.72
0.857
0.942
0.852
0.804
0.715
0.75
0.858
0.853
0.849
0.73
0.813
0.677
0.827
0.904
0.871
0.867
0.777
0.736
0.866
0.86
0.857
0.839
0.601
0.723
0.893
0.862
0.922
0.901
0.956
0.938
0.847
0.932
0.884
0.953
0.942
0.96
0.933
0.881
0.901
0.931
0.98
0.882
0.723
0.797
0.685
0.802
0.949
0.94
0.963
0.972
0.998
0.957
0.958
0.933
0.924
0.948
0.939
0.95
0.942
0.931
0.979
0.963
0.898
0.759
0.806
0.797
0.671
0.705
0.878
0.867
0.835
0.839
0.856
0.814
0.794
0.722
0.853
0.872
0.888
0.742
0.921
0.944
0.928
0.983
0.982
0.996
0.975
0.947
0.694
0.842
0.856
0.772
0.793
0.921
0.768
0.797
0.818
0.923
0.891
0.879
0.934
0.961
0.985
0.98
0.933
0.987
0.92
0.897
0.791
0.819
0.976
0.973
0.975
0.977
0.824
0.951
0.941
0.884
0.95
0.912
0.827
0.719
0.839
0.855
0.948
0.931
0.761
0.833
0.775
0.902
0.914
0.865
0.926
0.842
0.768
0.685
0.804
0.783
0.647
0.707
0.869
0.617
0.707
0.781
0.744
0.81
0.959
0.931
0.686
0.913
0.919
0.867
0.829
0.757
0.671
0.698
0.611
0.618
0.618
0.821
0.898
0.801
0.742
0.803
0.846
0.682
0.483
0.593
0.666
0.464
0.556
0.651
0.665
0.74
0.92
0.824
0.674
0.822
0.758
0.836
0.886
0.897
0.839
0.842
0.883
0.702
0.649
0.862
0.855
0.835
0.876
0.839
0.852
0.788
0.723
0.811
0.783
0.782
0.764
0.726
0.718
0.709
0.787
0.897
0.761
0.617
0.803
0.916
0.83
0.688
0.798
0.789
0.764
0.692
0.81
0.915
0.9
0.78
0.712
0.795
0.857
0.805
0.765
0.758
0.689
0.625
0.614
0.624
0.7
0.756
0.757
0.674
0.745
0.735
0.712
0.701
0.68
0.776
0.816
0.798
0.805
0.821
0.882
0.876
0.832
0.78
0.685
0.687
0.79
0.795
0.737
0.822
0.714
0.722
0.849
0.844
0.829
0.769
0.765
0.821
0.862
0.874
0.743
0.709
0.801
0.805
0.827
0.823
0.831
0.842
0.831
0.823
0.797
0.82
0.814
0.824
0.828
0.836
0.801
0.837
0.866
0.824
0.77
0.711
0.764
0.852
0.876
0.748
0.701
0.866
0.886
0.832
0.83
0.852
0.82
0.778
0.968
0.944
0.884
0.843
0.781
0.706
0.75
0.823
0.847
0.838
0.803
0.781
0.804
0.839
0.842
0.715
0.665
0.727
0.864
0.767
0.677
0.9
0.811
0.832
0.763
0.68
0.814
0.783
0.831
0.732
0.683
0.667
0.656
0.836
0.726
0.629
0.645
0.7
0.666
0.76
0.753
0.736
0.611
0.756
0.765
0.818
0.721
0.599
0.758
0.708
0.771
0.762
0.722
0.646
0.811
0.865
0.748
0.774
0.811
0.727
0.777
0.873
0.857
0.834
0.765
0.863
0.855
0.691
0.632
0.568
0.572
0.885
0.909
0.738
0.598
0.756
0.923
0.856
0.923
0.874
0.791
0.812
0.868
0.792
0.841
0.597
0.791
0.895
0.899
0.82
0.783
0.756
0.61
0.595
0.704
0.857
0.935
0.87
0.885
0.909
0.934
0.892
0.654
0.645
0.899
0.955
0.919
0.879
0.892
0.916
0.859
0.86
0.873
0.947
0.958
0.915
0.93
0.879
0.759
0.911
0.868
0.78
0.811
0.959
0.956
0.929
0.946
0.871
0.784
0.869
0.87
0.772
0.875
0.947
0.915
0.841
0.904
0.842
0.92
0.95
0.848
0.785
0.856
0.862
0.783
0.886
0.871
0.953
0.967
0.886
0.862
0.877
0.874
0.954
0.962
0.956
0.926
0.924
0.969
0.93
0.908
0.91
0.929
0.828
0.893
0.919
0.919
0.86
0.832
0.842
0.881
0.878
0.928
0.885
0.821
0.843
0.917
0.862
0.845
0.807
0.708
0.687
0.845
0.865
0.834
0.926
0.913
0.862
0.766
0.786
0.843
0.719
0.774
0.576
0.55
0.807
0.741
0.86
0.877
0.907
0.87
0.855
0.762
0.614
0.671
0.79
0.892
0.903
0.89
0.861
0.844
0.954
0.94
0.89
0.876
0.783
0.741
0.598
0.614
0.77
0.764
0.755
0.698
0.722
0.797
0.883
0.724
0.593
0.642
0.748
0.719
0.715
0.826
0.789
0.859
0.839
0.659
0.779
0.725
0.739
0.656
0.64
0.795
0.84
0.93
0.719
0.691
0.763
0.713
0.813
0.751
0.74
0.719
0.744
0.722
0.726
0.784
0.9
0.797
0.777
0.787
0.806
0.832
0.859
0.798
0.772
0.781
0.832
0.802
0.798
0.83
0.768
0.789
0.833
0.697
0.69
0.716
0.672
0.645
0.664
0.708
0.75
0.757
0.864
0.959
0.886
0.821
0.813
0.764
0.793
0.814
0.811
0.775
0.66
0.733
0.759
0.707
0.716
0.883
0.71
0.708
0.758
0.736
0.677
0.724
0.722
0.823
0.818
0.803
0.792
0.788
0.815
0.778
0.773
0.789
0.853
0.821
0.829
0.803
0.764
0.762
0.821
0.775
0.772
0.79
0.834
0.818
0.756
0.78
0.902
0.924
0.865
0.794
0.84
0.853
0.809
0.743
0.819
0.866
0.867
0.773
0.764
0.734
0.772
0.844
0.852
0.82
0.797
0.777
0.743
0.734
0.739
0.84
0.888
0.941
0.851
0.78
0.826
0.822
0.818
0.839
0.861
0.862
0.887
0.898
0.774
0.763
0.763
0.804
0.806
0.783
0.778
0.843
0.922
0.873
0.732
0.689
0.757
0.755
0.758
0.778
0.808
0.856
0.773
0.722
0.702
0.652
0.602
0.623
0.706
0.731
0.691
0.671
0.728
0.826
0.667
0.641
0.753
0.549
0.595
0.628
0.574
0.556
0.672
0.687
0.658
0.736
0.714
0.854
0.826
0.871
0.795
0.6
0.814
0.935
0.923
0.864
0.818
0.879
0.851
0.689
0.655
0.786
0.79
0.861
0.806
0.652
0.779
0.923
0.808
0.905
0.735
0.705
0.777
0.641
0.582
0.597
0.776
0.773
0.736
0.677
0.593
0.775
0.912
0.941
0.964
0.921
0.817
0.801
0.937
0.996
0.876
0.739
0.691
0.793
0.786
0.836
0.845
0.823
0.818
0.779
0.873
0.921
0.982
0.864
0.858
0.971
0.849
0.889
0.853
0.824
0.887
0.871
0.866
0.889
0.923
0.798
0.907
0.938
0.936
0.918
0.97
0.932
0.942
0.902
0.963
0.978
0.973
0.914
0.977
0.98
0.914
0.944
0.964
0.929
0.96
0.979
0.974
0.989
0.998
0.916
0.903
0.762
0.815
0.731
0.692
0.913
0.872
0.871
0.885
0.849
0.977
0.967
0.964
0.912
0.921
0.921
0.964
0.968
0.949
0.965
0.962
0.95
0.913
0.833
0.83
0.947
0.971
0.883
0.907
0.899
0.816
0.919
0.948
0.869
0.686
0.535
0.721
0.859
0.919
0.952
0.867
0.871
0.89
0.87
0.874
0.943
0.92
0.819
0.866
0.945
0.92
0.874
0.876
0.656
0.599
0.728
0.926
0.886
0.777
0.702
0.731
0.777
0.782
0.82
0.897
0.925
0.848
0.818
0.932
0.863
0.81
0.825
0.779
0.883
0.8
0.698
0.787
0.812
0.864
0.74
0.706
0.658
0.727
0.844
0.841
0.746
0.687
0.698
0.756
0.736
0.655
0.7
0.619
0.599
0.608
0.627
0.717
0.846
0.908
0.952
0.856
0.736
0.844
0.817
0.739
0.783
0.851
0.73
0.735
0.825
0.656
0.625
0.572
0.637
0.652
0.61
0.704
0.713
0.873
0.799
0.802
0.789
0.757
0.675
0.659
0.792
0.853
0.641
0.708
0.828
0.843
0.8
0.675
0.675
0.677
0.699
0.609
0.618
0.648
0.774
0.859
0.804
0.734
0.673
0.617
0.643
0.686
0.702
0.749
0.788
0.838
0.767
0.785
0.789
0.748
0.778
0.775
0.722
0.63
0.737
0.639
0.644
0.67
0.63
0.677
0.682
0.732
0.722
0.792
0.784
0.749
0.727
0.761
0.76
0.757
0.763
0.688
0.625
0.596
0.742
0.785
0.847
0.819
0.857
0.815
0.815
0.803
0.738
0.794
0.781
0.756
0.775
0.825
0.767
0.918
0.799
0.733
0.718
0.721
0.733
0.731
0.71
0.752
0.833
0.791
0.786
0.744
0.795
0.798
0.823
0.815
0.829
0.9
0.876
0.796
0.744
0.784
0.806
0.855
0.825
0.778
0.808
0.774
0.759
0.805
0.892
0.772
0.701
0.921
0.884
0.763
0.705
0.725
0.625
0.719
0.712
0.702
0.744
0.788
0.733
0.663
0.623
0.643
0.706
0.749
0.889
0.944
0.791
0.742
0.751
0.608
0.701
0.87
0.833
0.804
0.848
0.803
0.679
0.748
0.631
0.67
0.73
0.753
0.719
0.704
0.738
0.843
0.872
0.841
0.887
0.892
0.867
0.846
0.765
0.677
0.698
0.631
0.639
0.616
0.774
0.828
0.809
0.691
0.897
0.867
0.698
0.674
0.675
0.585
0.648
0.731
0.779
0.679
0.61
0.639
0.776
0.806
0.76
0.778
0.851
0.628
0.643
0.578
0.687
0.636
0.954
0.894
0.62
0.671
0.636
0.692
0.797
0.765
0.749
0.867
0.789
0.8
0.811
0.849
0.886
0.744
0.78
0.821
0.81
0.942
0.923
0.905
0.87
0.924
0.927
0.955
0.956
0.925
0.913
0.889
0.961
0.954
0.86
0.911
0.892
0.92
0.939
0.983
0.948
0.941
0.967
0.96
0.95
0.929
0.971
0.958
0.969
0.918
0.897
0.959
0.93
0.924
0.766
0.818
0.876
0.85
0.836
0.911
0.82
0.866
0.87
0.746
0.827
0.958
0.905
0.845
0.917
0.897
0.75
0.861
0.797
0.827
0.739
0.756
0.777
0.885
0.847
0.816
0.806
0.867
0.968
0.955
0.888
0.831
0.837
0.809
0.798
0.902
0.899
0.862
0.855
0.849
0.815
0.894
0.854
0.491
0.62
0.683
0.734
0.775
0.819
0.796
0.775
0.628
0.778
0.83
0.749
0.902
0.813
0.763
0.799
0.877
0.857
0.793
0.971
0.906
0.851
0.909
0.857
0.794
0.681
0.664
0.766
0.62
0.685
0.727
0.582
0.677
0.79
0.723
0.717
0.781
0.674
0.789
0.796
0.686
0.751
0.8
0.795
0.816
0.743
0.748
0.673
0.847
0.826
0.701
0.638
0.611
0.708
0.717
0.724
0.762
0.697
0.795
0.76
0.68
0.597
0.636
0.628
0.681
0.769
0.782
0.647
0.612
0.638
0.664
0.712
0.769
0.712
0.769
0.716
0.731
0.77
0.588
0.531
0.641
0.718
0.83
0.874
0.849
0.846
0.93
0.851
0.783
0.764
0.864
0.769
0.732
0.704
0.599
0.573
0.754
0.833
0.783
0.712
0.679
0.625
0.695
0.785
0.819
0.758
0.771
0.601
0.532
0.615
0.724
0.743
0.758
0.688
0.742
0.724
0.668
0.584
0.558
0.652
0.733
0.763
0.708
0.769
0.817
0.838
0.73
0.663
0.791
0.792
0.746
0.746
0.689
0.691
0.739
0.785
0.794
0.778
0.69
0.656
0.648
0.756
0.807
0.777
0.836
0.812
0.811
0.833
0.78
0.751
0.806
0.79
0.801
0.796
0.821
0.72
0.735
0.774
0.777
0.837
0.85
0.825
0.83
0.817
0.831
0.835
0.867
0.829
0.747
0.804
0.843
0.837
0.798
0.825
0.839
0.744
0.709
0.81
0.808
0.755
0.754
0.817
0.846
0.848
0.735
0.743
0.794
0.794
0.787
0.793
0.825
0.925
0.954
0.89
0.865
0.828
0.839
0.878
0.76
0.726
0.752
0.712
0.72
0.738
0.841
0.853
0.831
0.773
0.771
0.772
0.759
0.704
0.769
0.788
0.784
0.685
0.822
0.839
0.817
0.709
0.612
0.595
0.771
0.684
0.785
0.75
0.698
0.785
0.812
0.808
0.66
0.688
0.686
0.644
0.748
0.802
0.688
0.602
0.659
0.6
0.627
0.955
0.875
0.933
0.825
0.714
0.844
0.821
0.795
0.731
0.626
0.89
0.838
0.66
0.747
0.818
0.744
0.649
0.752
0.709
0.696
0.681
0.837
0.921
0.832
0.848
0.963
0.82
0.825
0.803
0.866
0.985
0.869
0.822
0.897
0.762
0.682
0.746
0.797
0.679
0.687
0.788
0.795
0.701
0.836
0.908
0.949
0.765
0.787
0.64
0.782
0.795
0.84
0.566
0.402
0.542
0.672
0.761
0.88
0.86
0.854
0.806
0.929
0.838
0.772
0.778
0.873
0.982
0.92
0.904
0.91
0.952
0.86
0.799
0.831
0.87
0.933
0.907
0.83
0.826
0.87
0.985
0.955
0.892
0.868
0.826
0.664
0.773
0.898
0.98
0.935
0.945
0.833
0.698
0.772
0.854
0.773
0.879
0.964
0.911
0.942
0.827
0.858
0.93
0.895
0.838
0.897
0.854
0.91
0.91
0.73
0.676
0.726
0.78
0.852
0.88
0.885
0.883
0.889
0.913
0.934
0.872
0.894
0.892
0.955
0.889
0.953
0.913
0.955
0.95
0.844
0.897
0.963
0.962
0.934
0.875
0.928
0.848
0.837
0.822
0.81
0.578
0.82
0.847
0.831
0.827
0.742
0.669
0.806
0.866
0.832
0.725
0.777
0.685
0.809
0.865
0.87
0.885
0.954
0.934
0.824
0.759
0.779
0.828
0.656
0.645
0.732
0.853
0.736
0.734
0.936
0.738
0.71
0.736
0.836
0.825
0.714
0.854
0.938
0.786
0.688
0.782
0.726
0.77
0.763
0.835
0.681
0.503
0.541
0.695
0.798
0.878
0.907
0.918
0.832
0.722
0.733
0.824
0.843
0.772
0.792
0.796
0.661
0.621
0.678
0.675
0.711
0.641
0.81
0.73
0.602
0.689
0.786
0.829
0.675
0.63
0.777
0.778
0.714
0.609
0.591
0.697
0.707
0.744
0.705
0.662
0.639
0.568
0.591
0.679
0.706
0.778
0.865
0.716
0.666
0.748
0.751
0.57
0.541
0.62
0.636
0.619
0.641
0.525
0.637
0.609
0.702
0.681
0.648
0.671
0.592
0.659
0.716
0.695
0.707
0.791
0.71
0.598
0.623
0.65
0.595
0.718
0.775
0.686
0.632
0.674
0.725
0.723
0.766
0.68
0.725
0.644
0.731
0.618
0.702
0.793
0.819
0.777
0.655
0.62
0.621
0.72
0.722
0.75
0.81
0.776
0.815
0.764
0.624
0.677
0.704
0.722
0.705
0.87
0.831
0.838
0.819
0.778
0.836
0.734
0.705
0.718
0.604
0.694
0.76
0.688
0.652
0.83
0.979
0.938
0.887
0.797
0.796
0.857
0.831
0.768
0.756
0.728
0.835
0.806
0.748
0.702
0.716
0.776
0.701
0.692
0.727
0.846
0.89
0.847
0.858
0.791
0.69
0.751
0.752
0.643
0.668
0.693
0.72
0.784
0.727
0.69
0.625
0.689
0.67
0.795
0.811
0.703
0.648
0.623
0.686
0.803
0.743
0.65
0.703
0.711
0.724
0.65
0.643
0.771
0.884
0.753
0.643
0.65
0.655
0.78
0.759
0.771
0.738
0.593
0.5
0.548
0.956
0.783
0.768
0.832
0.923
0.698
0.575
0.616
0.654
0.687
0.593
0.587
0.616
0.66
0.65
0.736
0.595
0.637
0.721
0.804
0.863
0.833
0.799
0.665
0.663
0.677
0.84
0.789
0.883
0.91
0.913
0.777
0.814
0.869
0.925
0.852
0.827
0.778
0.823
0.887
0.918
0.89
0.779
0.896
0.894
0.957
0.948
0.953
0.962
0.963
0.933
0.939
0.876
0.896
0.958
0.926
0.992
0.95
0.98
0.946
0.879
0.931
0.734
0.846
0.828
0.914
0.947
0.893
0.881
0.894
0.912
0.893
0.886
0.889
0.9
0.915
0.944
0.921
0.915
0.818
0.928
0.809
0.837
0.86
0.896
0.912
0.906
0.841
0.726
0.578
0.711
0.86
0.881
0.858
0.838
0.904
0.936
0.914
0.833
0.828
0.747
0.938
0.934
0.949
0.943
1
1.001
0.935
0.908
0.856
0.858
0.659
0.885
0.918
0.932
0.912
0.886
0.942
0.906
0.488
0.498
0.697
0.926
0.91
0.906
0.921
0.966
0.841
0.748
0.918
0.899
0.842
0.909
0.961
0.943
0.941
0.906
0.905
0.838
0.913
0.917
0.886
0.841
0.847
0.816
0.821
0.784
0.857
0.974
0.782
0.835
0.887
0.842
0.759
0.667
0.775
0.779
0.869
0.701
0.756
0.917
0.895
0.68
0.673
0.927
0.79
0.739
0.761
0.77
0.776
0.866
0.877
0.881
0.884
0.766
0.589
0.608
0.682
0.67
0.663
0.865
0.796
0.729
0.696
0.633
0.687
0.729
0.65
0.751
0.734
0.649
0.759
0.805
0.81
0.744
0.606
0.585
0.741
0.958
0.843
0.755
0.823
0.903
0.764
0.869
0.834
0.792
0.73
0.766
0.716
0.655
0.745
0.772
0.702
0.728
0.628
0.757
0.858
0.732
0.593
0.598
0.774
0.732
0.616
0.711
0.844
0.808
0.765
0.772
0.769
0.747
0.827
0.694
0.708
0.75
0.753
0.645
0.735
0.751
0.748
0.748
0.646
0.688
0.728
0.718
0.742
0.735
0.826
0.803
0.826
0.776
0.805
0.709
0.735
0.865
0.817
0.783
0.795
0.786
0.821
0.81
0.776
0.792
0.779
0.807
0.781
0.701
0.778
0.805
0.749
0.772
0.839
0.823
0.803
0.808
0.736
0.762
0.843
0.764
0.749
0.744
0.806
0.824
0.835
0.835
0.775
0.784
0.835
0.837
0.803
0.799
0.75
0.813
0.828
0.739
0.763
0.781
0.77
0.727
0.796
0.795
0.828
0.786
0.788
0.782
0.734
0.773
0.824
0.773
0.828
0.9
0.847
0.761
0.608
0.63
0.704
0.648
0.68
0.796
0.735
0.697
0.674
0.728
0.602
0.642
0.814
0.901
0.842
0.855
0.757
0.718
0.767
0.718
0.652
0.677
0.761
0.719
0.67
0.625
0.728
0.822
0.792
0.771
0.802
0.791
0.745
0.697
0.616
0.588
0.719
0.67
0.814
0.683
0.52
0.613
0.552
0.484
0.672
0.751
0.809
0.696
0.628
0.575
0.516
0.716
0.675
0.666
0.746
0.843
0.709
0.702
0.74
0.706
0.589
0.603
0.753
0.804
0.739
0.617
0.52
0.578
0.801
0.717
0.803
0.806
0.756
0.729
0.851
0.909
1.003
0.796
0.804
0.79
0.769
0.858
0.798
0.744
0.77
0.88
0.914
0.865
0.849
0.849
0.852
0.921
0.943
0.853
0.743
0.829
0.579
0.616
0.797
0.853
0.85
0.931
0.834
0.846
0.777
0.759
0.889
0.731
0.913
0.933
0.987
0.967
0.909
0.832
0.907
0.975
0.899
0.923
1.027
0.941
0.79
0.808
0.841
0.784
0.82
0.921
0.904
0.758
0.785
0.966
0.894
0.916
0.957
0.945
0.944
0.944
0.89
0.901
0.851
0.949
0.908
0.947
0.927
0.961
0.994
1.007
0.857
0.859
0.892
0.902
0.938
0.961
0.697
0.823
0.903
0.75
0.82
0.87
0.768
0.928
0.918
0.895
0.849
0.933
0.982
0.855
0.81
0.914
0.875
0.783
0.545
0.842
0.831
0.671
0.809
0.845
0.808
0.759
0.773
0.885
0.961
0.701
0.768
0.619
0.503
0.364
0.607
0.844
0.866
0.977
0.851
0.888
0.907
0.467
0.675
0.655
0.635
0.696
0.698
0.784
0.779
0.626
0.58
0.577
0.671
0.61
0.823
0.833
0.671
0.781
0.869
0.765
0.741
0.655
0.583
0.902
0.738
0.755
0.881
0.802
0.673
0.601
0.673
0.759
0.644
0.726
0.947
0.908
0.671
0.533
0.543
0.694
0.949
0.804
0.775
0.702
0.69
0.695
0.636
0.615
0.782
0.868
0.849
0.811
0.735
0.593
0.566
0.68
0.752
0.848
0.763
0.804
0.786
0.668
0.538
0.705
0.752
0.649
0.818
0.646
0.535
0.509
0.508
0.575
0.619
0.723
0.699
0.754
0.828
0.876
0.909
0.818
0.668
0.645
0.731
0.874
0.848
0.711
0.666
0.586
0.631
0.791
0.808
0.838
0.931
0.831
0.675
0.658
0.642
0.653
0.834
0.822
0.787
0.794
0.779
0.744
0.711
0.644
0.646
0.773
0.708
0.654
0.709
0.839
0.851
0.896
0.865
0.822
0.799
0.703
0.705
0.718
0.732
0.693
0.8
0.743
0.69
0.678
0.677
0.789
0.76
0.812
0.786
0.728
0.769
0.859
0.875
0.808
0.838
0.824
0.788
0.766
0.872
0.768
0.81
0.751
0.801
0.728
0.809
0.81
0.681
0.626
0.785
0.812
0.826
0.815
0.765
0.73
0.701
0.634
0.632
0.683
0.819
0.77
0.82
0.699
0.768
0.769
0.678
0.576
0.682
0.743
0.871
0.823
0.756
0.702
0.661
0.641
0.649
0.655
0.59
0.616
0.84
0.925
0.874
0.784
0.736
0.743
0.655
0.679
0.704
0.735
0.731
0.609
0.655
0.714
0.888
0.831
0.814
0.731
0.69
0.844
0.792
0.661
0.686
0.682
0.556
0.813
0.697
0.75
0.68
0.724
0.741
0.746
0.959
0.791
0.673
0.714
0.751
0.802
0.896
0.896
0.755
0.639
0.62
0.683
0.665
0.713
0.945
0.927
0.763
0.636
0.718
0.854
0.768
0.825
0.858
0.639
0.676
0.746
0.621
0.653
0.635
0.623
0.765
0.718
0.795
0.748
0.769
0.745
0.744
0.778
0.783
0.754
0.832
0.883
0.796
0.821
0.816
0.829
0.846
0.811
0.777
0.798
0.738
0.8
0.818
0.673
0.813
0.9
0.662
0.575
0.544
0.764
0.806
0.892
0.603
0.593
0.57
0.832
0.948
0.915
0.661
0.748
0.762
0.931
0.897
0.926
0.927
0.895
0.931
0.913
0.865
0.782
0.902
0.762
0.893
0.963
0.91
0.788
0.777
0.874
0.926
0.944
0.921
0.926
0.869
0.931
0.928
0.937
0.953
0.968
0.951
0.964
0.989
0.98
0.974
0.936
0.933
0.963
0.939
0.933
0.941
0.777
0.714
0.782
0.591
0.737
0.838
0.882
0.922
0.946
0.885
0.893
0.907
0.924
0.861
0.951
0.937
0.922
0.965
0.948
0.954
0.968
0.948
0.959
0.963
0.98
0.97
0.89
0.972
0.976
0.955
0.912
0.9
0.96
0.979
0.957
0.93
0.941
0.914
0.894
0.844
0.8
0.767
0.783
0.859
0.819
0.902
0.985
0.96
0.918
0.723
0.53
0.535
0.689
0.721
0.832
0.905
0.848
0.647
0.732
0.653
0.735
0.898
0.872
0.728
0.626
0.668
0.628
0.617
0.631
0.58
0.643
0.652
0.852
0.75
0.635
0.641
0.535
0.732
0.673
0.56
0.688
0.628
0.693
0.674
0.57
0.518
0.575
0.646
0.753
0.875
0.935
0.742
0.612
0.541
0.672
0.748
0.821
0.744
0.625
0.601
0.701
0.707
0.845
0.674
0.536
0.831
0.905
0.876
0.755
0.686
0.69
0.897
0.953
0.843
0.64
0.675
0.778
0.741
0.757
0.746
0.715
0.686
0.734
0.711
0.608
0.68
0.773
0.685
0.782
0.764
0.805
0.841
0.72
0.62
0.864
0.724
0.708
0.773
0.804
0.835
0.883
0.771
0.771
0.757
0.764
0.751
0.699
0.754
0.779
0.773
0.712
0.665
0.804
0.822
0.763
0.649
0.627
0.574
0.579
0.691
0.75
0.705
0.697
0.674
0.811
0.713
0.652
0.766
0.806
0.795
0.771
0.773
0.754
0.815
0.803
0.785
0.806
0.746
0.808
0.798
0.845
0.706
0.65
0.812
0.824
0.668
0.725
0.798
0.796
0.81
0.842
0.838
0.796
0.73
0.702
0.71
0.732
0.805
0.813
0.812
0.787
0.785
0.749
0.649
0.659
0.58
0.632
0.761
0.797
0.816
0.835
0.78
0.701
0.573
0.521
0.59
0.558
0.492
0.484
0.511
0.546
0.577
0.482
0.39
0.406
0.509
0.559
0.589
0.683
0.74
0.485
0.527
0.54
0.695
0.81
0.593
0.735
0.73
0.557
0.575
0.59
0.501
0.607
0.666
0.872
0.962
0.789
0.699
0.715
0.739
0.868
0.808
0.725
0.668
0.596
0.548
0.476
0.616
0.534
0.67
0.653
0.709
0.585
0.63
0.563
0.595
0.564
0.494
0.566
0.529
0.449
0.469
0.68
0.775
0.586
0.541
0.645
0.502
0.608
0.656
0.669
0.613
0.613
0.694
0.676
0.501
0.486
0.573
0.735
0.721
0.594
0.595
0.709
0.573
0.669
0.81
0.787
0.685
0.804
0.808
0.757
0.812
0.728
0.819
0.744
0.849
0.878
0.811
0.959
0.826
0.686
0.786
0.802
0.779
0.799
0.774
0.875
0.871
0.886
0.898
0.91
0.856
0.828
0.889
0.93
0.936
0.925
0.948
0.957
0.927
0.93
0.929
0.893
0.922
0.918
0.898
0.951
0.964
0.96
0.924
0.964
0.619
0.691
0.744
0.586
0.849
0.819
0.882
0.919
0.85
0.931
0.9
0.88
0.89
0.931
0.827
0.883
0.982
0.945
0.885
0.821
0.837
0.791
0.909
0.964
0.965
0.943
0.944
0.956
0.939
0.902
0.942
0.945
0.919
0.95
0.95
0.999
0.986
0.9
0.878
0.909
0.947
0.905
0.934
0.916
0.896
0.871
0.861
0.782
0.7
0.654
0.935
0.895
0.951
0.93
0.929
0.942
0.921
0.91
0.804
0.819
0.765
0.828
0.904
0.844
0.858
0.82
0.949
0.954
0.836
0.833
0.84
0.823
0.906
0.875
0.784
0.768
0.781
0.738
0.825
0.874
0.93
0.774
0.618
0.554
0.585
0.628
0.587
0.706
0.823
0.691
0.745
0.762
0.91
0.762
0.678
0.822
0.922
0.884
0.849
0.805
0.786
0.652
0.57
0.796
0.802
0.724
0.834
0.925
0.929
0.786
0.85
0.847
0.864
0.946
0.807
0.78
0.791
0.774
0.654
0.778
0.828
0.911
0.795
0.626
0.698
0.691
0.768
0.721
0.757
0.818
0.809
0.789
0.8
0.948
0.938
0.951
0.905
0.83
0.856
0.738
0.699
0.749
0.769
0.84
0.791
0.923
0.832
0.849
0.744
0.718
0.7
0.697
0.681
0.707
0.755
0.673
0.709
0.703
0.747
0.812
0.812
0.813
0.729
0.716
0.735
0.75
0.779
0.781
0.786
0.845
0.814
0.774
0.817
0.869
0.805
0.715
0.738
0.78
0.772
0.65
0.64
0.748
0.79
0.716
0.686
0.656
0.711
0.741
0.663
0.702
0.784
0.795
0.781
0.755
0.757
0.79
0.805
0.821
0.855
0.804
0.784
0.785
0.782
0.805
0.798
0.768
0.767
0.792
0.806
0.739
0.683
0.763
0.853
0.851
0.861
0.846
0.818
0.84
0.858
0.837
0.811
0.738
0.658
0.732
0.816
0.836
0.757
0.67
0.729
0.733
0.692
0.795
0.743
0.627
0.759
0.8
0.803
0.796
0.813
0.701
0.614
0.7
0.709
0.62
0.574
0.729
0.829
0.853
0.937
0.906
0.873
0.822
0.77
0.76
0.723
0.822
0.773
0.668
0.779
0.767
0.816
0.849
0.87
0.781
0.918
0.84
0.859
0.862
0.792
0.792
0.86
0.905
0.884
0.759
0.779
0.76
0.71
0.75
0.742
0.71
0.639
0.634
0.611
0.785
0.865
0.776
0.661
0.75
0.667
0.718
0.964
0.976
0.84
0.72
0.664
0.73
0.668
0.761
0.91
0.765
0.674
0.695
0.731
0.742
0.606
0.677
0.814
0.681
0.63
0.824
0.79
0.818
0.729
0.691
0.645
0.707
0.891
0.873
0.821
0.626
0.523
0.629
0.829
0.835
0.923
0.864
0.846
0.803
0.793
0.899
0.94
0.973
0.858
0.887
0.902
0.849
0.854
0.986
0.931
0.873
0.843
0.892
0.767
0.75
0.766
0.84
0.94
0.958
0.768
0.863
0.915
0.884
0.933
0.96
0.931
0.867
0.821
0.844
0.862
0.917
0.844
0.877
0.945
0.923
0.94
0.657
0.537
0.616
0.907
0.883
0.885
0.837
0.766
0.854
0.874
0.98
0.776
0.689
0.546
0.77
0.974
0.634
0.737
0.669
0.914
0.96
0.916
0.829
0.85
0.945
0.936
0.874
0.827
0.851
0.831
0.891
0.852
0.791
0.909
0.91
0.864
0.894
0.824
0.799
0.814
0.819
0.815
0.914
0.94
0.925
0.928
0.883
0.828
0.657
0.799
0.865
0.881
0.845
0.927
0.771
0.719
0.734
0.746
0.927
0.859
0.902
0.863
0.82
0.834
0.673
0.714
0.876
0.702
0.661
0.679
0.825
0.828
0.737
0.822
0.838
0.794
0.779
0.786
0.772
0.719
0.712
0.748
0.829
0.9
0.847
0.648
0.734
0.749
0.847
0.88
0.862
0.812
0.799
0.78
0.761
0.705
0.587
0.559
0.586
0.731
0.735
0.656
0.585
0.753
0.813
0.745
0.69
0.657
0.649
0.686
0.842
0.794
0.641
0.604
0.594
0.852
0.64
0.663
0.68
0.752
0.808
0.838
0.736
0.77
0.884
0.786
0.848
0.825
0.701
0.715
0.541
0.514
0.668
0.745
0.596
0.61
0.635
0.655
0.632
0.557
0.588
0.778
0.727
0.717
0.686
0.735
0.726
0.669
0.671
0.615
0.742
0.893
0.68
0.637
0.7
0.746
0.664
0.551
0.526
0.52
0.529
0.713
0.732
0.669
0.64
0.667
0.656
0.731
0.722
0.669
0.645
0.657
0.73
0.642
0.548
0.659
0.626
0.53
0.587
0.663
0.65
0.659
0.676
0.645
0.659
0.674
0.652
0.618
0.747
0.714
0.612
0.646
0.623
0.631
0.698
0.706
0.601
0.527
0.624
0.739
0.831
0.719
0.564
0.585
0.634
0.563
0.528
0.657
0.752
0.62
0.488
0.479
0.63
0.431
0.375
0.553
0.748
0.646
0.528
0.58
0.724
0.815
0.875
0.735
0.649
0.775
0.692
0.636
0.725
0.631
0.533
0.56
0.534
0.47
0.423
0.408
0.451
0.45
0.713
0.76
0.714
0.612
0.537
0.683
0.837
0.805
0.869
0.814
0.717
0.691
0.8
0.72
0.627
0.587
0.624
0.642
0.773
0.628
0.534
0.567
0.846
0.618
0.56
0.587
0.812
0.742
0.641
0.669
0.862
0.872
0.829
0.678
0.694
0.735
0.925
0.842
0.693
0.863
0.795
0.76
0.668
0.681
0.713
0.6
0.666
0.702
0.817
0.806
0.723
0.644
0.653
0.672
0.832
0.721
0.699
0.74
0.753
0.675
0.808
0.843
0.813
0.772
0.862
0.901
0.78
0.737
0.733
0.725
0.69
0.71
0.768
0.789
0.719
0.714
0.58
0.747
0.667
0.626
0.79
0.741
0.744
0.749
0.692
0.688
0.696
0.709
0.752
0.666
0.616
0.76
0.66
0.638
0.687
0.72
0.821
0.866
0.908
0.914
0.817
0.77
0.888
0.954
0.94
0.907
0.722
0.708
0.703
0.728
0.757
0.854
0.886
0.847
0.798
0.837
0.847
0.748
0.828
0.924
0.949
0.943
0.936
0.951
0.969
0.933
0.926
0.928
0.904
0.941
0.917
0.968
0.956
0.936
0.917
0.901
0.887
0.922
0.941
0.958
0.815
0.659
0.656
0.726
0.542
0.676
0.712
0.435
0.383
0.746
0.746
0.732
0.83
0.842
0.956
0.928
0.833
0.837
0.541
0.749
0.859
0.874
0.958
0.926
0.926
0.941
0.923
0.869
0.87
0.782
0.772
0.815
0.827
0.473
0.61
0.53
0.802
0.48
0.591
0.927
0.946
0.858
0.806
0.955
0.981
0.948
0.898
0.826
0.727
0.757
0.705
0.915
0.899
0.838
0.772
0.774
0.858
0.872
0.749
0.666
0.671
0.926
0.699
0.871
0.814
0.672
0.58
0.721
0.718
0.784
0.882
0.861
0.802
0.726
0.65
0.543
0.692
0.708
0.559
0.599
0.44
0.609
0.591
0.636
0.73
0.77
0.862
0.97
0.912
0.854
0.779
0.824
0.861
0.836
0.833
0.823
0.69
0.648
0.679
0.59
0.891
0.743
0.591
0.525
0.815
0.861
0.767
0.707
0.668
0.633
0.583
0.651
0.675
0.755
0.772
0.618
0.683
0.806
0.705
0.64
0.597
0.681
0.601
0.652
0.784
0.792
0.735
0.703
0.707
0.759
0.762
0.69
0.604
0.749
0.806
0.736
0.687
0.697
0.762
0.756
0.781
0.675
0.718
0.853
0.847
0.743
0.705
0.864
0.786
0.72
0.795
0.748
0.681
0.749
0.728
0.71
0.754
0.676
0.628
0.672
0.717
0.698
0.732
0.759
0.777
0.777
0.777
0.809
0.885
0.902
0.833
0.758
0.839
0.821
0.832
0.796
0.819
0.834
0.829
0.824
0.831
0.841
0.806
0.781
0.766
0.77
0.794
0.839
0.819
0.814
0.819
0.845
0.812
0.7
0.841
0.825
0.794
0.705
0.755
0.813
0.786
0.813
0.744
0.669
0.747
0.859
0.825
0.81
0.674
0.789
0.732
0.734
0.714
0.615
0.592
0.659
0.699
0.667
0.568
0.611
0.674
0.674
0.593
0.547
0.491
0.558
0.651
0.69
0.599
0.557
0.625
0.61
0.636
0.471
0.498
0.482
0.442
0.599
0.659
0.497
0.489
0.551
0.659
0.544
0.442
0.664
0.594
0.6
0.632
0.64
0.773
0.712
0.787
0.735
0.721
0.714
0.718
0.688
0.755
0.816
0.692
0.635
0.666
0.793
0.798
0.796
0.817
0.647
0.636
0.62
0.709
0.774
0.728
0.728
0.749
0.713
0.775
0.687
0.793
0.634
0.604
0.639
0.641
0.619
0.661
0.589
0.681
0.654
0.728
0.748
0.899
0.818
0.832
0.748
0.599
0.671
0.734
0.812
0.595
0.574
0.665
0.673
0.647
0.688
0.529
0.535
0.809
0.879
0.736
0.6
0.635
0.659
0.927
0.758
0.461
0.605
0.74
0.741
0.636
0.77
0.779
0.83
0.856
0.866
0.884
0.86
0.789
0.804
0.875
0.937
0.857
0.901
0.86
0.929
0.971
0.968
0.919
0.968
0.942
0.948
0.964
1.004
0.936
0.863
0.613
0.791
0.906
0.862
0.807
0.841
0.755
0.764
0.918
0.952
0.751
0.86
0.924
1.046
0.745
0.928
0.962
0.972
0.952
0.93
0.889
0.924
0.822
0.773
0.948
0.883
0.94
0.962
0.891
0.832
0.856
0.821
0.858
0.762
0.908
0.763
0.785
0.837
0.756
0.918
0.965
0.918
0.918
0.938
0.912
0.86
0.892
0.934
0.843
0.809
0.839
0.941
0.894
0.835
0.908
0.897
0.909
0.877
0.886
0.86
0.767
0.838
0.831
0.836
0.726
0.694
0.678
0.711
0.903
0.848
0.874
0.859
0.866
0.839
0.868
0.848
0.825
0.891
0.963
0.874
0.823
0.852
0.713
0.647
0.786
0.94
0.861
0.772
0.776
0.677
0.406
0.592
0.508
0.527
0.81
0.894
0.783
0.564
0.631
0.691
0.855
0.952
0.76
0.576
0.779
0.831
0.736
0.634
0.748
0.579
0.692
0.703
0.907
0.587
0.602
0.629
0.7
0.593
0.486
0.658
0.677
0.512
0.757
0.664
0.698
0.765
0.81
0.863
0.789
0.813
0.742
0.629
0.635
0.704
0.702
0.692
0.671
0.711
0.573
0.67
0.701
0.772
0.832
0.762
0.675
0.546
0.485
0.583
0.7
0.662
0.662
0.623
0.514
0.548
0.677
0.782
0.789
0.704
0.614
0.615
0.699
0.718
0.764
0.763
0.604
0.552
0.708
0.765
0.747
0.785
0.768
0.707
0.665
0.637
0.66
0.616
0.689
0.787
0.806
0.792
0.708
0.721
0.742
0.769
0.737
0.724
0.702
0.741
0.756
0.737
0.706
0.783
0.685
0.553
0.638
0.75
0.765
0.704
0.723
0.703
0.617
0.736
0.689
0.694
0.692
0.615
0.496
0.804
0.779
0.716
0.65
0.624
0.641
0.507
0.456
0.704
0.757
0.672
0.716
0.524
0.431
0.584
0.561
0.521
0.581
0.673
0.535
0.45
0.517
0.569
0.816
0.827
0.724
0.628
0.553
0.541
0.752
0.721
0.624
0.601
0.573
0.671
0.66
0.647
0.594
0.507
0.558
0.613
0.51
0.478
0.692
0.642
0.627
0.509
0.451
0.498
0.681
0.511
0.505
0.544
0.609
0.768
0.707
0.723
0.561
0.579
0.73
0.507
0.545
0.575
0.524
0.61
0.628
0.533
0.539
0.495
0.575
0.603
0.584
0.489
0.632
0.631
0.54
0.646
0.769
0.587
0.608
0.799
0.693
0.603
0.684
0.632
0.612
0.744
0.783
0.871
0.843
0.728
0.77
0.64
0.712
0.85
0.76
0.751
0.62
0.611
0.591
0.545
0.624
0.608
0.668
0.709
0.784
0.642
0.453
0.628
0.734
0.796
0.809
0.701
0.692
0.568
0.648
0.765
0.673
0.613
0.593
0.651
0.919
0.764
0.865
0.819
0.813
0.953
0.873
0.931
0.693
0.698
0.779
0.726
0.613
0.883
0.873
0.638
0.808
0.705
0.834
0.901
0.839
0.593
0.874
0.841
0.707
0.849
0.879
0.921
0.865
0.935
0.821
0.73
0.83
0.787
0.749
0.748
0.917
0.985
0.847
0.837
0.891
0.905
0.688
0.588
0.469
0.453
0.572
0.885
0.972
0.67
0.792
0.797
0.823
0.823
0.792
0.899
0.956
0.929
0.914
0.964
0.947
0.96
0.962
0.95
0.963
0.972
0.95
0.952
0.953
0.968
0.906
0.924
0.936
0.905
0.874
0.879
0.948
0.946
0.958
0.962
0.848
0.937
0.944
0.919
0.964
0.941
1.006
0.916
0.829
0.884
0.715
0.873
0.927
0.879
0.811
0.743
0.938
0.938
0.801
0.903
0.877
0.892
0.797
0.748
0.946
0.905
0.934
0.959
0.773
0.863
0.982
0.988
0.948
0.899
0.888
0.763
0.855
0.909
0.8
0.782
0.798
0.588
0.579
0.734
0.702
0.63
0.569
0.682
0.841
0.893
0.728
0.573
0.51
0.704
0.74
0.684
0.742
0.917
0.72
0.641
0.699
0.955
0.913
0.878
0.814
0.726
0.592
0.677
0.635
0.506
0.756
0.741
0.525
0.718
0.889
0.626
0.738
0.681
0.622
0.692
0.715
0.783
0.727
0.623
0.806
0.737
0.572
0.536
0.632
0.777
0.822
0.69
0.623
0.619
0.638
0.661
0.77
0.717
0.643
0.722
0.788
0.771
0.717
0.733
0.743
0.63
0.593
0.508
0.512
0.667
0.715
0.719
0.742
0.744
0.735
0.952
0.837
0.805
0.784
0.745
0.686
0.791
0.747
0.748
0.731
0.668
0.717
0.709
0.808
0.773
0.778
0.823
0.835
0.833
0.815
0.792
0.794
0.737
0.77
0.723
0.75
0.782
0.914
0.879
0.791
0.776
0.823
0.821
0.784
0.752
0.668
0.761
0.817
0.894
0.929
0.849
0.768
0.806
0.846
0.845
0.857
0.761
0.853
0.839
0.832
0.82
0.826
0.768
0.676
0.727
0.757
0.808
0.734
0.752
0.789
0.799
0.759
0.776
0.813
0.838
0.809
0.807
0.783
0.806
0.835
0.829
0.841
0.843
0.83
0.806
0.837
0.828
0.778
0.825
0.838
0.832
0.835
0.744
0.654
0.762
0.829
0.831
0.875
0.817
0.741
0.758
0.837
0.799
0.799
0.819
0.787
0.8
0.805
0.756
0.728
0.745
0.787
0.703
0.734
0.814
0.773
0.714
0.68
0.627
0.653
0.756
0.838
0.754
0.708
0.728
0.707
0.749
0.713
0.705
0.722
0.823
0.866
0.805
0.74
0.751
0.827
0.838
0.785
0.797
0.72
0.658
0.758
0.707
0.6
0.624
0.756
0.722
0.597
0.681
0.617
0.633
0.487
0.469
0.498
0.63
0.715
0.734
0.735
0.612
0.678
0.941
0.766
0.791
0.725
0.769
0.64
0.601
0.69
0.757
0.753
0.676
0.625
0.591
0.849
0.775
0.833
0.631
0.637
0.645
0.659
0.628
0.604
0.826
0.528
0.564
0.767
0.664
0.837
0.709
0.667
0.858
0.926
0.833
0.861
0.916
0.858
0.766
0.777
0.778
0.714
0.799
0.836
0.895
0.849
0.78
0.828
0.864
0.787
0.851
0.814
0.815
0.673
0.527
0.584
0.796
0.91
0.957
0.811
0.673
0.868
0.984
0.912
0.895
0.907
0.845
0.742
0.71
0.822
0.657
0.549
0.526
0.542
0.782
0.952
0.963
0.801
0.874
0.849
0.979
0.964
0.932
0.71
0.559
0.56
0.782
0.889
0.891
0.76
0.849
0.774
0.891
0.761
0.758
0.822
0.726
0.927
0.902
0.785
0.878
0.82
0.635
0.662
0.686
0.836
0.908
0.736
0.656
0.747
0.63
0.687
0.916
0.933
0.863
0.792
0.759
0.714
0.833
0.792
0.751
0.965
0.936
0.809
0.824
0.814
0.772
0.845
0.709
0.618
0.88
0.889
0.854
0.788
0.779
0.792
0.967
0.877
0.74
0.835
0.89
0.863
0.753
0.601
0.667
0.767
0.63
0.689
0.663
0.745
0.873
0.855
0.765
0.792
0.891
0.744
0.619
0.871
0.835
0.752
0.602
0.832
0.574
0.646
0.882
0.758
0.805
0.702
0.934
0.713
0.663
0.728
0.725
0.617
0.584
0.537
0.594
0.638
0.711
0.787
0.769
0.637
0.659
0.779
0.81
0.859
0.894
0.864
0.892
0.932
0.809
0.7
0.797
0.71
0.658
0.681
0.71
0.907
0.876
0.805
0.78
0.831
0.721
0.637
0.758
0.724
0.597
0.59
0.802
0.668
0.624
0.544
0.606
0.732
0.724
0.666
0.701
0.675
0.608
0.651
0.684
0.632
0.682
0.809
0.689
0.716
0.667
0.61
0.624
0.694
0.675
0.642
0.635
0.748
0.764
0.721
0.579
0.543
0.711
0.696
0.661
0.842
0.722
0.595
0.674
0.697
0.748
0.689
0.578
0.687
0.69
0.612
0.791
0.8
0.764
0.769
0.736
0.762
0.728
0.666
0.712
0.749
0.754
0.745
0.797
0.709
0.739
0.706
0.642
0.665
0.763
0.73
0.727
0.719
0.673
0.609
0.651
0.683
0.76
0.729
0.696
0.666
0.612
0.61
0.613
0.586
0.492
0.497
0.568
0.57
0.731
0.738
0.792
0.87
0.869
0.879
0.846
0.799
0.767
0.774
0.81
0.742
0.629
0.691
0.806
0.735
0.706
0.777
0.728
0.625
0.68
0.765
0.715
0.653
0.6
0.563
0.632
0.626
0.653
0.701
0.785
0.745
0.571
0.591
0.828
0.719
0.678
0.83
0.789
0.717
0.62
0.594
0.603
0.672
0.732
0.644
0.707
0.559
0.791
0.864
0.903
0.829
0.741
0.741
0.696
0.652
0.674
0.628
0.671
0.688
0.665
0.616
0.6
0.727
0.591
0.655
0.781
0.729
0.72
0.703
0.846
0.864
0.729
0.711
0.761
0.699
0.755
0.845
0.79
0.771
0.888
0.756
0.733
0.663
0.75
0.73
0.686
0.728
0.623
0.751
0.811
0.692
0.732
0.704
0.676
0.703
0.702
0.786
0.713
0.664
0.789
0.66
0.695
0.707
0.643
0.841
0.837
0.783
0.739
0.748
0.878
0.844
0.73
0.761
0.773
0.73
0.809
0.88
0.806
0.61
0.729
0.654
0.885
0.927
0.891
0.9
0.844
0.883
0.955
0.942
0.904
0.877
0.839
0.848
0.858
0.893
0.944
1.03
0.915
0.766
0.882
0.81
0.65
0.847
0.93
0.99
0.866
0.688
0.694
0.643
0.657
0.824
0.9
0.898
0.983
0.729
0.664
0.691
0.749
0.938
0.931
0.882
0.948
0.884
0.879
0.998
0.926
0.884
0.847
0.818
0.751
0.802
0.681
0.882
0.859
0.65
0.667
0.526
0.517
0.821
0.958
0.918
0.747
0.701
0.819
0.895
0.668
0.655
0.785
0.637
0.652
0.749
0.782
0.727
0.767
0.832
0.844
0.787
0.824
0.502
0.622
0.803
0.856
0.702
0.545
0.453
0.554
0.775
0.876
0.579
0.605
0.552
0.37
0.426
0.522
0.833
0.603
0.577
0.596
0.915
0.834
0.808
0.774
0.557
0.503
0.793
0.842
0.953
0.861
0.868
0.782
0.851
0.946
0.806
0.634
0.759
0.906
0.817
0.954
0.756
0.642
0.564
0.656
0.718
0.743
0.686
0.695
0.64
0.696
0.638
0.542
0.685
0.758
0.793
0.744
0.606
0.605
0.786
0.744
0.685
0.732
0.914
0.848
0.786
0.817
0.745
0.859
0.989
0.803
0.732
0.664
0.609
0.71
0.856
0.814
0.7
0.725
0.672
0.66
0.715
0.67
0.793
0.876
0.831
0.747
0.639
0.804
0.849
0.787
0.849
0.816
0.716
0.657
0.653
0.676
0.605
0.594
0.577
0.749
0.767
0.774
0.649
0.628
0.644
0.687
0.722
0.723
0.706
0.714
0.647
0.61
0.711
0.722
0.703
0.689
0.675
0.889
0.769
0.701
0.673
0.693
0.635
0.753
0.807
0.833
0.729
0.748
0.732
0.759
0.781
0.794
0.795
0.673
0.805
0.852
0.828
0.836
0.824
0.848
0.799
0.793
0.803
0.795
0.785
0.804
0.781
0.833
0.831
0.81
0.756
0.768
0.839
0.784
0.746
0.699
0.719
0.757
0.817
0.817
0.817
0.814
0.802
0.751
0.744
0.737
0.816
0.852
0.802
0.757
0.792
0.813
0.856
0.846
0.829
0.756
0.772
0.819
0.799
0.734
0.662
0.637
0.738
0.858
0.82
0.797
0.817
0.744
0.825
0.766
0.714
0.813
0.775
0.788
0.76
0.719
0.679
0.715
0.707
0.852
0.898
0.768
0.724
0.685
0.717
0.796
0.744
0.699
0.673
0.598
0.588
0.598
0.565
0.595
0.68
0.59
0.653
0.521
0.48
0.546
0.623
0.77
0.868
0.706
0.729
0.861
0.78
0.864
0.868
0.758
0.677
0.812
0.705
0.556
0.601
0.634
0.556
0.599
0.588
0.715
0.832
0.757
0.675
0.682
0.838
0.812
0.765
0.651
0.663
0.882
0.868
0.8
0.904
0.902
0.771
0.758
0.695
0.571
0.511
0.629
0.827
0.759
0.843
0.885
0.778
0.956
0.892
0.662
0.692
0.72
0.69
0.714
0.758
0.734
0.783
0.689
0.712
0.839
0.819
0.786
0.811
0.712
0.764
0.556
0.611
0.532
0.6
0.728
0.714
0.799
0.597
0.891
0.914
0.875
0.861
0.934
0.871
0.823
0.741
0.892
0.896
0.866
0.841
0.758
0.778
0.725
0.834
0.873
0.845
0.853
0.857
0.884
0.819
0.697
0.764
0.831
0.938
0.993
0.987
0.987
1.035
0.753
0.692
0.89
0.886
0.868
0.896
0.933
0.918
0.947
0.978
0.952
0.881
0.751
0.755
0.859
0.863
0.918
0.53
0.583
0.774
0.403
0.463
0.735
0.87
0.885
0.902
0.849
0.935
0.959
0.961
0.857
0.926
0.919
0.986
0.951
0.717
0.826
0.922
0.926
0.965
0.889
0.937
0.956
0.829
0.688
0.6
0.809
0.973
0.798
0.748
0.734
0.704
0.764
0.83
0.586
0.621
0.615
0.638
0.664
0.709
0.633
0.7
0.595
0.606
0.627
0.6
0.687
0.738
0.628
0.656
0.688
0.597
0.64
0.857
0.916
0.962
0.865
0.759
0.794
0.681
0.927
0.925
0.613
0.705
0.578
0.574
0.618
0.731
0.693
0.784
0.751
0.878
0.979
0.892
0.782
0.779
0.793
0.691
0.552
0.587
0.723
0.864
0.887
0.745
0.614
0.816
0.639
0.577
0.649
0.72
0.82
0.778
0.675
0.687
0.739
0.607
0.635
0.749
0.834
0.894
0.904
0.854
0.794
0.802
0.759
0.81
0.813
0.812
0.803
0.829
0.8
0.665
0.568
0.678
0.72
0.616
0.656
0.766
0.827
0.771
0.875
0.828
0.73
0.708
0.73
0.683
0.697
0.778
0.882
0.876
0.805
0.793
0.669
0.587
0.681
0.695
0.705
0.83
0.84
0.823
0.877
0.909
0.804
0.814
0.788
0.812
0.808
0.714
0.755
0.75
0.765
0.719
0.748
0.711
0.78
0.688
0.719
0.737
0.759
0.756
0.663
0.687
0.697
0.72
0.764
0.781
0.742
0.661
0.786
0.828
0.841
0.885
0.81
0.776
0.763
0.788
0.782
0.708
0.698
0.807
0.84
0.786
0.77
0.76
0.746
0.781
0.817
0.82
0.82
0.82
0.74
0.729
0.712
0.77
0.823
0.84
0.866
0.837
0.791
0.79
0.857
0.817
0.757
0.719
0.818
0.87
0.815
0.802
0.812
0.845
0.815
0.767
0.765
0.748
0.733
0.679
0.798
0.797
0.875
0.938
0.936
0.848
0.779
0.858
0.819
0.811
0.788
0.779
0.761
0.755
0.756
0.726
0.763
0.668
0.876
0.858
0.799
0.626
0.688
0.7
0.683
0.711
0.754
0.774
0.816
0.892
0.843
0.843
0.778
0.704
0.739
0.847
0.754
0.768
0.654
0.818
0.634
0.676
0.593
0.626
0.688
0.65
0.636
0.719
0.665
0.609
0.713
0.945
0.938
0.822
0.681
0.827
0.958
0.906
0.798
0.712
0.805
0.821
0.705
0.683
0.831
0.68
0.654
0.702
0.79
0.623
0.831
0.929
0.922
0.89
0.95
0.874
0.754
0.633
0.694
0.887
0.891
0.932
0.747
0.78
0.81
0.908
0.957
0.861
0.839
0.739
0.74
0.742
0.648
0.598
0.675
0.862
0.837
0.846
0.863
0.865
0.894
0.888
0.867
0.837
0.8
0.921
0.99
0.88
0.837
0.752
0.71
0.764
0.837
0.913
0.824
0.755
0.919
0.962
0.887
0.789
0.794
0.818
0.889
0.817
0.921
0.731
0.508
0.667
0.699
0.928
0.897
0.941
0.928
0.914
0.944
0.919
0.89
0.772
0.88
0.942
0.938
0.777
0.82
0.873
0.942
0.875
0.743
0.785
0.874
1.017
0.909
0.94
0.93
0.982
1.028
0.848
0.455
0.589
0.913
0.975
0.734
0.74
0.863
0.674
0.778
0.846
0.64
0.895
0.857
0.745
0.834
0.926
0.566
0.461
0.638
0.622
0.63
0.761
0.733
0.614
0.485
0.509
0.571
0.52
0.706
0.895
0.761
0.67
0.653
0.883
0.881
0.808
0.678
0.694
0.602
0.583
0.848
0.834
0.663
0.645
0.791
0.593
0.513
0.69
0.907
0.972
0.783
0.598
0.62
0.66
0.634
0.846
0.831
0.77
0.751
0.648
0.711
0.772
0.79
0.681
0.852
0.805
0.733
0.808
0.79
0.97
0.955
0.799
0.653
0.739
0.77
0.777
0.911
0.77
0.819
0.837
0.942
0.892
0.84
0.885
0.925
0.781
0.661
0.79
0.85
0.846
0.854
0.798
0.926
0.929
0.738
0.654
0.697
0.812
0.839
0.756
0.821
0.8
0.81
0.764
0.806
0.795
0.793
0.806
0.831
0.839
0.803
0.721
0.719
0.817
0.688
0.672
0.795
0.855
0.807
0.821
0.836
0.88
0.718
0.594
0.821
0.752
0.836
0.922
0.914
0.909
0.817
0.864
0.814
0.737
0.727
0.769
0.767
0.746
0.685
0.714
0.752
0.787
0.733
0.782
0.796
0.782
0.759
0.801
0.852
0.792
0.799
0.798
0.792
0.828
0.77
0.78
0.746
0.831
0.888
0.844
0.839
0.817
0.84
0.881
0.775
0.772
0.704
0.716
0.766
0.782
0.802
0.822
0.814
0.857
0.82
0.765
0.779
0.765
0.824
0.832
0.801
0.797
0.783
0.711
0.808
0.86
0.834
0.843
0.824
0.832
0.841
0.84
0.804
0.836
0.862
0.804
0.808
0.773
0.878
0.928
0.807
0.803
0.814
0.77
0.872
0.868
0.805
0.825
0.808
0.805
0.836
0.833
0.805
0.785
0.77
0.845
0.847
0.817
0.735
0.803
0.857
0.768
0.746
0.793
0.757
0.683
0.758
0.761
0.656
0.674
0.597
0.758
0.882
0.835
0.754
0.802
0.853
0.825
0.756
0.744
0.637
0.587
0.684
0.747
0.79
0.772
0.56
0.675
0.601
0.796
0.788
0.714
0.657
0.661
0.709
0.719
0.563
0.606
0.743
0.872
0.83
0.726
0.777
0.938
0.951
0.766
0.732
0.666
0.65
0.735
0.641
0.728
0.557
0.493
0.697
0.882
0.826
0.814
0.896
0.932
0.9
0.827
0.831
0.888
0.857
0.857
0.849
0.771
0.827
0.849
0.846
0.843
0.781
0.848
0.775
0.807
0.869
0.832
0.828
0.771
0.777
0.749
0.735
0.959
0.851
0.501
0.591
0.732
0.881
0.783
0.784
0.881
0.854
0.815
0.93
0.895
0.906
0.857
0.903
0.869
0.94
0.912
0.887
0.974
0.94
0.844
0.913
0.888
0.963
0.954
0.808
0.791
0.656
0.744
0.544
0.922
0.964
0.942
0.887
0.904
0.875
0.865
0.535
0.893
0.889
0.892
0.935
0.931
0.842
0.915
0.98
0.94
0.945
0.917
0.828
0.832
0.797
0.867
0.866
0.888
0.931
0.709
0.951
0.913
0.886
0.858
0.898
0.92
0.777
0.9
0.733
0.688
0.809
0.872
0.907
0.794
0.64
0.506
0.527
0.632
0.862
0.969
0.923
0.696
0.612
0.755
0.83
0.862
0.937
0.836
0.723
0.859
0.75
0.668
0.716
0.853
0.843
0.802
0.824
0.712
0.736
0.743
0.796
0.786
0.926
0.903
0.67
0.674
0.881
0.776
0.788
0.756
0.898
0.953
0.871
0.813
0.899
0.882
0.732
0.606
0.699
0.864
0.717
0.824
0.806
0.721
0.693
0.688
0.737
0.88
0.592
0.659
0.615
0.728
0.767
0.74
0.712
0.738
0.665
0.833
0.891
0.772
0.86
0.65
0.752
0.836
0.871
0.822
0.685
0.716
0.726
0.746
0.677
0.636
0.729
0.616
0.666
0.834
0.696
0.558
0.798
0.802
0.791
0.826
0.853
0.93
0.757
0.828
0.93
0.82
0.779
0.727
0.682
0.744
0.831
0.8
0.762
0.692
0.574
0.713
0.76
0.702
0.677
0.675
0.691
0.62
0.654
0.739
0.699
0.651
0.74
0.662
0.759
0.699
0.627
0.595
0.656
0.6
0.636
0.694
0.768
0.735
0.673
0.696
0.804
0.799
0.729
0.677
0.727
0.651
0.594
0.698
0.604
0.622
0.645
0.699
0.661
0.703
0.78
0.771
0.773
0.72
0.689
0.779
0.757
0.649
0.771
0.776
0.77
0.811
0.8
0.784
0.744
0.721
0.803
0.782
0.681
0.754
0.774
0.884
0.929
0.806
0.797
0.746
0.634
0.678
0.653
0.753
0.751
0.77
0.717
0.721
0.759
0.747
0.769
0.647
0.646
0.609
0.519
0.494
0.481
0.553
0.581
0.554
0.513
0.552
0.656
0.83
0.741
0.687
0.749
0.772
0.621
0.646
0.555
0.634
0.789
0.814
0.829
0.872
0.839
0.814
0.801
0.752
0.652
0.619
0.692
0.678
0.625
0.559
0.556
0.549
0.602
0.62
0.613
0.642
0.682
0.783
0.748
0.639
0.681
0.689
0.531
0.711
0.747
0.592
0.56
0.579
0.479
0.626
0.76
0.804
0.661
0.493
0.697
0.625
0.412
0.461
0.87
0.895
0.856
0.86
0.809
0.828
0.784
0.823
0.762
0.781
0.849
0.811
0.631
0.743
0.578
0.602
0.677
0.674
0.705
0.671
0.609
0.643
0.722
0.787
0.794
0.755
0.702
0.774
0.597
0.664
0.604
0.519
0.586
0.719
0.865
0.819
0.673
0.867
0.915
0.857
0.808
0.678
0.81
0.789
0.816
0.644
0.809
0.848
0.745
0.766
0.706
0.799
0.824
0.819
0.927
0.849
0.75
0.545
0.752
0.939
0.919
0.878
0.909
0.917
0.861
0.757
0.768
0.713
0.748
0.895
0.889
0.693
0.863
0.881
