1980 1 1
0.0176
0.1901
0.1848
0.6702
0.7099
0.1692
0.5431
0.0798
0
0
11.7944
0.0787
0
1.3805
0.0479
0.3219
0.7307
0
0
0
0
0.0697
1.6441
0.843
1.3277
0.0266
0
2e-04
0
0.0317
0.0639
0
0
0
0
0
0.3036
0.0231
0
0.5153
0.1797
2e-04
0
0.0234
0
4.659
1.6723
0
0
0.0233
0.1232
0.9431
12.7564
8e-04
0
0.6676
0.7776
0.0988
1.2528
0.0763
0.0256
0.057
0.183
0.0257
5.4773
0.0455
2.4428
13.5844
0.0912
0.054
0.0976
0
2.3432
1.9612
0.1804
0.2898
16.6562
0.5741
0
0.8406
20.1192
0.0041
0
10.8947
0.3898
0
0.2609
3.7656
7.558
1.9534
8.0747
1.5731
2.5763
2.1118
7.0854
0.0224
0
0.7135
6.9745
3.5156
1.2595
0.2842
4.2982
0.3184
20.8154
1.7293
0.3324
0
0
0
0
0.0457
0
0
0.3929
0.6132
0.283
5.0402
15.9027
0.2333
0
0
0
0
0
0
0
0
0.4752
0.8679
1.3427
2.5428
8.0334
6.0845
1.7938
2.3732
1.0078
23.4553
10.64
0.3528
0
0
0.2115
0.8459
5.559
0.3032
0
0
0
4.8068
7.0761
7.8077
17.6991
14.9931
6.3227
1.0984
0.1313
3.387
13.4707
2.34
0.2344
0.2857
0
0
0.6257
5.9293
11.0813
4.9504
0
0.2231
8.4261
1.3532
0
0
1.2768
5.7712
0
0.2357
0.1809
2e-04
0.0019
7e-04
0.4153
0
4.525
14.9049
9.9786
2.2145
1.1602
3.7503
8.7074
1.8961
1.8197
8.435
1.2735
0.2439
1.5176
1.5492
0.7252
0
1.5792
0.5077
5.0581
28.9022
3.4127
0
0
0.3241
2.855
17.2722
3.9956
0.5525
1.0302
0.1701
11.3628
2.9576
0.2929
6.9087
1.2205
0
2.2563
1.3357
11.5744
11.4965
4.6929
5.2571
16.432
5.0014
2.5687
11.1145
1.1788
1.4119
27.1182
10.8896
2.292
0
0
0
0
0
3.5482
1.4678
6.0428
11.4705
5.0993
1.9846
0.5638
8.328
0.7686
0
0
0.182
3.4917
0.5155
0
0.365
1.3278
0.61
0.0937
0.3482
13.9146
0.2353
0
0
1.0909
3.2437
4.0772
0
1.0144
0.7352
0
0
0
0
0.1937
8.6242
2.0034
0.1685
0.2522
0.2405
0
0
0
0
0.4974
0.1706
0.5709
0.08
0.4839
1.1399
2.9246
1.4074
0.2797
0.4068
0
0
0
4.6235
6.1771
0.426
0.2476
8.6415
0
0
0
0
0
0.1109
0.1995
0.2722
0
0.1518
0.6566
0.0759
0
0
0
0.8369
5.721
0.3332
0
1.6138
0.3443
0
1e-04
0
0.2993
0.4755
1.2755
0.0453
0
8.3993
0.8086
1.42
1.0288
0.0189
5.3683
0.021
0
0.05
2.2178
8.5145
10.5464
4.037
0.123
0.482
0.6371
1e-04
0
0.0552
0.0209
0
0.9037
0.1281
0
0
0
0
5.9898
0
0
0.1568
0.0248
10.3393
0.2927
7.9882
0.7546
0.8178
0.9156
0.0115
0.7438
3.3595
2.1149
0.0939
0
0.0171
0.0869
0.0117
0
0.1343
0.0342
0.8623
0.0365
0.1049
0
0
0
0
0
0
0
0.0885
0.2967
0
0
0
0
11.2922
1.5676
0.1605
0.1919
0.1359
1.3125
0.015
0.0341
0.0309
16.1297
10.9482
0.0058
0
0
0
2.4162
0.3588
0.0259
7.7927
5.1855
0
2.0614
4.6348
0.5357
0.0612
0
0.0843
1.369
0
0.2334
0
0.8848
0.4378
0
0
0
1e-04
0.0105
0.033
0
0
0
0
0.7752
0.0496
0.3315
0.8437
0.7281
0
0
0
0
0
5.7161
1.8934
0.7619
0.3351
4.6811
0
3e-04
0
1.9555
4.5115
0.6887
0.0393
0
0.326
8.1774
3.4547
5.434
7.6253
4.4751
22.3658
0.7107
0.1653
5.6774
2.8285
0.3898
0.355
0
2.8356
7.1058
0.6372
0.0175
0.1781
0.0974
15.481
8.1409
0.1692
0.0521
0.0361
0
0.0742
1.2311
4.9464
0
0
2.1382
15.5448
5.6367
0.0413
0
16.611
6.8512
0.0613
0
0
0
0
0
0.1121
0.4063
0.9881
0.9792
1.7852
12.5884
5.5367
0.0574
7.018
0.1316
0.29
0.4215
7.7398
3.4791
5.3871
4.3122
0
11.0807
38.7068
7.0891
0
8.621
51.023
9.8909
0.1499
1.7209
0.2513
0.169
0.064
5.7659
12.4327
25.3975
0.0536
4.4796
23.2096
0
0
0
0.2007
0.0176
0.1693
2.3785
2.9909
0.2366
0.0736
0
0
0.0517
0.3765
0.7903
0
0.1197
0.4471
0.0864
0.2217
0.0084
0
0
7.9585
15.6564
2.055
0.1741
0
0
0
26.0697
2.7332
14.4361
0.1356
0
0
0
0.4082
6.8275
2.1526
0.4569
0.4898
1.9811
1.0152
0.0625
1.1193
4.6787
0.2851
0.0042
0.1255
1.2996
0
0
0
0
0
0
0
0
0
0
0.0316
1.3226
3.9322
11.141
22.8155
14.1176
6.9305
13.0751
29.307
19.233
0.29
0.2864
0.4089
4.9082
0
0
0
0
0.1981
3.148
4.8403
4.3118
8.463
1.4089
0.15
0.5274
1.3354
2.0013
0
0
0.3911
1.8066
6.7225
0
3.6043
13.7386
2.5982
0.0854
0
0.1696
0.3454
14.1322
0.0189
0
0.027
0
0
0
0
0.0838
0.0336
0.0726
1.0888
16.8498
1.2911
0.3097
8.375
8.6851
6.6234
0.0019
0.0087
12.9847
35.2993
2.9225
0
0
0
0
0.0269
0
0
3.4113
0.8126
0.0081
0
0
0
0
0
0
0
0
0
3e-04
0.3157
5.263
13.1846
0.6168
0
0.7505
2.5543
0
1.4788
1.0945
0
0
0
5.4823
0.302
0
5.0664
0.1272
0
0.7464
1.5158
0.1339
0
0
0
1e-04
0
0
0.2372
4.5537
0.1244
0.1749
0.3635
7.1401
6.2955
20.318
0
0
0
7.152
4.5039
0.4461
1.4397
0.994
0.5272
0
2.9079
10.7479
1.4818
0.5482
1.8956
0.2903
1.0158
0.214
0.3332
0.2738
2.7084
0.7562
1.4865
1.7285
0.3391
0.1579
0.0203
0.0333
2.9196
1.1758
11.5649
2.4295
0.6493
0.2131
0
0.2423
0
31.5591
15.5456
3.1001
5.9332
7.0022
1.2623
2.8416
0.3559
0.3992
0
5.6275
0.0013
0.0992
0
0.3859
0
0.0207
0.3735
2.4218
0.3417
3.748
0.084
0.0755
0.0036
0.0618
5.9006
0
0
0
0
3.0417
2.5441
1.504
20.2074
0.5683
0.0842
0.9891
2.5867
1.5168
1.7021
4.5857
0.3996
8.6263
0.056
2.0445
12.836
0.3332
0
4.1583
6.7479
1.1395
0
0
2.6159
4.8952
1.1787
0
0
0
5.5299
6.3052
0.0044
0.1032
8.755
3.8996
2.1704
8.7288
0.2609
0
3.024
1.2787
0.3876
0
0
0
1.6745
6.0739
4.156
0.0076
1.0321
0.8341
0.0403
0.0011
0.0024
0.0013
0.0023
0.9777
0
0
0
0
0.2563
0
0
0
0
1.1983
7.6434
3.1843
0
0.9242
0.0429
0.3149
1.4032
0
0.519
1.1499
0
0.4898
2.5455
2.6706
12.742
8.4355
6.8487
1.3681
1.5947
6.6031
15.8643
9.2389
4.034
1.9857
0.6369
7.4125
2e-04
0
0
0
0
0
1.1053
2.2192
1.3173
0
0
0
0
9.5408
15.4713
1.1744
0.1441
7.9666
1.9125
3.2113
4.8401
0.0195
0
0
0
0.4423
14.0016
5.3474
0.3272
0.2659
0.3133
37.204
0.1086
0.2863
0
1.1374
0.5139
6.7843
3.8249
5.5613
0.1677
0
0
0
0
0
1.6101
6.0625
0.9457
0
0.7494
0.0284
0
0
8e-04
0.0908
0.139
0
0
2.1017
0
2.1136
0.6585
0.5057
0.0414
0.0132
1.3649
10.9698
3.3406
0
0
0
0
0
0
0
0
0
0
15.3859
0.5047
0.2921
1.7631
0.5663
0.9158
0
0
0
0
0
0
2.3056
0.5849
0.0231
0
0
4.7455
0.4667
0
0
0
0
0
1.4282
3.5917
0.5688
0
1.1481
6.0854
0.248
0.7401
0.0142
0.2383
0.7332
0.8218
1.6272
0.7626
25.047
0.325
0
0
0
0
0
0
1.0384
2.0237
3.3442
0.5853
1.0592
0.1672
0.0384
0
0.1947
0.6448
0.1019
0.0222
0
0.0025
0.1091
5.2671
0
0
0
0
0
0
0
0
0.8071
0
17.9918
19.3049
40.8461
4.185
0.0582
0
2e-04
0
0.2805
1.8168
0.4634
8.5233
5.241
0.2405
0
0.9694
0
0
0.3986
0
21.9746
13.7783
1.8643
11.6836
2.8957
0
7.0281
0.2381
15.8374
1.6591
0
0.2001
0.6527
3.4544
5.0938
3.6497
0.1255
0
0.9006
0.0701
0.5151
0.2236
0
1e-04
0.8616
8.7431
11.4507
0
0
6.7199
1.7406
0.2684
0.6512
5.4172
3.0441
16.4219
2.4166
8.8895
4.3835
0.011
2e-04
0
0
0
0
0
0.0789
0
0.0524
0
0
3.3012
0.5679
0.0933
0
0.4067
0.8021
0.0133
0
0
0
0
0.5648
5.098
2.977
0.0874
0
0.0534
0.0361
0
0.3482
4.8213
0.0722
0.2569
8.1884
0.5538
0.3918
0.388
0.376
3.2815
0.0418
0.0244
0
0
0
0
0
1e-04
0.0418
0.1446
0
0.1694
0
0
0.0666
0.2609
0
0.0902
0
0
0
0
0
0
0
0
3.6126
4.2214
8.2178
0.2391
0.8043
1.0427
3e-04
0.0091
0.0712
0
0.0611
0.0147
3.8886
4.4324
2.1542
8.8185
0.0089
0.018
0
0
0
9.7262
3.2657
0
0
0
1.204
12.0455
3.991
0.522
0.8722
5.6403
7.9051
6.0233
4.8237
1.509
1.4975
0.1002
13.1575
15.0984
3.5955
0.1686
2.8964
0.0278
0.0069
0
0
0
0
0
0.2587
0
0
10.8059
1.5782
17.1559
8.8916
23.6954
7.1514
2.2175
0.5494
3.0089
0.6738
5.0769
0
0
0
0
0.3852
2.9136
4.3934
0.2282
0.2524
0
7.6301
0.0958
0.4636
16.4192
0.9174
0.1355
4.4972
0.3445
0
1.3398
9.125
0.3272
1.8137
0.5466
1.6016
1.6375
1.1714
0.545
17.2665
0
0
1.1614
2.1651
0
0
0
0.7676
0.8285
0.154
0
0.0646
1.5251
0.0493
0
0
0
0
0
0
18.9719
41.614
4.1319
15.7453
0.9154
0.5894
3.3098
8.6474
1.6302
0
0
0
0.7633
0.1008
0
0
0
0
0
3.4263
9.5238
3.6458
6.6822
1.1959
0.7179
9.8957
1.3375
1.0751
0.2587
0
0
0.9247
2.478
5.7882
13.1887
1.0997
0
0
5.4926
0.0326
0
0
0.5446
0.9896
0.1142
23.3558
0.6906
0.2808
0
0
0
2.0228
0.0345
0
2.9014
0.2778
0.8898
0.1051
0.3307
1.182
0.456
1.9402
13.4078
0.2848
2.6671
2.1607
0
0
0
0
2.2461
11.7888
8.0715
0
0
0.0246
0.3154
0
0
0
0.1827
6.5105
0.4931
0.2379
3.3646
7.1199
10.2082
0.109
0
0.0438
1e-04
0
0
0
0
0
0
0
0.5492
5.6218
7.005
0.0078
0
5.3796
0.456
0
0.0493
6.8276
49.0007
1.5094
0
0.0025
0
1.4561
0.0746
0.416
2.2204
25.5173
1.5562
0.2854
0.8233
0.5816
0.3455
0
0
0
2e-04
6.0533
8.9035
3.5852
0
0
0
0.1245
0.1468
0
10.2957
21.96
0.0352
2.1411
3.2708
16.1474
11.7246
0.058
0
14.6441
2.0356
0.2629
0
11.722
0.0247
0.0445
0
8.1684
21.0847
0
0
0.9394
0.7025
0.3739
13.1781
0.4693
26.0787
0.7609
3.2154
0.9951
0.476
12.2476
6.7584
0.0044
2.2751
0.3886
0.199
0
0.1231
0.3894
3.5483
5.9009
9.1916
0.0036
0.1555
0
0
0.5395
9.9199
0.4394
0
0
0.0697
0.0273
0
0
0
1e-04
0
1.3998
3.0223
3.178
0
0.2978
0.3719
0.6529
5e-04
0.0369
0.1688
0.4312
0.0531
0
0
0.6192
0.2489
4.0306
0
0
0.4051
0
1.4021
5.4842
0.0285
0.4051
0.0491
2.7949
0.099
0.9862
0
0
0
0.0037
3.5932
2.7231
0.0697
1.6628
1.2686
0.2451
0.0418
1.8512
0.0817
1.2789
0.0346
0
0
0.0827
0.1448
4.1588
1.5842
0.8608
1.1171
0.0301
0
0
0.0513
0.0618
4.7287
0.0048
0.9506
1.5942
0.3043
0.0071
0.7409
0
5.7822
0
3.6039
13.3278
0.0136
0.338
0.1387
14.6251
9.2225
2.6029
0.3614
0.1121
1.1179
0.9614
2.0723
0.3919
0.4015
0.2202
0
0
2.2537
3.5102
4.4695
8.1455
0.3638
0
0
0
0
0
2.1707
12.8247
5.4703
4.0219
3.8173
5.4538
2.8748
0.0589
1e-04
5.1831
34.5008
7.4892
3.9474
0
0
21.1064
0.0566
0.2876
2.6446
0
0.9942
0.8531
1.8749
0.3109
0.1309
1.1548
1.6731
0.014
0.7435
0.6594
2.7188
2.5622
0.0793
0
0
0
2.6566
3.0232
33.0474
4.2011
3.5239
10.18
0
14.3478
9.6767
0.0592
12.6512
1.7122
0.435
0
0.9108
0.1848
4.0373
0
0
0
0
0
0
0
0
0
6.3643
3.5121
0
0
1.5609
1.2633
1.2579
0
0
1.4471
2.4339
1.0804
0
0.1732
2.3647
0.8666
0
0
0
0.7727
0.3904
3.8688
14.1877
3.2147
0.3113
0
11.9095
1.7093
2.4528
0
0
0
1e-04
0
0.7665
0.6322
0.0838
0.069
0.2322
0
0
7.3288
4.5375
9.4725
4.675
1.1223
0
0
0.0137
6.5873
14.534
11.0968
1.1118
0.0415
0.63
17.7115
5.7448
9.372
1.9163
1.3539
0.2271
0.118
0
1.4672
1.0051
0.0855
2.1625
0.298
0
0
2.2149
0.0595
0
0
0
0.0202
0.6809
0.3882
13.6217
2.7228
3.4535
0.8044
12.4142
0.2155
0.0995
0
5.0599
0.9232
5.2361
2.9872
2.8729
2.6193
1.7466
4.7219
2.3485
0
0
0
0
0
0
0.0373
2.3453
2.97
5.9638
4.125
0.0669
0.9958
0
0
0
0
0
0
1.2174
0
11.0002
5.5575
0.8479
0
0
0
0.136
5.9129
2.364
5.7843
0.0065
0
3.2773
0.5155
6.8455
0.3653
0
0.6747
0.7913
0.1347
0.1925
0
0
0
1.2594
7.1334
1.432
0
4.7887
0.3307
0.0262
4.6369
0
6.7288
3.1944
16.1765
0.2331
0
0
4.2204
0.0182
0
0
0
0
0
1.1593
0
0
0
0
0.2804
10.7017
0.4525
0.0116
0.3308
0.2061
4.5136
0.0039
0.047
2.2489
0.0931
0
0.158
1.9676
0.0136
2.7637
4.7375
8.9238
0.21
0.0814
0
0.1144
3.8596
0
8.2663
2.7174
0.0208
0.4143
0.2992
3.4292
4.8217
5.605
4.5538
4.5855
2.8728
23.7984
0.0462
0
0
0
0.0294
0.0938
0.005
0
2.4672
0.6608
0
0
0.8416
0.3413
0
4.9926
0.6325
0.1791
0.04
0.2106
0.2688
0.982
0.3049
1.7507
0.0431
0
0.305
0
4e-04
1.4876
0.2245
0.0782
0.0069
0
2.0541
0.8521
0
0
0.0033
5.3017
17.086
7.1635
3.176
0.3816
0
0.0221
0.0349
0
0
0
0.8754
6.1711
21.7836
2.886
0.018
0.0954
3.0328
0
0.1109
0.0473
0.0501
19.2333
1.291
0.4233
0.2406
0.8237
0
0
6.7364
2.9179
0.0683
0.0106
0
0
0
0.0021
0.1786
0.0677
0
1.2955
5.0883
1.7161
0
0.4623
6.9995
20.409
15.8801
16.1404
18.6081
1.0828
1.2617
5.606
3.4848
10.5258
5.8023
0.9246
2.0066
0.6066
0
0.3248
0
0.0688
0.2874
0.0789
0
5e-04
5e-04
0
0
0
0
0
4.5088
0.3958
0
0
0
0
0
3.7703
1.6117
0
0.0491
0.1743
0.3914
0
0
0
0
0
2e-04
0.4826
1.4122
3.094
1.2363
5.0117
0.8074
3.9551
2.167
2.8906
0
0.0011
0.0013
0
1.2956
16.8526
17.9251
0
0.1044
0.2978
0
9.1192
5.8804
0.3038
0.5202
0.0016
0
2.5781
15.3604
4.1502
8.8341
5.4008
1.4044
0.6816
6.9705
4.5653
7.9581
0.6471
1e-04
1e-04
0
1.4719
0.4088
0.2219
0
0
0
0
0
0.0129
0.8473
2.509
2.452
0.1587
9.6951
0.6879
0.0143
0.5609
0.5753
27.4133
0
0
1.6336
12.3332
4.6334
0.6423
0
0
0
1.788
0.1437
9e-04
0
0
2.2674
10.3374
0.0084
0
0
0.3709
9.9413
0.32
0
0
0.1464
7.7848
5.4523
1.4229
0.3383
1.201
2.3308
0.3183
0
13.3936
6.6483
16.5141
1.1185
0
0.4773
0.8354
0.0388
0
0.2804
3.1645
8.4325
8.735
7.6045
0.1057
0
0.3444
11.5819
0.1537
0
0
0
0.4383
2.9867
4.3002
0
5.6928
22.8889
0.7103
0
0
0
0
0
0
0
0
0
0
0
0
11.4122
5.4527
0.4571
1.6791
0
0
0
2.2683
1.4652
0
0
1.7296
1.4784
0.6482
0.0239
0
0.9052
3.3722
3.5333
7.4035
3.1421
5.643
16.0373
0
9.9013
5.3268
25.9313
0.8989
0.0324
0
0.3043
5.0786
0.0744
0
0
0
0.078
0.3022
0.304
1.1809
5.9196
9.9433
3.4759
0.9755
0.0142
1.0003
0.0258
11.5949
13.3405
2.3297
3.0225
5.2622
3.925
3.3529
19.4884
0.0485
11.4615
7.939
1.9658
0
3.7312
0.0261
0.2696
3.9262
20.1964
2.8715
5.544
0.0312
0.0152
4.7619
0.8162
0
0
1.8205
0.5307
0
0
0
10.2004
19.9184
1.3898
2.0468
0.1157
0.7114
0.1357
0.2642
0
0
0.4535
0.1738
1.311
0.4399
0.5631
1.0374
0.2886
2.1956
0
0.1916
3e-04
0
0
0.0939
2.3111
0.0896
0.745
0.0409
0
0
0
0
0
0.0528
0.581
1.8168
0
0
1.0101
0.7069
11.8894
1.5667
0.0099
0
0
0
1.1974
0.279
0.9398
0.2857
2.2743
0
0.9631
0.5668
0.4049
2.2941
14.3614
2.1013
0.323
6.7336
0.0735
0
0
0
0
0
1.8127
0.7048
3.5815
5.2015
1.1071
7.9512
0.3573
7.7538
0
0
0
0.7382
4.8819
0.4572
0
0.878
1.1398
1.2492
1.3425
0.1199
2.789
0.0485
0
3.2295
1.9256
6.3293
5.683
6.8377
0.041
0
0
6.2491
0.8153
14.7911
0.0726
6e-04
0
0.043
0
0.0021
2.1273
1.0864
0
0
0
4.155
1.6197
1.0661
0
11.7934
4.118
1.3488
0
0.1957
0.1752
0.0869
0.1959
0.2752
5.4403
1.0433
10.8939
1.2804
0.4247
0.0389
1.1546
15.1248
2.6133
0
0
0
0
0.2558
2.0772
5.0076
0.3074
8.5846
1.9519
0
0
0.3288
2.7701
1.0502
10.299
0
0
0
0
0.1463
0.5391
3.5116
0.7975
5.0653
11.7475
15.2932
2.6352
0.633
1.1889
0.8204
0.062
0
0.3513
2.1967
8.182
0.0543
0.2124
0.4175
0
0.0041
0.075
1.5954
0.3828
21.8468
10.5626
3.5003
5.9889
1.2286
4.9085
8.87
2.7979
0.9321
0.3157
9.6479
5.9528
0.003
1.4035
10.377
1.8226
0
1.8073
1.2617
0.026
0
1.1267
4.6801
3.2633
0
13.1119
0.772
7.8394
0.0736
0
0.3169
0
0
3.7507
20.3265
2.5647
21.6498
9.2643
3.411
0.7033
1.4689
25.252
0.2129
0
0.022
0.2015
0.0562
0
0
0.9844
7.8326
6.2402
0.1195
2.2559
0.2448
0
1.8741
6.3049
0
0
0
5.787
2.0436
12.9404
0.6019
0.1594
15.1239
0.4645
0.0022
0.0017
5.7115
7.9676
5.0515
0.0508
0.0058
0
0
0
0
0.2796
0
0.1079
40.8134
8.1265
0.0244
0
0
0
0
0
0
13.3745
0.285
0
0.419
0
0
6.4723
18.8946
6.708
0
0
0.3573
0
0.0378
8.5005
0.0179
0.148
0.0519
3.9672
2.5008
1.8432
25.1572
4.7736
7.6885
0
5.7243
11.0508
12.2195
0.1658
42.6716
3.3383
0.1752
0.542
0
0.5984
2.4755
0
0.1715
3.9219
10.6707
8.6622
0
0
0.1217
0
0
0
0
0
0
0.1106
5.6911
2.2259
0.9846
0.025
0
0.0273
0
0.4753
1.7806
0
0
0
0
0.0038
0.1489
0
0.0476
1.9732
0.0136
0.0344
0
0.3597
0
0.0927
9.8582
0.2138
10.0839
1.1528
0.7912
0.0392
0.1383
0.6461
22.6935
0.0341
0.5698
0
0
2.1229
15.819
0.5035
0
0
0.2395
8.8991
5.4971
4.2282
0.0335
0
1e-04
0.2607
0
0.1669
1.029
0.4891
3.2726
0
0
0
0
0
1.1959
0.7302
0
0
0
0
0
0
0.2889
1.0068
0.1105
0
0.0021
0
0
0.9732
0.5945
9.7267
0.2656
0
0.2046
0.0734
0.4604
0
0
4.5415
7.8787
0
0
1.2606
0.1729
0
5e-04
0.0016
0.1373
0
6.2657
3.0721
0.0334
0
0
0
0
0
0
0
2e-04
0
0
0
0
0.1562
1.288
0
0.0454
0
0
0
0
0
0
0
0
0
0
3.3828
6.183
5.8981
0.1026
2e-04
0
1.0622
0.0026
0.1286
0.1517
0
0
0
0
0
8.1499
0.3694
0.1954
0
0
0
0
0
0.0022
0
0.0482
2.252
0.1711
0
0
2.9487
21.1246
1.7486
1.8072
3.3062
0.0624
4.7539
9.8096
0.3394
0.2159
0
0
0
2.6983
4.7245
0.1459
0.6851
3.0925
0.5577
0
0
0.3499
0
0
0.9137
3.1303
0.01
0
1.1121
1.5873
0.4267
0
0
0.5938
19.0506
11.0698
0.1546
0
0
0.0489
0.1276
0.1508
0
0.8833
0.335
1.2391
0.4858
1.2274
0
0.2767
23.2192
5.3008
0.3414
0.2255
0.2816
0
0
0.51
2.1594
0.1769
0.0776
0
2.4908
1.7285
14.7955
4.5992
8.3063
0.0184
0
2.5907
0.6699
0.2293
2.1656
0.8025
0.1
15.0738
0.3608
0
0
0
0
0
4.77
24.9208
8.2318
8.0708
1.4224
0.1612
0.001
0.0024
2e-04
2e-04
11.8078
19.7791
3.9001
5.0513
2.3885
4.7064
3.7213
8.7647
1.8908
1.458
0.1748
0.5461
0.9239
0.077
3.0905
2.7753
0.1918
0.2944
0.1724
0
0.2808
2e-04
0.0011
0
0
3.213
0.8055
0.7851
0.1574
0
0
0.5012
0.5452
0.1353
0.5617
1.28
0
0
0
4.3077
4.0079
8.0402
0.2844
0
0
0.006
0.0634
0
0.2991
1.5867
0.0319
0
0
9.6407
6.7889
0.4284
0.5136
3.5839
28.4754
21.48
8.1013
0.1345
2.1891
5.9955
0
0.2726
0
0
0
0
0.0543
0.315
0.1372
0.0319
6.8587
1.477
0.3113
2.5386
17.2874
2.3634
3.5609
4.3394
1.0715
0.7927
0.2341
0.9148
0
0
0
0
0.286
0
4.1619
1.4862
1.0792
0.0771
0.4708
1.3431
0
3.6603
0.8963
2.1203
2.6112
0.5547
3.4854
0
0
0
0.2293
0.7173
3.8489
0
0.2668
2.4059
1.3543
0.3746
7.4669
0.9756
0.9278
0
13.514
0.1026
0.0611
0
0
0.5839
0.0342
0.093
0
0
0
0.5838
3.7171
6.6771
0
0
0.2692
0
0
0
0
2.5104
0.4688
0.29
0.7003
0.0023
0
1.7784
0.7725
32.182
0.6939
3.185
1.511
3.9108
1.3251
4.8593
5.5948
2.8325
1.7422
4e-04
0
4.694
1.7672
3.0515
0
4.584
1.097
0
1.1609
29.1779
0.4212
0.0297
0.0134
4.6159
7.2142
0
0
2.3769
0.3191
2.0728
0
1.229
7.1392
0.8384
0.001
0.3272
0.0017
0
0
0
0
0
0
0
0
0
0
0.0406
0
0
1.3468
0
9.5191
4.687
0.7371
1.5956
0.3083
0
0.7585
0.8654
1.1619
2.1574
0
0.2392
0
1.588
1.666
1.9514
5.0441
0.626
6.7393
0
0.0714
0
0.0344
0.239
0.1785
7.3175
3.4405
0.1188
0
0.2921
0
0
0
7.866
0.5667
0.9364
0
1.4141
0.0382
0.0413
0.37
0
0
0
0
0.3998
0.6044
0.3382
0
0
0
0.1364
0.1048
0
0
7.517
0.5805
0.7703
0.3332
0
0
0.9175
0.1781
3.5639
0
1.142
0
23.5647
3.3315
0.2433
0.2969
0.3194
0.3109
1.278
1.9509
1.6499
2.5962
10.3274
3.2802
0
11.3108
1.7036
0
0
0
0
0
0
0.1167
0
0.4472
0
0.8618
0.9299
1.4485
0.7538
0.134
1.7149
0
0.0238
0
1.9458
2.9475
0.2304
7e-04
0
0
0
0
0
0
0.1262
0.1575
5.8634
0.3828
0.3262
0
0.0599
0.41
0.9755
3.4227
0
1.1651
1.2051
1.2287
0.0575
0
5.0642
5.3325
0
0
0.0031
0
0
0
0
1.6578
4.0653
0.107
0
0
0
0
0
0
0
0
0
0
0.0011
0.0013
0.1964
0
0
0
0
0.1917
0.8767
1.6535
0
0
0
0.2006
0.2759
0.0887
0
0
0
0
0
0
0
0
0
0.7168
5.0772
3.4006
0
0
0
0.244
1.784
9.2126
2.6677
6.9296
2.7339
6.3697
0.1974
5.2369
0
12.2066
8.7478
1e-04
0
0
22.7449
5.372
0.1273
0
1.208
2.2684
6.1424
5.5062
0
0
3.9475
10.7671
4.9025
2.1151
0.3518
5.0544
7.748
0
2.7791
12.0663
12.6568
0.5554
0
3.4141
15.4428
0.4502
0
0.7172
1.0613
14.1441
0
0.002
0
1.7342
2.9353
19.4993
6.1013
1.5878
0
0
0
0
0
7.4904
1.9637
2.7145
0
0.1526
0.0101
0.3793
3.9443
5.0067
2.9721
0.0036
2.9917
1.9005
0
0
0
0
0
0
0
1.3889
6.216
0.2656
0
0
0
0
0
1.8483
0.1637
0.0356
0.0066
0
0
0
13.2257
9.5967
53.6988
0.1317
0
3.9519
2.696
6.0283
1.3953
0.0351
0.072
0.0546
1.6503
0
0
0
0.206
0.3215
0.2159
24.2348
15.8457
6.1717
0.8199
4.9847
0.5118
11.7557
0.0045
1.4255
8.2618
0
1.7509
2.8573
0.0278
0.0098
2.4716
20.794
0.3632
0
0
0.2898
0
1.0863
4.3209
0.8809
0.4885
0
0.9006
0.0015
0
0
0
0
0
0
0.0032
1.0785
0.2426
0.0788
0.6152
0
0.0241
0.2213
0.3501
0.2215
1.1812
0.1581
2.6222
0.1749
9.4307
1.5148
1.4873
0.4669
15.066
10.281
4e-04
0
0
0
0
2.57
0.7628
0.0553
12.273
0.0172
3.1714
0
0.105
0.098
3.9394
2.4143
0.8865
0.5641
0
0
0
0
0.3521
0
0
0
0
1.232
14.038
0.1177
0
3.9609
0.7683
0
0.0021
0.2114
1.6157
0
3.1093
1.1568
0
0
0.0827
0
0
0
2.0968
0.8687
0.1953
0.0435
0
0.3265
0
2.0647
6.1508
0
0.0021
0
0.1146
1.0379
0.347
0
0.4455
0.7743
0
3.8404
3.5597
0.4863
0
0
0
0
0
0.0011
0.4958
0.009
0.3181
0
1.2873
15.601
0.1046
4.8513
0.3722
0
0
0.2796
0.0022
0
6.1553
9.0147
0.4944
5.6342
1.0274
3.3121
2.9837
18.4065
13.8259
1.7216
0.9679
1.7716
2.5168
0.5375
0.0808
0
3.3614
1.3086
1.3542
3.482
4.8986
2.9485
3.3531
0.6556
0
0.2053
0
0.2555
4e-04
9.2241
0.7724
1.1558
4.0564
1.0886
0.0056
0.7424
0.6818
0.7375
0.2477
8.4941
2.5002
2.4467
0.6276
4.2655
0.7356
1.2019
3.2296
9.2578
0.3468
2.1711
0.2317
0
0
5.2456
2.9679
0.8099
0.4259
5.9626
0.6378
19.8278
19.1271
0
0
2.4894
1.9957
38.2728
13.3892
22.1753
8.855
7.0895
1.4612
0.0141
0.2871
0.0088
0.4321
0.0197
0
14.9143
7.9947
4.6811
1.4038
1.9236
2.1592
1.0977
27.0217
4.2038
4.471
2.7827
0.5434
1.5312
0.6466
0.4224
0.54
0.5307
0
0
0.0111
4.4203
6.9168
0.3568
0.1386
0.0022
0
0
3.3835
0.0506
7.3482
0.3787
0.1625
0.291
2e-04
0
0
0
25.5976
22.4978
2.4102
4.4305
0.5493
0.6649
3.6413
13.9228
2.9586
2.0374
0.3607
10.5741
0.92
0
0
0
4.8979
3.9684
0
0
0.1162
8e-04
1.2605
0.3604
0.5543
0.7982
0
8.5796
1.0354
0.0122
0
0.1585
17.2127
2.2418
3.8003
0.5404
0.225
0.0215
0
0
10.4726
1.8375
0.051
0
20.6012
0.0098
0
0
0
3.8096
12.0731
3.9263
11.3319
8.4564
0.0405
0
9.1274
7.822
2.6818
10.0218
1.6058
0
0
0
0.049
0.0385
0
0
0
0
0
0
0.2964
0
0.1889
0.3378
0
0.0778
0.0617
0.1281
0
0
0
8.2552
0.0443
0
0
0
0.0343
0.9312
8.5163
0.1849
15.2527
2.2354
1.8381
0.1948
0
0.2735
0
0
0
0
0
2.0536
1.2704
0.0466
0.0946
0.0935
0
1.1155
1.3085
6.0147
1.005
0.4796
0.551
0
0
1.882
10.6257
14.3038
6.8814
0.4881
0.4775
0.1752
0.0517
0
0.1928
0
0.1888
0
1.4957
0.6546
2.3831
0
0
0.106
0.3087
0.1649
0
0
0.3553
0.0266
0.0023
0
0
2.6031
0
0
1.712
0.9497
0.0553
0.5826
0.0609
2.2625
0.3939
0.2359
0.2912
0
0.3592
0.0804
1.4322
0.1297
1.7714
2.8218
4.8356
5.2908
0.2783
0
0.2407
9.2058
0
0
0.1181
3.9617
1.4988
1.0505
0.2867
0.1716
0
0
0.0023
0.8641
10.5832
5.9422
0.0886
7.1258
0.4055
0.1543
0.0152
0.1205
3.8318
0.0489
0
0.0074
1.8578
0.2232
0
5.7436
17.0668
1.1946
6.0094
0.1001
0
0.2769
0.0074
1.0307
0
0
0.0529
1.363
7.0371
22.4028
1.7331
0
0
0
0
0
57.4416
5.3943
0.7934
0.0127
0
0
0
0
0
0.0248
0.7707
0
1.0817
0
3.2708
17.8416
1.1517
1.0082
1e-04
0
2.2835
0.3597
8.311
0.6447
0.1783
4.1119
0.038
0.4376
1.5312
1.3446
0
0
0
0
1.6299
3.398
12.7798
2.3672
5.4007
2.6028
0.2954
0.1261
0.492
0.2188
0.2711
0.2185
0
25.1385
1.5897
0.089
0
3.6557
0.0416
0
0.065
0.1181
0
9.7429
5.4193
0
0
0
0
0
0
0
0
0
0
0.9218
8.7252
20.7937
2.7971
0.0496
0
0
0.2365
5.3339
5.5391
6.7827
13.549
6.5909
7.3601
24.4928
4.2176
0.0792
0.0306
0.844
0.0648
0
0.0758
2.0772
6.7637
9.2762
0.0386
0
0
0.0021
0
0.0265
15.3483
11.0061
3.8255
0.0731
0.2216
0.78
18.3893
3.3543
0.0036
0
0
0
3.4115
0.5351
0
0
0
0
0.9001
3.9058
8.5262
2.8432
0.6225
0.5806
0.4826
13.0535
5.0955
7.2574
3e-04
0
0
0
0
0
0
0
0.0621
0.9652
0.6663
20.9678
7.9373
1.2635
7.8053
1.0128
0.0604
0.5584
4e-04
0.0974
6.4534
10.3178
27.8458
1.5991
0
0
0
0
0
0
1.8434
1.0749
0
0
0
10.1045
2.6032
0.0102
0
0
0
0
12.0782
4.6103
25.8735
0.0032
0
0
0.0525
2.2068
9.0561
6.5025
10.9651
1.9079
0.5099
0
0
3e-04
0
1.8823
2.3905
0
0
0
0
0
0
0.0691
2.2514
12.5308
1.1491
20.6702
0.0811
0.0019
0
0
11.8385
1.3452
5.8674
0.174
0.029
9.0243
0.0346
5.5376
0.8048
0.649
0.2475
0
0
0.0991
0.1171
0.1663
0.3292
0.0146
0.4069
0.2447
17.4048
0.133
0.0015
3.5863
3.2683
26.8585
16.5041
1.3581
0.8716
0.2067
0.0285
0.2315
0
0.8152
17.4135
0.0649
0
0.3623
4.3029
0.0701
0
0
0
0
0
0
0
0
0
0
0.3701
3.9294
25.3761
0.7681
0.0241
0.7378
1.1505
0.8547
0
0.1428
0
0
0.4449
0.0846
0.4995
0
0
0
0.6773
10.2984
1.2982
0.2085
0.7093
0
8.1336
5.4891
0.034
0
0.0152
0.1614
33.9515
0.8187
0.0076
0
0
0
0
0
0.0247
0
0.0422
0
11.4443
0.0183
3.0309
8.7909
0.4814
0
13.9331
2.2886
16.7976
1.839
0
0.8407
0.5277
3.3434
30.616
23.5807
0.3631
0.0269
0
0
0
2.4625
0.1291
0
0.4112
0
0.2511
11.2496
0.6816
0
0.215
0
8.6456
0.5009
0
0.0573
3.0083
2.8165
0
1e-04
0
0
0.6295
0.122
0.6028
0.0245
2.819
0
0
0
0
0
0.3448
0.3855
0.1254
0
0
0
0
3.1705
4.214
7.5652
0.5175
0.5755
1.8915
2.4693
0.7404
0.4041
0
0
0
0
0
5e-04
3.9459
0.7065
0.4562
4.9681
0.221
0
1.3633
1.1023
0.0649
0
0.044
0
0
0
0
0
0
0
1.6393
6.9834
0.7599
0
0.0909
2.7036
5.7259
0.5938
0.5304
4.2698
3.2012
3.4186
0
0.1391
0
0.4733
0.2759
0
2.3355
3.8161
0
0
11.2173
6.0839
0.8176
0
0.1072
7.5183
5.1567
3.6068
0.0739
8.595
0
27.3293
11.1645
0.1424
3.1945
0.1573
6.5922
9e-04
0.3451
4e-04
0.0565
0.1991
0.0016
5.8018
0.1592
0
0
15.028
4.7281
0
0
2.4427
0
0
0.9769
3.6228
4.8831
0.0782
1.3989
2.571
1.6268
0
0
0
0
3.205
10.7505
3.5143
25.4194
0.6741
0
0.144
6.0413
21.8195
4.8615
2.9402
0.0983
0.0178
3.9345
0
0
0
0.5636
1.3049
3.7283
0.5647
0
0
1.773
5.126
0
0
0
0
0.5234
1.0439
0.2804
0
0
0
0
0
4.6369
0.9092
7.2821
9.4911
3.1963
2.94
0.2299
0.2442
1.1247
1.9519
0
0
0
6.0596
1.7965
0
0
0
0
0
0
0
5.3566
4.025
0.7861
0.0472
0
0
0
0.2555
4.5858
0.2006
5e-04
0
0.2412
10.9554
0.0722
0
0
0
13.6321
3.0758
0.3358
0
1.6792
0.558
1.5033
0.7698
4.6503
4.7137
12.4419
22.1251
5.4795
0.3085
0
7e-04
0.3606
0.0051
0
0
0.0423
0
1.7797
0.1252
0.1694
0.1922
5.697
13.59
0
0
0
3.5455
1.6658
0.5822
0
2.7188
0.0197
0
0
0
0
0
0
0
0
0.8579
3.8821
0.0466
0.3429
1.2634
0
0
0
0
0
0.0124
1.9399
23.9089
1.6619
0.392
0.2526
0
0
8.0763
0.8303
0.506
0.9618
0.1551
0.0455
0
0.3693
0
7.7055
0
0
0
6.1567
27.8158
25.1492
24.9146
9.5284
0
0
4.3377
0.9946
3.6489
0.21
0
0
0.2286
1.6345
0.5411
0.0094
0
0
1.3647
0.5215
0.8453
0.0802
3.1129
1.1704
0
8.5718
5.4277
16.075
1.3679
3.0043
0.1371
0.5341
0.0781
1.1797
0.79
2.2732
1.6579
0.7799
3.3754
3.734
7.5297
0.768
0.0225
0.0186
0.2897
0.0118
0.1082
0
4.8863
2.6494
1.5484
0.9011
0.2538
0.185
0.1952
0.3004
0.2193
0.2808
3.5548
0
1.9338
6e-04
0
0
0
1.1918
3.9313
0.6611
0
0
0.4109
4.4437
0.1238
0
0
0
0.3947
1.1698
0.1592
0.8407
0
2.8937
19.1705
0.6962
0.4934
0.0645
0
0
2e-04
0.1591
0
2.2725
1.7736
1.5744
0.1426
0
0
0
0
0.452
0.4905
0
0
0
0
0.1303
0.1158
0.8539
0
0
0
0
2.2364
0.068
16.3904
0.9298
0
6.6717
4.6723
0.3361
0.6934
0.2671
0.0398
0.0587
1.8646
0
0
0.9341
0.255
0
0
0
0
0.2443
9.7433
5.3377
1.2506
0.4145
16.0368
1.3389
0
0.0307
0.0548
0
0
8.4185
2.5239
2.7454
0.0605
0.5172
11.3357
0
0
2.6184
1.7344
2.2975
0
0.8476
5.4952
0.417
4.1567
0.1162
0
1.6282
0
0
0.3403
0.0136
0.7586
0.6615
3.0781
0.2275
0
0.3114
0.2393
7.0172
11.1435
10.8171
0.2761
8.5175
10.1432
3.0145
3.2039
9.2615
2.453
0.2403
3.709
0.4395
0.4391
3.6076
0.7382
0.0285
0
0.8195
3.2345
0.0871
0
0.4076
4.0719
0.132
0
0.0986
0.2687
0.1988
0.5227
0.1274
9.1441
2.229
0
0
0.2692
4.499
12.1567
13.5136
0
0.3917
0.0914
0.6102
2.5398
24.4832
0.7702
0.0315
0
0
4.1468
7.2588
0.3932
4.7149
0.0387
0
0
0
0
0
1.3578
0.0022
4.8876
2.9599
22.3695
0.1495
1e-04
0
4.3406
0.8575
2.5864
0.6914
0.3689
0
0
0
0.2686
2.5039
0.2347
1.2338
0.2153
3.4726
0.0419
0.3153
0.688
1.0953
8.0216
0.11
18.4244
20.0857
19.1421
15.1836
1.0777
12.3357
0.6431
4.0302
16.7821
3.7328
0.9198
20.4439
2.5895
0.2782
7.9158
1.7953
0.0107
3.704
11.8197
11.538
0
1.0341
3.1995
0.62
0
0.3756
0.029
5.951
2.3008
2.7829
6.5818
0.6921
9.4129
0.7016
0.3197
0.0422
0
3.0266
5.8246
0
0
0
0
4.8741
1.6871
2.3033
18.883
10.277
0
0
0
0
1.0988
7.7203
2.7672
0.3484
6.7725
20.0617
13.956
7.3044
19.648
2e-04
0
0
2.799
0.0223
0.0173
1.629
5.8779
2.9961
0.128
41.4279
14.4832
0
0
0
0.4658
2.222
0
0
0
0
0
0
0
0
0
1.8238
2.5132
11.0331
1.8028
2.0518
0.7783
0
14.5
11.518
3.0583
0.0272
3.6231
1.5043
0.8401
0.135
0
0
0
0
0
0
0
0.2158
0.1025
0.0022
19.4708
16.9682
0.7004
2.2636
0.0551
0.0245
0.0394
0.0081
1.8453
3.0585
10.9132
27.1921
2.9955
0.1434
0.2327
0.0025
0.03
0.0606
0.0301
0.0293
10.0511
8.8306
11.6883
0.2286
2.4486
0.3733
0.0012
0.0315
0
0
0.3936
0.2402
0.2457
0.0771
0.1222
0.0163
0.0451
0.003
0
11.5639
0.0821
0.0057
0
0.1948
0
0.9
0.305
0.0225
0.8115
4.4999
0
0
0
0.0203
0
0
0
0
16.7007
24.204
16.9687
0
1.4727
8.734
22.6711
7.8526
0
0.0069
0.2296
0
8.5114
0.5701
3.5015
9.4389
0
0.0438
0
0
0
0
0
17.9136
2.9982
0.0046
3.3633
0.0156
0
0
0.8383
0
0
0
0
0
0
0
0
1e-04
0
0
0.0517
0.1333
0.5954
12.6808
1.3451
0.0195
0
5.7688
0.0491
0
0
0
10.5548
4.0044
1.0091
0.6028
0.307
1.4785
0
0
0
5e-04
0.0017
19.1252
3.8512
0.0343
0
1.3909
0.6135
6.3014
2.2288
0.823
0.6068
0.2557
1.1744
3.1269
4.0776
0.2408
0.2944
5.1102
1.0531
0.6194
20.0001
1.6853
0
0.0317
0.0816
0.3859
0
0
6.2332
15.416
0.4314
0.0542
0
0.0432
0
0.0389
0.284
12.249
4.9197
0.4578
0.4966
0.0308
2.2604
2.938
8.3559
0.4255
0
5.1353
4.8897
2.2918
0
0
5.8072
21.5353
0.5577
0
0.0181
1.3073
2.4059
0
0.023
1.6425
3.7931
2.4356
0
0
0
0
0
1.8259
0.247
0
0
0.1211
0.41
0.0186
1.1076
1.1472
0
0
0
6.818
6.2917
2.0952
0.1036
0.0719
0.7948
3.6423
1.7953
14.1084
7e-04
0.4066
0.0132
4.4449
7.4255
0
15.6699
20.2958
7.3752
0.4602
0
0
0
9.1564
0.3685
0
0
0.2348
2.2573
7.482
10.9809
0.0377
0
0.1505
7.728
4.3116
0.6862
3.5278
0.2154
2.0338
1.5699
3.3117
2.7318
0.035
0
0.3925
2.587
2.7988
4.0608
5.7336
4.1942
2.6891
0
2.9884
0.1342
0
3.2986
1.4351
7.1348
0
0
0
0.0454
0.1466
10.4484
0.3977
0.1137
0.0546
0.48
0
0
0
11.0826
1.7013
1.7585
0
0.9801
1.3376
0
0.1629
2.2087
0.6838
1.3958
1.451
0.0012
0.8329
0.7059
0.2735
0.5199
0.0064
2.2834
0
0
0.1173
1.5243
0.1613
0.51
3.6745
4.5295
1.5055
0.458
7.9667
10.3588
12.1178
10.8609
0.6304
0
11.7572
0.2652
0.1669
0.9195
0.6306
0
0.4057
0.1712
4.0966
7.509
4e-04
0
0.0967
0.1924
0.7677
1.1496
0.0148
1.5493
1.098
7.0586
8.1654
8.4289
1.8765
2.6792
0.9747
0.6092
0.304
0.007
0
0
0
0
0.2719
12.8324
0.072
0
0
0
0
0.1513
8.2895
5.1689
0
0.4606
2.0268
3.4412
0
0
0
0
0
0.0682
0.0076
0
2.8218
1.5581
0.1649
0
0.8272
0.0465
0.7266
0.015
0
0
0
0
0
0
9.6638
11.0182
1.5301
0
18.3526
0.43
0.0295
0.0195
0
0
1.8897
3.6372
0.4455
5.6071
13.9872
0.5403
0.2946
1e-04
0.9693
1.6792
0.5918
10.5152
1.2009
0.2966
0.2156
0
0
1.0181
0.0276
0
0
0.4296
0.5573
0.0187
0.0221
2.1926
1.6631
0.9458
4.2011
0.0104
0.4522
0
1.6861
0.1264
0
0.0928
0.0447
0.0061
0
0.3088
0.1808
0.006
0.131
1.391
7.3617
2.2265
0.089
0.2929
0
1.4304
0.1015
0.0835
0.67
0.6841
0.4925
3.4108
0
0
3e-04
0
0
0
0.0031
2.9727
0.3114
12.7363
15.1076
0.1634
0.2605
0.1051
0.1559
0
0.6887
0.064
0.002
0.0075
0.0655
6.4487
1.6355
0
0
0.0139
0.0887
0
0
0
0
0
0
0.206
0.2235
0.0734
12.2079
3.4498
3.2163
3.2903
0
0
0.1634
0
0
0
0.002
6.0098
5.7986
0.691
2.8154
3.9968
0
0
2.4101
0.1343
0.2036
0
0
0.8441
0.167
0
9.1054
0.0479
0
0.7111
0.2812
0
6
0.7686
1.1202
0.0189
0
0
0
8.5171
1.9395
1.6391
15.6082
2.2555
0.0738
0.2166
12.185
8.0028
26.4162
6.0018
0.6716
0.9244
0.182
0.1479
0.0519
0.0614
0
0
0
0
0
0
0.8179
18.4191
7.2666
6.888
6.495
2.2913
0
0
0
0.0094
0.5334
4.727
0.5665
0
0
1.804
4.5731
0
0.2436
0.8083
0
0
0
0
0
0
0
0
0.7987
1.674
10.0471
0
0
0
0
0.6851
1.9046
0
0
0
0
0.6673
0
0.0253
0
0
0.2218
1.0631
4.1284
0.9053
0.0739
2.1714
2.2831
0.1021
0
9.4648
4.9028
0
9.8908
35.2171
7.9419
1.7415
1.1119
0.3622
6.0835
0.3698
0
0.0021
4e-04
0
5.2621
0.9219
2.3712
9.1283
6.75
2e-04
0
0
0.0043
0.0827
0.0255
0
0.344
0.027
2.3561
0.6142
7.4943
8.6904
0.0746
0.5844
2.7359
1.0754
0.0701
0.6268
0.1655
0.2228
0
3.1922
5.3225
1.0075
6.7876
2.6923
0
0
0.0011
0.0902
1.1771
8.7705
1.2281
17.0682
4.9914
0
0
0
0
1.9955
11.1803
3.1643
0.0237
0
1e-04
1e-04
0.1026
0.5081
1.3246
1.3886
1.4691
0.9782
0
0
0
0
0.3564
1.2204
0.4117
0
0.5393
0
0
0
0
1.084
0
0.0023
0.1605
0.0089
0
0
0
0
0.127
0.8677
6.4318
4.525
7.9638
1.4984
0.5727
0
1.0158
0
0.0192
0
0
0
0.6236
0.7771
6.6101
0
0
0
0.077
0
0
0
0.0685
0.1207
7.7135
0.0883
0
0.0766
0.1772
1.1383
0.6986
0
0
0
0
0
6.9309
13.1339
0.2737
0
4.7085
4.2012
7.2235
0.1143
0
19.3168
3.7436
0
0
0
0.3951
0
0
0
0
0
0
0.6993
0
0
0
0
0
15.2766
8.7214
0
0
0
0
0.6681
0.4356
6.5573
1.8965
23.7618
1.5326
6.0236
3.8478
1.9613
0
0
0
3.4086
4.2838
8.3899
0.063
0
0
0
0
0
0
0
0
0
0
0
1.6155
1.862
3.3781
1.2198
0.0325
0
0.0081
4.3057
4.1738
1e-04
0.1714
0.0804
0.4899
0.6132
0.9585
2.9999
4.2029
0.0284
0.0222
0.4912
8.9399
30.9379
4.5604
0.8962
0.2251
0.0791
0
0
0
0
0
0
0
0.0829
0.021
0
0.1059
0
0.162
0
0.032
0
0
0
0
0.0018
0
1.2491
0.3164
0
0
0
0
0.2176
0
0.3888
0.4343
0.0166
0.0781
10.2766
4.812
1e-04
0
0
0
3.0741
1.0571
20.6602
7.1825
0
0
0
0
0
0
0
0
0
0
0.3556
0.6502
0.2912
0
0
0
0
0
4.4509
1.9082
0.1171
0.1358
0
0.0012
1.4534
0.1173
0.4139
0.1595
0.8616
0
18.3698
33.5386
12.8438
0.5469
8.4866
0.0745
0
0.054
0
2.8913
9.5974
0.6498
1.2371
13.5101
1e-04
0
0.0545
2.0899
0.1468
0.5916
0.0067
0
6.3067
0.3155
0.0018
0
1.8675
4.7074
0
0
0
9.8914
6.0753
3.4861
0
0.1721
4.0627
9e-04
0.0219
1.4287
4.165
2.0111
0
0
0.5914
3.5726
30.649
1.5736
0.0199
0.2893
12.3189
1.7234
0.0162
0.0021
1.772
4.6688
2.4262
0.2065
0
0
0.0041
2.5059
0.0011
9.2202
0.4567
0
0
0.0253
0.4422
0
0
4e-04
0
0
0.0079
0.0077
0.0677
1.6474
4.4676
11.4627
23.7593
3.0856
5.6613
1.6623
1e-04
0
0
0.5387
2.3045
0.0867
0.0525
2.6924
0.0429
0.0294
0
0
0.0641
2.0686
4.052
3.2117
0.2201
0.0017
1e-04
0.7809
0.9745
0.9187
2.7464
14.3083
6.4986
1.2607
0.2924
0.3404
0
0
0
5.3468
1.2449
13.4024
9.8206
11.7178
2.8451
0.2203
12.3223
7.9821
0.3774
0.0107
5.5192
0
0
4.0476
2.0761
32.7674
5.7754
0
0
0.0495
0
0
0
0
0
0
0
0.4318
0
0
0
0.0269
0.1416
0.1395
0
0
1.3147
5.876
0.1169
0.002
0.1082
1.1735
0.3238
0
0
0.0039
0.016
0.2727
0
7.9684
1.7888
3.5066
0
0
0
0
0
0
0
0.2727
0.0022
0
22.773
4.9916
37.1546
9.1176
0.4187
0
0
0
0
0
0
0.2983
0.0589
0
0
0
0.1286
4.8178
1.4245
0.6874
0
0.0667
0
0.1257
15.2846
0.3127
0.2755
0.7166
5.8596
2.3155
15.5983
0.2061
0
0
0.1917
11.3693
0.0082
2e-04
4.6125
23.5325
1.3615
3.5782
0
0.1081
0.9859
2.4588
4.0166
1.0413
0.2022
0.3131
0.1848
0
0
0
0.51
0.3278
0.3852
0
0.342
0.3913
0.0033
0.5503
0
0.2665
0.0241
0
0.5285
1.2946
0.1382
0.2403
0.703
3.0173
7.0155
0.0068
0
0
1.9643
1.9736
0.0217
0.0099
0.3105
0
0.3889
0.0616
0.0686
0.1197
0
0
0.2911
0.2028
0.5847
2.781
7.2317
0
1e-04
0.1695
1.333
0.2383
1.9064
0.6181
1.8113
2.8909
0
0
1.2684
0.7092
4.7731
3.0186
9.6431
0
0
0.0664
6.7881
8.3591
0.3537
0.5797
0.7349
1.3173
0.9204
0.32
0.2813
0
0
0
0
0
0
1.0823
1.8762
0.0694
0.3811
0
0.4606
0
1.1443
0.7338
0.0261
0.0622
0.14
0.409
0.2746
0.072
0.075
0.1126
0
0
5.3949
10.7627
2.0763
0.3775
0.0106
0.0417
0.207
0.6524
10.5143
1.2837
0.7833
0.1564
0
0
0
0
0
0
1.1157
0
0
0.0015
20.6103
11.7777
0.024
0
0
2.6204
3.5964
0
0
0.414
0.995
0.0252
1.0644
2.4763
0
0
3.0498
0.3875
0.0271
0.0932
0.0957
0.22
0
0
5.8174
3.7649
0.1993
3.8129
1.3273
0.0833
0
4.6596
6.0929
0
27.8272
10.788
0.4469
0.2874
3.529
0.0466
2.2533
10.8222
12.1877
1.0372
0.2552
1.021
5.2473
3.1922
1.3618
0.0776
1.6539
6.6489
12.8668
2.2621
0.1235
0
0
6.3366
1.8441
7.5118
0.0593
0
0.9323
4.4549
0
1.4294
1.1292
0.3699
2.0066
10.752
0.2724
0.4312
0
0
0.2013
6.5845
2.7636
1.9107
0.6541
16.725
11.2468
1.677
7.3439
4.1293
3.1825
7.6795
1.5234
1.2452
0
1.5006
9.7543
17.2478
5.6032
1.6158
0
0
0.0666
2.6042
0.0385
0
0.0725
0
0
0
0
0
0
0
0
0
0
0.5205
0.2076
0.115
0
0
0.476
1.3878
12.4036
0.8993
0.1102
2.5736
1.5694
0
0.1098
1.0133
0.2268
3.0554
1.4405
0
0.0022
10.6198
17.4798
18.2199
2.4743
0.1792
0
0
0.0721
0
0
0
3.3708
2e-04
0
0
0
0
0
0
0
0
1.131
4.5734
4.0813
2.0169
1.6743
1.969
0.066
0
0
2e-04
0
0
0
0
0
0
0
0
0
0.9413
3.0922
0
3.6611
0
2.4843
6.2605
2.3407
2.2578
1.6485
0.8206
0.1427
0
0
0
7.5447
3.2997
0.2931
0.1301
0
5.7951
14.0723
10.9135
0
0
0
0
0
0
0
0
0.028
0
7.169
0.5292
0
0
0
0
0
0
0.711
15.9164
0.515
1.5611
0
0.2748
12.0773
0.2073
0.0845
0.6617
0.0022
1.5569
3.9592
11.3667
0
0.0012
0.0012
0
0
0.5351
1.365
29.3362
5.229
1.6546
0
0.3074
0
0
0
0
2.3542
2.3051
0.3239
0.3143
0
0.298
0
1.7491
7.8965
4.1914
5.3619
0.0044
1.6046
0
7.0781
6.9605
0.4032
1.4323
0
3.7938
0
0.2727
0
0.2531
0
19.6317
5.5662
7e-04
0
0.1839
27.4672
0.0035
0.4525
3e-04
0
0
0
6.0931
7.2063
1.5021
0.6223
0.2208
0
0.0585
0
0
1.504
0.1753
0.9345
1e-04
10.0133
0
0
0.3777
4.6979
0.4247
0
0
0
0.0105
3.5084
6.6718
0
0
0
0.5399
0.0272
11.1569
0
2.5935
5.4708
0
4.8072
7.0974
0.171
0.1387
2e-04
0.1719
0.1278
0
17.9368
2.7596
0
3e-04
0.0512
1.2288
0.2608
5.8588
0.2772
0.4717
1e-04
1.1667
3.8589
0
3e-04
4.7838
5.2468
12.2002
0
0.0199
0
0
5.2801
40.853
0.0072
0.7244
0.9617
0.6098
0
3.7592
3.7634
0
2.804
0.5948
1.5174
0
0
0.9695
42.0059
0
0
0
0.3031
0.287
0.079
0
0.0014
1.0716
0
10.0134
2.0098
0
4.6419
5.5251
0
1.5725
0
0
0
1.3608
11.0809
0
0
0
0
0
5e-04
10.8347
0.1588
0
0
1.5548
0.6628
0
0
0.038
0
0
0.1852
0.1301
0.4776
0
0.1949
3.7023
0
0.5194
3.6104
3.9643
24.777
5.2085
9.3491
0
4.7074
1.4094
0.3789
0.7521
0.339
2.6078
0
1.6616
6.4355
0
0.4623
10.3671
14.7397
0
0
0
0
0
39.837
0.0225
0.0076
0.2278
24.5186
0
31.2529
8.7405
15.0792
0.2874
0.1451
0
0
0
0
0
0
0
4.9705
0.001
1.3816
0
8.6096
0
4.0337
0
3.0184
11.1252
11.3891
0
1.7583
3.7449
8.1101
0.074
0
2.6915
6.6645
0.3966
0
0
0.2036
1.2772
0
13.5666
7.799
24.0903
0
0
0
0
2.1754
3.2281
0
0.57
0
0
0
12.8324
2.5935
5.7896
0
0
2.7446
2.64
0.3527
0.1317
0
0
0
1.4418
1.6913
8.6644
0
0
0
0
0.1432
0
8.6569
11.2927
0.8035
0
5.8428
29.5782
8.2982
0.2004
0.036
0.5593
3.4062
1.8776
0
20.87
0.0458
6.6995
0.5569
0.2537
0.028
0
1.935
0.0198
2.0427
2.9049
0
0
0.3169
0.1121
0.1119
12.7165
8.5366
4.3799
1.3515
0.5312
0
0
0
15.8871
0
2.0966
40.653
0
0
2.3793
0
0.2646
0
0
0
1.6761
0.1194
0
0.0012
2.045
2e-04
0.4024
0
0
0.3719
1.1597
0
0
0
0.6915
10.685
0
0
0
0
0
0.3098
0.2188
0
0
1.4593
1.8752
15.7734
1.2031
0.3364
0
0
2.5184
4.7236
2.5678
0.8766
0.628
0
0.3262
0.2518
0
0
0.1434
0
0.0031
1e-04
7.5884
2.8297
0.4912
0
0
0.3576
3.8685
0.0102
7.6326
0.0081
0.2105
0
0.5777
0
12.3362
5.5962
0.4536
0
2.8806
2.8064
1.6784
0.4436
0
0.2825
0
1.0585
16.5808
0.1186
0
0
0
0
0
0
0.4391
0
0
0
8.0238
6.1594
6.6898
7.5554
0.8468
0
0.1581
0
0.6782
0.3284
0.0246
0.003
3.7485
16.4559
2.8975
4.945
9.883
20.0547
0.0021
0
0.4306
0.0022
3.064
0
4.9856
0.2556
0.2769
0.3561
0.1006
3e-04
0
1.554
7.3509
0.2366
3e-04
0.0353
0
1.0354
0.4523
0.0417
0
0
0
0
0
0.001
0
0
0
0
6.3385
8.5745
5.0811
0
0
0
13.0749
28.7433
8.1538
1.6008
3.3584
0.0949
0.6498
0
1.2471
0.1467
0
1.1625
0
2.0939
2.5333
1.1746
0.3218
0.8638
0
0
11.7409
23.8111
0.2703
0
0.2523
0
0
0
0
6.2327
9.5996
0.7995
9.8676
4.5623
0.001
0.0417
9e-04
0
1e-04
0
14.8356
0.5556
2.5704
0
9.6547
1.4054
0
0
0
2.0663
0.02
11.872
16.7391
2.2868
0
0.416
0
7.376
0
17.7235
0.2823
0
1.3342
0.0274
0.4901
0.323
0
0.0014
0.3428
24.0267
0.7752
0
5.9573
3.988
6.4769
25.9248
7.799
8.0263
0.4136
0
1.319
2.1914
0.0362
0
0.76
0
0.8013
0
0
0
0
0
0
0
0
0
0.3525
8.4585
1e-04
0
0
0.3801
2.078
0.1489
1.5311
3e-04
0.2736
0.3171
0.3583
0.835
0
0
0
1.414
5.2866
17.471
20.2522
3.037
0
2.5701
1.5609
0
0.0028
3.3928
0
4.289
0.2065
0.8122
0.1036
4e-04
5.6823
3.7149
5.7989
11.3104
0.6423
0.0011
3.7455
0
7.9047
0.0262
0.9115
4.5296
3.3296
0.0764
0
0
0
0
0.5678
0.6203
2.7898
0
0
14.0136
0.7457
16.4409
24.5652
15.3008
0
0
0
0
0
0
0
0
0
0
0
23.7958
21.6086
15.261
6.0103
5.183
0.0052
4.2779
0.2033
0
0
0.0079
3.5413
7.3513
2.5932
11.3621
0
0
1.6531
1.3927
1.7565
39.7749
55.8603
0
7e-04
0.5595
1.9959
0
0
0.5846
0.3564
0
0
0
0
4.9874
0
0
0
0
0
1.6293
0
1.4639
1.4649
0
0
2.3175
0.3986
5.8838
0.0785
0
4e-04
3e-04
0.1568
1.9513
0
0.1309
0.9813
0.445
0.0397
6.1587
0.0146
3.201
0.02
21.5569
1e-04
0
0.1901
1e-04
0
0
0
0
0
0.4805
2.8177
5e-04
0
3.7222
0
0
0
0
0.1682
0.4086
9e-04
2.3276
7.2372
0.3066
0
0
0.0056
0
0
0
0
1.3388
0
17.0373
0
0
0.1552
0.2743
0
0.3012
0
0
0
0.1507
0
0
0
0
7.3032
5.4671
0
0
0.2388
1.5385
0.4806
0.2813
1.4939
0
2.5079
0.0037
2.7816
2.7883
0
0
0
0
3.1425
0
0.2301
0.5196
0.9632
0
0.6578
0.6765
7.617
2.9107
0
0
0
0.2908
0
0
0.6754
0
0.4669
0.1237
19.6734
8.9852
0.1007
3e-04
2.87
0
3.0927
1.3342
0.2191
2.7207
2.559
3.6016
4.6467
0.0606
0
0.1237
6.8332
0.1599
0
0.0029
20.0444
8.3569
0
3.3713
0
0
0.1572
0
1.1606
0
5.146
2.7507
0.0155
0.8578
0
1.0439
10.5574
0.6361
0
0
3e-04
6.7792
0.4591
0
0
1.195
1.1244
0
0
0.4563
0.038
0
0
0
3.9213
0
6.7429
8.1351
0.936
2.7856
7.5694
0
0.0064
14.7547
0
0
7.616
0.911
0
0
0
0
0.3839
0
0
0
0
0
0
0
0
0
0
0
0
0
0
0
0
4.0212
0
0.8534
7.0367
0
0.5325
0
0
29.8443
0
13.3987
1.5205
0
0
5.2254
19.6692
1.1786
1.8535
0.6095
1.2425
0.3721
4.1598
30.7996
0.1246
0
0
0
0
0
0
0
0
0.6598
0
0.9183
0.4062
0
1.2895
0
0
0
1.6378
0.9348
0
0
0
0.7156
11.5955
0.0246
0
0.4084
19.4088
10.0606
7.2956
0.0909
0
0
0
0
0
25.6783
5.6408
6.9095
0
0
0
0
0.5561
0
0.6177
1e-04
4.1919
8.7508
5.4091
13.7402
0
0.2067
0.1751
0
0
0
0
0
0.1014
1.4249
0.6957
0.9138
12.6544
0.6131
1.0775
0
6.1379
0
0
0
0
10.9161
0
0
3.0569
0
0
0
0
0.0013
0
0
15.2682
2.2532
2.0506
0.0328
5.249
13.442
2.5608
11.715
9.4555
0.0665
0.0034
3.425
0.723
0.6121
0.822
0.6556
0
0
2.0452
0.7718
0.2735
2.673
4.8043
0.0444
4.0938
0.006
0.0457
13.1406
2.5832
5e-04
0
0
0
3.4832
0
0
0
0.1454
3.0969
8.4678
2.8984
0.5487
0
0
0
0
0
0
0.1148
0.0144
0
7.4356
0
0.1865
0.8733
0
0
0
1.2697
0
0
0
0
0.0084
0
0.0831
0.0026
0
0
4.3511
0
0
3e-04
0.4116
36.9906
1.7851
0
0
7.0789
16.6475
0.3382
0
0
2.9533
1.1201
0.7209
0
0
9.3957
0.0115
0
0
11.3205
0.3813
0
0
0
0
0
0
0
0
0
0
0
0
0.1403
0.0429
13.4658
0.0081
0
0
0
0
0
0
0
2.2339
0
0
0
0
0
0
0
4.5427
4.6185
0.5674
0
0.4412
1.5902
0
9.8072
0
0
0
0
0
0.1318
0.3347
0.0626
8.7705
3.6403
0
0
0
6.8196
0
0
1.7353
15.1856
3.8373
0.4212
0.3635
0
0
5.3255
0
0
0
0
0
0
0
0.4486
0
0
0
0
0
10.4176
0.0354
0.5624
0
0
0.548
0.9425
1.5508
2e-04
0
1.5685
0
0.1226
0
0
1.4516
0.0371
4.1872
2.3247
0.7025
1.7574
0
0.0366
0
0
0.5304
0
2.1518
0.1496
0
0
0.6428
0.5309
0
0
0
0
0
2.8399
3.5759
0
1.6889
1.4533
0.4
0.0317
0
8.3016
1.5942
6e-04
0
0
0.391
5.092
0.6722
0.0338
10.0948
0
0
0
0
0
0
0
0
0
4e-04
0.0286
0
0.0663
4.8811
0.0428
0.483
1.979
2.4996
8e-04
0
8.719
13.7591
0.2556
0
0
0
1.7492
0
8.9298
4.7292
1.0635
0
0
0
0.1176
1.5127
0.3657
0.2782
0
7.9178
9.2206
0.2343
4e-04
0.9058
0.0302
0.2804
0
0
0
3.3476
0
1.9652
38.7903
4.0397
0.1362
0.0272
0
0
0
0
0
0
0
18.9035
1.8973
0
0.3677
0.0654
0
1.1195
1.1039
1.761
13.7269
0.5639
11.186
0.6254
0
0
4.1461
0.6921
12.4051
28.3418
0.0048
0
0.7452
7.5947
0.2529
0
0.0026
2.7322
29.1609
0.6132
0.2773
0
0.0865
0
0
0.2615
20.8798
2.1793
0
0
0
0
0.7228
20.6999
12.9864
9.2099
5.1332
0.7261
0.9958
19.1943
0.0231
0.2407
19.5174
0.0024
0
1.1933
39.9536
0.2481
1.0111
0.0922
2.3779
0
0
0
26.1324
0.0144
0
2.5771
0
0
0.85
1.6925
1.0917
0
0
1.4543
2.1456
0.1031
0
0.3763
0.1147
0
0
0
0
0
0
0
0.654
1.8374
13.9033
19.3321
2.4517
0.3599
7.5901
13.2305
0.4212
0
16.8157
19.0995
0.6214
0.0534
0
0
0
0
0
1.0412
0
7.4539
0.3031
0
0
0
0.0691
5.5425
0.9949
0.0597
3.5829
13.0675
0
0.0595
0
0
0.062
0.6153
7.205
0.6301
0
0
0
0
0
38.9533
0.3122
25.5391
0
8.285
0.3986
0
0
0
0
6.3757
0.3991
0.329
22.2511
4.9425
0.0508
0
0
0
0
0
0
0
0
19.0995
22.3021
3.5777
0.391
3e-04
0
0
0
0
0
0
2.3027
0.457
1.5538
0.1236
0
0
0
0
0
6.9079
0.8629
0.2205
1.1016
0.184
0
0
0
0
4e-04
0.4705
0
0
0
7.8253
0.3427
3.9294
6.9008
1e-04
0
6.6992
0.2124
0.0396
0
0
0
0
0.1015
0.4394
0
0
0
3.1525
2.8615
1.9115
0.0392
1.9778
8e-04
0.1094
0
0.0378
0
0.0525
0.227
2.7015
2.0544
0
0.5068
18.347
6.2483
2.6823
6.5084
0
15.304
7.3126
0
1.8607
2e-04
0.8462
0
0.0728
0
0
0.0148
0.1427
0.2558
2.4098
1.5726
1.2314
0
0
0
4e-04
0.6155
0.2086
0
0.0392
0
0
0
0
0
1.2122
0.6787
0
0
0
0
0
0
0
0
0
0.0786
0
1.7443
0
0.9572
11.4747
0.4185
0
0.128
0
0.1008
0.0929
2.62
0
0.5413
19.2507
3.1135
0
0
0.0144
12.5186
1.4158
0.0768
0
0
0
0
0
0.8512
0.0311
3.2468
16.2167
0
0
0
0
0
0
0.0224
0
0.4696
0
0
0.3134
0
2.5344
3.0603
4.6174
0.4003
0
6.6618
1.7927
0
0
0
0
0
0
0
0.3135
0
0
0
0.0631
0
0
4
0
0.0312
0
0
30.6097
0.7496
0.0113
3.6289
2.8068
5.2536
1.687
0
0
10.5842
0.3212
0.3039
0
0
11.8448
3.3851
5.1037
0.3707
0.7944
0
0
0.0425
0
0
0
0
0.2754
0
0
0
0
0.0027
16.1238
0
0
4.6931
1.6743
0
0.3191
31.5437
26.034
0.5712
6.1485
0.073
0
12.2442
0.3505
0
6.7975
9.8979
1.3602
17.5393
0
1.2675
0
0.004
3.8215
16.5509
1.1302
0.2083
10.5189
8.9953
0
0
0
6e-04
0.1238
2.2393
0
0.1272
8.6116
0.227
0
2.836
0
5.8443
9.7588
1.7463
6.2855
0
0
0
1.432
0.3903
0.5121
1.7291
1.9301
0
3.1955
2.4434
0.1436
0
0.6704
0.1731
0.3048
0.114
0
0
0
0
0
0
0.4015
0.4626
0.0722
0.0021
5.4975
3e-04
2.1731
5e-04
26.8663
7e-04
3.8029
3.7392
0.5463
6.0838
0.1539
0
2.037
6.4975
0
0.1756
0
0
0
3.5798
1.5436
0
1.7995
1.0418
0
0
1.9173
1e-04
0
12.1897
0.6292
0.2048
21.0644
14.6254
0.3486
1.0948
0.2681
0.228
0
0
0
0.7848
0
0
0
0
0
0.0446
0.7812
2.6827
18.5887
5.0962
0
0
2.1202
3.1214
0
0.0292
4e-04
2.165
39.3203
0.2446
8.1177
2e-04
0.0704
12.8695
3.0724
1.3624
0.5882
0.0186
0.0234
0
0.0234
0
0
4.2109
24.9228
5.8592
0
0
0
0.3174
14.4369
19.6832
0.0877
16.96
3.7313
25.7448
0.029
0
0
0
5.0305
4.9435
6.1459
0.198
22.1302
1.7236
0
0
0
0
0.8906
0
3.9485
0
0
0
0
0
1.0679
0
0
0
0
0
0.5572
1.2648
0
0
0
2.0988
0
0
0
0
0.045
5.8384
0.1133
2.4633
3.8495
13.5127
18.6773
0
0
0
0.5313
0
0.78
0.2799
0
0.0775
0
1e-04
1.2401
5.0997
13.5992
0
4.223
27.8242
1.5817
0.5399
0
0
0
2.4245
0.0903
0
0.0375
0
0.2625
0
0
0
0
0
0
0
0
3.4447
0.001
0
0
0
0.0292
0.8229
0.1808
0.005
0.8374
0
0.4123
0
0.0399
0
1e-04
0
0.299
3.6462
0
0
0
0
4.1456
23.2712
15.9973
14.068
0.5162
0
0
0
0
0
0
0
5.6254
2.6828
0
0
0
0
0.5627
0.0639
0
0.7001
10.7152
1.0391
0.0332
0
0
0
12.2577
0.5506
0
0
2.7614
8.0858
0.1768
0.2103
0.0628
0.2312
0.03
12.7243
0
0
0.0241
0
0
0.1871
1.3941
0
2e-04
0
2.2821
0.1803
0
0.0024
4.3442
6.1002
13.8843
2.6184
0
7.3477
0.6883
0
1.1668
18.1549
1.655
0
0.1282
0
0
19.9028
8.2692
0
0
5.5089
19.2191
1.0684
0.0315
0
0.298
7e-04
0.9622
5.7773
3.1188
0.952
0
0
0.6519
0
4.9399
4.5922
0.4462
0.2431
0
14.4283
0
0
0
5.4976
0.3312
6.1831
5.6625
0
7.2932
39.8635
3.4217
0.8293
0.4577
3.2497
3.4453
0.9331
0
0.401
0
0
0.0273
0.1917
11.0793
0.0061
0
0.8648
2.3073
0.4539
0.0014
0
3e-04
8.909
4.962
12.7625
2.4571
0.0439
0
0.0624
0
0
1.374
0.0207
2.2518
0.2524
0.0162
0.8281
0.3821
0.0013
0
9.2218
0
0
0
9.4499
2.6027
0.728
0
0
0
0
0
0
1.5964
0
0
0
0
2.0557
0.3561
0
0
0
0
0
0
0
0.3381
0.0373
0.1244
0.687
5.7365
8.7025
0
0
9.5367
4.0497
4.7979
20.9902
1.2219
0
3e-04
0.8492
0
1.0723
4.0364
0
0
0
0
0
0
0.7271
0.0339
1.9971
0.2375
0.9022
0
0
13.0743
0.0664
0
8.0693
12.7833
2.058
0
0.3353
0.0642
0
0
0.0403
0
0
2.1667
0
0
0
0
0
0
0
0
0
0
0
3.0512
2.1942
0
0.0814
4.2741
8.8786
22.892
2.1148
1.0804
7e-04
0
0
0.272
22.1734
1.9241
0
0
0
0
0.3643
6.4661
2e-04
0.0813
1.1262
0
0
0
0.0232
0
0.5402
0
0
0
0.1481
0.3299
7.0397
0
0
0.0238
0
9e-04
14.3807
2.3793
0
0
0.4622
0
0
0.0271
0
0
0.651
6.4211
0.3917
0.4229
0
0
28.9743
2.6047
0.7594
0.5693
0.3316
4.6289
0.7721
0.689
0
2.7032
0
2.9829
7.8614
1.2549
0
0.7514
1.965
0.4817
0
0.7406
0.3835
0.4505
3.3742
0
0
0.2961
0
0
0
0
0
0
0
0.0761
4.4393
0
0.4246
0
1.0624
17.5309
4.9418
1.4389
1.4477
0.3032
0.0043
7.8031
0
0
0.4549
0
2.5773
5.8393
0.002
3.8319
0.4888
1.603
2.664
0.8165
0
0
0
0.5834
0.02
0
0
0
2e-04
0
0
0.0903
0
0.1391
0
0
0.0431
0
0
2.5406
0
0.4916
2.7003
0.4683
0.6513
2.8369
0
0.7831
3.7872
0.3001
0.0436
0
0
0
1.3587
0
0.0229
0
0
0.0023
0
3.7783
0.1794
0.2883
0
0
9.884
6.5714
1.2617
0.1276
0
0
0
0
0.6949
0
0.0853
4.367
0.9314
0
0.6675
3.4111
0.0499
0
0.2421
12.269
0.2108
0
0
0
0
3.3008
1.3957
8.6655
0.153
0
0
1.429
0.0755
0
0.3331
14.1841
0
0.7603
1.3554
0
0
14.2377
17.8693
5e-04
9.1422
0.2608
0
0
0
0
0
0
0
0.0827
0.0966
4.8123
0.1135
3.7086
0.3261
0.5642
0
0
0.5575
0.2883
0
0
0.589
5.6038
10.5763
15.9618
0.3613
0
23.131
1.5675
5.2625
8.3761
17.7952
12.5575
6.4406
4.8976
0
0.5296
6.6673
0.0012
0.0458
0
0
6.4871
0
0
0
0.0662
0
0.0302
1.339
0.8687
0.0011
1.2834
22.39
0
0
1.9472
2.1868
0
0.3138
0.3676
3.7395
0.2615
0.2971
1.082
37.1657
0.6095
4.6573
0.8014
0
8.149
2e-04
3.088
0
0
0
0
0
0
6.6961
0.9641
0.4742
1.6664
1.6719
0.2189
4.4211
0
3.9661
4.6157
9e-04
21.2321
22.7112
5.4117
1.6114
1.7031
0.9963
0.0031
0
1.3224
0
0.2908
0.9912
0
2.3802
19.9312
13.4001
2.3906
0.5786
0
0
12.9669
0.0895
0.014
0
0
4.6048
26.2486
8.7486
30.2653
2.4309
0.0174
0.6486
2.8086
0.0036
0
1.7687
6.2023
0
0
6.1214
4.3008
0.1398
1e-04
0.0267
0
0.0418
1.9766
0
0
5e-04
4.3487
0.5917
0
0.7531
0.5879
1.7154
48.9034
3.6696
0
0.3327
0
0
0
0
0
0.0613
0.0272
0
0
0.9005
6.947
0
0
0
0.6622
0.0516
0
28.4527
1.5918
0.1184
10.3584
0.1812
25.0211
0.7457
0.7233
0.0655
0
0
3.6685
2.1262
0
0
0
0
0
0.4432
0.0737
0
0
27.6224
4.2865
0.446
0
0
0
0
0
0
0
0
5.2288
8.2375
0
2.4484
1.3891
0.1337
0.0085
7.1207
0.5245
0.2467
7e-04
0.1426
0.004
0
0
0
0
5.1232
2.5397
1e-04
4e-04
1.9467
0.6885
0
10.7756
4.2569
0
0
0
0
8.9321
0
0
16.8895
9.5479
0.2633
0
0
0
0
0.1041
7.3417
0.9849
0
0.2013
0.4683
11.0109
0.657
0
0.2567
3.2218
0
2.9437
0.7229
0.0077
0.7773
1.5186
0
1.247
22.4261
2.6467
0.0472
0.2477
0
0
8.2103
4.6572
0
0.1821
2.4137
0.5798
15.6556
1.0225
0.0998
0.1227
0
0
0
0
0.9407
0
1.031
0.1905
0.0975
1.3759
0.6507
0
0
0
0.0213
1.5576
0.0123
0.3132
0.5497
4.3287
0
0.327
0.0011
0
0
1.3027
3.3322
0
0.8916
0.0497
1.1359
0.1047
0
0.0851
0
0
0
0
0
0
0
0
0
3.2771
0.3812
0
0.5861
0.9394
0.0432
0
0
0
0
7.0987
0.1071
0
6.1054
10.9831
0
1.2036
0.1058
0.0567
0
0.2024
0
0
1.3947
0
2.758
0.6053
1.9025
4.4555
4.2433
2e-04
0
0
3.9306
7.2884
6.0778
0.5164
0.0468
2.042
1.8178
0.0466
0.4873
1.6483
0.039
0.3586
0
0.2761
0
0.2758
0
0
0.1663
1.0487
2.8098
0
0
0
0
0
0
0.1149
8.3429
1.2486
2.9211
0
3.9026
0.2227
0.608
0
0
4.8237
5.873
15.5606
0
0
0.3145
0
8.2713
0
6.5226
12.1221
5.4182
1.0331
3.5866
4.1319
6.557
0
2.4845
3.8121
2.9374
0.0926
15.9673
0.5608
1.3045
19.0518
0.173
0
0.4637
0.5145
0.1335
11.9138
17.9091
0.7342
3.4465
0.2103
0
0
0.0718
0
0
2.3071
10.64
17.5491
18.7325
9.4345
9.9287
0.1548
5.4459
14.1474
0.1795
0.1494
0
0
0.385
0
0.0325
5.8208
1e-04
0
9.4272
4e-04
0
0
0
0.0351
2.7365
5.0499
0.6995
7.4385
0
0
0
2.2439
1.105
0
0
0.0207
3.4329
8.8049
10.5655
0.1571
0
7e-04
16.4799
6.2336
0
0.2175
5.6037
8.297
2.2048
0
1.6364
20.0835
0
0
0
10.9179
0.0748
0
0
0
0.0032
1.0827
0.0593
0
0
0.4814
10.9156
0.1897
0
0.7107
15.0452
15.0904
0.1279
0.0369
0
0.0015
0.2111
3.4748
24.5292
11.6192
16.4788
0.1064
0
0.0225
0
0.1063
2.4882
0.0408
0
15.8068
0.8071
0.2178
0.0477
0
0.0416
0
0
0
0
0.0946
0.2302
0
0
0
0
0
0
0
0
0
1.2673
10.4723
0.1313
0
1.6116
0
0
0
0
0
0
0.6309
0
0
0.0722
2.6276
0.1931
16.1511
1.3437
0
14.3405
0.3036
0.3
0.2981
0.0956
6.556
2.4669
0.1514
0.0374
0.071
0
2.8739
4.7919
0
0.0028
10.9612
0
13.9649
0
0
0
0
0
0
2e-04
0
0
0
0
2.8292
4.1334
9e-04
9.6057
4.3291
0
0.0046
0
21.4575
4.7287
0.0891
3.257
4.2711
0.7023
3.5417
6.5019
0
0
0
0
3.2613
19.2945
0.0255
1.2517
2.5855
4.997
0.1201
0.1591
0.1882
0
0
0.001
0
0.0653
0
0
0.2467
7.4825
0
8e-04
0.1836
0.1184
0.0248
0
0.0151
2.3411
0
5.9018
18.6312
1.7217
15.8302
5.6094
0.0208
9.1342
0.4957
1.0347
9.7994
24.2934
13.1076
1.9626
0
0.7358
0
0.0247
3.1701
0.0127
0.0272
6.6112
0.0209
4.6602
0.0233
0.2399
0
0
0.8642
0.9799
0
0
0
0
0
0
0
13.8604
5.9049
3.2132
3e-04
0
0
1.0169
5.1557
0.0039
11.3604
0.0369
0
0
6.8673
5.2502
0.3208
0
0
0
0.0879
0
3.1875
3.8262
0.0935
0
0
3e-04
0
0.7211
0
0
0.0041
3.1435
1.0747
0
0
0
0
0
0
3.1865
1.1109
0
0
3.2594
0.6022
3.0647
1.1922
0.9586
0.0743
0
0.045
0.251
0.5404
12.9711
0.0638
0
0
0
1.8403
0
0
0
0
0.0065
0
0
0
0
0.0063
0.0063
0
2.2794
2.6476
11.755
24.2725
12.3617
0.3503
12.3294
0.6887
0.5681
0.2037
1.0861
0.567
0.0214
0
0
0
0
0.3411
0
0
0.1766
2.8655
0
6.1115
9.5399
0.0026
0
0
0
9.4251
4.2088
0.5385
1.2982
5.2284
0.3259
0.1758
0
3e-04
4.6852
0.8584
0.5615
0
0.2221
0.1597
0.0615
1e-04
0.0139
4.6121
0
0.024
4.3846
3.1477
1.3075
0.0504
8.9765
0.1497
0
0.8004
0
0
0
0
0
0.2417
0
0
0
0.2829
0
5.2736
3.7996
10.7671
0.7832
0
0
0
2.6102
0
0
4.3201
2.9492
0.6384
0
6.0878
9.0804
6.3905
4.8258
9.3611
15.2283
4.8102
2.6005
0
22.4205
5.3057
0
6.0378
2.4988
4.5485
39.8978
0
0.0047
0.0888
0
0
0.0245
0.0038
0.2204
0
0
0
0.7254
0.0092
0.0797
0.2096
1.7516
7.2681
7.395
0.0441
0
0
0
0
7.0972
0.2281
0
0
0
0
0
0.6323
0.0193
0
9.5071
4.4275
0.2372
0
0
0
0
0
0
0.2911
0.0086
0.1845
0
0
0
1.4937
0
22.9837
0.2887
3e-04
0.5716
0.1195
0
2.145
31.0929
10.3979
5.7003
24.9932
0
0
7.033
0.0768
0
0
0.0994
0
0
0
0.1377
0
0
0.5233
0.0029
0.1348
0
0.8893
0
0
0.6431
0.4058
0
1.1264
1.142
1.2985
3e-04
6.7811
1.3557
0
0
0.114
0
0
0.0203
6.719
0
0
1.2428
0.0248
4.7898
0
0.0836
8.3333
0
0
0
2.9494
0
24.9499
14.7962
0
0
0
0
0
0.0654
3.9244
1.6085
0
0.6758
8.6812
4.782
20.3059
0.0308
1.1858
0
0
8.8618
0
0.0313
0
1.2019
7.8027
0
1e-04
0.3348
0
0.3962
10.361
0.1432
0
0
0
0.0364
0
0
0
0
15.055
3.1478
1.5294
8.958
12.4359
0.4551
7.0802
0
13.5991
8.3855
1.1798
0.3583
3e-04
0
0.1277
0
3e-04
2.6517
0
4.7966
2.4106
0
0
9.5513
9.1868
0
0.1726
6.0658
0
0
0.1934
0.8164
0
0
0.0111
12.1491
0
0.0642
0
2.544
11.0848
16.0769
1.0233
1e-04
0.1021
0.0201
0
0.0244
1.3986
0.9812
0.8797
0
0.0088
8.653
8.8256
0.8896
0.972
0
0
0
0.0623
0
0
0
0.0249
0
0.0558
1.5402
0
0
0
0.9741
0
0.259
6.058
9.2374
1e-04
11.8688
15.6671
0.0642
0
0.6447
0.7569
0
0
0
0
0
0
0
0.7935
0.6041
0
1.7729
0
0
2.1063
6.5717
3.9899
13.6513
0
0
0
8.6149
0
0
0
0
3.6883
0.106
4.7874
0
0.3053
1.9516
0
0
0
0
0.0259
1.1126
0.8128
3.1616
0
0
0
0
0.7072
1.6963
24.8867
1.3952
0.2595
0
0
0
0
0
6.4619
27.3264
5.6721
13.4048
5.4954
14.4611
2.0422
5.9156
14.0485
5.2563
0.0268
0.4721
0
0
4e-04
21.5176
17.8749
0.1293
2.6035
0
4.0109
1.3815
0.3067
6.028
1.0579
1.5246
0
0
9.0812
1e-04
0
0
0
0
0
0.1436
0
0
0
3.3505
8.2042
0.7803
24.7211
40.4397
1.4987
0.1196
0.0185
0
3.9318
5.019
0.0045
0
0
5.5944
3.2484
31.0869
0
0
0
0
0
1.1101
3.9913
39.6616
0.2042
22.3468
0.8068
0.1137
0
3.8255
0.3607
0.3105
0.7618
0.8426
0
0.1277
2e-04
2.8538
3.4932
37.6178
0.5007
0.5905
0.0515
0.2192
0
15.235
0.0191
0
0
0.16
0
0
1e-04
0.082
0
0
0.008
2e-04
0
0
0.0715
9.1274
0
0.0177
0
0.0208
2.2965
0
0.6396
7.6782
4.9049
37.9998
1.7414
0.2909
1.5474
0.2908
0
0.0225
0.4106
1.2307
0.2258
0.0943
1.9624
0.0473
0.0945
13.9675
6.5744
0
0
0.0242
0
8.9366
3.4972
0.3067
0
0.6813
10.9656
1.1257
0
0
7.955
1.9599
0
7.497
0.7013
12.8681
0.7125
4.486
0
0
0.0697
0.0186
0
0
11.4121
0.1529
0
0
0
1.472
39.8175
0
3.2338
1.5177
0.1003
3.3509
0.0236
0.9331
0.1436
2.4287
13.8899
8.4505
0.3272
0
0.4656
0
0.0103
0.0103
0.0176
0.0156
0
14.7825
0.2022
0.1752
0
4.2597
0
0.023
0
3.3677
23.4973
1.4563
0.0962
4.3777
0
0
0
0
0
0
0
0
0.181
0.0925
16.0025
42.7082
0
0
0.1383
0.003
0
0.0784
0
0
0
0.0948
6.8955
3.8811
0
9e-04
0
0.0553
2.7042
0.0183
0.6021
5.2621
11.5784
1e-04
0
7.8582
9.4391
0
0
0
0.131
16.0949
9.2196
0
0
2.3483
22.0258
9.5217
2.1809
0.4539
0
0.0853
0
3.4934
14.3345
4.9558
21.3683
0
0.0185
0.2509
1e-04
0
1.3049
0
0.0596
6e-04
0.6105
0
0
1.4961
0
1.1574
0
0
0
0.0406
0.0201
0
0.3582
0.3393
0
0
0.0302
0
1.1416
6.1571
3.824
3.612
0
1.4861
0.2228
0
0.834
0.0204
0.0204
0
0
5.4427
0.008
1.858
0
10.156
7.2854
2e-04
0.1184
0
0
5.4462
0
0
0.6627
0
0.263
0
0.8663
12.5002
0
0.025
0
2.6823
0
2.6712
6.3151
7.1927
0.3943
0
0
0.1372
1.1245
0.1039
0.0133
0.4811
7.3154
0.2778
1.7783
0.1621
0.246
0
0.327
0
0.0014
0.1667
17.871
4.1887
0
1.3038
1.7267
0.0957
0.0214
0
0
0
0
0
0.027
0.2064
31.0041
24.4837
7.5293
0.007
1.1235
1.8786
17.6073
2.3187
0
0
0
0
0
0
24.7646
0.7279
0
0
0
0
2.7703
6.6899
0.5374
0
0.0527
0.0022
0
0
0
0
0.3387
7.2616
3.8908
0.2562
0
0.3088
0.007
0.1781
5.6773
23.528
10.1211
0.2086
0.4861
0
8.1254
0
0
0
0
0
0
0
0
0
0
4.6025
0
2.0647
0
0
0.0742
0
0.0549
5.149
9.148
0.0063
0
0
0
0
0.3835
5.1095
5e-04
0
0
0
1.4036
0.2577
0
0.7875
0
1.6878
0
8.277
0.1568
16.208
0
0
0
0
0.2568
4.1545
0.228
42.8349
2.6612
0
0
0
0
0
0
0
24.2623
1.7736
27.6827
4.1881
10.1435
2.763
0
0.0472
0
0
0.3182
4.4676
0.1966
0.0119
32.7388
62.9526
6.0416
8.547
3.8475
10.4146
8.9483
0.3604
0.0272
0
0
0.0017
0
0
0
0
0
0
0
4.0665
7.9935
20.4486
0.0135
2.6624
0
0
3e-04
0
0
0
0
0
0
0
0
0
0
0.0204
5.7862
0
0
0
0
11.6923
2.1995
1.1814
0.0094
0
0.1791
0
0
1.4634
0.0411
1.7325
0
0
0
0
3.3826
0.0797
3.6341
0.0735
0
0
1.5203
22.6629
0.2629
0
0
2.5441
0
0
0
0
0.0487
0
0
0
0.0488
0
0
0
0.5243
0
0.1568
0
0
0
4.3024
2e-04
13.7458
0.5822
0
0.3268
2.8246
1.6522
0.0372
0.092
9.8454
37.4766
0.1303
0
0
19.4471
0
3e-04
1e-04
0
5.5361
0.0687
0.2548
0.0161
3.333
3e-04
0.2706
0.0266
11.9217
0
4.6333
25.5815
0.0037
0.6278
11.592
3.2967
0
6.9387
0.604
0
0.0198
0
7.7384
0
0
1.4672
0.0713
3.3798
2.492
0
0
0.6655
0.1773
0.0414
21.332
16.7242
1.6963
2.0487
0
0.8007
0.8635
0.0279
0
0.7505
0.0156
0.0494
0
0
1.151
0
0.3672
0
1.2613
0.4396
0.3952
1.6494
2.6922
0
8.9115
0.4275
0
2.9596
23.2566
43.6739
0.5416
0.4802
2.2308
0.4681
0
3.6169
2.2226
0.1776
0
0
14.1512
0.5143
0
0.0275
0.0696
1.7806
1.477
0
0.0987
12.6406
0.2033
0.4418
3.8996
0.1443
0
4.7845
13.3884
8.3309
0.2928
0.0385
2.4165
1e-04
0.0822
0
0
0
0.3474
0
0
0.1758
7.9389
17.0788
0.2498
3.5307
5.3249
0
0
0.0201
0.2219
8.4762
16.7812
0
9e-04
3.9192
15.0869
0
1e-04
14.03
0.0231
0.0482
0
0
0.3916
5.8958
19.1221
2.1212
3.1168
0
0
0
0
0
2.3402
1.658
0
0
0
0
4.2256
0.6102
0
1.6802
3.9309
0
0
15.721
4.6247
0
0
0
4.5368
2.1944
0.9593
1.5306
13.7233
2.567
0.0752
8.5226
0.0314
2.0694
0.2047
8.9014
0
0
0
0.2287
0
0
0
1.566
0.0209
1e-04
0
0.0401
10.9099
0
0
12.1976
3.2272
0.4122
0
1.529
2.3875
12.205
29.0765
0
0
12.9515
0.3824
0.0107
3.2174
0
0
0
0
21.0683
3.9357
1.3767
0.0128
11.7124
22.9185
1.0341
14.1923
1.7226
0.1999
1.9618
0
51.7618
0
0
0
1.055
20.7455
3.773
0.1788
0.6452
1.4311
2.8597
0
0.0682
0
3.1307
0.0137
2.8538
2.6452
3.9591
0.1324
0
0.023
0
0.0707
0
0
0
0
0.065
4.1969
0.0792
0
0.6659
1.356
0
1.6241
0.557
2.4354
0.3175
0.0406
0
0
0.049
8.4067
0
0
0.7521
0.0589
0
0
3.2624
0
0.0674
0
2.7836
0
0.0384
0.3768
0
0
0
0
0.3982
1.2582
1.2416
0
3.9038
0.0143
7.2994
0
0
34.8896
34.6011
13.3992
0.3935
0
0
0
0
0
0
0.1008
0
0
0
0.0639
0
0.043
5.8675
3.1848
0.1057
0
1.4661
0
0
0.2868
0
5.1211
0.275
0.9507
0
0
4e-04
0.065
5.8845
13.2231
0
0
0
0
2.1576
0
0
10.265
2.0407
1.1366
2.8181
1.0898
0
2.6817
0
0
0
2.3851
0
0
0
0.2844
0.0456
1.4791
0
0
3.7333
18.367
8.2529
26.3909
1.1569
0.1315
0.3269
0
0
0
0
0
2.9593
3e-04
0
0
0
0
7.3279
0.9578
3.5459
0.168
0.8511
1e-04
0.3888
0.0188
0.0618
20.6243
5.8275
0
0.0338
0
1.6164
3.6091
0.9179
4.8146
0
21.3637
0
8.2273
0
1.6252
12.7317
0
4.6975
2.4844
17.5603
0
0
0.548
0
0
0
1.6214
0
1.2927
0.7074
0
3.7462
7.4661
0.5747
0.0618
2.3042
3.5833
0.0286
0
1.0052
0.5369
0
0
0
0
0
0
0
0
0.8444
11.0092
0.2613
7e-04
0
0
0.0398
13.7181
6e-04
0
0
0
0
0
3.0399
47.9735
2.8934
0
1.3933
1.097
0
0
7.2908
0.0317
0.3544
3.771
0.2211
0
4e-04
0.0814
2.233
7.4937
0
1.2553
1.8312
0
0
0
0
1.4678
51.0967
0.9861
19.0147
26.0791
0
0
0
0
0
0
3.6126
0.0505
0
0
0
0
0
2.6712
0.0528
0
0.0437
10.4725
0.35
0.5296
0.5771
0
5.8665
0
6.3353
23.3223
0
0
0
1.7136
0
0
5.2743
21.1358
2.9174
0.2476
0
0
2.0192
15.5782
1.7778
0.0046
0
0.2615
0
0.1883
0
6.8226
2.9536
12.3589
2.1496
0.0263
0
0
0
1.2452
6.1306
5.8309
0.0161
0.0323
0.2269
0
4.4648
17.7476
2.5154
7.6051
0
0
0
0
0
0
0
0
0
0.6549
14.0196
7.3902
0
0.0249
0
5.4357
8.7048
1.5558
0
0
0
0
1.2209
0.1969
0.379
5.549
3.2984
0.9138
0
0
0.0908
2.0811
0
46.3351
12.5294
0.1268
0
0
6e-04
1.8138
2.5127
0
0
5e-04
0.2578
0.0215
2.4066
0
0
0
0.0534
0
0
0
0.0251
16.5221
0.1569
9e-04
0
0
0
4.3071
1.4595
0.0933
0.8481
0.0575
7.0568
10.4164
0.2108
9.0918
0
0.4725
2.283
16.8615
0.0822
0
0.055
1.3916
0
4e-04
0
0
0.0952
4.6928
0
0
8.1407
0.0017
0
0
0
0.0457
12.851
28.9339
0.3495
6.1646
0.1196
7.5534
0.0593
0
0.0194
0.5314
4.9754
13.8583
1.1802
0.0438
0.0186
0
0
0.0349
0
0.0481
0.0111
9.0728
11.5483
0.5005
0.0167
0
0
0
0
0.133
0
0
0
0
0.0023
5.8411
1.8309
3.53
0
0.0834
0.1223
0.1238
2.9745
0.4108
0.1142
0.0713
30.1912
10.9789
0.7224
0.094
0.8653
2.8368
2.1157
21.7889
1.246
0
0.9221
0
2.4403
3.1408
0.0088
6e-04
0
0
0
0
0
22.3287
0.8145
0
0
1.4363
3.6574
0
0.286
9.5711
0
0
0
0.0649
0.0074
0
0
0
0
1.0257
0.2523
0
0
0
1e-04
1.7349
0.0312
0.0215
6.538
0.001
0
0.0214
0.0513
0
2.2396
1.3513
1.1435
0
1.3068
3.355
0
6.0139
9.1568
0
0
0
0.2215
0.4814
15.7519
0
0
0
6.0962
0.1636
0.1188
0
0
1.201
10.0964
0.3573
0.7519
1.205
0.5494
0.3841
11.8007
1.7415
6.2071
0.4071
0
0.1301
1.2589
0
0.0967
0
1.4039
0.1289
0
4.6806
1.6631
0.3202
0
0.3887
0.378
0
0
0
0
0
0
0.0223
0
0
0.0325
0
7.6433
2.2282
0
0.051
0.281
0
0.0875
0
0.0275
0.6222
0
0
0.7229
1.0686
0
0
7.4123
0.86
0.1511
6e-04
0
5e-04
0.001
1.274
0.0059
0
0
0
5e-04
9.4841
0
0.4696
0.7643
4.6381
1.7124
0.0513
0
0
0
0
0
0
0
0
0
1.1363
0.7017
5.3246
16.5181
5.3122
0.9223
1e-04
0
0
0
0
0.1369
3.1879
2e-04
0
9.8149
0.0046
0
11.5391
4.0625
0
0
0
0
0.029
0.0145
1.5357
0.3411
15.9374
23.3791
0
0
0
0
1.3526
0
0
1.3469
0
0
0
0
0
0
9e-04
8.528
32.9031
16.4018
0
0
0
0
7.1776
7.3679
8.0549
3.5989
1.6846
2.4184
9.9364
2.8468
0
0
28.8387
3.3668
2.9242
7.066
4e-04
0
15.7163
5.3448
0
0.0332
6.5659
13.0891
0
0
0
0
2.5152
0.0907
0.1817
0.2997
21.0197
6.0214
3.9994
0
0.1077
9.3111
12.8295
0
2.5807
7.3848
0
2.6936
0.1861
8.5026
5.1834
1.3408
1.1674
0
0
7.0285
0
0.0014
11.8174
3.9799
7.8822
0.001
0.0402
16.2865
1.3261
0
0
0
0
5e-04
0
0
0
0
9.249
7.1422
0.0039
0.5306
3.8863
2.6133
0.1223
0.0065
0.0145
0.0363
2.703
0.0966
1e-04
0
15.4535
0.854
29.261
9.8081
0.0013
0
10.6775
1.3104
0
0.0967
1e-04
0.058
1.0782
3.981
2.2082
0.6951
0
0
0.1167
1.0433
13.3027
0.1047
0
1.7935
2.5122
0.093
0
0
0.0093
0.0105
14.7608
0
0.0241
0.7908
0
0
0
0
0
0
0
0
8.057
1.4646
0.4794
0.0263
0.4988
0
0
0
0
6.0344
0.0032
0.2601
0
0
10.7992
0.1173
0.062
0.0953
0.0608
0
0.6362
1.3123
0
0
0
1.5592
14.3239
0
0
0
4.9885
0.3702
0.001
0.0405
0
0
0
0
0
0
0
0.2464
10.501
0.1526
0
0
0.0295
0
0
0.4705
0
0
2.4101
0
6.2675
0
0.3469
0
5e-04
0
0
0
0.0013
0.6363
0
0
0
0
0
0
0.2222
0
0.408
1.4802
0.1946
6.0046
15.8404
0
0
0
0
4.3931
9.9175
0.3596
28.6657
4.5821
0
0
0
14.0214
0.4414
0
0
0
0
0.0706
0.0482
0.0527
0
1.2158
0.0036
15.8506
0.7697
0.0099
0.0306
0
0.0233
0
0.0362
0
1e-04
0.5812
0
0
0.1616
0.572
0
0
0
0.1948
3.0084
18.2981
0
0
0
0
0.2004
0.3063
0.7224
0.2008
0
4.2048
3.9579
1.606
0
0.2028
0
0
4.0023
0
1.0802
0.4209
0
0.352
1.0304
0
0
0.8545
0.7611
0.6999
1e-04
0
4.1159
7.0564
0
0.0537
5.4803
0.7741
0.8332
0
0
0
0
0.7837
0.1508
0
0
0
0
0
0
5.0944
14.4374
0.9482
0
2.4017
4.9862
0.3228
0.0524
28.1824
0
0
0
3.0624
22.1613
3.8996
0
0
19.7881
0.0058
2.7056
0
0
0
7.1766
0.1082
0
0
0
1.1659
3.7828
1.4985
3.1073
0
0
0
0
0
0
0.0925
6e-04
0
0.5642
0.8214
12.848
5e-04
1.1493
0
21.2752
0
0.1904
3.667
0
0
0
0.2775
6.4472
0.727
3.3118
13.6064
19.3052
0
6.2096
17.1478
2.1164
21.0771
1.1506
10.3693
12.5246
2.7097
0
4.1076
0.5604
9.1332
0.0443
0
1.0348
0.8032
0.3054
0
3.7291
0.0061
4.4779
2.8103
16.5906
12.72
6.9612
2.0386
4.6018
6.3993
0.0241
0.1948
0.5276
4.8029
5.0481
30.3198
32.8977
2.6859
0.1654
16.4116
0.3602
0.0677
0
0
0
0
0.0015
0
0
0
3.2981
7.6566
0.1867
0
0
0
0.6605
2.5679
0.8449
2.5133
1.4698
3.0792
0.1361
5.5019
0.3274
1.8866
0
0
7e-04
0.5431
0
0
1e-04
0.2876
0.0011
0
0
0
0
0.1722
0.0032
0
24.2122
0
0
0
0
0
0
8.5981
0.9771
0
0
11.2739
13.3402
9.1951
0.5682
0.0017
0.2431
3.3495
12.8457
0.0584
0
3.9875
0.5677
7.9057
0
5e-04
6.4428
24.6743
1e-04
7.2732
0.024
0.0194
0
0.0372
10.2633
0.9708
0.0279
0
1.9067
1.3355
0.7921
3.5401
0
0.0042
30.4819
18.2476
0.3255
0.0287
0
0
0
0.177
0.9516
0
0.5142
12.8435
1e-04
0
14.069
22.2043
10.5988
0.9547
2.9193
0.2369
0
0.5254
2.6183
0
0
0
16.1503
0.0172
0.9455
0.0088
15.0383
0.823
0.4828
34.0068
2.4382
6.6391
11.8871
0.9862
2.4286
0
1e-04
0
0
0
0
0
0
1e-04
0.0412
0.1518
0.2828
1.5006
1.1161
2.5117
0
3.1719
28.9148
27.2629
0.2964
0
0
6.1828
0.111
4.8941
6.3783
0
1.7773
0
1.2248
0.0318
0
0
0
0
0
1.3426
1.624
5.9576
0
0.6914
1e-04
0
27.106
1.3295
0
0
0
0.3286
0.2952
2.0793
29.1639
13.6251
0
0.0323
0
16.3031
5.1271
61.3726
4.1007
0
0.2247
0.0815
7.5326
14.4525
3.8558
0.0543
0.011
0.5009
0.005
0
0
0.6102
6.8251
13.176
0
1.2457
0
2e-04
0.624
12.4569
4e-04
0.4475
0.1563
0
0
7.3618
0.0816
0.302
4.9018
1.0032
4.1928
1.0472
1e-04
0
0
0
0
0
0
0
3.3228
3.6685
5.5115
0
0.5068
0.1406
15.322
0
0.9256
0.6346
3.1304
0.2572
9.7301
0
0.0557
5.0561
3.6603
9.5083
3e-04
0
0
0.6862
0
0
3.2479
0
0
0
0
0
0.1408
1.129
0
0
1.5448
0
2.4665
0
0.0102
0
0
2.936
2.0709
1.7863
8.3578
0
0
0
0
9.1864
0.5079
17.6269
0.081
0.6534
2.9769
0
0
4.3174
0
0
0
6.3133
11.9861
0.847
1.1486
3.2011
0.6531
12.5319
0
0
0
2.1397
3.3299
5.5352
0.6739
0
0
0
0
0.5565
0
0
0
6.4972
0
0
0
0
0.1173
0.6756
0
0
0
0
6.2258
0.26
0.4923
0
0
0
0.8218
4.9592
0
0
0
1.1136
2.229
0
2.8945
0
7.8045
9.3835
2.4832
0.0121
1.8503
0.0311
0
22.3088
8.5764
0.5899
0.2686
0
0
0
0
0
0.0416
0
0
0
0
0
0
0
0
0
0.074
0.0044
0
10.8422
1e-04
0
7.0922
0
0
0
2.3733
0
0
0
0
0
10.252
0
0
0
0
9e-04
11.8529
10.5036
0
0
2.0943
6.0687
0
0
0
0
0
0
1.6577
2.7293
12.9351
0.3401
0
0.0199
4.978
1.8838
0
0.0556
0.1758
4.488
0
0
0
0
2.106
0
0
0.2649
10.3566
26.2395
5.3
0
2.4792
2.4478
0
2.0189
4.4644
2.2854
0
0
0.0314
0
0
0
0.0499
35.2348
0.001
0
0.0422
3.3989
26.4333
14.459
0
0.0371
17.2425
2.2714
0.7032
0.0314
0.1338
0
0.0157
1.1504
0.0704
0
0
0
0
35.9506
0.0607
0
0
4e-04
1.3536
1.3322
7.4782
5.1185
3.3524
0.0577
1.9948
18.1303
4.5694
0
0
0
0
3.5291
0.1823
0
0
26.8738
0.0419
0.1282
0.8647
15.0652
0
0
5.7627
8.1088
0.2583
2e-04
0
0
0
10.1749
13.6265
0
6.7132
10.8348
0
0
0
0.9176
0
0
3.355
1.4849
0.4818
0
0.3364
9.4283
5.9472
1.4401
0.1168
0
2.7869
1.57
0
2.9248
1.2907
0
4e-04
16.6328
2.7008
0.2936
0.0695
0
0
0
0
0
0
0
2.8435
0
17.4269
0
0
0
0
0
0
0
0
0
0
1.7845
0
0
0
0
0
0
0
0
7.3047
0.0253
2.97
0
0
1.2634
3.9893
6.5117
4.2197
0.1495
0
0
0
1.1156
7e-04
1e-04
1.4294
0.4627
16.9263
2.7459
0
0
0.1652
0
3.4471
0.3682
0.1064
5.5779
0.7663
0.4363
0.3759
0
0
0
0
0
0
0
0
0.0131
18.8705
0
40.6749
5.7752
0
0
0
0
0
0
0
0.342
0
0.119
0.9392
0.4937
0.9477
5.2784
1.5354
6.9414
0.8942
0
1.7177
0.0306
1.3788
0.4128
0.6542
0
4.004
0
0.2714
0.0992
0
0
0
0
0
0
0
2.0339
0.0177
0
4.5429
0
0
0
24.7085
16.0114
2.675
0
0
0
0
0.084
0.2129
0
0
0
0
6.7464
0.0084
0
0
0
3.985
0
3.2619
1.9826
0
0
0
0
0.2457
4.2495
0.0011
0
0
0
0
0
0
0
0
0
0
0
0
1.7016
0.0191
13.7238
18.8505
14.7251
3.7132
0
0
7.7829
0.2417
3.9217
4.904
2.2213
0
0
2.1405
20.7419
0.2993
0
0
9.1074
0.0177
0
0
0
0
0
0
0
0
0
0
7.2912
3.3712
3.9762
0
0
0
0
0
0
0
0
0
2.8381
4.2074
0.2717
0
0
7.3238
15.5395
0.0012
4.1066
1.8409
17.1838
7.5411
0
0
0
0
0
0
0
16.862
0.6461
0.83
17.7518
0.7332
1.386
6.011
0.1552
0
0
0
0
1.6531
9.0119
1e-04
0.1124
11.7463
14.0627
4.764
12.793
2.4554
3.946
0.5294
3.5516
0.5332
8.4576
17.8382
2.4714
12.3899
21.0008
31.9934
0
0
0
0.1791
0
0
0
0.1251
0.0149
26.5902
0
7.8043
0.0609
0
0
0
9.7609
0
0.5277
0
1.9403
2.332
5.6925
8.5456
0
0
0.1411
42.7709
0.0519
0.2559
0.1894
4e-04
0.1199
1.4949
0
0
0
0
0
0
0
0
5.1688
11.5481
0.6219
0
0
1.2559
24.8081
0
0
1.2314
0.2516
0.8511
0
0
0
0
0.2829
0
5.2475
0
0.1124
4.5697
5.0645
0
4.5661
8.5648
0
0
0.0526
5.4328
18.5742
0
0
0
0
0
0
0
5.8918
0.5966
0
0
2.646
18.3255
33.8534
15.7533
0.4496
0
0
0
0
0
0
0
0
3.9038
1.0874
0.076
5.8606
0.4118
1.1809
0.0101
2.0452
0.0016
0
0.0188
0
0
0
0
16.3682
9.9158
1.9334
0
0
0
2.0983
0.6253
3.0849
0
0
2.7871
2.1285
0
0
0
0
10.2854
1.0475
0
0
12.6756
5.1889
0
0
0
0
0
0
0
0
0
0
0.1064
0.1643
0.0063
0.4695
0
0
0.4808
0
0.6456
0
0
6.3775
0.2985
0
2.2296
0
0
5.0991
27.6822
39.0697
0
0
0.2951
0.274
0
0
23.5773
0
0.3536
3.0496
6.9226
0
0
4.2098
14.1303
0
0
0.6484
1.9112
13.8457
4e-04
0
0
0.0077
2.5491
1.7189
0.3844
2.5561
0
0.8843
0.2454
0.3823
0
2.6308
2.0416
1.4172
0
0
0.044
0.6945
15.0949
9.3496
0
0.4335
14.1557
0
0
0.2227
4.5848
0
0
0
0
0
0
0.476
1.538
4.265
0
25.3915
7.0659
0
0.3003
0
0.0644
0.4472
0
0
1e-04
8.2659
0
0
0
0
0
2.8054
0
0.1831
0.0425
11.5224
0
0
0
0
0
0
1.8938
0.2742
0
0.1271
0
0
0.3872
0
2.092
1.6862
2.9476
0
0
0.1554
0
43.3477
6.6236
0
0
9.304
9.3189
0.4458
0
3.4532
0
0
2.181
9.8793
0
0
0
0
0
0
0
0
0.7187
5.4542
0.0289
0
8.8983
7.3025
7.0647
0.4791
0.0174
0.2645
7.4455
0
0
2.1159
0
1.4595
4.1001
0.0251
6.6723
18.4059
7.1132
7.7052
0
20.8509
0
0
0.2999
9.1735
0
0
0
0
0
1.2904
9.651
0.0024
0
0
0
0.7929
1.2114
15.1468
0.1234
0
0
11.3885
0
0.5271
7.8068
0.0024
3.1267
0
0
1e-04
0
5.554
19.468
8.3077
0.2258
1.0825
14.5896
14.1897
2.4758
0.7307
0
3e-04
1e-04
0
0.1665
0
0
0
0
0
0.3077
8.7927
1.1981
0
0
0
0.0978
0
0
0
0
0
1.129
0
0
0
6.3567
0
0.001
1.4628
0.7098
0.1305
0.0335
0.0866
0.0064
0.0668
1.0485
0
0.3383
0.3622
8.3107
0.001
0
0
0
49.9566
0.434
0.0817
0.4332
0
0
0
0
2.3714
2.3146
2.1452
1.2346
0
0
0
0.065
0
0
0
0
5e-04
2.0688
9.7337
0.0268
0
0
23.4774
0
0
1e-04
52.6943
7.7251
0
0.9363
0
3.5564
4.4515
0
0
0
0
7.8975
0.152
0
0
0
0
0
0
0
3.6605
0
2.9674
11.7142
2.2522
0.4101
2.4253
12.4807
0.0226
0
0
0
0
2.5429
6.7232
4.1829
1.6597
4.3774
9.4882
0
1.9633
1e-04
0
0
0
0
0
0
2.0009
0
0
7.1029
1.1454
0
0
8.6896
0.6487
3.7928
1.2637
0
0
0
1.0211
0.3238
0
0
0
1.3568
3.633
0
0.105
0
0
3.2065
6.7912
17.7928
0
0
0
0.0197
0
0
0.5414
0
0
0
0.1075
4.4269
0
0
5.6199
0.2025
0
0
0
0
0
7.508
0.0048
0
0
0
0
0
1.1199
10.3502
0.3329
0
0.6264
12.4185
0
0
0
0
0
20.5379
5.4925
0
1.8319
0.4796
0.1228
0.9824
0
0.2637
5.9471
0
0
0
0
0
0.0011
0
1.1059
2.2856
0
0
0
2.0505
0.4502
0
0
2.4136
0.0063
0
11.1483
4.0029
0.153
5.2292
0.1589
0
0
0
0.3286
0
0
0.0015
0
0.7404
0
0
0
0.4319
0
0
4.0402
0
0
0
0
0.6064
0
0
8.4261
0
1.1028
0
0
0
0
0
0
0.1713
3e-04
0
0.4324
3.5341
0
0
0
0
0
0
0
0
0.6489
0
3.1844
14.4307
0
0
0.0367
1e-04
0.6388
0.0443
6.2245
3.0361
0.1747
0
1.4848
12.174
0.5548
13.5833
2.7355
1.5643
0
2.7472
0
0
0.3742
0
0
8.0148
15.6712
0.1125
0.0014
0
0
2.4599
0
0
0
0
2.8271
0.8035
0
0
0.2856
5.1104
0.2982
0
0.0056
3.4913
5.6303
8.3464
0.1011
0
0
8.4815
6.1776
2.7759
6.3292
3.6618
0
0.0544
0
0
0
0
5.2032
16.0082
0.0511
1.389
11.7284
49.8395
0
0
0
0
0.0625
0
0.3001
8.327
20.0913
2.9867
8.5981
2.1881
8.067
12.91
6.8399
10.065
2.0177
2.1487
0.5485
0.898
0.8383
2.3052
1.1501
0
6.4071
0.7999
72.4625
41.3623
2.386
0.1255
0.1441
0
0
0
0
0
15.7306
0.3979
32.8276
0.0075
1e-04
16.6184
3.2808
6.3107
0.8092
1e-04
14.0574
5.2043
5.6037
0.0533
0
0
0
0
0
3.5426
1.9399
0
4.4007
0.187
0
0
0
21.4859
0.0525
0
0
0
0
0
14.029
0
0
0
0
11.1907
0
1.0007
35.2775
2.1641
5.6012
0
0
3.0838
5.4458
0
0
0
0
0.6845
7.6849
0
0
3.1143
0.6365
2.2911
10.4042
0.0065
0
0
0.7777
0.3172
7.4848
0.2
0.2286
0
0
0
0
0.199
25.0823
0
0
0
0
0
0
0
0
0
1.5337
4e-04
0
0
3.9908
0
0
0
0
0
2.9111
0
0
0
0
4e-04
0.1922
0.7479
0
0
0
0
0
0.2976
0.0517
7.713
1.5559
0
0
35.2276
0
0
0.6411
2.2375
0.0238
0
0
0
3.4326
1.9354
0.0041
0
7.7848
0
0.7776
0
0
0
0
0
6.8545
0.8691
0
4.1068
0.4826
0
0
0
0
11.2528
4.1537
0.2137
0
0.8119
0.004
0
0
0
0
0
0
0
0
0
0.0445
0.0051
3.0523
0.2506
0
0.0231
0
0
0
6.7676
0.4691
3.1857
7.1126
0
4.5084
13.7858
23.1279
6.8086
0
0
0
0
0
0
0
0
0
6.3388
0.8447
19.753
0
1.5475
0.6102
0.0341
6.0976
2.0076
0.0154
0
0
1.1791
0
0.0211
0
0
0
2e-04
0
0.0207
0
0
0
0.5615
4.6059
4.9373
0.586
0
0
0
0.0231
0.7939
0
0.0097
0.2006
0.1231
0
1.1334
0.0012
0.0281
0
0
0
0
0
0
25.0154
11.2207
0
0
0
0.7348
8.226
1.0423
2.221
1.5883
5.1637
0
0
0
0.4409
17.9326
1.321
0
10.7508
3.0955
4e-04
0.0906
0
0
0.1959
0
0
0
0
28.4222
0.627
0
0
42.1573
0
3e-04
20.3244
4.658
2.8943
0.3661
2.949
0
3.5369
12.1208
4.091
9.7082
2.8311
3.7643
0
0
3.3237
0
0
0
0
0
0
5.5113
7.5622
0
0
0
8.9243
4.5081
6.3652
1.5332
9.4852
11.2396
11.3202
1.3473
1.8134
0.7661
1.2503
1.9544
0.0033
0.3482
5.0811
1.2603
12.6675
8.0182
7.8351
0
0
1.8384
1.2289
0
0
3.7666
0
0
0
0
0
0
0.8123
0.0681
0
0
3e-04
4e-04
0
5.1421
9.131
0.4371
0.2278
0
0
0
0
0
0
0.2196
9.7141
0.7252
0.474
0
0
0
0
0
36.6529
6.5934
0
2.5175
1.2283
0
0
0.0048
1.6064
1.6654
0
0
0
0
0
7.164
1.6855
0
0
0
0.1831
10.1374
0.282
0.2684
0
9.5691
3.2569
0
0.6348
0
0
8.4799
0.231
0
0
0.0024
0.9575
4.2488
1.275
0
0
0
0
1.6927
0
0
0
0.2183
5.3609
5.0076
0.15
14.7199
1.0358
0.3351
18.2888
0.1095
3.3242
0.493
16.0773
1.3626
0
0
2.3725
10.9497
0.3146
34.5051
0.7385
0.1909
0.252
2.8512
6e-04
0
0
0
0
0
0.0302
0.0504
0
24.293
0
0
0
3.551
0
0
47.34
0.881
0
0
0
0
0
0
0
7.6569
0
4.1152
17.2392
9.0989
6.0073
0.2164
0
0
0
0.1131
0
0
0
0
0
0.0107
2.5638
1.6701
0
3.4483
0
0.106
0.4313
21.2418
7.2377
0
0
0
0
3.29
6.8293
0
0
4.3242
0
0
0
13.5909
2e-04
0
0
0
1.8676
0
0
0
0
0
0
0
0
0
0
1.0771
0.0967
0
0
4.884
5.294
0
0.0036
0
8.7979
7.8836
0.0377
0
0.1483
0
1.243
2.5709
7.2972
0
0
0.0225
0
10.8961
5.8812
0
0
0.0079
8e-04
2.3377
1.2562
0.4063
0
0
0
3e-04
1.6608
0
6.3069
3.6494
0
6.4647
0.2099
0
0
0
19.1242
7.4297
0.3935
0
0
0.4237
0
8.181
2.2771
25.3784
0
0
0
0.0378
17.0969
0.0626
0
11.916
0
0.4862
4.0457
3.2094
0.6832
0
0.2345
0
0.0018
0.0014
1.3474
0.1922
0.1879
0
0
0
0
20.3106
1.8306
0.7973
0
0.1529
5.0917
0
0
0
0
0
0
0
0
0.0183
0
0
4.6381
4.3207
0
0
0.9504
9.5688
0.8705
0
0
0
0.0975
3.4209
0
0
5e-04
0
0
2.4034
0.2562
0
0
7.0274
0.1985
0
2.4254
0.2408
0
0
3.1365
1.8814
6.3346
3.6343
0.0159
0
14.9634
16.4057
0
18.2809
1.2099
4.6644
3.1887
16.2816
6.8001
0
0
0.9988
7.6222
0
0
0
0.432
0
0
0
2.2608
16.2238
5.4868
0.0346
0
0
0
0
3.3361
1.3661
4.8281
14.9167
8.3222
1.4075
0.1918
40.4577
26.7199
0.1974
0.3636
0
0
0
7.8191
0
0
0
0
0
0
0.0498
11.9683
6.4972
7.0878
0
0
24.8776
6.011
0.0769
9.3622
7.5006
3.9317
0.113
0.4939
0.6043
0
0
0.0307
0.0714
0
4e-04
0
0.3979
1e-04
0
0
10.4615
7.5581
0
0.5407
3.6416
3.5335
3.0101
0.308
0.0064
2.0766
20.2407
0.0037
0
0.6802
1.127
0.0866
0.0757
63.2402
6.6101
0
1.2483
0
0
0
10.6546
0
0
50.7146
1.8921
26.5149
19.6781
0.0368
0
2.2162
0
0
0
0.0863
0
15.0008
3.436
0
0
0
0.0058
1e-04
0
0
0
0.7085
0.387
2.6531
4.8672
2.2323
0
0
0
0
0
2.2541
0.0347
0
0
0
0
12.1669
0
4.6965
0
1.5784
3.9459
0
0
0
0
0
3.1678
4.9459
0.0071
0
0
0.0822
0.0147
1.1095
9.9845
4.5563
5.4637
0.9134
0
0
0
0
0.9729
2.0579
0
0
0
1.5792
21.8075
1.2208
0
0
0
0
0
0
0
0
0.3158
0
0
0
0
1.2697
1.0255
9.6212
6.2563
8.6301
5.1006
0
22.2768
0.0591
0
0
0.5349
0.1296
0
0
0
0
0
0
10.5436
7.0021
0.7828
0
2.5295
5.2506
0
1.1742
0
0
8.0655
8.4711
0.9815
49.5623
1.6822
0.2634
0
0
0
0
2.6166
1.381
0
7.5958
0.037
0
46.4773
3.9097
0
0.3939
1.0644
0
0
0
0
0
0
0
2.2905
0
0
0
0
0.9722
0
0
0
1.1066
0.1122
0.0591
0.1783
0.8429
2.0181
0
0
0
6e-04
4e-04
0
0
0.4229
4.9697
4.3795
1.7365
2e-04
0
0
0.8166
1.0712
0
0
0
0.0356
0
0
0
0
3.5369
0
1.002
0.1678
9.9636
0.0888
0
2.0519
15.7136
0.0123
0
0
0
0
2.8946
1.7497
0.1922
0
0
1.3834
0
1.3717
0
0
0
0
0
3.8579
1.5229
1.7733
1.6799
0
5.4539
0.3156
1.4214
0
0
0.2194
3.1393
5.0703
0
1.2009
21.8469
15.712
12.5804
2.021
5.4813
2.0953
8.0535
0
0
0.317
37.4483
3.8799
0
0
0
1.3771
0.7836
0
0
0
0
0.508
6e-04
0
0
0
0.2201
0
0
0
0.1263
0
0
0
0
0
11.2151
0.8974
16.8518
4.207
0.466
0.5165
0.0047
8.4892
6.0435
0
1.0769
4e-04
0
0.1052
0.7994
0
1.4686
0.0103
11.7505
21.8443
0.145
0.8651
0.5554
1.0887
0
0
0
0
1.5395
0.9175
0
0.1164
5.9654
0
0
0
0.0149
62.948
1.2568
0
6e-04
0
0
1.7898
3.383
1.6056
1.1259
23.1266
11.5509
7.1619
0.0032
0
1.9943
4.2317
0.1828
3.6065
0.1629
0
0
0
0.8156
0
0
0
5.2124
2.4566
11.203
0.0019
0
0
0.624
0
0
1.7856
9.9792
24.5616
6.2741
14.5149
2.5608
0
0
2.1302
0
0.1426
1.6173
4.895
8e-04
6.5552
14.759
0
0
1e-04
17.1553
1.6368
0
0
0.637
0.187
0.6049
0.4903
1.1401
0
0
0
0
1.2908
0
0
0
0
0
2.4714
4e-04
0
0
6.3392
3.4515
1.4116
0
0.1026
0.0056
1.7658
0
0
1e-04
0.3585
10.2719
19.6769
0.3244
0
0
0
2.0542
28.3748
6.1756
9e-04
5.4965
8e-04
3.5226
0
0
0.1873
13.5658
13.5459
2.4883
0
0.3654
23.658
0.0027
0
0
12.0691
1.1692
0
0
0.3279
0
0
0.0542
0.0945
1.2717
1.7706
0
0
0.0375
9.5132
23.8756
7.805
0
0
0
0
0
0
0
8e-04
0.626
0.0941
0.2426
0
0
4.6106
8.0825
5.0686
0
0
0
0
0
0
0
0.0974
3.9442
9.4298
11.0038
0
0
0.6968
0.7711
1.3219
2.9911
0.0013
0.006
0
0
0
0.1619
1.1688
0.0141
0
0
0
0
1.226
5.7913
17.7072
0.6161
0.1268
2.1954
23.5402
15.4581
1.3848
0.112
1.6879
4.1836
0
1e-04
4.653
0.2781
0
0.0851
1.0187
0
7.5573
0.1985
0
3.9288
0
0.5153
0
0
0
6.1635
0
17.624
0.0015
0
0.0642
0.777
8.907
4.9355
1.3263
0
0
0.1139
0
0
0
0
0
0
0
0.3255
0.0722
3.2015
0
0
0
4.3876
10.4793
1.682
0
0
0
0
4.5313
3.5819
0
0
18.8982
2.148
0.0298
0.0103
0
0
0
0.6352
1.446
0.263
0
0
2.2116
1.9779
0
0
0
1.3046
0.3987
5.0353
0.856
0
0.1509
10.0679
8e-04
0
0.0408
2.5594
2.191
0.1687
0
0
0.4382
0
0
3.3531
0.9779
16.666
5.7888
0.0017
0
2.6557
1.2722
17.6299
0
0.0105
0.4134
0
1.1695
0.4301
0
5.2752
0.2773
0
0
11.4304
0
0.101
0
0
0
0
0.9198
0.2119
0
0.0548
0
0
7.1124
15.034
0
0
0.4534
12.318
0.2603
1.7074
0.2397
0
0
1.5896
5.0398
0
0
0
0.37
0
0
0.1658
3.0476
24.3759
11.8243
0
0
0
0.2846
0.1207
0
0.1073
2.2244
0
0.0556
0.4573
6.7867
0
11.1569
0.3969
0
0.0433
3.0417
13.9101
24.8569
1e-04
0
2e-04
0
2.0493
25.3346
2.7351
9.3324
10.3153
3.3687
3.475
4.2337
4.7633
0.2057
0
0
0
0.0206
3.9208
9.6558
0.1885
5.4581
7.1906
0
0
0
3.6234
8.2694
19.2509
0.6228
0.3707
3.3836
4.0604
0.4202
3.3802
11.103
0.231
14.2488
7.1351
3.3146
1e-04
24.6277
27.0958
0.0019
0
10.7089
0
0
0
1.9932
5.3197
0
0
8.97
2.3563
8.0959
11.6758
0
0
0.0169
15.099
0.0011
0
0
0.2323
0.0971
0
0.0457
0
0
0
0
2.2871
10.5395
17.9135
5.0086
10.8206
3.425
0
0
8.1115
1.075
0
0
1.5017
6.9557
5.7264
16.8212
8.4572
0
0.6085
7.603
7.123
4e-04
2.1255
0
0
0
0.1189
2.5166
3.9538
0
0
0
0
0
0
8.8814
0.1446
0
0
0
0
0.3946
21.9075
8e-04
0.2916
0.1005
2.3572
14.6392
28.8107
14.9128
2.2184
14.5849
0
0
0
7.7033
5.8747
0
0
1.7827
0
4.8802
0.0026
0.0055
1.7114
0
0.0388
0
0
0
0
0.245
15.4395
18.3787
0.5591
0
0
0
0
0
0
0.3016
0
5.5575
0
0.0826
0
7.0478
11.8856
0.8961
20.1826
0.0907
3.9616
0.639
0
0
1.9343
0.4249
0
0
0
13.2722
3.2956
0
1e-04
0
6.6528
0
0
0
0
2.3591
1.9268
0
0
0
20.9432
9.9767
0
0
13.6105
21.3911
0.9186
0.281
0
0
0
0
0
0
0
0
5.8439
1.1587
0
0.0192
0
0
0
0
0
0
1.333
0.126
0.9024
0.2108
0
0
8.2359
0.51
0
0
8.1969
6.7178
0
0
0
0
0
0
9.9854
6e-04
0
0
0
1.5693
0
0.6509
3.3912
0.8261
3.7284
0
0
0
0
0
0
0
0
0
13.0412
18.2555
1.9546
0
0
0.5166
0.6589
0
0
0
0
0
9.5752
23.5499
6.3894
1.9392
0
0.5878
0
0
16.0403
0
0
0
0
0
10.6642
1.5251
0
0
0.067
0
0
0
0.1005
0.1512
0
0.6766
0.3918
6.5352
0.4638
1.6473
2.5172
3.3541
0.4392
7e-04
4.9331
0
0
0
0.0035
2.6977
0
0
0
0
0
1.2112
5.9443
8.8616
0.9818
0.0133
0
0
8.6268
0.6108
0.087
0
1.0638
0
0
0
4.4735
0
0
1.3197
0.0012
0.0049
0.0321
0
10.4459
12.4213
5.558
0
0.1517
3.676
0
0
1.2654
2.1607
23.0708
8.2492
2.2951
1e-04
0.5572
0
0
0
0
0.0987
2.319
7.2268
6.4785
0.2652
0
0.6521
4.6273
0
1.7699
0
7.6759
0.052
0.0528
0
1.5275
1.6356
0.4183
0.1614
0.2261
2.4603
0
0.5759
1.4602
0.9313
1.0682
0
0
0
1e-04
0
0
0
0
4.1861
1.3769
0
0
14.8783
8.3714
0
2.114
21.4028
34.6867
0.562
0.2254
1.4359
0.7129
0.0929
0.6024
1.3366
0.5964
4.5799
5.3625
0
0
0
0
0
0.1499
0.6841
0
0
0
0
3.5667
1.8119
0.0504
12.0599
0
0
0
0
0
0
0
0.9038
1.7753
10.484
1.9654
0.1017
0.4265
5.8747
2.4658
0
0
0
0
0
1.2529
0
0
3e-04
2.0337
1.3576
15.0191
0.3884
0.0857
0
0
0
1.8062
0.182
0
7.7504
0.0525
0.0032
4.4782
0.5268
0.005
0
0
12.7758
0.5585
0
0
0
19.7318
2.15
0
1e-04
0
0
0
0
0
0
0.2127
0
0
13.695
5.6493
6.3848
0
0
0
0
0
0
0
0
0
0
0.0423
16.3126
15.7467
4.1447
0.0268
0
3.5639
0
0
0
0
9.0001
14.5032
0
0
0
0
6.7672
0
0
0
0
0
0
0
0
0
0
0
0
0
0
3.4384
0
1.3365
0.687
0
0
6.6585
0.0442
0
0
0
0
0
0
0
7.0245
0.0035
2.192
0
0
0
8.6965
2.5287
15.2242
23.3231
6.0211
0.1522
0
0.0933
0.4149
1.8305
3.8438
0
0
0.617
0
0
0
0
0
0
0
0
0
7.1516
0
0
0
13.2536
0
0
0
0
0
0
21.7337
0.4017
0.2516
6.7039
9.3173
0
0
0
6.4334
3.1999
0
0
0.1244
0
0
0
0
0
0
0
6.4935
0
0
0
0.6409
2.7014
3.3448
0.0862
0.6648
0.4017
0
0.7742
0.1202
0.2158
0.1854
0
1.4337
0
7.5458
1.609
