1980 1 1
0.919
0.969
0.896
0.846
0.904
0.864
0.854
0.824
0.863
0.91
0.951
0.73
0.789
0.867
0.941
0.95
0.968
0.944
0.915
0.878
0.859
0.883
0.845
0.798
0.92
0.871
0.805
0.869
0.835
0.786
0.807
0.806
0.758
0.728
0.805
0.746
0.878
0.854
0.764
0.831
0.834
0.906
0.846
0.798
0.861
0.859
0.879
0.754
0.857
0.821
0.841
0.979
0.994
0.978
0.898
0.882
0.785
0.847
0.803
0.72
0.707
0.675
0.81
0.856
0.938
0.868
0.859
0.962
0.951
0.91
0.72
0.724
0.945
0.89
0.893
0.88
0.993
0.881
0.756
0.843
0.963
0.778
0.838
0.941
0.884
0.744
0.797
0.744
0.948
0.926
0.944
0.891
0.856
0.859
0.975
0.854
0.576
0.561
0.721
0.856
0.928
0.818
0.916
0.737
0.917
0.871
0.759
0.629
0.545
0.552
0.547
0.532
0.42
0.59
0.704
0.844
0.64
0.683
0.854
0.741
0.696
0.66
0.603
0.532
0.448
0.482
0.458
0.594
0.658
0.681
0.748
0.794
0.781
0.835
0.827
0.681
0.708
0.915
0.889
0.724
0.773
0.636
0.533
0.475
0.686
0.696
0.676
0.565
0.471
0.496
0.74
0.866
0.861
0.796
0.73
0.774
0.707
0.748
0.646
0.819
0.715
0.613
0.566
0.595
0.641
0.719
0.781
0.767
0.658
0.613
0.705
0.745
0.699
0.671
0.582
0.62
0.664
0.672
0.672
0.749
0.708
0.731
0.755
0.729
0.753
0.809
0.875
0.791
0.689
0.796
0.723
0.799
0.759
0.743
0.783
0.644
0.73
0.719
0.819
0.793
0.74
0.705
0.821
0.788
0.749
0.752
0.731
0.703
0.796
0.827
0.881
0.78
0.755
0.882
0.869
0.865
0.751
0.882
0.823
0.772
0.873
0.795
0.856
0.871
0.826
0.811
0.852
0.822
0.699
0.809
0.923
0.844
0.778
0.846
0.859
0.758
0.774
0.753
0.717
0.726
0.72
0.733
0.77
0.841
0.871
0.902
0.842
0.849
0.781
0.692
0.735
0.762
0.792
0.731
0.72
0.806
0.822
0.794
0.851
0.863
0.903
0.739
0.79
0.783
0.845
0.814
0.799
0.591
0.724
0.753
0.613
0.744
0.751
0.62
0.788
0.827
0.699
0.772
0.677
0.636
0.743
0.752
0.72
0.72
0.744
0.827
0.712
0.711
0.734
0.761
0.828
0.866
0.777
0.736
0.727
0.702
0.705
0.738
0.862
0.797
0.666
0.768
0.626
0.621
0.733
0.749
0.629
0.689
0.828
0.716
0.651
0.709
0.842
0.828
0.752
0.728
0.722
0.662
0.8
0.784
0.76
0.718
0.792
0.747
0.796
0.8
0.728
0.763
0.949
0.795
0.675
0.826
0.899
0.886
0.861
0.884
0.939
0.769
0.71
0.773
0.907
0.959
1.015
0.916
0.852
0.69
0.881
0.877
0.73
0.733
0.842
0.702
0.874
0.768
0.656
0.719
0.718
0.789
0.905
0.7
0.874
0.817
0.823
0.903
0.971
0.979
0.952
0.891
0.844
0.698
0.858
0.94
0.899
0.783
0.811
0.828
0.805
0.836
0.92
0.894
0.928
0.912
0.876
0.949
1.013
0.986
0.98
0.998
0.981
0.983
0.943
0.92
0.965
0.918
0.862
0.746
0.792
0.912
0.953
0.741
0.786
0.828
0.927
0.902
0.908
0.862
0.906
1.031
0.755
0.872
0.807
0.804
0.901
1.007
1.013
1.01
0.984
0.901
0.965
0.978
0.908
0.842
0.792
0.871
0.867
0.903
0.837
0.678
0.832
0.927
0.848
0.799
0.892
0.874
0.803
0.773
0.798
0.848
0.625
0.771
0.83
0.732
0.577
0.666
0.835
0.862
0.713
0.799
0.521
0.535
0.595
0.737
0.547
0.6
0.878
0.661
0.551
0.663
0.466
0.973
0.912
0.631
0.485
0.605
0.809
0.642
0.821
0.916
0.927
0.857
0.66
0.598
0.733
0.676
0.652
0.786
0.677
0.84
0.974
0.926
0.773
0.611
0.633
0.677
0.836
0.776
0.617
0.606
0.573
0.479
0.621
0.882
0.699
0.617
0.682
0.877
0.961
0.828
0.697
0.727
0.941
0.78
0.724
0.658
0.637
0.571
0.476
0.538
0.484
0.556
0.631
0.669
0.77
0.908
0.748
0.744
0.651
0.631
0.802
0.715
0.704
0.673
0.779
0.686
0.77
0.842
0.868
0.729
0.774
0.878
0.776
0.737
0.821
0.729
0.741
0.735
0.717
0.797
0.78
0.703
0.792
0.855
0.629
0.569
0.651
0.786
0.732
0.825
0.818
0.817
0.795
0.778
0.699
0.595
0.771
0.843
0.636
0.56
0.656
0.779
0.652
0.658
0.652
0.722
0.652
0.738
0.898
0.849
0.729
0.579
0.697
0.75
0.817
0.848
0.874
0.81
0.652
0.686
0.74
0.727
0.78
0.844
0.811
0.754
0.795
0.783
0.796
0.813
0.793
0.79
0.861
0.883
0.861
0.766
0.642
0.618
0.677
0.764
0.72
0.685
0.722
0.781
0.753
0.742
0.789
0.848
0.843
0.855
0.817
0.758
0.795
0.909
0.92
0.883
0.844
0.836
0.787
0.7
0.759
0.897
0.817
0.761
0.761
0.772
0.778
0.84
0.796
0.763
0.764
0.754
0.86
0.703
0.653
0.68
0.763
0.851
0.714
0.694
0.88
0.875
0.815
0.712
0.703
0.79
0.827
0.759
0.702
0.693
0.717
0.751
0.751
0.754
0.628
0.705
0.799
0.629
0.813
0.765
0.685
0.783
0.917
0.838
0.665
0.666
0.869
0.97
0.875
0.847
0.821
0.742
0.635
0.714
0.814
0.617
0.642
0.823
0.738
0.826
0.807
0.687
0.774
0.733
0.763
0.718
0.757
0.721
0.805
0.877
0.884
0.923
0.822
0.786
0.777
0.794
0.85
0.793
0.882
0.805
0.746
0.712
0.898
0.886
0.793
0.837
0.768
0.712
0.839
0.912
0.663
0.72
0.839
0.804
0.8
0.828
0.872
0.81
0.816
0.707
0.767
0.803
0.843
0.952
0.974
0.895
0.893
0.874
0.902
0.936
0.905
0.888
0.735
0.93
0.815
0.891
0.961
0.866
0.887
0.903
0.888
0.885
0.759
0.818
0.847
0.908
0.899
0.86
0.912
0.74
0.838
0.876
0.909
0.906
0.925
0.989
0.779
0.856
0.899
0.888
0.893
0.924
0.94
0.975
0.902
0.946
0.94
0.879
0.889
0.864
0.934
0.926
0.89
0.897
0.847
0.912
0.89
0.93
0.921
0.992
0.985
0.971
0.986
1.012
1.007
0.951
0.911
0.928
0.819
0.766
0.829
0.9
0.914
0.939
0.855
1.067
0.93
0.907
0.908
0.809
0.826
0.856
1.005
0.995
0.911
0.835
0.819
0.972
0.961
0.883
0.882
0.965
0.945
0.901
0.844
0.786
0.863
0.867
0.743
0.741
0.741
0.822
0.971
0.821
0.775
0.908
0.813
0.858
0.858
0.741
0.788
0.829
0.9
0.887
0.854
0.822
0.784
0.634
0.597
0.85
0.704
0.416
0.848
0.73
0.61
0.716
0.65
0.401
0.582
0.742
0.729
0.716
0.591
0.524
0.451
0.443
0.392
0.382
0.445
0.643
0.783
0.612
0.532
0.509
0.535
0.545
0.688
0.739
0.558
0.524
0.566
0.577
0.667
0.874
0.917
0.861
0.743
0.788
0.84
0.828
0.731
0.758
0.74
0.784
0.793
0.78
0.789
0.818
0.917
0.845
0.792
0.788
0.814
0.77
0.737
0.687
0.724
0.725
0.774
0.925
0.825
0.736
0.829
0.756
0.754
0.673
0.691
0.609
0.71
0.736
0.806
0.754
0.78
0.704
0.652
0.665
0.888
0.872
0.827
0.791
0.836
0.746
0.737
0.723
0.833
0.792
0.745
0.665
0.652
0.638
0.799
0.877
0.835
0.772
0.729
0.741
0.814
0.746
0.712
0.771
0.786
0.793
0.72
0.711
0.747
0.819
0.823
0.763
0.771
0.78
0.852
0.818
0.815
0.827
0.702
0.679
0.596
0.595
0.636
0.724
0.743
0.749
0.685
0.714
0.839
0.681
0.627
0.811
0.786
0.786
0.718
0.755
0.666
0.616
0.703
0.85
0.882
0.877
0.738
0.659
0.652
0.753
0.815
0.7
0.69
0.674
0.709
0.635
0.637
0.719
0.779
0.75
0.673
0.75
0.598
0.633
0.655
0.779
0.861
0.81
0.862
0.844
0.892
0.844
0.848
0.78
0.654
0.816
0.703
0.769
0.75
0.648
0.644
0.578
0.72
0.853
0.78
0.735
0.738
0.709
0.729
0.658
0.633
0.656
0.664
0.772
0.715
0.716
0.692
0.669
0.728
0.676
0.523
0.513
0.705
0.689
0.81
0.878
0.754
0.839
0.754
0.69
0.752
0.715
0.742
0.821
0.852
0.813
0.89
0.81
0.687
0.786
0.707
0.712
0.784
0.841
0.968
0.936
0.825
0.916
0.867
0.691
0.752
0.783
0.87
0.963
0.87
0.774
0.847
0.802
0.906
0.916
0.866
0.805
0.767
0.741
0.765
0.836
0.703
0.774
0.791
0.947
0.969
0.785
0.774
0.933
0.914
0.853
0.833
0.854
0.913
0.913
0.947
0.964
0.991
0.785
0.615
0.696
0.833
0.881
0.748
0.706
0.753
0.787
0.899
0.823
0.827
0.946
0.926
0.805
0.86
0.86
0.951
0.886
0.851
0.834
0.872
0.901
0.888
0.916
0.983
0.978
0.936
0.837
0.797
0.848
0.931
0.965
0.941
0.938
1.014
0.987
0.844
0.84
0.814
0.931
0.823
0.812
0.855
0.898
0.875
0.845
0.891
0.966
0.944
0.938
0.877
0.834
0.809
0.747
0.883
0.891
0.802
0.841
0.791
0.791
0.621
0.499
0.526
0.562
0.658
0.822
0.822
0.721
0.614
0.816
0.765
0.898
0.844
0.784
0.659
0.757
0.838
0.886
0.898
0.987
0.889
0.936
0.795
0.781
0.678
0.692
0.778
0.915
0.952
0.779
0.69
0.836
0.823
0.929
0.866
0.87
0.718
0.903
0.883
0.804
0.917
0.848
0.826
0.804
0.918
0.956
0.876
0.779
0.786
0.692
0.629
0.629
0.752
0.685
0.588
0.793
0.708
0.554
0.501
0.71
0.8
0.969
0.974
0.956
0.946
0.839
0.73
0.603
0.764
0.842
0.612
0.604
0.492
0.603
0.745
0.731
0.842
0.701
0.575
0.679
0.858
0.868
0.752
0.909
0.866
0.754
0.796
0.739
0.633
0.676
0.866
0.742
0.682
0.675
0.691
0.812
0.867
0.826
0.856
0.761
0.685
0.603
0.59
0.502
0.513
0.507
0.542
0.611
0.615
0.544
0.639
0.786
0.831
0.782
0.774
0.65
0.595
0.734
0.636
0.691
0.828
0.871
0.895
0.821
0.765
0.689
0.858
0.785
0.687
0.584
0.696
0.774
0.696
0.666
0.739
0.723
0.631
0.7
0.755
0.864
0.833
0.702
0.691
0.704
0.702
0.742
0.835
0.751
0.69
0.616
0.722
0.761
0.721
0.78
0.865
0.79
0.753
0.761
0.767
0.739
0.733
0.802
0.749
0.771
0.8
0.731
0.636
0.691
0.712
0.735
0.756
0.812
0.718
0.744
0.766
0.808
0.803
0.802
0.748
0.696
0.716
0.72
0.72
0.756
0.81
0.79
0.743
0.68
0.689
0.811
0.818
0.743
0.705
0.613
0.623
0.648
0.698
0.713
0.59
0.571
0.801
0.78
0.759
0.698
0.792
0.901
0.695
0.643
0.604
0.62
0.748
0.72
0.637
0.823
0.868
0.861
0.709
0.684
0.778
0.895
0.753
0.66
0.719
0.832
0.772
0.817
0.927
0.97
0.726
0.761
0.7
0.771
0.763
0.739
0.776
0.834
0.866
0.948
0.942
0.864
0.771
0.729
0.771
0.733
0.639
0.747
0.854
0.817
0.886
0.762
0.756
0.792
0.78
0.637
0.508
0.801
0.933
0.813
0.716
0.719
0.823
0.906
0.82
0.768
0.886
0.88
0.871
0.819
0.921
0.875
0.716
0.814
0.811
0.944
0.768
0.776
0.78
0.814
0.828
0.918
0.938
0.969
0.835
0.816
0.861
0.883
0.887
0.972
0.967
0.978
0.857
0.803
0.77
0.76
0.803
0.718
0.82
0.966
0.831
0.79
0.771
0.805
0.877
0.943
0.912
0.835
0.874
0.823
0.886
0.966
0.983
1.003
0.977
0.926
0.892
0.906
0.898
0.816
0.795
0.922
0.903
0.851
0.852
0.875
0.867
0.847
0.788
0.776
0.815
0.771
0.943
0.992
0.959
0.92
0.876
0.945
0.942
0.821
0.86
0.905
0.933
0.952
0.94
0.864
0.82
0.888
0.944
0.862
0.995
1.004
1.003
0.963
0.768
0.916
0.972
0.988
0.938
0.909
0.831
0.636
0.558
0.763
0.824
0.688
0.837
0.927
0.807
0.774
0.834
0.833
0.777
0.948
0.887
0.826
0.819
0.799
0.794
0.825
0.814
0.952
0.93
0.943
0.931
0.896
0.92
0.934
0.998
0.973
0.894
0.839
0.844
0.868
0.88
0.908
0.955
0.903
0.873
0.833
0.749
0.723
0.777
0.982
1.008
0.979
0.86
0.763
0.829
0.833
0.762
0.758
0.927
0.887
0.94
0.932
0.945
0.938
0.777
0.718
0.699
0.822
0.958
0.952
0.805
0.542
0.583
0.629
0.49
0.728
0.786
0.679
0.783
0.956
0.873
0.717
0.826
0.817
0.771
0.841
0.819
0.806
0.828
0.773
0.671
0.556
0.617
0.752
0.79
0.847
0.934
0.816
0.809
0.819
0.855
0.861
0.756
0.868
0.911
0.739
0.69
0.711
0.685
0.746
0.614
0.562
0.713
0.67
0.863
0.758
0.62
0.733
0.628
0.624
0.644
0.75
0.745
0.869
0.795
0.694
0.759
0.789
0.755
0.804
0.796
0.682
0.68
0.769
0.815
0.667
0.77
0.758
0.7
0.774
0.805
0.773
0.813
0.695
0.599
0.705
0.794
0.814
0.831
0.768
0.688
0.786
0.78
0.749
0.751
0.687
0.74
0.792
0.743
0.711
0.801
0.694
0.837
0.763
0.628
0.65
0.681
0.753
0.845
0.802
0.84
0.821
0.862
0.892
0.864
0.74
0.785
0.737
0.784
0.829
0.816
0.768
0.832
0.795
0.699
0.774
0.795
0.69
0.669
0.813
0.788
0.721
0.671
0.706
0.736
0.727
0.833
0.84
0.677
0.763
0.77
0.815
0.708
0.589
0.615
0.727
0.754
0.74
0.838
0.756
0.818
0.786
0.78
0.843
0.648
0.579
0.657
0.729
0.784
0.743
0.693
0.739
0.888
0.844
0.847
0.729
0.733
0.711
0.683
0.682
0.6
0.701
0.704
0.664
0.778
0.894
0.874
0.771
0.834
0.89
0.889
0.834
0.86
0.946
0.793
0.783
0.793
0.89
0.779
0.85
0.868
0.734
0.685
0.776
0.896
0.696
0.793
0.69
0.777
0.83
0.907
0.795
0.65
0.828
0.885
0.78
0.66
0.708
0.888
0.959
0.948
0.858
0.817
0.762
0.784
0.743
0.7
0.685
0.784
0.612
0.694
0.666
0.753
0.813
0.771
0.602
0.529
0.869
0.752
0.782
0.868
0.786
0.845
0.69
0.64
0.833
0.815
0.904
0.909
0.924
0.949
0.968
0.965
0.939
0.963
0.878
0.903
0.833
0.867
0.879
0.894
0.93
0.722
0.851
0.802
0.757
0.906
0.998
0.998
0.963
0.92
0.997
0.838
0.795
0.857
0.895
0.914
0.93
0.893
0.846
0.855
0.887
0.906
0.9
0.965
0.795
0.87
0.932
0.922
0.917
0.767
0.826
0.897
0.946
0.955
0.93
0.852
0.915
0.866
0.792
0.799
0.911
0.875
0.8
0.813
0.842
0.899
0.902
0.866
0.851
0.889
0.889
0.967
0.986
0.964
0.882
0.87
0.943
0.922
0.926
0.899
0.86
0.785
0.969
1.008
1.019
0.948
0.874
0.855
0.812
0.782
0.931
0.823
1
0.862
0.709
0.81
0.941
0.842
0.783
0.844
0.963
0.867
0.859
0.774
0.719
0.806
0.617
0.688
0.712
0.721
0.844
0.929
0.915
0.821
0.536
0.773
0.896
0.788
0.874
0.955
0.812
0.825
0.846
0.708
0.819
0.868
0.774
0.794
0.645
0.66
0.84
0.695
0.646
0.591
0.612
0.631
0.743
0.73
0.631
0.559
0.513
0.471
0.423
0.533
0.637
0.514
0.641
0.566
0.597
0.425
0.501
0.798
0.595
0.488
0.694
0.791
0.777
0.637
0.577
0.523
0.648
0.621
0.626
0.582
0.766
0.746
0.877
0.719
0.75
0.775
0.713
0.627
0.739
0.601
0.462
0.65
0.77
0.868
0.711
0.722
0.738
0.771
0.69
0.693
0.696
0.846
0.676
0.705
0.733
0.735
0.727
0.711
0.853
0.748
0.637
0.735
0.858
0.837
0.784
0.647
0.656
0.683
0.789
0.795
0.751
0.615
0.637
0.676
0.694
0.643
0.74
0.812
0.802
0.759
0.728
0.834
0.774
0.795
0.811
0.698
0.58
0.701
0.709
0.647
0.849
0.791
0.717
0.637
0.7
0.767
0.828
0.775
0.751
0.584
0.704
0.72
0.785
0.689
0.692
0.684
0.74
0.821
0.797
0.682
0.679
0.728
0.758
0.849
0.876
0.802
0.66
0.732
0.77
0.749
0.846
0.727
0.817
0.843
0.803
0.812
0.767
0.746
0.726
0.722
0.733
0.861
0.831
0.769
0.793
0.828
0.817
0.773
0.787
0.78
0.8
0.863
0.883
0.896
0.858
0.757
0.719
0.746
0.773
0.747
0.637
0.717
0.592
0.568
0.628
0.716
0.679
0.67
0.606
0.739
0.717
0.76
0.809
0.656
0.761
0.771
0.661
0.663
0.739
0.803
0.592
0.681
0.776
0.813
0.723
0.662
0.658
0.644
0.812
0.835
0.842
0.842
0.781
0.887
0.7
0.68
0.793
0.879
0.877
0.803
0.87
0.845
0.8
0.724
0.582
0.651
0.784
0.693
0.715
0.842
0.845
0.952
0.96
0.959
0.949
0.869
0.85
0.777
0.818
0.953
0.929
0.939
0.946
0.966
0.866
0.934
0.784
0.768
0.833
0.859
0.731
0.862
0.834
0.758
0.722
0.942
0.908
0.892
0.876
0.892
0.96
0.903
0.76
0.766
0.784
0.884
0.848
0.877
0.887
0.937
0.975
0.927
0.842
0.804
0.926
0.96
0.868
0.8
0.848
0.869
0.888
0.976
0.981
0.962
0.821
0.816
0.889
0.85
0.898
0.938
0.909
0.902
0.87
0.903
0.978
0.913
0.842
0.76
0.787
0.871
0.91
0.979
0.955
0.917
0.906
0.819
0.88
0.863
1.012
1.008
0.932
0.954
0.91
0.837
0.879
0.856
0.894
0.863
0.74
0.893
0.832
0.874
0.959
0.974
0.919
0.985
1.008
0.94
0.933
0.901
0.873
0.864
0.782
0.802
0.812
0.901
0.871
0.917
0.988
1.01
1.007
1.001
0.96
0.952
0.898
0.847
0.83
0.852
0.889
0.849
0.884
0.881
0.898
0.97
0.929
0.912
0.835
0.781
0.89
0.963
0.957
0.933
0.996
1.001
0.931
0.919
0.829
0.871
1.004
0.805
0.675
0.811
0.783
0.787
0.738
0.841
0.92
0.792
0.633
0.553
0.467
0.441
0.708
0.766
0.725
0.932
0.81
0.678
0.703
0.838
0.832
0.852
0.672
0.806
0.728
0.903
0.815
0.851
0.577
0.565
0.938
0.926
0.807
0.567
0.505
0.414
0.449
0.486
0.511
0.757
0.664
0.779
0.754
0.633
0.772
0.731
0.709
0.662
0.674
0.823
0.77
0.469
0.607
0.605
0.694
0.647
0.765
0.709
0.678
0.805
0.887
0.855
0.839
0.787
0.762
0.753
0.789
0.865
0.82
0.651
0.659
0.769
0.68
0.744
0.666
0.702
0.797
0.941
0.874
0.735
0.701
0.782
0.832
0.779
0.829
0.728
0.758
0.787
0.711
0.601
0.782
0.82
0.721
0.756
0.774
0.726
0.657
0.681
0.776
0.686
0.802
0.838
0.856
0.855
0.677
0.671
0.73
0.762
0.713
0.745
0.783
0.73
0.889
0.88
0.848
0.791
0.766
0.752
0.733
0.783
0.799
0.733
0.786
0.747
0.706
0.664
0.71
0.684
0.731
0.685
0.824
0.745
0.782
0.85
0.805
0.702
0.702
0.74
0.781
0.806
0.826
0.825
0.77
0.736
0.631
0.657
0.816
0.863
0.825
0.766
0.74
0.775
0.841
0.782
0.824
0.865
0.716
0.634
0.868
0.812
0.643
0.612
0.609
0.631
0.694
0.77
0.837
0.846
0.775
0.698
0.637
0.608
0.629
0.76
0.873
0.847
0.724
0.735
0.743
0.75
0.635
0.811
0.885
0.827
0.848
0.847
0.781
0.849
0.906
0.775
0.731
0.725
0.706
0.867
0.956
0.887
0.919
0.952
0.845
0.709
0.643
0.74
0.815
0.716
0.743
0.879
0.903
0.876
0.769
0.652
0.726
0.721
0.676
0.745
0.756
0.743
0.686
0.786
0.897
0.937
0.877
0.859
0.888
0.76
0.712
0.708
0.838
0.726
0.763
0.773
0.824
0.782
0.919
0.839
0.677
0.752
0.723
0.766
0.777
0.811
0.893
0.897
0.884
0.774
0.795
0.877
0.824
0.848
0.88
0.817
0.944
0.911
0.881
0.883
0.877
0.741
0.9
0.923
0.754
0.745
0.796
0.855
0.936
0.967
0.819
0.683
0.79
0.646
0.771
0.901
0.906
0.921
0.926
0.907
0.906
0.832
0.873
0.92
0.943
0.971
0.93
0.864
0.856
0.878
0.875
0.898
0.81
0.949
0.904
0.787
0.749
0.787
0.912
0.83
0.871
0.945
0.906
0.897
0.931
0.9
0.978
0.743
0.733
0.9
0.939
0.935
0.888
0.903
0.898
0.776
0.824
0.815
0.88
0.903
0.919
0.966
0.884
0.898
0.981
0.951
0.87
0.786
0.855
0.932
0.864
0.779
0.85
0.809
0.906
0.837
0.868
0.826
0.853
0.897
0.835
0.735
0.738
0.786
0.841
0.887
0.82
0.784
0.818
0.899
0.94
0.993
0.883
0.804
0.725
0.82
0.782
0.733
0.734
0.78
0.76
0.83
0.769
0.675
0.817
0.879
0.768
0.748
0.792
0.814
0.629
0.715
0.655
0.7
0.656
0.77
0.859
0.763
0.736
0.696
0.813
0.78
0.737
0.848
0.713
0.791
0.937
0.897
0.632
0.62
0.591
0.501
0.501
0.79
0.725
0.632
0.816
0.943
0.857
0.811
0.707
0.714
0.59
0.853
0.715
0.79
0.766
0.466
0.489
0.753
0.723
0.683
0.537
0.732
0.82
0.793
0.68
0.493
0.593
0.477
0.467
0.563
0.482
0.701
0.697
0.615
0.755
0.613
0.506
0.647
0.929
0.859
0.733
0.626
0.669
0.768
0.796
0.831
0.693
0.657
0.629
0.593
0.689
0.695
0.746
0.705
0.708
0.741
0.686
0.75
0.82
0.683
0.575
0.626
0.854
0.753
0.538
0.555
0.592
0.585
0.623
0.527
0.717
0.812
0.749
0.789
0.688
0.591
0.751
0.7
0.692
0.809
0.83
0.824
0.913
0.864
0.78
0.763
0.856
0.755
0.728
0.759
0.818
0.766
0.735
0.705
0.774
0.704
0.717
0.774
0.755
0.743
0.819
0.765
0.713
0.713
0.745
0.811
0.76
0.713
0.68
0.686
0.774
0.781
0.814
0.846
0.774
0.722
0.781
0.785
0.773
0.889
0.882
0.831
0.785
0.829
0.792
0.714
0.698
0.682
0.802
0.761
0.739
0.716
0.724
0.79
0.674
0.618
0.714
0.912
0.921
0.929
0.792
0.743
0.764
0.707
0.695
0.707
0.696
0.772
0.815
0.816
0.795
0.782
0.7
0.836
0.75
0.781
0.746
0.823
0.867
0.713
0.86
0.834
0.74
0.712
0.699
0.763
0.786
0.665
0.656
0.563
0.541
0.677
0.768
0.72
0.683
0.765
0.649
0.645
0.78
0.819
0.726
0.68
0.713
0.826
0.705
0.592
0.628
0.595
0.485
0.701
0.74
0.736
0.872
0.746
0.726
0.668
0.801
0.793
0.683
0.795
0.668
0.662
0.726
0.864
0.862
0.787
0.541
0.681
0.79
0.638
0.622
0.769
0.852
0.771
0.788
0.764
0.779
0.806
0.764
0.563
0.779
0.806
0.711
0.699
0.658
0.637
0.707
0.88
0.952
0.902
0.895
0.949
0.918
0.872
0.913
0.85
0.849
0.881
0.825
0.775
0.795
0.804
0.893
0.889
0.839
0.921
0.818
0.789
0.91
0.863
0.792
0.762
0.891
0.962
0.855
0.706
0.923
0.845
0.928
0.772
0.721
0.88
0.817
0.717
0.851
0.781
0.691
0.703
0.785
0.691
0.756
0.771
0.877
0.86
0.861
0.902
0.816
0.886
0.737
0.847
0.806
0.844
0.984
0.936
1.008
0.905
0.814
0.906
0.903
0.905
0.892
0.848
0.896
0.901
0.923
0.936
1.009
0.948
0.921
0.868
0.818
0.737
0.876
0.815
0.88
0.871
0.921
0.912
0.839
1.001
0.95
0.885
0.889
0.878
0.894
0.982
0.771
0.852
0.892
0.753
0.777
0.848
0.844
0.811
0.865
0.819
0.842
0.874
0.835
0.77
0.872
0.907
0.915
0.903
0.839
0.719
0.912
0.917
0.827
0.847
0.902
0.822
0.885
0.833
0.832
0.73
0.827
0.815
0.851
0.755
0.666
0.776
0.787
0.516
0.701
0.674
0.682
0.943
0.845
0.769
0.614
0.718
0.947
0.805
0.698
0.509
0.5
0.719
0.551
0.563
0.668
0.756
0.778
0.811
0.652
0.714
0.82
0.691
0.721
0.824
0.637
0.409
0.735
0.806
0.828
0.71
0.445
0.417
0.724
0.763
0.652
0.548
0.469
0.38
0.762
0.708
0.666
0.519
0.678
0.694
0.628
0.539
0.673
0.809
0.888
0.883
0.683
0.638
0.654
0.704
0.678
0.653
0.565
0.475
0.404
0.427
0.426
0.481
0.662
0.666
0.612
0.699
0.668
0.616
0.593
0.693
0.552
0.614
0.615
0.453
0.456
0.457
0.582
0.713
0.602
0.484
0.531
0.507
0.607
0.687
0.646
0.745
0.686
0.607
0.58
0.63
0.591
0.584
0.598
0.546
0.595
0.54
0.353
0.319
0.363
0.35
0.361
0.559
0.564
0.565
0.622
0.598
0.433
0.615
0.647
0.744
0.803
0.852
0.749
0.76
0.726
0.663
0.687
0.7
0.622
0.579
0.777
0.809
0.648
0.654
0.59
0.606
0.639
0.751
0.649
0.573
0.576
0.63
0.683
0.677
0.6
0.653
0.714
0.561
0.601
0.742
0.811
0.723
0.673
0.682
0.776
0.84
0.728
0.682
0.663
0.83
0.731
0.593
0.655
0.692
0.711
0.754
0.844
0.816
0.657
0.572
0.672
0.716
0.674
0.723
0.773
0.865
0.761
0.706
0.709
0.782
0.806
0.721
0.823
0.755
0.748
0.889
0.752
0.681
0.705
0.605
0.691
0.843
0.678
0.615
0.879
0.755
0.61
0.703
0.582
0.551
0.555
0.688
0.742
0.721
0.668
0.647
0.654
0.724
0.795
0.848
0.87
0.712
0.716
0.776
0.879
0.82
0.814
0.752
0.744
0.626
0.684
0.643
0.667
0.635
0.671
0.808
0.674
0.96
0.987
0.883
0.841
0.824
0.82
0.906
0.745
0.692
0.836
0.848
0.752
0.818
0.74
0.765
0.817
0.976
0.836
0.643
0.72
0.738
0.654
0.696
0.928
0.781
0.766
0.774
0.8
0.806
0.888
0.765
0.782
0.821
0.873
0.715
0.635
0.741
0.681
0.637
0.836
0.9
0.867
0.675
0.804
0.814
0.907
0.882
0.963
0.857
0.906
0.779
0.898
0.829
0.931
0.946
0.851
0.908
0.936
0.933
0.961
0.957
0.807
0.781
0.93
0.958
0.946
0.675
0.78
0.888
0.981
0.862
0.812
0.968
0.906
0.805
0.894
0.937
0.862
0.637
0.74
0.703
0.63
0.92
0.994
0.829
0.827
0.911
0.969
0.916
0.87
0.873
0.82
0.654
0.812
0.824
0.783
0.819
0.721
0.848
0.89
0.856
0.911
0.963
0.92
0.863
0.716
0.778
0.859
0.894
0.993
0.905
0.73
0.673
0.846
0.915
0.858
0.782
0.726
0.716
0.912
1.009
0.97
0.804
0.756
0.848
0.797
0.758
0.74
0.765
0.83
0.841
0.963
0.777
0.773
0.888
0.732
0.848
0.839
0.662
0.779
0.821
0.778
0.709
0.66
0.814
0.815
0.829
0.778
0.829
0.785
0.864
0.802
0.762
0.808
0.698
0.741
0.734
0.651
0.656
0.764
0.784
0.551
0.735
0.609
0.566
0.797
0.628
0.446
0.571
0.581
0.719
0.568
0.516
0.659
0.578
0.755
0.818
0.649
0.708
0.863
0.798
0.599
0.816
0.748
0.705
0.753
0.792
0.841
0.729
0.848
0.903
0.854
0.769
0.662
0.532
0.449
0.572
0.697
0.772
0.48
0.71
0.749
0.776
0.841
0.724
0.628
0.728
0.822
0.766
0.698
0.724
0.813
0.79
0.754
0.756
0.641
0.554
0.641
0.804
0.703
0.793
0.896
0.857
0.837
0.735
0.668
0.757
0.846
0.861
0.868
0.796
0.708
0.65
0.644
0.658
0.607
0.756
0.723
0.69
0.715
0.718
0.746
0.744
0.817
0.772
0.672
0.681
0.731
0.813
0.7
0.785
0.723
0.642
0.611
0.621
0.681
0.68
0.732
0.828
0.859
0.803
0.75
0.712
0.689
0.719
0.9
0.806
0.699
0.787
0.848
0.764
0.76
0.888
0.895
0.837
0.836
0.728
0.649
0.668
0.684
0.724
0.75
0.803
0.768
0.814
0.786
0.715
0.725
0.791
0.837
0.885
0.858
0.861
0.798
0.752
0.762
0.746
0.767
0.908
0.822
0.777
0.846
0.734
0.668
0.686
0.777
0.783
0.777
0.808
0.763
0.805
0.803
0.767
0.839
0.929
0.856
0.867
0.828
0.77
0.803
0.844
0.8
0.842
0.84
0.691
0.684
0.71
0.653
0.683
0.726
0.732
0.829
0.878
0.756
0.633
0.728
0.798
0.681
0.695
0.573
0.738
0.757
0.668
0.575
0.491
0.612
0.692
0.909
0.846
0.92
0.886
0.898
0.765
0.668
0.722
0.669
0.628
0.618
0.582
0.494
0.5
0.784
0.722
0.715
0.668
0.632
0.688
0.836
0.86
0.947
0.852
0.742
0.722
0.738
0.728
0.834
0.952
0.925
0.743
0.698
0.717
0.88
0.651
0.645
0.698
0.661
0.727
0.877
0.764
0.919
0.674
0.772
0.812
0.8
0.783
0.754
0.749
0.864
0.693
0.671
0.696
0.743
0.782
0.672
0.735
0.836
0.827
0.841
0.845
0.815
0.861
0.878
0.81
0.836
0.844
0.818
0.897
0.898
0.941
0.937
0.953
0.992
1.012
0.939
0.939
0.909
0.961
0.95
0.895
0.919
0.921
0.887
0.966
0.898
0.822
0.834
0.873
0.883
0.977
1.014
0.979
0.847
0.948
0.991
0.957
0.94
0.892
0.889
0.762
0.736
0.793
0.844
0.863
0.891
0.921
0.982
0.927
0.91
0.899
0.885
0.87
0.902
0.922
0.751
0.743
0.795
0.786
0.911
0.942
0.961
0.749
0.738
0.776
0.654
0.553
0.759
0.946
0.854
0.734
0.714
0.869
0.84
0.787
0.823
0.774
0.716
0.895
0.86
0.87
0.938
0.99
0.975
1.014
1.002
1
0.919
0.83
0.878
0.81
0.805
0.781
0.69
0.724
0.741
0.825
0.571
0.624
0.754
0.554
0.484
0.783
0.938
0.923
0.855
0.728
0.866
0.847
0.821
0.685
0.697
0.613
0.499
0.847
0.826
0.646
0.699
0.78
0.902
0.671
0.776
0.585
0.448
0.765
0.852
0.584
0.486
0.473
0.565
0.565
0.483
0.455
0.765
0.616
0.639
0.65
0.654
0.938
0.842
0.708
0.748
0.623
0.646
0.849
0.699
0.763
0.932
0.789
0.829
0.775
0.808
0.755
0.762
0.731
0.858
0.745
0.648
0.682
0.748
0.934
0.829
0.702
0.863
0.64
0.604
0.681
0.887
0.8
0.799
0.619
0.759
0.706
0.829
0.794
0.777
0.704
0.651
0.677
0.71
0.645
0.546
0.655
0.833
0.775
0.767
0.837
0.705
0.813
0.808
0.684
0.755
0.78
0.78
0.876
0.826
0.71
0.714
0.748
0.828
0.759
0.723
0.599
0.736
0.802
0.78
0.862
0.929
0.811
0.905
0.836
0.798
0.795
0.813
0.785
0.839
0.836
0.871
0.845
0.7
0.679
0.727
0.773
0.776
0.708
0.773
0.729
0.626
0.667
0.709
0.862
0.853
0.757
0.755
0.665
0.723
0.743
0.772
0.828
0.769
0.726
0.741
0.817
0.756
0.773
0.813
0.911
0.912
0.91
0.891
0.884
0.818
0.761
0.8
0.867
0.826
0.769
0.763
0.756
0.78
0.744
0.773
0.814
0.77
0.762
0.846
0.896
0.786
0.809
0.795
0.766
0.866
0.82
0.784
0.649
0.646
0.821
0.81
0.73
0.817
0.791
0.764
0.747
0.8
0.676
0.613
0.81
0.836
0.697
0.743
0.733
0.827
0.789
0.793
0.834
0.93
0.945
0.935
0.814
0.846
0.818
0.8
0.76
0.689
0.77
0.893
0.752
0.708
0.776
0.887
0.761
0.777
0.786
0.682
0.657
0.719
0.664
0.671
0.612
0.554
0.732
0.742
0.652
0.97
0.823
0.763
0.682
0.703
0.835
0.722
0.696
0.694
0.704
0.847
0.897
0.783
0.688
0.718
0.671
0.754
0.952
0.845
0.7
0.854
0.746
0.894
0.953
0.732
0.729
0.718
0.788
0.89
0.846
0.77
0.827
0.847
0.809
0.881
0.868
0.745
0.821
0.909
0.675
0.884
0.911
0.839
0.974
0.869
0.785
0.889
0.96
0.919
0.864
0.87
0.817
0.803
0.906
0.996
1.009
0.825
0.897
0.907
0.883
0.884
0.887
0.94
0.865
0.88
0.948
0.908
0.953
0.98
0.885
0.95
0.991
0.991
0.967
0.915
0.917
0.95
0.84
0.722
0.872
0.786
0.706
0.848
0.942
0.943
0.877
0.938
0.857
0.878
0.833
0.898
0.824
0.966
0.95
0.964
0.914
0.944
0.876
0.658
0.703
0.828
0.979
0.851
0.761
0.894
0.952
1
0.924
0.889
0.865
0.754
0.803
0.783
0.693
0.841
0.879
0.823
0.989
0.965
0.865
0.86
0.866
0.813
0.639
0.709
0.88
0.723
0.68
0.857
0.884
0.755
0.553
0.518
0.975
0.927
0.762
0.662
0.788
0.914
0.88
0.784
0.697
0.924
0.831
0.757
0.605
0.65
0.871
0.651
0.641
0.51
0.844
0.635
0.624
0.664
0.792
0.857
0.751
0.757
0.89
0.974
0.877
0.741
0.682
0.704
0.915
0.949
0.944
0.898
0.701
0.836
0.644
0.589
0.626
0.703
0.716
0.779
0.783
0.828
0.765
0.814
0.855
0.873
0.819
0.776
0.779
0.695
0.574
0.66
0.66
0.644
0.574
0.528
0.695
0.837
0.81
0.829
0.634
0.609
0.569
0.662
0.722
0.725
0.757
0.747
0.672
0.698
0.729
0.721
0.747
0.709
0.714
0.718
0.7
0.576
0.496
0.505
0.508
0.779
0.722
0.689
0.645
0.677
0.711
0.679
0.668
0.68
0.585
0.553
0.809
0.781
0.772
0.696
0.607
0.662
0.704
0.796
0.748
0.845
0.784
0.667
0.775
0.796
0.685
0.72
0.759
0.668
0.684
0.663
0.762
0.846
0.73
0.675
0.644
0.69
0.729
0.645
0.693
0.762
0.668
0.76
0.735
0.747
0.697
0.62
0.614
0.787
0.782
0.726
0.759
0.578
0.66
0.767
0.71
0.657
0.691
0.781
0.858
0.719
0.609
0.677
0.609
0.596
0.68
0.754
0.766
0.835
0.824
0.782
0.749
0.737
0.748
0.831
0.823
0.717
0.678
0.634
0.624
0.62
0.724
0.691
0.705
0.719
0.738
0.683
0.64
0.573
0.609
0.619
0.771
0.734
0.721
0.772
0.82
0.625
0.693
0.692
0.649
0.633
0.632
0.535
0.66
0.736
0.636
0.693
0.679
0.58
0.562
0.601
0.575
0.702
0.596
0.529
0.659
0.793
0.657
0.701
0.639
0.634
0.676
0.692
0.74
0.661
0.747
0.731
0.604
0.546
0.595
0.833
0.612
0.638
0.581
0.617
0.723
0.742
0.771
0.827
0.917
0.727
0.52
0.884
0.781
0.771
0.689
0.638
0.612
0.666
0.724
0.645
0.652
0.731
0.794
0.827
0.874
0.819
0.931
0.894
0.771
0.831
0.873
0.932
0.888
0.85
0.842
0.794
0.821
0.794
0.765
0.931
0.81
0.867
0.82
0.733
0.917
0.852
0.796
0.777
0.875
0.914
0.939
0.849
0.893
0.819
0.928
0.806
0.703
0.701
0.791
0.726
0.646
0.762
0.888
0.901
0.975
0.841
0.927
0.876
0.912
0.903
0.97
0.928
0.901
0.91
0.929
0.965
0.938
0.911
0.907
0.908
0.878
0.903
0.952
0.835
0.777
0.946
0.948
0.784
0.856
0.858
0.735
0.798
0.863
0.96
0.96
0.934
0.875
0.853
0.848
0.883
0.931
0.939
0.958
0.961
0.901
0.838
0.929
0.933
0.803
0.832
0.895
0.885
0.754
0.774
0.868
0.776
0.953
0.968
1.003
0.972
0.963
0.995
1.013
0.947
0.88
0.911
0.934
0.948
0.956
0.878
0.902
0.926
0.781
0.838
0.815
0.916
0.915
0.876
0.931
0.946
0.97
0.723
0.862
0.758
0.673
0.638
0.616
0.677
0.681
0.791
0.766
0.767
0.69
0.735
0.874
0.732
0.722
0.655
0.83
0.851
0.7
0.535
0.763
0.765
0.817
0.679
0.715
0.781
0.666
0.466
0.473
0.578
0.58
0.685
0.711
0.761
0.629
0.812
0.801
0.849
0.873
0.953
0.922
0.677
0.782
0.771
0.759
0.802
0.928
0.859
0.794
0.616
0.594
0.845
0.736
0.794
0.825
0.822
0.734
0.763
0.564
0.755
0.925
0.729
0.603
0.529
0.627
0.709
0.702
0.573
0.632
0.759
0.804
0.663
0.506
0.472
0.658
0.846
0.722
0.683
0.573
0.577
0.606
0.912
0.878
0.744
0.692
0.71
0.858
0.904
0.832
0.671
0.746
0.681
0.638
0.646
0.63
0.489
0.574
0.714
0.697
0.809
0.876
0.833
0.759
0.765
0.648
0.703
0.795
0.699
0.757
0.737
0.637
0.677
0.712
0.784
0.847
0.863
0.779
0.805
0.691
0.642
0.723
0.888
0.823
0.834
0.803
0.91
0.798
0.832
0.825
0.801
0.79
0.746
0.838
0.787
0.715
0.874
0.866
0.817
0.887
0.841
0.693
0.825
0.802
0.91
0.779
0.777
0.794
0.705
0.684
0.666
0.778
0.866
0.846
0.844
0.802
0.708
0.757
0.741
0.791
0.788
0.662
0.706
0.727
0.644
0.682
0.736
0.813
0.797
0.815
0.823
0.883
0.93
0.796
0.797
0.776
0.734
0.757
0.857
0.831
0.824
0.875
0.804
0.814
0.841
0.835
0.712
0.647
0.701
0.775
0.767
0.759
0.806
0.869
0.734
0.7
0.85
0.867
0.754
0.695
0.709
0.849
0.87
0.789
0.747
0.642
0.658
0.778
0.769
0.687
0.688
0.723
0.693
0.736
0.766
0.776
0.841
0.753
0.657
0.753
0.898
0.87
0.698
0.674
0.715
0.669
0.762
0.706
0.73
0.883
0.696
0.757
0.683
0.747
0.824
0.794
0.775
0.874
0.968
0.827
0.791
0.739
0.774
0.734
0.688
0.718
0.803
0.954
0.989
0.802
0.69
0.686
0.663
0.82
0.871
0.766
0.779
0.878
0.973
0.942
0.932
0.949
0.907
0.818
0.812
0.746
0.84
0.813
0.818
0.804
0.765
0.802
0.77
0.798
0.846
0.79
0.87
0.946
0.94
0.921
0.897
0.791
0.913
0.85
0.829
0.863
0.859
0.741
0.836
0.824
0.736
0.68
0.666
0.67
0.789
0.956
0.996
0.994
0.822
0.807
0.916
1.014
0.961
0.829
0.835
0.844
0.78
0.851
0.904
0.925
0.961
0.859
0.832
0.791
0.922
0.793
0.755
0.802
0.952
0.983
0.953
0.939
0.871
0.792
0.852
0.909
0.811
0.731
0.793
0.833
0.748
0.762
0.805
0.748
0.81
0.88
0.822
0.899
0.854
0.887
0.97
0.937
0.909
0.873
0.914
0.863
0.688
0.777
0.853
0.948
0.954
0.859
0.822
0.797
0.852
0.811
0.818
0.906
0.977
0.924
0.958
0.974
0.949
0.94
0.961
0.942
0.887
0.858
0.807
0.781
0.704
0.75
0.8
0.887
0.675
0.862
0.867
0.952
0.869
0.951
0.983
0.943
0.886
0.847
0.878
0.865
0.871
0.899
0.998
0.941
0.868
0.806
0.861
0.853
0.692
0.707
0.955
0.905
0.742
0.788
0.644
0.724
0.777
0.786
0.844
0.707
0.744
0.857
0.804
0.63
0.494
0.682
0.925
0.859
0.762
0.615
0.607
0.803
0.613
0.785
0.594
0.747
0.741
0.741
0.52
0.582
0.501
0.437
0.484
0.598
0.685
0.743
0.839
0.751
0.718
0.694
0.775
0.61
0.618
0.628
0.726
0.901
0.822
0.731
0.765
0.824
0.795
0.681
0.872
0.73
0.672
0.76
0.81
0.879
0.731
0.812
0.854
0.835
0.864
0.779
0.78
0.84
0.837
0.803
0.722
0.707
0.65
0.677
0.727
0.872
0.783
0.754
0.707
0.768
0.815
0.796
0.793
0.764
0.745
0.832
0.853
0.696
0.72
0.684
0.783
0.722
0.759
0.721
0.821
0.77
0.795
0.726
0.751
0.765
0.678
0.692
0.761
0.82
0.794
0.718
0.653
0.659
0.682
0.765
0.791
0.798
0.742
0.842
0.782
0.731
0.773
0.841
0.771
0.764
0.631
0.663
0.714
0.669
0.726
0.778
0.807
0.694
0.703
0.683
0.698
0.768
0.787
0.748
0.691
0.836
0.753
0.689
0.688
0.799
0.699
0.599
0.667
0.722
0.796
0.784
0.789
0.827
0.777
0.868
0.811
0.747
0.773
0.779
0.65
0.735
0.778
0.648
0.687
0.722
0.822
0.876
0.817
0.78
0.712
0.789
0.704
0.856
0.793
0.849
0.723
0.778
0.904
0.849
0.807
0.758
0.681
0.68
0.743
0.65
0.783
0.643
0.632
0.697
0.668
0.797
0.765
0.647
0.725
0.723
0.634
0.636
0.755
0.948
0.834
0.807
0.927
0.834
0.669
0.708
0.73
0.71
0.601
0.735
0.752
0.691
0.76
0.845
0.765
0.656
0.793
0.851
0.908
0.799
0.734
0.7
0.672
0.709
0.776
0.835
0.939
0.971
0.93
0.774
0.909
0.835
0.857
0.693
0.701
0.694
0.636
0.679
0.872
0.848
0.92
0.75
0.803
0.733
0.754
0.829
0.922
0.953
0.925
0.902
0.839
0.795
0.842
0.964
0.742
0.71
0.714
0.887
0.924
0.922
0.876
0.905
0.939
0.894
0.859
0.847
0.767
0.744
0.809
0.739
0.678
0.725
0.802
0.775
0.939
0.886
0.94
0.932
0.923
0.832
0.91
0.935
0.887
0.865
0.855
0.907
0.961
0.998
0.892
0.761
0.795
0.875
0.739
0.735
0.845
0.893
0.93
0.996
0.996
0.986
0.903
1.029
1.005
0.908
0.877
0.792
0.783
0.847
0.843
0.887
0.863
0.943
0.839
0.873
0.839
0.829
0.924
1.009
0.95
0.958
0.919
0.956
0.858
0.729
0.793
0.892
0.955
0.869
0.976
0.934
0.892
0.872
0.804
0.735
0.814
0.905
0.918
0.964
0.933
0.885
0.939
0.796
0.777
0.886
0.774
0.778
0.876
0.898
0.907
0.735
0.669
0.887
0.869
0.813
0.955
0.906
0.764
0.795
0.774
0.743
0.899
0.746
0.825
0.801
0.729
0.662
0.506
0.683
0.643
0.639
0.905
0.691
0.661
0.677
0.818
0.662
0.958
0.813
0.803
0.587
0.798
0.76
0.675
0.652
0.529
0.504
0.49
0.433
0.553
0.57
0.588
0.794
0.81
0.879
0.872
0.873
0.675
0.602
0.806
0.739
0.752
0.721
0.749
0.784
0.651
0.745
0.819
0.646
0.613
0.816
0.849
0.773
0.719
0.735
0.682
0.508
0.447
0.531
0.605
0.702
0.796
0.657
0.607
0.617
0.646
0.756
0.771
0.577
0.63
0.631
0.506
0.678
0.679
0.725
0.633
0.639
0.638
0.701
0.78
0.689
0.633
0.603
0.612
0.616
0.616
0.678
0.699
0.635
0.7
0.893
0.923
0.843
0.825
0.744
0.82
0.813
0.767
0.755
0.829
0.839
0.745
0.713
0.66
0.714
0.839
0.742
0.645
0.77
0.748
0.855
0.84
0.775
0.763
0.753
0.655
0.683
0.711
0.788
0.86
0.847
0.798
0.76
0.706
0.722
0.715
0.762
0.773
0.738
0.714
0.714
0.847
0.765
0.581
0.608
0.681
0.737
0.705
0.833
0.84
0.855
0.801
0.675
0.69
0.746
0.785
0.757
0.787
0.82
0.755
0.721
0.765
0.752
0.692
0.754
0.815
0.734
0.671
0.764
0.738
0.622
0.587
0.605
0.688
0.708
0.698
0.748
0.686
0.698
0.715
0.621
0.636
0.687
0.578
0.661
0.737
0.748
0.632
0.554
0.615
0.699
0.775
0.883
0.89
0.725
0.874
0.813
0.786
0.691
0.826
0.739
0.695
0.758
0.724
0.6
0.619
0.638
0.758
0.669
0.627
0.707
0.657
0.77
0.858
0.839
0.664
0.511
0.864
0.894
0.741
0.626
0.762
0.751
0.737
0.74
0.666
0.703
0.709
0.703
0.751
0.959
0.802
0.655
0.819
0.959
0.918
0.742
0.664
0.901
0.838
0.77
0.706
0.719
0.792
0.903
0.885
0.873
0.902
0.778
0.802
0.748
0.705
0.704
0.697
0.796
0.693
0.835
0.87
0.741
0.759
0.725
0.733
0.69
0.863
0.94
0.93
0.938
0.816
0.863
0.925
0.872
0.707
0.794
0.857
0.926
0.941
0.967
0.904
0.888
0.752
0.648
0.651
0.824
0.915
0.885
0.899
0.841
0.892
0.842
0.751
0.714
0.963
0.753
0.784
0.724
0.795
0.912
0.932
0.891
0.929
0.906
0.972
1.017
1.02
0.974
1.024
0.936
0.962
0.965
0.977
0.998
0.919
0.857
0.861
0.901
0.911
0.936
0.94
0.903
0.942
0.862
0.966
0.986
0.869
0.752
0.895
0.694
0.754
0.844
0.849
0.898
0.941
0.835
0.733
0.822
0.813
0.972
0.893
0.828
0.824
0.788
0.885
0.907
0.826
0.851
0.839
0.838
0.913
0.972
0.958
0.834
0.662
0.649
0.732
0.953
0.984
1.023
0.882
0.703
0.738
0.819
0.738
0.588
0.577
0.638
0.665
0.75
0.866
0.842
0.603
0.875
0.808
0.749
0.664
0.597
0.456
0.729
0.876
0.818
0.889
0.822
0.766
0.716
0.754
0.841
0.562
0.716
0.722
0.922
0.94
0.795
0.873
0.829
0.914
0.801
0.575
0.659
0.752
0.911
0.874
0.816
0.947
0.896
0.669
0.726
0.724
0.66
0.676
0.858
0.648
0.755
0.836
0.777
0.546
0.593
0.877
0.717
0.51
0.632
0.872
0.86
0.892
0.796
0.736
0.849
0.742
0.539
0.802
0.856
0.836
0.794
0.764
0.693
0.669
0.839
0.922
0.791
0.736
0.849
0.886
0.819
0.669
0.731
0.886
0.824
0.848
0.782
0.71
0.698
0.846
0.815
0.849
0.835
0.754
0.639
0.676
0.647
0.619
0.581
0.529
0.642
0.638
0.768
0.803
0.772
0.786
0.85
0.867
0.847
0.829
0.777
0.786
0.772
0.665
0.615
0.752
0.827
0.842
0.788
0.717
0.685
0.79
0.743
0.675
0.704
0.733
0.741
0.639
0.77
0.821
0.801
0.796
0.843
0.794
0.829
0.741
0.763
0.822
0.75
0.829
0.809
0.729
0.7
0.667
0.765
0.814
0.752
0.859
0.785
0.845
0.886
0.892
0.827
0.765
0.858
0.742
0.773
0.755
0.76
0.732
0.834
0.842
0.751
0.694
0.732
0.715
0.801
0.731
0.716
0.773
0.831
0.798
0.781
0.829
0.781
0.669
0.671
0.731
0.647
0.652
0.785
0.902
0.735
0.657
0.586
0.756
0.87
0.823
0.752
0.733
0.797
0.664
0.661
0.863
0.872
0.863
0.621
0.595
0.637
0.688
0.719
0.679
0.706
0.63
0.787
0.742
0.733
0.886
0.933
0.921
0.807
0.76
0.679
0.652
0.616
0.657
0.586
0.771
0.727
0.637
0.654
0.612
0.598
0.844
0.805
0.768
0.67
0.737
0.684
0.74
0.872
0.84
0.778
0.77
0.892
0.875
0.961
0.882
0.719
0.662
0.706
0.852
0.754
0.659
0.77
0.95
0.788
0.804
0.796
0.831
0.848
0.846
0.905
0.866
0.879
0.855
0.811
0.811
0.714
0.805
0.86
0.928
0.899
0.747
0.742
0.873
0.81
0.862
0.878
0.801
0.642
0.669
0.688
0.833
0.796
0.795
0.801
0.882
0.991
0.998
0.971
0.93
0.963
0.95
0.922
0.899
0.962
0.95
0.935
0.935
0.891
0.872
0.92
0.953
0.976
0.96
0.985
0.982
0.894
0.913
0.904
0.872
0.888
0.935
0.943
0.852
0.844
0.924
0.995
1.027
0.94
1.076
1.012
1.007
1.067
0.843
0.925
0.981
0.959
0.984
0.85
0.84
0.948
0.879
0.876
0.863
0.807
0.841
0.822
0.763
0.697
0.833
0.897
0.957
1.011
0.992
0.993
0.95
0.808
0.86
0.925
0.873
0.851
0.938
0.893
0.89
0.965
0.99
0.976
1.015
0.907
0.79
0.81
1.026
0.966
0.743
0.819
0.831
0.764
0.796
0.909
0.967
0.868
0.739
0.735
0.741
0.765
0.769
0.693
0.769
0.914
0.859
0.878
0.818
0.878
0.935
0.886
0.891
0.899
0.787
0.881
0.706
0.633
0.837
0.868
0.79
0.83
0.846
0.75
0.669
0.927
0.769
0.673
0.684
0.64
0.68
0.827
0.624
0.689
0.933
0.849
0.916
0.898
0.742
0.489
0.561
0.708
0.774
0.723
0.969
0.828
0.841
0.896
0.733
0.642
0.908
0.935
0.833
0.617
0.558
0.867
0.863
0.882
0.781
0.946
0.916
0.787
0.931
0.677
0.566
0.607
0.757
0.912
0.922
0.862
0.706
0.812
0.826
0.687
0.719
0.828
0.676
0.699
0.882
0.861
0.768
0.629
0.608
0.621
0.804
0.832
0.752
0.741
0.807
0.86
0.85
0.918
0.795
0.761
0.805
0.844
0.754
0.638
0.672
0.786
0.895
0.777
0.8
0.79
0.797
0.75
0.801
0.818
0.655
0.734
0.751
0.819
0.79
0.688
0.684
0.743
0.613
0.64
0.672
0.725
0.782
0.736
0.633
0.589
0.699
0.757
0.817
0.706
0.819
0.807
0.758
0.877
0.697
0.649
0.747
0.776
0.777
0.788
0.72
0.67
0.707
0.773
0.789
0.752
0.74
0.704
0.745
0.751
0.77
0.741
0.75
0.789
0.762
0.65
0.69
0.73
0.777
0.699
0.82
0.795
0.704
0.732
0.717
0.775
0.779
0.732
0.787
0.709
0.765
0.763
0.741
0.846
0.744
0.747
0.732
0.731
0.725
0.715
0.746
0.799
0.917
0.934
0.86
0.758
0.798
0.729
0.784
0.822
0.928
0.922
0.849
0.834
0.733
0.738
0.708
0.801
0.824
0.819
0.798
0.719
0.761
0.881
0.894
0.713
0.74
0.701
0.903
0.744
0.676
0.667
0.661
0.72
0.849
0.932
0.821
0.711
0.719
0.791
0.771
0.744
0.743
0.683
0.864
0.749
0.865
0.872
0.91
0.891
0.844
0.741
0.786
0.854
0.829
0.81
0.883
0.686
0.689
0.692
0.728
0.71
0.702
0.872
0.985
0.869
0.758
0.728
0.829
0.758
0.7
0.687
0.692
0.693
0.74
0.871
0.742
0.708
0.692
0.735
0.77
0.848
0.918
0.867
0.736
0.808
0.762
0.87
0.961
0.77
0.794
0.877
0.781
0.872
0.874
0.904
0.852
0.793
0.92
0.977
0.921
0.831
0.826
0.927
0.97
0.843
0.727
0.799
0.831
0.878
0.984
0.956
0.728
0.879
0.941
0.985
0.986
0.972
0.938
0.939
1.018
0.995
0.994
1.004
0.726
0.747
0.751
0.864
0.899
0.826
0.806
0.849
0.876
0.892
0.936
0.758
0.792
0.907
0.973
0.925
0.985
0.943
0.986
0.953
0.837
0.95
0.908
0.869
0.931
0.924
0.974
0.946
0.924
1.003
0.96
0.945
0.931
0.904
0.827
0.842
0.887
0.899
0.825
0.95
0.876
0.856
0.846
0.822
0.93
0.931
1.028
0.953
0.925
0.871
0.757
0.863
0.985
0.907
1.016
0.974
0.868
0.876
0.841
0.869
0.717
0.884
0.861
0.836
0.798
0.634
0.704
0.95
0.683
0.611
0.73
0.816
0.781
0.643
0.708
0.807
0.824
0.689
0.906
0.893
0.755
0.582
0.993
0.948
0.786
0.597
0.391
0.551
0.719
0.707
0.875
0.735
0.733
0.58
0.531
0.682
0.921
0.93
0.723
0.435
0.655
0.841
0.784
0.597
0.478
0.485
0.687
0.761
0.683
0.647
0.578
0.605
0.838
0.534
0.472
0.837
0.805
0.971
0.869
0.79
0.853
0.635
0.659
0.901
0.806
0.764
0.832
0.716
0.764
0.707
0.758
0.746
0.822
0.839
0.754
0.647
0.635
0.647
0.631
0.853
0.784
0.699
0.73
0.842
0.885
0.887
0.948
0.947
0.9
0.745
0.698
0.707
0.692
0.744
0.707
0.57
0.588
0.761
0.748
0.677
0.649
0.758
0.874
0.864
0.791
0.719
0.784
0.732
0.583
0.649
0.797
0.749
0.672
0.612
0.694
0.732
0.801
0.788
0.833
0.797
0.671
0.705
0.746
0.824
0.846
0.711
0.696
0.745
0.721
0.697
0.801
0.821
0.862
0.836
0.668
0.668
0.771
0.894
0.865
0.862
0.782
0.77
0.785
0.748
0.685
0.659
0.673
0.749
0.818
0.803
0.739
0.658
0.607
0.657
0.691
0.716
0.8
0.885
0.915
0.909
0.738
0.818
0.923
0.865
0.855
0.666
0.818
0.847
0.819
0.735
0.814
0.871
0.841
0.802
0.827
0.781
0.773
0.819
0.841
0.756
0.771
0.674
0.694
0.764
0.81
0.848
0.853
0.866
0.828
0.797
0.796
0.772
0.81
0.739
0.825
0.785
0.735
0.874
0.712
0.68
0.799
0.718
0.8
0.79
0.742
0.77
0.782
0.797
0.728
0.691
0.716
0.726
0.678
0.733
0.646
0.635
0.654
0.816
0.765
0.717
0.74
0.801
0.624
0.713
0.726
0.642
0.631
0.738
0.628
0.706
0.652
0.673
0.883
0.858
0.894
0.766
0.779
0.767
0.792
0.719
0.894
0.753
0.757
0.749
0.782
0.903
0.852
0.865
0.837
0.699
0.706
0.65
0.864
0.876
0.82
0.812
0.869
0.853
0.866
0.912
0.932
0.805
0.695
0.782
0.897
0.869
0.915
0.983
0.981
0.823
0.729
0.838
0.929
0.813
0.835
0.905
0.891
0.866
0.946
0.905
0.878
0.875
0.931
0.9
0.845
0.87
0.819
0.923
0.897
0.801
0.916
0.96
0.944
0.982
0.926
0.877
0.735
0.789
0.863
0.677
0.744
0.903
0.936
1
0.997
0.967
1.001
0.977
0.96
0.853
0.705
0.802
0.9
0.792
0.895
0.914
0.924
0.894
0.817
0.831
0.732
0.912
0.967
0.979
0.901
0.895
0.946
0.902
0.915
0.952
0.905
0.751
0.703
0.855
0.829
0.763
0.804
0.889
0.887
0.735
0.655
0.799
0.96
0.824
0.782
0.836
0.87
0.985
0.989
0.964
0.936
0.915
0.789
0.912
0.822
0.874
0.806
0.919
0.775
0.837
0.823
0.952
0.926
0.85
0.732
0.712
0.942
0.98
0.734
0.612
0.657
0.711
0.792
0.711
0.693
0.835
0.968
0.976
0.974
0.935
0.84
0.79
0.747
0.571
0.885
0.774
0.689
0.776
0.68
0.664
0.745
0.817
0.713
0.887
0.693
0.52
0.433
0.875
0.979
0.733
0.524
0.484
0.412
0.819
0.83
0.875
0.863
0.659
0.694
0.799
0.53
0.606
0.522
0.492
0.537
0.869
0.791
0.762
0.653
0.927
0.939
0.928
0.909
0.918
0.762
0.706
0.745
0.909
0.777
0.863
0.918
0.926
0.802
0.695
0.616
0.615
0.575
0.435
0.514
0.566
0.619
0.707
0.708
0.757
0.906
0.748
0.537
0.549
0.642
0.574
0.8
0.739
0.795
0.715
0.629
0.636
0.579
0.608
0.553
0.715
0.908
0.93
0.869
0.721
0.808
0.793
0.864
0.837
0.712
0.654
0.749
0.646
0.726
0.701
0.681
0.656
0.772
0.699
0.734
0.686
0.836
0.75
0.634
0.708
0.741
0.816
0.771
0.782
0.81
0.726
0.657
0.62
0.654
0.706
0.619
0.774
0.833
0.839
0.739
0.744
0.804
0.768
0.897
0.755
0.718
0.619
0.641
0.758
0.85
0.794
0.691
0.702
0.643
0.659
0.721
0.825
0.872
0.861
0.749
0.716
0.753
0.823
0.738
0.79
0.793
0.815
0.818
0.792
0.794
0.825
0.687
0.695
0.808
0.812
0.809
0.877
0.87
0.776
0.769
0.731
0.868
0.843
0.764
0.75
0.768
0.741
0.717
0.733
0.793
0.843
0.662
0.683
0.671
0.765
0.781
0.76
0.617
0.811
0.863
0.874
0.743
0.681
0.718
0.715
0.714
0.581
0.66
0.738
0.747
0.848
0.796
0.592
0.597
0.688
0.627
0.833
0.816
0.84
0.831
0.896
0.85
0.786
0.677
0.743
0.698
0.734
0.738
0.7
0.698
0.719
0.867
0.838
0.74
0.726
0.674
0.732
0.747
0.701
0.553
0.618
0.877
0.736
0.81
0.769
0.731
0.791
0.725
0.729
0.657
0.645
0.703
0.678
0.748
0.915
0.74
0.748
0.786
0.82
0.836
0.803
0.869
0.796
0.847
0.79
0.734
0.726
0.777
0.787
0.644
0.91
0.818
0.766
0.788
0.876
0.925
0.765
0.899
0.919
0.865
0.895
0.922
0.783
0.81
0.823
0.873
0.726
0.603
0.853
0.839
0.855
0.872
0.793
0.875
0.908
0.954
0.863
0.64
0.658
0.707
0.696
0.788
0.907
0.972
0.751
0.733
0.703
0.788
0.927
0.863
0.837
0.992
0.942
0.956
0.903
0.913
0.85
0.957
0.937
0.871
0.88
0.996
0.985
0.982
0.909
0.897
0.942
1.012
1.014
0.979
0.957
0.942
0.948
0.994
0.906
0.907
0.957
0.865
1.009
0.935
0.887
0.874
0.887
0.923
0.968
0.947
0.815
0.736
0.928
0.687
0.721
0.658
0.657
0.952
0.797
0.72
0.646
0.714
0.725
0.767
0.901
0.914
0.905
0.889
0.991
0.912
0.881
0.953
0.818
0.81
0.9
0.755
0.79
0.912
0.839
0.82
0.802
0.781
0.859
0.859
0.829
0.925
0.919
0.857
0.731
0.775
0.815
0.705
0.66
0.661
0.699
0.598
0.48
0.568
0.52
0.36
0.83
0.865
0.684
0.812
0.872
0.848
0.703
0.648
0.846
0.827
0.883
0.81
0.584
0.466
0.512
0.959
0.951
0.88
0.743
0.787
0.73
0.947
0.951
0.715
0.54
0.49
0.618
0.862
0.821
0.562
0.421
0.433
0.443
0.429
0.511
0.698
0.549
0.657
0.827
0.559
0.805
0.802
0.81
0.867
0.816
0.679
0.652
0.645
0.765
0.637
0.515
0.654
0.919
0.905
0.739
0.753
0.701
0.608
0.541
0.48
0.577
0.812
0.811
0.843
0.69
0.712
0.665
0.614
0.699
0.545
0.6
0.607
0.633
0.665
0.747
0.677
0.596
0.62
0.612
0.645
0.736
0.744
0.698
0.654
0.644
0.695
0.6
0.673
0.813
0.784
0.69
0.825
0.823
0.689
0.787
0.757
0.839
0.773
0.728
0.794
0.776
0.629
0.689
0.758
0.698
0.674
0.683
0.712
0.747
0.764
0.864
0.831
0.782
0.699
0.757
0.682
0.657
0.688
0.676
0.774
0.729
0.633
0.744
0.655
0.697
0.768
0.767
0.712
0.756
0.834
0.65
0.707
0.759
0.755
0.813
0.824
0.669
0.719
0.854
0.772
0.733
0.794
0.715
0.7
0.736
0.83
0.859
0.814
0.788
0.777
0.701
0.695
0.715
0.752
0.695
0.62
0.701
0.863
0.849
0.778
0.622
0.681
0.627
0.56
0.542
0.625
0.623
0.616
0.699
0.686
0.669
0.589
0.741
0.712
0.55
0.676
0.658
0.801
0.588
0.536
0.664
0.763
0.794
0.687
0.684
0.783
0.875
0.652
0.711
0.646
0.752
0.933
0.917
0.774
0.664
0.758
0.763
0.638
0.751
0.847
0.788
0.653
0.646
0.596
0.713
0.81
0.769
0.7
0.71
0.735
0.661
0.539
0.491
0.656
0.631
0.786
0.755
0.7
0.711
0.803
0.658
0.632
0.744
0.774
0.862
0.764
0.726
0.826
0.705
0.72
0.677
0.637
0.749
0.882
0.705
0.709
0.653
0.855
0.836
0.963
0.881
0.788
0.753
0.639
0.627
0.739
0.756
0.919
0.92
0.898
0.797
0.714
0.629
0.838
0.757
0.808
0.908
0.96
0.97
0.863
0.801
0.756
0.884
0.908
0.693
0.765
0.737
0.684
0.687
0.846
0.856
0.835
0.959
0.974
0.934
0.896
0.957
1.009
1.002
0.831
0.835
0.859
0.802
0.852
0.94
0.886
0.846
0.893
0.732
0.752
0.833
0.816
0.825
0.855
0.897
0.781
0.747
0.926
0.814
0.735
0.837
0.794
0.845
0.864
0.97
0.925
0.891
0.815
0.9
0.962
0.848
0.83
0.858
0.789
0.813
0.875
0.936
0.771
0.93
0.963
0.862
0.892
0.787
0.93
0.914
0.957
0.914
0.82
0.849
0.871
1.01
0.974
0.972
0.839
0.638
0.759
0.815
0.671
0.538
0.621
0.512
0.498
0.602
0.679
0.916
0.82
0.792
0.583
0.657
0.569
0.78
0.722
0.643
0.876
0.95
0.881
0.768
0.699
0.673
0.752
0.624
0.629
0.542
0.805
0.69
0.512
0.409
0.706
0.896
0.859
0.669
0.695
0.678
0.893
0.757
0.697
0.802
0.731
0.68
0.664
0.667
0.654
0.887
0.876
0.81
0.875
0.833
0.877
0.67
0.611
0.684
0.521
0.482
0.598
0.469
0.557
0.656
0.85
0.636
0.635
0.688
0.659
0.633
0.715
0.733
0.836
0.588
0.683
0.819
0.704
0.718
0.745
0.806
0.726
0.943
0.825
0.734
0.72
0.791
0.75
0.752
0.728
0.869
0.945
0.841
0.782
0.743
0.713
0.788
0.709
0.669
0.824
0.772
0.713
0.788
0.818
0.74
0.767
0.831
0.803
0.685
0.876
0.812
0.799
0.832
0.793
0.716
0.864
0.809
0.767
0.74
0.783
0.784
0.843
0.712
0.7
0.691
0.748
0.694
0.769
0.845
0.76
0.751
0.651
0.645
0.799
0.839
0.8
0.732
0.743
0.771
0.738
0.736
0.781
0.788
0.731
0.691
0.691
0.669
0.653
0.673
0.751
0.812
0.789
0.74
0.821
0.868
0.834
0.842
0.851
0.782
0.712
0.679
0.882
0.882
0.834
0.878
0.869
0.772
0.731
0.724
0.744
0.866
0.798
0.718
0.892
0.703
0.655
0.648
0.761
0.841
0.817
0.751
0.792
0.852
0.869
0.839
0.877
0.851
0.795
0.792
0.825
0.826
0.71
0.687
0.72
0.796
0.828
0.82
0.884
0.881
0.776
0.827
0.808
0.695
0.729
0.767
0.669
0.77
0.83
0.693
0.863
0.88
0.727
0.726
0.746
0.762
0.662
0.68
0.693
0.778
0.725
0.839
0.925
0.888
0.729
0.753
0.706
0.721
0.743
0.748
0.666
0.74
0.877
0.859
0.9
0.859
0.772
0.658
0.721
0.844
0.718
0.892
0.928
0.812
0.741
0.793
0.724
0.713
0.67
0.682
0.649
0.548
0.757
0.71
0.72
0.908
0.919
0.939
0.912
0.768
0.845
0.9
0.804
0.765
0.743
0.828
0.77
0.722
0.73
0.827
0.775
0.6
0.656
0.757
0.954
0.947
0.889
0.888
0.888
0.77
0.716
0.735
0.741
0.817
0.683
0.822
0.873
0.7
0.757
0.94
0.864
0.783
0.882
0.815
0.922
0.973
0.808
0.819
0.865
0.841
0.814
0.875
0.815
0.82
0.874
0.91
0.879
0.928
0.921
0.927
0.928
0.924
0.941
0.954
0.976
0.969
0.97
0.933
0.918
0.973
0.963
0.955
0.969
0.983
0.994
0.979
0.951
0.961
0.948
0.887
0.915
0.955
0.973
0.979
0.859
0.877
0.91
0.934
0.935
0.986
0.983
0.943
0.836
0.84
0.861
0.957
0.981
0.916
0.916
1.019
0.891
0.762
0.925
0.886
0.958
0.935
0.943
0.752
0.75
0.776
0.895
0.817
0.836
0.898
0.909
0.968
0.842
0.825
0.726
0.784
0.912
0.929
0.917
0.841
0.824
0.896
0.875
0.895
0.819
0.845
0.92
0.987
0.894
0.804
0.951
0.926
0.861
0.722
0.872
0.85
0.795
0.724
0.742
0.76
0.738
0.672
0.708
0.816
0.896
0.869
0.871
0.757
0.682
0.743
0.518
0.862
0.832
0.668
0.57
0.787
0.941
0.837
0.777
0.571
0.728
0.896
0.716
0.7
0.497
0.746
0.855
0.805
0.756
0.866
0.526
0.452
0.511
0.647
0.469
0.414
0.456
0.548
0.544
0.535
0.788
0.789
0.792
0.783
0.508
0.5
0.597
0.809
0.627
0.627
0.895
0.909
0.877
0.784
0.69
0.657
0.827
0.91
0.735
0.769
0.793
0.758
0.829
0.83
0.835
0.667
0.643
0.837
0.838
0.857
0.77
0.766
0.918
0.814
0.641
0.652
0.698
0.727
0.607
0.628
0.668
0.643
0.712
0.615
0.595
0.714
0.639
0.85
0.898
0.746
0.684
0.647
0.718
0.627
0.647
0.594
0.806
0.85
0.613
0.722
0.878
0.753
0.61
0.699
0.798
0.602
0.68
0.728
0.654
0.611
0.69
0.643
0.604
0.674
0.803
0.827
0.799
0.753
0.751
0.714
0.719
0.777
0.775
0.64
0.741
0.87
0.818
0.803
0.677
0.73
0.755
0.709
0.601
0.648
0.798
0.795
0.858
0.858
0.782
0.799
0.777
0.653
0.647
0.741
0.843
0.835
0.758
0.835
0.729
0.802
0.87
0.857
0.832
0.845
0.808
0.732
0.708
0.701
0.791
0.724
0.669
0.711
0.789
0.729
0.743
0.756
0.79
0.775
0.832
0.778
0.686
0.762
0.754
0.656
0.66
0.695
0.808
0.895
0.87
0.81
0.866
0.775
0.86
0.929
0.832
0.808
0.78
0.767
0.739
0.719
0.724
0.704
0.785
0.948
0.832
0.638
0.583
0.661
0.736
0.895
0.963
0.888
0.905
0.769
0.847
0.77
0.64
0.704
0.803
0.733
0.876
0.915
0.904
0.828
0.764
0.768
0.644
0.704
0.734
0.752
0.757
0.92
0.793
0.743
0.731
0.733
0.7
0.723
0.769
0.822
0.756
0.688
0.642
0.81
0.717
0.81
0.835
0.7
0.819
0.796
0.72
0.68
0.714
0.694
0.959
0.759
0.915
0.886
0.969
0.986
0.912
0.821
0.764
0.68
0.662
0.733
0.78
0.846
0.821
0.731
0.754
0.901
0.955
0.963
0.852
0.864
0.972
0.938
0.881
0.825
0.818
0.759
0.904
0.764
0.779
0.815
0.902
0.897
0.879
0.84
0.836
0.921
0.825
0.843
0.933
0.889
0.928
0.916
0.889
0.958
0.99
0.974
0.961
0.953
0.867
0.952
0.871
0.85
0.825
0.85
0.92
0.942
0.928
0.894
0.998
0.864
0.779
0.77
0.844
0.931
0.973
0.967
0.96
0.806
0.872
0.889
0.913
0.947
0.89
0.956
0.928
0.95
0.883
0.902
0.839
0.777
0.792
0.924
0.864
0.805
0.769
0.971
0.95
0.913
0.813
0.777
0.751
0.958
0.823
0.743
0.808
0.844
0.945
0.678
0.835
0.838
0.857
0.9
0.92
0.702
0.712
0.744
0.886
0.909
0.963
0.91
0.886
0.929
0.891
0.968
0.886
0.638
0.805
0.797
0.894
0.939
0.874
0.91
0.762
0.925
0.677
0.751
0.843
0.92
0.657
0.669
0.667
0.621
0.785
0.986
0.775
0.698
0.631
0.895
0.88
0.838
0.722
0.709
0.761
0.728
0.86
0.84
0.908
0.721
0.654
0.784
0.67
0.709
0.968
0.886
0.851
0.624
0.945
0.707
0.583
0.577
0.702
0.887
0.921
0.943
0.79
0.781
0.927
0.952
0.816
0.774
0.878
0.876
0.819
0.665
0.615
0.648
0.61
0.729
0.887
0.868
0.853
0.725
0.766
0.699
0.751
0.848
0.735
0.754
0.764
0.838
0.785
0.915
0.782
0.754
0.632
0.657
0.752
0.812
0.818
0.853
0.797
0.766
0.748
0.752
0.749
0.73
0.618
0.626
0.623
0.615
0.604
0.72
0.844
0.781
0.617
0.642
0.759
0.728
0.729
0.685
0.677
0.69
0.644
0.635
0.704
0.778
0.619
0.61
0.674
0.605
0.69
0.768
0.76
0.797
0.718
0.708
0.646
0.712
0.849
0.748
0.733
0.81
0.851
0.856
0.928
0.83
0.715
0.666
0.726
0.768
0.73
0.701
0.72
0.705
0.658
0.66
0.612
0.645
0.753
0.755
0.811
0.872
0.877
0.875
0.877
0.86
0.829
0.688
0.812
0.867
0.906
0.812
0.71
0.717
0.814
0.794
0.774
0.755
0.796
0.734
0.722
0.759
0.734
0.768
0.645
0.436
0.377
0.438
0.686
0.612
0.464
0.605
0.816
0.771
0.6
0.589
0.68
0.809
0.831
0.71
0.733
0.633
0.71
0.818
0.938
0.88
0.732
0.686
0.742
0.706
0.821
0.897
0.836
0.66
0.731
0.583
0.61
0.626
0.802
0.863
0.743
0.582
0.706
0.809
0.626
0.738
0.832
0.656
0.653
0.707
0.773
0.734
0.821
0.923
0.81
0.695
0.783
0.807
0.707
0.724
0.686
0.644
0.759
0.734
0.885
0.75
0.811
0.885
0.988
0.949
0.844
0.777
0.862
0.925
0.867
0.893
0.756
0.867
0.741
0.756
0.915
0.816
0.87
0.777
0.726
0.758
0.761
0.847
0.85
0.684
0.732
0.784
0.793
0.806
0.809
0.887
0.889
0.678
0.849
0.858
0.913
0.917
0.944
0.924
0.86
0.847
0.908
0.988
0.928
0.786
0.831
0.759
0.742
0.91
0.888
0.907
0.953
0.984
0.967
0.999
0.904
0.907
0.904
0.872
0.887
0.886
0.88
0.954
0.958
0.861
0.768
0.819
0.766
0.689
0.721
0.834
0.83
0.772
0.819
0.806
0.709
0.72
0.749
0.837
0.837
0.85
0.674
0.837
0.886
0.885
0.924
0.942
0.948
0.945
0.933
0.706
0.769
0.814
0.769
0.776
0.876
0.738
0.799
0.763
0.871
0.873
0.889
0.918
0.916
0.937
0.933
0.873
0.941
0.893
0.849
0.734
0.736
0.914
0.941
0.935
0.94
0.8
0.889
0.89
0.847
0.897
0.924
0.872
0.718
0.783
0.832
0.919
0.894
0.705
0.792
0.803
0.959
0.953
0.902
0.935
0.876
0.773
0.678
0.742
0.825
0.671
0.708
0.921
0.722
0.779
0.768
0.701
0.897
0.969
0.919
0.74
0.919
0.934
0.901
0.889
0.799
0.621
0.733
0.469
0.501
0.562
0.902
0.895
0.812
0.66
0.758
0.885
0.653
0.423
0.541
0.58
0.397
0.5
0.623
0.713
0.723
0.925
0.912
0.722
0.86
0.73
0.797
0.943
0.939
0.845
0.849
0.892
0.789
0.719
0.824
0.94
0.92
0.931
0.849
0.804
0.814
0.757
0.86
0.847
0.825
0.762
0.712
0.738
0.649
0.787
0.873
0.775
0.661
0.743
0.907
0.873
0.73
0.702
0.731
0.814
0.609
0.864
0.923
0.934
0.822
0.648
0.791
0.894
0.865
0.779
0.772
0.733
0.588
0.568
0.558
0.624
0.758
0.793
0.73
0.815
0.779
0.64
0.643
0.611
0.781
0.882
0.78
0.817
0.835
0.821
0.879
0.82
0.737
0.667
0.72
0.813
0.809
0.741
0.802
0.661
0.744
0.859
0.792
0.785
0.761
0.778
0.823
0.909
0.758
0.737
0.732
0.831
0.798
0.765
0.791
0.821
0.818
0.826
0.807
0.77
0.803
0.774
0.76
0.756
0.822
0.784
0.865
0.843
0.756
0.736
0.719
0.772
0.85
0.913
0.694
0.638
0.829
0.907
0.808
0.764
0.868
0.779
0.665
0.914
0.897
0.887
0.804
0.699
0.659
0.749
0.855
0.837
0.857
0.815
0.753
0.776
0.84
0.797
0.679
0.698
0.712
0.869
0.708
0.673
0.831
0.782
0.766
0.743
0.625
0.805
0.722
0.77
0.663
0.638
0.665
0.643
0.827
0.68
0.572
0.65
0.693
0.602
0.686
0.75
0.78
0.699
0.695
0.784
0.78
0.658
0.578
0.779
0.752
0.839
0.804
0.75
0.645
0.759
0.87
0.743
0.752
0.812
0.714
0.843
0.854
0.882
0.878
0.778
0.856
0.84
0.687
0.669
0.577
0.622
0.864
0.923
0.824
0.679
0.741
0.915
0.892
0.904
0.944
0.862
0.841
0.861
0.842
0.895
0.69
0.73
0.868
0.931
0.836
0.802
0.774
0.63
0.601
0.706
0.821
0.843
0.717
0.792
0.825
0.948
0.907
0.717
0.695
0.832
0.892
0.845
0.872
0.862
0.832
0.799
0.817
0.866
0.952
0.923
0.866
0.89
0.87
0.724
0.912
0.881
0.801
0.819
0.961
0.988
0.92
0.908
0.842
0.81
0.813
0.794
0.711
0.81
0.928
0.882
0.774
0.87
0.781
0.834
0.9
0.786
0.718
0.754
0.846
0.783
0.833
0.819
0.925
0.934
0.87
0.836
0.827
0.889
0.909
0.921
0.938
0.898
0.889
0.964
0.897
0.861
0.866
0.907
0.778
0.841
0.884
0.896
0.818
0.708
0.772
0.858
0.896
0.959
0.914
0.818
0.851
0.91
0.901
0.907
0.904
0.775
0.631
0.732
0.949
0.855
0.914
1.018
0.917
0.846
0.86
0.839
0.711
0.775
0.69
0.65
0.797
0.778
0.82
0.827
0.845
0.881
0.873
0.794
0.575
0.722
0.848
0.903
0.909
0.907
0.924
0.733
0.968
0.945
0.935
0.907
0.847
0.807
0.58
0.651
0.795
0.752
0.745
0.65
0.722
0.807
0.894
0.711
0.491
0.554
0.635
0.661
0.85
0.873
0.89
0.881
0.876
0.611
0.794
0.797
0.788
0.701
0.747
0.695
0.86
0.934
0.733
0.712
0.788
0.635
0.798
0.755
0.787
0.67
0.687
0.678
0.638
0.719
0.885
0.856
0.797
0.775
0.842
0.813
0.881
0.794
0.728
0.831
0.82
0.815
0.753
0.816
0.788
0.863
0.902
0.874
0.616
0.677
0.74
0.69
0.616
0.631
0.685
0.712
0.829
0.958
0.86
0.816
0.788
0.762
0.753
0.779
0.789
0.755
0.618
0.734
0.793
0.746
0.7
0.837
0.757
0.771
0.716
0.759
0.65
0.65
0.698
0.822
0.776
0.842
0.796
0.741
0.862
0.767
0.745
0.76
0.77
0.799
0.818
0.857
0.77
0.673
0.789
0.724
0.738
0.705
0.785
0.795
0.709
0.676
0.836
0.916
0.849
0.788
0.792
0.822
0.778
0.682
0.753
0.81
0.814
0.677
0.723
0.756
0.775
0.891
0.839
0.749
0.685
0.704
0.704
0.729
0.729
0.865
0.919
0.911
0.849
0.748
0.814
0.857
0.755
0.782
0.786
0.797
0.864
0.865
0.749
0.768
0.78
0.817
0.75
0.763
0.731
0.792
0.9
0.887
0.69
0.673
0.763
0.73
0.728
0.74
0.803
0.844
0.755
0.689
0.734
0.664
0.632
0.59
0.649
0.736
0.714
0.715
0.781
0.763
0.667
0.707
0.787
0.593
0.65
0.62
0.641
0.624
0.715
0.816
0.717
0.759
0.753
0.787
0.871
0.872
0.834
0.727
0.788
0.933
0.921
0.881
0.839
0.868
0.908
0.754
0.751
0.873
0.885
0.878
0.867
0.754
0.757
0.908
0.833
0.872
0.751
0.755
0.822
0.648
0.616
0.655
0.808
0.782
0.699
0.673
0.665
0.788
0.916
0.926
0.93
0.953
0.837
0.778
0.894
0.971
0.897
0.745
0.715
0.81
0.731
0.812
0.871
0.839
0.818
0.779
0.877
0.889
0.966
0.886
0.837
0.956
0.881
0.879
0.86
0.815
0.834
0.823
0.791
0.84
0.942
0.868
0.878
0.872
0.916
0.924
0.953
0.889
0.876
0.803
0.906
0.913
0.969
0.922
0.968
0.977
0.925
0.907
0.932
0.863
0.896
0.923
0.919
0.941
0.948
0.954
0.878
0.74
0.775
0.762
0.75
0.887
0.825
0.834
0.864
0.906
0.923
0.914
0.918
0.904
0.889
0.8
0.914
0.936
0.935
0.932
0.93
0.93
0.905
0.82
0.867
0.95
0.927
0.846
0.872
0.909
0.882
0.935
0.925
0.897
0.727
0.643
0.705
0.8
0.925
0.917
0.797
0.81
0.822
0.819
0.795
0.94
0.91
0.822
0.801
0.882
0.873
0.899
0.901
0.787
0.641
0.678
0.859
0.837
0.681
0.6
0.639
0.672
0.787
0.835
0.926
0.927
0.869
0.818
0.902
0.881
0.833
0.867
0.835
0.928
0.859
0.742
0.757
0.895
0.903
0.801
0.716
0.492
0.623
0.739
0.916
0.744
0.516
0.719
0.812
0.814
0.712
0.767
0.529
0.467
0.514
0.536
0.634
0.891
0.867
0.944
0.87
0.804
0.877
0.876
0.767
0.712
0.873
0.768
0.737
0.759
0.637
0.683
0.559
0.508
0.594
0.447
0.57
0.668
0.868
0.794
0.741
0.859
0.755
0.636
0.749
0.883
0.919
0.56
0.616
0.856
0.9
0.792
0.594
0.612
0.576
0.678
0.55
0.584
0.578
0.66
0.831
0.841
0.697
0.627
0.563
0.568
0.612
0.638
0.693
0.767
0.815
0.75
0.886
0.887
0.763
0.769
0.757
0.733
0.633
0.691
0.631
0.559
0.619
0.629
0.633
0.604
0.699
0.674
0.751
0.809
0.717
0.715
0.711
0.782
0.783
0.786
0.693
0.588
0.524
0.622
0.707
0.763
0.796
0.829
0.806
0.762
0.785
0.713
0.755
0.72
0.728
0.681
0.837
0.724
0.865
0.781
0.707
0.664
0.67
0.695
0.694
0.661
0.667
0.797
0.696
0.748
0.721
0.731
0.741
0.802
0.77
0.798
0.869
0.81
0.746
0.737
0.722
0.808
0.862
0.864
0.718
0.713
0.709
0.715
0.75
0.885
0.78
0.66
0.882
0.871
0.749
0.772
0.712
0.68
0.793
0.745
0.717
0.76
0.845
0.759
0.712
0.622
0.629
0.691
0.761
0.893
0.905
0.8
0.806
0.782
0.623
0.694
0.833
0.798
0.767
0.835
0.82
0.738
0.77
0.597
0.663
0.724
0.734
0.678
0.647
0.69
0.861
0.887
0.859
0.89
0.9
0.88
0.869
0.782
0.725
0.697
0.665
0.784
0.755
0.707
0.768
0.843
0.662
0.855
0.876
0.751
0.623
0.678
0.58
0.703
0.738
0.807
0.748
0.767
0.76
0.754
0.849
0.833
0.828
0.899
0.714
0.676
0.686
0.751
0.67
0.925
0.899
0.767
0.756
0.68
0.718
0.803
0.827
0.765
0.905
0.897
0.726
0.794
0.867
0.894
0.796
0.731
0.876
0.797
0.867
0.868
0.892
0.881
0.864
0.903
0.948
0.918
0.837
0.822
0.81
0.893
0.895
0.786
0.835
0.88
0.958
0.925
0.946
0.892
0.873
0.914
0.934
0.908
0.895
0.957
0.928
0.92
0.889
0.908
0.946
0.947
0.935
0.762
0.814
0.863
0.839
0.843
0.914
0.835
0.865
0.906
0.755
0.796
0.923
0.912
0.808
0.9
0.918
0.787
0.882
0.817
0.834
0.764
0.744
0.807
0.897
0.899
0.84
0.792
0.845
0.955
0.946
0.891
0.83
0.802
0.727
0.767
0.79
0.797
0.78
0.799
0.816
0.828
0.894
0.882
0.727
0.763
0.719
0.727
0.754
0.84
0.744
0.774
0.674
0.726
0.719
0.689
0.867
0.787
0.75
0.819
0.822
0.849
0.775
0.99
0.945
0.758
0.879
0.949
0.82
0.725
0.671
0.782
0.658
0.71
0.723
0.685
0.744
0.777
0.69
0.703
0.774
0.624
0.804
0.733
0.6
0.711
0.911
0.91
0.941
0.776
0.79
0.672
0.831
0.856
0.691
0.628
0.484
0.688
0.71
0.611
0.703
0.621
0.867
0.832
0.66
0.503
0.521
0.589
0.661
0.8
0.723
0.68
0.686
0.799
0.769
0.811
0.64
0.535
0.758
0.625
0.713
0.78
0.608
0.468
0.62
0.625
0.816
0.895
0.893
0.828
0.945
0.9
0.772
0.757
0.886
0.803
0.763
0.69
0.631
0.511
0.645
0.767
0.781
0.67
0.632
0.586
0.644
0.74
0.766
0.702
0.736
0.583
0.488
0.529
0.656
0.696
0.775
0.64
0.719
0.704
0.635
0.595
0.469
0.577
0.696
0.784
0.673
0.684
0.802
0.739
0.754
0.679
0.82
0.796
0.704
0.77
0.691
0.637
0.793
0.735
0.731
0.77
0.682
0.657
0.625
0.761
0.795
0.725
0.786
0.795
0.747
0.79
0.7
0.681
0.807
0.759
0.761
0.773
0.852
0.716
0.737
0.775
0.724
0.794
0.836
0.79
0.791
0.757
0.776
0.775
0.853
0.811
0.712
0.736
0.822
0.818
0.769
0.756
0.812
0.634
0.64
0.785
0.821
0.718
0.725
0.752
0.765
0.827
0.729
0.75
0.81
0.784
0.763
0.833
0.796
0.86
0.956
0.874
0.85
0.806
0.813
0.848
0.765
0.706
0.765
0.707
0.709
0.76
0.823
0.855
0.82
0.801
0.736
0.788
0.787
0.72
0.782
0.808
0.795
0.639
0.746
0.852
0.854
0.771
0.718
0.726
0.753
0.627
0.757
0.788
0.723
0.819
0.824
0.834
0.667
0.677
0.704
0.658
0.806
0.864
0.78
0.689
0.718
0.606
0.633
0.953
0.884
0.901
0.841
0.725
0.821
0.862
0.804
0.683
0.58
0.851
0.866
0.704
0.768
0.859
0.715
0.689
0.703
0.656
0.673
0.694
0.846
0.928
0.853
0.876
0.947
0.852
0.854
0.825
0.835
0.967
0.885
0.781
0.856
0.792
0.679
0.744
0.82
0.754
0.684
0.78
0.803
0.691
0.911
0.949
0.943
0.838
0.79
0.804
0.813
0.78
0.846
0.745
0.613
0.645
0.654
0.656
0.899
0.859
0.874
0.786
0.907
0.819
0.731
0.767
0.842
0.967
0.922
0.897
0.872
0.927
0.863
0.761
0.8
0.873
0.908
0.919
0.815
0.814
0.857
0.981
0.961
0.871
0.876
0.795
0.715
0.698
0.877
0.95
0.919
0.936
0.855
0.68
0.747
0.872
0.77
0.797
0.916
0.87
0.861
0.796
0.793
0.911
0.829
0.816
0.84
0.862
0.84
0.852
0.798
0.856
0.877
0.862
0.866
0.934
0.917
0.884
0.885
0.85
0.92
0.907
0.877
0.92
0.916
0.845
0.859
0.909
0.943
0.922
0.82
0.846
0.936
0.915
0.905
0.871
0.942
0.865
0.805
0.825
0.826
0.693
0.799
0.801
0.843
0.873
0.818
0.728
0.842
0.856
0.89
0.837
0.79
0.634
0.729
0.859
0.842
0.927
0.895
0.94
0.851
0.681
0.751
0.9
0.833
0.731
0.794
0.854
0.841
0.668
0.875
0.755
0.706
0.725
0.796
0.731
0.696
0.812
0.927
0.797
0.759
0.8
0.743
0.819
0.768
0.894
0.594
0.435
0.404
0.643
0.771
0.875
0.928
0.928
0.874
0.68
0.755
0.82
0.872
0.87
0.851
0.845
0.753
0.595
0.552
0.564
0.679
0.617
0.816
0.768
0.618
0.732
0.869
0.853
0.681
0.71
0.837
0.864
0.644
0.531
0.491
0.618
0.684
0.742
0.69
0.585
0.577
0.523
0.477
0.605
0.639
0.735
0.869
0.726
0.643
0.786
0.729
0.57
0.5
0.584
0.621
0.611
0.645
0.533
0.562
0.576
0.619
0.724
0.629
0.614
0.6
0.627
0.686
0.66
0.664
0.776
0.742
0.59
0.701
0.67
0.597
0.704
0.73
0.656
0.621
0.631
0.689
0.649
0.862
0.785
0.732
0.714
0.768
0.61
0.624
0.779
0.771
0.777
0.659
0.658
0.644
0.701
0.747
0.739
0.772
0.764
0.81
0.771
0.578
0.6
0.636
0.697
0.699
0.807
0.841
0.78
0.795
0.751
0.824
0.71
0.71
0.711
0.658
0.738
0.746
0.711
0.674
0.772
0.925
0.926
0.886
0.735
0.731
0.827
0.814
0.772
0.76
0.661
0.793
0.81
0.732
0.72
0.745
0.777
0.75
0.607
0.731
0.839
0.883
0.862
0.836
0.744
0.704
0.763
0.716
0.601
0.642
0.679
0.708
0.762
0.705
0.691
0.725
0.71
0.603
0.822
0.832
0.721
0.723
0.637
0.707
0.847
0.787
0.673
0.66
0.651
0.71
0.624
0.703
0.801
0.856
0.784
0.65
0.645
0.799
0.797
0.807
0.874
0.846
0.731
0.722
0.651
0.941
0.786
0.768
0.856
0.906
0.654
0.594
0.679
0.682
0.71
0.612
0.653
0.649
0.683
0.748
0.764
0.628
0.671
0.737
0.764
0.91
0.869
0.849
0.706
0.72
0.681
0.819
0.787
0.908
0.92
0.922
0.716
0.708
0.816
0.913
0.882
0.753
0.808
0.768
0.805
0.904
0.918
0.806
0.816
0.787
0.876
0.885
0.876
0.908
0.918
0.906
0.874
0.861
0.833
0.923
0.915
0.917
0.882
0.919
0.839
0.854
0.911
0.784
0.811
0.822
0.878
0.917
0.878
0.84
0.858
0.86
0.858
0.812
0.831
0.819
0.935
0.966
0.968
0.946
0.854
0.944
0.804
0.786
0.865
0.876
0.842
0.785
0.849
0.792
0.805
0.791
0.839
0.862
0.818
0.829
0.817
0.885
0.878
0.836
0.944
0.794
0.916
0.902
0.911
0.935
0.972
0.966
0.916
0.882
0.849
0.915
0.793
0.88
0.896
0.865
0.864
0.828
0.902
0.909
0.671
0.656
0.655
0.872
0.87
0.864
0.892
0.912
0.827
0.663
0.827
0.855
0.78
0.88
0.934
0.912
0.883
0.875
0.894
0.755
0.821
0.874
0.867
0.853
0.857
0.852
0.823
0.777
0.896
0.96
0.793
0.784
0.817
0.76
0.708
0.685
0.864
0.802
0.877
0.665
0.765
0.96
0.956
0.711
0.724
0.938
0.811
0.741
0.705
0.702
0.763
0.791
0.918
0.909
0.885
0.763
0.641
0.539
0.666
0.558
0.485
0.88
0.75
0.641
0.632
0.62
0.544
0.747
0.674
0.746
0.709
0.61
0.797
0.725
0.804
0.777
0.533
0.489
0.656
0.974
0.863
0.743
0.792
0.925
0.754
0.848
0.914
0.81
0.822
0.842
0.695
0.584
0.752
0.786
0.695
0.731
0.584
0.666
0.833
0.742
0.634
0.466
0.802
0.699
0.572
0.588
0.873
0.783
0.714
0.804
0.737
0.691
0.81
0.724
0.673
0.658
0.751
0.595
0.808
0.751
0.762
0.749
0.666
0.637
0.724
0.693
0.726
0.699
0.805
0.788
0.85
0.867
0.827
0.695
0.77
0.901
0.825
0.769
0.78
0.744
0.765
0.883
0.789
0.772
0.705
0.835
0.796
0.709
0.703
0.768
0.674
0.695
0.787
0.801
0.76
0.779
0.737
0.726
0.832
0.794
0.759
0.699
0.756
0.828
0.784
0.823
0.78
0.749
0.773
0.815
0.792
0.761
0.754
0.754
0.748
0.714
0.725
0.746
0.752
0.721
0.8
0.815
0.852
0.741
0.792
0.761
0.654
0.694
0.826
0.736
0.786
0.884
0.87
0.821
0.637
0.662
0.751
0.69
0.824
0.875
0.8
0.732
0.726
0.73
0.629
0.69
0.762
0.874
0.867
0.864
0.721
0.733
0.771
0.748
0.689
0.736
0.848
0.801
0.737
0.657
0.773
0.861
0.821
0.876
0.843
0.773
0.766
0.736
0.602
0.606
0.715
0.706
0.833
0.783
0.688
0.767
0.636
0.502
0.729
0.756
0.819
0.738
0.649
0.586
0.618
0.772
0.731
0.719
0.72
0.852
0.752
0.747
0.779
0.774
0.611
0.704
0.846
0.853
0.808
0.61
0.47
0.53
0.749
0.755
0.843
0.852
0.747
0.716
0.9
0.894
0.969
0.826
0.766
0.768
0.711
0.834
0.803
0.791
0.682
0.782
0.908
0.864
0.811
0.845
0.82
0.839
0.916
0.856
0.769
0.865
0.739
0.757
0.812
0.755
0.817
0.92
0.895
0.885
0.761
0.763
0.89
0.785
0.88
0.895
0.915
0.896
0.942
0.974
0.884
0.941
0.9
0.87
0.988
0.948
0.822
0.799
0.825
0.739
0.783
0.842
0.854
0.843
0.717
0.925
0.888
0.883
0.907
0.895
0.874
0.9
0.832
0.901
0.969
0.929
0.874
0.911
0.908
0.938
0.945
0.938
0.847
0.827
0.862
0.827
0.912
0.924
0.795
0.808
0.897
0.81
0.728
0.84
0.747
0.848
0.898
0.911
0.87
0.914
0.967
0.899
0.834
0.881
0.82
0.711
0.604
0.808
0.862
0.702
0.748
0.831
0.793
0.663
0.744
0.895
0.983
0.822
0.817
0.732
0.704
0.518
0.682
0.896
0.877
0.959
0.905
0.884
0.918
0.611
0.632
0.711
0.742
0.735
0.671
0.772
0.835
0.646
0.614
0.651
0.734
0.695
0.882
0.823
0.626
0.762
0.897
0.81
0.809
0.802
0.668
0.946
0.807
0.755
0.903
0.8
0.749
0.643
0.593
0.805
0.712
0.776
0.948
0.938
0.58
0.462
0.462
0.646
0.961
0.892
0.884
0.764
0.599
0.706
0.568
0.507
0.698
0.937
0.799
0.883
0.73
0.539
0.487
0.597
0.699
0.872
0.728
0.798
0.832
0.685
0.538
0.698
0.89
0.565
0.895
0.654
0.615
0.49
0.412
0.505
0.597
0.709
0.69
0.824
0.874
0.873
0.882
0.849
0.721
0.592
0.724
0.873
0.849
0.756
0.699
0.548
0.559
0.8
0.813
0.802
0.942
0.853
0.69
0.685
0.693
0.768
0.867
0.889
0.819
0.849
0.787
0.768
0.729
0.62
0.621
0.786
0.745
0.71
0.744
0.802
0.791
0.865
0.845
0.812
0.805
0.804
0.751
0.722
0.797
0.723
0.839
0.828
0.709
0.661
0.622
0.863
0.747
0.772
0.752
0.713
0.787
0.841
0.872
0.844
0.813
0.85
0.815
0.797
0.881
0.798
0.8
0.796
0.787
0.719
0.823
0.842
0.683
0.665
0.744
0.86
0.9
0.84
0.794
0.828
0.8
0.737
0.681
0.709
0.827
0.811
0.847
0.784
0.761
0.778
0.773
0.698
0.785
0.851
0.859
0.832
0.756
0.672
0.665
0.657
0.755
0.824
0.773
0.781
0.892
0.871
0.865
0.841
0.74
0.736
0.716
0.718
0.773
0.809
0.785
0.695
0.704
0.771
0.891
0.854
0.825
0.761
0.735
0.855
0.802
0.738
0.778
0.77
0.616
0.803
0.694
0.749
0.691
0.701
0.79
0.711
0.944
0.806
0.654
0.686
0.771
0.784
0.895
0.92
0.78
0.632
0.661
0.737
0.709
0.741
0.946
0.945
0.815
0.72
0.711
0.88
0.815
0.935
0.89
0.66
0.688
0.771
0.613
0.692
0.623
0.716
0.825
0.717
0.796
0.775
0.778
0.795
0.784
0.753
0.821
0.803
0.832
0.922
0.827
0.874
0.879
0.853
0.885
0.885
0.819
0.833
0.784
0.844
0.854
0.765
0.813
0.907
0.727
0.677
0.661
0.759
0.793
0.902
0.828
0.756
0.652
0.777
0.927
0.91
0.739
0.731
0.713
0.877
0.794
0.826
0.838
0.773
0.875
0.879
0.844
0.751
0.841
0.715
0.775
0.905
0.865
0.744
0.815
0.852
0.881
0.903
0.893
0.881
0.826
0.879
0.879
0.883
0.902
0.919
0.942
0.935
0.958
0.953
0.944
0.892
0.861
0.944
0.943
0.946
0.97
0.802
0.76
0.772
0.624
0.678
0.756
0.848
0.865
0.935
0.885
0.903
0.894
0.874
0.801
0.888
0.901
0.871
0.922
0.885
0.921
0.923
0.908
0.917
0.932
0.932
0.923
0.862
0.942
0.94
0.929
0.873
0.873
0.937
0.946
0.947
0.906
0.921
0.899
0.891
0.877
0.834
0.758
0.705
0.747
0.797
0.98
0.984
0.975
0.928
0.674
0.489
0.509
0.645
0.702
0.894
0.929
0.885
0.608
0.616
0.727
0.705
0.845
0.902
0.801
0.551
0.557
0.542
0.504
0.632
0.488
0.591
0.732
0.874
0.789
0.659
0.711
0.499
0.863
0.746
0.471
0.704
0.709
0.75
0.685
0.564
0.528
0.659
0.827
0.841
0.976
0.942
0.766
0.65
0.513
0.606
0.658
0.781
0.771
0.614
0.532
0.675
0.722
0.831
0.686
0.567
0.791
0.918
0.892
0.851
0.769
0.772
0.895
0.948
0.882
0.624
0.562
0.716
0.798
0.775
0.76
0.724
0.683
0.711
0.715
0.585
0.588
0.819
0.689
0.809
0.797
0.8
0.856
0.695
0.671
0.873
0.791
0.728
0.739
0.792
0.825
0.931
0.87
0.87
0.773
0.756
0.765
0.713
0.805
0.728
0.793
0.738
0.696
0.808
0.93
0.744
0.584
0.577
0.593
0.612
0.647
0.722
0.701
0.676
0.654
0.807
0.737
0.694
0.759
0.774
0.8
0.747
0.81
0.804
0.855
0.82
0.766
0.86
0.805
0.808
0.78
0.801
0.685
0.688
0.785
0.804
0.64
0.648
0.756
0.784
0.83
0.865
0.854
0.752
0.69
0.735
0.703
0.724
0.806
0.834
0.877
0.806
0.777
0.763
0.69
0.684
0.655
0.731
0.8
0.85
0.824
0.844
0.813
0.734
0.616
0.651
0.653
0.609
0.531
0.553
0.593
0.631
0.699
0.576
0.533
0.632
0.676
0.646
0.697
0.725
0.8
0.706
0.714
0.712
0.775
0.845
0.663
0.801
0.741
0.572
0.627
0.636
0.63
0.723
0.763
0.877
0.948
0.812
0.779
0.729
0.759
0.923
0.854
0.768
0.782
0.746
0.615
0.695
0.71
0.566
0.777
0.723
0.788
0.622
0.7
0.689
0.646
0.594
0.61
0.681
0.624
0.587
0.575
0.717
0.808
0.712
0.673
0.722
0.634
0.693
0.75
0.684
0.68
0.689
0.778
0.792
0.582
0.595
0.77
0.858
0.823
0.755
0.757
0.702
0.657
0.723
0.868
0.786
0.716
0.834
0.812
0.891
0.89
0.754
0.885
0.832
0.81
0.771
0.727
0.901
0.882
0.735
0.725
0.675
0.771
0.761
0.747
0.766
0.688
0.811
0.852
0.859
0.888
0.852
0.795
0.869
0.887
0.879
0.875
0.884
0.827
0.823
0.855
0.824
0.886
0.871
0.864
0.915
0.929
0.922
0.942
0.956
0.719
0.706
0.774
0.678
0.778
0.77
0.808
0.868
0.771
0.853
0.864
0.79
0.793
0.86
0.73
0.778
0.937
0.921
0.828
0.797
0.752
0.763
0.793
0.924
0.928
0.885
0.897
0.903
0.884
0.828
0.907
0.924
0.877
0.892
0.899
0.937
0.942
0.831
0.848
0.904
0.888
0.864
0.901
0.919
0.831
0.826
0.766
0.904
0.773
0.787
0.936
0.844
0.924
0.915
0.906
0.882
0.916
0.919
0.857
0.832
0.713
0.871
0.985
0.893
0.908
0.913
0.948
0.985
0.898
0.881
0.9
0.913
0.932
0.903
0.701
0.827
0.806
0.861
0.894
0.896
0.963
0.83
0.668
0.646
0.694
0.683
0.697
0.797
0.881
0.768
0.78
0.897
1.018
0.845
0.803
0.936
0.943
0.913
0.811
0.881
0.849
0.685
0.497
0.893
0.916
0.82
0.858
0.92
0.954
0.836
0.855
0.86
0.821
0.939
0.815
0.799
0.845
0.801
0.668
0.83
0.765
0.894
0.779
0.638
0.66
0.623
0.755
0.815
0.853
0.899
0.775
0.778
0.831
0.984
0.934
0.942
0.969
0.884
0.862
0.75
0.654
0.712
0.745
0.905
0.795
0.895
0.848
0.852
0.732
0.651
0.78
0.746
0.707
0.678
0.789
0.671
0.671
0.671
0.751
0.86
0.864
0.824
0.693
0.72
0.749
0.828
0.835
0.876
0.887
0.9
0.852
0.84
0.852
0.874
0.822
0.768
0.774
0.874
0.79
0.686
0.667
0.695
0.772
0.712
0.734
0.668
0.759
0.842
0.763
0.695
0.772
0.779
0.77
0.74
0.734
0.788
0.769
0.834
0.86
0.84
0.797
0.735
0.747
0.814
0.802
0.758
0.709
0.776
0.787
0.763
0.716
0.798
0.831
0.877
0.862
0.848
0.848
0.843
0.869
0.802
0.774
0.678
0.645
0.688
0.792
0.809
0.744
0.692
0.727
0.774
0.744
0.78
0.707
0.665
0.811
0.82
0.8
0.821
0.803
0.654
0.658
0.716
0.749
0.666
0.619
0.715
0.831
0.859
0.915
0.889
0.853
0.797
0.733
0.76
0.812
0.832
0.791
0.649
0.72
0.742
0.832
0.885
0.902
0.841
0.898
0.849
0.846
0.871
0.797
0.738
0.811
0.882
0.9
0.759
0.772
0.766
0.755
0.798
0.786
0.704
0.631
0.58
0.706
0.702
0.928
0.81
0.726
0.785
0.722
0.753
0.945
0.95
0.855
0.697
0.678
0.801
0.796
0.834
0.909
0.745
0.641
0.691
0.689
0.827
0.731
0.774
0.818
0.682
0.653
0.817
0.784
0.847
0.77
0.75
0.718
0.753
0.936
0.884
0.843
0.652
0.593
0.666
0.875
0.857
0.896
0.894
0.863
0.849
0.833
0.946
0.948
0.965
0.872
0.845
0.858
0.823
0.814
0.969
0.929
0.882
0.791
0.799
0.715
0.701
0.708
0.779
0.911
0.982
0.776
0.787
0.855
0.883
0.926
0.967
0.942
0.86
0.758
0.846
0.858
0.865
0.86
0.828
0.933
0.945
0.916
0.729
0.667
0.711
0.879
0.883
0.898
0.786
0.768
0.886
0.873
0.979
0.835
0.774
0.624
0.779
0.976
0.683
0.72
0.677
0.856
0.902
0.966
0.851
0.858
0.931
0.949
0.873
0.813
0.827
0.871
0.944
0.833
0.727
0.91
0.931
0.898
0.897
0.846
0.802
0.82
0.857
0.797
0.876
0.886
0.911
0.898
0.919
0.801
0.721
0.842
0.845
0.887
0.93
0.958
0.825
0.751
0.797
0.786
0.933
0.892
0.883
0.898
0.841
0.772
0.711
0.818
0.96
0.767
0.652
0.679
0.655
0.858
0.632
0.719
0.846
0.809
0.71
0.781
0.734
0.694
0.693
0.734
0.889
0.935
0.833
0.631
0.824
0.843
0.836
0.914
0.835
0.892
0.825
0.848
0.776
0.742
0.618
0.612
0.788
0.767
0.735
0.66
0.585
0.725
0.878
0.824
0.758
0.724
0.635
0.592
0.862
0.832
0.704
0.701
0.697
0.914
0.689
0.656
0.749
0.755
0.865
0.855
0.694
0.78
0.967
0.915
0.906
0.87
0.698
0.738
0.519
0.505
0.706
0.834
0.612
0.641
0.786
0.77
0.737
0.496
0.52
0.815
0.819
0.766
0.761
0.792
0.802
0.67
0.791
0.658
0.756
0.869
0.729
0.704
0.741
0.766
0.686
0.628
0.586
0.548
0.563
0.716
0.858
0.697
0.72
0.795
0.688
0.764
0.718
0.703
0.62
0.658
0.789
0.756
0.623
0.688
0.636
0.615
0.626
0.635
0.641
0.698
0.772
0.694
0.66
0.682
0.689
0.67
0.817
0.742
0.658
0.676
0.702
0.717
0.79
0.769
0.713
0.612
0.772
0.847
0.886
0.774
0.66
0.719
0.804
0.684
0.736
0.821
0.839
0.744
0.67
0.594
0.78
0.616
0.589
0.764
0.82
0.669
0.64
0.727
0.821
0.795
0.876
0.708
0.669
0.768
0.726
0.731
0.769
0.639
0.58
0.627
0.623
0.647
0.617
0.664
0.687
0.678
0.783
0.818
0.759
0.7
0.624
0.805
0.906
0.919
0.891
0.874
0.781
0.754
0.789
0.648
0.588
0.613
0.655
0.694
0.754
0.657
0.619
0.646
0.827
0.611
0.617
0.624
0.82
0.736
0.622
0.697
0.875
0.849
0.823
0.644
0.684
0.767
0.897
0.902
0.749
0.849
0.812
0.719
0.672
0.678
0.735
0.633
0.7
0.674
0.882
0.838
0.739
0.691
0.789
0.683
0.854
0.78
0.704
0.775
0.709
0.613
0.894
0.886
0.868
0.881
0.942
0.921
0.819
0.744
0.801
0.774
0.76
0.731
0.746
0.782
0.783
0.762
0.783
0.814
0.667
0.639
0.757
0.765
0.805
0.8
0.775
0.685
0.714
0.688
0.83
0.73
0.684
0.739
0.68
0.692
0.733
0.738
0.838
0.913
0.907
0.98
0.839
0.764
0.861
0.969
0.916
0.926
0.736
0.716
0.712
0.757
0.79
0.895
0.88
0.898
0.825
0.83
0.87
0.799
0.779
0.841
0.912
0.897
0.881
0.893
0.884
0.879
0.856
0.862
0.802
0.866
0.868
0.91
0.917
0.87
0.873
0.877
0.897
0.941
0.888
0.968
0.859
0.704
0.753
0.797
0.642
0.77
0.771
0.589
0.674
0.729
0.754
0.677
0.814
0.743
0.941
0.963
0.961
0.868
0.675
0.771
0.766
0.803
0.898
0.861
0.88
0.922
0.902
0.873
0.912
0.849
0.859
0.852
0.883
0.581
0.662
0.663
0.86
0.643
0.72
0.909
0.922
0.865
0.862
0.941
0.98
0.952
0.908
0.861
0.752
0.729
0.818
0.921
0.898
0.842
0.774
0.728
0.832
0.942
0.795
0.653
0.736
0.897
0.752
0.875
0.835
0.719
0.688
0.782
0.791
0.806
0.915
0.905
0.872
0.79
0.644
0.462
0.551
0.746
0.587
0.595
0.489
0.667
0.677
0.744
0.683
0.779
0.92
0.963
0.935
0.89
0.795
0.771
0.8
0.877
0.914
0.803
0.711
0.631
0.736
0.441
0.852
0.8
0.673
0.408
0.672
0.852
0.743
0.632
0.543
0.485
0.668
0.745
0.761
0.782
0.825
0.645
0.594
0.882
0.739
0.604
0.581
0.628
0.551
0.799
0.891
0.864
0.72
0.677
0.644
0.831
0.814
0.686
0.624
0.711
0.782
0.797
0.64
0.608
0.811
0.834
0.812
0.669
0.794
0.91
0.891
0.819
0.853
0.914
0.848
0.726
0.859
0.816
0.699
0.714
0.704
0.738
0.808
0.763
0.694
0.623
0.684
0.66
0.741
0.749
0.803
0.855
0.801
0.804
0.875
0.914
0.831
0.716
0.838
0.802
0.879
0.797
0.771
0.861
0.815
0.827
0.85
0.903
0.783
0.769
0.745
0.744
0.839
0.848
0.776
0.802
0.834
0.824
0.773
0.679
0.776
0.781
0.74
0.678
0.74
0.843
0.793
0.828
0.697
0.654
0.729
0.845
0.807
0.834
0.722
0.811
0.776
0.697
0.668
0.618
0.653
0.753
0.784
0.74
0.63
0.675
0.71
0.716
0.747
0.617
0.563
0.653
0.766
0.899
0.736
0.698
0.812
0.749
0.718
0.602
0.698
0.63
0.547
0.689
0.742
0.618
0.545
0.618
0.75
0.654
0.554
0.738
0.674
0.673
0.693
0.694
0.783
0.708
0.84
0.73
0.757
0.777
0.787
0.78
0.773
0.849
0.703
0.678
0.668
0.8
0.757
0.849
0.856
0.715
0.646
0.691
0.8
0.794
0.773
0.779
0.8
0.785
0.779
0.751
0.786
0.677
0.67
0.686
0.655
0.67
0.701
0.682
0.702
0.71
0.738
0.748
0.934
0.863
0.854
0.768
0.65
0.685
0.759
0.855
0.644
0.639
0.724
0.717
0.729
0.686
0.639
0.648
0.803
0.957
0.814
0.675
0.656
0.678
0.934
0.778
0.642
0.666
0.732
0.809
0.643
0.635
0.745
0.817
0.873
0.884
0.889
0.911
0.716
0.719
0.765
0.899
0.83
0.834
0.81
0.861
0.885
0.91
0.819
0.91
0.904
0.875
0.946
0.995
1.001
0.892
0.7
0.706
0.859
0.873
0.82
0.863
0.796
0.746
0.854
0.92
0.832
0.792
0.906
1.012
0.927
0.871
0.91
0.944
0.996
0.95
0.898
0.955
0.823
0.755
0.901
0.851
0.881
0.919
0.848
0.8
0.827
0.809
0.868
0.817
0.9
0.801
0.857
0.78
0.813
0.892
0.923
0.888
0.888
0.905
0.862
0.835
0.865
0.867
0.761
0.712
0.846
0.913
0.873
0.839
0.849
0.835
0.891
0.898
0.887
0.896
0.827
0.851
0.873
0.828
0.772
0.785
0.658
0.776
0.874
0.776
0.827
0.788
0.849
0.888
0.861
0.893
0.901
0.925
0.932
0.835
0.835
0.915
0.774
0.858
0.901
0.961
0.915
0.85
0.837
0.772
0.53
0.675
0.61
0.69
0.888
0.924
0.831
0.559
0.681
0.789
0.854
0.997
0.812
0.547
0.757
0.865
0.72
0.685
0.807
0.483
0.629
0.767
0.906
0.553
0.611
0.534
0.79
0.718
0.422
0.667
0.781
0.59
0.776
0.779
0.785
0.88
0.851
0.928
0.875
0.895
0.863
0.812
0.714
0.85
0.815
0.774
0.677
0.692
0.51
0.63
0.659
0.78
0.876
0.827
0.707
0.594
0.542
0.48
0.672
0.651
0.695
0.604
0.49
0.534
0.65
0.78
0.884
0.822
0.654
0.678
0.635
0.861
0.856
0.809
0.698
0.695
0.754
0.857
0.753
0.781
0.736
0.789
0.712
0.749
0.627
0.66
0.685
0.773
0.853
0.817
0.748
0.762
0.74
0.777
0.807
0.848
0.764
0.792
0.797
0.815
0.801
0.776
0.691
0.616
0.709
0.849
0.867
0.78
0.775
0.793
0.733
0.82
0.72
0.685
0.694
0.593
0.611
0.829
0.862
0.821
0.786
0.666
0.743
0.605
0.592
0.775
0.767
0.687
0.737
0.636
0.57
0.728
0.801
0.674
0.602
0.813
0.747
0.698
0.757
0.802
0.878
0.86
0.76
0.653
0.595
0.659
0.845
0.877
0.752
0.636
0.627
0.745
0.888
0.862
0.742
0.604
0.69
0.72
0.697
0.753
0.815
0.853
0.735
0.695
0.599
0.564
0.698
0.606
0.649
0.702
0.721
0.819
0.744
0.774
0.625
0.661
0.79
0.605
0.63
0.722
0.662
0.727
0.741
0.667
0.726
0.696
0.816
0.814
0.747
0.619
0.686
0.828
0.687
0.745
0.82
0.713
0.667
0.787
0.746
0.642
0.723
0.668
0.687
0.781
0.851
0.887
0.872
0.835
0.846
0.702
0.735
0.865
0.819
0.782
0.688
0.774
0.742
0.653
0.817
0.702
0.742
0.748
0.853
0.721
0.608
0.723
0.863
0.794
0.846
0.727
0.763
0.725
0.769
0.828
0.734
0.73
0.654
0.647
0.859
0.876
0.829
0.807
0.72
0.879
0.866
0.978
0.763
0.738
0.815
0.716
0.706
0.941
0.884
0.701
0.856
0.743
0.846
0.924
0.851
0.678
0.868
0.882
0.752
0.871
0.905
0.912
0.866
0.917
0.867
0.773
0.836
0.799
0.761
0.806
0.934
0.97
0.905
0.879
0.921
0.93
0.669
0.623
0.638
0.626
0.673
0.835
0.969
0.775
0.796
0.813
0.856
0.849
0.812
0.799
0.909
0.896
0.905
0.917
0.891
0.875
0.945
0.952
0.935
0.938
0.902
0.927
0.951
0.942
0.876
0.892
0.901
0.835
0.85
0.798
0.914
0.915
0.896
0.915
0.788
0.886
0.887
0.903
0.948
0.914
0.951
0.89
0.764
0.852
0.808
0.862
0.885
0.79
0.843
0.727
0.86
0.894
0.787
0.868
0.845
0.843
0.745
0.664
0.875
0.85
0.855
0.92
0.723
0.756
0.921
0.943
0.923
0.876
0.908
0.823
0.846
0.921
0.858
0.767
0.859
0.732
0.713
0.836
0.744
0.686
0.701
0.767
0.897
0.873
0.81
0.59
0.678
0.804
0.722
0.72
0.626
0.941
0.785
0.698
0.57
0.967
0.955
0.882
0.915
0.726
0.526
0.606
0.623
0.439
0.78
0.776
0.472
0.763
0.964
0.763
0.761
0.702
0.631
0.772
0.847
0.856
0.769
0.594
0.778
0.754
0.511
0.451
0.525
0.738
0.906
0.719
0.561
0.553
0.597
0.604
0.82
0.764
0.723
0.777
0.755
0.768
0.697
0.749
0.793
0.672
0.702
0.525
0.423
0.685
0.765
0.763
0.733
0.735
0.701
0.944
0.852
0.81
0.851
0.772
0.665
0.856
0.753
0.792
0.754
0.73
0.721
0.706
0.841
0.777
0.745
0.837
0.786
0.851
0.9
0.808
0.796
0.737
0.908
0.782
0.721
0.85
0.903
0.884
0.802
0.795
0.81
0.813
0.768
0.766
0.738
0.779
0.823
0.873
0.899
0.869
0.768
0.783
0.843
0.843
0.845
0.736
0.81
0.829
0.849
0.825
0.829
0.735
0.673
0.738
0.792
0.836
0.781
0.77
0.775
0.813
0.793
0.752
0.794
0.851
0.763
0.765
0.694
0.72
0.759
0.805
0.816
0.808
0.758
0.767
0.874
0.839
0.737
0.812
0.846
0.823
0.809
0.725
0.626
0.713
0.787
0.748
0.828
0.776
0.754
0.767
0.851
0.771
0.77
0.814
0.806
0.771
0.8
0.775
0.705
0.76
0.819
0.679
0.708
0.79
0.721
0.682
0.672
0.662
0.682
0.743
0.815
0.74
0.651
0.733
0.77
0.795
0.803
0.786
0.718
0.856
0.912
0.836
0.748
0.773
0.842
0.874
0.821
0.862
0.763
0.706
0.842
0.747
0.737
0.758
0.816
0.759
0.687
0.723
0.708
0.694
0.587
0.606
0.59
0.707
0.808
0.843
0.784
0.678
0.705
0.949
0.8
0.808
0.73
0.869
0.707
0.594
0.564
0.707
0.823
0.716
0.626
0.674
0.878
0.832
0.852
0.734
0.7
0.757
0.716
0.674
0.753
0.881
0.604
0.61
0.811
0.65
0.851
0.774
0.746
0.899
0.907
0.82
0.843
0.888
0.9
0.807
0.804
0.821
0.738
0.837
0.856
0.879
0.931
0.826
0.796
0.889
0.748
0.893
0.841
0.872
0.743
0.659
0.66
0.798
0.916
0.935
0.896
0.598
0.9
0.969
0.894
0.931
0.894
0.837
0.788
0.774
0.836
0.669
0.649
0.631
0.641
0.743
0.961
0.957
0.8
0.84
0.853
0.924
0.936
0.923
0.756
0.722
0.706
0.69
0.821
0.824
0.772
0.826
0.842
0.92
0.831
0.822
0.838
0.761
0.856
0.95
0.829
0.989
0.877
0.709
0.768
0.706
0.863
0.91
0.761
0.674
0.686
0.72
0.635
0.881
0.938
0.871
0.763
0.791
0.823
0.825
0.869
0.89
0.959
0.912
0.741
0.816
0.884
0.89
0.918
0.783
0.661
0.85
0.822
0.869
0.809
0.692
0.707
0.955
0.908
0.703
0.786
0.964
0.944
0.888
0.761
0.675
0.799
0.653
0.707
0.848
0.84
0.941
0.91
0.809
0.819
0.926
0.792
0.635
0.971
0.945
0.792
0.662
0.88
0.627
0.684
0.93
0.75
0.771
0.634
0.953
0.725
0.744
0.844
0.859
0.588
0.497
0.481
0.547
0.761
0.639
0.777
0.852
0.626
0.707
0.791
0.897
0.885
0.917
0.874
0.932
0.961
0.827
0.669
0.846
0.717
0.551
0.691
0.775
0.885
0.919
0.82
0.834
0.859
0.726
0.709
0.836
0.797
0.615
0.647
0.855
0.642
0.634
0.477
0.496
0.662
0.713
0.606
0.64
0.652
0.634
0.766
0.711
0.653
0.701
0.871
0.732
0.73
0.662
0.661
0.552
0.72
0.713
0.667
0.733
0.78
0.75
0.852
0.558
0.445
0.77
0.837
0.717
0.854
0.786
0.621
0.653
0.827
0.788
0.678
0.617
0.702
0.673
0.661
0.761
0.814
0.723
0.782
0.723
0.769
0.751
0.736
0.746
0.789
0.806
0.79
0.791
0.778
0.851
0.788
0.76
0.655
0.786
0.778
0.698
0.799
0.815
0.724
0.778
0.802
0.808
0.796
0.82
0.791
0.754
0.771
0.677
0.702
0.629
0.677
0.714
0.617
0.75
0.774
0.796
0.858
0.829
0.834
0.852
0.818
0.768
0.803
0.801
0.716
0.652
0.69
0.89
0.82
0.743
0.786
0.799
0.681
0.713
0.775
0.713
0.697
0.724
0.651
0.685
0.692
0.829
0.831
0.84
0.737
0.641
0.7
0.826
0.692
0.707
0.84
0.825
0.767
0.702
0.677
0.635
0.706
0.762
0.645
0.696
0.63
0.736
0.818
0.91
0.842
0.7
0.774
0.793
0.739
0.707
0.661
0.68
0.682
0.671
0.64
0.73
0.782
0.635
0.731
0.846
0.864
0.858
0.785
0.837
0.88
0.742
0.768
0.781
0.707
0.723
0.893
0.817
0.796
0.84
0.772
0.718
0.688
0.786
0.775
0.769
0.825
0.672
0.749
0.818
0.745
0.784
0.717
0.743
0.761
0.73
0.784
0.762
0.737
0.813
0.769
0.784
0.737
0.674
0.872
0.858
0.825
0.782
0.742
0.872
0.771
0.806
0.806
0.79
0.756
0.851
0.845
0.825
0.729
0.794
0.724
0.782
0.87
0.881
0.905
0.894
0.838
0.877
0.887
0.825
0.854
0.842
0.869
0.903
0.9
0.935
0.983
0.93
0.799
0.863
0.815
0.733
0.829
0.907
0.968
0.884
0.742
0.721
0.62
0.671
0.757
0.845
0.932
0.996
0.82
0.79
0.805
0.806
0.97
0.962
0.908
0.915
0.866
0.847
1.009
0.954
0.901
0.915
0.862
0.787
0.788
0.659
0.824
0.911
0.738
0.71
0.677
0.659
0.863
0.972
0.952
0.701
0.698
0.834
0.917
0.735
0.757
0.829
0.676
0.692
0.78
0.776
0.762
0.75
0.799
0.849
0.809
0.823
0.608
0.679
0.71
0.992
0.75
0.611
0.538
0.703
0.835
0.96
0.727
0.735
0.613
0.543
0.515
0.622
0.799
0.692
0.657
0.702
0.947
0.878
0.764
0.868
0.66
0.59
0.874
0.891
0.99
0.887
0.863
0.835
0.924
0.975
0.839
0.584
0.63
0.945
0.906
0.967
0.813
0.705
0.472
0.676
0.672
0.775
0.69
0.871
0.541
0.742
0.624
0.519
0.706
0.786
0.875
0.795
0.593
0.641
0.915
0.789
0.73
0.797
0.931
0.886
0.767
0.838
0.792
0.825
0.969
0.835
0.741
0.68
0.684
0.846
0.868
0.887
0.725
0.744
0.745
0.554
0.676
0.856
0.766
0.898
0.845
0.797
0.633
0.857
0.947
0.839
0.819
0.821
0.758
0.804
0.792
0.779
0.672
0.678
0.724
0.768
0.794
0.807
0.702
0.702
0.825
0.753
0.674
0.712
0.735
0.731
0.671
0.605
0.799
0.782
0.769
0.74
0.711
0.869
0.819
0.695
0.645
0.677
0.698
0.819
0.79
0.82
0.778
0.768
0.8
0.812
0.811
0.839
0.82
0.685
0.787
0.801
0.911
0.861
0.849
0.812
0.777
0.81
0.816
0.823
0.758
0.819
0.737
0.807
0.794
0.768
0.746
0.781
0.823
0.703
0.727
0.681
0.725
0.753
0.775
0.775
0.775
0.731
0.753
0.688
0.758
0.722
0.793
0.837
0.792
0.733
0.802
0.815
0.849
0.87
0.841
0.776
0.755
0.818
0.745
0.624
0.606
0.616
0.658
0.831
0.781
0.809
0.811
0.703
0.729
0.799
0.778
0.835
0.719
0.739
0.728
0.691
0.643
0.741
0.792
0.851
0.883
0.802
0.732
0.718
0.711
0.781
0.752
0.704
0.683
0.591
0.605
0.677
0.624
0.674
0.699
0.613
0.684
0.569
0.625
0.591
0.798
0.859
0.852
0.856
0.815
0.887
0.872
0.886
0.886
0.806
0.76
0.827
0.711
0.604
0.677
0.716
0.661
0.642
0.714
0.791
0.848
0.812
0.686
0.693
0.882
0.851
0.794
0.7
0.657
0.89
0.858
0.791
0.929
0.909
0.737
0.728
0.716
0.708
0.604
0.633
0.789
0.753
0.792
0.887
0.767
0.904
0.89
0.722
0.737
0.764
0.701
0.748
0.817
0.768
0.849
0.802
0.785
0.806
0.862
0.824
0.855
0.773
0.835
0.632
0.679
0.658
0.648
0.788
0.719
0.788
0.708
0.829
0.826
0.84
0.864
0.927
0.921
0.826
0.764
0.89
0.908
0.828
0.833
0.764
0.738
0.648
0.763
0.82
0.817
0.839
0.853
0.861
0.83
0.744
0.735
0.735
0.889
0.951
0.942
1.012
1.024
0.743
0.593
0.825
0.835
0.814
0.873
0.894
0.907
0.943
0.942
0.971
0.843
0.755
0.736
0.839
0.908
0.91
0.651
0.672
0.838
0.586
0.608
0.766
0.832
0.813
0.848
0.752
0.881
0.932
0.936
0.873
0.895
0.896
0.983
0.95
0.801
0.855
0.968
0.924
0.974
0.909
0.945
0.964
0.944
0.747
0.623
0.708
0.961
0.832
0.738
0.752
0.729
0.842
0.885
0.685
0.716
0.591
0.616
0.683
0.739
0.693
0.754
0.644
0.689
0.683
0.664
0.762
0.773
0.718
0.709
0.692
0.691
0.707
0.89
0.947
0.924
0.891
0.817
0.816
0.629
0.914
0.91
0.668
0.798
0.601
0.585
0.585
0.714
0.743
0.825
0.698
0.856
0.954
0.904
0.791
0.758
0.831
0.697
0.495
0.622
0.729
0.776
0.911
0.774
0.558
0.837
0.668
0.575
0.544
0.661
0.768
0.859
0.655
0.635
0.746
0.565
0.54
0.794
0.822
0.925
0.932
0.887
0.782
0.795
0.733
0.894
0.849
0.811
0.831
0.842
0.796
0.656
0.528
0.569
0.703
0.624
0.621
0.812
0.844
0.73
0.893
0.865
0.792
0.819
0.743
0.696
0.681
0.784
0.937
0.914
0.821
0.802
0.681
0.563
0.593
0.681
0.689
0.836
0.863
0.839
0.896
0.923
0.908
0.864
0.817
0.862
0.828
0.677
0.711
0.689
0.805
0.733
0.8
0.673
0.768
0.615
0.701
0.733
0.774
0.727
0.645
0.701
0.686
0.719
0.736
0.803
0.668
0.632
0.758
0.803
0.833
0.886
0.813
0.771
0.8
0.77
0.724
0.696
0.716
0.822
0.845
0.785
0.772
0.743
0.738
0.758
0.785
0.823
0.85
0.845
0.768
0.717
0.707
0.799
0.883
0.829
0.847
0.823
0.753
0.793
0.841
0.779
0.696
0.703
0.761
0.867
0.851
0.814
0.824
0.849
0.838
0.76
0.748
0.78
0.737
0.659
0.812
0.76
0.735
0.903
0.919
0.835
0.813
0.882
0.847
0.831
0.835
0.785
0.769
0.773
0.803
0.784
0.766
0.654
0.822
0.916
0.825
0.647
0.703
0.718
0.706
0.752
0.796
0.817
0.881
0.828
0.857
0.908
0.847
0.659
0.712
0.892
0.817
0.789
0.645
0.818
0.665
0.75
0.686
0.686
0.772
0.731
0.69
0.77
0.707
0.634
0.748
0.932
0.931
0.827
0.742
0.89
0.926
0.929
0.805
0.72
0.832
0.863
0.747
0.709
0.807
0.778
0.693
0.7
0.784
0.723
0.768
0.899
0.878
0.823
0.908
0.843
0.772
0.69
0.755
0.89
0.918
0.946
0.778
0.776
0.751
0.885
0.929
0.965
0.889
0.77
0.733
0.777
0.624
0.611
0.674
0.84
0.827
0.835
0.859
0.821
0.899
0.916
0.879
0.815
0.79
0.878
0.977
0.892
0.859
0.773
0.683
0.803
0.823
0.953
0.86
0.788
0.858
0.971
0.905
0.828
0.812
0.798
0.89
0.831
0.976
0.762
0.642
0.689
0.735
0.87
0.861
0.893
0.871
0.791
0.895
0.822
0.885
0.793
0.779
0.909
0.913
0.789
0.744
0.82
0.836
0.862
0.83
0.9
0.846
0.956
0.895
0.886
0.966
0.952
0.99
0.883
0.607
0.749
0.924
0.968
0.801
0.798
0.875
0.767
0.849
0.858
0.709
0.899
0.93
0.854
0.911
0.95
0.697
0.598
0.783
0.728
0.792
0.862
0.796
0.707
0.626
0.637
0.646
0.703
0.818
0.945
0.854
0.793
0.703
0.769
0.948
0.842
0.682
0.659
0.535
0.482
0.842
0.862
0.682
0.655
0.757
0.63
0.55
0.65
0.869
0.989
0.797
0.596
0.653
0.762
0.594
0.897
0.853
0.713
0.741
0.618
0.685
0.856
0.898
0.774
0.8
0.859
0.732
0.893
0.748
0.949
0.96
0.82
0.582
0.631
0.801
0.672
0.943
0.815
0.855
0.806
0.938
0.871
0.883
0.891
0.939
0.789
0.588
0.726
0.895
0.843
0.833
0.777
0.92
0.923
0.757
0.617
0.621
0.794
0.909
0.693
0.902
0.813
0.764
0.832
0.814
0.771
0.762
0.841
0.848
0.821
0.824
0.718
0.645
0.816
0.681
0.662
0.696
0.853
0.844
0.887
0.899
0.883
0.76
0.572
0.839
0.849
0.852
0.96
0.956
0.935
0.831
0.867
0.816
0.782
0.732
0.705
0.806
0.726
0.617
0.661
0.72
0.744
0.7
0.743
0.778
0.734
0.716
0.749
0.857
0.796
0.82
0.781
0.734
0.797
0.769
0.758
0.689
0.789
0.84
0.799
0.804
0.758
0.795
0.831
0.753
0.719
0.672
0.708
0.725
0.797
0.807
0.84
0.796
0.862
0.82
0.733
0.775
0.722
0.776
0.813
0.825
0.821
0.788
0.663
0.77
0.818
0.815
0.821
0.825
0.763
0.761
0.833
0.77
0.808
0.87
0.742
0.728
0.716
0.799
0.912
0.834
0.828
0.868
0.787
0.804
0.881
0.831
0.879
0.742
0.771
0.894
0.824
0.789
0.763
0.76
0.829
0.822
0.848
0.742
0.755
0.899
0.827
0.784
0.801
0.758
0.687
0.794
0.779
0.768
0.756
0.674
0.843
0.902
0.874
0.724
0.795
0.914
0.845
0.767
0.79
0.661
0.679
0.737
0.773
0.759
0.826
0.628
0.69
0.679
0.829
0.826
0.726
0.73
0.685
0.778
0.788
0.654
0.686
0.735
0.844
0.887
0.76
0.818
0.929
0.943
0.833
0.727
0.716
0.701
0.771
0.655
0.773
0.658
0.566
0.74
0.876
0.85
0.73
0.83
0.882
0.843
0.712
0.783
0.874
0.867
0.834
0.875
0.785
0.847
0.877
0.873
0.888
0.841
0.832
0.783
0.871
0.886
0.857
0.849
0.798
0.788
0.692
0.714
0.941
0.895
0.64
0.641
0.696
0.866
0.821
0.731
0.813
0.816
0.738
0.853
0.818
0.874
0.85
0.899
0.817
0.855
0.927
0.907
0.965
0.955
0.853
0.877
0.849
0.944
0.932
0.815
0.823
0.748
0.757
0.639
0.888
0.998
0.969
0.881
0.905
0.903
0.854
0.644
0.858
0.891
0.843
0.869
0.849
0.728
0.871
0.944
0.922
0.928
0.903
0.799
0.803
0.785
0.881
0.898
0.909
0.912
0.778
0.931
0.879
0.798
0.803
0.921
0.903
0.792
0.842
0.724
0.675
0.865
0.908
0.938
0.821
0.703
0.626
0.703
0.762
0.873
0.962
0.951
0.766
0.64
0.733
0.832
0.898
0.908
0.924
0.772
0.832
0.772
0.659
0.763
0.885
0.796
0.79
0.864
0.776
0.824
0.79
0.769
0.714
0.94
1.021
0.755
0.727
0.902
0.78
0.839
0.646
0.924
0.966
0.939
0.895
0.953
0.888
0.697
0.539
0.592
0.85
0.694
0.687
0.816
0.79
0.699
0.671
0.626
0.888
0.586
0.634
0.598
0.721
0.818
0.787
0.681
0.737
0.687
0.859
0.895
0.738
0.929
0.608
0.698
0.805
0.854
0.824
0.584
0.692
0.676
0.769
0.674
0.692
0.755
0.609
0.741
0.858
0.751
0.768
0.774
0.749
0.855
0.9
0.964
0.948
0.789
0.801
0.896
0.875
0.766
0.696
0.649
0.642
0.774
0.86
0.824
0.662
0.608
0.743
0.795
0.638
0.634
0.663
0.748
0.742
0.766
0.819
0.824
0.721
0.708
0.626
0.776
0.815
0.691
0.641
0.627
0.593
0.585
0.635
0.759
0.783
0.768
0.759
0.879
0.857
0.775
0.749
0.788
0.643
0.621
0.738
0.675
0.695
0.621
0.701
0.651
0.668
0.798
0.795
0.773
0.739
0.737
0.756
0.797
0.67
0.784
0.833
0.829
0.833
0.809
0.827
0.777
0.74
0.836
0.806
0.735
0.793
0.759
0.796
0.9
0.791
0.782
0.713
0.612
0.678
0.679
0.716
0.737
0.756
0.782
0.779
0.877
0.852
0.782
0.748
0.699
0.64
0.61
0.611
0.549
0.601
0.599
0.649
0.633
0.772
0.661
0.846
0.711
0.723
0.796
0.822
0.742
0.672
0.656
0.752
0.785
0.825
0.896
0.897
0.849
0.802
0.869
0.764
0.624
0.684
0.726
0.703
0.585
0.572
0.599
0.601
0.654
0.628
0.612
0.715
0.711
0.759
0.779
0.686
0.727
0.705
0.538
0.704
0.768
0.695
0.749
0.691
0.551
0.718
0.841
0.905
0.802
0.681
0.768
0.66
0.537
0.578
0.873
0.904
0.894
0.872
0.838
0.857
0.765
0.845
0.755
0.806
0.837
0.834
0.657
0.762
0.69
0.72
0.792
0.737
0.721
0.675
0.527
0.527
0.62
0.836
0.805
0.788
0.742
0.829
0.686
0.702
0.628
0.634
0.734
0.793
0.861
0.841
0.66
0.835
0.965
0.923
0.837
0.737
0.857
0.82
0.837
0.735
0.808
0.83
0.77
0.813
0.706
0.842
0.863
0.838
0.95
0.887
0.776
0.648
0.727
0.881
0.851
0.818
0.905
0.909
0.896
0.79
0.833
0.77
0.788
0.818
0.871
0.69
0.84
0.877
