1980 1 1
0.096
0.3365
0.2084
0.7445
1.3258
0.2796
0.4457
0
0
0
12.7938
0.1069
0
0.4621
0
0
0
0
0
0
0
0
0.4676
0.7054
1.7769
0
2e-04
0.0496
0
0.0525
0.0606
0
0
0
0
0
0.0524
0
0
0.2855
0
0.122
0
0.0012
0
5.1673
2.3244
0
0
0
0
0.5994
13.0165
0.0483
0.0104
0.559
2.0436
0.1554
0.6129
0.1235
0
0
0
0.0402
5.6544
0.041
1.9156
15.2804
0.1053
0.0467
0.1216
0
1.0381
1.1532
0
0.422
13.4545
0.5675
0
0.2493
30.524
0.089
0
9.974
0.4792
0
0.4851
3.3375
7.4065
1.5358
9.247
0.4203
0.0768
1.4966
7.4244
0.0111
0
1.685
6.753
5.5548
1.3779
0.4341
6.2402
0.3506
15.6245
0.9584
0.3188
0
0
0
0
0.0012
0
0
0.0236
0.365
0.3272
2.7824
3.7517
0
0
0
0
0
0
0
0
0
0.3254
0.0396
1.5403
4.6084
8.4537
7.5133
1.2018
0
0.4518
18.4157
11.3518
1.5695
7e-04
0
0.1295
0.1465
0.7231
0.0631
0
0
0
2.244
4.8106
5.8787
9.7461
11.1071
5.3023
0.4812
0.7761
12.6883
9.599
2.5458
0.8402
0.1381
0
0
0.4538
15.2126
8.2715
3.4402
0
0.1618
8.4579
1.5856
0
0
0.0464
4.7685
0
0
0
0.0201
0.3681
0.0678
1.6581
0
1.5124
12.1054
13.5452
0.7924
0
5.704
5.2831
0.7614
0.3142
2.0232
0.6618
0.0237
1.7374
2.1435
0.8767
0
0.1191
0.425
5.2045
23.5861
2.3614
0
0
0.2494
3.5035
12.573
5.1549
1.5514
1.4999
0.7856
19.6682
8.5954
0.6111
2.943
0.2524
0.0024
0.0028
1.1149
8.9898
10.6309
4.4336
0.0814
5.245
0.8975
1.6458
12.5003
5.0908
1.7882
27.4594
8.2646
2.0436
0
0
0
0
0
0.5107
2.8283
5.5418
10.8705
8.9714
1.8697
0.0238
6.5801
0.5122
0
0.0597
0.1357
3.7841
0.5974
0
2.0089
8.1842
1.722
0.0319
0.168
11.6831
0.0345
0
0.0013
0.2984
3.1569
6.8235
0
0.9649
2.1316
0
0
0
0
0
6.911
0.5545
0.2015
0.0503
0
0
0
0
0.0014
0.1291
0.1129
0
0.2671
0.9543
0.3053
2.7081
7.1056
0.1978
0.088
0
0
0
1.3086
8.4745
0.0016
0.0328
7.5562
0
0
0
0
0
0.0082
0.1527
0
0
0
1.0535
0.0235
0
0
0.029
1.1185
4.1583
0.1033
0
2.5982
0.9675
0
0
0.024
0
0.3472
2.5152
0.1028
0
7.8835
0.8645
0.9751
0.4754
0.0324
5.0411
0.2101
0
0.0137
1.2977
8.3543
6.9607
3.2752
0.159
0
0.5383
0
6e-04
0.212
0.1138
0
1.0591
0.5664
0
0
0
0
6.7484
0
0
0
0.0312
9.8291
0.4592
5.9199
1.4444
1.5636
1.4001
0.1493
0.6138
3.4761
2.8618
0
0
0.0285
0
0
0
0
0.0274
1.2327
0.0953
0
0
0
0
0
0
0.0012
0
0.1444
0.3071
0
0.0704
0
0
9.0955
1.1101
0.4526
0.2997
0.1308
0.9874
0.0048
0
0
10.8551
11.1578
0.0098
0
0
0
2.2149
0.358
0.0175
11.8386
5.3658
0.0822
0.3231
6.2714
0.2977
1e-04
0
0.0032
0.908
0.0012
0.2001
0
0.3453
0.5974
1e-04
1e-04
0
0.0233
0
0
0
0
0
0
1.8798
2e-04
0.2249
0.5432
0.5251
0.0228
0
0
0
0
5.2099
4.6402
0
0.0236
3.6043
0
0.2635
0
1.393
2.438
0.5855
0
0
0.1448
3.8499
1.6268
4.9016
10.8834
4.1672
23.7442
0
0.523
9.0073
2.6327
0.3239
1.1812
0.3058
0.4639
6.6187
0.7267
0.0325
0.1072
0.0111
15.4324
10.5153
0.1885
0
0
0
0.2145
1.9234
5.743
0
0
0.9275
15.6412
10.1814
0.1727
0
11.7672
6.0968
0.1804
0
0
0
0
0
0.0222
0
0.1436
0.1296
0.9442
9.8054
5.1447
0.1317
4.7476
0.0172
0
0.0176
6.6685
3.6192
2.1999
2.3449
0
8.6717
43.3952
5.831
0
5.8056
31.3619
5.8096
0.3178
1.3871
0.0484
0
0
0.4968
12.5078
28.3784
0
2.3412
21.6619
0.011
0
0
0.0526
0.3817
1.7336
1.0147
1.1228
1.9289
1.8001
0
0
0
1.9437
5.0744
0
0.1091
2.2028
0.726
0.3358
0.0118
0
0
5.9926
25.6858
2.4265
0.0618
0
0
0
12.6614
1.8193
13.573
0.3332
0
0
0.4204
0.3167
4.0559
1.6247
0.1911
0.4207
3.6697
1.7735
0.1063
1.1371
9.3912
0.0291
0.0406
0.5373
4.4622
0
0
0
0
0
0
0
0
0
0
0.013
1.6102
10.6024
16.6575
20.7439
6.7327
6.7386
26.6034
14.1972
11.569
2.3644
0.7886
0.1542
3.2846
0
0.1585
0
0
0.5624
4.5701
8.1982
9.9475
33.5305
11.3668
3.24
0.6753
1.6923
2.966
0
0
0.1668
1.1292
4.7531
0
1.543
9.0906
4.1749
0.2695
0
0
0.5572
13.102
0.0236
0
0
0
0
0
0
0
0.0964
0.001
0.299
11.0345
1.9025
0.0397
5.579
3.3482
4.092
0
0.0336
10.7535
16.051
1.1435
0
0
0
0
1e-04
0
0
3.0755
1.7651
0.0611
0
0
0
0
0
0
0
0.0044
0.0228
8e-04
0.3378
4.2866
18.0925
1.2736
0
0.1262
0.6165
0
0.747
1.6202
0
0
0
9.418
0.825
0
6.0686
0.7007
0
0
1.8516
0.1092
0
0
0
0
0
0.1992
0.3942
6.3744
0.2384
0.0436
0.2404
4.3564
5.7806
27.5353
0
0
0
6.2771
3.8802
0.8908
1.0425
1.403
0.6705
0
1.4646
8.1892
1.6365
0.8123
3.5796
0.3516
1.2926
0.3316
0.6744
0.6875
3.0322
0.4493
0.8326
1.9664
0.1506
0.0597
0.2714
0.1307
0.6319
1.042
12.4915
0.5137
0.2304
0.1068
0
3.7507
0
28.6731
10.2214
3.0503
2.8557
6.635
1.3311
1.1811
0.8214
0.4169
0
4.2712
0.0026
1.0221
0
0.2372
0.3127
0.1453
0.3165
1.7272
0.3658
3.2435
0.3828
0.2157
0.0061
0.1126
5.094
0
0
0
0
5.0201
2.6415
1.7175
17.9026
0.423
0.0334
0.6943
1.4108
1.7205
1.7292
4.1668
0.3742
6.1035
0.1199
5.0102
12.4888
0.5309
0
2.1872
4.6602
0.3527
0
0
3.8483
2.4835
1.7029
0.6586
0.0999
0
6.3677
11.575
0.026
0.0319
6.186
3.7668
1.496
13.7072
0.9072
0
2.0099
0.6483
0.337
0
0
0
2.3617
5.0119
5.3179
0.0521
0
2.0984
0.3267
0
0
0
0.2852
0.7491
0
0
0.1711
0
0.4648
0.0367
0
0
0.9809
3.4046
4.2854
3.4956
0
0
0
0
0.7882
0
0
0
0
0.7419
4.0537
3.347
7.9382
10.829
9.0306
0
0
6.5147
21.5389
15.9786
1.5563
2.2416
0.996
2.4568
0
0.1834
0.0238
1.3412
0.1938
0.0014
0.0061
2.4109
3.1148
0
0
0
0
9.6212
21.634
1.7555
0.1364
3.4
1.6803
5.0657
9.2911
0.4383
0
0.1868
0.4736
0.5638
22.4422
14.3241
0.3474
0
0
34.1473
0.1839
0.0015
0
2.0413
1.7118
1.5451
3.2873
1.8965
0.0216
0
0
0
0
1.1823
4.3069
8.2461
1.4586
0
5e-04
0
0
0
0.2131
0.2863
0.4813
0
0
0.384
0
1.8603
0.7887
4.0651
1.0635
0
0.5974
5.728
0.7758
0
0
0
0
0
0
0
0
0.0267
3.3637
11.9713
0.8313
0.048
0.1731
0.201
0.6397
0
0
0
0
0.0123
0.1384
0.4242
1.9321
0.107
0
0
5.4746
1.0739
0.0013
0
0
0
0
0.6521
5.9353
1.3846
0
2.1003
6.0036
0
0.058
0.2412
7.9861
5.4501
0.7677
2.4033
1.5476
27.49
0.392
0
0
0
0
0
0
0.8214
0.6469
6.1337
1.2854
0.4793
0.0092
1e-04
0
0
0.209
0.5903
0.413
0
0
0.0653
3.3911
0.0234
0
0
0
0
0
0
0
1.5939
0
30.4313
16.4515
27.4677
7.7465
0.3078
0
0
0.1168
0.0144
2.474
1.1073
10.7528
5.9857
0.4249
0
0
0.0266
0
0
4.1037
19.3654
11.8889
1.9896
12.819
3.9508
0
6.6717
0.1467
15.6974
0.9633
0
0.1413
0.2947
1.2082
2.3387
3.895
0.6185
0.1622
0.3938
0.3601
0.3862
0.8071
0
0
1.5609
8.8509
13.2844
0
0
8.5028
1.4347
0.285
0.3422
6.1137
3.4169
11.267
1.4923
10.1474
2.8835
0.0022
0
0
0
0
0
0
0
0
0.0908
0
0
1.9593
0.5446
0.0618
0.2457
0.1972
0.3063
0.0696
0
0
0
0
1.9404
6.5771
2.2766
0.026
0
0
0
0
0.808
4.0157
0
0.1086
6.4401
0.8455
0.6884
0.6739
0.4656
2.9472
0
0
0
0.014
0.0103
0
0
0
0
0.0758
0
0.1748
0
0
0.0982
0.1778
0
0.256
0.1004
0
0
0
0
0
0.0616
0
3.7297
2.2
3.8145
0.3961
2.4308
2.7299
0.0764
0
0
0
0.1493
0.0356
2.6718
7.998
2.1386
8.2551
0.011
0.0844
0
1.17
0
5.2961
1.6557
0
0
0
0.4745
7.5532
3.5036
0.4761
0.6981
3.9528
5.0651
6.7403
7.5232
3.191
0.4058
0.1906
12.2777
14.2826
2.8246
0.1851
2.0628
0.2007
0.0458
0.0127
0
0
0
0
0
0
0
12.6881
1.6854
16.8345
7.8099
17.9518
8.3045
2.346
0.8353
1.0299
1.5904
11.2743
0.2958
0
0
0
0.5268
8.211
5.203
0.3629
0
0
6.1563
0.1127
3.0716
13.3575
0.2893
0.2137
6.454
0.6129
0
0.6786
7.6263
0.5834
0.3984
0.1095
1.2267
1.7631
3.1688
1.4665
16.6519
0
0
0
1.7511
7e-04
0
0
1.2449
1.0006
1.5332
0
0.0524
3.7526
0.2484
0
0
0
0
0
0
25.1083
31.4004
4.5982
8.5746
4.0296
4.0705
6.0701
9.983
1.6634
0
0
0
0
0
0
0
0
0
0
3.5143
7.8106
3.3297
5.1309
5.1095
0.5979
4.3237
2.3317
2.2788
0
0
0
0.8881
7.5052
7.5888
16.5986
1.4702
0.6414
0
1.0036
0.7403
0
0
0
3.9645
0.0495
19.6492
0.4558
0
0
0
0
0.0763
0
0
0.8757
0.153
1.047
0
0
1.3972
0.6013
2.5021
3.192
2.4878
5.0789
3.6317
1e-04
0.4855
0
6.5517
3.1672
8.0765
14.7512
0
0
0.0019
0.0519
0.0548
0
0
0.1443
7.7644
0.7267
0.0445
0.667
8.3496
18.5291
0.0363
0.0271
0.3767
0.1369
0.0378
0
0
0
0
0
0
5.649
13.1751
13.0466
0.144
0
5.7037
1.1489
0.2034
0.0536
4.2135
37.3731
1.155
0
0
0.1136
1.843
0.1907
1.4586
2.1839
15.367
4.6225
0.4614
1.0715
0.8269
0.6895
0
0
0
0.1726
9.4452
7.5794
6.3902
0
0
0.0292
0
0
0
7.3266
34.1281
0.1119
0
0.6164
10.2324
11.2067
0.2741
0
11.058
1.8714
0.6635
0
11.8435
0.0343
0
0.1172
2.8454
22.7376
0.1019
0.0187
0.4376
0.9529
0.6384
17.7981
0.9589
30.542
0.7825
2.0895
1.5381
0.3121
4.3759
7.7659
0.0066
0.9295
0.3802
0
0.0251
0.025
0.5372
3.2281
3.0655
11.3158
0.0068
0.3974
1e-04
0
0.6146
8.2705
0.4109
1.3842
0.1191
0
0
0
0.1533
0
0.0776
0
1.7946
1.1827
2.3221
0
0
0.1297
1.0056
2e-04
1e-04
0.0418
0.5801
0.0335
0
0
0
0.3009
5.5071
0
0
0
0
2.1506
5.4589
0.2664
0.2113
0.2631
4.8953
0.1293
0.9419
0.053
0.0284
0
0
1.7919
2.1956
1.0328
7.6331
8.451
0
0.0315
1.7609
0.4787
1.1209
0.0193
0
0
0
0.1664
4.8923
1.8104
2.9076
9.0175
1.2611
0
0
9e-04
0.0307
6.0997
0.1612
1.2709
1.4765
0.2809
0.0339
0.0447
0
7.1307
0.0101
1.0516
10.7702
0.0089
0.701
0.2852
15.2542
20.5067
2.4563
0.0332
0.0024
0.0571
0.8162
3.1656
1.4742
1.3018
2e-04
0
0
2.1689
1.3016
2.5514
4.9069
0.4825
0
0
0.0296
0
0
0.5134
5.9834
3.0004
4.9108
3.2413
6.767
4.0142
0.1145
4e-04
4.7011
25.6847
6.8354
4.9829
0.5479
0
10.4898
0.0503
0.151
1.8543
0.218
1.8618
2.3759
2.8463
0.0797
0.0728
3.4304
4.6167
0.0491
1.5179
0.9977
5.5185
5.3544
0.5545
0
0
0
4.9009
5.5284
34.8363
6.786
5.1932
17.9684
0
3.422
6.1738
0.1118
14.6224
1.9804
1.0932
0
0
0.3095
6.4678
0
1.7686
2.0794
0.0058
0
0
0
0
0
5.797
16.442
0
0.0033
4.5038
2.8857
3.0312
0.0137
4e-04
1.1245
1.5134
0.0521
0
0.0617
1.2687
0.957
0.0146
0.0615
2.3234
0
0.8327
6.1779
17.3664
6.1327
0.6717
0
6.9005
0.8246
0.1853
0.3036
0.7627
0
0.0998
0.0242
1.3448
2.7454
0
0
0
0.0058
0
4.3978
1.5153
7.577
10.0193
0.2502
0.165
0
0.0488
1.9868
7.471
10.8366
3.9057
0.9344
0.0447
7.406
5.7033
7.089
1.026
0.3523
0.1275
0.0664
0
0
0
0
2.0777
4.3558
0
0
0.6318
0.1542
0
0
0
0.0225
1.5812
1.1334
14.5652
0.4747
0.2879
0.7334
9.351
0.5694
0.8031
0
1.7951
0.1945
2.659
4.9846
5.0859
1.2525
1.7746
4.7878
1.6953
0
0
0
0
0
0
0.194
5.3446
2.6069
6.4208
6.0675
0.0424
0.8044
0.5146
0.1836
6.2498
0.1547
0
0
0
0
8.5246
4.9355
0.9146
0.001
0
0
0.0206
2.189
0.5376
1.9713
0.0559
8e-04
0.5632
0.2892
6.0791
0.5301
0.0471
0.01
0.4461
0.0798
0
1.1109
0.39
0
0.3768
6.5215
3.3711
0
11.9077
1.2599
0.3997
0
0
5.4097
3.0583
12.5461
0.2184
0
0
5.3965
0.0057
0
1e-04
0.1995
0
0
0
0
0
0
0
0.1069
9.9035
0
0.1253
2.9124
0
3.7889
0
0.051
4.0906
0.3857
0
0.2003
2.4506
0.0064
2.1887
3.657
7.7932
0
0
0
0.159
2.7438
0
6.6706
3.6901
0.1092
0.8136
0.3787
3.4544
5.2028
2.3325
7.0364
9.1591
3.1456
18.5223
0.0198
0
0
0
0.0541
0.1035
2e-04
0
2.3433
1.7201
0
0
0.6327
0.279
0
6.4337
1.3168
0.0831
0.0672
0.4154
1.0233
0.3831
0.2341
2.3474
0.2203
0.3369
0.1231
0
0
0.8047
0
0.5926
0.1893
0
2.2195
1.3183
0
0
0
2.0709
11.7285
9.8345
5.3511
1.4351
0
0
0
0
0
0
0.3491
4.1675
15.0293
1.6151
0.0604
5.0483
2.5056
0
0.1121
0.1586
0
19.4779
3.4145
0.1233
0.0583
0.3309
0
0
5.65
4.3346
0.0694
0.0268
0
0.0318
0
0
0.0219
0.0082
0
0.8669
5.6381
3.8155
1.2585
0.2382
5.0781
14.9615
16.0447
15.8963
16.2272
0.6034
0.7032
5.6421
0.8509
6.6371
8.2952
2.4339
2.3716
0.7628
0
0.1291
0
0.0094
0.0407
0.0964
0.2171
0.1541
0.4908
0
0
0
0
0
0.2651
0.0732
0
0.0085
0.023
0
0
2.9328
3.2597
0.0355
0
0.0932
0.2959
0.0013
0
0
0
0
0.0609
0.1254
1.3508
8.7274
5.9689
14.2077
1.5015
1.9664
4.3745
6.9118
0.0625
0.2337
0
0.3545
2.0655
4.1608
17.638
0.0042
0.2296
0.7205
6e-04
5.4349
5.6735
0.7866
1.7064
0
0
1.2549
6.9885
3.1573
6.1589
7.5945
2.0591
0.8541
3.2947
5.5865
5.4086
2.0425
0.5434
0.1545
0
2.1825
1.2074
0.1413
0
0
0
0
0
0.7326
5.3916
6.5463
2.1257
0.1684
6.194
1.5698
0
0.5416
0.5809
27.7473
0.008
0
0.4102
13.6453
10.2438
0.8836
0.4032
0
0
0.5261
1.2357
4.6019
0
0
0.3691
5.2853
0.0025
0
0
0.2523
17.0515
0.8337
0
0.039
0.0664
2.0822
8.2734
13.2356
4.9833
0.0899
0.36
0.3285
0
4.1382
7.045
15.2198
1.1598
0.3747
3.8034
0.8912
0.0096
0
0
2.1395
13.2596
17.6141
9.3711
0.5003
0
0.4848
15.5911
1.6661
0
0
0
2.5987
1.188
1.45
0
4.9101
14.6346
2.2844
0.0426
0
0
0
0
0
0
0
0
0
0
0
6.7158
4.2295
0.5702
0.9009
0.0244
0
1.0248
1.9348
2.4856
0
0
0.1917
0.4273
0.2147
0
0.052
0.4102
2.4316
2.6801
3.2059
3.6111
5.2891
21.5255
0.3168
2.56
3.486
26.917
6.9458
0.5679
0
0.1499
7.4028
1.1715
2.8772
0
0
0.3722
0.9011
0.8341
0.1353
8.1486
20.8699
10.4891
8.0496
0.1167
7.0396
0.4516
4.9569
10.9944
2.1812
2.2528
4.1837
5.0303
2.3219
14.5035
0.4846
0.9505
1.595
5.6813
0
6.1969
0.0337
0
1.1241
17.1077
3.6607
6.3605
0.4449
0.312
3.0954
0.5587
0
0
2.8023
1.4502
0.1468
0.0734
0
11.2833
14.5185
1.0643
1.8742
0.1558
0.2604
0.274
0.6692
0
0
0.5171
0.3359
1.5249
0.8253
1.4922
0.0089
0.1515
2.1412
0.1984
0.1336
0.1242
0.1961
0
0
1.8181
0
0.9346
0
0
0
0
0.3825
0.4541
0.0469
1.2934
0.5341
1e-04
0
0.9153
0.2478
6.2588
3.2029
0.0687
0
0
0
2.2887
0.4711
1.7455
0.5113
2.6497
0
0.0261
0.4732
0.3368
1.3298
12.7962
3.361
1.2876
9.2318
0.1594
0
0
0
0.0216
0
1.1088
0.3014
1.0526
4.3567
0.5005
5.675
0.1844
9.9335
0.2114
0
1.4374
5e-04
2.6593
0.9866
0
0
0.3951
0.7943
0.3549
0.0929
4.5747
0.0744
0
3.6436
2.1379
3.4749
2.7822
10.7155
1.0461
0.2443
0
4.1595
0.4006
14.3883
0.0144
0.0147
0
0.3674
0
0
1.1929
2.1673
0
0
0
1.1564
1.4798
1.1354
0
10.3057
5.091
1.8232
0
0.2794
0.2446
1.8256
3.3259
1.0247
9.7292
0.3409
7.4779
1.7049
1.1848
0
0.2488
13.5832
8.9048
0.3963
0
0
0
0
8e-04
2.0042
0.3411
4.2511
1.3661
0
0
0
0
3.463
18.1833
0
0
0
0
0.0896
0.6692
2.4271
2.6511
26.2574
5.1935
17.2504
7.2553
1.537
1.9591
1.4043
1.2542
1.251
0
1.2389
11.6679
0.602
0.0052
3.057
0.7122
0.2234
0.0942
0.0447
0.3835
22.1526
4.0399
4.3757
2.0471
1.6535
5.8409
11.7256
2.8269
0.0015
0.1253
9.6547
5.7028
6.2938
0.6019
8.0371
3.0514
0
0.8961
0.7115
0
0
0.5113
3.1319
6.0342
1e-04
6.1797
0.7704
10.0745
0.1538
0
0
0
0
1.5467
21.0857
1.6035
16.6934
8.6468
4.4546
0.3184
0.4845
14.4786
6e-04
0
0
0.0025
7e-04
0
0
0.6814
2.9933
6.1596
0.013
0.5139
0.8435
0
1.4531
3.0984
0
0
0
2.5114
0.5883
15.6326
1.5902
0.9618
17.3665
1.4519
0
0
2.294
1.1485
4.0125
0
0
0
0.001
0.0017
0
0.3379
0.108
0.1665
19.6412
6.8383
0
0
0
0
0
0
0
3.0643
0.1752
0
0
0
0
1.0532
10.9635
12.2655
0
0
0.0954
0.2451
0.1171
11.766
0.003
0
0.0559
11.9407
5.6356
2.2808
20.0344
3.9922
17.2019
1.5627
4.9943
11.6293
15.3647
0.4648
31.4111
5.2463
0.43
0.2888
3e-04
0.0424
1.5352
0
0.0391
1.1375
10.6339
10.5279
0
0
0
0
0
3e-04
3e-04
0
0.1089
0.0248
4.8105
5.5035
2.708
0.1589
0
0
0
0.5472
1.7436
0.0029
0.1004
0.1707
0.0388
0.0139
1.6957
2.0173
0.0298
3.7706
0.1427
0.4509
0
0.0839
0
4.9573
7.9573
0.6393
12.9089
1.8786
0.0773
0.1093
0.1615
0.3606
25.6879
0.1704
0.012
0.0415
0
1.1186
18.414
2.7765
0
0
0.1565
8.7233
6.7461
8.0272
0.2281
0
0.1794
0.0408
0
0.0391
1.0112
0.4461
4.1721
1.6431
0
0
0
0
6.8319
8.5282
0
0
0.8903
0
0
0.2272
0.4824
2.5487
0.1874
0
0
0
0
0
0.2536
8.5025
0.4903
0
0
0.0423
0.9499
0
0
6.7535
9.5864
0
0
0.6962
0.2137
0
0.0042
3.5946
0
0.1332
2.7937
8.4065
0.2134
0
0
0
0
0
0
0
0.3173
0.2863
0
0
0.8629
0.2892
0.6807
0
0.042
0
0
0
0
0
0
0
0
0
0
0.8474
3.8297
6.9347
0.1782
0.9877
0
2.914
0
0
0
0
0
0
0
0
10.9867
0.3868
0.1886
0
0
0
0
0
0.5977
0
0.0163
1.7691
0.4153
2.7374
0
1.2389
26.9638
4.5791
0.1366
3.4815
0.0927
7.5049
14.1103
1.0515
1.1821
0
0
0
0.2917
6.8181
0
0.2267
1.8752
1.3108
0.0728
0
0
0
0
0.5534
4.5185
0.8492
0.018
1.9844
2.1883
1.5264
0
0
0.2169
11.7677
8.4043
0.1934
0
0
0.1097
0
0
0
0
1.7816
0.2312
0.8066
2.7048
0.229
0
15.5967
4.3529
0.8197
0.5421
1.4488
0
0
0.4087
3.3706
1.2752
0.0243
0
11.2495
14.0522
12.3668
7.1284
18.6594
0
0
3.7656
3.3361
0.1525
3.0065
0
0.0366
10.4742
0.1372
0
0
0
0
0
4.6171
41.5154
5.9348
9.7139
0.914
0
1.4544
5.9469
0.1369
0.1481
10.9619
21.698
5.0579
8.7796
2.9403
10.1503
3.8973
4.3619
2.1862
3.3025
0.3719
0.3278
0.9171
0.0139
5.5993
14.4974
0.3906
0.6765
0
0
0
0.0296
0.2982
0.2584
0
15.4494
3.7627
2.3445
0
0
0
5e-04
0.2962
1.9233
7.5877
11.4827
0.0596
1.7426
0
2.1337
3.7057
6.9699
0.4029
0
0
0
0
0
0.0446
0.1524
0.0491
2e-04
0
17.165
13.2084
0.983
0
1.4556
19.3272
27.1127
13.1944
0.3391
0.6376
6.0973
0.0745
0.5175
0
0
0
0
0
0.0576
0.0166
0
10.1837
7.7073
2.2668
1.7639
13.6541
1.5389
5.571
9.3147
0.5611
0.2628
0.362
4.4594
0.2331
0.1222
0
0
0
0
2.1142
1.527
1.4373
0.3915
1.6652
0
0
2.611
2.4435
0.922
1.4305
0.7604
3.437
0
0
0
0.1887
0.2192
4.3632
0
0.0687
0.8948
0.8652
0.113
5.8746
3.9436
1.2957
0
11.1827
0.1722
0.6767
0
0
1.0193
0.0022
0.0215
0
0
0
0
4.1151
6.7617
0
0.2172
0
0
0
0.0089
0.0697
1.9227
0.4612
0.298
3.1592
0.0097
0
1.2997
0.4558
27.8847
0.928
1.6604
1.0034
6.91
1.6153
4.7553
7.4612
4.277
3.2538
0
0
0.3625
0.9493
2.8451
0
3.4597
7.3566
2e-04
0.6933
18.8231
0.2543
0.0172
1.6808
0.9747
8.5441
1.9563
3e-04
2e-04
0.3246
2.5832
1.044
1.1227
7.2532
1.3449
0
0.0297
0.0017
0
0
0.1197
0
0
0
0
0
0
0
0
0.1403
0.02
0
0
4.2555
6.0128
1.3202
3.8895
0.1251
0
0.9964
0.0929
0.8469
2.6896
0
0.0534
0.6051
2.3109
1.8161
2.6919
3.0413
1.0598
10.714
0
0
0.0048
0.0761
0.6994
0.2046
5.2078
6.4033
0
0
1.1102
0
0
0
6.9915
3.5954
0.8292
0
3.807
0.0883
2e-04
0
0
0
0
0
0.2203
2.0866
1.2403
0
0
0
0.3399
0.195
0.0017
0
3.6095
0.9673
0.9863
0.3612
0.1087
0.408
0.6782
0.0475
4.4525
0
0.8253
0
20.4486
5.7917
0.8838
0.5944
0.1995
0.2504
1.1565
0.7649
1.162
3.6691
11.6968
3.072
0
7.8138
3.7747
0
0
0
0
0
0
0.1076
0.0077
0.9489
0
0.993
1.163
0.8944
1.3234
0.0395
1.0519
2e-04
0
0
1.7532
3.5717
0.2676
4e-04
0
0
0
0.0075
0.1432
0.0259
0.2534
0.0507
3.8617
1.1888
0.4261
0
0.6069
0.3665
0.5232
8.4346
0.139
0.0634
0.6432
0.9901
0
0
0.6245
0.8823
0
1.6547
0
0
0
0
0
0.8235
4.4194
0.1914
0
0
0
0
0
0.001
0
0
0
0
0
0
0.5743
7e-04
0
0
0
0
0.906
3.7373
0
0
0
0.1509
0.2842
0.0972
0
0
0
0
0
0
0
0
0
1.3248
5.4389
6.362
0
0
0
0
1.0173
11.6003
2.5189
5.5392
1.8481
3.9918
0.1802
4.5038
0.1043
4.6715
10.1166
0.0273
0
0
14.928
5.2059
0.2212
0
3.2325
2.9721
5.554
4.0575
0
0
0
2.1716
2.4149
1.4352
0.313
1.6921
5.3606
0.1154
1.748
16.2409
17.4208
0.0247
0
3.3953
12.2141
0.2655
0
7.1958
0.9904
21.0504
2.676
0.2209
0
0.1452
0.9345
18.1085
8.1304
2.3033
0
0
0
0
0.2249
2.5351
2.2888
4.5651
0
0
0.0628
0.41
0.534
4.7552
3.6135
0
0.9694
2.7264
0
0
0
0
0
0
0
1.4266
4.122
0.2493
0
0
0
0
0
0.3919
0.2157
0.2852
0.0199
0
0
0
4.8372
4.0914
47.2047
0.6289
0
4.6432
2.8072
3.5152
1.1693
0.0745
0.0013
0.0814
1.3861
0
0.0015
0
0.094
0
0.036
14.272
21.4152
3.2111
0.8578
3.3648
0.3053
15.6091
2.1189
0.0126
8.4951
0
1.536
1.7271
0.0257
0.001
1.5389
21.8361
0.7896
0
0
0
0
0.1244
2.8117
0.029
0.0619
0
1.0567
0.3843
0
0
0
0
0
0
0.7965
2.3904
0.6545
0.0212
1.4927
0.3781
0.2735
0.0523
0.1071
0.1239
1.0772
0.5389
0.1986
0.1335
7.8662
1.1313
0.0705
0.1446
11.8199
17.7099
0.0038
0
0
0
0
2.7531
0.8954
0.0244
12.1709
0.0159
3.0243
0
0.2897
0.0251
2.4509
1.8814
1.2365
1.2371
0
0
0
0
0.1052
0
0
0
0.3312
0.7796
16.6141
0.1904
0
3.2275
2.1795
0
0
0.2537
1.8948
0
2.4538
1.183
0.0261
0
0.0261
0
0
0
0.5809
1.6462
0.3667
0.0554
0
0.1787
0.0329
1.7304
9.0651
0
0.1636
0
0.2312
1.3248
0.061
0
0
0.2368
0
2.3927
3.2691
0.035
0.5611
0
0
0
0
0
0
0.0025
0.2119
0
0.3481
11.791
0.1818
8.1046
1.4154
0
0
0
0
0
2.0748
15.9899
3.3524
10.315
1.476
0.5999
1.8354
13.5729
18.7442
4.4863
0.8044
2.0708
2.6614
1.3384
0.2007
0
1.4459
4.4513
3.1853
4.716
1.8959
3.1973
7.0804
1.6413
0
0.2431
0
0
0
8.6957
1.5908
0.3366
1.3322
1.5701
0.2631
0.3055
0.5297
0.2854
0.1816
10.5931
4.7712
4.6972
0.8393
3.3757
2.5351
2.1691
3.9483
6.0986
0.1162
0.0623
0.0164
0
0
4.3095
5.146
1.9444
1.1568
15.9641
1.2514
11.7304
21.8956
0
0
0.0089
0.0942
37.3569
8.1502
10.5912
10.0311
11.0185
1.4885
0.0319
0
0
3.3809
1.5586
0.0042
8.559
8.1242
7.1537
6.5087
4.315
1.2763
1.973
6.4264
1.9064
1.063
0.8357
0.1105
0.5017
0
2.9976
2.7442
2.373
0
0
0
0.0646
2.5842
1.4607
0.7161
0
0
0.1286
0.5525
0.0014
0.288
0.1269
8e-04
0.0616
0.0548
0
0
0
10.7723
17.3569
1.2594
0.3189
0.0236
0
3.0253
13.2935
7.6524
6.4609
0.0918
6.0821
1.0037
0
0
0
2.8807
2.7722
0
0
0
0.4
0.2
0
0
0
0
0.7863
0.5486
0
0.0687
0.1492
14.5606
1.6608
0.7797
0.0432
2e-04
0
0
0
4.4274
2.407
0.4851
0
20.0191
0.0411
0
0
0
1.2756
7.8322
4.79
4.153
14.5127
0.1175
0
8.5779
10.2207
2.977
11.1548
2.3512
0
0
0
0.4763
1.5503
0.8929
0
0
0
0
0
0
0.24
0.0146
0.6467
0
0
0.0041
0.0458
0
0
0
8.1946
0.3731
0
0
0
0.1629
3.4753
11.9904
0.6534
29.0381
3.5745
3.0972
0.2885
0
0
0
0
0
0
0
2.4365
3.3866
0.1834
0.2251
0.4105
0
0.6685
3.654
8.836
2.3256
1.7309
0.2581
0
0
0.1491
8.253
17.6467
13.135
0.6582
0.0218
0
0.0477
0.0611
0.1622
0
0
0
0.907
0.9132
3.8612
0
0
0
0.2261
0.3008
0
0
0.685
0.0929
0
0
0
3.0683
0
0
1.3517
2.1004
0.4155
0
0.2097
2.562
0.8683
0.4775
0.2346
0
0
0.2639
2.0676
0.0985
0.7587
1.4106
3.9242
9.0929
0.2643
0
0.3688
6.0244
0
0
0
1.412
1.6228
2.9323
0.4182
0.2408
0
0
0
0.1099
6.7437
4.4762
0.0245
7.5591
1.7945
0
0.0092
0.2605
2.3239
0.0862
0
0.0029
3.3115
0.5502
0
3.4969
18.4497
1.9126
6.941
0
0
0.9929
0.0044
0.8625
7e-04
0
0
1.2492
6.1833
22.2587
4.3717
0.0836
0
0
0
0
35.4441
4.0566
1.4552
0.3836
0
0
0
0
0
0
0.3896
0
1.6694
0.0012
0.3731
9.9736
1.382
1.605
0.0504
0
0
0.0983
5.4948
1.2776
0.0541
4.5401
0.2833
0.0521
1.002
1.0055
0
0
0
0
9e-04
1.1227
6.3109
2.2862
5.6036
2.3922
1.3053
0.9457
0.3425
0.1713
0.226
0.8359
0
25.6521
3.0951
0.9635
0
4.2033
0.0648
0
0.8387
0.2293
0
7.4679
9.658
0
0
0
0
0
0
0
0
0
0
0.606
5.6053
25.8789
5.8047
0.1526
0
0
0.0336
1.6184
2.8702
5.1085
14.5946
4.2723
4.7635
21.1654
3.7051
0.2077
0.0299
3.4618
0.9523
0
0
0.9324
1.9198
10.7757
0.0488
0.2472
0.7057
0.0034
0
6.0199
5.4646
22.23
5.484
0
0.0132
0.7847
14.6245
3.2927
0
0
0
0
5.6427
0.8971
0
0
0
0
0.5357
0.5721
1.3556
2.6271
1.4443
0.4016
0.016
4.6855
4.2582
5.4945
0.1197
0.153
0
0
0
0
0
0
0
2.231
0.9577
17.2438
13.7006
3.7422
18.4886
1.2878
0.0012
0.0888
0.1395
0.0293
3.7827
8.585
24.0818
3.5975
0
0
0
0
0
0
3.6001
3.2901
0.2356
0
0
9.9315
9.4267
1.0876
0.6953
0
0
0
0
3.5272
44.1497
0.0322
0.0266
0
0.0446
2.8882
14.3607
3.9434
6.5339
1.3797
0.4195
0
0
0
0
0.0194
0.5641
0
0
0
0
0
0
1.7148
3.4584
16.3943
2.2451
41.6487
0.0557
0.9642
0.0462
0.0064
11.415
3.415
6.0714
0
0.0138
6.9167
1.2977
3.4777
2.903
1.1662
0.0725
0
0
0
0
2.0013
1.8621
0.0225
0
0.1445
17.1139
0.1358
0
1.2971
2.0785
20.4344
18.387
3.674
2.3276
0.3501
0.0115
0.1473
0
0.3179
15.0493
0.0743
0
0
10.0958
0.0932
0
0.0498
0
0
0.058
0
0
0
0
0
0.0487
0.8457
17.0559
2.1109
0.1266
0.4104
1.473
4.5148
0
0.917
0
0
0
0.1693
1.3337
0
0
0
0.6283
10.067
2.4762
0.4183
0.2687
0
4.5375
4.8408
0.3786
0
0
0.0362
35.9091
3.0509
0.1332
0
0
0
0
0
0
0
0.032
0
13.6219
1.044
1.3269
14.538
1.0791
0
16.2182
3.7657
18.7417
2.4394
0
0.0013
0.4
3.8217
21.3443
34.4581
0.6264
0
0
0
0
1.7608
0.2115
0
0.0932
0.0334
0.2519
10.0755
1.1005
0
0.1553
0
9.8682
0.8411
0.0267
0.0876
2.2942
3.5622
0
0
0
0
1.1371
0.1625
1.0955
0.0593
4.5698
0
0
0
0
0
0.0989
0.7116
0.7099
0
0
0
0
1.2402
4.21
11.3994
2.6071
4.1252
0.5047
2.1802
1.9121
1.481
0
0
0
0
0
0
3.7847
0.6068
0.5737
4.0007
0.573
2.3786
5.2787
3.8375
0.4485
0
0.4864
0.0815
0
0
0
0
0
0
0.2905
7.98
0.8385
0
0.019
3.5576
7.0892
0.6203
0.4396
1.5179
3.8796
3.8265
0.0253
0.0218
0
0.1779
0
0.2792
0.851
3.5709
0
0
2.8221
6.7296
0.9778
0.1535
0.0903
8.5316
4.3314
3.8756
0.0384
11.1982
0.0288
21.4556
17.993
0.9225
1.0981
0.1026
6.3519
2e-04
3e-04
4e-04
0.2357
0.9477
0.0103
1.8417
0.1742
0
0
8.8171
5.0664
0
0
1.8113
0
0
0.3768
4.1402
6.5739
0
0.169
5.8132
2e-04
0
0
0
0
4.5126
6.7181
3.0028
25.14
1.844
0.0889
0.1074
6.391
12.4157
7.7541
14.4258
1.0321
3.7779
0
0
0
0
0
0.5373
5.1132
2.2726
0
0
1.4112
9.034
0.0011
4e-04
0
0
0.2882
1.003
0.3616
0
0
0
0
0
0
0.2253
2.534
3.5097
0.9602
4.6073
0.6919
0.1231
0.6207
1.7811
0
0
0
6.17
2.8687
0.1043
0
0
0
0
0
0
3.6245
7.7998
2.687
0.1746
0
0
0
0
1.4208
0.4656
0
0
0.1787
5.4994
1.0153
0
0
0
9.9473
7.1858
0.3249
0
0.0012
0.5185
0.3952
0.0521
0.2201
3.4947
8.2182
25.2133
16.2781
0.1951
0
0.2351
0
0
0
0
0
0
1.5349
0.1037
0
0
9.4591
14.5231
0.032
0
0
0.6806
4.0479
1.226
0
0
0
0
0
0.0685
0.5392
0
0.0313
0.026
0
0.5959
7.6758
0.0573
0.5487
1.0056
0.0014
0
0
0
0
0.009
0.8301
19.5974
1.2136
0.3087
0.5336
0
0
6.7185
2.4064
1.5042
1.729
0.9717
1.4574
0
0
0
6.4182
0
0
0
1.6973
22.865
18.0576
23.2459
5.7175
0.1347
0
5.7077
3.4193
3.0472
0.3964
0
0
0
0.7409
1.1693
0.0174
0
0
1.1673
1.385
0.7745
0.1011
3.0653
1.4824
0
6.666
5.3861
12.4328
4.2961
3.3734
0.1237
1.442
0.1842
0.9344
0.5391
1.4748
2.1523
0.45
2.0912
2.7628
11.238
1.1978
0
0.0269
0.021
0.0088
0.0665
0
2.2406
1.9629
1.2211
0.2574
0.1845
0.2352
9e-04
0.2193
0
0.3904
4.6359
0
1.9301
0.0015
0
0
0
0.5912
5.0386
1.0962
0
0
0.1821
4.1767
0.2615
0
0.056
0
0.1456
1.1645
0.2643
0.0013
0
4.7489
24.4185
1.5672
1.0541
0.1379
0.2192
0.0881
0.967
0
0
2.2894
1.2731
1.4215
0.1538
0
0
0
0
0.1009
0.6184
0.3238
0
0
0
0.5516
0.474
0.8751
0
0.0424
0.3241
0
1.3609
0.0734
15.0733
2.4644
0
5.3575
7.0987
0.7159
0.3809
0.4306
0.1764
0.0819
0.5891
0
0
2.2031
0.8103
0
0
0
0
0.3961
7.5512
5.6277
1.5231
0.1627
9.6332
2.822
0
0
0.1221
3e-04
9e-04
7.2344
3.1563
4.6796
0.0202
0.6393
10.9134
0
0
2.4689
2.4966
3.3132
0
0.0613
5.5494
0.9296
5.488
0.1655
0
0.2889
0
0
0.1266
0.0334
0.6588
0.5406
2.5747
0.7568
0
0.114
0.1682
8.5206
16.8708
10.6268
0.4177
4.9546
10.8396
4.983
1.3247
7.2617
3.8152
0.7126
0.3723
0.0425
0.7205
3.6123
0.1944
0.2736
0.7449
0.1034
1.8668
6e-04
0
0.7983
4.7758
3e-04
0
0
0.0574
0.0891
0.3875
0.0549
11.876
8.2251
0.0233
0
8e-04
0.9981
7.815
24.6832
0
2.1195
0.3203
0.575
1.0551
17.092
1.3996
0.3152
0
0
0.7958
3.7757
0.8104
2.8407
0.1268
0
0
0
0
0
0.5241
0
0
0.604
37.5059
2.8388
0.2598
0.0727
1.1885
1.6546
6.4745
1.6559
1.4071
0.1622
0
0
0
0.0024
0.0434
0.8487
0.0563
5.6625
0.0505
0.2457
0.431
0.8985
7.7109
0.1136
11.6458
30.8495
16.2953
20.7747
1.4441
16.9149
1.3603
3.6752
6.7953
2.2627
0.597
14.6778
2.9388
0.1944
7.4263
0.9748
0.0284
3.0034
8.5179
12.9152
0.5196
0.0838
3.1031
0.9285
0
0
0.0116
5.3852
1.4147
0.4654
12.1677
0.1349
10.5119
8.6459
8.9761
1.3741
0
1.6469
7.5826
0
0
0.0218
0.0044
2.8314
4.5693
1.5328
10.6511
13.5069
0.0444
0.2152
0
0
0.5719
6.513
0.664
0.5024
25.0275
10.9884
6.7037
6.8284
18.2084
0.0136
0
0
0.3082
1.126
0.8072
1.6119
8.7342
5.2022
0.2302
36.3155
7.101
0
0
0
0.0261
0.5202
0
0
0
0
0.0112
0.0134
0
0.0226
0
0.5574
1.0292
8.9513
1.0043
1.3772
0.6732
0
12.9663
13.1762
3.746
0.0741
0.4745
2.1
1.0117
0.2732
0
0
0.0574
0
0
0
0
0.7026
0.0721
0.0164
13.2279
20.5734
1.0765
3.5785
0.722
0.5356
0.5738
0.3237
1.9424
3.1227
11.347
24.1055
5.0598
0.1131
0.0545
0
0
0.0347
0.0084
0.0187
8.5386
8.8675
10.2276
0.3893
4.0079
0.078
0.0843
0.0239
0
0
0.0692
0.4381
0.5744
0.0049
0.0372
0
0
0
0
9.3158
1.0811
0.0615
0
0
0
0
0.0222
0
0.7267
6.8463
0
0
0
0
0
0
0
0
9.8485
23.1573
20.1574
0.1104
1.3514
7.0211
22.0859
12.4873
0
0.0152
0.8505
0
6.4407
0.5857
3.0614
11.4557
0
0
0
0
0
0
0
10.6674
3.2317
0.0209
7.0715
0.0414
0
0
0.9135
0
0
0
0
0
0
0
0
0.5932
0
0
0
0
0.258
12.9552
1.6243
0.0016
0
7.7185
0.1085
0.0053
0
0
10.4342
7.7771
1.7213
0.4638
0.1163
1.3104
0.0293
0
0
0
0
20.0465
5.1379
0.0707
0
2.1522
0.6536
5.7292
2.237
0.6835
0.5386
0.2268
0.3979
3.0998
7.1319
0
0.5451
4.9453
1.3777
0.2331
15.3596
1.971
0.0282
0.0143
0.1052
0.2344
0
0
4.7202
19.5349
0.2886
0.1977
0
0.008
0.1062
0
0
14.8235
10.0563
0.9816
1.311
0.1047
1.0071
1.4082
7.7406
0.2271
0
3.1941
7.0075
4.9081
0
0
3.9573
14.3796
4.0728
0
0
0.93
2.33
0.3337
0.0116
0.758
4.3055
3.3692
0.0095
0
0.2875
0
0
0
0.2465
0.3026
0
0
0.2349
0.037
0.5791
0.7614
0
0.1188
0.0244
2.795
3.1547
0.6412
0
0.0703
1.0869
2.77
1.1136
8.2363
0.0653
0.4666
0.0052
4.149
8.0931
0
10.8055
30.9962
14.9266
1.122
0
0
0
3.6191
0.2124
0
0
1.2662
0.8627
5.7866
13.5965
0.3335
0
0.0446
10.7164
17.4772
0.5602
5.155
0.1873
0.6872
1.1104
3.6359
3.3578
0
0
2.0613
2.7413
4.4834
1.6047
2.7897
4.8008
11.2061
0
0.5065
0.0774
0
0
0.073
1.8522
0.0056
0
0
2e-04
0.0765
5.1652
0.2198
2.9941
0.1877
1.6193
0.0576
0
0
1.4505
1.9162
3.2663
0
0.2328
0.8674
0
6e-04
3.4624
3.5045
0.2906
0.4863
0
0.0402
0.6934
0.1694
0.0036
0.0024
1.1975
0
0
0.1008
0.4973
0.0211
0
0.0034
0.0394
1.3363
0.2842
3.3644
8.8529
9.4307
13.9458
1.6421
0
9.384
0.8105
1e-04
0.1986
0.5012
0
0.3705
0.0654
1.3392
5.0591
0.6515
0
0
0.0013
0.1715
0.5065
0.006
2.3923
0.5698
5.92
12.9022
3.6708
2.4445
5.1656
3.942
0.1104
1.3492
0.3095
0
0
0
0.245
0.584
11.8874
0.1271
0
0
0
0
0.0162
10.5923
12.0339
0
0.8959
2.6106
6.2211
0
0
0
0
0
0.0126
0.0102
0
6.2209
5.07
1.1795
0
3.4726
0.1595
2.8572
0.1413
0
0
0
0
0
0
8.6498
10.4157
2.5681
0
23.517
0.5495
0.6858
0.0269
0
0
0.5182
2.4649
0.4665
2.7017
15.1327
0.8623
0.391
0
0.3263
2.293
1.4254
16.9658
3.6063
0.2066
0.1683
0
0
0.4679
0.0033
0
0
0.898
0.9599
0
0
1.1844
0.6646
1.1242
4.8419
3e-04
0.3903
0
2.0937
0.2983
0
0
0.1724
0.0858
0.1104
0.2167
0.1937
0.0993
2.359
0.9013
5.2715
4.6507
0.2828
0
0
1.2271
0.0011
0.092
0.6867
0.3108
0.5339
7.1397
0
0
0.2044
0
0.0455
0.4109
0.0887
4.7027
1.3289
8.9777
13.4237
0.4782
0.7999
0
0.2459
0
0.1767
0
0
0
0.0561
4.8735
1.9604
0
0
0.0624
0.3935
0.4657
0.0931
0
0
0
0
0.0774
0.3569
0.025
11.2658
1.7192
2.8214
3.892
0
0
0.1481
0
0
0
0
2.4678
2.6471
0.8569
2.5785
4.8679
0
0
3.9206
0.2638
0.2258
0
0
0.9881
0.0092
0
8.3
0.1143
0
0.2551
0
0
3.7894
0.7401
2.2566
0.2069
0
0
0
8.9489
0.0847
1.3612
15.0699
3.1678
0
0.2187
10.7997
5.4936
21.4994
5.2481
0.0569
0.4892
0.1475
0
0
0.0426
0
0
0
0
0
0
0.6951
7.6239
3.0892
2.8583
6.5395
3.991
0
0.0077
0.0164
0.045
0.4736
3.8588
1.0432
1e-04
0
1.0007
5.3616
0
0.1474
1.2349
0.0734
0
0
0
0
0
0
0
0.7055
2.3752
5.8988
0
0
0
0
0
3.7607
0
0
0
0
0
0
0.093
0
0
0.1916
2.3084
7.5045
1.4843
7e-04
0.2816
0.2196
0
0
6.8146
7.0452
1e-04
3.1969
37.5381
12.1314
13.9263
4.6175
0.2129
7.0552
0.6815
0
0.1505
0.2523
0
5.6756
0.4418
0.7642
5.7361
5.5294
0
0
0
0.4126
0.7669
0.1001
0
0.3188
0.1191
0
0.0951
5.3194
13.6812
0.4145
0.3549
2.2285
1.2447
1.4643
8.2845
0.5041
0.1803
0
3e-04
2.1263
2.1057
6.4695
6.1781
0
0
0.1315
0.1385
0.4435
5.8271
1.4671
29.5847
14.3253
0
0
0
0
0.5351
8.3062
6.7867
0.6842
0
0.4656
2.1131
0.2373
8e-04
1.1674
2.2012
0.3884
1.1507
0
0
0
0
0
0.0667
0.086
0.0239
2.8216
0
0
0
0
0.7736
0
0.135
1.9433
0.1091
0
0
0
0
0.0405
0.767
11.5109
5.3713
1.5746
1.2539
0.3928
0
3.5514
0.1354
0
0
0
0
0.6506
1.1126
3.8219
0.0064
0
0
0
0
0
0
0
0.0056
3.2782
0.0169
0
0
0
0.5181
1.1574
0
0
0
0
0
2.131
7.7811
0.3079
0
5.551
4.3235
6.3723
0.0166
0
15.9948
3.8977
0
0
0.0688
0.3047
0.0046
0.2107
0
0
0
0
0.5594
0
0
0
0
0
8.0268
7.2234
0
0
0
0
0.0653
0.207
3.9363
1.2349
18.8349
1.3107
8.2809
4.3829
2.9761
0.5085
0
0
0.7447
3.3481
10.5526
0
9e-04
0.3102
0.1078
0.2034
0
0.3113
0.143
0.17
0
0.3113
0
0
2.1935
3.0287
0
0
0
0.606
2.3033
5.5245
0
0
0
0.6684
1.1927
0.9193
4.8711
18.11
5.9058
0.1281
0.0312
3.3851
29.7876
5.0927
1.5436
0.6153
0.1893
0
0.0228
0
0
0
0
0
0.3664
0
0
0.6518
0
0
0
0.3777
0
0
0
0
0
0
1.3584
0.4595
0
0
0
0.0102
0.032
0
0.714
0.599
0.0775
1.1868
9.3436
7.1479
0
0
0.2704
0
1.0601
1.0974
17.6822
13.3715
0
0
0
0
0
0
0
0
0
0
0
0.8988
1.0203
0
0.0427
0
0
0
1.1828
1.9079
0.0395
0.0458
3e-04
0.0123
0.1016
0.2039
1.6638
0.2254
0.4579
0
18.2568
20.2681
10.0848
0.3495
12.6137
0.4712
0.0253
0.0996
0
2.0043
10.1123
1.4208
1.753
29.2094
0.0426
0
0.0073
1.7951
0.0483
0.2365
0.0083
0
2.9261
0.034
0.2714
0.0031
0.5002
4.5449
0
0
0
10.1181
9.2531
7.9493
0
0.3206
6.2718
0
0.0209
3.3671
9.867
4.5994
0.0272
0.1167
0
1.3266
24.5471
8.2449
0.0864
0.1342
21.9441
10.1263
0.0126
0.0292
4.2803
9.0151
6.2279
0.0557
0
0.0013
0.3688
0.5813
0
10.2554
1.2295
0.1584
0
0.0886
0.8088
0
0
0
0
0
1.2039
0.8069
0.2979
2.4489
1.6042
4.7021
18.641
5.3037
12.9197
7.0551
1.6149
0
0
0.5116
8.2428
1.9362
0.1309
0
0.0318
0.0217
0
0
0.4376
14.5037
2.4358
10.1404
12.194
0
0
1.6463
4.5456
3.5858
20.7075
0.6565
5.0384
7.2238
3.3108
2.7046
0
0
0
8.5823
5.0073
2.4531
6.8695
9.7432
1.7472
0.439
20.2812
8.9527
0.8876
0
2.9758
0.199
3.5371
6.5232
0.8657
23.9054
9.4064
0
0
0
0
0
0
0
0
0
0
0
0
0
0
0
0
0
0
0
0.1501
4.4503
0.5448
0
0.3902
1.9486
0.4605
3.7832
0
0.0395
2.9007
0
0
15.9858
1.322
3.523
0
0
0
0
0
0
0
0
0
0
18.6053
5.4037
43.8602
14.7686
0.025
0
0
0
0
0
0
1.1545
0.1124
0
0
0
4e-04
2.6058
2.3453
1.4788
0
0.0504
0.0252
0.0084
6.3911
1.0122
0.4594
0.3441
3.6297
1.7611
15.5752
0.5937
0
0
0.4005
15.1136
0.0312
0.0242
3.4066
23.5249
0.3812
0.4864
0.0651
0.0509
0.0393
1.4161
3.9553
0
0.0745
0.1386
0.0425
0.0424
0
0
0.2712
0.2155
0.4081
0
0.0137
0.1798
0.9275
0.1805
0
0
0
0
0.5197
2.5063
0
0
0.5017
2.7341
10.701
0.0078
0
0
2.6642
5.4743
0.1902
0.075
0.1384
0
1.0805
0.7732
0.0283
0.0557
0
0
0.2104
0.0786
0.088
1.7767
6.7582
0
1e-04
0
0.2661
0.1591
2.6214
0.555
0.6989
3.0638
0
0
0
0.2818
3.3749
1.6597
9.2502
0
0
0
4.5453
9.3272
0
0.0495
1.8059
0.0325
0.0109
0.4944
0.4344
0
0
0
0
0
0
0.3777
2.3585
0.2298
0
0.2161
0.1954
0
2.5421
0.1334
0
0.0737
0.6326
0.1045
0.4984
0.1005
0.0925
0.038
0
0
2.7808
17.2862
5.9155
0
0
0
1.2119
0.2421
9.6938
3.6434
0.4597
0.0214
0.0012
0
0
0
0
0
0.5888
0
0
0.7735
19.4738
19.6259
1.0016
0
0
0.4554
0.2761
0.0099
0
0.1807
0.3002
0.0024
2.4455
11.088
0
0
3.2161
1.4547
0.0628
0.2162
0
0.1159
9e-04
0
5.3176
7.2704
0.3919
4.1699
2.4389
0.6106
0
1.1242
10.2023
0.0058
14.382
25.2017
0.6164
0.7093
4.9528
0.3284
0.6413
8.9112
17.4852
1.7973
0.5504
1.8374
5.5406
3.2158
1.9313
0.025
1.5826
9.728
18.5328
9.7815
0.6323
0.4804
0
3.6866
1.3562
4.2178
0.0054
0
0.687
1.7541
0
0.0846
0.6185
0.2407
0.5643
8.1848
0.2931
0.0472
0
0
0.225
5.5342
2.3483
3.4712
1.9338
12.6032
17.382
3.3726
4.2112
2.1977
9.2434
5.0781
1.8768
3.3926
0
0.0432
2.2051
14.4115
9.6551
3.5311
0
0
0.072
6.3178
0.2552
0
0
0
0
0
0
0.0309
0.0964
0
0
0
0
2.0562
0.0895
1.1838
0
0
2.2497
5.4823
23.5235
2.5078
0.5293
3.7303
0.6513
7e-04
0
0.0899
1.0095
5.2271
6.4569
0.0317
0
7.8482
4.5906
18.6229
1.5377
3.6316
0
0
0
0
0
0
0.1377
0
0.6054
0
0
0.2111
1.9149
0.0019
5e-04
0
0
0.1414
0.8088
0.9416
0.1685
0.1759
8e-04
0
0
0.006
0.125
0
0
0
0
0
0
1e-04
0
5.2438
33.0364
0.0093
8.2814
1.4112
0.594
10.5117
0.2892
3.1712
5.0015
1.9917
6.5538
0
0
0
6.3022
14.4686
0.1861
0.1365
0
0.8069
13.2066
30.9255
0
0
0
0
0
0
0
0
0.2681
0
8.1491
1.5112
0
0
0
0
0
0.2681
0.6881
18.6164
3.2136
1.8897
0.4168
0.0234
7.9091
0.6555
0
1.2602
0
0.8617
2.0045
13.7798
0.1308
0
0
0
0
0.2398
1.6562
6.0658
9.2462
2.2712
1.513
1.3935
1e-04
0
0
0
0.152
0.9817
0.1412
0.2687
0
0
0
0.3808
0.6739
12.4324
11.35
0
7.6352
0.2186
4.5441
8.2414
0.0012
0.8277
0.4815
1.4729
0.5076
0
0
0.8039
0
21.9681
13.0978
1.7666
0
0
7.9131
21.8557
1.1346
0.0804
0
0
0.2603
2.2765
9.1864
0
0.3345
0.2409
0.0802
0
0
0
0.7407
0.5528
0.5069
0
5.5527
0
0
0
4.088
0.2888
1e-04
0
0
0.1914
1.2451
5.617
0
0
0
0
0
10.9649
4e-04
2.9673
5.0854
0
0.9582
10.6521
0
0
0.1653
0
6e-04
0
17.8353
1.7593
0
0.0534
0.1515
0
0.3398
1.7656
0.2267
1.0131
0.0414
0.3425
2.3937
0
0
0.941
5.246
3.7516
2.0352
0
0
0
2.0478
47.1429
0.004
1.9354
8.6754
4e-04
0
5.8669
3.7429
0
0
2.3163
2.0718
0
0
0
27.3798
1e-04
0
0
0.6836
0
0
0
1.1177
1.8435
0
9.3723
0.8713
0
2.2011
8.6449
2.6093
1.829
0
0
0
0.4536
8.4047
0
0
0.0207
0.0216
0
0
18.2396
0.9665
0
0
2.7948
1.8209
0
0
0
1.4683
0.0057
0
2e-04
0.3213
0
0
6.1522
0
0.0227
3.5464
11.0161
20.5813
2.121
11.7922
0.1623
0
5.0302
1.4629
1.2109
0.1316
2.0474
0.0352
1.2701
4.9202
0
0.7949
9.1288
16.1123
0
0.0993
0
0
0
36.2219
0
0
0
11.0363
0.3559
29.9005
21.165
27.4693
0.7606
0
0
0
2.0915
0
0
0
0
3.2648
0.2843
0.3754
0
4.3221
1e-04
14.8269
0.0693
0
0.5433
11.6403
0
3.0919
4.1049
14.036
0.0631
0
0.0767
11.975
0.0058
0
0.0013
0
0
0
4.8661
1.0489
13.0156
0
0
0
0
1.0978
8.5754
0
0.5746
0.163
0.5087
2.4844
5.0666
3.0396
3.3219
0.8306
0
18.0408
0.2563
0.0868
0
0
0
0
0.0349
0.1295
15.4244
0.0014
0
0
0
0
0
4.5074
0.7956
12.9079
0
14.5437
23.5058
15.3383
0.5259
0
0.7154
3.2441
3.0558
0.0412
16.9223
0.0379
0.033
0
0
0
0
1.512
2e-04
0.3537
4.0898
0
0
0.6943
0
0
0.389
19.8625
0
3.262
0
0
0
0
3.26
1.7329
3.4491
46.1492
0
0.5972
1.1786
0
0
0
0.5972
0.0012
0.4142
0.9461
0.5365
0
0.5304
0
1.3304
0
0
0
2.3489
0.0024
0
0
0
7.2419
0
0
0
0
0
0
0.1698
0
0
2.8387
0.0022
17.2769
5.1765
0
0
0
0.632
1.4366
1.3217
0.7747
0.228
0
0.6003
0.016
0.0128
0
0.058
0.1739
2e-04
0
9.9038
2.1004
1.0149
0
0
0
1.3451
1.6776
8.7588
4.1368
0
0.6454
0.7784
0
15.4749
1.2918
0.4189
0
2.3723
2.6367
4.2825
0.6774
2.1536
0.4934
0
0.3679
15.8305
0.1407
0
0
0
0
0
0
0
0
0
0
7.9067
4.4374
5.2752
8.6462
1.5573
0
0.0938
0.5271
0.4206
0.0036
0
0
1.4741
14.4239
0.2201
6.5794
22.5226
21.3346
1.3907
0
0
0
2.5718
0
3.3264
0.0336
0.641
0.6026
0.088
0
0.0052
1.8324
5.3521
0.2219
0.0972
4e-04
0
0
0.216
0.0108
0
0
0
0
0
0
0
0
0
0
1.1821
5.1178
3.6541
0
0
0.0075
15.2971
31.0737
10.9786
0.9734
3.0622
0.1384
0
0
0.0957
0
0
0.6252
0.1864
1.3961
0
2.0052
0.5694
0
0
0
8.3782
16.4859
1.2063
0.3182
0
0
0.7646
0
0
2.2047
7.9034
0.4973
12.8786
10.4829
0
0
0
0
0
0
14.0507
0.387
0
0
8.1309
1.2844
0
0
0
0
0.032
20.6291
17.6153
3.2349
0
0
0
10.3352
0
20.3945
1.9655
0
6.2559
0.2886
3e-04
0.0253
0
0.6147
3e-04
24.7248
0
0
3.2463
1.3047
4.499
13.1227
1.8806
1.5944
0
0
0.2825
2.5408
0.4701
0
0.1293
0
0.3811
0
0
0
0
0
0
0
0
0
0.5731
3.8555
0.0538
0
0.0927
0
0.093
0
1.2033
0.2157
0.1632
0.0492
0.0014
1.7754
0
0
0
0.7714
14.6736
3.0069
33.1781
13.6876
0.1774
0.6896
1.852
0.3249
0
9.5434
0
0.0014
0.0343
0.3723
0.0271
7.9486
15.4308
12.1624
6.257
3.807
10.3882
0.0118
0
0
3.8457
0
0
5.1594
4.2606
0.0025
0
0
0
0
0.205
9.5832
7.0119
0.1251
0
3.958
6.3873
14.8735
26.6256
25.4087
0
0
0.0217
0
0
0
0
0
0
0.0013
0
8.9801
24.6364
25.2091
10.9124
1.1231
2.5113
6.8196
8e-04
0
0
0
0.0251
5.5565
0
2.8082
0
0
2.049
1.1845
0.1524
20.1421
53.2837
0.1469
0
2e-04
3.2106
0
0
0.0603
0.103
0
0.001
0
0
9.5839
1.4534
0
0
0
0
0
0
0.002
3.0834
0
0
0
0.0107
5.2099
0.2536
0
0
0.026
0
0.9999
0
0
0.0279
0.4898
0.9918
9.2893
0.2625
0.596
1.1793
11.2122
0.7856
0
0
0.0454
0
0.0566
0
0
0
0
3.3458
0.1383
0.3984
4.0132
1.1391
0
0
0
0
0
0.0902
0.0071
8.2248
0.3403
1.7477
0
0
0
0
0
0
0
0
22.8198
0.1369
0
0.118
0
0
0
0
0
0
0.2798
0
0
0
0
4.3111
6.0649
0
0
0
0.412
1.1433
0.045
0.0013
0
0.1407
0
1.6531
0
0
0
0.0013
0
0
0
0
0.1813
0.5393
0
0.4662
1.0509
9.1444
7.7844
0
0
0
0
0
0
1.7014
0
0.1214
0.132
8.5255
9.6291
0
0.0059
0.1849
1.3831
0.2424
7.5143
0.435
0.5717
4.9933
5.3003
0.7332
0
0
0.0838
7.3388
2e-04
0
1.484
8.0653
3.769
0.0202
2.5534
0
0
0.3976
0
3.1674
0
7.8069
1.9731
0.1662
1.222
0
0.5583
8.8911
0.2198
0
0
0
7.6277
0.1555
0
0
0.6757
1.8047
0
0.7105
0.5109
0.4354
0
0
0
2.72
0
5.4038
5.4177
1.3242
1.9737
18.9971
0
0
16.7337
0.5986
1.1146
6.4183
0
0
0
0
0
0
0
0
0
0
0
0
0
0
0
0
0
0
0
0
0
0
5.3223
0
1.7904
5.2541
0
0.3699
0
0
28.5998
0
10.185
2.4771
0
0
6.335
17.7977
3.3508
1.7045
1.1847
0.8573
1.0582
2.7736
23.7802
0.2715
0
0
0
0
0
0
0
0
0
0
0.0615
0.2053
0
2.6551
0
0
0
0.6348
1.8077
1e-04
0
0
0
0.8984
0.016
0
0.3089
10.6002
6.8441
8.3542
1.1102
0
0
0
0
0
11.0945
6.2698
4.9799
0
0.0352
0
0
0
0
0
0.1493
11.8471
22.613
1.6133
15.9455
0
0.0215
2.6743
0
0
0
0
0
0
0.0302
2.3768
0.0064
8.7276
1.1886
0.0692
0
1.1355
3.3512
0
0
0
12.9706
0.4126
0
7.0116
2.6568
0
0
0
5e-04
0
0
0.2522
7.3495
3.2403
6.0203
2.7811
10.5509
1.2794
5.3899
0.2936
0.1256
0.2118
1.4679
0.1087
0.4134
3.5188
1.6151
0
0
1.6248
0.002
5.0581
1.674
10.0022
0
1.3326
0
0.0032
3.4122
11.6854
0
0
0
0
2.0976
0.0152
0.0153
1e-04
0.126
7.8718
11.494
8.5912
0.6222
1.3163
0
0
0
0
0
0
0
0
0.2414
0.0065
0.0539
0.7788
0
0
0
2.5299
0
0
0
0
0.0074
0
1.0077
0.1349
0
0
4.4362
0
1.0395
1.035
0.1234
25.4319
1.7563
0
0.0368
3.7123
14.9024
0
0
0
2.1918
5.7154
0.6871
0
0
13.3065
0.0705
0
0
13.949
0.5266
0
0
0
0
0.5818
0.0121
0.04
0
0
0
0
0
0
0.1961
35.9804
5.0102
0.0227
0
0
0
0.2323
0
0
1.5583
0
0
0
0
0
0
0
0.5474
1.5959
0.7481
0
0.0011
0.1554
0.0103
11.5807
0.0064
0
0
0
0
7e-04
0.9402
0.163
9.528
1.5111
4e-04
0
0
11.7387
0
0.3101
4.2548
18.6726
1.7108
0.4664
0
0
0
0.341
0
0
0
0
0
0
0
0.1074
0
0.0405
0
0
0
8.7366
7.648
0.0388
0
0
0
0
1.8823
9e-04
0
0.4689
0
0
0
0
0.6643
0.1841
3.1958
0.0353
0.981
0
0
0.0304
0
0
0
0
4.22
0
0
0
3.1488
1.078
0
0
0
0
0
10.7853
5.6699
0
2.6511
2.9766
0.0272
4e-04
0
6.5882
0.5851
0
0
0
0.3693
4.1384
4.1355
0
6.0045
0
0
0.2345
0
0
0
0
0
0
0
0
0
2.2664
4.066
0
0
0.0329
4.9831
0
0
5.3751
9.1281
0.0033
0.3301
0
0
0.2355
8e-04
12.7788
4.5875
0.7224
0
0
0
1.0469
8.2184
1.0973
0.3279
0
10.0556
17.9364
0
0
1.5232
0
0
0
0
0
0.3586
0.0729
2.3414
15.1243
3.7683
0.1708
0
0
0
0
0
0
0
0
16.1321
9.3761
0
0.0342
6.1427
0.0026
0.4318
0.378
1.9187
13.9015
0
4.5678
0.8284
0
0
0.6241
4e-04
6.5576
34.0086
0
0
0.0039
6.8514
0.3198
0
0.0038
2.5793
33.8181
2.0495
4.7322
0
0
0
0
0
28.5106
3.3331
0
0
0
0
0.5718
15.3203
5.9275
17.8455
8.2385
6.8915
2.6801
21.701
0.001
0.015
30.4427
0.1491
0
1.0157
34.7285
0.0222
0.6198
1.0072
0.6202
0
0
0
26.4411
0.1827
0
1.6165
0
0
0
4.3705
0.2664
0
0
6.6133
1.5029
1.5643
0.0177
0.0296
3e-04
0
0
0
0
0
0
0
0.0012
1.3321
25.0844
27.3672
4.8488
1.734
6.9931
7.8443
0.0942
0
31.1031
21.1513
0
0.7399
0
0
0
0
0
0.0488
0
4.5415
0.7454
0
0
0
0
3.9353
4.0853
0
0.0166
7.9817
0
0
0
0
0
0
1.4061
2.9656
0
0
0
0
0
41.8501
1.8138
6.9452
8e-04
5.0062
0.3437
0
0
0
0
8.0164
7.8487
0.2159
15.2396
5.2268
0.0026
4e-04
0
0
0
0
0
0
0
11.2028
23.444
4.4961
1.3727
0.6946
1e-04
0
0
0
0
0
1.1882
0.1061
4.1228
0
0
0
0
0
0
8.3908
8.6266
0.1154
0.2042
0.1599
0
0
0
0
0.4655
0.1974
0
0
0
7.1997
0.5105
5.9137
7.7693
1e-04
0
1.574
0
0.3615
0.1319
0.1319
0
0
0.2335
0.1984
0
0
0
7.8648
2.2997
1.8238
1e-04
1.8504
0.4918
0.0348
0
0
0
4e-04
0.0598
3.642
2.0804
0
0.0801
13.3607
5.672
2.4587
10.6911
0
14.0629
4.4614
0
1.5724
3e-04
8e-04
0
0
0
0
0.0139
0.312
0.2561
2.0372
0.0754
2.761
0
0
0.3941
0.3941
0.7016
0
0
0.0399
0
0
0
0
0
0.1654
2.3056
0
0
0
2e-04
0.0015
0
0
0
0
0.0392
0
2.2519
0.2158
0.2461
8.6912
1.7904
0
0.1236
0
0.073
0.4807
2.1263
0
0.3119
16.875
7.9846
0
0
0.008
11.4808
2.6002
0.1431
0.0096
0
0
1e-04
0
0.5114
0.0401
1.8419
4.4377
0
0
0
0
0.0364
0
0.0969
4e-04
0.7333
0
0
0.2095
0
1.2463
3.1674
8.4661
0.0384
0
10.2437
1.5909
0
0
1e-04
2e-04
0
0
0
0.4634
0.0029
5e-04
0.0697
0
0
0
3.3963
0.0051
2.1649
0
0
34.1841
0.8995
0.4322
3.324
2.4608
3.0114
0.4747
0
0
8.0115
0.1904
1.1673
0
0
10.7455
3.8568
4.7974
0
0.2263
0
0
1e-04
0
0
0
7e-04
0
0
0
0
0
0
7.0777
0
0
1.5383
6.8279
0
1e-04
21.277
11.4261
0.002
2.1965
0.0466
0
6.7406
1.5708
0.1442
3.8839
5.2759
6.0865
12.8331
0
1.4591
0
0
3.5725
8.4604
0.178
0.1183
2.1022
12.5281
0.7052
0
0
3e-04
7e-04
0
0
8e-04
0.9245
5.3184
0
4e-04
0
0.05
2.2599
1.6129
1.1089
0
0
0
1.874
1.1912
0.2807
0.2875
1.3367
0
2.5244
1.4667
0.001
0
0
0
2.2742
0.7913
3e-04
0
0
0
0
0
0.6349
3.2908
0.0082
0.0018
24.2239
3.6026
0
0
33.9417
0.0898
0
0
1.0094
7.4375
0.0524
0
3.2373
7.5521
0.0093
1e-04
0
0
0
16.2149
0.8478
0
12.514
0
0
0
1.0066
0.0856
0
6.1769
0.347
0
15.3888
7.0602
0.0464
0.057
0.0777
0.1797
1e-04
0
0
0.3195
0
0
0
3e-04
0
0
0.4943
7.967
12.484
22.8592
0
5e-04
1.5136
3.3627
0
0
0.1044
1.0567
21.1572
0.3609
10.6518
0.1618
0.0644
15.7324
0.6126
2.3928
1.0518
0.1572
0.0907
0
0
0
0
2.7641
30.8957
10.7919
0
0
0
0
6.8875
25.1368
0.1587
16.5877
1.8287
18.891
0.2393
0.0128
0
0
10.7697
12.2909
5.8926
3.4934
15.1764
1.1369
4e-04
0.1381
0
0
0.4087
0
1.107
0.0164
0
0
0
0
2.6691
0
0
0
0
0
0.4393
2.5601
0
0
0
2.2594
0.1022
0
0
0
0.8047
3.1953
0.1116
3.0987
4.4952
10.6385
14.4274
0.0541
0
0
0.3789
0
0.2718
0
0.2359
0
0
0
0.7333
4.9707
18.5914
0.0833
3.5777
18.8645
2.5607
0.1102
0.0389
0
0
2.1935
0.0966
0
0.1547
0.1835
0.9518
7e-04
0
0
0
0
0
0
0
4.2532
0.1269
0
0
0
0.0424
1.3615
0.5112
0.0247
0.1605
0
0.0454
0
0.1079
0
0.0277
0
0.1345
6.4852
0
0
0
0
2.744
24.5495
14.9385
28.2394
0
0
0.0021
0
0
0
0
0
7.3245
3.7937
0
1e-04
0
0
0.1524
0.2907
0
0.9958
9.7145
1.3199
0.5598
0
0
0
8.3997
0
0.0584
0
2.1166
7.7201
0.5582
0.1188
0.1921
0
0.0371
6.8617
0
0
0.0692
0
0
0.346
2.6514
0
0
0
2.897
0.2527
0.0586
0.0019
4.4778
6.0917
13.8806
0.2164
0
8.7386
7.6039
0
1.229
7.0919
4.539
0
0.112
0.33
1e-04
13.0956
11.8235
0
0
4.9588
17.3103
3.6718
0.0318
0
0
0
0.2068
7.939
4.266
0.746
0
0
0.8158
0
1.635
10.7177
0.0209
0.1883
0
16.4986
0
0
0
4.6977
2.0913
7.993
2.2873
0
2.4297
23.6508
9.4495
0.714
0.5384
3.9303
6.9933
1.3225
0.2643
1.0652
0
0
0.0888
0.3584
11.0576
1.6809
0
0.277
4.2583
1.0436
0
0
0
10.8144
22.2701
7.0242
3.1325
0
0
0.0423
0
0
2.9653
0.5358
3.9493
0.5953
0.6169
0.6805
0.2765
9e-04
0
5.3923
0
0
0
1.4267
1.9459
0.0259
0
0
0
0
0
0
5.91
0
0
0
0
5.9647
1.2676
0
0
0
0
0
0
0
0
0.1558
0
1.6617
2.2891
16.2877
0
0
3.7401
3.3772
9.4056
19.9127
2.8413
0
0.0087
0.0327
0
0.0015
2.7069
0
0
0
0
0
0
1.8827
0
2.2313
1.3216
0.0068
1e-04
0
11.7789
0.0438
0
23.3304
11.4983
11.8605
0
0.0479
0
0
0
1e-04
0
0
2.97
0.0018
0
0
0
0
0
0
0
0
0
0
13.8655
2.8114
0
0
0.5436
4.8709
15.0928
5.964
0.1622
0.1507
0
0
0.0746
27.5181
0.065
0
0
0
0
0.6419
4.2049
0.1331
0.0649
0
0
0
0
0.0543
0
0.2501
0
0
0.0021
0
0.3934
8.5854
0
0
0
0.3982
0.2413
20.1049
1.7001
0
0
0.011
1e-04
4e-04
0.0846
0
0
0.9165
6.1403
1.2021
0.1136
0
0
15.9714
12.777
1e-04
0
0.0795
1.2975
2.3886
0.5003
0
3.2484
0
3.2609
14.2864
0.2667
0.3866
0.0426
1.6879
0.2292
0
0
0.6397
0
1.7557
0.1076
0
0.2011
0
0
0
0
0
0.5114
0
0.2449
3.6945
0
0
2e-04
3.0769
21.3751
3.7662
0.386
0.3047
0
5e-04
7.1994
0
0
0.476
0
5.8406
8.4554
2.3501
4.9328
0.1804
0.9978
1.5129
2.3271
0
0
0
3e-04
0.045
0
0
0
0
0
0
0
0
0.2326
0
0
0.2023
0.0466
0
1.803
0
0.6921
2.8946
0.1736
0.5895
1.2378
0
0.147
3.202
0.9809
0
0.04
0
0.0616
0.7131
0
0.1233
0
0
0
0
2.9831
0.1701
0.0042
0
0
16.1382
4.6966
0.8523
5e-04
0
0
0
0.0487
1.2232
0
0
5.4136
1.0779
0
0.2868
2.5041
0.0914
0
0.6096
18.2158
0
0
0
0
0
1.3398
1.2966
10.4406
0.2607
0
0
1.5519
4.1051
0
0.0836
13.0982
0
0.3337
1.5695
0
0
13.0943
24.7459
0
12.2094
0.1868
0
0
0
0
0
0
0
0
0.5036
1.0417
1.1569
1.0392
2.1937
0.1316
0
0
0.0058
0.6771
0
0
0.0039
1.5491
2.3084
16.4831
0.1251
0.0017
18.7274
1.5157
12.6314
13.4974
16.9335
13.9543
7.9572
5.9056
0.2381
0.0086
4.9532
0.1785
0
0
0
13.2865
0.0576
0
0
2e-04
0
1e-04
2.4063
3.1891
0.0015
0.1183
22.7812
0
0
3.6472
1.3249
0.2351
0.0276
1.7493
25.2357
0.0406
0.0184
3.4515
39.1781
1.6387
6.1454
0.9134
0
1.0322
0.015
0.6468
0
0
0
0
0
0
7.9596
5.574
0.1032
1.5687
1.2081
2.4631
0.1242
0
1.7193
1.5293
1.0885
15.8979
21.7996
9.6988
6.0363
2.8928
0.0714
0.0012
0
0.3918
0.2327
0
0.5781
0
0.2926
25.0361
2.6109
1.6655
0.1471
0
0
21.9207
0.9216
0
0
0
0.174
23.1773
13.7457
10.1615
1.8708
1.0671
2.2814
1.583
2e-04
0
2.9172
4.1789
0
0
4.6671
4.4539
0.9379
0.0127
0.0439
0
0
5.3834
0
0
0
4.412
4.1256
0
0.0069
0.1414
2.537
43.3563
4.117
0.6956
0
0
0
0
0
0
0.1423
0.0547
0
0
1.3496
5.5155
0
0
0
15.7723
0.0131
0
14.0812
1.3387
0.1404
7.406
0.4208
28.9207
3.1033
2.4889
0.2571
0.1509
0
2.5843
3.5665
0
0
0
0
0
2.4205
0
0
0
20.2638
4.9112
0.3874
0.0275
0
0
0
0
0.0029
0
0
6.9588
14.0632
0
2.4231
1.9034
0.0556
0.0164
3.4932
5e-04
0
0.0442
1e-04
0.0819
0
0
0
0
5.3374
5.3848
0.695
0
1.4613
2.0713
0.7032
4.6656
4.3084
0
0
0
0
5.632
0
0
19.233
13.6298
0.225
1e-04
0
0
0
0
10.6661
1.0781
0
0.1615
0.7607
12.4892
0.3961
0.0418
0
4.9243
0
2.9177
0
0
0.3836
1.6121
0
0
20.6967
1.9691
1.2484
0
0
0
5.7169
8.8457
0
0.0563
2.6285
0.2358
15.1201
2.1504
0
0
0
0
0
0
0.0327
0.1064
1.0628
0.7932
0
1.6662
0
7e-04
0
0
0.046
0.7997
0.3407
0.154
0.772
5.0216
0
0.0356
0.1934
0
0
0.1257
6.1477
0
1.5291
0.1311
0.8092
1e-04
0
0
0
0
0
0
0
0
0
0
0
2.9897
1.0435
0
0.34
0.6568
1e-04
0
0
0
0
5.1144
0.4886
0
7.1185
9.8011
0.0037
0.9396
0.2651
0.0207
0
0.1624
0.0469
0
1.8075
0
2.3867
0.2673
1.5658
1.77
5.2123
0.011
1.1855
0
3.5376
5.7882
8.4043
2.1762
0.111
3.3348
16.6103
2.9895
0.8884
6.9983
0.5606
0.18
0
0.0807
0.002
4.7957
0
0
0.0481
1.1107
3.2651
0.0047
0
0
1.0567
0.0268
1e-04
0.0179
5.2269
0.3028
3.5941
0
4.1754
0.2005
0.2663
0
0
5.2582
4.7001
16.5352
0
0
0.0291
0
7.9672
0.0269
0.831
14.9122
2.619
3.1234
4.2698
8.3791
7.6186
0
2.3665
8.4435
3.0322
0.2722
29.9558
2.6738
0.0937
9.416
0.4145
0
0.0225
1.4509
0
5.8441
21.8564
0.5565
3.0823
0.1053
0
0
0
0
0
7.1841
8.5808
23.7787
5.5574
0.0369
13.5009
0.3796
1.2773
14.2121
0.3062
0.1194
0
0
0.3104
0
0.0279
7.4606
0.0153
0
5.2776
0.0466
0
0
0
1e-04
3.2534
0.7107
0.7698
3.2305
0
0
0
0.6931
7.5367
0.0398
0.0083
0.9119
1.7201
3.1432
4.6361
0
0.6333
1.9457
13.0671
2.8749
0
0.4598
4.6522
7.9821
1.7789
0
0.3418
11.4088
0
0
0
14.1059
1.8682
0
1.016
0
0
0
0
0
0
0
7.6616
0.0686
0
3.6307
17.3501
10.8594
0.0246
0.5457
0
0
0
3.1924
15.833
4.7601
12.52
0.044
0
3e-04
0
0.5258
1.9463
0.1017
0
4.7587
5.8789
2.7573
0
0
2e-04
3e-04
0
0
0.395
2.3712
0.0168
0
0
0
0
0
0
0
0
0
0.0032
0.3638
0.0309
0
1.2446
0
0
0
0
0
0
0.0745
0
0
0.0226
3.761
0.0556
20.8526
1.8265
0
7.9092
0.4048
0.3458
0.1358
0
5.3046
3.6747
0
0
0
1e-04
6.5399
2.8558
0
0
15.6621
0
19.4518
0
0
0
0
0
0
0.0351
0
0
0
0
3.8579
2.8385
0.0918
14.2385
3.5932
0.0994
2.9511
0
16.9721
6.844
0.2643
0.7185
1.965
0.7287
3.3648
7.9905
0
0
0
0
2.2948
13.0876
0.3751
0.9965
1.6229
2.1345
0.2072
1.9409
0.4604
0
0
0.0015
0
0.5225
0
0
4.7115
20.8325
0
0.018
0.0616
0.1649
0
0
0
4.4693
0
5.1718
15.6034
1.7165
17.9901
10.9364
0.0108
7.3254
0.0389
0.386
10.5821
31.9747
11.6195
3.6488
0
0.552
0
0
1.6264
0.2776
0
6.6893
0.3359
7e-04
0
0
0
0
1.5412
0.9206
0.0328
0
0
2e-04
0
0
0
7.8183
4.992
4.2571
0.0717
0
0
0.5979
2.442
0
8.2546
1e-04
0.0048
0.0336
4.6398
4.1397
0.2418
1e-04
2e-04
0.0032
0.1888
0
3.2905
4.1899
0
0.917
0
0
0
0.5814
0
0.1838
0
3.6426
0.709
0
0
0
0
0
0
3.9337
1.1981
0
0
7.1033
0.2714
1.5394
0.2638
0.2895
0.0197
0
0
0
1.533
30.5023
1e-04
0
0
0
1.8945
0
0
0
0
4.5797
0
0
0
0
4.7888
0
4.5798
5.0138
0.8233
10.6289
20.4434
12.6021
2.7076
14.0538
1.7369
1.0967
0.2373
0.8413
0.1812
7e-04
0
0
0
2e-04
0.0548
0
0.0504
0.0704
1.8383
2e-04
1.8044
6.5739
0
0
0
0
2.5173
0.9852
0
0.6186
5.3612
2.1326
0.1886
0
0.0219
5.075
0.3132
1.1579
0.0651
7e-04
0
0.6085
0
0
2.6503
0
15.3708
6.0035
5.3363
0
0.0117
0.4133
0.0035
0
2.1542
3.5426
0
0
0
0
4.8197
0
0
0.0173
0.7091
0
4.6075
5.2532
8.5436
5.478
0
0.1647
0
5.1426
0.0048
0
0.5709
0.8669
0
0
9.4026
9.1219
10.2653
1.3007
13.901
5.5763
5.7502
5.1673
0
34.2359
0.6313
0
2.7399
4.1653
5.8068
41.2978
0.0085
2.8103
0
0
0
2.7786
2.7786
0.158
2.625
0
0
0
3.0034
7.5132
0.0481
0.2465
10.1238
10.2281
0.0723
0
0
0
2.6699
8.8606
0.0164
0
0
0
0
0
4.4165
0
0
29.9191
16.3311
0.0337
0
0
0
0
0
0
13.3284
3.7828
0.0014
0
0
0.3658
2.5486
0
19.6446
0.6109
0.038
0
0
0
0.0751
22.8782
0.3195
5.5238
34.1607
0
0
6.9589
6e-04
0
0
0.0954
0
0
0
2.6344
2.9501
0.7687
0.3949
1.2669
0
0
0.3545
0
0
0.6893
0.4739
0
0.6136
1.6532
2.9683
5e-04
19.6322
6.6876
0
0
0
0
0
0
4.8385
0
0
0
0
3.5331
0
0.231
7.8212
0
0
0
0.9272
0
18.2571
5.9156
0
0
0
0
0
0.0821
1.6944
1.1417
0
0.099
2.9677
1.3769
13.9002
0.1638
0.3881
0.0495
0
13.8859
0
1e-04
0
0.4851
4.99
0
0.0139
0.085
0
0.694
9.8798
0.0527
0
0
0
0
0
0
0
0
18.9033
2.6492
0.0013
7.0254
6.1229
0.0089
5.3093
0.0355
13.6309
1.6643
0.5649
1.0712
0.2124
0
0
0
0.2233
1.0329
0
5.3063
1.7436
0
0
10.4182
13.5562
0
0.0431
3.7402
0
0
0.1575
0.423
0
0
0
7.0408
0.2083
0.0447
0
3.4802
9.0905
17.1583
2.0038
0.0069
1e-04
0.0641
0.1273
0.0824
0.01
0.1371
0
0
0.0064
7.3073
8.7138
0.0178
0.0211
0
0
0
0.1648
0
0
0
0.2916
0.0925
0.0074
2.1592
0.0386
0
0
7e-04
0
0.0749
6.0307
7.2516
0.001
11.0711
13.2742
0.1665
1e-04
0.0899
0.5211
0
0
0
0
0
0
0.1187
0.3077
0.116
0
1.4062
0
0
1.0293
8.5783
1.187
7.8077
0
0.0388
0
13.0201
0.1367
0
0
0
2.3407
0
2.1654
0
0.0714
0.2708
0
0
0
2.4335
7.0305
3.4036
2.048
2.7377
0
0
0
0.4821
0.0451
0.2817
13.7046
0.9382
0.2771
0
0
0
0
0
4.7794
26.1162
6.2768
13.4456
5.4231
14.408
9.6757
4.5773
7.5236
3.1561
0
0.4981
0
0
0
17.2233
15.0592
1.6085
0
0
2.1982
0.9007
1.9139
9.4523
3.4224
2.4839
0.0864
0
3.8118
0.4733
0.5033
0
0
0
0
0
0
0
0
2.6669
14.073
6.2497
10.8419
84.4917
0.5122
0
0
0.01
0.8109
3.2352
0
0
0
3.8394
1.2314
6.9698
8e-04
0
0
0
0
4.8101
4.3913
26.6998
2.41
19.4388
0.7115
0
0
1.143
0
6e-04
0
1.5151
0
0
0
0.9781
2.4911
35.0573
0.0464
11.2683
2.6658
8.3598
0
12.2713
0.0135
0
0
0.1935
0
0
0
0.0386
0
0
2.4402
0
0
0
0
6.6908
0
0
0
0.3579
6.7426
0
7e-04
12.3912
4.1608
37.3412
0.3069
0.1753
0.9996
1.8267
0
0.0576
2.5192
1.2914
0.0471
0
0.644
0.0255
0
17.7141
7.768
0.002
0.2563
0
0
10.9573
6.5864
0.2169
0
0.0633
3.5289
1.0933
0.0444
0
6.4579
7.8247
0
7.106
6.1639
4.7534
0.6202
4.4305
1e-04
0
0.0123
0.042
0
0
15.1738
0.3785
0
0
0
1.314
50.3739
0
5.1672
3.0795
0
1.9494
0.0235
0.321
0
0.8475
15.7711
7.7242
0
0.2508
1.2672
0.0888
0
0
0
0
0
7.0746
0.0717
1e-04
0
5.3677
0
0
0
5.5597
25.221
1.0918
0
1.648
0.007
0
0
0
0
0
0
0
0
0.4477
18.6957
44.3461
0
0
0.0991
0
0
0.9607
0
0
0
0.033
4.7634
3.9341
0
0.001
0
0.5771
3.2148
0.047
0.8562
2.7323
12.4492
0.5298
0
7.0583
6.8834
0.035
0
0
2.365
6.7714
8.9106
0
0
0.4294
23.4468
20.4271
1.3876
0.5006
0
0.1605
0
2.0369
17.2698
4.8504
27.6408
0
0.0969
0.1608
0.0982
0
0.8032
0.1088
0.1084
0.4652
0.6928
0
5e-04
1.4037
0.0036
1.572
0
0
1e-04
0
0
0
0.5358
0
0
0
0
0
1.2628
5.9832
5.5279
0
0
1.1127
0.154
0
1.1539
0.0325
0.0325
0
0
5.0517
0.0222
0.356
0
13.6468
11.3301
0.0511
0
0
0
5.6397
0
0
0.4642
0
0
0
5.3676
22.5533
0
0
0
3.3939
0
1.6194
5.7798
7.4912
2.2671
0
0.169
0.2664
1.266
0
0.0158
0.9546
6.8713
0.2774
0.0407
0.1061
0.7449
0
0.1676
0
0
0.0259
12.8857
6.5743
0
0.5922
2.4786
0
0
0
0
0
0
0
1e-04
0
22.075
24.4081
7.6151
0.0584
2.0114
0.2597
19.2891
5.2392
0
0
0
0
0
0
4.149
1.1428
0
0
0
0
0.1381
12.3348
0.7897
0.1168
1e-04
1e-04
0
0
0
0
2.5316
7.0381
0.388
0.0475
0
0.0425
0.0386
2.7749
3.301
6.7179
16.265
0.0996
1.5873
0
19.7866
0
0
0
0
0
0
0
0
0.0096
8e-04
9.7852
0
4.0075
0
0
0.4531
0
0
1.0795
9.2004
0.031
0
0
0
0
1.3613
7.0201
0.8522
0
0
0
2.3728
0.2099
0
0.4209
9e-04
1.7926
0
3.1995
0
16.2739
0
0
0
0
5e-04
3.807
0.8402
38.546
1.0087
0.1531
0.0445
0
0
0.0011
1e-04
0
22.2803
2.3528
18.1644
11.9975
25.373
2.0241
0
0
0
0
1.2315
7.076
0
0
23.7849
65.4843
10.4744
7.1014
0.0815
2.4565
12.4299
2e-04
0.148
0
0
0.0038
0
0
0
0
0
0
0
0.9742
7.9668
30.4211
0.1382
0.8097
0
0
0.1543
0
0
0
0
0
0
0
0
0
0
0
13.2922
0.1095
0.0018
0
0
8.229
4.5208
1.1651
0
0
0.5343
0
0
0.2058
0.0139
4.4593
1e-04
0
0.1682
0.0568
1.3563
0.9756
2.0711
0.4467
0
0
1.7768
39.1212
0.232
0
0.4823
1.2674
0.173
0
0
0
0.2435
0
0
0
0.2437
0
0
0
0.0066
0.4641
0.0344
0
6e-04
4e-04
4.1411
0
16.9157
0.0775
0
0.1138
2.5657
1.2503
2e-04
0.2562
7.2307
32.2533
0.0336
0
0
21.3195
0
0.1901
0.0536
0
4.5724
0.0399
0.3511
1.5842
1.5643
0.4626
0.0834
0.0975
7.3853
0
5.7606
29.1603
1.8002
0
13.8345
2.9492
1.1794
0
0
0
0
0
7.2745
0
0
1.4838
0
3.2802
2.0104
0
0
0.4786
0.2277
0
12.2469
24.2824
1.0314
1.2779
0
0.4384
2.2096
1.1008
0
0.3523
0.1114
0
0
0
0.974
0
0.3592
0
0.9845
0.7781
0.1228
0.8431
4.2053
0
7.322
0
0
2.2437
31.7742
52.3875
0.6763
0.4433
1.5729
0.7375
0
4.7524
2.9507
0.2839
0
0
9.5736
0.9615
0
0.2775
2e-04
4.9171
0.1079
0
0
15.7112
0.2681
0.5044
3.229
0.2696
0
5.4341
16.3288
17.6411
0.3957
3.8125
11.5845
1e-04
4e-04
0
0
0
1.1177
0
0
0.0478
6.6794
24.424
0.552
1.7849
5.5728
0
0
0.0178
0.0163
9.31
15.778
0
0.113
2.5303
6.2673
0
0.046
18.1972
0
0
0
0
0.6942
2.7031
12.9176
4.9071
3.1041
0
0.2376
0
0
0
1.1272
3.5788
0
0
0
0
4.0846
2.1996
0
2.4278
3.2149
0
0
22.0713
4.4098
0
0
0
4.5651
1.9415
0.2423
1.1209
13.9072
2.9046
0.024
7.4094
0.4516
3.4043
0.3833
6.1425
3e-04
0
0.0924
0.9085
0
0
0
1.5405
0.3547
4e-04
0
0
14.7238
0
0
19.3688
2.7304
0.1384
0
0.0656
4.1913
4.7683
22.8234
0
0
13.7925
2.3213
0
1.5883
0
0
0
0
15.2049
2.5619
4.8474
0
2.5905
27.3932
5.0579
16.0934
3.4425
1.1276
0
0.4404
53.0972
0
0
0
0
18.42
7.5666
0
1.7393
2.2643
2.3103
0
0.1307
0
0.4408
0
3.1396
1.2577
3.2205
1.2495
9e-04
0
0
0.2699
0
0
0
2e-04
0
0.1453
3.1983
0.0108
0.1711
0.2868
0
0.2432
0.4025
0.591
2.8051
0
0
0
0.0756
1.0887
0
0
0.7179
0.3509
0
0
0
0
0.9079
0.0032
0.4488
0.081
0.2595
0.1575
0.0186
0
0
0
0.3502
0.798
1.4083
1e-04
2.9761
0
4.4315
0
0
36.0313
25.1339
7.4725
0.4319
0
0
0
0
0
0
0
0
0
0
0.1776
0
0.0594
2.7055
8.4773
0.3373
0.003
0.857
0
0
0.0495
0
3.4382
0.4868
0
0
0
0.1286
0
5.7745
24.592
4e-04
0
0
0
1.095
0
0
8.4206
0.343
1.3048
4.2533
0.0494
0.1705
0.1114
0
0
0
0.9868
0
0
0
1.8786
0.1251
1.8584
0.0381
0
0.5855
13.8178
6.57
28.9801
1.9914
1e-04
1.1552
0
0.0041
0.4868
3e-04
0
2.6356
1.1116
0
0
0
0
7.712
2.5581
1.8037
0.0087
0.1843
0
0.2984
0.0584
0.1456
22.2861
9.7803
0
0.2779
0.0175
3.3039
5.2895
1.387
3.9829
0
28.6281
0
7e-04
0
1.0059
14.4029
0
3.0938
2.5649
6.719
0
0
0.5596
0
0
0
0.2205
0
0.9469
0.7853
0.466
2.7935
11.1083
2.8651
0
2.2063
3.1238
0
0
0.3766
0.2899
0
0
0
0
0
0
1e-04
0
1.9541
18.0004
0
0
0
0
0
0.209
0.6426
0
0
0
1e-04
0
2.6965
35.5362
9.1775
0
0.731
0.7037
0
0
6.9032
0.034
0.3928
2.5274
0.3165
4e-04
0
0
1.2778
7.5984
0
0.1026
0.1495
0
0
0
0
0.984
49.9375
0.3111
12.7777
14.08
0
0
0
0
0
0
1.8243
0.7998
0
0
0
0
0
1.316
0.0335
0.0041
0
7.6596
0.4628
0.1403
0.9402
3e-04
9.9311
0
1.117
19.2917
2e-04
0
0
2.4292
0
0
2.4891
16.8585
1.8697
0.6447
0
0
2.0232
16.4528
1.8111
0.9028
0
0.1087
0
0
0
9.3146
0.5373
11.6756
3.5414
0.347
0
0
0
2.4097
4.0537
4.6612
0.0823
0.0971
0.1061
0
3.3162
27.7212
0.0037
3.3437
0
0
0
0
0
0
0
0
0
4.2976
42.5273
5.0069
0.1479
0.0095
0
2.8907
7.4963
2.6148
0
0
0
0
1.777
0.01
0.673
3.4479
1.9746
1.1443
0.0593
0
0
7.4369
0
26.0345
14.8569
0
0
0
8e-04
8.5937
4.6071
0
0.4896
7e-04
0.039
0
1.4795
0.002
0
0
0
0
0
0
0.0349
14.6772
0.1967
0.1203
0
0
0
1.8885
0
0.1825
1e-04
1.5961
3.7702
16.0256
1.6389
7.03
0
0.4305
0.5696
16.2004
0.0313
0.0013
0
0.861
0
0
0.1688
0
0
5.1014
0
0.0263
9.0569
1.0362
0
0
0
0.0774
6.0733
3.0267
0
5.0341
0.6615
4.4405
0
2e-04
0
0
2.4124
18.5289
4.3812
0
0
0
0
0
0
0
0.5563
1.8067
13.6964
0.2367
0
0
0
0
0
1.5833
0
0
0
0
1e-04
1.4938
0.3267
0.6615
0.0017
0
0.1539
0.2079
5.3602
0.7123
0.1771
0.1367
22.4309
0.2461
0.0535
0
0.5018
1.7506
1.4959
16.2206
1.7701
0
0.2962
0.0539
1.2231
7.7876
0.0016
5e-04
3e-04
0
0
0
0
12.4448
0.3612
0
0.1667
0.6453
4.4632
0.0813
0
7.6799
0
0
0
0.3427
0.2635
0
0
0
0
0.0308
0.0136
0
0
0
0
0.9105
0.0345
0.1128
2.673
1.1041
0.003
0
0.3198
0
0.5705
1.2217
1.5529
0
2.3136
4.238
0
6.2622
7.8493
0
0
0
0
0.2899
15.4696
0
0
0
5.945
0.0563
0.111
0
0
0.0802
2.5226
0.002
0.8512
1.2484
0.0204
0.1623
10.4259
0.737
1.3237
0.7598
0
8e-04
1.2206
0.0012
7e-04
0
0.4546
0.5252
0
5.4435
0
0.4107
0
1.5773
0.0366
0
0
0
0
0
0
0.0367
0
0
0.0564
0
7.4128
2.5239
0.001
0
1.3472
0
0
0
0
0.0317
0.0635
0
1.0949
4.4209
0
0
8.1517
3.9523
9e-04
0.0019
0.2204
0
0
1.1817
0.2286
0
0
0
0
8.2512
0
1.3005
1.5318
3.1337
0.6368
5e-04
0
0
0
0
0
0
0
0
0
0.8905
3e-04
3.5554
8.8635
6.377
0.5441
0
0
0
0
0
0
10.3202
0
0
8.4786
0.2547
0
11.4089
5.8091
0
0
0
0
0.0552
0.0276
0.6264
0.4725
12.0997
20.9543
0
0
0
0
2.8456
0
0
1.4366
0
0
0
0
0
0
0.0079
6.9849
28.5028
18.1321
0
0
0
0
5.1821
5.0919
5.099
3.2228
0.597
1.6751
2.4846
4.6535
0
0
29.776
1.7723
2.955
13.0216
0
4e-04
24.1373
5.956
0
0.3613
6.2312
2.1494
0
0
0
0
0.9624
2.4485
0.1995
0
25.9558
11.0485
1.8976
1e-04
0.2845
9.9536
10.998
0.3086
1.8438
9.7298
0
0.9492
0.0461
14.9245
4.2674
2.757
0.4556
0.2285
0
2.6998
0
0.0737
4.7189
5.7568
7.6572
0
0.8328
10.1184
6.6817
0
0
0
0
0.0527
0.2688
0
0
0
2.1582
13.5628
0.9447
0.065
0.8857
0.8721
0.0065
0
4.6838
0
5.321
0.8941
0.1444
1e-04
2.8189
18.4161
18.0424
11.7422
0.0111
0
3.2811
1.4119
0
0
0
0
1.3431
2.434
7.9651
0.001
0
0
0
0.5326
31.3209
0.3233
0
1.4004
4.3993
1.5792
0
0
0
0
11.5147
0.1105
0.3321
1.3764
0.1977
0
0
0
0
0
0
0
0.9101
0.5539
0.4962
0
0.0783
0.0018
0
0
0
3.8578
0
0.5607
0
0
22.3415
0
0
0.2017
0.1667
0
0.0011
1.8537
0
0
0
1.2731
29.0133
0.1159
0
0
5.9216
13.1901
5.5436
0.2997
0.0468
0.1261
0
0
0
0
0
1.683
11.641
0.3016
0
0
0.2317
0
0
0.592
0
0
2.2641
0
11.2978
0
0.0031
0.0352
0.2238
0
0
0
1.1603
1.0675
0
0
0
0
0
2e-04
0.1061
0
0.1348
0.7933
0
9.7212
16.9228
0
0
0
0
3.0356
3.6055
0.0141
32.126
7.1232
0
0
0
15.9478
0.1678
0
0.014
0
4e-04
0
0.4969
0
0
0.3894
0
15.7118
0.2158
0
0
0
0
0
0
0
0.0434
0.4175
0
0
2e-04
0.2105
0
0
0
0.1172
0.362
2.1045
0
0
0
0
0.8212
5.3678
0.6625
0.2444
0
13.43
0.675
1.8559
0.0147
2e-04
0
0
1.6963
1.1166
1.9031
0
0
0.2281
0.4949
0
0.0112
1.0615
0.4111
0.8396
2e-04
0
7.3794
10.9908
0
0
0.0027
0.2918
1.0326
0
0
0
0
1.1256
0.147
0
0
0
0
0
0
1.2167
9.5653
1.3542
0
1.2426
9.1002
0.0779
0
42.8907
0
0
0
1.7567
19.8859
3.8844
0
0
25.3086
0.4249
6.3778
0
0
0
7.0583
0.1538
0
0
0
0.5736
2.2065
1.3212
8.3438
0
0
0
0
0
0
1.9445
0.4835
0
0.9825
0.7756
21.5813
0.1785
0.5116
0.0161
20.1105
0
0
1.6307
0
0
0
0.1763
9.6677
1.8551
4.2965
14.3101
14.467
0
6.5777
19.2996
1.173
36.6856
2.5223
6.3478
3.5845
0.4459
0
1.6863
3.9559
16.9356
0
0.08
0.4434
1.6781
0.4537
0.0675
2.0319
0.014
5.0107
1.201
11.6423
8.0255
12.5725
3.5386
5.8688
2.8566
0
0.0077
0.6322
7.8423
3.6068
20.3389
38.0534
5.246
0
15.2044
0.0535
0
0
0
0
0
0.5324
0
0
0
1.7354
12.1322
0.2874
0
0
0
0.0014
3.9761
0.0022
0.2002
21.9969
2.0464
0.0013
6.2837
6.2865
1.5212
0
0
0
0
0
0
5e-04
0.0726
0.4887
0
0
0.5093
0.1354
2.1261
0.0246
0
14.8766
0
0
0
0
0
0
8.1678
0.0094
3e-04
0
11.4197
47.5893
9.497
0.1626
0.6943
0
0.7916
11.1819
2.4712
0
8.1933
2.5708
6.6888
0.001
0.1681
3.2355
12.8608
6e-04
5.2357
1.8133
0
0
0.0148
11.3317
1.0684
0.1664
0
0.2899
2.9322
0
4.5748
3e-04
0.0028
19.4304
15.4468
0
0
0
0
0
1.0812
3.7018
0.021
0.0891
9.4902
0.0727
0
28.3018
34.0952
20.7453
3.8572
0.3852
0.0065
0
0.2959
3.8556
0
6e-04
0
10.5651
0.4206
4.9497
0.0466
25.9299
0.2751
0.2324
44.6789
0.8483
1.9077
10.9955
2.0489
7.377
0.1601
1.9826
1e-04
0
0
0
0
0
0
1e-04
2.2075
0.0471
2.3934
1.8425
3.4331
0
1.7349
38.0576
25.8778
0.2407
0
0.0752
3.5314
1.2969
4.7004
10.0932
0
0.8068
0.1011
0.6266
0.1948
0
0
0
0
0
0.8148
0.1082
4.9205
0
0
0.0936
0
24.3893
4.3304
0
0
0
0.8625
0.0195
1.824
27.9968
16.0615
0.0098
0
0
13.3832
7.9511
39.2433
3.2391
0
0.2523
0
5.0064
17.4623
5.4994
0.0213
0
0.4532
0.0085
0
0
0.5407
3.5417
9.9851
0
0.6033
0.1255
0
1.3873
22.6928
0
1.3525
0
0
0
8.4041
0.1933
0.5183
4.5678
1.2352
0.5311
1.76
0.1911
0
0
0
0
0
0
0
2.7671
5.051
2.0164
0.1679
0.1256
0
20.3071
0
1.6821
0.7246
5.4312
0
10.6173
0
0.0936
6.6393
9.4406
4.9571
0.8285
0.0082
0
2.1691
0
0
1.4632
1.1801
0.0081
0
0.61
0
0.1567
7.1608
0
0
2.781
0
0.9302
0
0.09
0
0
2.5624
1.5118
1.2367
12.6359
0
0
0
0
16.8511
0.6307
16.3254
0
0.8853
4.8404
0
0
3.6004
0
0
0
4.6657
10.6112
0.1592
2.7044
50.0805
0.0214
9.8877
4.1388
0
0
0
1.883
9.1843
0
0
0
0
0
1.2061
0
0
0
5.8757
0
0
0
0
0
0
0
0
0
0
6.7748
0.031
0
0
0
0
0.314
5.1778
0
0
0
1.0982
3.3435
0
4.1548
0
2.6343
7.4383
0.7111
0.0103
17.0756
0.0081
4e-04
30.3516
8.0332
2.1748
1.3635
0
0
0
0
0
0.0399
0
0
0
0
14.1156
2.142
0
0
0
0.002
8e-04
0
9.3104
0.0122
0
9.6902
0
0
0
4.5878
0.0067
0
0
0
0
3.3513
0
0
0
0
0
12.1517
20.3017
0
0
0
4.4686
0
0
0
0
0
0
0.9381
2.2199
2.7723
1.1534
0.5387
0.1133
0.2709
0.2165
2e-04
0.0027
0.2266
0.432
0
0
0
0
0.2536
1e-04
0
0.0027
2.8144
11.2942
0
0
0.4162
0.7021
0
5.8794
6.7648
6.7666
0
0
0.0365
0
0
0
0
24.5185
0
0
0
4.6673
32.3346
3.9752
0
0.5425
13.6013
1.1625
0.0266
0.0074
0
0
0.2044
0.4335
0
0
0
0
0
31.9417
0.1024
0
0
0
2.8342
2.2822
0.5975
6.4475
0.1456
0
3.6814
21.172
1.6541
0
0
0
0
4.4218
0.1945
0
0
18.6939
0
0
0.822
19
0.0032
0.0048
0.6614
2.3723
0.0563
0.0013
0
0
0
7.9921
3.0171
0
4.9589
12.4604
0
0
0
0.6586
0
0
2.2116
0.6142
0.5344
0
2.5904
2.6902
3.389
1.8277
0.1173
0
3.2813
0.183
0
6.3375
6.0669
3.6274
12.0803
28.4048
11.4212
0.4064
0
0
0
0
0
0
0
0
3.2918
1.9317
9.8836
0
0
0
0
0
0
0
0.0242
0
0
1.8732
0
0
0
0
0
0
0
0
6.5576
0.0107
3.8892
0
0
0.4906
4.7065
8.5716
5.9931
0.0254
0.6556
0.7748
0
1.2848
0.0636
0
3.007
1.2608
14.2863
2.5634
0
0.3501
1.1456
0
6.8857
94.9723
0
10.8405
0.2951
0.6152
0.8233
0
0
0
0
2e-04
0
0
0
0
11.4889
0
31.7701
5.144
0
0
0
0
0
0
0.0014
0.4766
0
10.4509
0.9631
0.4027
0.4297
4.8693
0.7525
11.1322
0.9478
0
2.4301
4.526
2.0692
0
0.8109
0
4.2282
0
0
0.1829
0
0
0
0
0
0
0
3.2086
0
0
6.1441
0
0
0
26.7404
16.7491
3.0502
0
0.5423
0
0
0
0
0
0
0
0
12.9793
0.1296
0
0
0
5.5512
0
2.9695
0.0121
0
0
0
0
0.2432
10.1046
0.0295
0
0
0
0
0
0.0081
0
0
0
0
0
0
0.0059
0.0012
16.2736
27.9966
19.7238
0.7105
0
0
5.8599
0.5035
1.1256
5.2283
0.1005
0
0
0.4435
22.6592
0.6514
0
0
12.3381
2.1786
0.0081
0
0
0
0
0
0
0
0
0
3.7473
0.6799
0.044
0
0
0
0
4e-04
0.0028
0
0
0
0.1727
6.8988
1.3743
0
0
5.5386
11.463
0
0
3.7606
13.4273
2.0075
0
0
0
5e-04
0
0
0
11.3214
1.8858
0.9028
27.4321
0
1.6074
9.9688
0
0
0
0
0
0.6249
0.2571
2.6859
2.099
6.544
17.8468
7.107
3.7252
0.6031
33.8786
0.2359
2.7132
12.2245
10.7241
20.5371
6.3842
8.3678
25.107
27.8222
0
0
0
0
0
5.1638
0.7199
0.2447
0.1988
56.4576
0.0028
4.7246
0.0235
0
0
0
11.3506
0
1.0075
0
4e-04
9.8239
0.3905
10.1974
0
0.0011
0
22.7311
0
0.2423
0
0
0
2.0088
0
0
0
0
0
0
0
0
0.4827
13.0904
0.0947
0
0
15.0916
10.3518
7e-04
0
43.527
0.228
0.0329
0
0
0
0
1.8298
0.0639
0.7982
0
0.1757
3.3446
5.3264
0
0.0726
2.3212
0
0
0
8.747
23.4436
0
0
0
0
0
0
0
1.6735
0.234
0
0
1.2846
4.7299
32.2387
16.9266
4.1739
0
0
0
0
0
0
0
0.0098
5.2451
3.0685
0.0264
5.9907
0
0.0542
0.0169
0.026
0.2386
0
0
0.2015
0
0
0
10.1473
12.8722
2.7531
1.338
0.0242
0
1.5336
0.7135
0.0805
0
0
4.6807
3.7967
0
0
0
0
6.3893
9.2005
0
0
3.268
2.7439
0
0.003
0
0
0
0.0037
0
0
0
0
1e-04
1.9423
0.0486
0.9364
3e-04
0
8e-04
0
1.0644
0
0
1.4338
0.4707
0
1.5627
0
0
3.4848
27.1103
49.6562
0
0
0.0387
0.0404
0
0
3e-04
0
0.1772
3.1257
10.8674
0
0
4.2702
4.4025
0
0
0.7866
3.9166
12.5017
0
2e-04
0.0146
0
1.9904
0.4659
0.0257
1.3341
0
2.7656
0.5616
0.5616
0
1.6586
2.3608
0.9929
0
0
0
0.2986
10.1846
15.136
0
1.068
16.515
0
0
0
7.9309
0
0
0
0
0
0
0.2334
0.7514
5.4055
0
25.508
3.3319
1e-04
0.3533
0
1.1178
0.6807
5.1508
0
0
3.9685
0
0
0
0
0
1.3583
0
0.6619
0.0014
15.7967
0
0
0
0
0
0
3.5231
0.0296
0.1052
0.1101
0
0
0.7218
0
2.3562
2.7666
0.1911
0
0
0.0021
0
32.8004
3.4951
0.2408
0
13.4446
8.9994
0.0706
0
3.4448
0
0
2.7472
5.464
0
0
0
0
0
0
0.0162
0
0
6.6022
0
0
7.2976
7.1602
15.949
0.0118
0
0.9148
0.172
0
0
6.327
0
1.0508
9.1384
0.047
9.9596
3.9281
3.3091
17.4536
0
0.946
4e-04
0
0.0391
2.283
2.0471
0
0
0
0
1.3141
13.2422
6e-04
0
0
0
0.5361
0.5473
17.459
0.4082
0
0
9.9136
0
0.2071
4.1087
0.0368
0.0152
0
0
9e-04
0
4.3723
15.113
14.118
0.2332
1e-04
11.7539
11.9109
4.5265
0.0186
0
0
21.2867
0
0.5666
1e-04
0
0
0
0
0
15.944
3.9541
0.0054
0
0
0.1598
0
0
0
0
0
0.3163
0
0
0
13.7114
0
0
0.3537
2.8901
1.5122
0
4.4221
0.2326
2e-04
6.83
0
0
0.0707
1.6917
0
0
0
0
42.4347
0.4025
0.1275
0
0
0
0.0636
0
2.4445
1.9941
2e-04
0.1493
0
0
0
0
0
0
0
0
0
2.3847
11.9042
0.3826
0
0.3848
43.7271
0.3267
0
0
54.7363
13.5662
0
0.8924
0
1.4118
5.3331
0
0
0
0
8.1458
0.2532
0
0
0
0
0
0
0
4.4392
0
0.0252
12.5238
1.6562
2e-04
4.746
7.0125
0
0
0
0
0
1.4486
4.2167
5.4084
3.4623
0.0203
0.184
0
2.4074
0.2863
0.974
0
0
0
0
0
1.4923
0
0
9.3808
3.3575
0
0
1.9156
0.5821
4.5773
2.5632
0
0
0
0.9689
0.116
0
0
0
0.8391
5.6349
0
0
0
0
1.3729
2.445
14.0923
0
0
1e-04
0.2238
0
0
1.3704
0
0
0
0.089
6.2171
0
0
1.6711
0.0159
0
0
0
0
0
6.2253
0.0077
0
0
0
0
0
1.1376
7.7161
0.8582
0
0.1017
2.6717
0
0
0
0
0
17.8499
6.3595
0
3.4963
0.0843
0
1.4024
0
0.1083
11.8124
0.3054
0
0
0
0
0.2096
0
2.8237
10.6738
0
0
0
5.2186
2.4884
0
0
0.6448
3.8782
0
14.7005
6.7511
0
8.306
0.2058
0
0
0
0.096
0
1.1581
0.9651
0
1.0532
0
0
0
1.2662
8e-04
2e-04
7.6052
0
0
0
0
1.5081
0
0
6.8457
0
3.6325
0
0
0
0
0
6e-04
0.6044
0.1262
0
1.3949
8.1111
0
0
0
0
0
0
0
0
0.1492
0.1007
1.2675
15.1133
8e-04
0.2152
0
0
1.0256
0
10.7233
3.6113
0.4435
0
0.3158
7.381
2.1018
26.4867
5.8555
1.0192
0
8.4419
0
0
0.0765
0
0
1.5203
9.2309
0.0372
0
0
0
1.7875
0
0
0
0
13.9524
0.0377
0
0
6.3137
1.9173
0.2432
0
0
3.0105
1.6664
3.3293
0.2198
0
0
7.9376
1.2855
0.166
0.0696
0
0
0
0
0
0
0
9.348
19.7148
1.2931
0.9221
7.3953
62.9445
0
0
0
0
0.8042
0
0.5554
6.126
13.6871
1.2949
12.357
3.8728
1.9161
7.2785
12.2552
21.149
0.3589
8.1583
8.67
0.3505
0.0618
1.7139
0.3972
0
4.1512
0.007
74.0958
48.3689
4.7242
0.0527
3.7858
0
0
0
0
0
9.9099
0.4256
52.0174
0.0649
0.0155
8.162
0.1821
14.3899
0.9545
0.0072
7.7441
1.5578
3.0171
0.0113
0
0
0
0
0
0.4794
0.0113
0
2.6717
0.4882
0
0
0
18.695
3.2476
0
0
0
0
0.0872
6.6173
0.1493
9e-04
0
0
1.422
2.0663
7.7989
10.2609
9.7
12.2155
0
0
1.9225
4.3076
0
0
0
0
0.1986
2.6517
0.0411
0
0.6618
0.2318
48.0493
45.1026
0.0024
0
0
1.2229
0.3173
7.3755
5.4605
1e-04
0
0
0
0
0
22.9941
0
0
0
0
0
0
0
0
0
3.1262
0.4818
0
0
5.4639
2.342
0
0
0
0
1.3703
0
0
0
0
0
0.1339
2.4824
0
0
0
0
0
0
0
2.9443
2.7002
0
0
43.4534
1.4001
0
0.1966
2.9229
0
0
0
0
5.6519
0
0.0048
0
16.2699
0
0.3078
0
0
0
0
0
10.0817
2.1466
0
1.1127
0.1516
0
0
0
0
13.9692
2.6642
0
0
1.0521
0.9672
0.5417
0
0
0
0
0
0
0
0
0
2.9699
3.0151
0.2566
0
0.0171
0
0
0
6.099
1.0396
3.92
7.1995
0
2.5061
20.0145
25.579
6.9384
0
0
0
0
0
0
0
0
0
7.5539
0.3323
8.6457
0
5.8223
1.4534
1.4043
4.6029
1.1686
0.0346
0
0
0.8909
0
0
0
0
0
0
0
0.0399
9e-04
0
0
0.2002
1.9625
8.5312
0
0
0
0
0.2294
1.301
0.0047
1.1905
0.0526
0
0
0.0049
1.4504
0
0
0
0
0
0
0
36.3241
3.9841
0
0
0
0.5717
8.4746
1.0274
2.1253
3.5774
0.841
0
0
0
0.2031
22.8451
1.2471
0
8.3387
7.5998
1.0238
0.0307
0
0
0
0
0
0
0
25.4894
0.7725
0
0
13.2395
0
0
18.2295
3.2065
2.3103
0.8939
0
0
9.214
19.4763
0.9622
13.9175
0.5052
3.5208
0.0143
0
0
0
0
0
0
0
0
4.553
2.4289
0
0
0
14.4274
0
6.6758
0.3746
7.011
10.8351
20.9449
0
0.4437
1.4412
0
0.027
0
0.714
5.1572
0.0063
16.7484
9.1795
1.5066
0
0
2.2312
0.1721
0
0
3.141
0
0
0
0
0
0
0.1362
0.0106
1e-04
0
0.0321
0.4067
0
2.9248
19.403
0.1092
0.6075
0
0
0
0
0
0
0.0012
3.0834
2.496
0.4002
0
0.0119
0
0.0402
0
13.3486
1.7303
0
1.0811
1.9714
0
0
0
3.5341
0
0
0
1e-04
0
0.0084
1.5399
0.7298
0
0
0
0
3.0822
0.0984
0
0
7.6242
2.2455
0
0
0.0046
0
7.3792
0
0
0
0.0102
4.5276
2.9259
7.9292
0
0
0
0
1.8368
0
0
0
1e-04
3.4303
7.4529
1.343
57.582
17.1393
0.8756
6.5998
0
0.8585
0.0655
11.7047
0.8007
0
0
0.154
8.1011
0
21.9198
0.8285
8e-04
0.0018
0.4103
0
0
0
0
0
0
0.0016
1.6319
2e-04
22.1071
0.4514
0
0
6.037
0
0
37.1725
0.008
0
0
0
0
0
0
0
9.3682
0
6.3156
4.0647
2.5537
7.6618
5.0172
0.3098
0
0
0.0303
0
0
0
0
0
0
4.9758
0.6073
0
0.2493
0
0.115
0.1026
20.1077
12.5063
0
0
0
0
1.1007
3.4493
0
0
6.5592
0
0
0
3.125
0.9338
0
0
0
2.8583
0
0
0
0
0
0
0
0
0
0
0.2534
0.0301
0
0
2.6191
2.9987
0
0
0
3.6143
6.5067
0.9494
0.3423
0.251
0
0.5575
2.8503
10.5481
0
1e-04
1e-04
0
3.6444
4.3803
0
0
0
41.353
0.414
0.2555
0
0
0
0
0
6.4526
0
3.4873
2.3627
0
6.1532
4.8983
0
0
0
9.9399
14.2358
0.2117
0
0
0
0
6.7498
1.376
24.6814
0
0
0
0.0789
8.2923
0
0
20.1496
0
0.7145
9.0081
1.8169
0.7891
0.454
0.02
0
0
4e-04
1.9193
1e-04
8e-04
0
0
0
0
8.3844
1.9313
1.629
0
0.222
3.2562
0
0
0
0
0
0
0
0
0
0
0
6.7896
3.943
0
0
0.7547
12.4266
1.1583
0
0
0
0.0227
6.7021
0
0
0.0424
0
0
3.6393
0.815
0
0
3.1063
0
0
1.9428
0.0013
0
0.8326
1.5924
0.0048
12.7831
4.0356
0.0071
0
18.9809
4.7121
0.0084
0.0452
1.2836
3.5082
0.6879
13.8212
10.8649
0
0
0
3.0479
0
0
0
0.1318
0
0
0
9.3597
12.1712
6.391
0
0
0
0
0
0.0827
0.7115
3.897
15.5745
15.7212
2.2463
0.0946
29.0599
38.3296
2.0402
0.2277
0
0
0
7.9844
0
0
0
0
0
0
0.2877
13.0012
1.4351
7.4607
0.0015
0
0.5522
3.5222
0.1434
6.8527
1.1
1.2476
0.0302
1.0745
0.0239
0
0
0.4043
0.0847
6e-04
1.1622
0
0.1873
0.2376
0
0
3.643
1.6397
0.2891
0.7451
3.1537
1.8316
0.4554
0.0016
0.0595
11.7201
13.6217
0.0048
0
0.1299
0.7568
0
1.4089
52.6683
13.4456
0.1929
1.1599
0
0
4e-04
2.3001
0
0
49.3058
2.3359
31.9896
23.2701
0.2111
0.0015
1.4376
1.0815
0
0.0056
0.0509
0
6.4595
3.789
0.0093
0.0064
0
1.4795
2.202
0
0
0
0
25.5682
1.6702
2.4707
1.7731
1.1165
0
1e-04
0.0246
0
6.7561
1.9864
0
0
0
0
2.808
0
5.6409
0
1.3288
3.3027
0
0
0
0
0
0.2033
8.0467
0.016
0
0
0.0032
0.2789
0.0447
3.5781
0.7487
2.0482
0.1749
0
0
0
0
1.0433
3.2881
0.4064
0
0
0.8764
10.1894
0.0416
0
0
0
0
0
0
0
0
0
0
0
0
0
0.0846
1.7415
2.6127
0.5414
41.9895
1.2268
0.0155
10.4889
1.4251
0
0
0.2252
0.0083
0
0
0
0
0
0
5.1642
5.1136
0.534
0
0.3159
13.606
0
2.162
0
0
14.6997
7.1083
0
63.5582
2.5467
0
0
0
0
0
1.8893
3.5187
0
4.4191
0
0
44.3973
3.8277
0
0.0341
0.7576
0.1407
0
0
0
0
0
0
2.3853
0
0
0
0
0.1348
0
0
0
0.0126
0
0
2.121
2.9136
7.2807
0
0
0
0
0
0
0
0.1212
1.9347
3.9391
1.1231
0
0
0
0.29
0.3267
0
0
0
0.1514
0.0014
0
0
0
4.8619
0
0.4371
2.8773
18.0521
0.0078
4e-04
0.5397
0
0
0
0
1e-04
0
5.0296
10.0115
0
0
0
0.3438
0
0.8107
0
0.3063
0
0
0.0022
3.2622
2.9287
3.3607
1.1796
0
4.227
0.1137
0.665
0
0
0.2341
2.8288
8.1309
0
0.3523
15.3446
9.1961
9.6019
4.5388
3.2713
3.345
7.4974
0
0
0.2249
47.1857
3.8096
0
0.8059
0
0.0862
0.8551
0.0283
0
0
0
0
3.2098
7e-04
0
0
0.0106
0
0
0.0159
0.0042
0
0
0
0
0
14.0263
1.2813
18.4964
5.2366
0.4697
0.2081
0.0292
14.98
3.6034
0
0.6831
10.4344
0
0
0.0084
0
1.1882
0.1259
14.3843
29.2855
0.226
0.0206
0.4105
2.6283
0
0
0
0
3.813
3.1584
0
0.0178
9.8737
0
0
0
0.2016
20.0145
1.1279
0
2.348
0
0.2135
0.3323
1.8308
1.1782
0.3122
9.0943
12.5364
4.1121
0
0
0.0227
0.6806
0.0596
3.4334
7.6593
0
0
0
9.1124
0
0
0
1.0313
0.6978
16.6526
4.4143
0.003
0
0.0049
0
0
0.1808
4.1524
27.3052
8.0445
2.8407
28.1046
1.2262
0
0.2228
0
0.8712
9.9242
1.5333
0
2.8185
18.3368
0.0177
0
0
25.2369
0.3869
0.5372
0
0
0.6574
8.3444
2.7716
0.3178
1e-04
0
0
0
5.2764
0
0
0
0
0
0.0024
0.0016
0
0
1.3003
9.4587
0.0478
1.5023
0.0096
0
2.5181
0
0
0
0.0062
1.4072
3.8915
0
0
0
0
0.8988
22.4481
1.9028
0
0.0974
0
0.5093
0
0
0
10.3618
16.5465
5.6492
0.0077
0
33.4872
0.2532
0.1809
0.2109
9.7168
8.9417
0
0
0.9613
0
0
5e-04
0
1.2444
1.1796
0
1.4972
0.0012
4.6471
13.2275
4.5527
0
0
0
0
0
0
0
0.0289
1.9822
0
0.5323
0
0
6.5886
23.2333
7.9043
0
0
0
0
0
0
0
2.5947
1.2562
3.1792
2.4992
0.0125
0
0.1468
3.7508
0.1835
0.9831
0
2e-04
0
0
0
0
2.1376
3.301
0
0
0
0
0.272
8.4851
18.5366
0
0
1.7663
26.7959
15.7465
14.5507
0
5.7245
5.1694
0
0
4.0624
1.2897
0.0537
0.0161
0.1733
0
7.2909
0.1283
0.5928
8.6489
2e-04
0.0749
0
0
0
10.9672
0
17.504
0.5672
0
0.2124
2.5448
7.7487
3.0971
1.6502
0
0
5e-04
0
0
0
0
0
0
0
0.5888
0.3514
3.9011
0
0
0
1.6477
13.741
12.5416
0
0
0
0
2.2285
2.4424
0
0
15.2599
3.0636
1.0498
0
0
0
0
0.2606
5.2207
0.1653
0
0
1.1785
0.9062
0
0.4704
0
1.3129
0.3559
2.2343
1.1957
0
0.0022
16.6029
1.4917
0.7814
2e-04
25.0786
0.1569
0.0579
0.2121
0.4192
1.0831
0
0
5.9339
2.4109
16.1573
5.6733
0.0102
0
3.8722
0.5192
27.4002
0.421
0
0.0073
0
0.1603
0.461
0
6.6741
0.0307
0
0
6.2941
0
0
0
0
0
0
0.3179
0
0
5e-04
0
0
4.6218
14.5391
0
0
0.0085
7.9229
0.5457
7.0354
0
0.2747
0
0.7123
13.9135
0
0
0
0.0249
0
0
2.3089
9.1793
18.863
10.4768
0.0398
0
0
0.0749
0.4086
0
1.2691
1.8256
0
0
0.5228
2.2286
0
10.2772
0.1499
0.0081
0.0246
2.9799
13.0222
29.3226
0
0
0
0
0.9387
71.7456
1.6185
14.0132
10.0709
2.4075
6.1981
9.4797
5.6332
0.0396
0
0
0
0
6.0351
7.1092
0.0174
5.2895
4.4918
0
0
0
1.06
0.6385
9.6164
0.3297
0.5451
1.139
7.0137
0.6302
5.8986
3.4489
0.6846
13.6243
3.3426
5.5667
1.6527
14.2515
20.3771
1.0169
0
24.9161
3e-04
0.2108
0
0.0184
3.8433
0
0
9.088
5.815
10.47
6.3113
0
0.0082
0.0329
14.8093
0.1491
0
0
0.0107
0.0178
0
0.0064
0
0
0
0
3.3589
1.4781
10.991
2.0669
6.7533
0.1334
0
0
0
0.6839
0
0
0.1048
0.5523
2.5053
4.0992
1.7932
0
0
0.1597
22.1266
0
0.4315
0
0
0
0
0.1123
0.8506
0.006
0
0
0
0.4567
0
42.7588
1.1631
0
0
0
0
0.6983
7.7058
0
1.5605
2.2198
9.4412
8.0994
21.5581
17.7515
2.674
32.808
0
0
0
2.7607
47.5294
0
0
1.7186
0.627
2.5683
1e-04
0.3194
0
0
0
0
0
0
0
0.3356
13.4693
6.6063
2.1149
0.0202
0.2198
0
0
0
0
0.2583
0
8.8961
0
0.0364
1.9699
1.7189
5.1418
1.9008
35.4266
0.1945
3.0139
0.2493
0
0
1.0147
0.7482
1e-04
0
0
2.4649
0.9177
0
2.098
0
5.6807
0.3076
0
0.1941
0
1.3906
2.0038
0
0
0
16.9146
6.9235
0.2272
0
24.9389
20.6662
0.2925
0.68
0
0.5762
7e-04
0
5e-04
0
0
0
31.8614
8.1258
0
3.4842
0
0
0
0.016
0
0.1796
0.2549
0.8907
0.6952
0.5683
0.8625
0.1586
9.2954
0
0
0
6.2774
1.7868
0.6355
0
0
0
3.9844
0
6.2661
0.0108
1.0785
0
0
2.5003
0
0.4191
0.1241
0.0827
0.7874
0
0
0
0
0.0167
5.8111
0
0
0
4.3262
5.3662
0.6889
3.3713
0
0.3202
29.6064
0
0
0
3.9708
0
4.9214
13.758
5.7524
2.3325
0
3.9967
0
0
34.348
0
1e-04
1.8566
0
0
9.7781
15.3077
0.0016
0.4156
0.7264
0.0034
0
0
0.3733
0.6518
0
1.9069
0.6775
10.979
5.2454
0.2376
1.0309
5.8293
0.1469
0.0437
3.9174
0
0
0
1e-04
7.4036
0
0
0
0
0
0.3317
5.2573
10.5936
2.4158
0
0
0
10.3903
0.2133
0.0797
0
0.6935
0
0
0
4.6121
0.2005
0
1.9133
0.0146
0.0264
0.1314
0.2964
12.9986
10.5303
7.7573
0
0.1321
2.6761
0
5.9929
0.94
1.6861
31.6952
20.5798
3.9006
0.0943
0.1271
0
0
0
2e-04
1e-04
2.114
12.8649
6.3239
0.1057
0
0.2265
2.2934
0
1.2945
0.0708
4.7135
0.0229
0
0
1.4237
0.9919
0.3508
0.4863
0.0012
5.4778
0
0.3873
0.733
0.5937
1.626
0.9877
0
0
0.0058
0.0166
0
0.012
0
7.6844
1.0139
0
0
16.1002
5.0611
0
0.4134
9.8198
17.376
0.0545
1.6899
2.07
0
0.0418
0.4315
1.9565
0.0551
1.3848
8.4595
0
0
0
0
0.4215
0.0919
1.137
0.0143
0
0
0
13.7675
0.1408
0
15.731
0
0
0
0
0
0.2115
0
0.0208
0.814
18.0428
0
0
0.0897
1.4667
41.8084
0
0
0
0
0
1.6689
0
0
0.004
5.0611
3.9676
10.1566
3.5298
1.6094
0.9579
0
0
0.4848
0
0
11.8524
4e-04
6e-04
2.0189
0.7287
0
0
0
9.2311
0.1353
0
0.031
0
20.4432
4.4547
0.0091
0.5498
1e-04
0
0
0
0
0
0
0
0
0
2.9667
1.0884
0
0
0
0
0
0
0.0427
0.0413
0
0.0751
0.0075
15.8317
16.3579
3.4434
0
0
10.6895
0
0
0
0
28.3327
6.8723
0
0
0.008
0
4.7303
0
0
0
0
0
0
0
0
0
0
0
0
0
0
3.8719
0.661
1.1237
0.1237
0.0016
0
4.6783
0.0481
0.0089
2e-04
0
0
0
0
0
3.214
4e-04
2.5409
0
0
2e-04
17.3411
10.9798
12.2373
26.7806
7.7138
0.7201
0
0.6904
2.4563
3.8321
7.2687
0.1997
0
0.1619
0
0.2141
0
0
0
0
0
0
0
4.6015
0
0.2002
0
7.9225
0
0.0161
0
0
0
0
15.8198
0.2359
0.4506
6.5423
5.9386
0.1973
8e-04
0
9.9248
9.9778
0.0304
0.0096
0
0
0
0.399
0
0
0.0912
0.1074
7.1284
0.008
0
0
0.8377
4.1294
0.9048
0.353
0.4117
0.4618
1.4706
0.9791
0.9914
0.3943
0
0
0.9898
0
9.1445
2.4691
