1980 1 1
0.0012
0.1877
0.1876
0.7548
1.8904
0.2688
0.2966
0
0
0
12.3209
0.1287
0
0.4329
0
0
0
0
0
0
0
0
0.3612
0.6471
2.3692
0
0.0469
0
0
0.0496
0.0382
0
0
0
0
0
0.0903
0
0
0.2707
0
0.1302
0
0
0
4.4555
2.5679
0
0
0
0
0.3726
12.6984
0.0369
0.0092
0.8292
2.051
0.0603
0.6297
0.1442
0
0
0
0.0405
6.47
0.0395
1.5934
14.0502
0.0904
2e-04
5e-04
0
0.9551
1.3822
0
0.3843
13.4671
0.4525
0
0.1428
29.3905
0.0981
0
10.021
0.5973
0
0.5881
2.7114
7.2103
1.1427
9.5024
0.3999
0.1226
1.3429
7.9945
0.0164
0
0.0808
6.5516
5.5669
1.3647
0.4419
4.7847
0.3094
15.9138
1.2565
0.5815
0
0
0
0
0
0
0
0.0222
0.2104
0.1542
1.8003
3.9335
0
0
0
0
0
0
0
0
0
0.6835
0.0478
1.1651
4.5783
8.3792
8.3246
1.5269
0
0.2748
17.0597
12.3047
1.2202
0
0
0.1098
0.1032
0.5048
0.0524
0
0
0
1.274
4.0614
6.4273
8.5042
10.6492
5.9421
0.5962
0.8707
12.3715
8.9989
2.6847
1.6185
0.1253
0
0
0.8076
11.6848
8.1514
3.4445
0
0.0668
8.4555
1.8269
0
0
0.0252
3.0492
0
0
0
0.017
0.8858
0.2094
2.0878
0
0.159
13.9511
12.4289
0.7568
0
3.5342
5.0768
0.6975
0.2186
1.6848
0.5494
0.021
2.7303
2.5051
1.0935
0
0.0889
0.0351
2.6365
22.1519
2.8643
0
0
0.1822
3.0508
12.6794
5.8348
1.4234
1.4991
1.0707
25.3678
10.7377
0.5559
4.3127
0.4216
0
0
1.4847
10.4536
12.1529
6.1158
0.0537
4.8405
0.6762
0.9688
10.4361
5.8967
1.4861
24.3694
9.4003
2.0852
0
0
0
0
0
0.2588
1.337
4.3979
8.9013
7.9252
2.382
0.0164
5.5505
0.4586
0.0178
0.0286
0.0459
2.8103
0.8544
0
1.6548
11.3437
2.452
0.0248
0.0994
12.6421
0.0222
0
0
0.3059
2.979
6.7976
0
0.6202
2.3153
0
0
0
0
0
7.1989
0.5489
0.1904
0.049
0
0
0
0
0
0.1307
0.1458
0
0.3583
1.1179
0.6318
3.0432
9.124
0.113
0.075
0
0
0
0.9241
8.7028
0.0016
0.0142
7.5018
0
0
0
0
0
0.0104
0.1918
0
0
0
1.167
0.0225
0
0
0.047
1.6676
4.8822
0.0763
0
2.4473
0.863
0
0
0.0224
0
0.2367
2.4089
0.0996
0
7.4158
0.8686
0.79
0.3723
0.0287
4.9135
0.2491
0
0.0086
1.0858
8.4856
7.1137
3.2231
0.1417
0
0.4731
0
8e-04
0.2383
0.1425
0
1.0101
0.7048
0
0
0
0
6.7084
0
0
0
0.0336
9.4597
0.4091
5.2314
1.3277
1.4293
1.1751
0.1158
0.5481
3.558
2.9601
0
0
0.0219
0
0
0
0
0.016
1.5854
0.1355
0
0
0
0
0
0
0
0
0.1947
0.4183
0
0.0782
0
0
8.3904
1.2001
0.4166
0.5035
0.1982
1.2653
0.0063
0
0
10.0597
11.4859
0.0136
0
0
0
1.599
0.2875
0.0055
10.3488
5.3516
0.1217
0.3397
6.4069
0.2432
0
0
0.0016
1.2321
0.1444
0
0
0.2543
0.539
0
0
0
0.0215
0
0
0
0
0
0
1.4222
0
0.1994
0.402
0.4639
0.0305
0
0
0
1.0935
3.5318
4.4898
0
0.0104
3.2765
0
0.0496
0
1.0782
2.337
0.6986
0
0
0.1604
4.343
1.187
5.2357
10.5571
3.2754
25.1792
0
0.6739
9.5287
2.5279
0.3261
0.8824
0.1612
0.3697
7.4827
0.7592
0.0437
0.1394
0.0182
14.7105
9.6384
0.0971
0
0
0
0.0313
0.6999
5.5074
0
0
0.6425
14.7553
10.4243
0.1965
0
10.6536
6.7538
0.1978
0
0
0
0
0
0.03
0
0.1602
0.1275
0.7294
8.3902
5.2832
0.1464
3.7797
0.0134
0
0.0118
4.9562
2.3272
1.9051
2.0916
0
7.0712
41.8058
4.3135
0
2.6719
26.322
6.6904
0.2701
1.1353
0.0886
0
0
0.4535
10.5892
26.4606
0
1.6328
17.8066
0.0146
0
0
0.0877
0.3901
1.6803
1.0887
1.1463
3.1098
2.6117
0
0
0
1.9942
3.6439
0
0.0501
2.4695
0.9726
0.3973
0.0112
0
0
4.437
25.0261
2.172
0.0584
0
0
0
13.1563
1.0046
13.2621
0.3325
0
0
0.0052
0.33
4.5838
2.1233
0.0952
0.3898
5.7624
2.5141
0.0971
1.0057
11.1238
0.034
0.0322
0.4107
4.9447
0
0
0
0
0
0
0
0
0
0
0.0111
1.8325
9.2496
14.4471
16.2922
4.2941
4.9712
20.4643
14.8058
11.6298
2.3057
1.0754
0.1042
3.1557
0
0.338
0
0
0.0067
3.5076
7.8708
10.4748
32.8852
10.5339
3.0154
1.4396
2.1751
2.5502
0
0
0.0884
0.8546
4.361
0
0.8637
8.6129
4.8287
0.2265
0
0
0.6884
13.2036
0.0349
0
0
0
0
0
0
0
0
0.1442
0.2057
10.9337
1.2261
0.0699
5.5594
3.2452
4.2435
0
0.0238
8.9056
15.3029
1.4024
0
0
0
0
0
0
0
2.6569
2.4792
0.0841
0
0
0
0
0
0
0
0.008
0.0394
0
0.5231
4.132
18.8714
1.1532
0
0.0953
0.4868
0
0.6038
1.365
0
0
0
8.84
0.5506
0
6.3321
0.508
0
0.0018
2.0261
0.1406
0
0
0
0
0
0.4211
0.5329
5.0658
0.1523
0.0604
0.3303
3.9325
5.1834
25.6925
0
0
0
6.1962
3.5522
0.8659
1.1006
1.0527
0.527
0
2.1532
8.7711
2.2413
0.6445
2.8621
0.2454
1.4447
0.468
0.8129
0.6759
2.8651
0.2407
0.7034
2.1245
0.1799
0.0712
0.1431
0.0681
0.5202
0.9664
13.9844
0.8208
0.289
0.1327
0
1.9764
0
27.4574
9.442
3.2227
2.3916
6.871
2.5441
0.5163
0.7667
0.2183
0
4.6578
0.0029
0.5364
0
0.2793
0.6778
0.1566
0.2466
1.048
0.2113
3.583
0.497
0.2891
0.0063
0.1014
4.7431
0
0
0
0
5.1418
2.8175
1.6849
17.7304
0.5339
0.0337
0.7198
0.9759
1.5433
1.5379
4.3194
0.3588
6.4222
0.037
3.8609
12.4263
0.6897
0
1.8322
4.6951
0.0778
0
0
3.5194
2.1615
2.0736
0.8534
0
0.0855
3.7651
11.3595
0.0129
0.0231
7.5164
2.076
1.0345
14.0049
0.4084
0
1.5386
0.6586
0.6063
0
0
0
1.5038
5.1662
6.2911
0.0696
0
2.0995
0.1935
0
0
0
0.1508
0.4401
0
0
0.0904
0.0558
0.3564
2e-04
0
0
0.5232
3.3758
3.7302
3.5218
0
0
0
0
0.7172
0
0
0
0
0.4537
5.699
3.4707
5.5117
8.7175
10.039
0
0
4.9817
20.3506
18.0316
1.4194
2.0159
0.8442
1.8051
0
0.1203
0.0304
1.7931
0.197
0
0
1.6267
2.3516
8e-04
0
0
0
9.8793
18.9582
1.4311
0.1289
3.2547
1.1054
3.9307
10.0751
0.4227
0
0.4043
1.1215
0.3574
19.7738
17.5802
0.3172
0
0
31.3264
0.1307
0
0
1.4279
0.6875
0.8012
2.3616
1.4819
0.0236
0
0
0
0
0.5982
3.2127
7.4217
1.7245
0
0
0
0
0
0.1901
0.5635
1.0106
0
0
0.7865
0
1.5517
2.5874
2.0099
0.2006
0
0.3448
4.8217
0.6128
0
0
0
0
0
0
0
0
1.8655
0
14.1307
0.4804
0.0324
0.1109
0.2141
1.0061
0
0
0
0
0.008
0.0835
0.3479
1.6872
0.0967
0
0
4.5874
1.3258
0
0
0
0
0
0.2843
6.8293
1.8554
0
1.0862
7.204
0
0.0986
0.1364
9.4324
6.0516
0.7571
2.6676
1.6714
26.9335
0.4272
0
0
0
0
0
0
0.4287
0.53
5.7832
2.1332
0.866
0.0153
0
0
0
0.4299
0.925
0.251
0
0
0.0284
3.1741
0.0319
0
0
0
0
0
0
0
1.2687
0
27.8465
16.9757
29.3572
8.7626
0.4335
0
0
0.0618
0
2.3431
1.2505
9.247
6.5943
0.6415
0
0
0.0467
0
0
2.1942
20.7261
12.3906
1.9308
11.6562
4.4938
0
5.9348
0.1293
15.9982
1.2002
0
0.1119
0.1444
0.8306
2.4994
3.5523
0.6629
0.2327
0.1051
0.2962
0.4298
0.6282
0
0
1.5373
8.1216
13.6414
0
0
8.298
1.3092
0.1459
0.1885
5.6727
2.9281
10.9592
1.6765
10.1856
3.2851
0.0016
0
0
0
0
0
0
0
0
0.0611
0
0
2.1702
0.627
0.044
0.118
0.196
0.2422
0.1058
0
0
0
0
1.2112
6.6129
2.4651
0.0356
0
0
0
0
0.3885
4.8349
0
0.0565
5.8307
0.7747
0.553
0.4471
0.2252
3.1274
0
0
1e-04
0.0166
0.0133
0
0
0
0
0.0649
0
0.2477
0
0
0.0808
0.1135
0
0.249
0.1264
0
0
0
0
0
0.0288
0
2.8891
1.3534
2.9354
0.3323
2.416
2.6538
0.064
0
0
0
0.0698
0.0168
1.9494
6.2286
1.7273
8.7729
0.003
0.0629
0
0.5469
0
5.4895
1.7787
0
0
0
0.3313
7.9041
4.1417
0.3689
0.4155
3.372
6.0583
5.3228
6.8718
3.5199
0.4434
0.173
10.5746
12.712
3.4284
0.2265
1.6041
0.1701
0.0469
0
0
0
0
0
0
0
0
12.1365
1.5258
16.3571
7.8784
17.2603
9.4262
2.7323
1.0364
1.3116
1.7811
10.8026
0.6531
0
0
0
0.5107
9.7572
5.8526
0.3967
0
0
6.5886
0.1456
1.9837
15.6286
0.2909
3.1028
2.8906
0.8787
0
0.4487
8.1658
0.3961
0.2034
0.134
1.6222
1.506
1.9945
0.9419
16.9498
0
0
0
2.0306
0.2826
0
0
1.6905
0.8604
1.3969
0
0.0117
2.8568
0.3053
0
0
0
0
0
0
19.1616
32.9036
4.0056
8.0189
4.5883
3.9926
6.1262
9.1022
1.6967
0
0
0
0
0
0
0
0
0
0
3.2774
7.7583
2.7763
3.7062
7.8077
0.6621
4.5253
2.24
1.4095
0
0
0
1.6585
10.7413
5.5885
15.1796
1.6906
0.3554
0
1.0892
0.6281
0
0
0
2.196
0.0347
23.5605
0.8319
0
0
0
0
0.059
0
0
0.4844
0
0.1245
0
0
1.0825
0.3937
1.623
2.3006
3.3366
5.5924
3.8506
0
0.3502
0
3.3804
2.2729
5.3304
14.619
0
0
0.0012
0.0365
0.0354
0
0
0.0994
7.4599
0.6556
0.041
0.3481
7.6544
19.3851
0.0379
0.0321
0.2407
0.1175
0.0179
0
0
0
0
0
0
2.8656
12.161
12.9532
0.2013
0
5.0398
1.5585
0.1084
0.0412
4.32
37.3017
1.3247
0
0
0.2413
1.3514
0.1945
1.3262
1.7774
14.793
5.3469
0.4714
0.8996
0.8242
0.9865
0
0
0
0.0932
7.9932
7.5583
7.4914
0
0
0.0467
0
0
0
6.8357
36.1783
0.1292
0
0.5948
9.3623
11.6093
0.3708
0
11.4678
1.2588
0.5866
0
11.6042
0.0253
0
0.1182
1.7313
22.4432
0.0553
0.0091
0.7359
0.6202
0.4534
17.173
1.0414
29.5447
0.9092
1.9747
1.0508
0.3634
3.1698
7.8391
0.0044
1.1226
0.3359
0
0.0263
0.0239
0.6567
3.1785
2.4521
11.9667
0.0034
0.3773
0
0
0.7103
8.7799
0.3193
0.9807
0
0
0
0
0.3342
0
0.1145
0
2.4375
0.9209
2.3513
0
0
0.1301
1.2913
0
0
0.0405
0.762
0.0329
0
0
0
0.267
5.5113
0
0
0
0
2.3159
4.9039
0.0365
0.0025
0.2509
4.6232
0.1079
0.6514
0.0966
0.022
0
0
1.4452
2.2075
1.7635
8.1855
9.5897
0
0.0145
1.8406
0.6845
0.8021
0.0272
0
0
0
0.1377
4.6508
1.4112
3.1428
12.3525
1.8778
0
0
0
0.0129
5.5432
0.1473
1.7746
1.3568
0.2153
0.0202
0.0372
0
6.9555
0.7898
0.3569
10.4289
0.0031
0.4819
0.0402
14.3907
22.0803
2.3409
0.0352
6e-04
0.0287
0.441
2.7591
1.2828
1.2747
0
0
0
1.9952
1.1908
2.4803
5.1553
0.6122
0
0
0.0469
0
0
0.3171
5.7696
2.9417
5.9
3.2847
6.9275
4.7012
0.1081
0
3.3934
22.1262
7.5807
5.818
0.695
0
11.1837
0.0337
0.106
1.7373
0.0026
1.3175
2.0602
2.9731
0.0563
0.1314
3.3382
4.4773
0.0594
1.787
1.0611
4.5007
6.0716
0.7198
0
0
0
5.8773
6.2985
30.3368
6.238
4.9086
17.986
0
3.4505
6.4826
0.0974
15.2903
2.5986
2.0829
0
0
0.3487
6.7845
0
2.7349
3.7561
0.0104
0
0
0
0
0
4.8544
18.7102
0
0.0027
3.294
3.2265
4.0547
0
0
0.3669
0.4465
0.0488
0
0.0437
1.0612
0.8269
0.0187
0.0364
1.5822
0
0.4518
4.2753
14.197
7.0331
0.8751
0
6.86
1.1842
0.113
0.3193
1.1198
0
0.134
0.028
1.0889
2.729
0
0
0
0
0
4.3795
0.9089
6.9919
12.5086
0.2032
0.0918
0
0
0.5288
3.7011
14.1953
6.1797
1.4861
0.0225
7.5484
6.201
5.1879
0.6467
0.2026
0.2777
0.1533
0
0
0
0
1.5839
3.8915
0
0
0.6245
0.1872
0
0
0
0.0175
1.9554
1.9134
13.079
0.2997
0.0219
0.8232
9.656
0.8844
1.6763
0
1.4512
0.0788
2.0272
5.2135
5.798
1.2135
1.4027
4.0579
1.4222
0
0
0
0
0
0
0.2677
5.7764
1.645
5.926
6.3005
0.0311
0.8578
6e-04
1.2932
8.635
0.1928
0
0
0
0
9.0073
6.2492
2.0709
0
0
0
0.0209
1.6865
0.2838
2.2149
0.0475
0
0.842
0.2128
6.7514
0.4658
0.0891
0.0188
0.2849
0.0744
0
0.4093
0.3846
0
0.3123
5.8393
3.2317
0
12.6884
1.2806
0.5205
0
0
6.17
2.9232
11.3976
0.1933
0
0
5.0164
0.0061
0
3e-04
0.1038
0
0
0
0
0
0
0
0.0642
10.8355
0.0025
0.0924
2.9463
0
3.7169
2e-04
0.0395
4.0574
0.2047
0
0.1687
2.5311
0.0085
2.2267
3.2161
7.4675
0
0
0
0.1707
2.9668
0
6.866
3.3712
0.0714
0.7452
0.3213
2.8051
6.8414
2.919
6.5817
7.5781
2.4743
15.7923
0.0167
0
0
0
0.0607
0.1158
0
0
1.8605
1.8878
0
0
0.43
0.3216
0
6.0008
0.8797
0.0495
0.098
0.7405
0.616
0.2533
0.1203
1.6622
0.1937
0.6683
0.059
0
0
0.7089
2e-04
0.5008
0.2479
0
1.97
1.6453
0
0
0
1.3718
11.4714
10.6807
5.5999
1.1585
0
0
0
0
0
0
0.6814
4.1332
17.3362
1.6009
0.0654
3.3757
2.528
0
0.0265
0.043
0
16.9974
4.0932
0.0294
0.0922
0.4522
0
0
4.6557
6.1286
0.0427
0.0231
0
0.0219
0
0
0.0348
0.0102
0
0.6304
5.1375
3.265
2.4106
0.112
5.3732
14.4427
16.1296
16.0471
14.8641
0.5557
0.5022
4.8733
0.7567
6.7051
9.0126
1.8896
2.3081
0.6562
0
0.111
0.0021
0.0136
0.0461
0.0687
0.1469
0.0782
0.7063
0
0
0
0
0
0.134
0.0443
0
0.0144
0.0385
0
0
3.0732
2.4534
0.0086
0
0.1117
0.3012
0
0
0
0
0
0.0547
0.0899
1.1542
7.0288
5.6763
14.4322
1.1986
1.2893
4.3502
7.2727
0.0962
0.5572
0
0.1988
1.6555
3.5621
16.0652
0.0048
0.0244
1.1766
0
4.6656
7.5976
0.5591
1.4235
0
0
1.3553
7.0854
1.5922
5.4361
8.2714
2.7928
0.9392
2.6643
6.0969
5.0252
2.4634
0.7692
0.1545
0
3.5074
1.9358
0.0874
0
0
0
0
0
0.424
4.7206
9.1531
2.6289
0.3055
9.9042
1.5848
0
0
0
22.2845
0.0132
0
0.1845
11.9845
7.7206
0.625
0.8017
0
0
0.0267
0.7079
3.5145
0
0
0.2228
3.6922
0.0018
0
0
0.211
16.6458
0.7873
0
0.028
0.0401
1.7243
9.5854
13.8454
4.4948
0.0635
0.4243
0.498
0
3.7451
7.885
14.5431
1.1912
0.2645
3.9262
1.3207
0.0056
0
0
1.6938
8.5391
15.0581
9.6771
0.6553
0
0.5322
14.2646
1.3173
0
0
0
2.0962
0.9136
1.6263
0
3.5057
14.0311
2.802
0.0296
0
0
0
0
0
0
0
0
0
0
0
4.5271
4.9441
0.5946
0.7598
0.0376
0
0.6738
1.4143
2.5762
0
0
0.1515
0.3473
0.1925
0
0.0348
0.1924
2.3314
2.5339
3.5152
4.2098
4.9976
23.1263
0.6426
1.7576
3.4603
29.8134
6.5654
0.5894
0
0.2415
7.9548
1.0177
2.4002
0
0
0.6634
0.8094
0.6012
0.1549
8.0388
20.0874
10.3405
7.6698
0.105
5.9737
0.4166
4.4438
12.2306
2.1658
2.4454
4.831
4.4036
2.4005
16.0665
1.2134
0.6103
1.7751
5.0108
0
6.1052
0.0599
0
0.86
20.0148
4.4322
7.3344
0.3557
0.1916
3.2309
0.638
0
0
2.9528
1.4604
0.0014
0.001
0
9.4932
12.6013
0.9464
1.4866
0.2161
0.554
0.2364
0.6226
0
0
0.2984
0.2816
1.2326
0.6546
1.594
0.0134
0.0698
1.5933
0.2626
0.1408
0.2468
0.4309
0
0
1.5077
0
0.771
0
0
0
0
0.6994
0.305
0.014
1.125
0.4459
0.0065
0
0.6673
0.1831
7.0367
3.1503
0.0511
0
0
0
1.5675
0.4232
1.8948
0.6758
2.2229
0
0.0409
0.353
0.2659
1.1754
13.1449
2.942
1.1715
9.242
0.1165
0
0
0
0.0288
0
0.7611
0.3463
1.6724
3.9753
0.7224
6.2855
0.1157
10.9596
0.0025
0
1.0547
0
2.1332
0.7602
0
0
0.449
0.7447
0.2121
0.0659
5.1699
0.0622
0
2.2163
1.9131
4.4965
2.7939
9.7407
0.654
0.1957
0
2.8331
0.2342
15.0283
0.0034
0.0185
0
0.723
0
0
0.6343
2.4857
0
0
0
1.2141
1.339
1.0167
0
9.3084
4.7206
2.3757
0
0.4126
0.3076
1.0588
1.8261
0.8168
6.547
0.2565
9.8112
1.7882
1.2402
0
0.2722
15.1106
9.6215
0.3639
0
0
0
0
0
1.6198
0.2891
4.3246
1.1093
0
0
0
0
5.4637
19.1954
0
0
0
0
0.0493
0.8697
3.1643
2.01
26.9774
3.661
16.2701
6.5065
1.4786
1.823
1.6796
0.856
0.8517
0
0.9124
12.5358
0.5203
0.0011
2.1907
0.5116
0.1448
0.093
0.0288
0.2362
22.1317
4.2427
4.2316
2.0744
0.8427
4.4974
16.3892
3.0367
0
0.0901
12.7918
5.0585
4.5672
0.7927
9.4136
2.7964
0.5406
1.0899
0.7669
0
0
0.0444
1.242
5.3315
0
5.195
0.5255
9.026
0.1512
0
0
0
0
1.184
18.032
1.0257
14.0563
6.8056
3.711
0.1946
0.2314
15.5864
0
0
0
0
0
0
0
0.6053
2.6383
6.9493
0.0164
0.9691
1.848
0
0.7466
3.8574
0
0
0
1.0496
1.032
16.8254
1.1513
0.8888
16.6511
1.7453
0.0021
0
2.4483
1.0034
5.5198
0
0
0
0
0
0
0.2584
0.0719
0.1176
21.6088
6.6951
0
0.0021
0
0
0
0.0019
0
2.2826
0.1721
0
0
0
0
1.1878
9.6676
10.0985
0
0
0.1236
0.0295
0.109
10.7356
0.0021
0
0.0296
12.5036
6.0416
2.0022
21.7811
3.785
14.1431
1.077
4.3943
10.4911
13.8481
0.4611
35.9066
5.5375
0.4247
0.3515
0.0294
0
1.8486
0
0.024
0.7597
10.179
11.8396
0.0057
0
0
0
0
0
0
0
0.1928
0.0123
4.1451
5.4232
2.5783
0.1545
0
0
0
0.5593
1.5091
0.002
0.0542
0.002
0.0289
0.0086
1.3766
2.0941
0.0139
4.0973
0.0698
0.2569
0
0.1176
0
4.1075
7.7686
7.4672
5.4038
2.202
0.0578
0.1749
0.231
0.2428
27.4821
0.2138
0.0208
0.0727
0
0.7546
17.9355
2.9031
0
0
0.1119
8.5979
6.7698
8.2362
0.2957
0
0.002
5e-04
0
0
0.7738
0.3211
4.7594
1.1765
0
0
0
0
5.4674
9.9967
0
0
0.9695
0
0
0.1526
0.3954
2.8828
0.2638
0
0
0
0
0
0.1223
8.4827
0.3995
0
0
0.0196
1.174
0
0
6.7192
10.3466
0
0
0.493
0.2163
0
0.0042
2.0269
0
0.0784
3.2692
9.0432
0.1326
0
0
0
0
0
0
0
0.1531
0.0323
0
0
0.466
0.1259
0.0845
0
0
0
0
0
0
0
0
0
0
0
0
0.7126
3.5653
6.2322
0.0997
1.2529
0
2.4438
0
0
0
0
0
0
0
0
11.973
0.2425
0
0
0
0
0
0
0.3258
0
0.0128
2.2506
0.3486
0.3579
0
0.0732
27.067
4.5561
0.1054
3.6644
0.0552
7.4349
13.6096
0.8287
1.3572
0
0
0
0.2534
5.4593
0
0.2023
1.8844
1.4124
0.0313
0
0
0
0
0.3395
3.9483
0.7448
0.0193
1.2781
2.0264
1.6786
0
0
0.1364
13.8879
8.1702
0.1181
0
0
0.1119
0
0
0
0
2.8964
0.0028
0.7124
2.5842
0.579
0
13.9434
4.0463
0.4744
0.2425
0.9738
0
0
0.5494
4.2283
1.2355
1e-04
0
13.0352
22.6531
9.0918
6.3616
17.869
0
0
2.9192
1.1555
0.1435
3.6101
0
0.0219
10.714
0.1545
0
0
0
0
0
2.0992
44.763
5.8523
8.7685
0.8817
0
0.7747
5.2634
0.1099
0.1254
9.5413
22.5929
3.5459
7.9791
2.6468
9.3222
3.205
5.3865
2.3996
2.4867
0.4425
0.5532
0.838
0.0144
4.7836
11.2638
0.5617
1.1968
0
0
0
0.0229
0.2708
0.1905
0
9.169
3.4086
2.4601
0
0
0
0
0.1735
1.738
5.3881
13.7956
0.043
2.4538
0
2.9092
3.4316
7.023
0.2591
0
0
0
0
0
0.0537
0.141
0.0488
0
0
25.5708
15.407
0.8699
0
0.8944
16.9821
29.2913
14.1281
0.439
0.4225
7.541
0.0301
0.7261
0
0
0
0
0
0.0524
0.016
0
8.2257
5.8582
1.8712
1.4571
13.7318
1.6891
6.0736
8.9893
0.3779
0.0831
0.467
6.4227
0.1289
0.0013
0
0
0
0
2.465
1.5297
2.0473
0.4277
1.8153
0
0
2.4638
2.6954
1.4014
0.8939
0.6744
3.4716
0
0
0
0.0027
0.0952
4.2785
0
0.0559
0.9477
0.9586
0.1005
5.305
4.3855
1.6304
0
11.3975
0.2043
0.432
0
0
1.2063
6e-04
0.0217
0
0
0
0
3.2206
7.9324
0
0.0026
0
0
0
0.0074
0.0502
2.4975
0.6984
0.6586
3.5052
0.0174
0
0.9341
0.2859
29.6976
1.0961
1.2237
0.6753
6.845
1.7171
3.9662
6.437
4.4273
3.7087
0
0
0.1866
0.7938
2.4896
0
2.5224
6.4082
0.0194
0.334
18.9514
0.1747
0.0155
1.2638
0.7549
8.3329
1.4006
0
0
0.4149
3.2646
0.6121
1.2343
6.2899
1.192
0
0.0209
0.001
0
0
0.1066
0
0
0
0
0
0
0
0
0.1496
0.0244
0
0
4.4312
5.0609
1.1316
3.9298
0.0879
0
0.6297
0.0658
0.5986
2.4668
0
0.0198
0.3141
2.2049
1.6666
2.478
2.9553
1.0544
10.1202
0
0
0.0084
0.0549
0.4721
0.2021
5.1149
6.5229
0
0
0.6768
0
0
0
6.5865
3.5474
0.4545
0
4.0968
0.0565
0
0
0
0
0
0
0.0314
1.644
1.098
0
0
0
0.0502
0.2614
0.0017
0
3.1647
0.8631
1.4524
0.2088
0.092
0.3456
0.3454
0.0113
4.4602
0
0.3285
0
20.6849
4.9266
0.9976
0.4783
0.1664
0.253
1.0017
1.0313
1.3672
3.9274
11.1628
3.8673
0
6.3732
4.0197
0
0
0
0
0
0
0.187
0.8452
0
0
1.3029
0.7401
0.6813
1.3399
0.0256
0.8023
0
0
0
2.4859
3.7247
0.3314
0
0
0
0
0.009
0.1513
0.0288
0.1893
0.0415
4.2512
1.4318
0.7902
0
0.4812
0.2002
0.2546
7.9415
0.0017
0.0481
0.5232
0.6089
0
0
0.717
1.0941
0
0.8838
0
0
0
0
0
0.9428
5.0434
0.1905
0
0
0
0
0
0
0
0
0
0
0
0
0.1055
0
0
0
0
0
0.9703
4.0279
0
0
0
0.3181
0.5415
0.1009
0
0
0
0
0
0
0
0
0
0.6482
4.3808
6.2184
0
0
0
0
1.34
11.0839
1.937
4.7017
1.1808
3.5781
0.149
3.0038
0.1154
2.8624
9.7808
0.0245
0
0
15.582
6.0361
0.0028
0
4.7202
1.429
4.6768
3.9137
0
0
0
4.0836
3.1739
1.4418
0.251
1.087
4.3207
0.0017
1.2721
16.2262
13.3945
0.02
0
2.688
13.2755
0.296
0
4.0789
0.5414
25.3657
3.4447
0.0027
0
0.6757
0.6246
14.8834
7.3872
2.4892
0
0
0
0
0.0027
3.0208
1.461
3.0278
0
0
0.0748
0.7992
0.4983
3.3269
2.9337
0
0.8358
3.3444
0
0
0
0
0
0
0
1.5218
3.9094
0.3139
0
0
0
0
0
0.7412
0.4823
0.5507
0.0366
0
0
0
3.7913
3.8287
53.84
0.4056
0
4.5754
2.9248
3.8242
1.4463
0.1199
0
0.0687
1.2993
0
0
0
0.09
0
0.0148
13.1167
22.1722
3.1637
1.0231
3.0401
0.1416
13.4632
1.7721
0.0054
8.7713
0
1.3566
1.6095
0.0246
0
1.1861
21.5446
0.8869
0
0
0
0
0.0628
2.6876
0.0232
0.0485
0
0.8489
0.3513
0
0
0
0
0
0
0.5727
2.445
0.8287
0.0154
0.8813
0.2122
0.1536
0.045
0.1262
0.0555
0.74
0.546
0.1801
0.1161
7.2225
1.2691
0.102
0.0744
10.0134
16.1735
0.0032
0.0018
0
0
0
2.5586
0.9581
0.0109
11.3052
0.0099
2.3512
0
0.2135
0.0122
2.4361
1.4437
1.1847
1.3643
0
0
0
0
0.1823
0
0
0
0.1601
0.3136
16.6798
0.1995
0
3.9781
1.4324
0
0
0.1685
1.2545
0
2.5357
1.3562
0.0451
0
0.0451
0
0
0
0.3251
1.0234
0.1901
0.0489
0
0.0024
3e-04
1.675
9.1629
0
0.1386
0
0.1805
0.9888
0.0873
0
0
0.0239
0
2.8421
3.2645
0.0248
0.2878
0
0
0
0
0
0
0
0.0024
0
0.386
11.527
5.0167
1.936
1.3166
0
0
0
0
0
1.8221
17.3293
2.4288
9.3743
1.6954
0.7748
1.9045
15.4819
16.5629
2.8733
0.3475
2.1254
2.3536
1.4986
0.2181
0
1.4151
3.8509
4.2837
4.7008
2.0905
2.8142
7.4061
1.3114
0
0.2143
0
0
0
8.0241
1.4409
0.1396
0.7842
1.1138
0.1519
0.2157
0.7688
0.58
0.1193
8.8624
4.9847
6.1217
0.5261
2.4524
2.4357
1.509
3.319
5.1452
0.1722
0.076
0.0165
0
0
3.8052
5.4507
1.9803
0.6209
13.5656
1.4296
11.0481
21.3387
0
0
0.0049
0.1271
39.7371
7.0502
4.7629
10.2601
12.1163
1.5905
0.0424
0
0
4.7816
1.7054
0.3019
7.5204
9.2007
7.3075
6.3623
4.7737
1.3185
2.2402
1.8181
0.6794
0.1034
0.3407
0.0474
0.2885
0
0.283
2.6636
3.1022
0
0
0
0
0.6005
2.5553
1.2196
0
0
0.1734
0.4645
0
0.2184
0.1063
0
0.1109
0
0
0
0
7.4687
15.2579
0.8784
0.1186
0
0
3.8059
13.2529
9.6028
8.1968
0.1148
7.4937
1.2823
0
0
0
3.3654
2.7126
0
0
0
0.4228
0.2114
0
0
0
0
0.5726
0.5068
0
0.1022
0.2316
13.7162
1.0347
0.6647
0.0381
0
0
0
0
6.8528
1.5797
0.4254
0
22.3297
0.0836
0
0
0
0.9632
5.6513
6.1379
5.5933
18.6493
0.0869
0
4.3168
11.5949
3.2264
8.6711
1.7524
0
0
0
0.1891
1.6794
1.2638
0
0
0
0
0
0
0.0028
0.0137
0.3878
0
0
0.003
0.0485
0
0
0
7.8532
0.6642
0
0
0
0
2.0586
12.6703
0.8865
29.1323
3.9615
2.8782
0.1695
0
0
0
0
0
0
0
2.1012
4.1848
0.2555
0.2405
0.3723
0
0.4054
4.6362
9.0468
2.3762
2.1754
0.2964
0
0
0.0768
5.5123
17.4499
15.4193
0.5079
0.0299
0
0
0.1398
0.2472
0
0
0
0.8977
0.6802
2.9628
0
0
0
0.1199
0.2414
0
0
0.3042
0.0514
0
0
0
2.4776
0
0
1.0801
2.3067
0.6137
0
0.1967
2.3727
0.854
0.3122
0.0027
0
0
0.2988
1.9207
0.0502
0.7385
1.0014
3.2286
10.6062
0.0302
0
0.4084
5.5959
0
0
0
0.6703
1.7369
3.5238
0.2092
0.144
0
0
0
0.0669
6.0282
4.9541
0.0053
7.4281
1.9384
0
0.0053
0.3995
1.436
0.0876
0
2e-04
3.2103
0.6863
0
3.2195
18.141
1.8091
5.4944
0
0
0.7631
0.0012
0.3997
0
0
0
0.9251
4.8508
19.3437
4.5076
0.153
0
0
0
0
35.3604
3.2598
1.0581
0.4018
0
0
0
0
0
0
0.4685
0
1.2492
0
0.2166
8.5434
1.711
2.0098
0.0489
0
0
0.0568
5.0218
2.2336
0.0227
3.8845
0.291
0.0146
0.7503
0.7494
0
0
0
0
0
0.6855
4.8004
1.873
5.072
2.3028
1.1619
1.0447
0.3782
0.1513
0.1896
0.3437
0
24.3109
3.3903
0.6087
0
4.7792
0.0971
0
1.1127
0.0028
0
7.8417
10.5184
0
0
0
0
0
0
0
0
0
0
0.0056
3.5034
25.3059
6.5724
0.1742
0
0
0.0224
1.49
2.7753
5.459
18.2048
1.0839
5.0532
25.6274
3.1196
0.2123
0.0066
2.5596
1.3735
0
0
1.0953
1.3334
10.4648
0
0.2432
0.7619
0.0042
0
5.0852
4.8947
20.2723
4.7033
0
0.005
0.5719
12.895
0.4637
0
0
0
0
5.1112
0.8567
0
0
0
0
0.4728
0.7573
0.9916
1.7776
1.0217
0.257
0.0157
2.4303
3.397
4.2256
0.133
0.2422
0
0
0
0
0
0
0
1.7729
0.7244
14.9552
10.7874
4.2123
18.7349
1.0744
0.0019
0.0946
0.1178
0.0325
4.5548
9.2532
19.2159
2.9924
0
0
0
0
0
0
2.0305
1.9444
0.0029
0
0
7.4891
9.7812
1.067
1.2464
0
0
0
0
3.9889
50.482
0.032
0.0359
0
0.0468
4.3087
18.7982
2.5526
6.1622
1.2841
0.286
0
0
0
0
0.0228
0.583
0
0
0
0
0
0
0.021
3.9338
19.4151
2.0065
37.623
0.0152
1.3819
0.0452
0.0063
11.6839
4.1303
5.8806
0
0.0062
6.6293
1.875
2.6553
2.8243
1.9313
0.1261
0
0
0
0
0.5026
2.6039
0.01
0
0.1038
17.0762
0.119
0
1.0521
2.0296
19.8634
16.6366
3.3803
2.1876
0.3515
0.0067
0.128
0
0.3768
13.3582
0.0612
0
0
10.4157
0.1137
0
0.072
0
0
0.1091
0
0
0
0
0
0.1156
1.1068
15.9678
2.2712
0.0015
0.7497
1.6505
4.4275
0
0.4672
0
0
0
0.132
1.174
0
0
0
0.7039
8.9988
2.6226
0.5491
0.0517
0
4.6782
4.5444
0.5238
0
0
0.0158
33.9173
2.3989
0.0981
0
0
0
0
0
0
0
0.0513
0
12.7917
0.549
0.8889
13.5987
1.311
0
13.9907
4.2558
17.2091
2.0492
0
0
0.2562
3.3597
17.2385
33.8925
0.7665
0
0
0
0.1692
1.3674
0.3032
0
0.1546
0.0249
0.2228
9.7169
1.1991
0
0.2579
0
9.9551
0.7093
0.0197
0.0288
1.8814
4.1405
0
0
0
0
0.6063
0.136
0.8539
0.0473
4.1517
0
0
0
0
0
0.2114
0.9156
0.6289
0
0
0
0
1.5393
4.0842
12.0846
2.7327
3.6971
0.741
2.1251
1.9048
1.335
0
0
0
0
0
0
3.0416
0.3891
0.5337
4.3389
0.5037
2.1538
5.1058
3.8344
0.274
0
0.8819
0.0515
0
0
0
0
0
0
0.1567
7.5348
0.5109
0
0.0139
3.1008
7.4772
0.4802
0.2023
1.3416
3.5002
2.9998
0.0428
0.0271
0
0.2563
0
0.1692
0.6047
3.3288
0
0
2.5845
7.3736
1.0035
0.1844
0.0082
8.3294
3.8054
3.5242
0.0347
9.2114
0.0529
18.2897
22.4123
1.1914
1.0938
0.0571
6.3926
0
0
2e-04
0.2354
1.5082
0.0209
1.0468
0.0996
0
0
7.1196
5.2004
0
0
2.1829
0
0
0.0041
3.1626
4.679
0
0.1051
5.4397
0
0
0
0
0
6.0592
9.9076
4.7374
35.5339
1.1895
0.0685
0.0486
5.7941
8.7754
8.455
14.484
1.1354
0
0
0
0
0
0
0.216
3.9949
2.7321
0
0
1.5334
10.1889
0
0
0
0
0.2313
1.18
0.5877
0
0
0
0
0
0
0.1826
2.2044
2.4981
0.7893
4.7346
0.5736
0.0064
0.6618
1.5389
0
0
0
5.666
2.8158
0.1345
0
0
0
0
0
0
2.7524
4.931
3.1529
0.1824
0
0
0
0
1.1652
0.3553
0
0
0.1571
4.4585
1.432
0
0
0
10.0051
9.124
0.0038
0
0
0.2655
0.2993
0.0488
0.0099
2.63
9.0649
32.7363
23.2545
0.2514
0
0.2481
0
0
0
0
0
0
0.2545
0.0882
0
0
6.4278
11.5889
3e-04
0
0
0.5246
3.6979
1.2547
0
0
0
0
0
0.0687
0.4447
0
0.0476
0.0552
0
0.4872
8.3273
0.0628
0.7787
1.117
0
0
0
0
0
0.0106
0.6695
17.6444
1.3507
0.328
0.7739
0
0
4.9389
1.5189
1.4144
1.5119
0.9305
1.7516
0
0
0
6.0625
0
0
0
2.532
16.044
18.0088
27.9636
6.0233
0.2021
0
6.1712
3.5491
3.2318
0.4271
0
0
0
0.6946
1.311
0.0049
0
0
1.0978
1.4531
0.605
0.111
2.9979
1.751
0
6.874
6.1924
13.7035
5.2514
1.0806
0.0471
1.4332
0.2253
1.0949
0.8323
1.2941
1.7523
0.6217
1.5742
2.1213
11.5813
0.9181
0
0.0338
0.0132
0.0069
0.0449
0
2.9612
1.6858
1.2099
0.4404
0.2003
0.1983
0
0.1252
0
0.3987
3.8325
0
1.0177
0.0014
0
0
0
0.5954
5.4416
0.9472
0
0
0.0838
3.9974
0.4667
0
0.1031
0
0.071
0.6291
0.2819
0
0
4.7022
24.3164
1.5473
0.8146
0.0629
0.0027
0.159
1.5944
0
0
2.1101
1.2067
1.7121
0.1356
0
0
0
0
0.0975
0.3967
0.1782
0
0
0
0.3261
0.3766
0.4206
0
0.0401
0.7025
0
1.0498
0.1028
15.7406
3.5807
0
4.4669
7.3308
0.7223
0.824
0.307
0.1816
0.1503
0.9449
0
0
1.9531
0.5718
0
0
0
0
0.4585
6.5998
5.6817
1.3381
0.153
8.598
2.9247
0
0
0.0253
0
0
5.9887
2.2164
3.8407
0.0082
0.6629
10.6665
0
0
2.5497
3.0104
3.548
0
0.0523
5.405
1.0047
4.8979
0.049
0
0.2487
0
0
0.146
0.033
0.8345
0.579
2.3721
0.8622
0
0.122
0.195
9.9337
16.6313
9.454
0.5252
4.6038
8.7257
3.2959
1.9176
7.7017
3.6668
0.6863
0.3183
0.0305
0.8606
3.6532
0.2006
0.1557
0.3826
0.0011
1.1112
3e-04
0
0.5254
4.7801
0
0
0
0.0208
0.0339
0.1517
1.049
9.8153
9.4496
0.0321
0
0
1.676
7.0343
18.0774
0
2.8231
0.1396
1.4296
0.7037
16.6613
1.6574
0.3116
0
0
0.9067
2.8596
0.4725
2.2316
0.1143
0
0
0
0
0
0.0017
0
0
0.4977
35.4378
2.41
0.0776
9e-04
1.8323
1.0903
4.6875
1.4952
0.9609
0.1331
0
0
0
0
0.0323
0.9231
0.0562
8.8836
0.01
0.5514
0.5161
0.8193
7.8555
0.1735
17.4376
28.8047
14.997
18.8514
1.3877
14.4401
1.0676
5.8677
7.1161
2.8411
0.7343
13.0388
1.9341
0.2664
8.0816
0.9743
2e-04
1.9904
7.9628
12.3025
0.2758
0.1205
1.4822
0.3381
0
0
0.0052
5.8695
2.0922
0.1907
13.1651
0.0514
11.1005
13.4069
10.3396
1.7615
0
1.5313
7.3769
0
0
0.0408
0
1.826
3.8432
1.7211
10.7964
11.7495
0.0761
0.2624
0
0
0.3245
4.2624
0.3373
0.2472
24.8897
9.6419
9.123
6.141
15.7662
0.0049
0
0
0.7399
1.3563
0.9508
1.3376
6.6023
3.4157
0.3068
40.7297
6.764
0
0
0
0.012
0.4288
0
0
0
0
0
0
0
3e-04
0
1.0523
0.4158
7.8064
0.781
1.174
1.0288
0
14.4423
14.2595
3.7247
0.0902
0.4265
2.1576
0.8493
0.2646
0
0
0.1067
0
0
0
0
0.3401
0.0841
0.0264
9.7909
21.7114
1.0551
3.0931
0.4974
0.8408
0.8514
0.3212
2.3125
2.6483
11.0162
20.3316
3.2548
0.8457
0.0175
0
0
5e-04
0
0.0066
8.6709
8.053
8.9616
0.2535
3.7987
0.0721
0.0615
0.0383
0
0
0.0825
0.2555
0.3876
0.0038
0.026
0
0
0
0
8.1163
0.9585
0.0454
0
0
0
0
0.0228
0
0.465
6.7734
0
0
0
0
0
0
0
0
10.1736
21.9017
19.9088
0.2113
2.341
7.7407
20.0379
12.0749
0
0.0037
0.4533
0
6.9716
0.5323
3.4922
12.1455
0
0
0
0
0
0
0
11.0707
3.0941
0.0138
6.5638
0.051
0
0
1.3271
0
0
0
0
0
0
0
0
0.999
0
0
0
0
0.153
12.6069
1.4092
9e-04
0
6.3653
0.0228
0
0
0
11.0121
7.453
1.5989
0.5864
0.0356
0.8293
0.0413
0
0
0
0
21.4725
4.5203
0.1087
0
2.41
0.6615
4.6416
1.6952
0.7129
0.5455
0.2486
0.481
2.4155
5.8635
0
0.5992
4.2045
0.9618
0.1565
14.4176
1.3916
0.02
0.01
0.1539
0.0954
0
0
3.8808
20.857
0.2834
0.1377
0
0.0179
0.0438
0
0
13.6342
9.5722
0.5604
0.7413
0.0578
0.8735
1.1923
7.2976
0.0343
0
4.4743
7.7777
4.3319
0
0
4.7417
15.3022
4.5571
0
0
0.7387
1.9231
0.7905
0.0142
0.4348
4.3406
3.2603
0.0046
0
0.7149
0
0
0
0.4229
0.4564
0
0
0.2384
0.0325
0.4722
0.6996
0
0.189
0.0404
2.4315
3.0711
0.4125
0
0
0.9994
2.3956
0.7568
7.4246
0.0598
0.6609
0.0036
4.4295
9.1398
0
11.7239
20.9558
11.4186
1.3209
0
0
0
2.6989
0.1207
0
0
2.3901
1.6685
7.2815
9.7632
0.0523
0
0.0334
13.66
20.9631
0.8468
4.175
0.1474
0.3139
0.6357
3.1909
1.0579
0
0
3.9955
1.1852
3.4611
1.5217
3.0283
4.4965
12.0084
0
0.216
0.0253
0
0
0.0626
1.6586
0.0036
0
0
0
0.0428
5.193
0.2598
6.9764
0.2332
1.9211
0.108
0
0
0.3919
1.2994
2.8044
0
0.2296
1.8026
0
0
2.5686
3.4594
0.4509
0.8409
0
0.0362
1.1397
0.2118
0.002
0.0024
1.6467
0
0
0.1544
0.5157
0.0375
0
0.0024
0.0297
2.7176
0.4403
4.0193
19.448
8.2873
12.6662
1.3961
0
12.5191
0.6248
0
0.0807
0.2829
0
0.2975
0.0549
0.957
4.5379
0.3416
0
0
0
0.1
0.3799
0.0035
2.3687
0.3408
4.1817
12.7001
3.3304
2.2796
3.4226
3.2569
0.1054
1.35
0.7269
0
0
0
0.6455
0.7887
10.9872
0.0805
0
0
0
0
0.0122
9.3009
11.3157
0
0.7407
2.1163
5.0803
0
0
0
0
0
0.0137
0.0112
0
4.3785
2.66
0.5866
0
2.8278
0.0972
2.0018
0.1027
0
0
0
0
0
0
7.9549
8.4993
2.1096
0
19.2856
0.9122
0.041
0.0346
0
0
0.7114
2.7431
0.4367
2.3983
16.3488
0.4515
0.1803
0
0.7396
1.4354
1.1539
16.1435
2.8785
0.1286
0.1046
0
0
0.3897
0.0055
0
0
0.3869
0.5576
0
0
0.6702
0.4846
0.9278
4.0845
0
0.12
0
1.7253
0.2344
0
0
0.0553
0.0525
0.0388
0.1873
0.2284
0.072
2.0785
0.9481
4.6506
3.6632
0.2475
0
0
1.2653
0
0.0336
0.3225
0.2997
0.4096
6.8543
0
0
0.1038
0
0.0719
0.6474
0.0573
3.6054
1.196
10.2031
11.991
0.4213
0.4774
0
0.1381
0
0.1729
0
0
0
0.0545
5.1652
1.8215
0
0
0.0406
0.3287
0.7324
0.1467
0
0
0
0
0.0773
0.3355
0.0142
12.5774
1.5884
2.4186
3.8174
0
0
0.1093
0
0
0
0
3.2124
3.7696
1.2164
2.3655
4.7951
0
0
2.3112
0.1377
0.1707
0
0
1.1915
0.0099
0
6.8735
0.1102
0
0.2955
0
0
3.3911
0.6134
2.247
0.3607
0
0
0
7.709
0.0613
1.055
11.9742
1.672
0
0.143
8.2646
4.3632
21.8383
4.0679
0.0414
0.7058
0.245
0
0
0.0306
0
0
0
0
0
0
0.9311
9.2895
2.3599
4.4299
5.0313
3.5319
0
0.0119
0.0263
0.0144
0.1754
2.8955
0.9022
0
0
1.4377
4.663
0
0.1168
1.6291
0.1259
0
0
0
0
0
0
0
1.0846
2.1114
7.5999
0
0
0
0
0
4.3888
0
0
0
0
0
0
0.0741
0
0
0.5262
3.8735
8.6628
1.2614
0
0.4376
0.2914
0
0
7.4637
4.0084
0
3.6099
39.0557
11.9831
9.1976
4.1557
0.4696
5.5988
0.2486
0
0.1753
0.2204
0
7.0725
0.2487
0.5375
4.9814
3.4204
0
0
0
0.0368
0.1157
0.0132
0
0.1408
0.0704
0
0.0749
9.8729
14.5018
0.2963
0.24
2.3444
1.7845
0.9772
6.2319
0.0412
0.0529
0
0
0.8788
0.8166
5.1465
4.48
0
0
0.0977
0.0094
0.6467
6.3879
2.0641
29.7746
7.905
0
0
0
0
1.3267
7.6493
4.7416
0.3672
0
0.0343
0.4014
0.1442
0
1.0102
1.6336
0.3009
1.0327
0
0
0
0
0
0.0328
0.0575
0.0191
3.476
0
0
0
0
0.1264
0
0.034
0.7211
0.0446
0
0
0
0
0.0491
1.044
11.111
3.4477
0.812
0.7594
0.2617
0
5.9627
0.1925
0
0
0
0
0.2862
0.7837
3.3132
0.0055
0
0
0
0
0
0
0
0.0032
4.1514
0.0142
0
0
0
0.1763
0.9548
0
0
0
0
0
1.9467
6.9
0.1553
0
4.1807
3.6691
5.5531
0.0122
0
16.6627
2.4519
0
0
0.0743
0.1851
0.0069
0.3386
0
0
0
0
0.1902
0
0
0
0
0
7.655
6.0123
0
0
0
0
0.0679
0.1099
3.3824
1.0974
17.3253
1.5454
7.5045
2.7972
2.2119
0.7809
0
0
1.8269
2.6196
9.3597
0
0.7418
0
0.2571
0.4847
0
0.7417
0.3399
0.4027
0
0.7419
0
0
2.4508
2.8855
0
0
0
1.6223
1.8098
5.0894
0
0
0
0.6358
1.6677
2.058
4.6143
16.679
5.9993
0.2235
0.0287
2.8899
26.4511
3.2565
0.6694
0.4031
0.1377
0
0.036
0
0
0
0
0
0.3119
0
0
0.3571
0
0
0
0.3867
0
0
0
0
0
0
1.2304
0.6408
0
0
0
0
0
0.0246
0.4694
0.3066
0.0454
1.8738
8.6161
5.6447
0
0
0.2809
0
0.5652
0.82
19.0672
10.7061
0
0
0
0
0
0
0
0
0
0
0
0.5737
0.7836
0
0.0302
0
0
0
0.9767
2.3576
0.0326
0.0271
0
0.0187
0.0429
0.1458
1.1807
0.1961
0.3351
0
20.5438
17.8508
7.2548
0.1646
9.9755
0.4398
0.0127
0.1536
0
2.8921
9.1696
1.2239
1.4765
27.2924
0.0306
0
0
1.5101
0.0441
0.2453
0.0104
0
1.9888
0.0238
0.4421
0.0044
0.2955
3.728
0
0
0
9.935
8.9579
7.4784
0
0.1499
4.4551
0
0.0111
3.3386
8.4222
4.0952
0.0482
0.3093
0
1.3135
27.2604
7.9054
0.1276
0.089
19.0779
9.9729
0.007
0.0042
6.0146
5.699
2.529
0.0118
0
0
0.0045
0.5653
0
8.461
1.0115
0.2456
0
0.0597
0.1496
0
0
0
0
0
1.5577
1.1731
0.3557
1.2882
1.7032
3.2111
12.0332
5.2436
12.8378
5.4156
1.2722
0
0
0.2676
9.1735
2.6841
0.0389
0
0.0211
0.0121
0
0
0.4533
16.419
5.184
19.2683
21.1913
0
0
1.8345
5.5717
3.0382
24.4853
0.5692
8.173
11.0712
3.4753
0.4985
0
0
0
7.3225
2.7342
4.5425
6.7313
10.6199
2.162
0.4096
23.7496
10.1167
1.3029
0
1.9527
0.3497
7.5694
3.999
1.7221
23.6779
11.0331
0
0
0
0
0
0
0
0
0
0
0
0
0
0
0
0
0
0
0
0.2172
4.4936
0.4374
0
0.6693
3.1384
0.5904
4.358
0
0.0771
2.7415
0
0
13.8924
1.1447
3.533
0
0
0
0
0
0
0
0
0
0
19.1828
4.9068
49.2709
13.587
0.0315
0
0
0
0
0
0
1.5726
0.1091
0
0
0
0
1.7158
1.6556
1.0042
0
0.0896
0.0448
0.008
4.9182
0.61
0.283
0.3068
3.4332
1.6477
14.112
0.4967
0
0
0.4315
13.8445
0.0254
0.0184
2.9133
21.5456
0.3655
0.534
0.0851
0.0361
0.0272
1.0964
3.1889
0
0.0092
0.0313
0.0215
0.0309
0
0
0.6953
0.2199
0.4252
0
0.0027
0.0573
0.3509
0.0011
0
0
0
0
0.4437
1.8359
0
0
0.4448
2.5735
10.3429
0.003
0
0
1.8708
3.6163
0.109
0.1067
0.1293
0
0.5582
0.434
0.0203
0.0385
0
0
0.3305
0.0046
0.0102
1.7708
7.7387
0
0
0
0.1496
0.0958
2.2203
0.4966
0.4949
2.5637
0
0
0
0.1151
2.1883
0.7962
7.8531
0
0
0
3.6952
8.2285
0
0.0197
1.2525
0.0259
0.0057
0.3483
0.2191
0
0
0
0
0
0
0.8232
2.329
0.195
0
0.1477
0.1453
0
1.9631
0.1006
0
0.0255
0.445
0.092
0.3643
0.0867
0.0871
0.0382
0
0
3.0448
14.8087
3.9862
0
0
0
0.6777
0.2815
9.4364
3.3598
0.3766
0.0184
0
0
0
0
0
0
0.6246
0
0
0.5467
18.9514
19.6758
0.8156
0
0
0.3027
0.1556
0.0037
0
0.1956
0.2565
0
1.4357
11.3423
0
0
3.4771
1.3743
0.0379
0.1303
0
1e-04
3e-04
0
5.3248
7.3828
0.2405
2.326
1.5979
0.1147
0
1.3484
8.2151
0.0058
12.4817
24.491
0.7438
0.8336
4.4336
0.0938
0.5989
8.9888
17.6265
1.6547
0.4448
1.1589
6.1558
2.8472
1.7038
0.0632
1.0089
7.8489
18.4184
10.945
0.7512
0.0066
0
3.6345
1.2063
3.2754
0.0081
0
0.4792
1.7434
0
0.0646
0.2008
0.06
0.603
6.6735
0.2674
0.0426
0
0
0.2392
5.6193
2.0765
3.3508
2.2295
11.7708
17.8511
3.5013
4.1387
1.3749
7.7624
4.0908
1.1444
2.8397
0
5e-04
1.8983
15.2489
11.8234
5.4884
0
0
0.0221
4.5641
0.1717
0
0
0
0
0
0
0.0525
0.1852
0
0
0
0
4.3013
0.0581
1.5772
0
0
1.5223
4.4328
26.7923
2.2225
0.0034
0.8976
0.2851
0.552
0
0.1037
0.7751
7.8262
9.1222
1e-04
0
5.8293
2.573
17.744
1.6149
4.3633
0
0
0
0
0
0
0.3585
0
1.5781
0
0
0.1425
1.9245
0
0
0
0
0.0493
0.9009
1.1996
0.1093
0.1076
0
0
0
0.0653
0.0363
0
0
0
0
0
0
0
0
7.6922
32.3549
6e-04
10.3314
0.6262
0.6263
10.444
0.6412
5.377
4.0566
1.0384
5.1149
0.004
0
0
5.1398
14.3446
0.3085
0.1522
0
0.9506
13.1824
28.7137
0
0
0
0
0
0
0
0
0.7163
0
8.4757
0.6559
0
0
0
0
0
0.7163
1.486
19.8247
3.2844
1.4726
0.2871
0
7.5593
0.5839
0
0.7463
0
0.9185
2.0103
13.1713
0.2034
8e-04
0
0
0
0.1602
0.9249
8.6126
6.0544
2.5547
0.8436
1.1271
6e-04
0
0
0
0.5478
1.1851
0.1161
0
0
0
0
0
1.5342
13.6714
10.6318
0
4.5444
0.0772
3.8222
8.1
0
0.2365
0.161
1.1162
0.1614
0
0
0.7196
0
23.06
9.0032
0.1311
0
0
3.8918
25.0192
0.7866
2e-04
0
0
0.2679
2.3793
8.0925
0
0.3302
0.1136
2e-04
0
0
0
0.4824
0.241
0.2873
0
5.2479
0
0
0
3.9577
0.3016
0
0
0
0.0024
0.5719
6.0544
0
0
0
0
0
8.4809
0.5672
2.4152
4.8364
0
0.8157
8.6727
0
0
0.1056
0
0
0
18.2016
1.3046
0
0.0291
0.1353
0
0.858
1.4284
0.6936
0.721
0.0012
0.527
2.5095
0
0
2.2666
5.1244
4.6061
0.7999
0
0
0
2.6056
47.378
0.0012
2.0115
8.2289
0
0
6.8008
2.8834
0
0
1.4116
1.5448
0
0
0
27.3436
0
0
0
0.4772
0
0
0
0.443
1.0836
0
8.1128
1.2416
0
1.2455
7.2607
3.1363
0.6277
0
0
0
1.8584
5.048
0
0
0.0167
0.0169
0
0
18.2537
0.6885
0
0
0.9505
2.9218
0.0015
0
0
0.0189
1.1957
0
0.0019
0.2804
0
0
6.6783
0
0.004
3.3789
11.2985
18.6542
4.7763
10.6294
0.5903
0
3.7014
1.6185
1.8777
0.1748
1.3622
0.0345
1.7702
4.4741
0
0.779
4.8853
15.7803
0
0.2074
0
0
0
27.8452
0
0
0
11.481
3.3259
31.8184
25.1328
13.969
4.2303
0
0
0
0.0138
3.8826
0
0
0
2.2995
1.8755
0.904
2.3217
2.4512
0.0298
12.5747
0.0759
0
0.5077
13.5335
0
4.8242
2.5223
11.615
0.0619
0
1.8635
0.6333
1.6577
0
0
0
0
0
3.2482
1.7424
8.4222
0
0
0
0
1.7001
6.8803
0
0.8184
0.0345
0.3071
3.6207
5.0224
2.0074
1.062
1.0968
0
17.7974
0
0.057
0
0
0
0.0359
0
1.0921
18.9481
0.2734
0
0
0
0
0
3.2725
3.2601
16.4725
0
11.637
24.5093
15.1681
0.5511
0
0.8809
6.5112
5.4476
0.0338
16.495
0.0326
0
0
0
0
0
1.3578
0
1.6327
2.8374
0
0
0.5529
0
0
0.3306
20.7489
0
0.2408
0
0
0
0
2.8741
1.3596
1.4287
46.5383
0
0.4623
1.2757
0
0
0
0.4623
0.3294
0.2339
1.2003
0.2806
0
0.4739
0
2.19
0
0
0
1.9381
8e-04
0
0
0
7.7405
0
0
0
0
0
0
0.2467
0
0
3.083
0.001
16.9887
4.762
0
0
0
0.3996
1.2881
1.4156
0.9346
0.2264
0
0.4825
0.0478
0
0
0.2396
0.0011
0
0
10.5249
2.7118
0.6801
0
0
0
1.4283
0.5564
11.2417
0.0113
0
0.4818
0.7927
0
15.8084
1.359
0.7255
0
1.8154
2.1013
4.4431
0.566
2.2478
0.0108
0
0.3487
15.0993
0.1402
0
0
0
0
0
0
0
0
0
0
7.3243
3.6318
4.4045
7.7217
1.2901
0.0256
0.0934
0.5637
0.42
0
0
0
1.2004
13.7072
0.1582
5.9454
23.9721
20.3376
1.5776
0
0
0
1.1176
0
4.1012
0
0.4598
0.4047
0.0902
0
0
1.6029
5.6734
0.18
2e-04
0.0733
0
0
0.2729
0.0043
0
0
0
0
0
0
0
0
0
0
0.9286
4.5947
3.1397
0
0
1.7088
11.4355
29.1349
9.5043
0.7235
3.0814
0.1206
0
0.0216
0.0641
0
0
0.7417
0.0777
0.9884
0
1.9629
0.3711
0
0
0
7.7199
15.6672
1.537
0.1502
0
0
0.4944
0
0
2.204
8.816
1.8877
11.6891
10.6959
0
0
0
0
0
0
12.8046
0.4321
0
0
7.2949
0.9711
0
0
0
0
0.0541
18.979
22.2621
2.9338
0
0
0
8.5423
0
20.7128
2.8516
0
6.786
0.1972
0
0.047
0
0.5161
0.0022
25.6331
0
0
3.5941
1.307
3.4771
10.6469
1.3596
1.43
0
0
0.2625
2.6607
0.7505
0
0.2173
0
0.4241
0
0
0
0
0
0
0
0
0
0.4591
2.1956
0.077
1e-04
0.0966
0
0.0852
0
1.1732
7e-04
0.1419
0.0417
0
2.0576
0
0
0
0.536
11.2537
2.6397
24.9566
15.7088
0.9
0.5984
0.8801
0.7492
0
5.5826
0
0
0.3481
0.7412
0
9.6744
9.9889
13.3619
6.742
2.3675
12.4382
0.0222
0
0
3.7823
0
0
2.5483
8.2862
1.7446
0
0
0
0
0.0029
1.6088
2.5453
0.9855
0
3.0293
3.2872
11.5164
29.2926
11.1955
0
0
0.0408
0
0
0
0
0
0
0
0
7.0758
16.7922
27.285
17.344
0.0044
8.801
4.9573
0.0789
0
0
0
0.1524
4.6402
0
2.5502
0
0
0.7838
0.603
0.036
9.598
51.4463
0.392
0
0
3.5035
0
0
0.102
0.0633
0
0
0
0
13.5394
1.7127
0.0167
0
0
0
0
0
0
0.8772
0
0
0
0
5.9526
0.0831
0
0
0.0562
0
0.1667
0
0
0.0152
0.543
1.3284
9.2846
0.2527
0.483
0.0152
11.735
0.9052
0
0
1e-04
0
0.1504
0
0
0
0
3.0293
0.1328
0.3218
5.3895
0.988
0
0
0
0
0
0.1018
0
5.8838
2.2228
0
0
0
0
0
0
0
0
0
23.4827
0.1068
0
0.085
0
0
0
0
0
0
0.3357
0
0
0
0
3.1232
4.723
0
0
0
0.2913
1.1498
1e-04
0
0
0.194
0
1.5748
0
0
0
0
0
0
0
0
0.2816
0.825
0
0.5721
0.6663
7.8557
8.2371
0
0
0
0
0
0
2.3762
0
0.1126
0.0522
6.0614
13.3182
0
0.0349
0.327
1.7459
0
7.7579
0.4181
0.3492
6.0826
6.2942
0.6181
0
0
0.0532
7.7174
0
0
1.6599
7.0833
3.3739
0.4644
3.2442
0
0
0.3298
0
2.2509
0
6.9493
1.543
0.1215
1.2359
0
0.4088
9.7748
0.2624
0
0
0.0744
6.8617
0.1307
0
0
0.9063
1.9313
0
0.0069
0.5231
0.3628
3e-04
0.0012
0
2.5257
0
4.5515
4.3066
0.9917
2.0049
14.021
0
0
15.6887
0.686
5.1578
3.4671
0
0
0
0
0
0
0
0
0
0
0
0
0
0
0
0
0
0
0
0
0
0
5.3666
0
2.4261
4.6828
0
0.0996
0
0
33.783
0
11.9008
2.1464
0
0
6.0196
17.7497
4.1357
1.8905
0.7437
0.1536
1.4986
4.368
22.7778
0.3138
0
0
0
0
0
0
0
0
0
0
0.0503
0.0027
0
2.6342
8e-04
0
0
0.1697
1.8958
9e-04
0
0
0
0.8763
0.0296
0
0.0122
7.1981
1.6141
3.6944
1.1296
0
0
0
0
0
12.3066
6.9474
5.4652
0
0.0544
0
0
0
0
0
0
8.9609
16.5899
0.5774
14.6124
0
0
4.0845
0
0
0
0
0
0
0
0.001
1.4484
7.5627
1.3852
0.1126
0
1.0227
3.2792
0
0
0
12.6752
0.4333
1e-04
2.6253
9.8452
0
0
0
0
0
0
0.1652
6.6734
4.613
6.8459
3.0376
5.3946
1.4723
5.1089
0.2056
0.1064
0.2444
0.7926
0.3169
0.3314
3.6248
2.6298
0
0
2.696
0
5.9325
0.7097
10.5699
0
1.4195
0
0
2.4199
5.7165
0
0
0
0
3.4065
0.05
0.0432
0
0.0016
8.0347
4.5448
6.5364
0.5098
1.9106
0
0
0
0
0
0
0
0
0.1623
0.0034
0.059
1.6561
0
0
0
2.6303
0
0
0
0
0
0
3.6126
0.2381
0
0
4.3118
0
1.3102
3.592
0.1847
25.4771
2.9697
0
0.089
3.7486
16.8028
0
0
0
1.1984
3.5957
0.5719
0
0
15.6482
0.0435
0
0
12.3084
0.4977
0
0
0
0
1.1315
0.0374
0.089
0
0
0
0
0
0
0.091
39.3257
5.2788
4e-04
0
0
0
0.4528
0
0
0.6179
0
0
0
0
0
0
0
0.4133
1.4417
0.0021
0
0
0.1965
3e-04
11.5505
0.0023
0
0
0
0
0.0024
1.0453
0.3779
8.9577
1.6044
1e-04
0
0
11.3826
0
0.5511
5.6371
21.8422
1.8601
0.5593
0
0
0
5e-04
0
0
0
0
0
0
0
1.2683
0
0.1074
0
0
0
7.6912
7.2877
0.0669
0
0
0
0
2.1661
2e-04
0
0.8666
0
0
0
0
2.035
0.3258
4.4014
0.1103
0
0.743
0
0.054
0
0
0
0
6.2051
0
0
0
4.0536
0.7968
0
0
0
0
0
10.9527
4.8785
0
2.1873
3.35
0.0012
3e-04
0
6.9175
0.4575
0
0
0
0
3.4227
4.0225
0
5.2333
0
0
0.0027
0
0
0
0
0
0
0
0
0
3.674
4.1906
0
0
0.0351
4.9009
0.3458
0
5.0832
9.6836
0.5349
0
0
0
0.4599
0.0012
11.2994
4.8992
0.6074
0
0
0
1.4738
8.061
1.0812
0.0031
0
12.1669
19.5702
0
0
1.1076
0
0
0
0
0
0.4217
0.0759
2.1918
15.4193
3.9713
0.048
0
0
0.0436
0
0
0
0
0
14.8605
10.3797
0
0
4.4583
0.7393
0.4222
0.4003
2.166
17.1925
0
4.6317
1.3714
0
0
0.5998
0.0019
6.4118
35.711
0
0
0.1161
5.4493
0.2802
0
0.0028
2.1948
29.6455
2.6233
3.1351
0
0
0
0
0
29.2541
2.5888
0
0
0
0
0.5825
15.5373
8.1641
11.3577
12.6242
8.1619
3.5572
15.2256
0.0032
0.1434
23.1791
0.0691
0
0.4921
33.0138
0
0.4906
1.2914
0.7205
0.0013
0
0
26.8968
0.2272
0
1.4853
0
0
2e-04
8.0155
0.0997
0
0
7.0474
1.6139
2.086
0.0046
0.0468
0
0
0
0
0
0
0
0
0.003
1.0521
26.5387
23.0507
6.9768
2.0912
7.9046
8.6423
0.0794
0
29.3384
17.7784
0
1.327
4e-04
0
3e-04
0.0016
0
0.0928
0
5.2081
0.8704
0.4738
0
0
0
3.7776
6.4472
0
0
6.464
0
0
0
0
0
0
0.9946
4.1316
0
0
0
0
0
41.5626
2.478
8.9459
4e-04
4.3436
0.2161
0.0011
0
0
0
7.1906
9.1689
0.4046
17.5219
6.6666
9e-04
0
0
0
0
0
0
0
0
14.9374
22.9795
4.4896
1.1238
0.8355
0.3346
0
0
0
0
0
0.6825
0.0904
3.5368
0
0
0
0
0
0
7.9229
7.2711
0.1182
0.2239
0.2439
0
0
0
0
6e-04
1.1518
0
0
0
7.754
0.5563
5.3078
7.443
1e-04
0
1.2505
0.1452
0.398
0.112
0.1126
0
0
0.1669
0.2802
0
0
0
6.1584
2.0784
1.5055
0
1.5561
0.5517
0.0187
0
0
0
0
0.0438
3.1953
1.9961
0
0.0451
10.1762
4.6694
1.4738
8.8883
0
13.5793
3.8914
0
1.4284
0
0
0
0
0
0
0.0113
0.3376
0.2985
1.237
2.2516
1.0114
5e-04
0
0.4905
0.4905
0.7411
0.0022
0
0.0383
0.0052
0
0
0
0
0.0739
0.7289
0
0
0
0
0.3918
0
0
0
0
0.108
0
2.663
0.1815
0.2591
7.7686
1.5508
0
0.1351
3e-04
0.0803
0.6038
2.0535
0
0.1882
14.7956
8.6837
0.0267
0
0.0048
11.5652
2.5043
0.0828
0.0095
0
0
0
0
0.6644
0.0594
0.7305
2.3833
0
0
0
0
0.0524
0
0
0.0798
1.2423
0
0
0.3202
0
0.8984
2.6465
7.9767
0.0482
0
8.7388
1.6682
0
0
0
0
0
0
0
0.0535
1.2158
0
0.0504
0
0
0
3.3813
0.6293
0.6293
0
0
28.9496
0.4314
0.7028
2.098
1.8749
1.1217
0.5295
0
0
8.8448
0.2534
1.3954
0
0
9.0262
3.8964
4.8094
0
0.2236
0
0
0
0
0
0
0
0
0
0
0
0
0
6.9351
0
0
2.5867
7.4357
0
0
21.6006
9.2254
0
2.4654
0.0845
0
7.3833
1.6653
0.1268
3.5042
6.0156
4.8774
11.7085
0
0.8545
0
0
3.8479
7.4255
0.2511
0.1839
1.1374
11.6162
0.68
0
0
0.2509
0.0047
0
0
0
0.672
8.6584
0
0
0
0.07
5.5758
2.5718
1.0222
0
0
0
0.2674
1.9593
0.2042
0.5371
3.8119
0
1.6718
1.2951
0
0
0.0025
0.0017
1.7045
0.4742
0
0
0
0
0
0
0.1497
3.4961
0.0102
0.19
20.0155
1.0363
0
0
32.3062
0.1577
0
0
1.081
4.7784
0.0406
0
1.8818
13.0784
0.0128
0
0
0
0
15.7698
0.8186
0
10.7693
2.1327
0
0
1.2831
0.106
1e-04
6.8207
0.517
0.0076
15.5582
4.5272
0.0411
0.0724
0.1031
0.297
0
0
0
0.8002
0
0
0
0
0
0
0.4868
8.0979
4.86
21.8236
0
0
1.5106
2.4585
0
0
0.0505
0.8539
18.4817
0.4652
9.5282
0.0558
0.0601
12.966
1.8645
2.4888
0.6886
0.5154
0.3518
0
0
0
0
3.0379
27.5943
11.5853
0
0
0
0
4.7119
23.7342
0.1045
16.9798
1.3531
22.4598
0.5627
0.0489
0
0
10.5539
9.0569
5.034
3.9582
16.079
1.2692
0.0915
0.2546
0
0
0.3855
0
1.4892
0.0223
0
0
0
0
2.5586
9e-04
0
0
0
0
0.2168
2.0542
0
0
0
2.9036
0.122
0
0
0
0.79
3.4547
0.0748
3.0728
5.299
11.1733
12.3044
0.0247
0
0
0.3578
0.0149
0.1498
0
0.168
0.0425
0
0
0.4415
4.3673
17.1883
0.0632
2.6517
18.9105
3.259
0.2948
0.1766
0
0
2.2398
0.1491
0
0.1446
0.2344
1.3787
0
0
0
0
0
0
0
0
3.908
0.0095
0
0
0.0533
0.0208
1.3399
0.3765
0.0024
0.313
0
0.0537
0
0.1242
0
0.0632
0
0.9616
5.1536
0
0
0
0
2.7696
26.5807
12.4132
22.7683
0
0
0.6085
0
0
0
0
0
5.9812
2.7834
0
0
0
0
0.2144
0.4292
0
0.4544
7.3715
1.4182
0.3701
0
0
0
6.9
0.0026
8e-04
0
1.7295
8.5048
0.1242
0.0698
0.1748
0
0.0539
6.0262
0
0
0.0802
0
0
0.2274
3.1164
0.4546
0
0
3.0112
0.3742
0.0703
0
4.4466
6.7767
16.002
0.481
0
8.1163
6.6456
0
0.9817
7.0275
5.0512
0.0012
0.2328
1.3758
6e-04
12.6331
11.5527
0
0
5.0296
18.6731
4.3753
0.0464
0
0
0
0.4768
7.7213
3.9152
0.6713
0.0351
0
1.1251
0
1.2673
10.825
0.0042
0.2976
0
14.6421
0
0
0
4.0745
2.0507
7.6636
2.553
0
1.5618
25.3668
8.7435
0.8769
0.5453
3.171
7.7544
1.0946
0.562
1.3517
0
0
0.0933
0.7084
10.124
1.6703
0
1.2596
5.9066
1.0494
0.0031
0
0
14.8317
10.3918
6.2519
4.2722
0
0
0.0414
0
0.5477
4.7547
0.3923
3.7506
1.2974
1.5881
0.5613
0.3949
0
0
4.3542
0
0
0
0.503
2.9559
0.0123
0
0
0
0
0
0
4.177
0
0
0
0
5.0971
2.2955
0
0
0
0
0
0
0
0
0
0
1.6356
0.6676
13.0637
0
0
4.6554
8.6283
6.2857
18.6848
1.6822
0
0
0.0446
0
0.0132
7.913
0
0
0
0
0
0
2.2112
0
3.9454
0.987
0.0231
0.0022
0
11.1766
3e-04
0
25.1335
4.7522
12.7336
0.0231
0.0488
0
0
0
0
0
0
2.8896
0.5939
8e-04
0
0
0
0
0
0
0
0
0
8.8653
4.7459
0.0015
0
0.6353
4.6605
13.205
7.3304
0.109
0.1098
0
0
0
23.4354
0.2223
0
0
0
0
0.5767
4.1407
0.1708
0.0673
0
0
0
0
0.047
0
0.6426
0
0
0.3225
0.0034
0.5277
9.3888
0
0
0
0.7848
0.2469
17.7288
1.8138
0
0
0.6211
1e-04
0
0.1273
0
0
1.1668
5.9277
1.2599
0.2285
0
0
15.5292
15.7224
0
0
0.1824
1.7283
2.1429
0.4463
0
4.0666
0
2.6132
17.3665
0.5328
0.1059
0.3693
2.4037
0.0854
0
0
0.8632
0.0029
1.8257
0.2001
0
6e-04
0
0
0
0
0
0.9931
6e-04
0.4126
4.6649
0
0
1e-04
3.0627
18.5256
3.0856
1.0176
0.2722
0
0
6.7679
0
0
0.4555
0
4.3151
6.6997
2.5015
3.8944
0.1274
0.411
1.1106
2.3601
0
0
0
0.0459
0
0
0
0
0
0
0
0
0
0.3449
0
0
0.3527
0.0699
0
1.249
0
1.15
2.8716
7e-04
0.5514
1.8956
0.2117
0.1945
3.9641
0
0
0.0599
0
0.0892
0.7736
8e-04
0.2829
0
0
0
0
2.9376
0.2982
0.7963
0
0
16.1303
5.0926
0.7375
0.1507
0
0
0
0.1539
1.1407
0
0.1831
4.8855
1.283
0
0.2906
2.7919
0.1053
0
0.8973
16.3013
0
0
0
0
0
0.9169
1.2473
7.6823
0.3118
0
0
0.3489
5.654
3e-04
0.1043
12.8848
0.3301
0.088
1.2661
0
0
15.5638
21.5216
0
11.5638
0.3781
0
0
0
0
0
0
0
0
0.7153
0.8664
1.0909
0.7038
3.4934
0.0933
0
0
0.4894
0.58
0
0
0.1926
3.1878
3.3515
15.6456
6e-04
0.0015
16.6797
1.8564
14.9195
11.3103
14.3674
20.7933
6.1409
5.3213
0.2799
0
3.8699
0.2118
0
0
0
13.6159
0.0585
0
0
0
0
0
1.5286
2.8971
0
0.2434
25.8731
0
0
3.333
0.7661
0.152
1e-04
1.6613
25.1536
0.0013
8e-04
2.296
35.2936
1.1612
4.0448
1.029
0
1.1016
0.0014
0.8993
0
0
0
0
0
0
6.8686
4.6383
0.0742
2.0581
1.44
1.494
0.2274
0
2.0191
1.252
1.6119
15.1411
17.6643
11.1426
6.0906
3.0906
6e-04
0.0012
0
0.4074
0.2539
9e-04
0.5431
0
1e-04
19.9087
3.4151
1.9988
8e-04
0
0
18.7309
0.9507
0
0
0
0.0011
25.1277
14.0308
8.4073
2.6451
1.4177
2.4838
1.7558
0
0
0
0
0
0
6.1801
4.4558
2.2422
0
0.0482
0
0
4.3983
0
0
0
1.525
4.793
0
0.0507
1.7197
0.8552
40.5571
4.0744
0.7222
0
0
0
0
0
0
0.1658
0.0478
0
0
1.5412
4.6233
0.0017
0
0
25.2477
0
0
12.4834
0.2264
0.6886
5.9195
0.6598
33.5043
2.8841
1.8957
0.2541
0.3153
0
2.2822
4.1448
0
0
0
0
0
3.3476
0
0
0
17.9881
7.0205
0.3375
0.0473
0
0
0
0
0.4935
6e-04
0
6.3642
14.7885
0
2.3815
1.7579
0.0601
0
3.2372
0.0131
0
0.0537
0.0013
0.1392
0
0
0
0
5.0103
4.8874
0.4773
0
1.9367
2.2935
0.8462
4.4036
5.2162
0
0
0
0
6.0387
0
0
17.8357
14.845
0.4369
0.2945
0
0
0
0
9.9767
0.9599
0.0071
0.2888
0.4641
11.6826
0.3296
0.0676
0
5.1794
0
2.4013
8e-04
0.2403
0.4835
1.6372
0
0
17.6196
2.4353
1.6615
0
0
0
4.582
8.0032
0
5e-04
3.2433
0.3935
16.1238
2.9159
4e-04
0
0
0
0
0
0.1505
0.159
0.9849
0.5247
0
1.7458
0
0
0
0
2e-04
1.616
0.7046
0.0173
1.2452
4.7203
2e-04
0.0533
0.2766
0
0
0
6.5443
0
1.1891
1.0311
0
0.1623
0
0
0
0
0
0
0
0
0
0
0
3.2492
1.3184
0
0.2098
1.0177
0
0
0
0
0
3.9882
0.5638
0
5.2622
10.77
0.2007
0.9075
0.3353
0.1524
0.2146
0.2285
0.1014
0
1.2074
0
1.6105
0.2224
1.2171
4.0407
5.3178
0.0059
0.8795
0
2.9035
5.6812
7.0826
1.4435
0.1094
1.482
15.3497
2.3432
0.456
7.0266
0.2622
0.4983
0
0.0851
0
3.2966
0
0
0.0454
0.7627
3.6857
0.0123
0
0
1.2605
0.2104
0.1908
0.146
4.0933
0.0596
3.7735
0
3.9151
0.1407
0.2219
0
0
3.8657
4.9895
16.3748
0
0
0.0567
0
8.7651
0.0286
0.7101
18.0635
2.6046
2.5571
4.0911
10.5545
5.2073
0
1.8257
7.4963
2.2326
0.5253
30.3668
4.5209
0
7.8218
0.768
0.0021
0.0052
1.549
0
6.7002
16.9659
0.6009
2.4856
0.5876
0
0
0
0
0
6.0506
9.3948
21.4855
2.6231
0
12.123
0.0021
0.8973
12.7651
0.1593
0.1489
0
0
0.7106
0
0
6.3778
2e-04
0
5.9272
0.0018
0
0
0
0
4.6989
0.4059
0.4566
2.7626
0
0
0
0
6.6034
0.0015
0.7562
0.6166
0.1954
7.9299
6.0817
0.0071
0.9415
1.0167
13.2017
2.3532
0
2.076
1.9081
9.4232
2.406
0
0.0361
12.9011
0.0593
0
0
13.2781
1.0953
0
1.5725
0
0
0
3e-04
0
0
0
5.5057
0.0012
0
6.8098
16.3484
10.3108
0.0016
0.0019
0
0
0
3.7605
20.371
1.8911
12.6183
0
0
0
0
1.6232
0.497
4e-04
0
5.5521
10.6427
5.1279
0
0
0
0
0
0
1.9077
6.5284
0
0
0
0
0
0
0
0
0
0
0
0.0925
0.3336
0
1.4103
0
0
0
0
0
0
0.0746
0
0
3e-04
5.2598
0.0222
23.0912
1.7099
0
8.5956
0.4682
0.0854
0.0924
0
5.0284
4.2926
0
0
0
8e-04
9.1372
1.6667
0
0
15.4276
0
16.069
0.0343
0
0
0
0
0
0.0497
0
0
0
0
3.8693
3.2758
0.0025
10.756
4.1796
0.1571
2.099
0
15.6723
7.1619
0.1669
0.6526
2.0302
1.071
2.2639
9.6527
0
0
0
0
1.7205
11.9478
0.1577
1.8157
2.1313
1.5282
0.3643
2.0502
0.7734
0.3358
0
0.2555
0.0808
0.757
0
0
3.5075
23.3241
0
0
0.1008
0.1374
0
0
0
4.2443
0
4.8647
15.098
2.1187
13.9756
14.0198
0.0148
6.3965
7e-04
0
9.313
27.326
10.4562
4.731
0
0.7176
0.0476
0
1.4709
0.2286
0
8.1607
0.3952
0.003
0
0.1494
0
0
0.6253
0.8488
0.0552
0
0
0.1098
0
0
0
7.0438
4.4619
4.5946
0.0045
0
0
0.3277
2.6444
0.0047
8.664
0.3147
0.0666
0.0256
5.0327
3.5027
0.2855
0.1116
0.0448
0.0644
0.0807
0
2.4044
4.1701
1.205
0.1068
0
0
0
0.5529
0
0.3171
0.081
2.5867
1.5041
0
0
0
0
0
0
3.4862
1.8579
0
0
7.4288
0.033
1.0486
1.0678
0.453
0.4412
0
0
0
0.1962
27.8977
2.1967
0
0
0
2.3794
0
0.6812
0
0
3.7278
0
0
0
0
3.2232
0
3.2223
5.6473
0
9.3012
22.917
14.8942
2.2562
11.534
2.1504
1.3388
0.1344
1.0987
0.2249
0.2833
2e-04
0
0
0.0056
0.0489
0
0.0522
0.0781
2.3785
0.0028
2.9888
7.189
0
0
0
0
2.5992
0.291
0
0.7077
9.6281
1.8418
0
0
0.0641
4.9271
0.3168
0.653
0.0512
0
0
0.7178
0
0
2.6583
0
2.5321
12.8557
3.7993
0
0.5388
3.0053
2.9555
1.103
1.4208
5.0962
0
0
0
0
4.4681
0
0
0
0.0079
0
0.7675
7.3026
9.3392
1.8564
1.4346
0.1263
0
3.5575
0
0.0016
0.4782
0.0042
0
0.0662
3.8533
14.6251
7.4288
0.7205
10.6801
6.7817
6.7348
2.6669
0
25.4438
0.2032
0
1.9746
3.8717
6.01
33.0533
0
2.1707
0
0
0
2.0473
2.0472
2.3255
0.0017
0
0
0
2.0582
10.6663
1.157
0.3506
7.6587
10.6272
0.0015
0
0
0
1.7476
7.25
0.0172
0
0
0
0
0
4.2208
0.0012
0
30.1164
10.8282
0.0021
0
0
0
0
0
0
9.2417
1.4173
0.1736
0
0
0.2889
1.7467
0.0278
14.2154
1.9471
0.0355
0
0
0
1e-04
20.1519
0.4156
2.884
31.3563
0
0
6.0363
0
0
0
0.0756
0
0
0
4.1533
5.6557
1.7477
0.423
0.0483
0.8306
0
0.2993
0
0
0.8735
6e-04
0
0.6455
1.5022
4.0288
0
21.3175
7.5258
0.1434
0.0534
0
0
0
0
4.6531
0
0
0
0
3.7091
0
0
7.0081
0.1309
0
0
1.4804
0
18.2598
4.5035
0
0
0
0
0
0.0487
1.342
1.5231
0
0.0899
3.593
0.7226
13.9283
0.097
0.3557
0.0651
0
17.5302
0
0
0
0.107
5.0081
0
0.2231
0.0202
0
0.8531
7.8471
0.4815
0
0
0
0
0
0
0
0
15.0121
2.6699
0
7.1559
5.2903
0
4.9912
0.0103
12.7163
0.9761
3.2446
0.9335
0.0097
0
0
0
0.3961
1.2385
0
5.0249
1.6881
0
0
9.6599
13.1852
0
0
3.4478
0
0
0.2419
0.6763
0
0
0.0077
6.6982
0.313
0.0574
0
3.3681
10.7787
16.5346
2.2828
0.356
0.0128
0.2301
0.02
0.0736
0.3864
0.1867
0
0
0.0052
6.8142
7.4385
0.0241
0.0258
0
0
0
0.1493
0
0
0
0.3388
0.6463
0
2.3531
0.0493
0
0
0
0
0.0629
5.4182
6.3232
2e-04
9.4467
11.0295
0.1524
1e-04
0.1074
0.3132
0
0
0
0
0
0
0
0.6331
0.1297
0
1.2287
0
0
0.4726
7.4806
1.2687
7.5177
0
0.1848
0
13.2397
0.0032
0
0
0
2.4823
8e-04
1.9916
0.0054
0.068
0.3199
0
0
0
2.7262
4.5819
4.6557
2.1905
1.8294
0
0
0
0.3672
4e-04
0.182
12.8354
0.6625
0.255
0
0
0
0
0
3.7175
23.5022
7.1127
11.8809
7.3909
12.7763
10.9115
5.3519
8.2462
3.7494
0.1702
0.4647
0
0
0
16.2613
20.6433
0.4305
0
0
1.5096
0.04
0.2008
1.1763
2.9658
2.9711
0
0
2.0864
0.5813
0.169
0
0
0
0
0
0
0
0
4.6805
14.2457
3.3939
12.0149
86.8786
0.3379
9e-04
0
0.0036
0.3621
2.2937
0.0433
0
0
3.9177
0.8717
7.9382
3e-04
0
0
0
0
2.1527
6.8855
20.5134
3.333
17.7536
0.9355
0
0
1.1203
0
0
0
2.6692
0
0
0
0.128
2.2914
29.698
0.6559
6.2583
1.9902
5.1409
0.007
10.4677
4e-04
0
0.002
0.1888
0
0
0
0.0382
0
0
3.0766
0.0235
0
0
0.0026
7.6117
0
0
0
0.3932
6.3086
0.0884
0
13.6489
2.0473
34.1251
0.1028
0.0065
0.7354
2.0944
0.0113
0.0492
0
0.2549
0.0386
0
0.5713
0
0
12.3745
9.7247
0.971
0.2948
0
0
11.6153
3.7292
0.1354
0
0.0071
2.9284
1.36
0.0501
0
7.5801
5.5511
0.4118
5.3434
7.9157
3.5237
0.5704
4.1918
0.1328
0
0
0.0589
0
0
15.035
0.8596
0.0034
0
0
0.9835
48.713
0.0175
4.8448
3.7363
0
2.6746
0.1065
0.2587
0
0.2722
16.7898
8.6254
0
0.0903
0.9548
0.5284
0
0
0
0
0
5.9878
0.4289
0.0019
0
5.8302
0.0017
0
0
3.7732
25.7102
1.0637
0
1.5552
1.0515
0
0
0
0
0
0
0
0
0.3307
18.0817
42.2419
0
0
0.0769
0.024
0
1.4597
0
0
0
0.0386
3.2952
2.806
0
0
0
0.827
3.3402
0.0403
0.1263
2.6555
12.4171
0.6382
0.6143
6.8859
6.0714
0.2601
0
0
1.4442
5.7793
8.7236
0
0
0.2443
18.9425
21.9211
1.4741
0.7602
0
0.1084
0
1.907
16.9748
4.1155
26.3504
0.0231
0.3255
0.1246
0.2734
0.0856
0.3571
0.4848
0.1318
0.6366
0.6085
8e-04
0.0996
0.4741
0.7261
1.3465
0
0
0
8e-04
0
0
0.413
0.0012
0
0
0
0
1.3341
3.7655
6.532
0
0
1.1912
0.2526
0.0681
0.9821
0.0574
0.1108
3e-04
0
3.3322
0.007
0.3715
0
13.7401
10.015
0.0489
0
0
0
4.7739
0
0
1.3713
0
0
0
10.8526
16.2672
0
0.368
0
3.4837
0.0011
1.1449
7.1326
2.3194
1.0195
0.0039
0.0012
0.3762
1.1378
0
1e-04
0.4224
6.2875
0.2835
0.0795
0.3199
0.4612
0.2681
1.2682
0.0037
0
0.0339
11.089
7.3475
0
0.335
2.4383
0
0
0
0
0
0
0
0.3327
0
20.2966
24.2301
7.5895
0.0034
1.3956
0.0363
16.2831
4.1725
7e-04
0
0
0
0
0
3.2206
1.6757
0
0
0
0
0
14.7449
0.9418
0.1868
0
0
0
0
0
0
0.3444
5.6386
0.6289
0.0399
0.0064
0.051
0.002
4.6054
4.4422
8.2696
19.0151
0.0565
2.0776
0
6.5935
0.0792
0
0
0
0
0
0
0
0
0.0016
9.7501
0
5.1114
0
0
0.5834
0
0
0.4416
8.6045
0.0027
0
0
0
0
0.0051
4.5714
1.0628
0
0
0
2.1427
0.2036
0
0.0016
0
2.3762
0.7632
2.2013
0.0822
12.4405
0
0
0
0
0.2419
0.2501
0.1127
35.7825
8.1521
0.1847
0.0665
0
0
0.0656
0
0
10.9639
3.0373
21.0565
10.6569
24.1255
1.05
0
0.1848
0.0747
0.0273
0.3279
4.3651
0
0
32.9269
75.726
1.4166
5.6099
0.2063
2.2806
11.672
0.0453
0.2319
0
0.0437
0
0
0.0777
0
0.0456
0
0.0399
0
0.1194
4.8389
30.2108
0.6876
9.9299
0
6.1176
6e-04
0
0
0
0.0523
0
0
0
0
0
0.0401
0.002
19.8854
0.1224
0.1039
0.0521
0
7.2778
6.0562
0.5074
0.0164
0
0.5747
0
0.0523
0.1141
0.0167
5.5666
0.0303
0
0.0897
0.032
0.9588
0.6872
2.062
0.0822
0
0.6451
0.1949
47.3943
0.0942
0
0.7219
1.3328
0.7236
0
0
0
0.295
0
0
0
0.2952
0
0
0
0.0027
0.4156
0.0967
0
1.0824
0.9998
2.329
0.2332
17.8659
0.1572
0
0.5781
2.9499
0.9422
0
0.1507
3.7751
28.6453
0.0727
0
3.465
17.4405
0
0.1031
0.0255
0
3.7849
0
0.1791
1.405
1.7554
0.2364
0.0805
0.07
6.5481
0
2.1147
30.0543
2.3704
0
12.4951
0.0115
3.9145
0
0
0
0
0
4.9431
0
0
1.1425
0
2.4957
1.8353
4e-04
0
0.3853
0.397
0
11.7936
22.5038
0.87
1.5076
0
0.3795
2.1765
2.1438
0
0.1529
0.0776
0
0
0
0.8521
0
0.3533
0
0.9134
0.9408
0.0333
0.9413
3.9495
0
6.8356
0
0
1.4245
25.6585
50.753
0.6915
0.3927
1.9695
0.9406
0
4.3396
2.5125
0.2489
0
0
9.0866
2.615
0
0.3434
0
3.5201
0.0274
0
0
13.5381
0.1542
0.667
2.3148
0.4404
0
4.7974
12.6115
23.8882
0.4069
2.5947
12.0351
0.1976
0.0388
1e-04
0
0
0.9194
0
0
0
7.047
22.5296
0.5836
1.0554
5.057
0
0
0.0587
0.0419
7.6919
15.1467
0
0.0405
2.9675
6.3967
0
1e-04
16.4535
0
0
0
0
0.6756
2.1738
11.1688
5.8565
2.8618
0
0.1454
0
0
0
0.0308
3.2699
0
0
0
0
3.1392
2.361
0
3.0838
1.5813
0.002
0
21.7171
10.3634
0
2.3341
2.3343
7.4122
0.5907
0
1.3649
11.5543
3.39
0.0319
5.95
0.2903
2.9584
0.2135
10.5878
0.0071
0
0.0504
0.7284
0
0.3518
0
2.9065
0.0156
0.2944
0
0
9.2741
0
0
19.0531
1.2972
0.5277
0
0.6418
4.3698
5.4226
18.4406
0
0
15.829
1.3364
0.4336
2.3201
0.4315
0.483
0.0019
0.4751
14.2797
3.6063
3.7619
0
2.34
28.1097
1.6867
17.8911
3.099
2.1563
0
2.4885
38.1837
0.0011
1.6584
2.6879
0.0011
13.9894
10.0015
0.0103
2.592
4.9084
4.3469
0.8223
2.4398
0
2.5019
1.0018
3.3803
3.3335
0.8733
3.4168
1.9367
0
2.1396
1.7933
0
1.1881
0.9599
1.8056
1.7209
1.2412
1.923
0.0603
2.2873
0.4701
1.1111
2.3414
4.5822
1.6166
4.3657
0.58
2.6077
0
1.4233
3.4469
0.4398
0.6406
3.0447
0.1046
1.3193
1.1285
1.0963
1.1032
3.4853
2.8201
0
4e-04
0.8936
7e-04
0.0545
0
0
0
0.1888
2.0202
4.1287
1e-04
5.3237
0
5.1757
0.9537
0.9537
41.5705
28.9093
5.5914
4.3316
3e-04
0.9439
0.9594
0
1.0129
1.0125
1.001
1.1095
0
0
1.4475
0.6255
1.9144
1.0178
8.2111
0.341
1.4645
2.2874
1.435
0.5456
1.0298
0.9789
4.141
0.4722
1.0577
1.8359
1.1103
1.3939
0
2.8586
25.2045
0.9422
1.5823
2.1867
0
2.8364
0.9409
1.5744
7.1119
1.5732
1.2268
3.4048
1.3356
1.014
1.9651
0
1.9286
0
2.6926
0.7107
1.1456
0
3.6975
1.1313
0.7056
2.6267
0
2.4709
13.185
6.2479
25.4754
1.9369
0.3186
2.8335
0
0.626
0.5914
0.1984
0
2.8628
2.2657
0.016
0
0
0.0105
5.6879
4.0362
3.6259
0
1.5076
1.6678
0.8622
0.5428
1.4391
18.2489
7.8431
0
0.3176
2e-04
2.7755
4.05
0.9136
3.5275
0
29.0879
0
0.3123
0
0.8613
13.8796
0
2.5973
3.685
5.8726
0
0
0.7025
0
0
0.1563
0.24
3e-04
0.8434
0.4483
0.6757
2.7873
11.6325
2.0059
0.0143
1.9101
2.6685
0
0
0.275
0.313
0
0
3e-04
0
0
0
0
0
1.6695
14.9651
0
0.127
0
0
0
0.1377
0.9489
0
0
0
0
0
2.3106
28.521
8.2586
0
0.6119
0.0079
0.2173
0
6.9906
0.6555
0.0021
1.1637
0.5482
1e-04
0
0
1.0708
7.5274
0
6e-04
0.2575
0
0
0
0
0.8704
45.8227
0.0058
10.2039
12.5579
0
0
0
0
0
0
1.9059
0.6269
0
0
0
0
2e-04
1.5005
0.037
0.0024
0
8.0535
0.4831
0.1574
0.7612
0.1962
7.9693
0
0.4829
16.5527
0.4867
1e-04
0
1.5872
6e-04
0
1.8697
16.0001
2.7889
0.0648
0
0
1.9681
14.9808
1.6884
0.9313
0.0127
0.6112
0
0
0
8.7696
0.0029
10.4766
3.9357
0.4579
0.1515
0
0
2.7555
4.4227
2.0047
0.1129
0.0637
0.099
0
3.1386
18.2824
0.146
2.373
0
0
0
0
0
0
0
0
0
5.0884
26.0918
3.3999
0.1581
0.0047
0.438
2.1671
6.4309
1.6386
0
0
0
0
1.796
0.066
0.5293
3.0198
1.7787
0.4476
0.4516
0
2e-04
9.0823
0.0388
22.6511
16.9159
0.0119
0
0
0.211
8.6425
4.5659
6e-04
0.179
0.8165
0.0299
0.2063
0.7828
0.3223
0
0
0
0
0
0
0
11.7986
0
0.0011
0
0
0
1.798
1e-04
7e-04
0
1.8725
4.4624
15.1298
3.0492
6.0474
0
2.8536
0.0551
14.1479
0.0222
5.644
0
1.0235
0
0
9e-04
0
0
8.9618
0
0.0121
11.5946
0.5098
0
0
0
0.0762
7.7446
0.5312
0
6.2841
0.5124
4.8962
4e-04
0
0
0
2.699
18.3816
6.799
0
0
0
0
0
0
0
0.0098
1.2
12.4734
4.7875
0
0
0
0
0
0.9004
0
0
0
0
1e-04
3.153
4e-04
0.9083
0
0
1.8365
0.0019
3.9962
1.7256
0.7628
0.0582
18.9561
0.4146
0.1161
0.3656
0.5741
1.9863
1.0513
16.8749
2.9757
0
0.2717
0.024
0.9423
4.6314
1.0388
0.2018
0
0
0
0
0
13.2249
0.223
1e-04
0.0988
0.1582
6.6046
0.1406
0.0843
7.2042
0
0
0
0.3314
0.3031
0
0
0
0
0.5691
0.0362
0
0
0
0
0.7561
0.0306
0.1813
2.1943
0.1875
0.003
0
0.2675
0
0.8183
1.3097
1.1499
0
2.216
4.2891
0
5.6841
8.1175
0
0
0
0
0.3227
16.5025
0
0
0
6.0431
0.092
0.186
0
0
0.3529
1.8378
0.4295
0.6265
1.1056
0
0.1158
8.4871
0.7899
1.0625
1.3687
0
0
1.3962
0.1627
0.0028
0
0.6467
0.2545
0.0038
3.6527
0.0012
0.2929
0
1.3369
0.0414
0
0
0
0
0
0
0.0341
0
0
0.2492
0
5.2699
3.4363
0.1647
0
1.1584
0
0
0
0
0.0684
0.0739
0
0.9907
6.1583
0
0
6.3663
5.2191
0
0.0039
0.3028
0
0.0035
1.2142
0.435
0
0
0
0
8.6164
0
1.8989
1.3381
5.2705
1.5294
0.071
0
0
0
0
0
0
0
0
0
0.5183
0.137
3.8344
8.4149
7.8317
0.5502
0
0
0
0
0
0.0468
9.7868
0.4082
0
8.0119
0.2648
0
9.9621
4.649
0
0
0
0
0
0
0.3888
0.1731
10.8346
15.6776
0.1731
0
0
0
4.4625
0
0
1.0319
0.0916
0
0
0
2e-04
0.0357
0.0036
4.7162
24.5858
18.8442
0
0
0
0
3.6551
3.3861
4.5969
2.936
1.0085
1.8562
4.0238
3.2919
0.028
0
27.0059
0.0105
7.1236
7.9329
0.7007
0
22.9109
8.6307
0
0.0615
6.9166
1.514
6e-04
0
0
0
0.006
4.7098
0.1428
0
20.4547
8.8222
3.1418
5e-04
1.9636
5.5197
14.3859
0.4197
2.6174
8.4717
0
1.2081
7e-04
12.4515
4.4176
1.2902
0.5067
0.361
0
1.4862
0
0
6.3222
7.1538
10.5467
0.0192
0.7019
7.419
5.6648
0
0
0
0
0.1104
0.1048
0
0
0
2.4674
8.0346
0.464
0.225
1.0557
0.9963
2e-04
0
2.3874
0
1.728
3.7614
2.4459
2.9692
1.3791
19.3981
16.1566
12.4111
1e-04
0
3.352
3.2146
0
8.5913
0.7447
0
0.7409
9.8912
1.0506
0
0
0
2e-04
1.2782
25.5097
0.1394
0
1.2971
3.29
2.5262
0
0
0
0
12.1684
0.1382
0.5179
0.0648
0.3574
0
0
0
0
0
0
0
1.4893
0.709
0.6061
0
0.0796
0
0
0
0
5.8087
0.002
0.9013
0
0
24.5795
4e-04
0.0543
0.4548
0.0942
0
0.2583
1.8973
0
0
0
1.601
28.186
0.3221
7e-04
0
6.3465
13.9632
7.8185
2.7851
0.8967
0
0
0
0
0.0437
0
0.367
13.8197
0.0699
0.001
0
0.2864
2e-04
4e-04
0.9297
0
0.0053
1.6019
0.0015
9.2426
0
0
0.2073
0.1622
0
0
0
1.0559
1.632
0.254
0.2038
0
0
0
0
0.0778
0
0.2648
0.944
0
6.8288
16.154
0.2322
0.0841
0
0
4.444
5.1276
0
25.5997
8.3104
0
0
0
16.0845
1.2401
0
0.08
0
0.3336
0.1969
0.2653
0
0
0.274
0
14.906
0.5234
0
0
0
0
0
0
0
0.0339
0.2519
0
0
0.1084
0.419
0
0
0
0.6289
0.2244
1.7663
0
0
0
0
2.2993
2.0421
0.873
0.2112
0
12.2985
0.0531
0
1.1604
0.2009
0
0
1.9553
0.701
1.0897
1.1295
0.0587
0.1334
0.6073
0
0.1063
0.9038
0.983
0.8994
1e-04
0
6.841
12.3863
0
0.0011
0.5637
0.1818
1.0291
0
0
0
0
0.7266
0.1788
0
0
0
0
0
0
2.4501
10.0501
1.5049
0
0.71
10.3771
0.0877
0
42.8715
0
0
0
2.0444
19.8687
4.6723
0
0
22.5561
0.8092
7.8844
0
0
0
5.8274
0.7358
0
0
0
0.7755
2.8019
1.5476
7.626
0
0
0.0939
0
0
0
2.1637
0.286
0
0.5682
0.5215
25.3482
0.3503
0.4268
0.0074
18.1124
0
0
2.2274
0
0
0
0.0494
8.5371
2.0413
5.2596
11.4933
16.4493
0
5.2373
18.83
1.96
36.9674
2.5571
6.7157
3.7305
0.6655
0
3.1436
6.0261
15.0242
0
0.0468
1.3243
2.4742
0.0456
2e-04
1.0025
0.0023
6.2228
1.8152
7.787
8.0108
11.0734
4.0486
8.9637
0.8535
0.0034
1e-04
1.6007
7.4825
1.5593
21.1847
42.4716
2.9595
0
17.8213
0.0255
0
0
0
0
0
0.0014
0
5.5468
0
3.713
9.982
0.0604
0.7434
0
0
0
6.2803
6e-04
1.5498
19.1507
1.3892
0.2094
4.3807
4.6624
2.673
0.0039
0
0
0
0
0
0
0.0408
5.5179
0
0
0.8317
0.1155
1.6294
0.1245
0
9.2048
6e-04
0.0337
0
6e-04
0
0
5.6425
0.7507
0
0
19.5915
33.5551
9.0648
2.7451
0.5038
0
6.9427
15.7253
0.5016
0
9.4574
0.8744
8.4748
0.0022
0.2392
2.1859
11.1404
0.3025
13.4301
1.7915
0
0
0.0264
29.5619
0.1198
0.2575
0.9711
0.4297
2.4955
0.6271
4.852
0
0.0091
16.1598
11.9553
0
0
0.6338
0
0
0.3143
1.3965
0.0013
4e-04
13.2007
0.5637
0
20.5491
22.09
19.665
2.0206
2.1743
0.0179
0.0338
0.2168
4.734
0
6e-04
0
11.6059
0.8754
7.6754
0.0337
21.7285
0.2216
0.3621
33.0866
1.614
2.2354
9.2894
2.386
11.4616
2.0068
3.6375
0
0
0
0
0
0
0
0.036
5.2172
0.1318
2.1199
1.7677
3.6207
0
1.9159
32.69
24.9419
0.052
0
2e-04
3.0392
1.1633
5.3285
10.3548
0.5604
1.2777
0.0017
0.7636
0.1324
0
0
0
0
0
1.4003
0.1207
4.55
0
0
0.0514
0
25.5698
2.5693
0
0
0
0.5558
0.0019
1.0788
21.4237
18.6335
0.0332
0
0
13.3733
7.655
40.1425
3.3342
0
0.0972
0
3.3654
19.4275
6.0044
0
0
0.774
0.0195
0
0
0.0835
5.1496
8.0505
0
0.9342
0.0877
0.8088
1.201
16.3921
0
1.5787
0.2831
0
0
9.1684
0.6425
0.3195
4.3613
1.3436
0.5855
2.0682
0.0745
0
0
0
0
0
0
0
2.0882
4.6866
1.7915
0.3667
0.1002
0.001
17.9947
0.0681
1.7485
0.5391
5.2057
0.0158
11.6239
0
2e-04
6.2042
11.9714
2.9214
0.2929
0.0217
0
2.1771
0
0
0.2218
0.8491
0.022
0
0.2162
0
0.5204
8.1172
0
0
3.0428
0
1.0939
0
0.2655
0
0
2.2051
1.76
1.9329
11.7522
0
0
0
0.0906
15.8808
0.6924
15.8076
8e-04
0.6578
5.0131
0
0
3.461
0
0
0
4.1995
12.7249
0.0581
11.1139
30.8663
0.1248
10.6726
1.0833
0
0
0
1.2608
10.8882
0.0267
0
0
0
0
1.5689
0
0.004
0
6.7115
0
0
0
0
0
0
0.0043
0
0
0
6.6865
0.0179
0
0
0
0
0.1889
5.4136
0
0
0
0.4503
3.1939
0
4.404
0
4.8566
7.1959
0.891
0
18.003
0
0
20.2534
12.2842
4.8172
1.3033
0
0
0
0
0
0.1431
0
0
0
0
8.557
6.263
0
0
0.0105
3.1298
2e-04
5e-04
12.3287
0
0
11.4093
0
0
0
4.9073
0
0
0
0
0
2.5105
0.0093
0
0
0
1e-04
17.001
24.6128
0
0
0
4.6253
0
0
0
0
0
0
0.5356
0.9288
10.9183
2.8593
1.7399
0.4621
2.1039
0.3822
4e-04
0.076
0.0108
1.575
0
0
0
0
1.8126
0.3931
0
0.0239
1.5304
13.8109
0
0
0.0147
0.0413
0
4.2946
9.1813
8.1486
0.3187
0
0.0578
0
0
0
0.0478
23.9397
0
0
0
2.1617
30.0279
4.7256
0
0.3926
16.4737
0.883
0.0134
0.0657
0
0
0.4125
1.7658
0.0032
0
0
0
0
32.7224
0.75
0
0
0
0.002
3.5932
0.0675
6.1673
3.9154
0
2.4232
19.5824
0.0034
0.0086
0
0
0
4.2778
0.3955
0
0
19.8246
3e-04
3e-04
0.1657
20.8843
0.1919
0.0013
2.5481
5.4985
0.0058
0.4741
0
0
0
7.8047
4.2383
0
4.8099
12.2449
0.0921
0
0
0.3152
0
0
1.8587
1.3613
0.5085
0
2.0574
3.0629
3.1888
1.9383
0.1688
0
3.3551
0.5647
0
7.3033
6.4763
4.9988
16.1717
32.847
15.9611
0.0186
0.0054
0
0
0
0
0
0
0
3.2315
2.0585
11.1955
0
0
0
0
0
0
0.0213
0.0427
0
0
2.0273
0.0257
0
0
0
0
0
0
0
6.0395
0
5.6053
0.0015
0
0.2684
4.7827
8.2737
4.6156
0
0.4642
0.5486
0
1.1757
0.0732
0
4.4455
1.4442
13.1848
3.3016
8e-04
0.414
1.2686
0.0024
8.0393
64.32
0
11.1745
0.147
0.2896
1.121
0
0
0
0
0
0
0
0
0
11.1206
0
29.0118
4.8921
0
0
0
0
0
0
0.1009
0.9484
0
7.3783
0.8605
0.7461
0.2049
5.11
0.6666
9.1468
1.1347
0.0159
2.2881
0
6.4527
0
0.8476
0
4.6758
0
0
0.0364
0
0
0
0
0.055
0.0027
0
3.858
0.0694
1e-04
4.8779
0
0
0
23.0643
21.313
2.6757
0
0.6887
0.097
0
0
0
0
0.0023
0
0
12.7344
0.1127
0
0
0
5.7802
0
5.0453
0.0045
0
0
0
0
0.0015
9.4997
0.0167
9e-04
0
0
0
0.0016
0.0195
0
0
0
0
0
0
0.2917
0.0019
18.0536
28.5146
19.2838
0.4776
0
0
5.4956
1.1593
1.171
3.8994
0.0157
0
0
0.2228
23.3325
1.0869
0
0
13.3425
1.9698
0.0214
0
0
0
0
0
0
0
0
0
4.895
0.2259
0.3937
0
0
0
0
0
2e-04
0
0
0
0.6151
5.8893
2.756
0
0
6.0881
10.9419
0
0.0391
5.338
12.9189
3.1837
0
0
0.0272
0.1662
0
0
0
17.9897
1.1548
0.4216
24.0043
0
1.133
10.9979
0.0092
0
0
0
0
0.2671
0.1566
2.8747
0.6907
7.0456
13.1681
9.0075
2.4105
0.0037
36.3288
0.5702
1.8523
21.4904
13.9177
25.7564
2.061
13.1548
26.8132
30.2216
0
0
0
0
0
2.4384
3.0623
0.206
0.0241
56.8728
0.705
3.6803
0.1526
5e-04
0
0
11.2259
0
1.7812
0
0
9.0324
0.0075
7.7706
0.1021
0
0
23.2712
0
0.6954
0
0
0.1598
4.395
0
0
0
0
0
0
0
0
1.3871
6.9554
0
0
0
15.9349
8.4235
0
0
42.0396
0.0142
0.0726
0
0
0
0
2.0863
0.0946
1.8859
0.0667
0.2006
3.761
5.9073
0
0.0596
1.693
0
0
0
8.9731
24.8247
8e-04
0
0
0
0
0
0
2.8782
6e-04
0
0
1.2541
1.2598
32.8379
19.4863
9.1178
0
0
0
0
0
0
0
2e-04
5.7571
3.0059
0
5.6515
0
0.3216
0.1246
0.0285
0.1813
0.0137
0
0.2581
0
0
0
7.0806
12.5143
1.9203
2.2507
0.0666
0
1.529
0.6737
0.4258
0
0
4.8157
3.2946
0
0
0
0
4.9586
8.0056
0
0
3.9409
2.7922
0.0016
0.1665
0
0
0.005
0.1449
0
0
0
0
0
1.3419
0.0365
1.5475
0.0187
0
0.014
0.0495
0.7465
0
0
2.3319
0.3925
0.0152
2.3195
0
0.0295
4.0757
27.2242
50.4293
0.0051
0
0.0406
0.0342
0
0
0.0047
0.0015
0.1037
2.8328
8.9927
0
0
6.3412
3.2683
0
0
0.2314
10.5143
11.9363
0
0
0
0
1.8315
0.4672
0
1.1368
0
2.1165
0.626
0.5271
0
1.5094
0.9678
1.1911
0
0
0
0.2228
9.1666
15.5649
0
0.481
14.271
0
0
0
7.0378
0
0
0
0
0
0
0.3144
0.4342
7.7326
0
24.3951
2.5857
0
0.1738
8e-04
0.8353
0.6585
3.3479
0
0
3.8254
0
0
0
0
0
1.3904
0
0.2392
0.0154
16.1612
0
0
0
0
0
0
6.443
0.0019
0.1737
0.1531
0
0
1.7448
0.009
2.1002
2.9093
0.9164
0
0
0
0
27.4652
3.4502
0.2538
0
14.3937
7.8303
0.0477
0
3.6599
0.4745
0
7.6763
16.6778
0
0
0
0
0
0
0.08
0
0
7.0868
0
0
5.4417
10.8534
15.1228
0.253
0
1.0197
0.1062
0
0
8.6517
9e-04
0.7015
8.9032
0.006
14.3094
6.9637
6.1866
21.1734
0.0238
1.3421
0.034
0
0.2995
1.1609
2.4703
0.0023
0
0
0
8.3002
5.2877
0.0065
0
0
0
2.1623
0.5448
15.6521
0.3965
0
0
12.1789
0
0.167
3.5735
0.1248
0.0398
0
0
0.175
0.0016
7.0978
13.5506
13.5963
0.2035
0
15.6043
18.2684
7.3534
1e-04
0
0
11.3827
0
0.4134
0
0
0
0
0
1e-04
19.2229
1.5948
0.0607
0
0
0.5242
0
1e-04
0
0.0806
0
0.2963
0
0
0
14.2918
0
0
1.4668
3.3415
1.9497
0
3.3185
0.7658
8e-04
8.178
0
0
2e-04
1.9119
0
0
0
0.1368
28.3265
2.0637
1.213
0
0
0
1.2662
0.0111
2.1309
1.4023
0.001
0
0
0
0
1e-04
0
0
0
0
5e-04
1.1183
9.0528
0.1428
0
0.284
49.2062
0.0041
0
0
50.5202
13.8869
0
0.5391
0.3853
1.0536
6.762
0
0
0
0
7.4045
3.719
0
0
0
0
0
0
0
6.6929
0
0.0018
11.9909
2.3097
0
1.1397
9.0084
0.0013
0.0822
0
0
0
1.5654
4.8123
6.2466
4.8505
0.7431
0.3446
0.0115
1.7493
0.8376
1.8434
0
0
0
0
0.0022
2.4966
0
0
10.1128
3.6907
0.0105
0
1.8709
0.6185
5.5304
2.6588
0
0
0
0.7023
0.0067
0
0
0
0.6378
7.3481
0
0
0
0
1.689
1.8614
16.1009
0
0
0.2701
0.3308
0
0
2.4263
0
0
0
0.0017
8.0892
0
0
1.0863
0.0399
0
0
0
0
0
7.0017
0.0293
0
0
0
0
0
1.0246
7.2401
1.4353
0
0.1038
3.1608
0
0
0
0
0
20.3055
9.9973
0.0039
2.4055
0.0994
0
1.3647
0
4e-04
10.7386
0.7962
0
0
0
0
0.2666
0.1026
1.7845
16.4423
0
0
0
3.551
2.5179
0
0
0.8456
3.8119
0
14.6171
5.6496
0
7.6646
0.4653
0
0
0
0.251
0
0.7372
0.3291
0
0.9756
0
0
0
0.6394
0
0
7.4014
0.0139
0
0
0
0.9371
0
0
5.2321
0
6.0903
0.006
0
0
0
0
0
1.7066
0.1607
0
0.129
10.4081
0
0
0
0
0
1e-04
0
0
0.0726
2e-04
1.9177
13.195
0.2437
7e-04
0
0
1.0941
0
10.0663
3.6214
0.8278
0
0.3325
7.41
2.3383
25.1699
5.5481
0.9462
0
6.9402
0
0
0.8232
0.0051
0
2.538
7.3203
0.1409
0.0584
0
0
2.1543
0
0
0
0
11.446
0
0
0
4.338
1.1475
1.2441
0
0
2.7447
0.9913
2.5574
0.3478
0
0
6.1608
1.6949
0.1586
0.002
0
0
0
0
0
0
0
7.4561
19.4863
0.9353
0.5218
10.1562
59.7971
4e-04
0
0
0
0.6647
0
0.4504
8.6365
10.1619
4.0479
10.7826
4.3749
2.6607
7.7594
15.7555
9.607
3.0165
6.3441
7.3054
0.3554
0.2366
1.1607
0.8396
0
4.0127
0.024
69.7801
48.098
21.3495
0.0272
6.4177
0
0
0
0
0
17.3225
0.6281
46.2167
0
0
9.9167
0.1098
9.9714
2.9819
0.019
7.1387
1.0937
2.1846
0.0088
0
0
0
0
0
0.3026
0
0
5.4512
0.7796
0
0
1e-04
13.0392
9.5211
0
0
0
0
0.3518
8.5622
0.0484
0.0863
0
0
1.3686
0.9799
4.0519
11.2943
11.1501
3.2537
0
0
0.7577
4.1944
0
0
0
0
0.1461
5.6937
1e-04
0
1.0981
0.0544
35.8496
56.8335
0.0609
0
0.0141
0.8615
0.7787
7.7134
6.4343
0.0034
0
0
0
0
0
19.4615
0.337
0
0
0
0
0
0
0
0
2.9609
1.5135
0
0
5.4663
2.8866
0
0
0
0
1.1822
0
0
0
0
0
0.2339
4.0081
0
0
0
0
0
0
0
1.8225
4.067
0
0
41.5078
1.062
0
0.1675
2.7549
0
0
0
0
6.0151
0
0
0
15.8742
0
0.9826
0
0
0
0
0
7.3824
2.1039
0
1.2914
0.1992
0
0
0
0
14.1055
1.9738
0
0
1.1546
0.539
0.4236
0
0
0
0
0
0
0
0
0
2.8143
2.9921
0.3361
0
0.0546
0
0
0
6.9229
0.6338
3.4848
7.2484
0
3.2523
20.2567
23.1752
6.9765
0
0
0
0
0
0
0
0
0
7.5855
0.2348
13.4428
0
5.0661
3.3469
4.4649
4.0189
1.4157
0.009
0
0
0.5117
0
0
0
0
0
0
0
0
0.3473
0
0
0.639
2.2773
9.547
0
0
0
0
0.9038
1.1329
0.9107
0.1121
0.0945
0.0316
0.0611
0
1.4794
0.0355
0
0
0
0
0
0
26.3035
2.8641
4e-04
0
0
0.7791
7.9353
1.4633
1.9163
2.4339
0.4831
0
0
0
0
19.9358
1.5645
0
8.0607
7.5636
9.743
0.0969
0
0
0
0
0
0
0
20.4439
1.6077
0
0
17.2369
0
0
29.3599
3.4966
2.0562
1.0347
0
0
6.7929
19.2017
0.5406
12.6369
0.7618
5.8668
0
0
0
0
0
0
0
0
0
3.9193
1.875
0
0
0
13.2041
2e-04
6.805
0.2854
5.8235
10.2322
23.3867
0
1.1914
2.3084
0
0.0157
1e-04
0.0698
4.6318
0.111
11.6136
10.5011
1.5006
0.0382
0
1.3957
0
0
8e-04
2.3871
0.1733
0
0
0
0.0028
0
0.4105
0.1164
0.0024
0
0
0.2336
0
3.0966
16.7246
0
0.5864
0.0031
0
0
0
0
0
0.0286
0.8933
6.2805
0.6024
0
0.211
0
0.1184
0
16.0984
0.2361
0
0.0385
9.2027
0
0
0
2.2361
0
0
0
0
0.0218
2e-04
1.1135
1.9251
0
0
0
0
5.3659
0.3643
0.0257
0
5.5229
6.8212
0
0.0087
0.0129
0
10.8719
0
0
0
5.0888
0.1204
0.9718
16.3922
0
0
0
0
2.2423
0
0
0
0
11.3315
6.4907
0.0573
49.8222
22.9612
0.8198
7.7649
0
0.7924
0
10.0245
0.545
0.0182
0
0.0044
4.9449
0.36
21.0535
2.33
1e-04
0
1.0824
0
0
0
0
0
0
0.0111
1.8465
0.056
22.782
1.1156
0
0
4.3402
0
0
32.3162
0.0362
0
0
0
0
0
0
0
8.6019
0
4.5479
6.1641
4.3881
5.7577
5.5111
1.0035
0
0
0.087
0
0
0
0
0
0
3.3639
1.4497
0
0.0533
5e-04
0.3649
0.7261
13.8568
16.5941
0
0
0
0
1.5193
5.5054
0
0
5.8844
0
0
0
2.6628
2.4862
0
0
0
2.4953
0.0295
0
0
0
0
0
0
0
0
0
1.2829
0.3257
0
0
2.4943
2.6481
4e-04
0
0
2.758
6.259
0.3904
0.8321
0.1898
0
0.2977
2.7226
9.6259
0
0
0
2e-04
3.0335
4.4587
0
0
0.1178
40.7243
1.7323
1.696
0
0
0
0
0.0238
6.2987
0
1.5161
3.384
0
4.609
5.0246
0
0
0
7.956
17.2383
0.5367
0
0
0
0
6.3458
2.0898
25.1184
0.1103
0.1097
0
0.0019
8.3483
1e-04
0
16.0401
0
1.2056
10.2453
2.2949
0.7876
0.4865
0.1238
0
0.0174
0.0349
1.7272
0.0011
0
0
0
0
0
16.4436
1.3579
0.9746
0.1886
0.1265
7.5594
0
0
0
0
0
0
0
0
0
0
0
3.8662
6.1631
0
0
0.5741
14.27
3.088
0.0072
0
0
0
6.677
0.0025
0.0793
0.5993
0
0
2.7251
0.9821
0
0
2.9891
0.0937
0.0196
2.0618
0
0
0.289
4.4148
1e-04
25.0215
4.8059
0.4805
0
15.4808
4.6535
0
0
1.4358
4.5059
0.9163
15.0116
12.3393
0
0
0
3.3892
0
0
0
0.8146
3e-04
0
0
11.1546
10.0971
4.7952
0
0
0
0
0
0.1753
0.7717
4.3311
12.4081
15.193
3.0452
0.3231
25.056
36.9074
1.615
0.343
0
0
0.0352
7.2119
0
0
0.0214
0
0
0
0.1696
6.4291
0.8263
5.6322
0.0818
0
0.3412
5.2411
0.0012
1.7758
7.3857
0.9602
0.0743
0.6511
0
0
0
0.3656
0.0318
1.1145
1.2219
0
0.0759
0.4932
0
0
0.0201
4.7868
0.0012
0.8025
2.4132
1.838
0.9885
0
0.7019
12.9102
8.8055
0
0
0.0443
1.2031
0
0.4994
54.1754
10.4554
0
0.9187
0
0
0
1.4875
0
0
40.3133
6.6528
18.8841
20.1688
0
0.1982
2.0772
0.0212
0
0
0.0064
0
5.5639
7.8243
0.0465
0
0
0
3.1064
0.1443
0
0
0
11.4793
1.6354
5.7218
1.1719
2.3506
0.5648
0.0603
0.004
0.0052
3.8707
5.2092
0
0
0
0
3.3195
0
5.7588
0
4.8245
2.1426
0.0078
0.098
0
0
0
0.1549
6.7406
1.4411
0
0
0.1641
0.4647
0.0197
2.6563
0.8479
3.3806
0.1621
0
0
0
0
0.525
2.6849
0.3166
0
0
1.8702
9.6349
0.074
0
0
0
0
0
0
0
0
0.0715
5e-04
0
0
0
0.1669
1.1112
2.4431
1.0695
41.4654
7.9913
0
15.2178
0.9545
0
2e-04
0.3963
0.0236
0
0
0
0
0
0
5.5927
6.2776
0.7054
0.0161
0
13.7086
0.0041
1.4274
0.0049
0
13.5285
9.4914
0
52.4071
0.3949
0
0
0
0
0
1.5261
2.753
0
4.4653
7e-04
0
45.4934
4.3537
0
0
0.6899
0.1304
0
0
0
0
0
0
1.5483
0
0
0
0
0.4074
0
0
0
0
0
0
1.1988
2.2239
7.8272
0
0.0038
0
0
0
0
0
0.4205
2.1696
3.5662
0.9424
0
0
0
0.2187
0.1745
0
0
0
0.489
0.0011
0
0
0
3.1859
0
0.1446
3.0407
17.7482
0.4294
0.0013
0.6721
0
0
0
0
0
0
6.79
8.8225
0
0
0
0.4933
0
0.9198
0.0011
0.7931
0
0
0.0056
2.0948
1.9079
2.1681
1.2117
0
2.4746
0.0555
0.6835
0
0
0.1052
2.119
9.7197
0
0.2832
13.5463
7.8477
9.94
3.6992
4.9158
0.7546
7.8882
0.0067
0
0.0086
43.0714
3.1133
0
2.605
0
0.0063
2.5587
0.2433
0
0
0
0
1.5775
0.4328
0
0
0
0
0
0.0459
0.5544
0
0
0
0
0
12.1491
0.8216
16.9308
5.9969
0.5776
0.1611
0.0419
10.2223
5.2961
0
0.5004
9.6345
0
0
0.0218
0.0029
0.9989
0.3221
14.4216
30.6428
2.0452
0.0809
0
1.9953
0
0
0
0
2.9966
2.8638
0
0.0861
9.675
0
0
0
0.1427
24.0909
1.6383
0
4.2725
0.0018
0.1977
0.6354
2.394
0.9807
0.7191
14.6268
12.0428
2.9714
0
0
0.0394
1.8253
0.0503
3.683
8.8474
0
0
0
9.7708
7e-04
0
0
0.9698
1.1348
17.2513
2.0294
0.0723
0
0.0201
0
0
0
0.4808
29.0198
7.7068
0.2036
35.0498
3.9534
0
0
0
0.538
6.6375
3.7089
0
2.6206
16.7436
0.0434
0
0
30.1571
0.5105
0.3212
0
0
0.2673
7.8564
5.2732
2.4968
0.0323
0
0
0
2.2626
0
0
0
0
3e-04
0.0905
0.287
0
0
0.9297
6.3568
4.1532
0.0503
0.3698
0
5.3869
0.2579
0
0
0
0.3256
1.182
0
0
0
0
0.9168
26.3691
2.1663
2e-04
0.8929
2e-04
0.3106
0
0
0
8.1647
17.1621
4.9015
0.1309
0
34.5728
0.0119
0.1185
0.1883
11.7993
17.8687
0
0
2.1959
0.0022
0
0.0159
0
1.1206
1.2762
0.0664
5.9732
0.046
5.2345
18.5623
4.589
0.0111
0
0
0
0
0
0
0.5811
2.4019
0
0.7945
0
0
5.4566
22.8546
6.0088
8e-04
0
0
0
0
0
0
1.1737
1.3809
3.2596
1.6919
0.0027
0.0807
0
11.8534
0.2043
1.6357
0
0
0
0
0
0
1.6603
3.5988
0
0
0
0
0.2173
9.1365
20.2028
0.0373
0
3.7265
29.3153
17.9942
12.2712
0
5.3007
3.6012
0
0
4.3709
1.0906
0.0134
1e-04
0.5464
0
8.6197
0.0624
0.5096
9.8151
4e-04
0.1048
0
0
0
11.2699
0
18.548
0.8091
0
0.1177
2.5401
7.7528
6.1806
1.9095
0.0199
1e-04
0.0105
0
0
0
0
0
0
0.0031
0.5764
0.0313
5.343
0
0
0
1.0602
14.9681
13.0169
0
0
0
0
2.1034
2.407
0
0
14.9804
3.8564
0.2062
0
0
0
0
0.4
5.1692
0.1824
0
0
0.8031
0.6443
0
0.4177
0
0.6253
0.8367
4.9774
2.8893
0
0
23.3412
3.5728
0.2479
0.0579
23.3249
0.5273
0.2739
0.1435
0.1802
0.6452
0
0
4.4845
1.9494
10.2461
5.5364
0
0
2.8477
0.4888
21.5437
0.2227
0
0
0
0.0272
0.1487
0
10.265
0.0022
0
0
7.1239
0
0
0
0
0
0
0.2923
0
0
0
0
0
3.1399
15.8487
0
0
0
7.8997
1.9932
6.242
0
0.1226
1e-04
0.074
25.5645
0.0072
0
0
0.0185
0
0
2.1971
8.8335
18.4708
12.5067
0.1176
0
0
2e-04
0.4121
0
1.1005
1.6632
0
0
0.5561
1.7929
0
10.1913
0.3846
0.0459
0
2.3848
14.1827
27.8476
0
0
0
0
1.2167
60.7402
0.3206
15.8972
10.8583
1.8294
7.9643
9.3836
6.2247
0.2428
0
0
0
0
6.775
6.2908
0.1282
6.1086
4.131
0
0
0
0.5457
1.3646
9.109
0.0656
0.3057
1.2791
6.5612
0.2119
6.9374
2.2214
0.3006
10.7273
3.1228
7.5016
0.2872
10.5283
19.9089
2.6838
0
26.981
0
0.1093
0
0.0056
10.1368
0
0
12.7503
5.2781
14.0258
4.1338
0
0.0238
0.0443
22.0159
0.3082
0
0
1e-04
0.378
0
0.0048
0.0303
0.0458
1e-04
0
4.3499
0.5287
8.5463
0.4258
5.8684
0.0723
0
0
0
2.1684
0
0
0
0.203
4.7716
6.1907
3.8011
0
0.4097
0
26.875
0
0.666
0
0
0
0
0.4897
1.3433
0.5058
0
0
0
0.3434
0.0317
28.8783
2.5725
0.3254
0
0
0
0.6027
7.3078
0.008
3.7633
0.0124
8.579
9.6196
14.3918
11.3306
3.2561
27.9306
0
0
0
5.7216
37.6988
0
0
2.2026
0.6221
2.3595
0.0034
0.8749
0
0
0
0
0
0
0
1.4336
12.1175
7.3074
1.2612
0
1.2823
0
0
0
0
0.1778
0
5.6197
0
1e-04
2.0215
1.5986
3.2181
1.4011
23.8946
0.2143
3.7042
0.1175
1e-04
0
0.6271
1.0246
0
0
0
1.9473
0.6697
0
1.9648
0
1.3446
4.6475
0
0.1983
0
1.4244
2.0045
0
0
0
16.1948
7.2036
0.1929
0
21.9531
19.0516
0.0077
0.8283
0
0.3515
0.2242
0
0.3732
0
0
0.0051
21.8356
4.0015
0
2.5412
0
0
0
0.0462
0
0.1042
0.4031
0.845
0.3175
1.127
0.8336
0.1448
7.6163
0
0
0
6.1964
2.4684
0.3029
0.0104
0.0104
0
3.7131
0
6.9249
0
3.3716
0
0
3.6836
0.0156
0.2057
0.4143
0.0075
0.0161
0
0
0
0
3.658
1.2654
0
0
8e-04
5.2478
5.1483
0.0523
10.7566
0
0.4971
27.9399
0.1669
0
0
3.8645
0
4.9419
13.5778
4.7687
5.8881
0
2.8518
1.039
0
34.6285
0
0.029
5.7102
0
0
10.4518
9.8818
4.3792
0.1499
0
1.1933
0
0
0.3669
0.6783
0
2.0265
1.3951
12.9816
0.38
0.2746
0.9764
5.4549
0.0053
0
6.1774
2e-04
0
0
0
6.8224
0
0
0
0
0
0.2355
5.0198
8.905
2.6467
0
0
0
8.9424
1.0593
0.2853
0
1.2215
0
0
0.0014
4.2994
0.1928
0
3.1972
0
0
0.1044
0.2294
13.8498
9.0329
7.8455
0
4e-04
4.7838
0
5.5468
0.7937
2.486
30.7104
23.0838
2.8381
0.4966
0
0.0441
0
0
0
0.0824
3.757
19.02
1.9284
0.4742
0
0.043
5.2851
0
1.2328
0.2529
6.7469
0
0
0
0.7828
0.7144
0.1889
1.2589
0
5.7579
0
0.4254
1.258
1.1079
1.6935
0.6488
0
0
0.0047
0.2676
0
0.2104
0.0149
5.7357
1.5894
0
0
17.8139
7.5233
0.0012
0.2493
9.1505
12.578
0.0276
2.1127
3.1108
0
0
0.0228
3.7032
0
1.7615
13.4098
0
0
0
0.1979
0.2132
4e-04
0.6053
0
0
0
0.0072
9.9511
0.1514
0
8.1665
0
0
0
0
0
0.0521
0.6404
0.0254
1.423
14.531
0
0
0.021
1.871
38.1843
0
0
0
0
0
0.1717
0
0
0.0012
1.8783
13.9075
15.4004
4.4524
0.5135
4.0707
0
0
0.2211
0
0
11.6157
0.6426
0
3.0481
1.2077
0
0
0
9.8892
5e-04
0
0.0866
0
13.0349
4.2056
0.0198
1.2784
1.0288
0
0
0
0
0
0
0
0
0.0018
0.4278
3.4541
0.0405
0
0
0
0
0.4201
0.455
0
0
0.5114
0
31.1009
8.7481
0.083
0
0
9.2221
0
0
0
0.007
26.7129
5.4621
0
0
0.0234
0
2.8536
0
0
0
0
0
0
0
0
0
0
0
0
0
0
5.7177
1.1647
1.2398
0.039
0.6218
0
3.7002
0.9358
0.1977
0.0088
0
0
0
0.0259
0
3.3759
8e-04
2.4682
0
0
0.0742
14.3506
9.3523
13.7551
20.7106
7.8086
0.4027
1e-04
0.8013
3.2912
2.687
7.5048
0.1971
0
0.6966
0
0.1811
0
0
0
0
0
0
0
4.1452
0
0.183
0
10.4373
0
0.2752
0
0
0
0
20.1533
0.1923
1.0756
4.127
7.2676
0
0.214
0
8.8686
10.4631
0.0874
0.0285
0.006
0
0
0.383
0
0
0.0803
0.0942
6.619
0.0264
0
0
0.724
2.159
0.697
0.7691
0.6514
0.9152
1.396
0.6907
1.1105
1.9785
0
0
0.8969
0
8.2038
2.7497
