1980 1 1
0.959
0.967
0.937
0.91
0.934
0.933
0.898
0.898
0.889
0.968
0.958
0.751
0.873
0.874
0.916
0.936
0.923
0.885
0.859
0.809
0.737
0.796
0.835
0.841
0.971
0.86
0.863
0.872
0.854
0.801
0.836
0.847
0.777
0.747
0.834
0.805
0.901
0.908
0.827
0.89
0.885
0.945
0.85
0.83
0.891
0.917
0.917
0.784
0.882
0.876
0.913
1.006
0.988
0.944
0.837
0.88
0.845
0.885
0.869
0.81
0.79
0.791
0.876
0.897
0.974
0.855
0.897
0.981
0.949
0.879
0.614
0.495
0.803
0.853
0.824
0.811
0.942
0.806
0.646
0.863
0.96
0.726
0.739
0.914
0.862
0.782
0.746
0.818
0.964
0.914
0.93
0.896
0.893
0.868
0.957
0.743
0.669
0.757
0.851
0.826
0.888
0.807
0.864
0.729
0.914
0.84
0.765
0.622
0.645
0.674
0.634
0.601
0.55
0.708
0.709
0.817
0.703
0.733
0.875
0.787
0.731
0.711
0.668
0.604
0.537
0.543
0.601
0.622
0.685
0.715
0.634
0.757
0.869
0.807
0.812
0.707
0.667
0.942
0.862
0.78
0.726
0.7
0.635
0.649
0.772
0.711
0.662
0.539
0.541
0.649
0.766
0.756
0.872
0.842
0.812
0.769
0.667
0.782
0.763
0.829
0.72
0.703
0.654
0.616
0.648
0.766
0.763
0.803
0.713
0.687
0.711
0.766
0.697
0.638
0.679
0.75
0.74
0.735
0.741
0.787
0.779
0.772
0.714
0.766
0.77
0.826
0.847
0.804
0.736
0.823
0.764
0.773
0.765
0.808
0.783
0.738
0.799
0.797
0.787
0.768
0.753
0.743
0.773
0.836
0.833
0.746
0.744
0.748
0.778
0.884
0.856
0.781
0.815
0.852
0.862
0.864
0.809
0.859
0.816
0.842
0.859
0.813
0.847
0.846
0.858
0.84
0.843
0.898
0.833
0.917
0.913
0.847
0.866
0.881
0.863
0.815
0.789
0.794
0.763
0.791
0.801
0.81
0.822
0.869
0.867
0.85
0.784
0.844
0.803
0.765
0.731
0.759
0.823
0.84
0.796
0.786
0.856
0.859
0.901
0.932
0.944
0.777
0.762
0.811
0.834
0.849
0.839
0.695
0.749
0.779
0.69
0.728
0.697
0.694
0.808
0.778
0.745
0.786
0.729
0.657
0.721
0.667
0.751
0.733
0.757
0.795
0.725
0.677
0.651
0.69
0.883
0.787
0.753
0.717
0.657
0.705
0.683
0.773
0.85
0.746
0.652
0.797
0.623
0.628
0.662
0.69
0.628
0.624
0.713
0.691
0.573
0.667
0.791
0.704
0.671
0.669
0.695
0.532
0.69
0.832
0.765
0.817
0.906
0.882
0.871
0.844
0.792
0.829
0.973
0.785
0.716
0.907
0.963
0.927
0.901
0.869
0.872
0.79
0.842
0.877
0.895
0.956
0.983
0.922
0.845
0.751
0.92
0.887
0.728
0.867
0.943
0.881
0.909
0.823
0.66
0.803
0.85
0.845
0.937
0.761
0.912
0.865
0.876
0.914
1.006
1.008
0.991
0.9
0.889
0.769
0.92
0.96
0.92
0.847
0.811
0.859
0.862
0.887
0.935
0.891
0.933
0.95
0.903
0.985
1.047
0.993
1.004
1.012
1.015
1.005
0.96
0.936
0.952
0.925
0.84
0.787
0.839
0.949
0.95
0.751
0.813
0.863
0.939
0.929
0.922
0.875
0.938
1.038
0.789
0.882
0.834
0.829
0.915
0.963
0.975
0.859
0.917
0.861
0.888
0.883
0.841
0.781
0.736
0.76
0.799
0.825
0.776
0.521
0.8
0.919
0.853
0.825
0.896
0.851
0.798
0.757
0.698
0.714
0.546
0.643
0.791
0.687
0.622
0.78
0.918
0.877
0.712
0.789
0.635
0.63
0.667
0.78
0.662
0.704
0.779
0.681
0.562
0.615
0.523
0.823
0.865
0.596
0.56
0.638
0.734
0.781
0.832
0.889
0.93
0.845
0.661
0.64
0.802
0.719
0.692
0.813
0.631
0.811
0.828
0.839
0.735
0.703
0.694
0.746
0.823
0.762
0.715
0.647
0.61
0.618
0.747
0.88
0.709
0.625
0.767
0.904
0.93
0.781
0.649
0.858
0.968
0.757
0.651
0.667
0.643
0.537
0.479
0.557
0.635
0.674
0.736
0.733
0.776
0.929
0.781
0.792
0.72
0.622
0.792
0.779
0.79
0.75
0.732
0.655
0.644
0.799
0.861
0.718
0.806
0.898
0.838
0.796
0.793
0.774
0.687
0.733
0.737
0.793
0.819
0.781
0.807
0.792
0.729
0.618
0.676
0.78
0.779
0.794
0.801
0.797
0.82
0.823
0.746
0.707
0.798
0.824
0.74
0.606
0.683
0.818
0.778
0.754
0.778
0.757
0.693
0.802
0.889
0.878
0.817
0.696
0.775
0.761
0.811
0.918
0.887
0.871
0.716
0.718
0.794
0.792
0.816
0.825
0.82
0.821
0.83
0.875
0.864
0.853
0.847
0.829
0.836
0.854
0.884
0.858
0.778
0.696
0.757
0.777
0.713
0.72
0.735
0.788
0.773
0.759
0.823
0.847
0.844
0.876
0.853
0.851
0.864
0.915
0.949
0.901
0.867
0.801
0.841
0.787
0.793
0.865
0.814
0.816
0.838
0.873
0.876
0.925
0.917
0.827
0.817
0.825
0.863
0.808
0.702
0.712
0.779
0.791
0.763
0.81
0.887
0.822
0.802
0.757
0.739
0.786
0.828
0.77
0.769
0.725
0.776
0.771
0.765
0.724
0.647
0.769
0.789
0.631
0.792
0.74
0.635
0.739
0.947
0.846
0.666
0.665
0.914
0.986
0.872
0.82
0.801
0.776
0.752
0.802
0.811
0.672
0.733
0.808
0.732
0.744
0.736
0.703
0.778
0.782
0.733
0.619
0.616
0.673
0.762
0.852
0.801
0.924
0.836
0.824
0.888
0.92
0.911
0.868
0.88
0.83
0.811
0.725
0.929
0.885
0.77
0.883
0.841
0.835
0.859
0.909
0.585
0.749
0.925
0.908
0.899
0.895
0.932
0.892
0.953
0.888
0.901
0.907
0.955
0.997
1.003
0.952
0.952
0.924
0.968
0.989
0.984
0.961
0.884
0.987
0.921
0.948
0.968
0.861
0.811
0.877
0.81
0.835
0.658
0.823
0.87
0.921
0.922
0.886
0.983
0.771
0.879
0.876
0.95
0.938
0.976
0.985
0.773
0.904
0.924
0.907
0.904
0.918
0.972
0.983
0.918
0.988
0.955
0.914
0.963
0.903
0.947
0.926
0.911
0.933
0.863
0.946
0.915
0.945
0.94
1.006
0.984
0.959
0.96
0.978
0.992
0.886
0.87
0.907
0.839
0.786
0.762
0.865
0.786
0.892
0.871
1.074
0.919
0.914
0.932
0.82
0.828
0.892
0.958
0.917
0.761
0.679
0.753
0.968
0.896
0.812
0.869
0.909
0.864
0.809
0.723
0.729
0.843
0.818
0.708
0.719
0.674
0.802
0.852
0.671
0.635
0.83
0.763
0.848
0.899
0.81
0.828
0.894
0.92
0.851
0.795
0.797
0.79
0.703
0.777
0.822
0.64
0.544
0.85
0.675
0.557
0.557
0.583
0.541
0.731
0.762
0.659
0.542
0.562
0.637
0.572
0.568
0.513
0.552
0.594
0.766
0.778
0.638
0.603
0.641
0.63
0.587
0.605
0.62
0.611
0.595
0.635
0.685
0.738
0.837
0.849
0.801
0.796
0.783
0.784
0.813
0.8
0.822
0.822
0.8
0.855
0.721
0.786
0.863
0.922
0.863
0.773
0.748
0.753
0.792
0.681
0.672
0.714
0.642
0.798
0.932
0.82
0.699
0.846
0.794
0.77
0.746
0.748
0.628
0.658
0.699
0.759
0.772
0.805
0.774
0.728
0.686
0.931
0.852
0.786
0.792
0.798
0.787
0.774
0.758
0.833
0.799
0.72
0.715
0.722
0.75
0.794
0.822
0.822
0.765
0.7
0.777
0.798
0.711
0.722
0.758
0.777
0.829
0.734
0.682
0.766
0.782
0.808
0.794
0.831
0.803
0.856
0.835
0.835
0.83
0.831
0.814
0.682
0.665
0.683
0.711
0.713
0.747
0.739
0.727
0.862
0.791
0.736
0.858
0.797
0.814
0.743
0.807
0.779
0.682
0.76
0.85
0.871
0.846
0.781
0.703
0.627
0.791
0.871
0.752
0.694
0.714
0.764
0.715
0.74
0.798
0.783
0.752
0.684
0.719
0.587
0.613
0.712
0.888
0.834
0.826
0.826
0.782
0.911
0.819
0.752
0.712
0.683
0.69
0.66
0.663
0.694
0.702
0.719
0.685
0.76
0.791
0.669
0.665
0.578
0.665
0.65
0.653
0.583
0.505
0.51
0.682
0.625
0.618
0.613
0.629
0.639
0.543
0.457
0.492
0.537
0.65
0.847
0.848
0.761
0.839
0.687
0.6
0.699
0.63
0.628
0.82
0.726
0.813
0.848
0.772
0.677
0.754
0.696
0.694
0.79
0.842
0.931
0.942
0.836
0.969
0.861
0.651
0.774
0.865
0.944
0.956
0.876
0.857
0.733
0.698
0.748
0.92
0.772
0.742
0.758
0.729
0.87
0.923
0.874
0.868
0.887
0.946
0.964
0.839
0.782
0.954
0.9
0.903
0.922
0.946
0.906
0.855
0.857
0.989
0.921
0.716
0.539
0.64
0.74
0.864
0.771
0.68
0.735
0.806
0.854
0.772
0.76
0.927
0.891
0.809
0.855
0.883
0.951
0.934
0.902
0.868
0.902
0.936
0.855
0.92
0.983
0.963
0.905
0.89
0.879
0.91
0.954
0.967
0.9
0.853
0.971
0.965
0.87
0.911
0.889
0.955
0.875
0.901
0.884
0.918
0.926
0.892
0.939
0.968
0.945
0.928
0.861
0.81
0.753
0.73
0.761
0.822
0.793
0.805
0.734
0.744
0.606
0.58
0.581
0.678
0.756
0.7
0.804
0.825
0.728
0.862
0.812
0.9
0.88
0.794
0.786
0.789
0.793
0.779
0.894
0.983
0.862
0.95
0.845
0.879
0.818
0.855
0.881
0.896
0.904
0.819
0.588
0.654
0.731
0.924
0.879
0.849
0.812
0.9
0.898
0.843
0.942
0.861
0.873
0.794
0.903
0.887
0.85
0.77
0.812
0.737
0.759
0.694
0.69
0.64
0.602
0.724
0.687
0.619
0.647
0.794
0.864
0.956
0.967
0.84
0.915
0.794
0.747
0.716
0.713
0.851
0.697
0.658
0.56
0.578
0.698
0.814
0.921
0.749
0.625
0.667
0.852
0.772
0.804
0.849
0.809
0.77
0.745
0.788
0.661
0.736
0.846
0.735
0.725
0.718
0.675
0.866
0.851
0.75
0.826
0.734
0.668
0.63
0.623
0.595
0.62
0.613
0.63
0.638
0.698
0.649
0.668
0.835
0.809
0.723
0.731
0.725
0.664
0.638
0.641
0.708
0.846
0.923
0.864
0.814
0.784
0.775
0.814
0.786
0.771
0.673
0.714
0.756
0.756
0.731
0.784
0.729
0.652
0.753
0.763
0.81
0.842
0.822
0.776
0.785
0.779
0.789
0.814
0.772
0.679
0.651
0.774
0.817
0.812
0.806
0.823
0.821
0.768
0.794
0.819
0.78
0.73
0.754
0.795
0.841
0.821
0.835
0.692
0.711
0.708
0.73
0.787
0.831
0.751
0.778
0.733
0.772
0.8
0.761
0.716
0.734
0.747
0.78
0.729
0.739
0.787
0.781
0.701
0.669
0.694
0.761
0.76
0.729
0.631
0.608
0.621
0.668
0.72
0.77
0.66
0.573
0.809
0.764
0.654
0.635
0.738
0.896
0.684
0.676
0.605
0.591
0.738
0.689
0.596
0.668
0.681
0.801
0.629
0.585
0.78
0.88
0.681
0.58
0.71
0.848
0.783
0.731
0.895
0.971
0.711
0.691
0.671
0.718
0.784
0.731
0.798
0.867
0.917
0.956
0.957
0.871
0.793
0.739
0.698
0.738
0.659
0.672
0.843
0.839
0.934
0.719
0.784
0.719
0.708
0.64
0.602
0.865
0.98
0.814
0.778
0.813
0.912
0.914
0.834
0.808
0.792
0.83
0.812
0.795
0.908
0.856
0.691
0.751
0.817
0.912
0.75
0.76
0.773
0.895
0.947
0.986
0.983
0.971
0.831
0.909
0.929
0.936
0.925
0.959
0.959
0.977
0.827
0.822
0.83
0.857
0.865
0.861
0.938
0.985
0.832
0.823
0.793
0.845
0.912
0.965
0.958
0.87
0.906
0.86
0.907
0.989
0.989
1.02
0.99
0.951
0.92
0.931
0.925
0.838
0.842
0.947
0.927
0.894
0.897
0.903
0.893
0.876
0.829
0.846
0.887
0.834
0.973
1.002
0.976
0.941
0.937
0.954
0.962
0.867
0.941
0.966
0.921
0.924
0.954
0.877
0.858
0.922
0.962
0.899
0.974
0.961
0.942
0.877
0.717
0.834
0.896
0.897
0.833
0.816
0.769
0.678
0.66
0.757
0.811
0.76
0.872
0.944
0.847
0.823
0.864
0.86
0.838
0.966
0.905
0.882
0.882
0.864
0.838
0.845
0.856
0.97
0.962
0.969
0.93
0.803
0.895
0.894
0.995
0.96
0.908
0.829
0.765
0.829
0.77
0.838
0.917
0.874
0.819
0.735
0.659
0.694
0.765
0.95
0.965
0.916
0.768
0.658
0.669
0.664
0.616
0.71
0.8
0.735
0.798
0.81
0.903
0.879
0.818
0.763
0.732
0.849
0.917
0.909
0.781
0.668
0.746
0.724
0.582
0.75
0.683
0.682
0.893
0.95
0.853
0.728
0.82
0.846
0.803
0.809
0.771
0.729
0.817
0.79
0.731
0.633
0.585
0.678
0.762
0.902
0.933
0.824
0.794
0.71
0.843
0.822
0.788
0.918
0.932
0.812
0.686
0.671
0.671
0.722
0.585
0.691
0.743
0.72
0.738
0.697
0.682
0.685
0.639
0.706
0.724
0.753
0.774
0.793
0.765
0.759
0.722
0.741
0.696
0.83
0.762
0.678
0.626
0.74
0.73
0.705
0.781
0.771
0.69
0.745
0.793
0.821
0.801
0.754
0.673
0.795
0.824
0.802
0.797
0.727
0.732
0.763
0.776
0.732
0.807
0.74
0.741
0.761
0.712
0.691
0.818
0.815
0.914
0.869
0.727
0.692
0.708
0.756
0.847
0.871
0.864
0.81
0.842
0.871
0.884
0.841
0.851
0.791
0.814
0.845
0.798
0.769
0.803
0.793
0.753
0.767
0.843
0.78
0.744
0.859
0.841
0.8
0.714
0.733
0.779
0.792
0.86
0.88
0.748
0.827
0.814
0.879
0.795
0.738
0.655
0.822
0.756
0.786
0.866
0.829
0.758
0.823
0.893
0.889
0.749
0.646
0.633
0.703
0.73
0.745
0.712
0.808
0.873
0.828
0.845
0.741
0.79
0.77
0.749
0.753
0.61
0.608
0.64
0.627
0.747
0.881
0.841
0.797
0.787
0.801
0.792
0.752
0.872
0.803
0.753
0.767
0.689
0.785
0.625
0.811
0.847
0.749
0.652
0.747
0.846
0.737
0.817
0.76
0.739
0.849
0.839
0.774
0.599
0.878
0.849
0.737
0.624
0.626
0.844
0.924
0.977
0.837
0.818
0.719
0.792
0.669
0.607
0.623
0.765
0.532
0.666
0.694
0.709
0.771
0.726
0.639
0.603
0.886
0.663
0.763
0.843
0.741
0.765
0.616
0.583
0.929
0.859
0.968
0.986
0.944
0.96
1
0.967
0.931
0.913
0.858
0.802
0.839
0.842
0.809
0.934
0.896
0.617
0.86
0.782
0.7
0.896
0.996
0.83
0.898
0.934
0.993
0.739
0.675
0.745
0.827
0.855
0.939
0.879
0.869
0.894
0.909
0.908
0.917
0.97
0.819
0.899
0.942
0.952
0.938
0.789
0.865
0.914
0.971
0.969
0.928
0.88
0.943
0.89
0.835
0.863
0.933
0.896
0.848
0.851
0.832
0.928
0.931
0.889
0.86
0.915
0.876
0.975
0.975
0.952
0.898
0.894
1.01
0.947
0.94
0.928
0.882
0.862
0.921
0.89
0.839
0.855
0.785
0.826
0.673
0.664
0.835
0.645
0.944
0.788
0.635
0.767
0.84
0.75
0.671
0.844
0.923
0.761
0.751
0.704
0.605
0.74
0.534
0.619
0.748
0.536
0.706
0.939
0.823
0.73
0.587
0.766
0.877
0.787
0.91
0.957
0.77
0.764
0.708
0.799
0.801
0.863
0.717
0.721
0.69
0.693
0.79
0.756
0.708
0.697
0.725
0.703
0.629
0.696
0.691
0.631
0.603
0.552
0.513
0.666
0.674
0.564
0.635
0.681
0.592
0.528
0.737
0.84
0.633
0.544
0.663
0.758
0.719
0.607
0.579
0.633
0.733
0.702
0.664
0.601
0.738
0.729
0.905
0.761
0.719
0.682
0.786
0.652
0.678
0.591
0.491
0.702
0.735
0.857
0.701
0.743
0.735
0.669
0.729
0.737
0.735
0.833
0.655
0.663
0.758
0.729
0.661
0.784
0.896
0.752
0.671
0.829
0.83
0.796
0.741
0.709
0.717
0.685
0.737
0.699
0.713
0.613
0.595
0.671
0.696
0.639
0.68
0.785
0.794
0.756
0.689
0.759
0.785
0.782
0.751
0.712
0.7
0.735
0.721
0.708
0.819
0.798
0.746
0.704
0.689
0.722
0.784
0.786
0.795
0.697
0.727
0.78
0.82
0.704
0.664
0.723
0.728
0.866
0.872
0.752
0.7
0.69
0.823
0.877
0.855
0.79
0.685
0.756
0.835
0.797
0.844
0.818
0.846
0.863
0.814
0.833
0.822
0.842
0.803
0.792
0.818
0.933
0.848
0.816
0.816
0.796
0.785
0.837
0.838
0.823
0.822
0.796
0.806
0.823
0.832
0.807
0.807
0.834
0.817
0.824
0.743
0.783
0.677
0.624
0.651
0.707
0.694
0.672
0.657
0.706
0.679
0.739
0.807
0.64
0.728
0.777
0.647
0.632
0.781
0.796
0.597
0.644
0.74
0.784
0.714
0.57
0.563
0.583
0.795
0.851
0.856
0.823
0.839
0.839
0.667
0.6
0.758
0.85
0.882
0.819
0.815
0.795
0.783
0.618
0.484
0.574
0.764
0.63
0.643
0.827
0.798
0.929
0.954
0.95
0.955
0.855
0.857
0.731
0.835
0.937
0.92
0.964
0.956
0.954
0.882
0.945
0.761
0.856
0.864
0.817
0.678
0.853
0.829
0.744
0.819
0.912
0.912
0.906
0.877
0.903
0.946
0.846
0.84
0.884
0.916
0.954
0.927
0.914
0.907
0.967
0.991
0.904
0.906
0.824
0.932
0.963
0.867
0.823
0.843
0.884
0.889
0.983
0.979
0.95
0.815
0.832
0.899
0.822
0.905
0.939
0.888
0.863
0.876
0.934
0.964
0.912
0.812
0.657
0.717
0.706
0.829
0.958
0.876
0.888
0.914
0.84
0.877
0.836
0.941
0.944
0.933
0.914
0.908
0.854
0.815
0.847
0.882
0.845
0.733
0.908
0.85
0.882
0.939
0.937
0.908
1.002
0.978
0.893
0.95
0.921
0.901
0.867
0.839
0.825
0.824
0.911
0.895
0.936
0.977
0.987
0.998
0.964
1.004
0.908
0.88
0.901
0.871
0.898
0.926
0.872
0.89
0.82
0.904
0.955
0.871
0.934
0.835
0.829
0.9
0.85
0.883
0.936
0.918
0.865
0.855
0.845
0.789
0.805
0.918
0.673
0.625
0.744
0.646
0.734
0.646
0.731
0.838
0.684
0.583
0.553
0.527
0.542
0.694
0.618
0.704
0.823
0.808
0.762
0.695
0.774
0.822
0.791
0.689
0.749
0.723
0.829
0.803
0.859
0.696
0.754
0.969
0.861
0.803
0.669
0.582
0.588
0.641
0.625
0.63
0.716
0.782
0.759
0.722
0.677
0.638
0.659
0.766
0.754
0.71
0.745
0.734
0.629
0.58
0.636
0.768
0.751
0.796
0.766
0.765
0.821
0.862
0.867
0.852
0.794
0.73
0.729
0.738
0.806
0.78
0.709
0.734
0.749
0.717
0.777
0.692
0.738
0.878
0.935
0.844
0.795
0.699
0.783
0.802
0.811
0.837
0.77
0.743
0.773
0.772
0.677
0.795
0.774
0.688
0.738
0.737
0.725
0.712
0.708
0.803
0.789
0.768
0.904
0.902
0.862
0.771
0.686
0.751
0.761
0.764
0.768
0.818
0.807
0.942
0.866
0.81
0.811
0.801
0.825
0.813
0.79
0.801
0.833
0.816
0.751
0.699
0.739
0.794
0.771
0.759
0.761
0.852
0.809
0.804
0.814
0.82
0.789
0.76
0.742
0.766
0.844
0.845
0.815
0.806
0.826
0.705
0.719
0.831
0.845
0.841
0.81
0.814
0.786
0.837
0.806
0.837
0.856
0.803
0.691
0.886
0.884
0.767
0.698
0.663
0.683
0.721
0.77
0.806
0.857
0.794
0.757
0.748
0.704
0.689
0.822
0.864
0.872
0.796
0.792
0.801
0.818
0.721
0.885
0.86
0.826
0.865
0.851
0.827
0.917
0.901
0.819
0.829
0.789
0.798
0.837
0.929
0.851
0.879
0.916
0.836
0.761
0.696
0.73
0.836
0.751
0.79
0.865
0.899
0.895
0.78
0.694
0.784
0.763
0.678
0.658
0.766
0.766
0.764
0.8
0.915
0.898
0.89
0.816
0.826
0.81
0.775
0.756
0.825
0.739
0.808
0.817
0.808
0.857
0.891
0.795
0.683
0.815
0.803
0.736
0.797
0.896
0.917
0.898
0.929
0.833
0.921
0.908
0.866
0.892
0.901
0.885
0.964
0.922
0.873
0.896
0.892
0.739
0.925
0.934
0.734
0.771
0.87
0.888
0.977
0.994
0.755
0.639
0.782
0.587
0.805
0.866
0.935
0.935
0.936
0.925
0.939
0.906
0.933
0.962
0.979
0.994
0.962
0.89
0.912
0.907
0.939
0.918
0.901
0.962
0.936
0.85
0.808
0.811
0.912
0.86
0.887
0.961
0.938
0.93
0.941
0.923
0.959
0.729
0.648
0.909
0.97
0.943
0.887
0.946
0.902
0.812
0.81
0.86
0.899
0.916
0.935
0.983
0.89
0.906
0.94
0.92
0.827
0.737
0.718
0.858
0.851
0.749
0.797
0.696
0.831
0.737
0.752
0.736
0.699
0.808
0.739
0.668
0.617
0.658
0.819
0.834
0.724
0.617
0.581
0.704
0.921
0.936
0.807
0.739
0.638
0.78
0.689
0.642
0.599
0.697
0.547
0.574
0.602
0.607
0.815
0.859
0.675
0.623
0.555
0.589
0.555
0.628
0.647
0.654
0.591
0.686
0.788
0.791
0.765
0.724
0.867
0.838
0.822
0.792
0.734
0.859
0.933
0.883
0.768
0.725
0.666
0.586
0.665
0.78
0.758
0.744
0.827
0.892
0.886
0.807
0.741
0.722
0.625
0.793
0.778
0.76
0.628
0.564
0.622
0.687
0.629
0.702
0.593
0.837
0.904
0.729
0.636
0.548
0.639
0.566
0.502
0.58
0.591
0.701
0.659
0.699
0.716
0.568
0.548
0.728
0.874
0.807
0.759
0.708
0.743
0.756
0.769
0.806
0.72
0.725
0.693
0.685
0.782
0.776
0.794
0.801
0.702
0.673
0.674
0.695
0.697
0.763
0.659
0.648
0.796
0.738
0.638
0.669
0.614
0.554
0.618
0.632
0.796
0.816
0.804
0.871
0.706
0.66
0.738
0.696
0.705
0.789
0.815
0.901
0.901
0.822
0.818
0.806
0.821
0.795
0.798
0.794
0.816
0.812
0.788
0.806
0.837
0.811
0.799
0.774
0.774
0.746
0.805
0.761
0.775
0.731
0.773
0.797
0.791
0.8
0.693
0.721
0.814
0.784
0.823
0.849
0.804
0.783
0.841
0.762
0.758
0.865
0.884
0.885
0.815
0.841
0.814
0.799
0.763
0.777
0.791
0.747
0.715
0.701
0.746
0.824
0.793
0.741
0.81
0.972
0.916
0.975
0.856
0.779
0.824
0.797
0.765
0.789
0.741
0.738
0.819
0.79
0.803
0.782
0.724
0.806
0.799
0.777
0.747
0.846
0.851
0.819
0.885
0.814
0.659
0.732
0.783
0.808
0.743
0.72
0.597
0.524
0.58
0.693
0.752
0.697
0.65
0.75
0.639
0.52
0.729
0.854
0.738
0.687
0.758
0.837
0.712
0.592
0.602
0.533
0.496
0.619
0.678
0.619
0.738
0.713
0.65
0.525
0.799
0.788
0.602
0.745
0.676
0.652
0.663
0.727
0.799
0.745
0.579
0.624
0.72
0.523
0.445
0.505
0.812
0.739
0.773
0.71
0.655
0.693
0.649
0.544
0.742
0.706
0.61
0.608
0.521
0.553
0.696
0.819
0.96
0.882
0.894
0.916
0.883
0.82
0.904
0.909
0.942
0.936
0.898
0.86
0.881
0.826
0.807
0.881
0.859
0.857
0.686
0.703
0.886
0.854
0.86
0.89
0.946
0.94
0.752
0.666
0.94
0.899
0.861
0.758
0.69
0.925
0.915
0.869
0.917
0.76
0.536
0.499
0.654
0.539
0.636
0.693
0.882
0.87
0.848
0.891
0.795
0.797
0.62
0.839
0.745
0.792
0.955
0.871
0.956
0.873
0.824
0.916
0.906
0.928
0.899
0.866
0.912
0.912
0.894
0.914
0.984
0.992
0.932
0.916
0.844
0.754
0.898
0.842
0.919
0.9
0.932
0.924
0.868
1.061
0.94
0.839
0.826
0.808
0.878
0.933
0.662
0.728
0.849
0.56
0.682
0.765
0.765
0.797
0.769
0.757
0.778
0.874
0.867
0.789
0.84
0.853
0.84
0.75
0.771
0.615
0.824
0.859
0.758
0.858
0.883
0.733
0.807
0.75
0.845
0.804
0.834
0.751
0.796
0.777
0.722
0.733
0.682
0.642
0.719
0.678
0.834
0.927
0.868
0.77
0.676
0.807
0.912
0.765
0.703
0.582
0.57
0.669
0.63
0.647
0.65
0.706
0.625
0.725
0.6
0.532
0.726
0.577
0.604
0.712
0.579
0.497
0.632
0.759
0.683
0.678
0.5
0.493
0.623
0.683
0.695
0.621
0.494
0.495
0.635
0.634
0.67
0.55
0.608
0.627
0.614
0.597
0.68
0.715
0.808
0.803
0.67
0.627
0.654
0.639
0.669
0.562
0.508
0.52
0.497
0.5
0.481
0.51
0.697
0.661
0.593
0.518
0.6
0.536
0.575
0.644
0.568
0.479
0.458
0.467
0.496
0.479
0.614
0.599
0.542
0.493
0.511
0.574
0.52
0.613
0.468
0.48
0.631
0.541
0.501
0.631
0.534
0.506
0.451
0.365
0.329
0.329
0.317
0.287
0.321
0.321
0.383
0.602
0.477
0.461
0.532
0.38
0.397
0.625
0.669
0.772
0.831
0.867
0.729
0.736
0.658
0.672
0.729
0.689
0.617
0.619
0.758
0.776
0.668
0.696
0.629
0.659
0.72
0.744
0.563
0.521
0.532
0.604
0.671
0.61
0.576
0.604
0.648
0.536
0.473
0.692
0.81
0.756
0.627
0.714
0.845
0.763
0.638
0.656
0.6
0.78
0.764
0.668
0.622
0.613
0.659
0.81
0.835
0.85
0.703
0.619
0.649
0.672
0.564
0.525
0.826
0.806
0.679
0.681
0.679
0.764
0.777
0.811
0.723
0.712
0.682
0.71
0.624
0.603
0.55
0.562
0.643
0.705
0.6
0.633
0.849
0.722
0.561
0.632
0.522
0.499
0.493
0.598
0.643
0.685
0.603
0.549
0.511
0.509
0.687
0.824
0.829
0.702
0.702
0.791
0.886
0.845
0.816
0.663
0.665
0.577
0.633
0.595
0.66
0.589
0.612
0.757
0.648
0.933
0.978
0.846
0.828
0.816
0.832
0.876
0.763
0.694
0.781
0.797
0.731
0.78
0.652
0.641
0.764
0.978
0.817
0.656
0.701
0.723
0.718
0.811
0.826
0.71
0.721
0.735
0.736
0.85
0.861
0.776
0.687
0.733
0.813
0.71
0.578
0.711
0.71
0.692
0.917
0.893
0.854
0.471
0.822
0.737
0.897
0.844
0.942
0.815
0.832
0.795
0.905
0.766
0.937
0.963
0.868
0.922
0.949
0.983
0.974
0.986
0.865
0.915
0.992
0.989
0.866
0.486
0.719
0.813
0.962
0.778
0.826
0.929
0.813
0.673
0.873
0.897
0.845
0.596
0.682
0.698
0.768
0.934
0.976
0.772
0.751
0.896
0.883
0.85
0.823
0.795
0.895
0.756
0.826
0.859
0.811
0.809
0.732
0.851
0.895
0.86
0.929
0.92
0.901
0.808
0.682
0.734
0.716
0.851
0.987
0.837
0.663
0.649
0.771
0.92
0.804
0.776
0.552
0.552
0.715
0.974
0.956
0.767
0.702
0.816
0.711
0.612
0.669
0.783
0.664
0.795
0.853
0.624
0.614
0.859
0.59
0.797
0.833
0.585
0.631
0.769
0.806
0.726
0.759
0.762
0.817
0.893
0.803
0.809
0.801
0.794
0.807
0.752
0.734
0.707
0.689
0.68
0.688
0.711
0.657
0.705
0.585
0.725
0.652
0.668
0.837
0.703
0.52
0.645
0.603
0.573
0.523
0.707
0.804
0.694
0.776
0.804
0.702
0.726
0.761
0.735
0.6
0.787
0.77
0.713
0.751
0.84
0.832
0.714
0.886
0.881
0.78
0.73
0.693
0.609
0.539
0.708
0.781
0.679
0.573
0.854
0.756
0.824
0.792
0.727
0.673
0.778
0.801
0.771
0.755
0.762
0.791
0.761
0.767
0.735
0.656
0.637
0.734
0.805
0.715
0.841
0.857
0.794
0.786
0.765
0.701
0.749
0.811
0.781
0.824
0.756
0.722
0.697
0.705
0.718
0.702
0.779
0.774
0.72
0.688
0.765
0.798
0.794
0.786
0.793
0.747
0.688
0.722
0.778
0.8
0.773
0.779
0.733
0.674
0.64
0.646
0.664
0.787
0.848
0.835
0.822
0.81
0.78
0.752
0.789
0.827
0.856
0.775
0.883
0.857
0.775
0.719
0.835
0.867
0.852
0.822
0.815
0.773
0.776
0.752
0.723
0.726
0.767
0.745
0.795
0.815
0.781
0.774
0.822
0.892
0.845
0.855
0.868
0.855
0.813
0.768
0.773
0.835
0.863
0.788
0.74
0.863
0.832
0.729
0.718
0.809
0.799
0.836
0.833
0.819
0.89
0.829
0.774
0.885
0.982
0.906
0.914
0.841
0.709
0.769
0.753
0.786
0.872
0.822
0.721
0.702
0.692
0.682
0.661
0.684
0.663
0.837
0.852
0.775
0.651
0.656
0.73
0.663
0.687
0.569
0.71
0.657
0.638
0.541
0.596
0.653
0.728
0.896
0.798
0.886
0.887
0.873
0.73
0.707
0.77
0.723
0.66
0.658
0.62
0.547
0.61
0.855
0.688
0.738
0.633
0.594
0.607
0.728
0.843
0.976
0.821
0.711
0.642
0.705
0.711
0.769
0.957
0.927
0.64
0.57
0.609
0.833
0.564
0.569
0.597
0.586
0.685
0.843
0.808
0.902
0.608
0.679
0.786
0.804
0.774
0.809
0.83
0.882
0.635
0.616
0.686
0.703
0.891
0.837
0.654
0.847
0.852
0.856
0.853
0.825
0.855
0.887
0.816
0.853
0.855
0.819
0.918
0.925
1.001
0.961
0.98
1.002
0.99
0.913
0.902
0.874
0.966
0.888
0.838
0.849
0.85
0.857
0.942
0.855
0.799
0.828
0.88
0.856
0.91
0.983
0.963
0.719
0.93
0.982
0.921
0.875
0.824
0.871
0.649
0.656
0.641
0.847
0.904
0.869
0.936
0.969
0.927
0.949
0.898
0.817
0.865
0.848
0.846
0.646
0.59
0.671
0.702
0.904
0.975
0.982
0.732
0.756
0.699
0.581
0.475
0.887
0.937
0.924
0.704
0.741
0.823
0.786
0.596
0.64
0.723
0.544
0.689
0.781
0.564
0.696
0.937
0.894
0.876
0.771
0.792
0.732
0.696
0.868
0.744
0.632
0.785
0.735
0.713
0.676
0.795
0.514
0.561
0.665
0.596
0.512
0.663
0.935
0.933
0.841
0.742
0.838
0.755
0.711
0.617
0.664
0.543
0.505
0.892
0.769
0.654
0.66
0.813
0.753
0.705
0.742
0.576
0.535
0.826
0.847
0.611
0.547
0.588
0.653
0.627
0.557
0.606
0.77
0.677
0.63
0.57
0.704
0.965
0.906
0.722
0.655
0.653
0.707
0.809
0.694
0.799
0.935
0.748
0.828
0.825
0.794
0.67
0.688
0.782
0.837
0.754
0.624
0.668
0.821
0.943
0.832
0.774
0.858
0.687
0.545
0.673
0.816
0.706
0.793
0.677
0.79
0.728
0.778
0.753
0.782
0.719
0.657
0.705
0.741
0.694
0.621
0.758
0.737
0.758
0.789
0.741
0.725
0.801
0.79
0.644
0.66
0.722
0.793
0.77
0.803
0.773
0.707
0.661
0.74
0.777
0.777
0.672
0.729
0.76
0.75
0.91
0.977
0.928
0.942
0.821
0.808
0.755
0.753
0.772
0.811
0.862
0.925
0.881
0.773
0.7
0.687
0.732
0.735
0.74
0.814
0.819
0.714
0.691
0.743
0.903
0.874
0.836
0.832
0.748
0.737
0.73
0.783
0.818
0.862
0.788
0.755
0.808
0.796
0.849
0.846
0.919
0.908
0.948
0.933
0.887
0.82
0.801
0.836
0.832
0.804
0.764
0.751
0.794
0.807
0.778
0.798
0.832
0.784
0.819
0.856
0.883
0.788
0.763
0.807
0.806
0.896
0.849
0.854
0.761
0.697
0.897
0.838
0.799
0.835
0.863
0.789
0.757
0.789
0.68
0.702
0.804
0.829
0.72
0.683
0.682
0.783
0.7
0.678
0.766
0.934
0.974
0.936
0.83
0.91
0.827
0.723
0.698
0.624
0.683
0.866
0.715
0.694
0.749
0.862
0.779
0.745
0.772
0.686
0.636
0.676
0.654
0.685
0.657
0.63
0.614
0.63
0.727
0.946
0.789
0.783
0.677
0.705
0.818
0.735
0.723
0.714
0.637
0.791
0.801
0.72
0.699
0.704
0.621
0.761
0.904
0.776
0.604
0.726
0.738
0.867
0.876
0.693
0.683
0.629
0.699
0.902
0.814
0.742
0.842
0.846
0.754
0.844
0.843
0.746
0.871
0.875
0.672
0.916
0.891
0.919
0.983
0.875
0.804
0.987
0.977
0.956
0.898
0.921
0.899
0.924
0.97
0.966
0.925
0.79
0.896
0.919
0.92
0.881
0.926
0.963
0.908
0.936
0.966
0.938
0.973
0.969
0.899
0.949
0.946
0.997
0.934
0.921
0.835
0.932
0.889
0.75
0.888
0.775
0.709
0.859
0.951
0.923
0.877
0.964
0.89
0.916
0.823
0.839
0.782
0.942
0.966
0.928
0.869
0.887
0.794
0.519
0.565
0.826
1.004
0.855
0.801
0.881
0.97
0.933
0.895
0.812
0.798
0.568
0.604
0.657
0.547
0.79
0.827
0.793
0.827
0.906
0.809
0.78
0.883
0.772
0.571
0.639
0.824
0.712
0.591
0.742
0.816
0.788
0.664
0.636
0.949
0.826
0.748
0.796
0.882
0.767
0.781
0.739
0.825
0.867
0.748
0.729
0.568
0.651
0.771
0.642
0.541
0.636
0.837
0.722
0.721
0.758
0.81
0.776
0.673
0.614
0.876
0.946
0.838
0.749
0.773
0.727
0.923
0.937
0.929
0.831
0.682
0.837
0.71
0.714
0.735
0.787
0.789
0.706
0.742
0.682
0.732
0.739
0.874
0.823
0.739
0.705
0.782
0.722
0.667
0.712
0.701
0.689
0.607
0.609
0.763
0.821
0.779
0.763
0.704
0.679
0.661
0.744
0.766
0.795
0.799
0.749
0.713
0.77
0.793
0.77
0.798
0.746
0.74
0.727
0.638
0.565
0.532
0.548
0.592
0.716
0.707
0.651
0.642
0.728
0.752
0.71
0.684
0.712
0.618
0.589
0.687
0.769
0.714
0.678
0.643
0.683
0.719
0.788
0.745
0.789
0.774
0.714
0.766
0.775
0.711
0.748
0.747
0.706
0.674
0.664
0.744
0.826
0.808
0.654
0.629
0.675
0.718
0.69
0.711
0.75
0.754
0.739
0.701
0.663
0.7
0.661
0.624
0.752
0.757
0.664
0.648
0.578
0.708
0.724
0.667
0.584
0.575
0.749
0.882
0.69
0.589
0.559
0.509
0.589
0.542
0.594
0.709
0.774
0.835
0.833
0.744
0.698
0.747
0.744
0.718
0.649
0.684
0.664
0.621
0.642
0.709
0.584
0.522
0.66
0.794
0.59
0.57
0.564
0.613
0.664
0.774
0.727
0.776
0.752
0.688
0.635
0.58
0.584
0.552
0.594
0.54
0.466
0.673
0.702
0.584
0.635
0.6
0.509
0.528
0.536
0.515
0.516
0.469
0.56
0.666
0.671
0.581
0.648
0.525
0.498
0.653
0.66
0.762
0.683
0.803
0.71
0.519
0.449
0.496
0.734
0.551
0.504
0.523
0.708
0.77
0.758
0.776
0.866
0.841
0.583
0.653
0.826
0.693
0.72
0.52
0.437
0.458
0.586
0.815
0.694
0.657
0.702
0.84
0.858
0.859
0.771
0.844
0.864
0.754
0.853
0.917
0.946
0.883
0.792
0.839
0.717
0.782
0.851
0.854
0.926
0.827
0.797
0.778
0.813
0.928
0.848
0.728
0.766
0.858
0.821
0.903
0.815
0.865
0.827
0.87
0.828
0.592
0.61
0.813
0.779
0.745
0.733
0.839
0.882
0.961
0.809
0.863
0.835
0.862
0.872
0.986
0.948
0.886
0.892
0.908
0.992
0.97
0.917
0.906
0.892
0.857
0.888
0.907
0.849
0.77
0.913
0.974
0.903
0.878
0.895
0.788
0.862
0.888
0.969
0.94
0.939
0.84
0.877
0.882
0.925
0.922
0.932
0.913
0.934
0.881
0.831
0.861
0.897
0.711
0.683
0.863
0.869
0.705
0.795
0.847
0.713
0.922
0.942
0.92
0.927
0.873
0.95
0.948
0.856
0.785
0.825
0.819
0.858
0.885
0.79
0.764
0.768
0.638
0.661
0.706
0.748
0.729
0.711
0.836
0.858
0.84
0.744
0.878
0.789
0.738
0.68
0.752
0.506
0.512
0.768
0.746
0.828
0.678
0.727
0.881
0.794
0.658
0.709
0.78
0.808
0.667
0.564
0.809
0.693
0.758
0.78
0.72
0.776
0.667
0.542
0.581
0.616
0.639
0.695
0.7
0.768
0.571
0.675
0.692
0.781
0.911
0.943
0.802
0.755
0.812
0.788
0.759
0.833
0.882
0.836
0.768
0.633
0.635
0.803
0.731
0.725
0.665
0.748
0.746
0.675
0.576
0.746
0.894
0.723
0.651
0.618
0.706
0.644
0.62
0.621
0.681
0.77
0.696
0.692
0.611
0.611
0.72
0.867
0.754
0.761
0.669
0.523
0.598
0.849
0.886
0.741
0.666
0.633
0.756
0.817
0.747
0.739
0.724
0.67
0.585
0.516
0.538
0.567
0.661
0.619
0.605
0.73
0.789
0.812
0.801
0.746
0.704
0.775
0.798
0.732
0.722
0.782
0.654
0.671
0.681
0.751
0.779
0.793
0.759
0.767
0.742
0.681
0.755
0.743
0.736
0.792
0.782
0.876
0.815
0.901
0.828
0.837
0.842
0.793
0.815
0.867
0.84
0.913
0.882
0.81
0.881
0.846
0.782
0.839
0.869
0.939
0.832
0.818
0.819
0.818
0.792
0.711
0.784
0.875
0.84
0.864
0.852
0.805
0.841
0.838
0.879
0.872
0.737
0.735
0.829
0.72
0.719
0.747
0.821
0.858
0.851
0.832
0.895
0.937
0.851
0.844
0.833
0.802
0.822
0.852
0.839
0.835
0.878
0.856
0.872
0.837
0.833
0.8
0.717
0.759
0.804
0.808
0.796
0.82
0.845
0.794
0.725
0.861
0.874
0.826
0.778
0.744
0.891
0.852
0.748
0.814
0.706
0.681
0.736
0.739
0.727
0.747
0.732
0.671
0.724
0.766
0.736
0.86
0.712
0.666
0.758
0.816
0.873
0.69
0.72
0.754
0.697
0.771
0.701
0.741
0.825
0.737
0.774
0.721
0.692
0.797
0.814
0.791
0.922
0.949
0.76
0.776
0.758
0.795
0.787
0.748
0.745
0.786
0.963
1.003
0.807
0.647
0.649
0.673
0.813
0.862
0.779
0.776
0.864
0.988
0.908
0.897
0.923
0.905
0.815
0.811
0.754
0.856
0.828
0.85
0.825
0.852
0.811
0.8
0.856
0.908
0.862
0.961
1.004
0.982
0.96
0.93
0.885
0.847
0.889
0.827
0.85
0.871
0.671
0.819
0.876
0.636
0.609
0.536
0.549
0.799
0.973
0.993
0.956
0.773
0.878
0.928
0.883
0.861
0.86
0.862
0.906
0.894
0.915
0.952
0.966
0.982
0.913
0.893
0.897
0.936
0.858
0.831
0.861
0.954
0.968
0.918
0.927
0.866
0.821
0.848
0.885
0.697
0.474
0.596
0.757
0.631
0.647
0.687
0.57
0.75
0.797
0.799
0.779
0.84
0.862
0.977
0.926
0.895
0.826
0.929
0.894
0.727
0.809
0.896
0.973
0.955
0.864
0.833
0.82
0.889
0.881
0.85
0.917
0.929
0.871
0.974
0.973
0.971
0.895
0.938
0.881
0.877
0.887
0.856
0.796
0.716
0.765
0.77
0.904
0.67
0.773
0.873
0.908
0.837
0.977
0.952
0.874
0.812
0.769
0.8
0.805
0.794
0.874
0.995
0.909
0.785
0.761
0.762
0.801
0.734
0.733
0.881
0.827
0.746
0.857
0.727
0.826
0.842
0.865
0.834
0.706
0.802
0.802
0.821
0.635
0.599
0.774
0.914
0.826
0.683
0.688
0.686
0.817
0.648
0.728
0.728
0.82
0.825
0.765
0.595
0.628
0.631
0.572
0.578
0.705
0.72
0.653
0.694
0.694
0.62
0.697
0.787
0.662
0.622
0.599
0.815
0.864
0.802
0.7
0.668
0.729
0.794
0.674
0.84
0.737
0.712
0.807
0.904
0.88
0.701
0.786
0.849
0.79
0.752
0.73
0.7
0.736
0.763
0.765
0.74
0.685
0.718
0.699
0.735
0.837
0.807
0.74
0.696
0.756
0.726
0.707
0.752
0.803
0.828
0.886
0.84
0.774
0.786
0.752
0.792
0.796
0.771
0.759
0.783
0.786
0.815
0.741
0.813
0.823
0.698
0.686
0.801
0.831
0.78
0.761
0.705
0.638
0.682
0.785
0.784
0.768
0.787
0.833
0.838
0.781
0.764
0.82
0.783
0.829
0.748
0.775
0.794
0.703
0.691
0.811
0.812
0.767
0.795
0.727
0.724
0.817
0.819
0.769
0.742
0.856
0.774
0.67
0.692
0.797
0.735
0.698
0.747
0.736
0.73
0.695
0.751
0.884
0.82
0.864
0.787
0.707
0.785
0.818
0.66
0.695
0.76
0.634
0.658
0.608
0.713
0.828
0.738
0.74
0.685
0.799
0.702
0.821
0.742
0.801
0.792
0.847
0.892
0.861
0.789
0.829
0.744
0.636
0.725
0.638
0.704
0.687
0.562
0.669
0.689
0.827
0.678
0.625
0.698
0.701
0.611
0.556
0.785
0.907
0.801
0.817
0.941
0.805
0.652
0.598
0.572
0.581
0.622
0.734
0.724
0.621
0.753
0.886
0.78
0.734
0.809
0.833
0.838
0.768
0.761
0.714
0.593
0.593
0.703
0.723
0.899
0.983
0.866
0.79
0.934
0.835
0.879
0.631
0.618
0.618
0.635
0.709
0.818
0.815
0.906
0.766
0.869
0.813
0.827
0.892
0.909
0.979
0.935
0.934
0.813
0.756
0.767
0.874
0.664
0.645
0.557
0.728
0.918
0.892
0.885
0.922
0.856
0.809
0.896
0.891
0.878
0.833
0.899
0.755
0.816
0.831
0.895
0.783
0.93
0.891
0.95
0.938
0.929
0.863
0.967
0.967
0.905
0.879
0.888
0.924
0.974
1.01
0.901
0.756
0.82
0.894
0.77
0.762
0.86
0.897
0.948
1.01
1.001
0.994
0.929
1.046
0.983
0.829
0.865
0.676
0.689
0.809
0.805
0.874
0.839
0.883
0.893
0.886
0.873
0.867
0.949
1.042
0.957
0.944
0.88
0.923
0.8
0.718
0.77
0.791
0.884
0.769
0.953
0.918
0.835
0.879
0.838
0.801
0.869
0.897
0.868
0.921
0.892
0.838
0.883
0.706
0.712
0.897
0.646
0.739
0.815
0.789
0.771
0.595
0.459
0.789
0.735
0.68
0.844
0.756
0.616
0.664
0.724
0.661
0.843
0.763
0.765
0.707
0.639
0.589
0.603
0.743
0.693
0.774
0.926
0.745
0.643
0.685
0.893
0.746
0.934
0.848
0.777
0.725
0.704
0.628
0.668
0.625
0.573
0.559
0.519
0.467
0.567
0.665
0.681
0.766
0.798
0.856
0.867
0.875
0.654
0.532
0.803
0.766
0.698
0.815
0.773
0.683
0.572
0.669
0.757
0.59
0.603
0.844
0.804
0.759
0.714
0.721
0.657
0.517
0.521
0.594
0.614
0.735
0.797
0.686
0.57
0.596
0.645
0.701
0.701
0.622
0.592
0.542
0.523
0.692
0.672
0.72
0.599
0.472
0.544
0.645
0.706
0.693
0.685
0.653
0.607
0.616
0.624
0.665
0.722
0.646
0.768
0.877
0.941
0.828
0.854
0.736
0.79
0.842
0.754
0.748
0.826
0.802
0.766
0.756
0.743
0.779
0.782
0.763
0.699
0.737
0.747
0.824
0.8
0.75
0.687
0.744
0.692
0.744
0.769
0.8
0.865
0.787
0.776
0.77
0.763
0.808
0.741
0.718
0.749
0.739
0.78
0.75
0.84
0.822
0.672
0.707
0.678
0.783
0.787
0.909
0.858
0.867
0.828
0.807
0.741
0.778
0.758
0.761
0.809
0.877
0.81
0.711
0.768
0.776
0.76
0.776
0.806
0.791
0.69
0.798
0.763
0.665
0.67
0.66
0.725
0.749
0.707
0.628
0.666
0.664
0.678
0.602
0.615
0.637
0.594
0.58
0.721
0.639
0.512
0.5
0.489
0.547
0.599
0.751
0.757
0.744
0.904
0.755
0.748
0.592
0.74
0.729
0.675
0.754
0.672
0.569
0.611
0.65
0.694
0.624
0.584
0.541
0.607
0.697
0.701
0.591
0.473
0.473
0.815
0.777
0.645
0.571
0.59
0.638
0.727
0.685
0.6
0.559
0.517
0.587
0.784
0.976
0.739
0.636
0.846
0.915
0.857
0.635
0.63
0.896
0.823
0.742
0.721
0.76
0.851
0.862
0.779
0.83
0.761
0.688
0.627
0.542
0.6
0.601
0.642
0.682
0.545
0.89
0.823
0.623
0.713
0.67
0.583
0.642
0.837
0.927
0.947
0.943
0.847
0.94
0.982
0.929
0.852
0.909
0.957
0.995
0.961
0.956
0.946
0.882
0.792
0.773
0.745
0.876
0.928
0.882
0.886
0.817
0.887
0.863
0.601
0.692
0.958
0.68
0.836
0.742
0.786
0.962
0.962
0.922
0.943
0.932
0.988
0.947
0.849
0.821
0.981
0.927
0.935
0.907
0.963
0.992
0.931
0.885
0.916
0.934
0.933
0.95
0.95
0.913
0.963
0.907
0.979
0.981
0.919
0.835
0.906
0.719
0.78
0.867
0.866
0.899
0.937
0.811
0.707
0.822
0.84
0.967
0.906
0.847
0.769
0.773
0.838
0.874
0.766
0.827
0.796
0.789
0.905
0.96
0.953
0.788
0.478
0.512
0.578
0.843
0.93
0.966
0.93
0.669
0.658
0.72
0.667
0.56
0.534
0.579
0.615
0.721
0.727
0.732
0.695
0.772
0.744
0.729
0.656
0.533
0.492
0.634
0.87
0.88
0.814
0.733
0.775
0.723
0.662
0.799
0.441
0.614
0.689
0.805
0.955
0.871
0.888
0.801
0.824
0.759
0.601
0.603
0.747
0.867
0.767
0.857
0.871
0.821
0.683
0.697
0.721
0.634
0.699
0.732
0.609
0.791
0.772
0.758
0.666
0.688
0.85
0.691
0.585
0.592
0.809
0.828
0.848
0.761
0.766
0.761
0.705
0.639
0.823
0.923
0.763
0.656
0.632
0.622
0.713
0.826
0.936
0.819
0.731
0.845
0.86
0.821
0.664
0.848
0.855
0.801
0.841
0.75
0.759
0.764
0.872
0.838
0.83
0.805
0.785
0.648
0.639
0.573
0.606
0.629
0.612
0.673
0.708
0.732
0.719
0.731
0.742
0.757
0.764
0.794
0.797
0.799
0.82
0.782
0.741
0.665
0.746
0.803
0.817
0.771
0.767
0.73
0.72
0.724
0.716
0.776
0.795
0.788
0.74
0.811
0.79
0.756
0.794
0.863
0.809
0.806
0.782
0.813
0.836
0.813
0.829
0.804
0.75
0.759
0.768
0.841
0.846
0.847
0.862
0.831
0.828
0.903
0.897
0.843
0.849
0.857
0.825
0.824
0.833
0.802
0.805
0.865
0.852
0.801
0.783
0.786
0.742
0.807
0.813
0.778
0.757
0.826
0.804
0.826
0.803
0.819
0.683
0.645
0.683
0.622
0.637
0.812
0.946
0.83
0.702
0.599
0.818
0.781
0.727
0.693
0.712
0.825
0.672
0.634
0.859
0.893
0.851
0.607
0.622
0.651
0.64
0.575
0.569
0.59
0.619
0.673
0.592
0.764
0.825
0.952
0.925
0.799
0.759
0.701
0.68
0.608
0.669
0.657
0.804
0.643
0.621
0.53
0.559
0.649
0.817
0.781
0.67
0.604
0.64
0.634
0.669
0.823
0.81
0.777
0.759
0.909
0.904
0.896
0.836
0.628
0.644
0.736
0.834
0.757
0.572
0.762
0.939
0.743
0.865
0.885
0.864
0.924
0.937
0.951
0.915
0.929
0.906
0.882
0.874
0.85
0.885
0.898
0.922
0.842
0.794
0.821
0.819
0.864
0.847
0.898
0.87
0.557
0.553
0.659
0.868
0.778
0.763
0.806
0.922
0.966
0.986
0.962
0.939
0.97
0.965
0.953
0.908
0.968
0.953
0.935
0.939
0.909
0.898
0.929
0.965
1
0.977
1
0.996
0.91
0.937
0.931
0.904
0.889
0.945
0.949
0.873
0.901
0.944
1.008
1.037
0.968
1.088
1.005
0.933
1.038
0.864
0.921
0.985
0.975
0.974
0.861
0.873
0.942
0.871
0.878
0.854
0.816
0.849
0.818
0.78
0.745
0.833
0.895
0.948
0.981
0.976
0.93
0.923
0.808
0.863
0.935
0.899
0.886
0.94
0.869
0.902
0.911
0.979
0.953
0.986
0.759
0.626
0.768
0.997
0.967
0.744
0.785
0.782
0.632
0.754
0.9
0.974
0.852
0.672
0.709
0.706
0.71
0.679
0.621
0.724
0.812
0.728
0.668
0.686
0.85
0.94
0.904
0.892
0.901
0.758
0.85
0.542
0.65
0.813
0.851
0.761
0.856
0.823
0.72
0.728
0.81
0.751
0.654
0.711
0.681
0.734
0.707
0.568
0.659
0.834
0.807
0.899
0.828
0.705
0.637
0.674
0.757
0.759
0.826
0.961
0.802
0.772
0.795
0.692
0.729
0.975
0.94
0.772
0.654
0.725
0.921
0.874
0.854
0.843
0.964
0.876
0.814
0.99
0.778
0.667
0.554
0.846
0.918
0.868
0.822
0.768
0.769
0.815
0.673
0.741
0.918
0.737
0.802
0.953
0.896
0.793
0.678
0.584
0.661
0.864
0.82
0.778
0.77
0.835
0.852
0.862
0.866
0.815
0.772
0.808
0.788
0.774
0.72
0.709
0.776
0.81
0.83
0.844
0.804
0.809
0.766
0.788
0.834
0.679
0.672
0.738
0.744
0.784
0.74
0.727
0.787
0.71
0.638
0.645
0.728
0.755
0.777
0.724
0.604
0.715
0.78
0.75
0.796
0.836
0.797
0.83
0.865
0.785
0.692
0.865
0.781
0.788
0.803
0.808
0.743
0.768
0.848
0.859
0.832
0.85
0.808
0.755
0.758
0.8
0.84
0.843
0.837
0.82
0.744
0.739
0.804
0.799
0.79
0.819
0.842
0.755
0.747
0.769
0.811
0.806
0.797
0.82
0.778
0.694
0.748
0.761
0.806
0.743
0.728
0.718
0.676
0.701
0.68
0.732
0.725
0.893
0.898
0.846
0.806
0.819
0.75
0.792
0.878
0.916
0.921
0.921
0.869
0.779
0.73
0.625
0.854
0.835
0.809
0.793
0.719
0.821
0.892
0.914
0.708
0.714
0.761
0.8
0.749
0.693
0.667
0.677
0.715
0.825
0.969
0.877
0.752
0.705
0.661
0.704
0.749
0.738
0.742
0.91
0.739
0.826
0.826
0.834
0.887
0.789
0.676
0.846
0.864
0.756
0.794
0.834
0.639
0.645
0.623
0.772
0.744
0.721
0.863
0.957
0.849
0.801
0.846
0.908
0.841
0.827
0.83
0.855
0.843
0.831
0.847
0.771
0.689
0.839
0.856
0.79
0.868
0.926
0.918
0.821
0.893
0.873
0.92
0.939
0.744
0.865
0.865
0.785
0.876
0.889
0.932
0.898
0.843
0.948
0.972
0.898
0.828
0.829
0.933
0.939
0.874
0.633
0.798
0.868
0.903
0.964
0.956
0.702
0.872
0.926
0.907
0.94
0.928
0.928
0.941
1.017
0.98
0.992
0.973
0.649
0.639
0.86
0.948
0.909
0.83
0.798
0.827
0.847
0.912
0.948
0.786
0.832
0.938
0.987
0.974
0.934
0.879
0.896
0.958
0.849
0.964
0.95
0.896
0.941
0.915
0.948
0.929
0.892
0.959
0.933
0.893
0.868
0.902
0.807
0.79
0.853
0.902
0.788
0.902
0.881
0.884
0.845
0.754
0.881
0.857
0.931
0.895
0.853
0.845
0.832
0.882
0.939
0.822
0.949
0.923
0.794
0.865
0.928
0.845
0.711
0.827
0.824
0.774
0.734
0.639
0.621
0.88
0.587
0.577
0.602
0.852
0.711
0.711
0.785
0.853
0.799
0.658
0.853
0.846
0.719
0.759
0.961
0.925
0.763
0.618
0.477
0.619
0.702
0.802
0.763
0.67
0.667
0.5
0.557
0.672
0.919
0.909
0.683
0.564
0.743
0.849
0.72
0.561
0.539
0.627
0.744
0.792
0.763
0.734
0.631
0.697
0.833
0.612
0.614
0.808
0.743
0.964
0.762
0.707
0.739
0.618
0.801
0.889
0.779
0.663
0.732
0.613
0.719
0.731
0.724
0.679
0.766
0.785
0.773
0.686
0.669
0.603
0.637
0.981
0.827
0.699
0.718
0.887
0.855
0.951
0.979
0.949
0.931
0.769
0.661
0.702
0.733
0.761
0.682
0.6
0.604
0.764
0.789
0.727
0.63
0.778
0.812
0.837
0.777
0.754
0.765
0.756
0.645
0.721
0.75
0.799
0.703
0.678
0.78
0.816
0.841
0.827
0.833
0.82
0.767
0.707
0.763
0.773
0.865
0.771
0.696
0.703
0.734
0.776
0.791
0.786
0.766
0.816
0.781
0.685
0.807
0.926
0.858
0.832
0.758
0.843
0.82
0.812
0.805
0.743
0.659
0.741
0.813
0.822
0.823
0.786
0.69
0.697
0.681
0.763
0.849
0.876
0.921
0.925
0.802
0.89
0.871
0.866
0.946
0.824
0.909
0.908
0.893
0.837
0.905
0.894
0.862
0.83
0.847
0.882
0.826
0.863
0.825
0.806
0.842
0.765
0.726
0.767
0.812
0.854
0.869
0.884
0.881
0.837
0.812
0.763
0.822
0.78
0.849
0.706
0.704
0.909
0.796
0.705
0.863
0.797
0.784
0.808
0.717
0.773
0.706
0.777
0.791
0.666
0.697
0.716
0.693
0.689
0.698
0.676
0.721
0.743
0.649
0.661
0.831
0.777
0.69
0.719
0.742
0.665
0.613
0.709
0.647
0.687
0.607
0.628
0.921
0.94
0.891
0.748
0.759
0.707
0.782
0.839
0.887
0.778
0.779
0.756
0.728
0.871
0.817
0.837
0.867
0.693
0.656
0.611
0.907
0.943
0.915
0.85
0.959
0.926
0.906
0.896
0.936
0.795
0.692
0.811
0.852
0.776
0.904
0.983
0.969
0.851
0.746
0.894
0.922
0.794
0.837
0.94
0.926
0.952
0.985
0.959
0.888
0.844
0.93
0.905
0.746
0.826
0.777
0.936
0.922
0.848
0.945
0.961
0.988
0.981
0.881
0.858
0.707
0.747
0.9
0.77
0.842
0.853
0.889
0.954
0.95
0.967
0.999
0.971
0.949
0.806
0.59
0.776
0.935
0.869
0.945
0.956
0.961
0.93
0.883
0.874
0.867
0.929
0.966
0.971
0.899
0.862
0.903
0.865
0.928
0.897
0.815
0.697
0.743
0.801
0.774
0.769
0.847
0.913
0.891
0.787
0.778
0.936
0.934
0.802
0.804
0.736
0.826
0.988
1.011
0.974
0.935
0.896
0.816
0.837
0.86
0.855
0.778
0.801
0.769
0.819
0.821
0.891
0.889
0.839
0.762
0.76
0.926
0.981
0.63
0.648
0.709
0.773
0.75
0.666
0.592
0.805
0.981
0.966
0.984
0.955
0.865
0.785
0.682
0.655
0.813
0.735
0.756
0.8
0.77
0.798
0.805
0.766
0.762
0.819
0.688
0.608
0.556
0.789
0.953
0.759
0.626
0.599
0.604
0.868
0.85
0.894
0.808
0.642
0.83
0.791
0.623
0.722
0.652
0.61
0.655
0.901
0.748
0.685
0.8
0.896
0.852
0.852
0.864
0.841
0.728
0.734
0.778
0.896
0.82
0.846
0.89
0.83
0.8
0.739
0.622
0.723
0.62
0.5
0.583
0.656
0.649
0.658
0.669
0.812
0.824
0.736
0.616
0.667
0.693
0.656
0.746
0.692
0.657
0.764
0.692
0.728
0.668
0.668
0.597
0.809
0.846
0.875
0.833
0.774
0.812
0.815
0.811
0.816
0.744
0.778
0.738
0.781
0.751
0.74
0.721
0.73
0.763
0.768
0.784
0.775
0.801
0.792
0.702
0.675
0.784
0.791
0.759
0.816
0.823
0.786
0.749
0.666
0.639
0.649
0.7
0.789
0.86
0.802
0.691
0.772
0.805
0.843
0.839
0.821
0.767
0.721
0.712
0.74
0.817
0.833
0.756
0.775
0.691
0.649
0.734
0.899
0.904
0.882
0.86
0.821
0.858
0.852
0.823
0.849
0.8
0.773
0.805
0.798
0.812
0.817
0.797
0.75
0.814
0.834
0.831
0.885
0.871
0.831
0.758
0.778
0.827
0.85
0.794
0.708
0.788
0.716
0.737
0.685
0.781
0.829
0.792
0.774
0.693
0.719
0.748
0.714
0.699
0.756
0.883
0.826
0.717
0.718
0.78
0.805
0.836
0.689
0.685
0.786
0.786
0.754
0.759
0.605
0.647
0.699
0.627
0.867
0.848
0.812
0.799
0.899
0.872
0.806
0.696
0.679
0.687
0.679
0.76
0.69
0.64
0.747
0.783
0.772
0.686
0.782
0.695
0.687
0.622
0.616
0.575
0.654
0.802
0.779
0.851
0.804
0.764
0.727
0.756
0.742
0.646
0.626
0.674
0.69
0.737
0.936
0.679
0.665
0.673
0.689
0.807
0.773
0.806
0.721
0.792
0.729
0.676
0.682
0.728
0.726
0.595
0.812
0.743
0.732
0.87
0.864
0.809
0.666
0.854
0.911
0.893
0.91
0.854
0.747
0.728
0.72
0.789
0.679
0.624
0.844
0.727
0.808
0.806
0.834
0.836
0.903
0.971
0.905
0.546
0.729
0.798
0.8
0.877
0.942
0.975
0.774
0.812
0.701
0.751
0.948
0.865
0.866
1.014
0.979
0.976
0.919
0.932
0.891
0.983
0.971
0.879
0.906
0.998
0.976
0.923
0.851
0.864
0.933
0.96
0.839
0.891
0.933
0.9
0.891
0.951
0.892
0.873
0.868
0.861
0.976
0.878
0.888
0.856
0.847
0.935
0.992
0.933
0.775
0.917
0.879
0.675
0.759
0.63
0.714
0.886
0.746
0.655
0.632
0.533
0.516
0.714
0.867
0.927
0.862
0.917
0.943
0.855
0.764
0.928
0.768
0.703
0.916
0.839
0.847
0.902
0.872
0.866
0.847
0.833
0.846
0.853
0.838
0.859
0.846
0.792
0.654
0.718
0.726
0.642
0.686
0.683
0.686
0.635
0.543
0.63
0.499
0.535
0.887
0.835
0.772
0.808
0.799
0.732
0.682
0.707
0.861
0.745
0.833
0.764
0.657
0.551
0.664
0.941
0.893
0.864
0.77
0.787
0.839
0.825
0.886
0.689
0.58
0.549
0.593
0.728
0.675
0.572
0.549
0.548
0.538
0.504
0.685
0.781
0.642
0.717
0.799
0.598
0.641
0.673
0.767
0.898
0.712
0.69
0.709
0.73
0.74
0.582
0.57
0.707
0.856
0.859
0.72
0.751
0.611
0.565
0.583
0.532
0.69
0.779
0.781
0.783
0.669
0.688
0.717
0.673
0.669
0.551
0.602
0.634
0.642
0.706
0.77
0.704
0.667
0.7
0.617
0.587
0.615
0.61
0.607
0.589
0.715
0.762
0.679
0.779
0.814
0.79
0.68
0.805
0.79
0.771
0.763
0.762
0.766
0.72
0.665
0.74
0.779
0.652
0.633
0.735
0.717
0.68
0.708
0.734
0.786
0.792
0.808
0.831
0.798
0.764
0.789
0.725
0.706
0.728
0.759
0.771
0.771
0.751
0.825
0.746
0.713
0.73
0.764
0.69
0.759
0.832
0.726
0.767
0.786
0.783
0.833
0.907
0.741
0.697
0.756
0.795
0.802
0.804
0.701
0.651
0.68
0.822
0.874
0.851
0.813
0.767
0.694
0.701
0.679
0.607
0.61
0.552
0.516
0.638
0.766
0.761
0.584
0.573
0.52
0.433
0.465
0.577
0.516
0.411
0.569
0.576
0.471
0.462
0.639
0.685
0.478
0.387
0.479
0.628
0.462
0.468
0.695
0.842
0.749
0.588
0.564
0.827
0.884
0.694
0.698
0.649
0.818
0.955
0.921
0.716
0.536
0.76
0.765
0.647
0.731
0.91
0.784
0.624
0.614
0.56
0.635
0.771
0.71
0.621
0.538
0.674
0.657
0.61
0.571
0.68
0.657
0.832
0.736
0.593
0.629
0.676
0.602
0.572
0.703
0.728
0.794
0.743
0.739
0.73
0.646
0.715
0.658
0.588
0.61
0.801
0.751
0.759
0.723
0.734
0.747
0.906
0.822
0.774
0.74
0.695
0.754
0.827
0.706
0.812
0.93
0.869
0.782
0.72
0.715
0.841
0.765
0.819
0.925
0.957
0.941
0.818
0.781
0.744
0.861
0.908
0.582
0.833
0.84
0.786
0.837
0.898
0.802
0.83
0.967
0.965
0.944
0.862
0.984
0.984
1
0.794
0.808
0.888
0.743
0.854
0.937
0.815
0.762
0.853
0.76
0.793
0.817
0.676
0.802
0.813
0.9
0.805
0.808
0.929
0.77
0.634
0.681
0.624
0.681
0.717
0.943
0.832
0.783
0.613
0.834
0.939
0.686
0.657
0.734
0.657
0.693
0.849
0.925
0.644
0.801
0.961
0.814
0.861
0.6
0.883
0.94
0.956
0.865
0.833
0.761
0.829
0.892
0.847
0.848
0.672
0.535
0.674
0.686
0.611
0.537
0.635
0.55
0.571
0.621
0.627
0.779
0.804
0.808
0.662
0.623
0.621
0.781
0.671
0.523
0.782
0.931
0.889
0.793
0.722
0.713
0.695
0.553
0.694
0.665
0.762
0.633
0.551
0.482
0.788
0.834
0.809
0.555
0.585
0.79
0.911
0.678
0.655
0.739
0.742
0.608
0.686
0.729
0.696
0.837
0.847
0.813
0.844
0.878
0.858
0.654
0.637
0.605
0.535
0.491
0.576
0.496
0.565
0.758
0.816
0.662
0.727
0.735
0.695
0.69
0.759
0.754
0.767
0.612
0.749
0.78
0.654
0.549
0.623
0.69
0.725
0.917
0.786
0.701
0.694
0.764
0.696
0.625
0.608
0.84
0.962
0.831
0.759
0.762
0.711
0.715
0.738
0.694
0.888
0.778
0.63
0.644
0.618
0.672
0.72
0.816
0.77
0.742
0.775
0.788
0.824
0.913
0.756
0.743
0.799
0.728
0.735
0.776
0.8
0.773
0.764
0.693
0.772
0.723
0.69
0.729
0.818
0.858
0.792
0.739
0.717
0.653
0.746
0.8
0.814
0.696
0.725
0.775
0.84
0.849
0.799
0.824
0.852
0.8
0.802
0.777
0.728
0.735
0.736
0.773
0.744
0.763
0.804
0.857
0.854
0.84
0.84
0.835
0.828
0.72
0.908
0.825
0.834
0.876
0.855
0.824
0.794
0.756
0.779
0.845
0.829
0.879
0.941
0.804
0.756
0.75
0.794
0.879
0.835
0.782
0.783
0.85
0.862
0.838
0.835
0.839
0.838
0.814
0.831
0.881
0.781
0.765
0.724
0.816
0.843
0.874
0.883
0.838
0.777
0.82
0.864
0.782
0.746
0.723
0.699
0.738
0.833
0.774
0.904
0.943
0.864
0.803
0.748
0.785
0.668
0.699
0.713
0.727
0.761
0.862
0.964
0.906
0.743
0.794
0.73
0.694
0.654
0.593
0.597
0.609
0.791
0.808
0.881
0.778
0.697
0.672
0.669
0.706
0.677
0.85
0.89
0.786
0.773
0.804
0.752
0.67
0.59
0.578
0.541
0.634
0.683
0.649
0.64
0.878
0.942
0.953
0.902
0.776
0.843
0.889
0.796
0.726
0.741
0.775
0.721
0.673
0.673
0.842
0.848
0.8
0.818
0.882
0.949
0.947
0.865
0.902
0.904
0.835
0.714
0.84
0.755
0.755
0.557
0.865
0.947
0.834
0.911
0.983
0.907
0.898
0.951
0.922
0.984
0.985
0.823
0.89
0.881
0.862
0.794
0.873
0.848
0.82
0.868
0.918
0.874
0.945
0.945
0.944
0.948
0.925
0.923
0.966
0.974
0.964
0.988
0.945
0.911
0.948
0.956
0.943
0.99
0.993
1.007
0.963
0.945
0.958
0.96
0.878
0.9
0.949
0.957
0.974
0.849
0.886
0.913
0.918
0.938
0.958
0.952
0.872
0.824
0.811
0.854
0.962
0.948
0.877
0.832
0.974
0.865
0.559
0.679
0.83
0.962
0.922
0.895
0.595
0.552
0.612
0.837
0.667
0.813
0.909
0.875
0.9
0.742
0.757
0.542
0.584
0.817
0.82
0.741
0.742
0.685
0.839
0.759
0.863
0.748
0.765
0.838
0.922
0.778
0.744
0.896
0.937
0.81
0.646
0.646
0.683
0.713
0.665
0.687
0.64
0.706
0.702
0.566
0.662
0.818
0.77
0.788
0.644
0.635
0.685
0.635
0.907
0.806
0.716
0.69
0.818
0.887
0.738
0.737
0.639
0.84
0.873
0.694
0.686
0.581
0.844
0.867
0.807
0.757
0.777
0.581
0.541
0.609
0.587
0.506
0.504
0.577
0.633
0.618
0.591
0.774
0.661
0.765
0.764
0.574
0.594
0.685
0.793
0.62
0.616
0.925
0.882
0.827
0.776
0.712
0.655
0.804
0.888
0.677
0.81
0.797
0.817
0.838
0.836
0.801
0.73
0.634
0.811
0.847
0.871
0.805
0.846
0.951
0.823
0.657
0.605
0.678
0.738
0.695
0.663
0.701
0.716
0.744
0.634
0.593
0.654
0.716
0.776
0.846
0.755
0.665
0.598
0.675
0.689
0.675
0.679
0.76
0.777
0.719
0.798
0.836
0.763
0.661
0.75
0.786
0.675
0.698
0.747
0.729
0.69
0.713
0.609
0.643
0.738
0.795
0.799
0.778
0.802
0.811
0.783
0.781
0.8
0.824
0.707
0.809
0.895
0.807
0.773
0.731
0.816
0.829
0.78
0.689
0.721
0.794
0.806
0.831
0.854
0.824
0.823
0.801
0.73
0.634
0.782
0.816
0.827
0.84
0.882
0.73
0.863
0.87
0.816
0.797
0.859
0.797
0.768
0.691
0.719
0.833
0.774
0.662
0.703
0.747
0.685
0.636
0.714
0.771
0.84
0.821
0.724
0.625
0.725
0.769
0.695
0.64
0.682
0.822
0.926
0.825
0.778
0.832
0.775
0.924
0.911
0.804
0.811
0.822
0.794
0.683
0.665
0.683
0.62
0.684
0.943
0.804
0.664
0.625
0.629
0.737
0.873
0.95
0.89
0.898
0.742
0.847
0.749
0.639
0.684
0.683
0.741
0.872
0.881
0.93
0.812
0.69
0.743
0.654
0.656
0.705
0.619
0.616
0.772
0.724
0.632
0.714
0.626
0.62
0.718
0.762
0.749
0.749
0.64
0.628
0.751
0.725
0.785
0.793
0.75
0.881
0.787
0.655
0.63
0.663
0.816
0.857
0.762
0.865
0.84
0.967
0.944
0.848
0.812
0.793
0.795
0.717
0.729
0.858
0.858
0.83
0.743
0.752
0.912
0.936
0.974
0.866
0.858
0.972
0.916
0.909
0.698
0.693
0.71
0.873
0.615
0.677
0.832
0.901
0.904
0.86
0.821
0.822
0.93
0.846
0.86
0.918
0.858
0.925
0.93
0.9
0.935
0.943
0.949
0.916
0.911
0.876
0.917
0.74
0.792
0.699
0.852
0.916
0.95
0.888
0.902
0.975
0.756
0.662
0.707
0.825
0.931
0.985
0.966
0.976
0.674
0.845
0.86
0.878
0.879
0.838
0.848
0.822
0.903
0.89
0.844
0.788
0.728
0.75
0.858
0.824
0.762
0.774
0.937
0.882
0.883
0.763
0.738
0.725
0.961
0.688
0.527
0.739
0.819
0.916
0.58
0.771
0.763
0.813
0.799
0.852
0.562
0.477
0.725
0.818
0.816
0.873
0.871
0.757
0.86
0.835
0.924
0.857
0.541
0.664
0.732
0.915
0.96
0.954
0.888
0.854
0.821
0.714
0.727
0.878
0.91
0.7
0.71
0.716
0.666
0.887
0.929
0.784
0.727
0.791
0.891
0.901
0.861
0.777
0.786
0.771
0.785
0.881
0.829
0.917
0.771
0.724
0.733
0.683
0.76
0.921
0.861
0.745
0.706
0.898
0.699
0.63
0.648
0.846
0.877
0.942
0.876
0.693
0.717
0.917
0.972
0.796
0.752
0.86
0.906
0.837
0.727
0.718
0.709
0.628
0.731
0.824
0.884
0.809
0.712
0.741
0.79
0.818
0.779
0.725
0.689
0.8
0.876
0.818
0.938
0.805
0.738
0.713
0.721
0.74
0.783
0.804
0.813
0.83
0.773
0.716
0.669
0.683
0.745
0.69
0.698
0.678
0.678
0.657
0.755
0.786
0.797
0.658
0.766
0.825
0.773
0.752
0.753
0.744
0.702
0.632
0.65
0.759
0.777
0.678
0.605
0.64
0.65
0.678
0.752
0.743
0.78
0.777
0.739
0.737
0.782
0.836
0.786
0.742
0.792
0.819
0.829
0.84
0.833
0.739
0.731
0.779
0.742
0.782
0.768
0.795
0.76
0.713
0.623
0.605
0.668
0.757
0.697
0.738
0.788
0.736
0.741
0.74
0.859
0.796
0.656
0.823
0.863
0.883
0.802
0.706
0.694
0.792
0.803
0.694
0.699
0.731
0.694
0.715
0.633
0.626
0.576
0.499
0.42
0.379
0.446
0.592
0.471
0.358
0.546
0.788
0.702
0.481
0.594
0.766
0.844
0.808
0.706
0.705
0.588
0.628
0.848
0.974
0.83
0.726
0.742
0.766
0.762
0.789
0.808
0.804
0.639
0.666
0.57
0.577
0.634
0.75
0.798
0.735
0.548
0.638
0.759
0.602
0.717
0.788
0.662
0.663
0.632
0.798
0.729
0.852
0.925
0.818
0.705
0.794
0.82
0.748
0.671
0.579
0.643
0.749
0.738
0.891
0.714
0.725
0.862
0.952
0.854
0.808
0.729
0.745
0.864
0.871
0.867
0.743
0.818
0.666
0.84
0.913
0.878
0.847
0.778
0.75
0.881
0.866
0.859
0.848
0.653
0.732
0.896
0.86
0.926
0.903
0.957
0.95
0.861
0.92
0.865
0.955
0.951
0.97
0.939
0.901
0.91
0.937
0.986
0.886
0.723
0.811
0.681
0.815
0.955
0.945
0.963
0.973
1.003
0.963
0.965
0.941
0.935
0.948
0.94
0.949
0.951
0.934
0.976
0.942
0.904
0.761
0.828
0.8
0.743
0.759
0.903
0.875
0.844
0.845
0.862
0.827
0.821
0.742
0.862
0.872
0.892
0.761
0.932
0.955
0.938
0.988
0.986
0.994
0.966
0.955
0.711
0.846
0.869
0.795
0.814
0.925
0.772
0.802
0.832
0.924
0.898
0.889
0.93
0.964
0.989
0.979
0.921
0.994
0.93
0.908
0.801
0.828
0.982
0.977
0.981
0.983
0.838
0.943
0.944
0.888
0.936
0.903
0.789
0.721
0.812
0.851
0.953
0.914
0.765
0.811
0.763
0.878
0.901
0.87
0.921
0.835
0.795
0.678
0.796
0.779
0.629
0.698
0.87
0.624
0.694
0.774
0.748
0.801
0.948
0.954
0.687
0.885
0.919
0.862
0.82
0.75
0.683
0.703
0.608
0.615
0.617
0.812
0.889
0.804
0.752
0.807
0.856
0.696
0.485
0.594
0.681
0.466
0.563
0.656
0.653
0.741
0.919
0.833
0.68
0.823
0.764
0.836
0.872
0.89
0.836
0.847
0.886
0.705
0.65
0.855
0.843
0.823
0.883
0.854
0.864
0.803
0.724
0.805
0.78
0.779
0.761
0.732
0.723
0.698
0.795
0.899
0.771
0.616
0.823
0.924
0.819
0.682
0.815
0.794
0.762
0.699
0.817
0.913
0.899
0.773
0.708
0.797
0.857
0.811
0.767
0.765
0.695
0.622
0.606
0.615
0.712
0.764
0.753
0.677
0.753
0.741
0.724
0.703
0.683
0.776
0.815
0.804
0.814
0.819
0.881
0.873
0.833
0.792
0.695
0.69
0.796
0.803
0.737
0.821
0.722
0.71
0.856
0.845
0.833
0.781
0.762
0.822
0.86
0.898
0.752
0.719
0.799
0.817
0.836
0.829
0.833
0.842
0.831
0.832
0.81
0.823
0.825
0.826
0.833
0.836
0.801
0.83
0.865
0.828
0.769
0.719
0.765
0.859
0.886
0.763
0.703
0.865
0.886
0.841
0.834
0.851
0.83
0.797
0.974
0.952
0.891
0.856
0.8
0.715
0.745
0.815
0.845
0.836
0.795
0.782
0.818
0.844
0.854
0.712
0.667
0.72
0.867
0.772
0.682
0.904
0.813
0.837
0.767
0.69
0.823
0.779
0.836
0.736
0.689
0.676
0.652
0.837
0.728
0.641
0.658
0.704
0.681
0.762
0.749
0.747
0.599
0.768
0.772
0.825
0.741
0.611
0.761
0.717
0.771
0.778
0.735
0.653
0.825
0.873
0.756
0.781
0.813
0.736
0.788
0.88
0.859
0.826
0.754
0.873
0.867
0.689
0.654
0.571
0.572
0.887
0.913
0.745
0.6
0.751
0.925
0.857
0.93
0.878
0.787
0.811
0.868
0.81
0.854
0.598
0.794
0.924
0.93
0.83
0.781
0.753
0.611
0.61
0.684
0.853
0.952
0.887
0.891
0.922
0.965
0.905
0.664
0.658
0.905
0.963
0.937
0.878
0.889
0.923
0.867
0.856
0.867
0.947
0.96
0.913
0.931
0.857
0.766
0.909
0.87
0.777
0.814
0.963
0.957
0.959
0.95
0.878
0.782
0.848
0.869
0.784
0.877
0.949
0.919
0.873
0.917
0.848
0.917
0.96
0.852
0.796
0.852
0.854
0.788
0.894
0.873
0.956
0.976
0.892
0.863
0.882
0.88
0.948
0.937
0.962
0.933
0.92
0.97
0.935
0.911
0.909
0.928
0.826
0.899
0.93
0.924
0.88
0.843
0.836
0.871
0.864
0.922
0.891
0.823
0.842
0.914
0.873
0.851
0.814
0.668
0.682
0.851
0.869
0.835
0.936
0.906
0.859
0.764
0.786
0.854
0.725
0.779
0.576
0.55
0.793
0.723
0.865
0.887
0.911
0.875
0.849
0.768
0.627
0.671
0.804
0.888
0.902
0.887
0.844
0.854
0.949
0.94
0.901
0.888
0.795
0.753
0.615
0.605
0.764
0.76
0.768
0.702
0.723
0.804
0.901
0.736
0.604
0.645
0.758
0.729
0.719
0.828
0.793
0.874
0.851
0.665
0.781
0.729
0.743
0.664
0.644
0.811
0.832
0.935
0.727
0.692
0.769
0.723
0.83
0.747
0.731
0.72
0.744
0.729
0.735
0.79
0.907
0.803
0.776
0.792
0.807
0.834
0.851
0.802
0.785
0.777
0.828
0.8
0.806
0.829
0.765
0.782
0.831
0.69
0.686
0.73
0.667
0.632
0.672
0.715
0.763
0.76
0.85
0.947
0.893
0.821
0.814
0.774
0.793
0.821
0.815
0.788
0.676
0.742
0.77
0.702
0.717
0.898
0.72
0.705
0.767
0.743
0.67
0.731
0.722
0.813
0.819
0.8
0.789
0.79
0.813
0.788
0.775
0.789
0.871
0.832
0.838
0.809
0.766
0.765
0.832
0.785
0.772
0.789
0.84
0.829
0.765
0.79
0.914
0.935
0.876
0.809
0.852
0.867
0.81
0.745
0.815
0.863
0.878
0.785
0.771
0.726
0.773
0.853
0.856
0.825
0.81
0.784
0.748
0.741
0.748
0.844
0.88
0.945
0.858
0.792
0.821
0.814
0.832
0.851
0.865
0.868
0.884
0.909
0.787
0.757
0.765
0.811
0.813
0.782
0.791
0.853
0.931
0.888
0.739
0.704
0.767
0.77
0.767
0.796
0.819
0.865
0.788
0.723
0.708
0.665
0.607
0.641
0.73
0.739
0.712
0.688
0.741
0.861
0.686
0.664
0.77
0.544
0.598
0.644
0.58
0.558
0.698
0.696
0.663
0.738
0.716
0.852
0.833
0.875
0.789
0.598
0.799
0.938
0.93
0.869
0.827
0.89
0.851
0.688
0.649
0.771
0.777
0.853
0.804
0.646
0.787
0.937
0.823
0.904
0.742
0.696
0.777
0.668
0.594
0.593
0.781
0.793
0.743
0.674
0.589
0.782
0.917
0.956
0.971
0.92
0.834
0.809
0.949
0.998
0.892
0.731
0.691
0.8
0.79
0.833
0.85
0.813
0.814
0.77
0.864
0.923
0.98
0.87
0.876
0.971
0.856
0.898
0.865
0.839
0.897
0.873
0.87
0.898
0.93
0.795
0.914
0.948
0.942
0.928
0.975
0.937
0.951
0.91
0.959
0.987
0.974
0.921
0.975
0.983
0.924
0.96
0.966
0.935
0.965
0.987
0.975
0.989
1.005
0.918
0.925
0.777
0.825
0.754
0.7
0.927
0.89
0.876
0.889
0.856
0.976
0.969
0.966
0.912
0.91
0.898
0.968
0.969
0.951
0.962
0.959
0.934
0.908
0.828
0.836
0.96
0.969
0.893
0.912
0.896
0.792
0.947
0.934
0.89
0.699
0.56
0.745
0.86
0.922
0.953
0.877
0.879
0.89
0.875
0.866
0.926
0.93
0.822
0.874
0.948
0.929
0.869
0.876
0.662
0.6
0.727
0.934
0.891
0.798
0.714
0.725
0.781
0.78
0.802
0.872
0.929
0.85
0.822
0.933
0.865
0.816
0.824
0.774
0.889
0.802
0.704
0.792
0.805
0.877
0.742
0.703
0.66
0.719
0.838
0.839
0.72
0.654
0.674
0.724
0.715
0.64
0.677
0.608
0.598
0.597
0.624
0.709
0.858
0.91
0.965
0.863
0.735
0.843
0.815
0.731
0.808
0.863
0.728
0.728
0.83
0.657
0.612
0.552
0.63
0.643
0.613
0.714
0.699
0.881
0.799
0.804
0.791
0.762
0.678
0.654
0.784
0.864
0.653
0.688
0.834
0.851
0.807
0.674
0.67
0.68
0.696
0.604
0.615
0.636
0.79
0.865
0.795
0.744
0.678
0.611
0.653
0.698
0.711
0.759
0.793
0.838
0.765
0.779
0.798
0.761
0.781
0.778
0.714
0.621
0.739
0.631
0.646
0.669
0.626
0.672
0.695
0.737
0.729
0.793
0.792
0.754
0.737
0.765
0.764
0.746
0.752
0.682
0.63
0.613
0.757
0.794
0.858
0.835
0.858
0.819
0.821
0.802
0.738
0.793
0.787
0.753
0.773
0.823
0.768
0.922
0.805
0.723
0.72
0.728
0.72
0.703
0.696
0.737
0.833
0.797
0.79
0.747
0.801
0.799
0.815
0.801
0.81
0.884
0.895
0.814
0.743
0.78
0.81
0.842
0.821
0.778
0.814
0.773
0.75
0.792
0.896
0.763
0.701
0.938
0.893
0.767
0.705
0.729
0.622
0.71
0.707
0.714
0.743
0.767
0.727
0.655
0.627
0.649
0.706
0.742
0.88
0.949
0.797
0.739
0.758
0.599
0.71
0.875
0.845
0.804
0.859
0.807
0.687
0.756
0.628
0.673
0.753
0.759
0.728
0.713
0.751
0.869
0.886
0.86
0.891
0.895
0.862
0.841
0.764
0.675
0.704
0.64
0.63
0.603
0.799
0.849
0.826
0.702
0.906
0.878
0.712
0.691
0.682
0.595
0.644
0.736
0.778
0.683
0.604
0.644
0.792
0.814
0.765
0.783
0.859
0.636
0.642
0.574
0.711
0.654
0.961
0.901
0.619
0.641
0.613
0.672
0.793
0.78
0.767
0.885
0.785
0.794
0.792
0.861
0.892
0.749
0.759
0.835
0.823
0.945
0.933
0.908
0.866
0.917
0.932
0.957
0.957
0.93
0.911
0.905
0.968
0.958
0.858
0.912
0.903
0.923
0.944
0.985
0.948
0.944
0.965
0.968
0.955
0.932
0.982
0.964
0.975
0.923
0.896
0.97
0.936
0.934
0.791
0.81
0.877
0.855
0.846
0.926
0.821
0.877
0.882
0.765
0.823
0.994
0.913
0.849
0.921
0.896
0.733
0.837
0.781
0.843
0.779
0.754
0.771
0.887
0.833
0.825
0.813
0.87
0.965
0.948
0.902
0.847
0.874
0.832
0.805
0.908
0.904
0.874
0.861
0.85
0.806
0.903
0.857
0.492
0.616
0.668
0.728
0.772
0.812
0.819
0.77
0.634
0.758
0.833
0.742
0.891
0.829
0.772
0.792
0.864
0.85
0.787
0.973
0.912
0.874
0.92
0.857
0.796
0.687
0.675
0.756
0.618
0.687
0.727
0.59
0.67
0.781
0.729
0.723
0.788
0.678
0.781
0.813
0.692
0.766
0.797
0.794
0.82
0.744
0.743
0.664
0.846
0.842
0.708
0.64
0.621
0.701
0.708
0.728
0.77
0.693
0.795
0.753
0.67
0.583
0.654
0.632
0.68
0.767
0.772
0.654
0.596
0.619
0.614
0.668
0.78
0.726
0.767
0.717
0.729
0.779
0.587
0.527
0.647
0.735
0.845
0.885
0.843
0.862
0.935
0.858
0.784
0.769
0.863
0.771
0.731
0.717
0.603
0.574
0.759
0.833
0.781
0.711
0.675
0.631
0.695
0.787
0.839
0.771
0.781
0.606
0.529
0.618
0.738
0.761
0.771
0.695
0.747
0.735
0.676
0.583
0.576
0.668
0.75
0.765
0.711
0.779
0.81
0.845
0.737
0.659
0.78
0.79
0.751
0.75
0.688
0.699
0.723
0.781
0.793
0.792
0.697
0.657
0.655
0.753
0.808
0.796
0.842
0.828
0.82
0.835
0.773
0.741
0.807
0.788
0.803
0.8
0.831
0.733
0.727
0.774
0.779
0.842
0.857
0.83
0.83
0.823
0.83
0.835
0.868
0.835
0.749
0.81
0.849
0.845
0.806
0.836
0.838
0.749
0.716
0.822
0.805
0.757
0.755
0.801
0.853
0.856
0.743
0.728
0.788
0.786
0.784
0.786
0.825
0.928
0.956
0.902
0.87
0.837
0.858
0.889
0.762
0.728
0.751
0.717
0.721
0.723
0.841
0.853
0.829
0.781
0.778
0.774
0.767
0.708
0.768
0.791
0.794
0.692
0.837
0.848
0.817
0.71
0.6
0.605
0.774
0.691
0.789
0.745
0.693
0.783
0.804
0.82
0.657
0.683
0.693
0.645
0.734
0.788
0.686
0.581
0.635
0.595
0.613
0.958
0.877
0.936
0.84
0.71
0.85
0.824
0.8
0.738
0.633
0.896
0.836
0.652
0.746
0.825
0.756
0.65
0.748
0.707
0.696
0.68
0.844
0.924
0.831
0.84
0.963
0.832
0.825
0.794
0.863
0.985
0.873
0.817
0.9
0.769
0.685
0.735
0.786
0.651
0.696
0.788
0.793
0.712
0.853
0.91
0.959
0.767
0.732
0.634
0.78
0.795
0.848
0.58
0.401
0.517
0.652
0.771
0.884
0.856
0.847
0.819
0.933
0.855
0.781
0.77
0.874
0.986
0.92
0.904
0.914
0.961
0.859
0.795
0.829
0.849
0.928
0.892
0.835
0.817
0.872
0.987
0.958
0.89
0.869
0.834
0.682
0.792
0.905
0.984
0.939
0.954
0.847
0.701
0.719
0.844
0.78
0.89
0.969
0.914
0.95
0.842
0.861
0.929
0.905
0.85
0.897
0.857
0.914
0.915
0.736
0.674
0.724
0.798
0.864
0.884
0.888
0.887
0.893
0.907
0.935
0.881
0.906
0.898
0.956
0.898
0.964
0.9
0.956
0.954
0.86
0.899
0.967
0.965
0.927
0.875
0.92
0.838
0.815
0.809
0.808
0.585
0.822
0.85
0.813
0.826
0.729
0.649
0.789
0.861
0.838
0.733
0.78
0.697
0.822
0.869
0.871
0.878
0.964
0.932
0.823
0.76
0.778
0.823
0.611
0.606
0.72
0.86
0.736
0.73
0.943
0.767
0.724
0.751
0.844
0.833
0.706
0.841
0.951
0.793
0.683
0.792
0.729
0.764
0.756
0.835
0.688
0.496
0.55
0.701
0.805
0.88
0.892
0.919
0.828
0.724
0.735
0.811
0.834
0.75
0.758
0.772
0.63
0.607
0.685
0.67
0.704
0.633
0.803
0.726
0.587
0.69
0.79
0.835
0.68
0.61
0.761
0.773
0.708
0.62
0.596
0.695
0.687
0.725
0.7
0.652
0.635
0.563
0.594
0.68
0.716
0.769
0.856
0.712
0.668
0.744
0.754
0.563
0.532
0.603
0.624
0.605
0.624
0.524
0.633
0.613
0.705
0.678
0.632
0.673
0.595
0.663
0.729
0.704
0.705
0.797
0.731
0.605
0.606
0.639
0.589
0.708
0.78
0.687
0.619
0.666
0.72
0.733
0.782
0.684
0.728
0.628
0.728
0.621
0.693
0.791
0.82
0.777
0.649
0.608
0.603
0.707
0.708
0.763
0.801
0.769
0.811
0.768
0.627
0.66
0.694
0.703
0.695
0.854
0.825
0.821
0.801
0.767
0.834
0.719
0.687
0.702
0.562
0.638
0.737
0.675
0.625
0.804
0.978
0.937
0.883
0.788
0.782
0.843
0.836
0.77
0.738
0.721
0.839
0.813
0.751
0.713
0.7
0.759
0.677
0.677
0.717
0.844
0.895
0.852
0.861
0.793
0.694
0.75
0.764
0.642
0.676
0.693
0.723
0.776
0.721
0.698
0.627
0.683
0.676
0.796
0.82
0.709
0.641
0.623
0.666
0.789
0.743
0.648
0.695
0.713
0.712
0.646
0.642
0.766
0.889
0.766
0.643
0.641
0.631
0.763
0.765
0.775
0.745
0.592
0.488
0.548
0.968
0.79
0.769
0.825
0.925
0.702
0.571
0.608
0.657
0.682
0.589
0.573
0.611
0.658
0.649
0.756
0.598
0.646
0.724
0.821
0.865
0.83
0.812
0.669
0.676
0.676
0.843
0.791
0.882
0.896
0.929
0.779
0.815
0.868
0.936
0.863
0.845
0.776
0.822
0.899
0.926
0.904
0.802
0.91
0.904
0.966
0.956
0.958
0.971
0.97
0.941
0.95
0.92
0.911
0.965
0.935
0.995
0.959
0.98
0.95
0.896
0.942
0.747
0.87
0.82
0.898
0.946
0.899
0.888
0.891
0.914
0.903
0.894
0.893
0.906
0.923
0.948
0.918
0.923
0.787
0.931
0.812
0.843
0.851
0.901
0.919
0.92
0.87
0.8
0.662
0.794
0.894
0.886
0.865
0.843
0.906
0.938
0.92
0.847
0.837
0.658
0.915
0.935
0.957
0.932
1.002
1.008
0.928
0.902
0.851
0.828
0.668
0.899
0.924
0.94
0.919
0.899
0.954
0.916
0.5
0.506
0.716
0.93
0.916
0.908
0.927
0.977
0.852
0.76
0.927
0.9
0.853
0.914
0.98
0.949
0.938
0.915
0.915
0.855
0.928
0.928
0.887
0.84
0.868
0.822
0.831
0.781
0.853
0.987
0.784
0.835
0.891
0.848
0.766
0.665
0.766
0.767
0.878
0.692
0.743
0.926
0.897
0.697
0.669
0.935
0.794
0.725
0.758
0.767
0.784
0.868
0.872
0.88
0.886
0.774
0.589
0.604
0.681
0.676
0.688
0.877
0.796
0.735
0.699
0.623
0.693
0.736
0.645
0.759
0.751
0.66
0.745
0.804
0.822
0.746
0.614
0.585
0.738
0.965
0.864
0.772
0.834
0.91
0.773
0.872
0.838
0.799
0.727
0.769
0.722
0.686
0.754
0.779
0.709
0.73
0.621
0.766
0.861
0.741
0.585
0.615
0.776
0.737
0.62
0.724
0.85
0.819
0.774
0.78
0.772
0.751
0.816
0.688
0.711
0.76
0.762
0.643
0.742
0.766
0.749
0.751
0.653
0.685
0.725
0.715
0.749
0.736
0.823
0.799
0.832
0.778
0.815
0.718
0.736
0.867
0.825
0.794
0.794
0.792
0.82
0.811
0.77
0.795
0.792
0.816
0.776
0.692
0.775
0.803
0.746
0.763
0.836
0.823
0.802
0.816
0.739
0.758
0.848
0.754
0.746
0.758
0.814
0.828
0.839
0.839
0.779
0.79
0.843
0.841
0.806
0.809
0.754
0.814
0.833
0.744
0.768
0.785
0.757
0.727
0.788
0.785
0.815
0.786
0.769
0.77
0.721
0.772
0.824
0.774
0.839
0.907
0.843
0.761
0.597
0.604
0.692
0.627
0.63
0.795
0.745
0.702
0.671
0.738
0.603
0.637
0.821
0.885
0.84
0.855
0.77
0.706
0.764
0.711
0.649
0.659
0.744
0.697
0.656
0.603
0.708
0.817
0.792
0.75
0.787
0.792
0.743
0.688
0.61
0.58
0.695
0.646
0.809
0.669
0.496
0.569
0.531
0.484
0.676
0.76
0.804
0.697
0.631
0.575
0.501
0.711
0.673
0.649
0.749
0.847
0.706
0.697
0.745
0.694
0.591
0.587
0.735
0.779
0.739
0.613
0.53
0.58
0.797
0.716
0.806
0.804
0.751
0.737
0.849
0.909
1.003
0.798
0.823
0.792
0.771
0.868
0.815
0.692
0.753
0.882
0.919
0.88
0.841
0.844
0.833
0.925
0.947
0.849
0.744
0.837
0.568
0.622
0.809
0.865
0.858
0.938
0.829
0.836
0.787
0.786
0.895
0.675
0.885
0.904
0.987
0.959
0.864
0.824
0.878
0.967
0.891
0.885
1.031
0.947
0.773
0.792
0.85
0.79
0.801
0.919
0.906
0.757
0.699
0.966
0.899
0.924
0.961
0.948
0.948
0.95
0.902
0.908
0.865
0.962
0.912
0.952
0.934
0.96
0.996
1.01
0.859
0.853
0.89
0.911
0.94
0.968
0.702
0.832
0.905
0.733
0.819
0.874
0.774
0.935
0.914
0.902
0.847
0.934
0.985
0.85
0.799
0.898
0.86
0.769
0.537
0.847
0.865
0.728
0.827
0.856
0.818
0.781
0.777
0.889
0.963
0.709
0.771
0.627
0.502
0.359
0.613
0.85
0.863
0.963
0.844
0.874
0.899
0.466
0.682
0.653
0.595
0.665
0.677
0.763
0.767
0.634
0.572
0.559
0.65
0.549
0.801
0.836
0.667
0.769
0.875
0.767
0.707
0.646
0.557
0.881
0.74
0.734
0.877
0.813
0.664
0.577
0.705
0.757
0.636
0.697
0.951
0.913
0.668
0.52
0.52
0.672
0.948
0.796
0.765
0.686
0.69
0.682
0.625
0.613
0.775
0.869
0.842
0.808
0.734
0.579
0.562
0.673
0.745
0.849
0.762
0.806
0.778
0.659
0.537
0.716
0.757
0.621
0.809
0.649
0.528
0.505
0.504
0.578
0.6
0.714
0.681
0.743
0.806
0.877
0.912
0.817
0.654
0.638
0.723
0.87
0.857
0.707
0.664
0.566
0.628
0.764
0.806
0.836
0.917
0.847
0.667
0.656
0.647
0.633
0.833
0.82
0.784
0.783
0.778
0.73
0.697
0.64
0.64
0.778
0.702
0.661
0.709
0.845
0.858
0.902
0.869
0.829
0.806
0.697
0.693
0.713
0.717
0.672
0.811
0.749
0.689
0.679
0.678
0.791
0.757
0.817
0.787
0.729
0.759
0.855
0.88
0.807
0.844
0.819
0.776
0.769
0.877
0.778
0.833
0.747
0.804
0.711
0.803
0.8
0.682
0.603
0.768
0.793
0.819
0.8
0.753
0.692
0.653
0.589
0.608
0.661
0.817
0.784
0.835
0.704
0.758
0.763
0.67
0.566
0.657
0.728
0.856
0.823
0.758
0.703
0.657
0.631
0.624
0.617
0.562
0.569
0.795
0.925
0.873
0.774
0.724
0.736
0.651
0.677
0.697
0.728
0.728
0.599
0.639
0.714
0.908
0.843
0.833
0.744
0.687
0.855
0.808
0.677
0.7
0.7
0.561
0.827
0.697
0.749
0.679
0.745
0.744
0.761
0.961
0.799
0.676
0.711
0.753
0.807
0.899
0.903
0.766
0.653
0.62
0.683
0.651
0.71
0.941
0.925
0.754
0.641
0.721
0.853
0.773
0.831
0.867
0.64
0.686
0.746
0.636
0.66
0.652
0.639
0.765
0.711
0.795
0.745
0.757
0.725
0.747
0.795
0.779
0.736
0.813
0.879
0.795
0.818
0.813
0.835
0.859
0.819
0.778
0.809
0.744
0.802
0.825
0.674
0.822
0.904
0.669
0.568
0.546
0.781
0.814
0.901
0.598
0.581
0.536
0.84
0.961
0.925
0.67
0.741
0.736
0.932
0.905
0.928
0.929
0.901
0.922
0.916
0.86
0.789
0.909
0.776
0.901
0.967
0.912
0.805
0.782
0.887
0.938
0.954
0.923
0.932
0.881
0.934
0.933
0.944
0.958
0.965
0.951
0.967
0.983
0.98
0.972
0.943
0.929
0.964
0.931
0.944
0.937
0.771
0.762
0.805
0.625
0.769
0.85
0.896
0.919
0.945
0.89
0.881
0.917
0.933
0.878
0.953
0.94
0.931
0.974
0.957
0.956
0.978
0.951
0.966
0.967
0.987
0.974
0.894
0.965
0.979
0.955
0.919
0.907
0.959
0.978
0.961
0.94
0.945
0.919
0.902
0.847
0.78
0.761
0.775
0.859
0.798
0.872
0.972
0.961
0.924
0.729
0.526
0.521
0.68
0.706
0.822
0.902
0.852
0.64
0.727
0.671
0.733
0.864
0.876
0.728
0.629
0.677
0.63
0.629
0.62
0.588
0.641
0.643
0.843
0.742
0.621
0.624
0.515
0.691
0.64
0.544
0.667
0.618
0.691
0.677
0.558
0.504
0.546
0.615
0.737
0.827
0.935
0.74
0.609
0.526
0.674
0.755
0.826
0.742
0.614
0.594
0.681
0.678
0.838
0.676
0.525
0.813
0.906
0.869
0.757
0.675
0.682
0.881
0.951
0.851
0.632
0.681
0.789
0.735
0.735
0.731
0.692
0.676
0.739
0.705
0.604
0.672
0.763
0.684
0.762
0.755
0.805
0.831
0.724
0.607
0.866
0.716
0.692
0.771
0.806
0.83
0.876
0.769
0.774
0.762
0.764
0.748
0.694
0.743
0.773
0.768
0.716
0.658
0.8
0.828
0.775
0.664
0.627
0.561
0.579
0.703
0.747
0.707
0.696
0.663
0.811
0.718
0.649
0.78
0.814
0.801
0.772
0.769
0.745
0.817
0.805
0.783
0.805
0.737
0.801
0.795
0.846
0.713
0.648
0.815
0.837
0.667
0.729
0.789
0.78
0.794
0.835
0.83
0.789
0.72
0.673
0.683
0.704
0.788
0.8
0.78
0.76
0.77
0.724
0.6
0.617
0.541
0.594
0.722
0.789
0.809
0.816
0.762
0.675
0.558
0.483
0.555
0.528
0.461
0.476
0.475
0.512
0.556
0.468
0.376
0.409
0.495
0.569
0.594
0.667
0.739
0.469
0.506
0.513
0.663
0.808
0.574
0.694
0.717
0.536
0.564
0.584
0.49
0.605
0.663
0.875
0.967
0.796
0.685
0.718
0.733
0.877
0.811
0.739
0.667
0.593
0.536
0.443
0.574
0.515
0.645
0.643
0.703
0.584
0.625
0.546
0.586
0.588
0.49
0.542
0.532
0.431
0.467
0.688
0.785
0.602
0.531
0.651
0.491
0.596
0.657
0.672
0.6
0.595
0.706
0.676
0.505
0.473
0.527
0.675
0.672
0.532
0.541
0.707
0.566
0.656
0.805
0.794
0.681
0.8
0.814
0.753
0.803
0.724
0.821
0.751
0.844
0.881
0.825
0.966
0.836
0.705
0.817
0.807
0.807
0.829
0.8
0.888
0.894
0.895
0.903
0.92
0.86
0.841
0.902
0.931
0.937
0.928
0.953
0.962
0.936
0.936
0.936
0.902
0.931
0.927
0.908
0.952
0.961
0.971
0.932
0.964
0.624
0.672
0.712
0.594
0.828
0.819
0.891
0.924
0.844
0.931
0.908
0.891
0.888
0.938
0.842
0.893
0.986
0.952
0.882
0.83
0.86
0.796
0.925
0.968
0.972
0.948
0.945
0.959
0.947
0.907
0.948
0.951
0.919
0.934
0.943
1.001
0.987
0.904
0.872
0.905
0.936
0.9
0.921
0.891
0.892
0.858
0.88
0.803
0.681
0.63
0.935
0.897
0.931
0.925
0.936
0.944
0.916
0.908
0.801
0.815
0.732
0.812
0.901
0.836
0.843
0.778
0.928
0.96
0.832
0.824
0.831
0.817
0.896
0.874
0.786
0.773
0.781
0.703
0.804
0.877
0.927
0.794
0.618
0.555
0.576
0.61
0.568
0.673
0.824
0.683
0.755
0.752
0.917
0.77
0.665
0.803
0.918
0.876
0.841
0.801
0.797
0.65
0.556
0.762
0.797
0.716
0.811
0.942
0.925
0.78
0.833
0.844
0.864
0.94
0.802
0.787
0.784
0.77
0.647
0.778
0.846
0.924
0.8
0.631
0.694
0.68
0.783
0.696
0.723
0.795
0.791
0.776
0.79
0.925
0.94
0.955
0.895
0.805
0.858
0.723
0.694
0.761
0.766
0.827
0.792
0.917
0.828
0.84
0.742
0.721
0.694
0.679
0.667
0.703
0.748
0.663
0.708
0.696
0.749
0.801
0.789
0.815
0.748
0.714
0.742
0.761
0.768
0.771
0.764
0.827
0.815
0.783
0.814
0.871
0.809
0.713
0.753
0.785
0.777
0.657
0.64
0.751
0.792
0.72
0.692
0.648
0.706
0.723
0.658
0.709
0.795
0.801
0.788
0.747
0.729
0.782
0.83
0.825
0.856
0.801
0.782
0.779
0.784
0.809
0.802
0.765
0.77
0.795
0.81
0.746
0.681
0.742
0.847
0.85
0.86
0.84
0.807
0.843
0.86
0.838
0.813
0.736
0.64
0.75
0.826
0.842
0.766
0.672
0.726
0.719
0.688
0.786
0.74
0.624
0.76
0.795
0.806
0.797
0.814
0.705
0.615
0.696
0.701
0.608
0.564
0.731
0.834
0.866
0.943
0.916
0.859
0.817
0.764
0.747
0.702
0.809
0.77
0.65
0.762
0.753
0.81
0.848
0.881
0.78
0.917
0.847
0.854
0.863
0.792
0.801
0.855
0.911
0.902
0.772
0.791
0.761
0.693
0.735
0.726
0.713
0.636
0.608
0.6
0.809
0.865
0.775
0.654
0.699
0.643
0.7
0.964
0.981
0.848
0.716
0.669
0.73
0.653
0.763
0.916
0.768
0.665
0.68
0.748
0.736
0.602
0.668
0.818
0.669
0.627
0.815
0.78
0.824
0.737
0.691
0.637
0.706
0.886
0.876
0.834
0.625
0.511
0.627
0.833
0.856
0.927
0.873
0.837
0.795
0.789
0.899
0.95
0.971
0.866
0.883
0.903
0.852
0.85
0.991
0.938
0.879
0.839
0.888
0.786
0.739
0.75
0.835
0.963
0.957
0.772
0.877
0.906
0.877
0.939
0.956
0.933
0.877
0.823
0.835
0.858
0.924
0.87
0.888
0.946
0.925
0.945
0.662
0.546
0.625
0.91
0.874
0.88
0.848
0.767
0.845
0.876
0.98
0.786
0.717
0.59
0.815
0.975
0.65
0.75
0.733
0.918
0.979
0.916
0.836
0.856
0.942
0.946
0.872
0.822
0.866
0.816
0.889
0.856
0.799
0.909
0.912
0.864
0.9
0.845
0.804
0.818
0.809
0.819
0.906
0.935
0.925
0.934
0.878
0.826
0.718
0.827
0.869
0.874
0.828
0.929
0.763
0.716
0.736
0.74
0.914
0.845
0.907
0.862
0.809
0.827
0.649
0.72
0.879
0.696
0.664
0.666
0.836
0.829
0.728
0.828
0.838
0.795
0.786
0.79
0.767
0.699
0.692
0.719
0.811
0.887
0.85
0.642
0.732
0.762
0.86
0.894
0.871
0.808
0.763
0.77
0.758
0.719
0.577
0.546
0.567
0.726
0.743
0.665
0.58
0.766
0.81
0.75
0.682
0.645
0.642
0.692
0.852
0.807
0.654
0.605
0.589
0.861
0.654
0.654
0.665
0.729
0.81
0.842
0.745
0.768
0.873
0.777
0.811
0.832
0.696
0.722
0.535
0.504
0.656
0.739
0.59
0.601
0.614
0.623
0.598
0.551
0.594
0.783
0.731
0.716
0.698
0.727
0.714
0.669
0.676
0.605
0.733
0.885
0.682
0.636
0.699
0.746
0.668
0.545
0.52
0.51
0.53
0.732
0.74
0.676
0.627
0.643
0.665
0.749
0.732
0.673
0.648
0.657
0.729
0.636
0.539
0.652
0.626
0.517
0.59
0.68
0.666
0.657
0.649
0.631
0.652
0.658
0.626
0.602
0.741
0.707
0.593
0.633
0.607
0.63
0.699
0.699
0.576
0.504
0.587
0.7
0.808
0.705
0.534
0.552
0.611
0.55
0.502
0.627
0.728
0.597
0.45
0.451
0.608
0.412
0.372
0.555
0.751
0.648
0.503
0.558
0.682
0.814
0.877
0.733
0.627
0.758
0.684
0.609
0.712
0.626
0.526
0.561
0.529
0.446
0.401
0.389
0.429
0.434
0.701
0.743
0.688
0.568
0.494
0.647
0.821
0.793
0.869
0.807
0.707
0.689
0.814
0.734
0.637
0.599
0.636
0.653
0.783
0.623
0.536
0.582
0.856
0.617
0.558
0.581
0.814
0.744
0.643
0.677
0.871
0.881
0.84
0.694
0.703
0.739
0.933
0.842
0.695
0.869
0.801
0.773
0.676
0.696
0.719
0.619
0.675
0.702
0.815
0.816
0.73
0.646
0.653
0.672
0.835
0.718
0.712
0.742
0.736
0.677
0.824
0.86
0.831
0.792
0.871
0.915
0.791
0.744
0.747
0.742
0.702
0.719
0.757
0.793
0.719
0.717
0.588
0.764
0.673
0.638
0.787
0.746
0.74
0.719
0.663
0.668
0.677
0.711
0.76
0.68
0.618
0.76
0.678
0.641
0.679
0.717
0.8
0.87
0.917
0.916
0.821
0.773
0.912
0.966
0.95
0.921
0.737
0.715
0.698
0.72
0.742
0.861
0.901
0.859
0.804
0.848
0.861
0.763
0.827
0.932
0.96
0.949
0.949
0.962
0.976
0.939
0.914
0.935
0.916
0.947
0.918
0.971
0.955
0.94
0.922
0.897
0.87
0.89
0.953
0.959
0.832
0.671
0.655
0.724
0.567
0.662
0.714
0.444
0.372
0.742
0.692
0.678
0.785
0.848
0.957
0.929
0.83
0.845
0.519
0.71
0.854
0.88
0.962
0.934
0.918
0.947
0.921
0.842
0.864
0.778
0.757
0.809
0.807
0.48
0.612
0.535
0.806
0.474
0.586
0.927
0.95
0.812
0.782
0.925
0.965
0.944
0.884
0.81
0.715
0.772
0.678
0.919
0.909
0.847
0.779
0.775
0.87
0.87
0.742
0.68
0.672
0.942
0.712
0.876
0.823
0.665
0.564
0.728
0.717
0.775
0.887
0.868
0.812
0.719
0.66
0.55
0.71
0.719
0.571
0.605
0.434
0.601
0.59
0.645
0.729
0.764
0.837
0.982
0.929
0.852
0.781
0.813
0.869
0.845
0.827
0.835
0.689
0.654
0.637
0.595
0.899
0.748
0.581
0.526
0.817
0.861
0.777
0.72
0.681
0.649
0.596
0.636
0.646
0.755
0.762
0.613
0.7
0.813
0.707
0.647
0.611
0.69
0.608
0.62
0.75
0.775
0.748
0.718
0.722
0.767
0.776
0.694
0.603
0.739
0.803
0.734
0.69
0.709
0.767
0.756
0.785
0.681
0.702
0.851
0.851
0.746
0.674
0.855
0.783
0.723
0.801
0.757
0.682
0.752
0.744
0.707
0.75
0.657
0.61
0.685
0.712
0.696
0.735
0.768
0.79
0.792
0.792
0.82
0.887
0.898
0.827
0.773
0.849
0.841
0.836
0.798
0.827
0.832
0.844
0.831
0.834
0.828
0.803
0.777
0.76
0.769
0.794
0.84
0.825
0.817
0.821
0.854
0.819
0.703
0.851
0.828
0.799
0.713
0.777
0.815
0.782
0.818
0.761
0.674
0.758
0.869
0.83
0.815
0.682
0.787
0.733
0.75
0.737
0.631
0.593
0.662
0.706
0.694
0.591
0.656
0.725
0.71
0.615
0.577
0.533
0.592
0.663
0.697
0.597
0.562
0.607
0.608
0.638
0.467
0.484
0.47
0.423
0.587
0.653
0.505
0.497
0.565
0.65
0.537
0.445
0.668
0.585
0.606
0.659
0.652
0.783
0.732
0.786
0.734
0.709
0.707
0.703
0.679
0.755
0.824
0.708
0.648
0.667
0.795
0.804
0.805
0.822
0.633
0.622
0.58
0.68
0.756
0.742
0.728
0.742
0.723
0.779
0.682
0.797
0.631
0.601
0.648
0.658
0.633
0.67
0.592
0.679
0.637
0.718
0.753
0.905
0.818
0.824
0.75
0.586
0.673
0.729
0.82
0.599
0.578
0.677
0.659
0.667
0.7
0.513
0.532
0.825
0.894
0.738
0.605
0.629
0.672
0.928
0.768
0.455
0.558
0.716
0.746
0.675
0.784
0.79
0.822
0.858
0.87
0.904
0.886
0.811
0.827
0.892
0.946
0.863
0.906
0.859
0.932
0.976
0.977
0.933
0.973
0.948
0.946
0.969
1.007
0.913
0.864
0.583
0.799
0.903
0.835
0.79
0.841
0.761
0.753
0.907
0.953
0.809
0.885
0.914
1.067
0.745
0.928
0.965
0.972
0.945
0.936
0.894
0.922
0.78
0.699
0.953
0.885
0.947
0.965
0.903
0.838
0.861
0.839
0.855
0.768
0.916
0.761
0.721
0.838
0.729
0.916
0.97
0.914
0.922
0.944
0.922
0.882
0.896
0.945
0.86
0.826
0.776
0.93
0.914
0.867
0.922
0.908
0.919
0.879
0.882
0.863
0.751
0.801
0.757
0.781
0.665
0.602
0.608
0.539
0.902
0.856
0.883
0.863
0.822
0.744
0.828
0.831
0.787
0.859
0.97
0.878
0.802
0.847
0.686
0.599
0.738
0.936
0.858
0.77
0.765
0.688
0.411
0.576
0.489
0.524
0.816
0.906
0.794
0.569
0.635
0.689
0.859
0.942
0.766
0.576
0.755
0.83
0.729
0.624
0.739
0.582
0.696
0.707
0.909
0.568
0.582
0.624
0.686
0.56
0.485
0.656
0.684
0.493
0.743
0.651
0.684
0.743
0.803
0.866
0.784
0.811
0.735
0.622
0.633
0.683
0.672
0.672
0.673
0.724
0.581
0.68
0.708
0.762
0.816
0.769
0.682
0.542
0.476
0.6
0.716
0.671
0.672
0.638
0.515
0.55
0.67
0.766
0.783
0.694
0.607
0.598
0.71
0.72
0.763
0.767
0.601
0.538
0.71
0.774
0.75
0.798
0.779
0.708
0.664
0.632
0.687
0.637
0.694
0.783
0.785
0.792
0.708
0.717
0.748
0.776
0.731
0.711
0.695
0.765
0.769
0.744
0.699
0.782
0.689
0.551
0.636
0.746
0.765
0.698
0.718
0.7
0.598
0.75
0.691
0.693
0.689
0.615
0.495
0.806
0.779
0.707
0.631
0.619
0.646
0.508
0.453
0.708
0.759
0.677
0.708
0.52
0.422
0.586
0.559
0.517
0.551
0.651
0.52
0.424
0.478
0.539
0.798
0.829
0.73
0.633
0.546
0.531
0.752
0.71
0.612
0.598
0.593
0.692
0.666
0.636
0.584
0.516
0.548
0.61
0.491
0.468
0.72
0.673
0.646
0.501
0.44
0.507
0.679
0.504
0.482
0.516
0.592
0.766
0.701
0.716
0.556
0.554
0.728
0.495
0.539
0.561
0.52
0.605
0.627
0.517
0.507
0.45
0.529
0.566
0.533
0.468
0.619
0.603
0.508
0.647
0.773
0.574
0.605
0.796
0.687
0.607
0.684
0.638
0.608
0.755
0.805
0.901
0.855
0.727
0.775
0.653
0.726
0.869
0.773
0.752
0.619
0.609
0.582
0.533
0.633
0.61
0.673
0.713
0.792
0.646
0.441
0.612
0.722
0.81
0.82
0.707
0.697
0.567
0.655
0.782
0.674
0.606
0.559
0.662
0.93
0.768
0.859
0.817
0.818
0.958
0.87
0.932
0.7
0.695
0.791
0.736
0.62
0.898
0.879
0.642
0.822
0.698
0.849
0.917
0.843
0.584
0.888
0.854
0.715
0.836
0.878
0.928
0.863
0.938
0.833
0.746
0.838
0.806
0.752
0.748
0.932
0.987
0.855
0.845
0.892
0.909
0.701
0.596
0.473
0.437
0.57
0.88
0.973
0.685
0.799
0.806
0.837
0.825
0.802
0.897
0.962
0.932
0.911
0.965
0.949
0.969
0.956
0.938
0.958
0.973
0.943
0.937
0.922
0.963
0.919
0.931
0.936
0.919
0.882
0.877
0.939
0.959
0.95
0.956
0.842
0.927
0.935
0.91
0.969
0.936
0.996
0.907
0.836
0.876
0.726
0.882
0.923
0.877
0.814
0.757
0.947
0.943
0.822
0.896
0.877
0.893
0.801
0.741
0.955
0.909
0.942
0.959
0.782
0.859
0.98
0.99
0.93
0.901
0.89
0.752
0.823
0.921
0.801
0.774
0.801
0.582
0.561
0.698
0.7
0.638
0.544
0.68
0.834
0.895
0.73
0.592
0.505
0.705
0.727
0.682
0.747
0.924
0.732
0.618
0.704
0.953
0.921
0.878
0.816
0.729
0.599
0.68
0.627
0.498
0.73
0.749
0.529
0.696
0.886
0.608
0.728
0.673
0.627
0.681
0.709
0.789
0.734
0.626
0.799
0.741
0.581
0.533
0.632
0.761
0.805
0.668
0.621
0.62
0.638
0.659
0.758
0.717
0.647
0.711
0.794
0.777
0.728
0.74
0.756
0.643
0.597
0.512
0.539
0.68
0.721
0.714
0.733
0.745
0.738
0.94
0.846
0.81
0.772
0.725
0.682
0.791
0.748
0.746
0.729
0.655
0.705
0.696
0.792
0.761
0.778
0.829
0.85
0.836
0.813
0.799
0.799
0.73
0.773
0.724
0.745
0.775
0.897
0.881
0.803
0.788
0.822
0.828
0.788
0.746
0.668
0.743
0.812
0.907
0.933
0.858
0.768
0.816
0.84
0.848
0.863
0.76
0.852
0.836
0.829
0.815
0.828
0.773
0.672
0.71
0.752
0.808
0.718
0.753
0.786
0.802
0.759
0.776
0.803
0.836
0.805
0.808
0.787
0.807
0.827
0.814
0.837
0.854
0.839
0.808
0.83
0.824
0.776
0.819
0.814
0.828
0.833
0.73
0.648
0.75
0.827
0.831
0.876
0.821
0.738
0.733
0.812
0.795
0.795
0.811
0.781
0.788
0.783
0.738
0.711
0.715
0.776
0.7
0.727
0.815
0.774
0.702
0.665
0.627
0.635
0.743
0.829
0.748
0.695
0.715
0.691
0.714
0.658
0.653
0.698
0.811
0.836
0.805
0.735
0.748
0.821
0.823
0.76
0.768
0.718
0.648
0.745
0.707
0.574
0.607
0.74
0.705
0.571
0.644
0.603
0.634
0.473
0.446
0.487
0.617
0.687
0.711
0.736
0.607
0.656
0.949
0.755
0.792
0.732
0.762
0.625
0.597
0.702
0.772
0.756
0.676
0.615
0.577
0.838
0.771
0.841
0.627
0.637
0.628
0.645
0.625
0.616
0.825
0.504
0.54
0.765
0.609
0.818
0.702
0.657
0.856
0.95
0.831
0.851
0.918
0.852
0.772
0.775
0.758
0.716
0.79
0.84
0.906
0.85
0.78
0.862
0.86
0.784
0.853
0.819
0.821
0.685
0.522
0.577
0.801
0.915
0.966
0.808
0.691
0.853
1
0.916
0.893
0.905
0.866
0.747
0.708
0.822
0.639
0.553
0.515
0.52
0.768
0.956
0.977
0.82
0.875
0.856
0.976
0.955
0.932
0.724
0.563
0.551
0.787
0.895
0.899
0.78
0.866
0.787
0.893
0.757
0.755
0.833
0.737
0.928
0.9
0.768
0.884
0.816
0.643
0.652
0.679
0.837
0.916
0.741
0.652
0.737
0.646
0.722
0.922
0.93
0.863
0.812
0.779
0.691
0.828
0.791
0.732
0.964
0.944
0.827
0.827
0.807
0.766
0.846
0.713
0.602
0.886
0.899
0.859
0.786
0.775
0.782
0.966
0.874
0.723
0.83
0.884
0.852
0.748
0.587
0.652
0.771
0.649
0.693
0.662
0.742
0.836
0.847
0.757
0.761
0.885
0.739
0.607
0.865
0.82
0.745
0.603
0.823
0.58
0.637
0.881
0.763
0.806
0.733
0.941
0.724
0.641
0.695
0.667
0.578
0.543
0.504
0.583
0.6
0.69
0.778
0.772
0.633
0.637
0.77
0.809
0.848
0.895
0.877
0.888
0.923
0.818
0.694
0.806
0.712
0.664
0.683
0.707
0.913
0.859
0.792
0.777
0.839
0.73
0.632
0.741
0.728
0.594
0.584
0.811
0.673
0.621
0.545
0.603
0.742
0.725
0.673
0.705
0.676
0.601
0.637
0.669
0.631
0.674
0.799
0.686
0.713
0.669
0.598
0.63
0.692
0.676
0.635
0.616
0.737
0.773
0.729
0.58
0.553
0.717
0.698
0.654
0.837
0.719
0.594
0.684
0.693
0.754
0.706
0.574
0.688
0.696
0.611
0.822
0.805
0.764
0.768
0.74
0.762
0.733
0.663
0.726
0.757
0.754
0.738
0.791
0.702
0.732
0.697
0.621
0.66
0.758
0.724
0.708
0.703
0.651
0.583
0.602
0.633
0.712
0.682
0.646
0.606
0.551
0.569
0.576
0.563
0.471
0.471
0.554
0.611
0.711
0.731
0.775
0.874
0.875
0.883
0.852
0.794
0.771
0.777
0.809
0.739
0.623
0.687
0.8
0.723
0.678
0.755
0.703
0.58
0.645
0.744
0.695
0.615
0.547
0.52
0.62
0.602
0.638
0.704
0.765
0.747
0.566
0.58
0.817
0.724
0.673
0.814
0.79
0.718
0.592
0.565
0.59
0.649
0.725
0.627
0.694
0.54
0.799
0.872
0.916
0.832
0.757
0.733
0.679
0.645
0.68
0.633
0.674
0.693
0.661
0.607
0.597
0.733
0.59
0.663
0.755
0.721
0.717
0.702
0.869
0.878
0.741
0.703
0.76
0.697
0.735
0.836
0.793
0.763
0.891
0.775
0.735
0.657
0.744
0.732
0.672
0.704
0.615
0.746
0.817
0.684
0.726
0.715
0.656
0.683
0.693
0.778
0.713
0.664
0.796
0.672
0.721
0.713
0.615
0.84
0.845
0.789
0.741
0.728
0.884
0.852
0.732
0.755
0.78
0.746
0.807
0.874
0.805
0.607
0.739
0.645
0.888
0.925
0.867
0.886
0.845
0.884
0.97
0.954
0.91
0.894
0.851
0.848
0.846
0.893
0.94
1.028
0.91
0.767
0.881
0.784
0.655
0.845
0.928
0.992
0.872
0.684
0.69
0.636
0.683
0.832
0.905
0.909
0.992
0.722
0.647
0.69
0.746
0.979
0.936
0.87
0.944
0.883
0.88
1.002
0.938
0.891
0.862
0.816
0.753
0.791
0.683
0.881
0.84
0.643
0.574
0.498
0.501
0.816
0.952
0.914
0.767
0.697
0.81
0.896
0.671
0.636
0.779
0.652
0.647
0.735
0.778
0.703
0.744
0.84
0.854
0.787
0.822
0.504
0.612
0.825
0.859
0.713
0.561
0.45
0.541
0.788
0.892
0.563
0.583
0.575
0.373
0.433
0.512
0.84
0.597
0.573
0.581
0.923
0.837
0.816
0.78
0.561
0.471
0.779
0.823
0.927
0.852
0.87
0.782
0.823
0.918
0.81
0.624
0.755
0.9
0.802
0.953
0.764
0.637
0.558
0.658
0.714
0.738
0.68
0.647
0.621
0.689
0.633
0.528
0.687
0.737
0.775
0.75
0.606
0.583
0.764
0.733
0.692
0.728
0.923
0.844
0.797
0.814
0.747
0.855
1.002
0.809
0.729
0.661
0.6
0.692
0.858
0.814
0.704
0.721
0.659
0.66
0.719
0.675
0.794
0.878
0.823
0.752
0.645
0.798
0.837
0.787
0.846
0.811
0.715
0.651
0.642
0.668
0.596
0.577
0.566
0.743
0.77
0.783
0.655
0.61
0.638
0.692
0.731
0.721
0.686
0.715
0.65
0.618
0.724
0.731
0.705
0.681
0.679
0.898
0.773
0.694
0.678
0.7
0.639
0.774
0.817
0.835
0.725
0.741
0.719
0.749
0.778
0.8
0.8
0.681
0.804
0.867
0.827
0.844
0.826
0.864
0.802
0.785
0.796
0.795
0.783
0.809
0.791
0.836
0.84
0.821
0.764
0.772
0.839
0.802
0.762
0.709
0.714
0.742
0.816
0.826
0.822
0.81
0.814
0.77
0.729
0.742
0.818
0.857
0.803
0.752
0.786
0.811
0.853
0.848
0.829
0.753
0.772
0.817
0.801
0.748
0.672
0.647
0.745
0.858
0.816
0.793
0.828
0.751
0.854
0.777
0.708
0.816
0.785
0.805
0.764
0.727
0.685
0.714
0.695
0.871
0.915
0.792
0.741
0.69
0.712
0.782
0.741
0.688
0.663
0.601
0.59
0.574
0.55
0.597
0.694
0.598
0.666
0.525
0.469
0.544
0.63
0.799
0.89
0.706
0.737
0.873
0.78
0.838
0.861
0.742
0.663
0.819
0.707
0.544
0.592
0.632
0.544
0.605
0.59
0.732
0.836
0.76
0.667
0.687
0.844
0.821
0.771
0.672
0.677
0.887
0.875
0.802
0.891
0.908
0.779
0.774
0.689
0.576
0.508
0.629
0.839
0.766
0.858
0.888
0.786
0.963
0.899
0.656
0.691
0.734
0.682
0.713
0.758
0.747
0.77
0.688
0.702
0.828
0.813
0.779
0.805
0.729
0.778
0.55
0.617
0.527
0.578
0.731
0.719
0.801
0.585
0.895
0.91
0.884
0.878
0.946
0.871
0.813
0.723
0.887
0.923
0.867
0.858
0.772
0.8
0.733
0.849
0.879
0.847
0.86
0.871
0.885
0.831
0.723
0.78
0.837
0.938
0.995
0.982
0.993
1.045
0.771
0.716
0.911
0.892
0.873
0.9
0.929
0.92
0.953
0.986
0.951
0.889
0.765
0.766
0.867
0.859
0.915
0.541
0.634
0.77
0.407
0.463
0.745
0.884
0.89
0.91
0.859
0.933
0.959
0.965
0.817
0.911
0.927
0.989
0.967
0.718
0.821
0.967
0.922
0.972
0.899
0.982
0.975
0.823
0.677
0.59
0.814
0.976
0.808
0.76
0.717
0.685
0.742
0.807
0.579
0.618
0.623
0.681
0.682
0.729
0.648
0.697
0.608
0.61
0.622
0.576
0.684
0.77
0.637
0.675
0.684
0.584
0.628
0.862
0.922
0.971
0.872
0.753
0.797
0.691
0.944
0.933
0.616
0.701
0.563
0.581
0.614
0.73
0.697
0.784
0.759
0.881
0.993
0.897
0.78
0.805
0.799
0.694
0.554
0.576
0.711
0.883
0.895
0.752
0.613
0.815
0.648
0.567
0.65
0.726
0.812
0.777
0.667
0.692
0.741
0.612
0.642
0.75
0.824
0.883
0.894
0.839
0.793
0.796
0.757
0.802
0.811
0.813
0.794
0.835
0.809
0.671
0.562
0.664
0.721
0.609
0.643
0.767
0.836
0.776
0.877
0.829
0.724
0.693
0.733
0.691
0.686
0.764
0.843
0.883
0.803
0.785
0.67
0.568
0.68
0.697
0.708
0.82
0.826
0.827
0.849
0.887
0.799
0.808
0.781
0.813
0.81
0.711
0.76
0.755
0.767
0.707
0.726
0.709
0.792
0.692
0.716
0.748
0.755
0.762
0.673
0.684
0.7
0.709
0.763
0.783
0.751
0.667
0.793
0.833
0.841
0.887
0.808
0.782
0.756
0.786
0.793
0.716
0.71
0.806
0.837
0.779
0.778
0.763
0.751
0.78
0.812
0.815
0.818
0.813
0.732
0.733
0.717
0.766
0.818
0.843
0.868
0.833
0.79
0.788
0.857
0.825
0.757
0.709
0.818
0.869
0.812
0.799
0.808
0.854
0.807
0.761
0.769
0.741
0.717
0.677
0.792
0.808
0.89
0.949
0.938
0.86
0.788
0.852
0.815
0.817
0.779
0.791
0.77
0.755
0.752
0.73
0.771
0.675
0.884
0.856
0.802
0.621
0.695
0.707
0.676
0.718
0.763
0.769
0.813
0.906
0.847
0.825
0.773
0.712
0.758
0.853
0.767
0.771
0.661
0.835
0.634
0.669
0.618
0.619
0.689
0.657
0.632
0.715
0.669
0.613
0.705
0.95
0.937
0.829
0.672
0.836
0.969
0.916
0.796
0.701
0.805
0.82
0.71
0.705
0.837
0.682
0.649
0.685
0.797
0.626
0.838
0.935
0.929
0.893
0.95
0.883
0.763
0.652
0.723
0.896
0.892
0.936
0.766
0.774
0.812
0.913
0.951
0.863
0.843
0.751
0.743
0.745
0.7
0.648
0.735
0.902
0.872
0.871
0.886
0.88
0.911
0.903
0.88
0.856
0.805
0.939
0.995
0.885
0.844
0.757
0.746
0.762
0.826
0.918
0.835
0.762
0.94
0.964
0.896
0.799
0.792
0.828
0.889
0.827
0.916
0.753
0.512
0.734
0.725
0.938
0.925
0.955
0.944
0.931
0.952
0.93
0.907
0.791
0.908
0.952
0.946
0.775
0.821
0.868
0.943
0.878
0.743
0.787
0.878
1.022
0.908
0.93
0.931
1.007
1.039
0.868
0.462
0.563
0.914
0.969
0.736
0.711
0.862
0.676
0.776
0.848
0.632
0.9
0.865
0.738
0.84
0.931
0.564
0.45
0.632
0.632
0.62
0.763
0.735
0.672
0.543
0.554
0.611
0.518
0.684
0.89
0.751
0.661
0.646
0.891
0.883
0.805
0.677
0.712
0.604
0.596
0.847
0.839
0.672
0.637
0.81
0.593
0.513
0.705
0.912
0.974
0.782
0.588
0.606
0.658
0.632
0.822
0.83
0.768
0.76
0.653
0.713
0.76
0.788
0.679
0.862
0.82
0.737
0.794
0.788
0.969
0.956
0.807
0.659
0.748
0.775
0.789
0.902
0.765
0.828
0.827
0.938
0.879
0.823
0.874
0.933
0.789
0.656
0.785
0.84
0.835
0.855
0.809
0.935
0.938
0.743
0.649
0.696
0.81
0.828
0.755
0.824
0.816
0.816
0.774
0.804
0.787
0.791
0.806
0.82
0.83
0.8
0.719
0.706
0.817
0.691
0.668
0.799
0.854
0.803
0.802
0.816
0.885
0.713
0.605
0.836
0.751
0.832
0.911
0.895
0.901
0.819
0.853
0.822
0.73
0.727
0.778
0.771
0.75
0.691
0.72
0.76
0.797
0.736
0.78
0.796
0.783
0.757
0.792
0.853
0.796
0.802
0.798
0.801
0.843
0.773
0.783
0.744
0.828
0.899
0.857
0.844
0.821
0.838
0.891
0.784
0.784
0.709
0.715
0.776
0.786
0.812
0.827
0.822
0.86
0.827
0.774
0.772
0.766
0.814
0.826
0.794
0.796
0.78
0.716
0.802
0.861
0.833
0.834
0.818
0.835
0.836
0.841
0.802
0.837
0.859
0.81
0.81
0.769
0.886
0.922
0.804
0.791
0.806
0.764
0.869
0.871
0.802
0.828
0.824
0.814
0.839
0.83
0.79
0.773
0.762
0.828
0.832
0.809
0.712
0.796
0.853
0.753
0.734
0.797
0.75
0.677
0.756
0.75
0.636
0.665
0.566
0.75
0.864
0.805
0.747
0.786
0.846
0.815
0.755
0.735
0.64
0.569
0.655
0.717
0.781
0.769
0.543
0.655
0.589
0.805
0.792
0.725
0.646
0.663
0.7
0.717
0.542
0.591
0.745
0.871
0.83
0.713
0.78
0.941
0.955
0.761
0.73
0.666
0.649
0.728
0.635
0.732
0.556
0.484
0.694
0.878
0.83
0.814
0.901
0.934
0.9
0.828
0.815
0.885
0.849
0.851
0.852
0.771
0.825
0.847
0.842
0.846
0.785
0.856
0.767
0.798
0.867
0.832
0.821
0.774
0.782
0.734
0.73
0.96
0.858
0.49
0.586
0.739
0.895
0.783
0.801
0.901
0.873
0.839
0.929
0.899
0.916
0.853
0.891
0.878
0.952
0.916
0.883
0.959
0.95
0.863
0.913
0.881
0.975
0.964
0.82
0.799
0.631
0.744
0.554
0.931
0.962
0.944
0.881
0.899
0.859
0.882
0.538
0.892
0.894
0.897
0.931
0.917
0.842
0.903
0.976
0.934
0.95
0.921
0.834
0.823
0.787
0.859
0.847
0.879
0.929
0.709
0.957
0.921
0.886
0.867
0.899
0.921
0.766
0.909
0.703
0.668
0.807
0.857
0.899
0.797
0.637
0.501
0.503
0.618
0.865
0.982
0.925
0.698
0.623
0.749
0.825
0.868
0.938
0.81
0.719
0.862
0.759
0.663
0.709
0.855
0.851
0.799
0.828
0.702
0.74
0.727
0.803
0.796
0.93
0.899
0.686
0.665
0.875
0.779
0.773
0.755
0.9
0.947
0.868
0.784
0.901
0.887
0.74
0.62
0.685
0.871
0.714
0.825
0.803
0.713
0.698
0.692
0.749
0.893
0.593
0.65
0.621
0.721
0.771
0.735
0.707
0.725
0.66
0.828
0.903
0.768
0.88
0.66
0.757
0.843
0.89
0.831
0.699
0.718
0.733
0.749
0.689
0.633
0.729
0.621
0.665
0.85
0.691
0.543
0.786
0.803
0.779
0.785
0.819
0.925
0.798
0.852
0.936
0.81
0.778
0.732
0.691
0.752
0.845
0.802
0.766
0.701
0.575
0.707
0.761
0.713
0.694
0.674
0.693
0.61
0.664
0.758
0.702
0.646
0.744
0.666
0.765
0.689
0.626
0.588
0.665
0.602
0.645
0.708
0.782
0.74
0.669
0.698
0.805
0.804
0.72
0.673
0.719
0.648
0.581
0.682
0.594
0.603
0.652
0.69
0.651
0.715
0.787
0.775
0.775
0.712
0.688
0.783
0.758
0.649
0.763
0.763
0.755
0.806
0.805
0.771
0.735
0.718
0.805
0.791
0.677
0.75
0.783
0.884
0.935
0.815
0.805
0.758
0.642
0.684
0.655
0.762
0.761
0.784
0.732
0.723
0.744
0.739
0.79
0.661
0.653
0.614
0.533
0.497
0.492
0.579
0.62
0.585
0.532
0.574
0.686
0.833
0.744
0.695
0.764
0.783
0.624
0.65
0.542
0.619
0.786
0.822
0.817
0.866
0.85
0.824
0.815
0.764
0.664
0.637
0.684
0.701
0.638
0.561
0.561
0.573
0.61
0.632
0.642
0.667
0.703
0.796
0.759
0.66
0.68
0.709
0.546
0.721
0.761
0.603
0.559
0.583
0.481
0.639
0.767
0.811
0.669
0.486
0.717
0.637
0.406
0.481
0.879
0.902
0.864
0.851
0.809
0.836
0.786
0.838
0.778
0.791
0.869
0.83
0.647
0.752
0.583
0.595
0.678
0.674
0.704
0.669
0.617
0.661
0.736
0.795
0.791
0.755
0.694
0.769
0.6
0.676
0.617
0.514
0.583
0.731
0.866
0.825
0.695
0.882
0.918
0.86
0.809
0.662
0.813
0.821
0.827
0.597
0.799
0.864
0.767
0.776
0.718
0.823
0.816
0.831
0.918
0.852
0.756
0.557
0.789
0.951
0.93
0.889
0.923
0.922
0.871
0.766
0.783
0.731
0.758
0.906
0.896
0.694
0.88
0.862
