1980 1 1
0
0.2363
0.5365
1.0495
1.5408
0.2132
0.284
0
0.002
0
16.4356
0.2607
0
0.4589
0
0
0
0
0
0
0
0
1.0728
1.1916
2.1375
0
0
0
0
0.1214
0.1989
0.0248
0
0
0
0
0.0762
0
0
0.1492
0
0.3142
0.138
0.2985
0
5.381
3.2408
0
0
0.002
9e-04
0.9502
14.2494
0.0812
0.0136
1.0133
2.4545
0.1427
1.0799
0.2516
0
0
0
0.054
6.7163
0.1031
2.4626
19.2812
0.1849
0.06
0.1267
0
1.1501
0.8779
0
0.5832
13.1613
0.9143
0
0.4159
36.3692
0.1317
0
10.4417
0.5164
0
0.2819
3.8253
6.9229
1.8225
9.608
0.052
0.2961
1.9882
11.0671
0.0386
0
0.261
8.2341
6.6286
1.6916
0.6882
6.7171
0.5262
17.814
1.2288
0.8586
0
0
0
0
0.4398
0
0
0
0.1809
0.2894
2.9943
5.0068
0
0
0
0
0
0
0
0
0
0.33
0.0221
1.3668
4.4766
11.619
7.8876
1.0176
0
0.4619
19.0115
12.2179
2.2152
0.2528
0
0.101
1.057
7.5687
1.0585
0
0
3e-04
1.3972
5.305
7.0551
10.522
12.0152
4.3073
0.3622
0.5586
9.9628
7.5865
2.3141
0.6297
0.152
0
0
0.2464
12.3104
8.2006
4.796
0
0.2475
6.9594
1.2787
0
0
0.0538
5.4812
0
0
0
1.0479
5.7387
0
0.3985
0
2.771
13.2128
14.0771
0.7609
0.0037
5.8193
6.1283
1.2809
1.363
4.8859
2.2389
4e-04
1.2673
0.8432
0.2362
0.0011
0.3443
0.5824
5.1458
22.4417
2.0763
0
0
0.1539
2.4773
7.7006
1.6981
0.2807
1.3965
0.8797
12.2806
6.7632
0.9404
2.4942
0.1943
0.8063
0.8997
1.0969
8.1206
12.8677
4.1682
0.0983
6.9473
3.0256
2.3319
11.3535
4.4742
2.6695
28.1944
8.5932
3.2042
0
0
0
0
0
0.385
2.0879
4.818
8.7265
6.9419
1.7203
0.0586
9.3764
0.6995
0.0168
0.0084
0.1344
2.6909
0.5845
0
1.4657
5.6812
1.1811
0.0211
0.2312
11.2319
0.0767
0
0.4432
0.4855
3.7811
7.4447
0
1.4913
2.4834
0.001
0
0
0
0
7.5748
0.6831
0.1325
0
0
0
0
0
0.447
0.0393
0.0332
2e-04
0.16
0.5729
0.5132
3.3385
7.6151
0.1035
0.0299
0
0
0
1.816
8.2763
0.0048
0.0507
7.9933
0
0
0
0
0
0.4592
0.4809
0
0
0
1.375
0
0
0
0.023
0.9794
4.0251
0.2136
0
3.6443
0.9979
0
0
0.0019
0
0.3311
3.5024
0.1728
0
10.0034
1.3354
1.3075
0.7324
0.0407
4.3812
0.2603
0
0.0106
1.3322
8.5851
6.7106
4.5212
0.1926
0.0021
0.6886
0
0.2088
0.9629
0.4935
0
0.4183
0.2025
0.0736
0.0021
0
0
6.7405
0
0
0
0.0473
10.1083
0.5792
6.0829
1.6325
1.8048
1.4303
0.3112
0.7737
3.969
3.1574
0
0
0.1239
0
0
4e-04
0
0.0305
0.8225
0.0885
0
0
0
0
0
0
0.4363
0
0.1127
0.2191
0
0.0477
0
0
10.473
1.497
0.069
0.4994
0.1301
1.3478
0.0206
0
0
10.4599
11.5739
0.0198
0
0
0
3.774
0.5656
0.0263
11.2919
4.1479
0.1527
0.632
6.5686
0.4035
0.0235
0
0.008
1.3378
0.1449
0
0
0.5101
1.1845
0.0425
0.0577
0
0
0
0
0
0
0
0
2.1163
0.0755
0.3196
1.1751
1.0888
0.0555
0
0
0
1.2496
4.5144
6.2902
0
0.0418
4.752
0
0.0246
0
2.5667
4.2502
1.4904
0
0
0.1604
4.6669
1.8507
5.233
16.2532
4.8664
22.929
0.0012
0.428
8.2359
3.4712
0.2614
1.1109
0.832
0.7606
6.428
0.7704
0.0318
0.3602
0.229
16.0917
11.4804
0.2846
0
0
0
0.1166
1.824
10.5043
0
0
1.0758
15.7083
13.2022
0.3991
0
12.5143
8.4878
0.2744
0
0
0
0
0
2e-04
0
4e-04
4e-04
1.2335
11.3281
5.4855
0.1618
4.6576
0.0413
0
0.0338
3.9405
5.0278
3.4841
4.0184
0
13.3314
47.7883
8.6785
0
7.5105
34.6007
9.1644
0.2506
0.9494
0.0396
0
0
0
18.214
28.9043
0
2.4293
28.1534
4e-04
0.0016
0
0.0462
0.1992
1.1214
1.3234
0.5365
1.3979
1.7511
0.0528
0
0
1.7273
5.9828
0
0.0512
0.7596
0.1222
0.1089
0.0045
0
0
7.6005
19.9372
1.284
0.0886
0
0
0
8.9449
2.057
7.9229
0.1124
0
0
0.0019
0.6216
6.5531
2.3005
0.3013
0.7694
3.0435
1.0733
0.0384
2.2396
15.0015
3e-04
0.0278
0.3885
3.5365
0.0511
0
0
0
0
0
0
0
0
0
0.0147
1.281
13.1547
20.6991
36.5399
14.7881
9.8145
35.6974
16.431
7.3496
1.2509
0.5316
0.173
3.9884
0
0.123
0
0
0
12.3453
11.7984
8.4764
34.8709
14.3458
3.148
0.5236
1.091
1.835
0
0
0.3344
1.4449
3.0859
0
1.4503
5.8335
2.4036
0.1024
0
0
0.6382
17.3732
0.0153
0
0
0
0
0
0
0
0
0.1021
0.2675
8.547
0.929
0.0417
4.6458
2.1685
2.955
0
0.0529
10.7532
13.6506
0.6653
0
0
0
0
0.0541
0
0
3.4994
1.7471
0.0504
0
0.0019
0
0
0
0
0
0.004
0.0228
0.2697
0.1968
4.7887
21.4308
1.7338
0
0.4755
2.5775
0
0.7444
1.6202
0
0
0
10.1271
0.5873
0
6.1939
0.9414
0
0.0036
2.8314
0.0137
0
0
0
0
0
0.1759
0.3241
7.4506
0.4028
0.0103
0.1464
4.6429
6.8988
29.4469
0
0
0
6.0747
5.7739
1.0916
0.8088
2.2575
0.9073
0
1.0346
9.996
1.0841
0.6039
2.9035
0.3541
1.7312
0.3749
0.7439
0.6739
3.5024
0.3186
0.9743
2.2492
0.1403
0.0557
0.2254
0.128
1.3574
1.5079
15.125
0.4146
0.6226
0.3307
0
3.1162
0
31.9068
15.2603
3.5579
3.0511
5.9019
1.7856
0.4392
0.7078
0.3433
0
4.9975
0.0069
0.8424
0
0.4648
0.2655
0.0962
0.4263
3.011
0.5954
3.1171
0.1931
0.1568
0.0115
0.1147
3.4183
0
0
0
0
5.0697
3.4244
2.7938
18.1257
0.5237
0.0321
0.1188
0.8035
1.1417
3.2267
6.2481
0.6272
6.2523
0.1245
5.7593
14.8103
2.0916
0
3.5348
6.8672
0.038
0
0
3.5739
3.3739
1.4024
0.0065
0.0507
0
5.859
14.7486
0.049
0.0548
9.1111
2.9385
1.4655
12.3929
0.6515
0
5.3654
1.8626
0.5842
0
0
0.0012
3.1975
4.1732
5.0767
0.0706
0
1.6959
0.453
0
0
0
0.2262
1.0716
0
0
0.1358
0.0645
0.414
0.0403
0
0
0.797
2.7592
5.3483
4.8148
0
0
0
0
0.1205
0
0
0
0
1.6093
4.3556
3.6739
5.8953
12.0239
13.6881
0
0
10.5636
28.7631
17.2376
2.5458
3.2475
1.4549
2.9301
0
0.1215
0.024
1.0005
0.1464
0.452
2.0283
3.3899
4.3632
0
0
0
0
11.0332
24.2874
1.7672
0.093
5.1647
1.5308
5.0749
6.0818
0.2281
0
0.1395
0.3533
0.7776
20.9419
11.4371
0.3576
0
0
36.3349
0.2581
0.4553
0
2.9483
1.7597
1.9252
2.0195
1.1478
0.014
0
0
0
5e-04
2.1293
4.4461
7.4896
1.4126
0
0.1313
0.0298
0
0
0.0021
0.3039
0.4627
0
0
0.3837
0
1.3606
1.3825
4.732
1.2988
0
0.7305
6.0921
1.5771
0
0
0
0
0
0
0
0
2.3204
0
8.9795
1.2189
0.0417
0.2197
0.412
1.0836
0
0
0
0
0.0076
0.1042
1.8882
4.2666
0.2237
0
0
4.1012
1.0754
0.4454
0
0
0
0
0.4922
3.3931
0.7227
0
1.5854
3.9257
4e-04
0.0526
0.3618
8.949
6.3561
1.0398
2.2802
1.7636
28.9464
0.4112
0
0
0
0
0
0
0.5409
0.6965
5.2797
0.9896
0.7108
0.1045
0.0652
0
0.0143
0.2235
0.3301
0.1071
0
0
0.0853
3.183
2e-04
0
0
0
0
0
0
0
2.252
0
25.1982
13.95
21.9393
7.8724
0.5507
0
0
0.5315
0
1.407
1.5404
13.4859
7.3557
0.4646
0
0
0.0249
0
0
3.1698
19.1335
13.907
3.2889
13.8687
4.4223
0
8.8243
0.3081
14.0097
0.9193
0
0.2116
0.2936
1.0512
1.5932
3.6797
0.5045
0.0662
0.3916
0.8384
1.2569
1.606
0
0
2.1412
10.0451
14.514
0
0
9.8044
1.2936
0.2459
0.4872
6.2321
2.8034
9.6293
1.8164
13.3285
3.7463
0
0
0
0
0
0
0
0
0
0.0653
0
0
3.0336
0.6886
0.1205
0.1861
0.2083
0.5443
0.1063
4e-04
5e-04
0
0
1.8856
6.8947
2.1407
0.0405
0
0
0
0
1.0575
3.7785
0
0.1633
7.4954
0.7025
0.575
0.503
0.5835
3.5626
0
0
0.016
0.2221
0.0297
0
0
0
0
0
0
0.173
0
0
0.0514
0.0973
0
0.3117
0.075
0
0
0
0
0
0.0495
0
3.6328
1.7612
3.0289
0.5191
2.5191
3.3491
0.222
0
0
0
0.12
0.0284
2.9927
7.6004
1.9828
8.2585
0.0286
0.1259
0
0.9402
0
5.1843
1.6836
0
0
0
0.7682
8.9376
4.4992
0.552
0.857
3.1508
4.5331
6.348
7.8999
3.3416
0.7317
0.2745
11.5237
13.3977
3.2556
0.2193
2.2617
0.2232
0.0457
0
0
0
0
0
0
0
0
11.4431
1.9755
17.829
9.9882
16.7055
10.63
2.1037
0.6932
2.2133
1.8296
11.5881
0.2481
0
0
0
0.6236
7.6972
7.2547
0.7021
0
0
6.5845
0.0885
2.7571
11.8969
0.7665
5.1624
2.5597
0.6711
0
1.0047
8.0443
0.5791
0.2078
0.0619
1.4666
3.5635
3.7898
0.8596
13.6395
0
0
0.1316
0.7098
0.0897
0
0
3.2077
1.6514
2.1267
1e-04
0.0765
4.9292
0.2968
0
0
0
0
0
0
19.7532
25.0283
5.2363
10.1096
7.4861
8.3003
6.7209
10.3955
2.0185
0
0
0
0
0
0
0
0
0
0
3.6409
8.8637
4.8079
7.076
4.0741
0.554
4.2176
2.9678
1.9648
0
0
0
0.6878
5.5714
5.47
13.6365
2.4137
0.4891
0
1.857
0.8205
0
0
0.0059
3.0227
0.0316
12.6515
0.149
0
0
0
0
0.3227
0.0549
0
1.1091
0.167
1.2919
0
0
0.9348
0.4065
2.0742
6.8539
1.9776
5.8072
5.822
0.0413
0.3218
0
4.9498
4.0128
9.5493
21.0958
0
0
0
0.0302
0.0758
0
0
0.2314
11.1669
1.3195
0.1285
1.0748
9.7046
18.7365
0.0302
0.0109
0.4874
0.2143
0.0596
0
0
0
0
0
0
5.0167
15.4795
21.4304
0.3345
0
5.4874
1.2543
0.3913
0.0565
3.9591
38.8237
0.9642
0
0
0.0884
4.213
0.2679
1.9812
3.2023
17.7114
4.5697
0.5697
0.516
0.4712
0.4868
0
0
0
0.1273
8.8901
8.5157
9.0566
1e-04
0
0.0256
0
0
0
9.7571
32.418
0.0556
0
0.65
11.0188
10.033
0.2755
0
8.792
2.6721
1.0439
0
13.8544
0.0654
0
0.2736
3.2953
22.9192
0.0655
0.0132
0.3449
1.8824
1.1887
20.4523
0.8636
26.7607
1.1809
1.9006
1.2472
0.2426
4.0498
5.9773
0.0246
0.8834
0.3816
0.0469
0
0
0.4457
2.1189
3.0365
11.5168
0.0243
0.8368
0.0595
0
0.7444
8.9857
0.5068
1.0338
0
0
0
0
0.1323
0
0.1018
0
1.2721
1.3197
2.8145
0
0
0.1611
0.9618
0.035
0.0378
0.124
1.0231
0.0463
0
0
0
0.438
6.9599
0
0
0
0
3.4657
5.8319
0.0614
0
0.4835
5.6163
0.2876
1.5415
0.0558
0.0511
0
0.0022
1.8491
2.4663
0.9699
7.5499
10.7634
0
0.024
1.2506
0.3891
0.9837
0.0263
0
0
0
0.3032
7.08
2.8892
3.8592
9.6857
1.09
0
0
0.2938
0.0446
7.6316
0.1322
2.217
3.9488
0.482
0.0602
0.0457
0
6.376
1.3388
0.2559
8.9249
0.0146
0.829
0.1278
16.376
21.79
2.9179
0.0355
0.0314
1.7176
1.2338
3.0079
1.6378
1.3054
0.167
0
0
2.4296
1.4773
3.6815
6.3032
0.6976
0
0
0.0272
0
0
0.5409
6.5329
3.3921
4.5959
2.9242
7.025
3.7925
0.2437
0.1177
5.3709
30.0723
7.9334
4.9043
0.1099
0
10.0692
0.0807
0.1793
2.1955
0
3.2314
2.732
2.8465
0.4449
0.5886
3.2104
5.5429
0.0518
1.6404
1.1902
10.0437
4.0523
0.4379
0
0
0
3.589
4.0009
33.4663
7.2343
4.763
18.0603
0
2.4464
4.8019
0.1445
13.785
2.0149
1.0379
0
0
0.1502
3.2291
0
1.629
1.6279
0.0052
0
0
0
0
0
7.3916
15.8734
0
0.0043
3.5503
2.6465
3.2432
4.3032
0.1497
3.3138
7.4472
4.63
0
0.0366
0.8114
0.5923
0.0456
0.083
1.5944
0.0036
0.6529
6.417
22.1394
4.7373
0.6846
0
5.9825
1.3812
1.3988
0.2168
0.3101
0
0.0391
0.0125
0.8349
1.087
0
0
0
1.7544
0
4.0981
1.7202
9.0446
12.2358
0.2589
0.2396
0.2158
0.0495
1.7253
4.3596
7.4145
2.8344
0.7103
0.2245
19.3327
7.5722
8.8959
1.0916
0.5981
0.1332
0.0492
0
0
0
0
1.4283
3.5374
0
0
6.6238
2.072
0
0
0
0.01
0.8949
0.8853
20.0554
1.7957
1.2232
0.8835
13.3548
0.7035
0.6975
0
1.175
0.0559
3.018
6.9757
1.4876
0.9832
1.4434
4.3406
1.2829
0
0.3984
0.2921
0
0
0
0.2014
5.8454
1.7412
4.9356
6.0993
0.1324
1.6646
0
0.6576
1.6288
0.0567
0
0
0
0
9.0634
4.5889
0.6459
0.3226
0
0
0.0099
1.3795
0.5549
2.4228
0.1044
0.2818
0.263
0.4671
7.2979
1.1249
0.1767
0.2875
0.7612
0.1584
0.0136
3.1714
3.4079
0
0.7549
9.3558
4.027
0
19.0399
1.7415
0.2542
0
0
7.9516
4.7268
8.681
0.4158
0
0
4.3168
0.002
0
0.0672
0.2433
0
0
0
0
0
0
0
0.1654
13.1393
0
0.1951
3.0194
0
4.5794
0.0013
0.1062
6.5379
0.3817
0
0.2719
2.5857
0.006
1.9768
4.2698
7.6128
0
0
0
0.2015
2.5223
0
6.7506
3.3357
0.0754
0.861
0.706
2.2466
3.7029
3.2715
7.2394
10.4046
2.6479
14.836
0.009
0
0
0
0.1513
0.2884
0.0821
0
2.6144
1.6881
0
0
0.9557
0.4283
0
6.4603
1.8389
0.1692
0.1931
0.6826
1.7733
0.6659
0.3381
2.7426
0.3145
0.2846
0.1561
0.1105
0
1.0941
0.1689
1.0873
0.1979
0
1.5322
1.0548
0
0
0.0013
2.3721
9.8066
10.7798
6.0462
1.4553
0.0013
0
0
0
0
0
0.2999
5.7324
11.5064
1.5715
0.1325
3.5923
2.1936
0
0.4897
0.2983
0
16.9657
3.465
0.158
0.3705
1.2291
0
0
6.1623
5.0197
0.2188
0.1247
0
0.0514
0
0
0.4527
0.2336
0
0.9001
4.6287
3.336
1.0517
0.4065
3.6
12.5795
16.0844
16.4106
15.8723
0.7289
0.7545
5.6225
0.8382
6.5508
9.6524
1.1136
1.526
1.1199
0
0.3599
0
1e-04
0.0076
0.2308
0.1491
0.0855
0.1556
0
0
0
0
0
0.503
0.1752
0
0.0075
0.0198
0
0
5.7193
7.2106
0.1511
0
0.1343
0.8641
0.3876
0
0
0
0
0
0.2385
2.5855
11.6451
7.1541
14.4885
2.6831
2.1334
5.3396
9.0728
0.0565
0.2111
0
0.4259
1.4321
3.6535
18.5256
0.0064
0.0058
0.5195
0.1978
6.6363
4.5524
2.0127
3.7947
0
0
2.2194
13.1775
3.0337
8.0981
9.9561
2.4815
0.6772
3.3489
7.2565
5.3995
1.4051
0.0914
0.0315
0
3.0537
1.3191
0.1142
0
0
0
0
0
0.5541
7.9237
10.8998
2.0325
0.2519
6.7303
2.7459
0.018
0.0622
0.0021
24.6882
0.0071
0
0.4063
8.7878
8.2358
0.2419
0.2942
0
0
0.2151
0.9686
3.1626
0
0
0.3548
6.6114
0.0418
0
0
0.2688
11.9993
0.8893
0
0.0258
0.0526
2.3966
6.913
11.069
4.3608
0.0592
0.2318
0.2209
0
2.5376
6.4552
21.1534
3.1701
0.2467
4.9469
0.8996
0.0158
0
0
2.3331
15.9304
14.425
6.0581
0.3562
0
0.5888
22.9511
1.667
0
0
0
1.607
0.7686
1.3809
0
3.5988
12.4749
2.1419
0.1395
0
0
0
0
0
0
0
0
0
0
0
5.3791
4.6033
0.5418
0.838
0.0145
3e-04
0.6688
1.4724
2.484
0
0.2301
0.3428
0.8574
0.575
0
0.0376
0.2989
2.4714
2.726
4.0237
5.0936
6.7949
16.9031
0.2361
1.6288
2.4722
19.301
7.0471
0.9435
0
0.2663
6.9179
0.7008
1.8649
0
0
0.2764
1.0564
1.1253
0.2589
7.5785
22.5496
9.7232
6.819
0.1178
7.2648
0.2929
7.1014
12.7053
3.3102
3.912
7.0067
6.2883
2.7625
15.7818
0.8519
0.3033
1.2489
4.432
0
4.8969
0.0214
0
1.9808
23.6157
5.6639
7.5322
0.2687
0.299
3.6578
0.6233
0
0
3.0871
1.3597
0
0
0
13.0422
19.7071
1.3495
2.8716
0.1644
0.2252
0.2959
1.0823
0
0
0.6279
0.2343
1.4001
0.9965
1.5455
0.1098
0.2807
3.3727
0.2742
0.1323
0.1284
0.1549
0
0
1.7284
0
1.3946
0
0
0
0
0.2904
0.2999
0.1137
1.7373
0.6368
0.047
0
1.6466
0.3718
8.1326
2.6942
0.0362
0
0
0
2.5283
0.5548
2.4973
0.4917
2.8721
0
0.9515
0.8693
0.647
2.1482
18.7975
4.0612
0.945
12.805
0.1729
0
0
0
6e-04
0
2.3499
0.5381
1.2543
5.1178
0.4892
3.8821
0.1925
11.5516
0
0.0014
1.056
0.2147
4.3599
1.0521
0
0
0.5499
1.4811
0.6109
0.0884
5.4377
0.3995
0
5.0661
2.9606
5.4389
3.6784
14.1453
1.0191
0.1458
0
2.7993
0.5411
16.236
0.0074
0.0399
0
0.2667
0
0.0011
1.7769
2.1706
0.0937
0.1107
0
1.2204
0.9224
0.8664
0
9.8296
4.0844
1.5344
0
0.1346
0.1263
1.2503
2.3124
0.9115
8.131
0.483
10.4231
1.8147
1.5068
0.0012
0.9023
20.8662
8.4733
0.8218
0
0
0
0.0083
0.3026
0.7102
0.1485
3.3641
0.9605
0
0
0
0
2.6732
10.1421
0
0
0
0
0.0621
0.5129
2.6834
3.1896
28.0853
4.1545
16.1046
6.7225
0.9952
2.2976
1.6381
1.0693
0.8094
0
1.9847
13.7801
0.4108
1.9763
8.3321
1.1369
0.3345
0.6999
1.4194
0.4251
20.0403
7.5488
5.3423
2.1087
1.5985
3.3665
6.9625
1.8189
1.6696
0.139
10.3179
7.5852
4.7068
0.6215
7.5677
4.1363
0.3459
0.8918
1.2465
0
0
1.6169
7.0711
10.6582
0.0384
7.6365
1.0761
10.9535
0.2379
0
0
0
0
1.228
27.138
2.6317
22.0851
10.5754
4.5471
0.1565
0.2532
16.181
0.2949
0
0.4031
0.9149
0.2338
0
0
0.4706
2.2928
6.035
0.0161
0.398
0.6421
0
1.4934
5.3556
0
0
0
1.6464
1.5703
10.9674
1.9033
1.0725
19.1819
1.2078
0
0
1.6116
0.678
3.2105
0.1748
0.0255
0
0.3021
0.5521
0
1.3942
0.2678
0.101
18.509
8.8771
0.0268
0
0
0
0
0
0
5.9681
0.3176
0
0.027
0
0
3.4667
14.5648
12.8414
0
0
0.0439
0.0094
0.234
18.8832
0.2171
0
0.0162
6.011
5.4992
2.5971
17.1739
5.7867
21.8948
2.0137
3.9548
12.4815
16.4153
0.4424
27.9205
5.1328
0.5639
0.2125
0.0251
0
0.9689
0
0.0231
0.8291
9.5335
10.809
0
0
0
0
0
0.2893
0.0525
0
0.0921
0.0377
5.5701
5.7906
2.7258
0.108
0
0
0
0.3455
1.0523
0.0889
1.5018
0.6264
0.1399
0.0104
1.9252
2.8944
0.042
4.329
0.2391
0.4501
0
0.1031
0
4.4286
9.751
7.3899
5.8162
1.9617
0.0566
0.2462
0.4985
0.5358
27.7525
0.1473
0.0114
0.0403
0
1.2183
19.7872
3.2917
0.0061
0.021
0.1084
8.2771
6.6053
9.285
0.2499
0
0
0
0
0.0285
1.3214
0.5836
3.5203
1.1404
0
0
0
0
7.4367
8.8931
0
0
0.7111
0
0
0.1632
0.2454
1.638
0.2839
0
0
0
0
0.0012
0.3283
7.745
0.72
0
0.0012
0.0699
1.0283
0
0
6.1467
10.1411
0.2067
0
0.6769
0.2224
0.0069
0
2.8359
0
0.5089
3.7403
9.3531
0.3453
0
0
0
0
0
0
0
0.3153
0.061
0
0
0.8167
0.1086
0.2839
0
2e-04
0
0
0
0
0
0
0
0
0
0
1.1007
4.9176
6.8678
0.119
0.5424
0
3.1832
0
0
0
0
0
0
0
0
8.8399
0.213
7e-04
0
0
0
0
0
0.4636
0
0.017
1.7863
0.5414
0.2726
0
0.3312
31.6337
5.4402
0.1588
3.8521
0.1431
9.909
14.2632
0.8449
0.9205
0
0
0
0.8279
8.3124
0
0.2184
1.8259
0.6298
0.0196
0
0.2147
0
0
0.4584
3.3042
0.7001
0.0228
1.7287
2.5171
1.8337
0
0
0.5844
17.514
5.8964
0.1131
0.2005
0
0
0
0
0
0
0.9531
0.0034
0.7718
2.7586
0.1586
0
19.4873
4.6604
1.2631
0.5585
1.4093
0
0
0.7408
4.808
1.3935
0
0
17.1485
15.3053
15.4235
7.2706
18.0913
0
0
1.7255
1.6281
0.4504
9.7528
0
0.0379
18.0874
0.3912
0
0
0
0
0
4.1025
31.1859
5.7185
5.6912
0.8999
0
2.4678
8.1822
0.205
0.1911
8.7092
26.5425
12.9644
15.2675
2.5511
9.4853
3.2797
4.3867
2.9911
3.4325
2.122
2.0197
5.2679
0.0464
6.262
15.3878
0.199
0.3742
0
0
0
0
0
0.3925
0
10.8827
1.1617
0.3648
0
0
0
0.1394
0.1893
0.8609
6.1302
9.9088
0.1266
3.8959
0
0.8969
3.3385
9.0402
0.7937
0
0
0
0
0
0.0744
0.334
0.017
0.0502
0
12.6149
9.4123
0.9344
0
2.8567
23.0075
24.1414
12.8819
0.3528
0.5369
5.4308
0.1446
0.2786
0
0
0
0
0
0
0
0
7.4056
5.7339
1.5337
1.7374
9.8828
1.1221
4.6684
7.7877
0.2947
0.3544
0.4627
5.3526
0.1029
0
0.2201
0
0
0
2.1364
1.4977
1.313
0.2837
1.0189
0
0
2.3325
3.4536
1.0579
1.2845
0.9841
3.7226
0
0
0
0
0.284
3.4572
0.2163
0.0389
0.6777
0.75
0.0743
6.3219
3.4367
1.2801
0
12.1263
0.1146
0.4834
0
0
0.7613
0
0
0
0
0
0
3.0417
6.652
0.2878
0
0
0
0
0.0522
0.4556
1.3843
0.2683
0.235
0.7575
0.0084
0
1.1814
0.5855
23.6996
0.9381
1.4605
0.9631
6.342
1.6397
4.4259
7.0937
5.121
3.6413
0.2152
0
0.1682
0.602
2.1757
0
3.0665
6.3298
0.0702
0.6383
17.1663
0.6034
0.1249
1.2683
0.8818
8.375
1.4778
0.0927
0.0541
0.3185
3.0928
1.2777
1.2288
7.0367
1.0384
0.2145
0.1624
0.0108
0
0
0.0852
0
0
3e-04
1e-04
0
0
0
0
0.1451
2e-04
0
0
4.0167
4.7405
1.9506
5.1178
0.5647
0
0.8279
0.2089
1.2398
3.9714
0
0.0631
0.4094
2.5405
2.4923
5.5975
5.943
1.1122
11.0205
0
0
0.0184
0.1523
0.4589
0.2742
4.6773
7.026
0.2074
0
1.169
0
0
0
8.5452
3.7692
1.1014
0
3.8737
0.0491
0.0493
0.2401
0
0
0
0
0.7976
3.5431
1.9976
0
0
0
0.2825
0.7111
0.0193
0
3.9179
1.1361
1.2418
0.4451
0.0265
0.0997
0.716
0.034
5.0224
0
0.6959
0
17.0531
6.3387
1.0549
0.3728
0
0.2172
0.997
0.8433
0.6238
3.267
13.7173
3.4118
0
6.8144
5.6759
0.0012
0
0
0
0
0
0.1468
0.7693
0
0
0.6364
1.1625
1.3646
2.0271
0.0467
0.9277
0.076
0
0
1.5576
3.7843
0.6317
0.1391
0
0
0
0.1237
0.6116
0.0736
0.1799
0.0887
5.4141
1.3131
0.8888
0
0.124
0.3185
0.4407
7.5187
0
0.0435
0.4156
0.5015
0
0
0.3952
0.2209
0
1.3393
0
0
0
0
0
0.7778
4.957
0.2171
0
0
0
0
0.0298
0.6932
0
0
0
0
0
0
1.778
0.222
0
0
0
0
0.6394
2.6079
0
0.0124
0.0125
0.1126
0.1806
0.04
0
0
0
0
0
0
0
0
0
0.9367
4.788
5.4329
0
0
0
0
0.6481
9.2471
2.7295
6.2792
4.2656
9.7783
0.0852
3.3952
0.2427
5.6944
11.4523
0
0
0
11.3987
5.6488
0
0
1.7668
4.0176
5.1012
4.362
0
0
0
1.561
1.046
0.2759
0.1755
1.6667
4.3116
0.1013
1.1633
11.1101
13.4183
0.2682
0
2.8784
12.1861
0.4072
0
7.2771
0.7479
26.2285
2.806
0
0
0.1128
1.0215
18.0603
6.2881
1.6569
0.0015
0
0
0
0.0012
6.2812
1.8871
4.3909
0
0
0.5316
0.4227
0.2095
3.5621
2.6273
0
0.1336
0.3557
0
0
0
0
0
0
0
1.3458
3.5045
0.271
0
0
0
0
0
0.6149
0.3168
0.4129
0.0157
0
0
0
4.9921
3.8753
36.3207
0.4668
0
5.604
2.9638
3.4508
1.0559
0.0544
0.4606
0.1621
1.9025
0
0.4605
0
1e-04
0.4346
0.0465
15.8258
21.8185
3.9762
1.2222
4.4672
0.375
18.0288
1.5964
0.0184
8.7622
0
1.2362
1.349
0.038
0
2.0324
23.1237
0.6285
0
0
0
0
0.1803
3.4537
0.0489
0.2386
0
1.1256
0.4515
0
0
0
0
0
0
0.3278
1.5999
0.6737
0.0155
1.978
0.3451
0.2498
0.0695
0.1746
0.0651
0.8307
0.5226
0.265
0.1318
7.8058
1.2633
0.0359
0.234
12.2143
21.1683
0.0105
0
0
0
0
2.2669
0.8589
0.0357
13.0098
0.0368
5.2167
0
0.21
0.0306
2.6516
2.6384
1.3767
1.3568
0
0
0
0
0.1005
0
0
0
0.2497
0.8192
17.3077
0.2155
0
2.5744
1.533
0
0
0.411
3.2659
0
2.0477
1.3564
0.0247
0
0.0247
0
0
0
0.8336
1.6086
1.3294
0.1685
0
0.0011
1e-04
1.5094
10.8326
0
0.2366
0
0.1853
1.7733
0.0913
0
0
0.4082
0
2.0266
4.2633
0.5251
0.4546
0
0
0
0
0
0
0.0094
0.525
0
0.4067
12.137
6.5388
2.1057
1.5499
0
0
0
0
0
1.3954
13.3125
4.2005
11.8878
2.7029
0.8259
2.1297
13.6597
19.4917
3.5205
1.1481
1.7937
2.9597
1.2945
0.2712
0.0413
1.055
3.6727
2.4848
4.0558
0.7463
2.3726
6.4396
1.7241
0
0.0554
0
0
0
8.0574
1.7939
0.2265
1.425
2.0763
0.3263
0.2085
0.6905
0.3796
0.2946
11.6278
5.2874
4.671
0.3877
4.5284
2.1488
1.8247
3.6538
6.5752
0.2563
0.5906
0.008
0
0
3.6394
6.2098
3.139
1.1609
23.4228
1.9322
11.9328
28.357
0.008
0
2e-04
0.0522
26.773
4.6027
13.8708
6.1356
7.1013
3.051
0.049
0
0
1.755
0.4409
0.3634
12.0823
8.4568
8.1207
4.7477
2.6086
1.2523
1.5071
2.4812
0.9113
0.9239
0.5798
0.0996
0.3151
0
3.3105
3.3029
3.1576
0
0
1.1186
0.0231
2.0402
1.455
0.7074
0.0019
0
0.0509
0.1896
0.7116
1.1949
0.772
0.2904
0
0
0
0
0
11.8358
11.7606
0.7756
0.2375
0.0749
0.1416
2.3308
10.8325
6.0679
5.4965
0.2691
8.543
1.109
0
0
0
5.1056
3.3896
0
0
0
0
0
0
6e-04
1e-04
0
2.9145
1.1522
0
7e-04
0.2884
11.2847
1.5936
1.2796
0.1479
0.1033
0.0152
0
0
5.5838
1.7929
0.7128
0
19.733
0.0531
0
0
0
0.7689
4.4552
3.076
5.6995
14.7054
0.0803
0
10.4121
10.9754
3.7679
13.6875
1.7279
0
0
0
0.2728
0.7088
0.3284
0
0
0
0
0
0
0
3e-04
0.4297
0
0
0
0
0
0
0
6.0488
0.1833
0
0
0
0
3.4885
13.9629
0.5854
26.5796
2.3513
3.1514
0.0594
0
0
0
0
0
0
0
3.5345
2.9605
0.2497
0.0896
0.2288
0
0.5871
4.1207
10.0985
2.4493
1.2986
0.6042
0
0
0.2546
7.8376
17.4527
13.8935
0.5191
4e-04
0.0012
0.0015
0.0495
0.0841
0
0.0013
0
1.6102
0.7806
3.447
0
0
9e-04
0.1818
0.3964
0
0
0.9878
0.0483
0
0
0
2.168
0
0
1.6546
2.7643
0.3918
0
0.189
1.4185
0.8087
0.6038
0
0
0
0.5877
3.0927
0.1003
1.4226
2.5232
5.8859
11.0014
0.084
0
0.468
6.6414
0
0
0
1.8324
1.5516
2.9308
0.0445
0.0874
0.0068
0
0.2653
0.1711
5.99
3.9237
0.0404
9.3479
1.4782
6e-04
0.0214
0.3871
1.964
0.0597
0
0.4664
5.1181
0.6436
0
4.911
15.7574
2.657
8.9772
0.0059
0
0.8654
0.0111
1.435
0.2459
0
0
1.1001
9.3698
27.9719
5.6896
0.0761
0
0
0
0
30.3691
3.928
1.5277
0.2199
0
0
0
0
0
0
0.0545
0
0.2605
1.1124
0.3851
8.9364
1.2591
1.9638
0
0
0
0.1766
6.8853
1.603
0.0939
3.8532
0.1418
0.0805
1.1046
0.5794
0
0
0
0
1.0709
1.4981
4.6147
2.7387
6.5304
2.178
1.0859
0.629
0.2674
0.1846
0.5537
0.4608
0
28.2239
2.874
0.858
0
4.6895
0.0718
0
0.6735
0
0
9.6075
11.3894
0
0
0
0
0
0
0
0.001
2e-04
0
0.4663
7.0647
27.3709
5.8314
0.1513
0
0
0.0555
2.5942
4.7016
6.562
15.6266
1.5069
4.5687
18.9795
3.4739
0.1477
0.0191
2.5367
0.8541
0
0
0.9291
3.6057
18.1163
0.0048
0.5845
1.4847
3e-04
0
3.5054
4.7013
17.5357
3.9948
7e-04
0.0464
2.0329
22.7525
5.7103
0
0
0.4433
0
3.733
0.5225
0
0
0
0
0.138
0.4868
4.6044
4.6051
1.3493
0.4018
0.126
2.9033
5.4925
7.4932
0.0241
0.1267
0
0
0
0
0
0
0.1661
11.9768
3.3851
24.9422
23.0905
5.1103
19.0429
1.0316
6e-04
0.0495
0
0.0102
4.2336
10.2102
21.6617
3.4149
0
0
0
0
0
0
3.0031
2.0023
0
0
0
11.7971
12.781
2.018
2.2822
0
0
0
1.4755
2.6625
37.409
0.1634
2e-04
0
0.0505
3.2274
11.1148
4.2411
5.0312
0.992
0.4923
0
0
0
0
0.0257
0.8061
0
0
0
0
0
0
0
2.616
14.41
2.3405
37.4649
0.1084
0.2726
0.6421
0.0226
14.0922
3.7806
6.6153
0
0.0174
6.7888
1.8112
3.6419
3.743
0.885
0.5333
0
0
0
0
1.7522
2.5791
0
0
0.1857
22.3812
0.2391
0
1.3785
2.0856
20.4765
17.1612
3.5881
3.0525
0.3812
0.0045
0.0469
0
0.4802
15.9781
0.0562
0
0.2163
12.5195
0.2538
0
3e-04
0.0048
0
0.0471
0
0
0
0
0
0.0369
0.7678
14.1905
1.4164
0
0.6968
2.6924
4.3067
0
0.5098
0
0
0.4103
0.1365
0.9567
0
0
0
0.7485
11.6824
1.6748
0.2112
0.0114
0
4.685
5.016
0.2468
0
0
0.0523
37.8187
2.7917
0.1571
0
0
0.0011
0.0013
0
0
0
0.0254
0
16.8475
1.1964
1.9369
18.582
0.9887
0
21.0931
4.151
19.2426
1.6589
0
0.4624
0.5806
4.5287
21.6474
37.3512
0.6378
0
0
0
0.5961
1.7881
0.3216
0
0.0769
0.0482
0.4183
11.6171
0.8251
0
0.1284
0
10.3286
0.646
0.0384
0.2254
2.9007
4.4928
0
0.0012
0
0
1.3364
0.3926
1.0057
0.1315
7.5294
0
0
0
0
0
0.2962
1.2001
1.029
0.0017
0
0
0
1.8466
4.0424
10.4937
2.2868
4.646
0.5026
2.5361
2.0117
1.7253
0
0
0
0
0
0
3.7681
0.4892
0.5701
3.6349
0.4384
2.3242
6.5176
5.3227
0.2423
0
0.3868
0.2089
0
0
0
0
0
0
0.3893
8.6162
1.1941
0
0.0315
4.5166
6.8788
0.4494
0.8395
2.5876
2.2277
1.9611
0.0136
0.0012
0
0.1755
0
0.3345
0.8703
4.0236
0
0
3.0114
5.3598
1.1167
0.6594
0.02
10.1878
4.55
3.265
0.0487
8.9519
0.0253
19.4191
12.5327
0.9782
1.1216
0.1151
5.8458
0.0725
0.1628
0.0028
0.8087
0.4847
0.0131
0.6805
0.0372
0
0
10.0813
2.9168
0
0
1.7739
0
0
0.1403
0.7211
1.2484
0.0416
0.7347
6.7663
0.938
0
0
0
0
3.9769
9.3189
3.3807
21.2808
1.7593
0.0719
0.0937
7.0961
17.7897
6.4476
5.2933
0.3037
0.013
0
0
0
0
0.0961
0.6696
5.1499
3.017
0
0
1.5844
7.656
0.3517
0.1245
0
0
0
0.4852
0.4622
0
0
0
0
0
0
3.5871
3.5061
3.5033
1.7444
5.3056
0.9293
0.0038
0.5257
1.7906
0
0
0
6.2186
3.2029
0.0227
0
0
0
0
0
0
3.3473
9.2309
2.5597
0.1939
0
0
0
1e-04
4.5143
1.6456
0
0
0.2555
7.8946
0.9836
0
0
0
9.8002
5.428
0.0296
0
0.3884
0.3921
0.3038
0.0613
5.2008
5.6578
17.3737
21.1842
10.3135
0.1729
0
0.0772
0.1829
0.0512
0
0
7e-04
0
0.782
0.1315
0.1099
0.1244
14.7652
22.2731
0
0
0
1.436
5.2281
1.234
0
0
0
0
0
0.0398
0.4465
0.0757
0.4442
0.0328
9e-04
0.5211
7.5541
0.0319
0.2695
0.6945
0.4668
0
0
0
0
0
0.3809
13.2315
1.3251
0.3234
0.5755
0
0
5.65
2.2566
0.9984
2.5863
1.3217
2.3278
0
0
0
4.5892
0
0
0
2.4338
15.2251
12.3727
16.846
4.0559
0.0784
0
4.5545
2.0327
2.5581
0.212
0
0
0.1387
1.0052
1.0163
0.0096
0
0
2.2443
1.1762
0.481
0.0675
2.5651
1.9527
0
7.6533
5.6238
11.4804
4.1305
1.5482
0.0806
0.9597
0.1743
1.3697
0.8061
1.5852
1.1114
1.2901
2.3044
3.2703
11.4899
1.0737
0
7e-04
5e-04
0.0052
0.0478
0
3.3178
1.5222
1.0725
0.2352
0.1559
0.2377
0.3413
0.1638
0
0.3958
4.8928
0
2.2265
0.0022
0
0
0.438
0.7397
3.7007
0.597
0
0
0.3304
5.129
0.1614
0
0.0515
0.0012
0.1469
1.2517
0.1853
0.4607
0
4.2281
28.0835
1.6085
1.0525
0.3142
0
0.1129
1.5281
0.0025
0
3.4413
1.7234
2.2306
0.2702
0
0
0
1e-04
0.0835
0.6285
0.2549
0
0
0
0.4554
0.8594
1.6172
0
0
0
0
2.3934
0.1182
13.3072
2.0922
0
6.1407
7.0765
0.5368
0.113
0.3362
0.1433
0.0492
0.1167
0
0
2.9068
1.4189
0
0
0
0
0.3595
6.9991
4.4789
1.2839
0.1973
10.5291
2.1804
0.0204
0
0.0487
0.1315
0.3112
7.1171
5.5185
7.4627
0.0654
1.4319
7.3519
0.0205
0
2.5175
2.5718
2.2019
0
0.0833
5.1803
0.8508
5.0769
0.2888
0
0.3328
0
0
0.1997
0.0864
0.6876
0.4781
1.8285
1.5153
0
0
0.1139
7.8617
22.005
11.5834
0.6488
5.9888
11.857
4.5079
1.5285
4.6166
3.1248
0.737
0.6658
0.03
0.4623
2.7309
0.5988
0.7717
0.8576
0
2.215
7e-04
0
0.8175
5.436
0.0712
0
0.0015
0.0155
0.1041
0.9233
1.7554
8.6795
7.4166
0.0613
0
0.2195
0.8791
6.6941
24.7814
0
1.3861
0.4035
0.001
1.7036
19.6247
1.0466
0.2291
0
0
0.8712
3.993
0.8716
2.4283
0.1272
0
0
0
0
0
3.0564
0
0
0.5585
38.5245
1.9305
0.1624
0.0932
1.7663
2.4987
9.4566
1.7223
1.0599
0.0653
0
0
0
0.6935
0.1001
0.8758
0.048
2.7799
0.3335
0.1687
0.4202
1.2974
10.2273
0.1503
12.3217
35.1369
13.5457
22.2283
2.0487
20.7209
1.1233
2.0161
6.1668
2.1637
0.6796
15.8304
4.8031
0.1531
9.2454
1.7086
0.1353
4.5713
8.4951
16.8668
0.2759
0
3.8732
1.2484
0
0
0.0092
3.5216
1.8279
0.5827
11.9079
0.138
9.5407
6.8617
8.2378
1.0003
0.0098
1.4206
6.7173
0.0203
0
0.0197
0.004
1.5255
1.507
2.0852
14.3359
14.1518
0.0359
0.2092
0
0
4.5942
8.4757
3.7385
0.8358
25.6427
10.8565
7.2763
6.7526
18.4711
0.0268
0
0
0
0
0
1.4515
11.4535
7.0594
0.1624
29.1095
7.2719
0
0
0
0.0264
0.3945
0.0227
0
0
0
0
0
0
0
0
0.2861
0.764
9.1339
0.9436
1.1999
0.279
0
11.2074
14.7068
5.3
0.1258
0.3162
2.0358
0.8697
0.2281
0
0
0.1579
0
0
0
0
0.4592
0.1149
0.0258
13.02
16.3308
0.9757
3.3764
0.8057
0.1908
0.2621
0.1963
1.9623
3.98
13.7035
28.2206
4.3421
0.4228
0.0216
0
3e-04
2e-04
0
0.0341
10.3041
8.8602
9.0958
0.5903
3.2964
0.0202
0.057
0.0228
0
0
0.4862
0.5207
0.5767
0.003
0.0285
0
0
0
0
7.9865
0.7179
0.0388
0
0
0
0
0
0
0.6778
6.8647
0
0
0
0
0
0
0
0
9.4565
17.5021
13.336
0.0897
0.9312
7.3571
22.8156
14.4617
0
0.0362
0.9983
0
6.827
0.5685
3.3693
12.4482
0
0.0245
0
0
0
0
0
10.3484
3.4269
0.0501
8.5033
0.0374
0
0
0.2992
0
0
0
0
0
0
0
0
0.133
0
0
0
0
0.3563
14.1257
1.7717
0.0507
0
8.9688
0.1901
0.0221
0
0
9.5682
6.91
1.4093
0.3998
0.2338
2.2175
0.0346
0
2e-04
0
0
18.9503
3.9259
0.0731
0
2.6549
0.8146
4.7345
2.1307
0.5511
0.8298
0.4132
0.4724
3.1314
7.7285
0
0.4852
4.891
1.4512
0.2066
16.3027
1.8927
0
0.0306
0.1126
0.2263
1e-04
0
4.8717
15.2218
0.2338
0.166
0
0.0576
0.1443
0
0
16.6824
11.6088
1.0383
1.3143
0.2312
1.6935
1.376
9.0613
0.2517
0
2.7445
4.9758
4.5932
0
0
3.2128
13.7487
5.6282
0
0
1.006
2.5959
0.0453
0.0055
1.002
4.1726
2.8606
0.0116
0
0
0
0
0
0.3245
0.413
0
0
0.0018
0.0011
0.6402
0.5978
0
0.1198
0.0226
3.3864
2.3972
0.512
0
0
1.0445
7.3102
0.9392
8.2337
0.0449
0.7846
0.01
3.7946
5.0426
0
11.5392
34.8929
15.395
0.7463
0
0
0
6.8428
0.4614
0
0
1.0684
0.2295
3.9628
17.1741
0.5299
0
0.0378
8.0545
14.2833
0.4347
4.759
0.5622
1.2496
2.2428
6.6005
8.2933
1e-04
0
0.2074
1.5173
2.8511
0.2909
4.851
5.082
11.8688
0
1.0159
0.1485
0
0
0.0798
2.2611
0.006
0
0
0.0657
0.0694
2.914
0.1231
0.0037
0.0984
0.9514
0.0478
0
0
3.3855
2.919
5.4003
0
0.0835
0.0883
0
0.267
2.8711
2.0225
0.2757
0.4554
0
0.0058
0.1656
0.0988
0
0.0012
0.6525
0
0
0
0.0126
0.0833
0
0.003
0.0258
0
0.0622
1.8097
1.7558
7.8112
12.4937
1.3639
0
4.1551
0.7505
0.0252
0.3139
1.0143
0
0.21
0.04
1.0089
4.1276
0.6749
0
0
0.4407
0.2331
0.6783
0.0107
2.3114
0.9736
9.1411
16.1882
3.3175
2.007
4.2814
2.8161
0.0275
2.4841
0.0111
0
0
0
0
0.4132
9.7814
0.1539
0
0
0
0
0.0036
8.9569
11.7686
0.0319
0.9974
3.1508
5.4049
0
0
0
0
0
0
0.0062
0
7.2026
4.7336
0.9936
0
3.8066
0.2824
3.8958
0.3043
0
0
0
0
0
0
14.3737
15.593
3.5669
0
29.4839
1.2608
0.0823
0.0126
0
0
0.0739
1.4806
0.4393
3.1087
18.0335
1.133
0.2915
0
0.7752
2.1974
1.3732
20.2029
4.5614
0.2312
0.1101
0
0
0.5289
0.0026
0
0
1.1569
1.1265
0
0
1.7887
0.6936
1.0469
4.5073
0.1209
0.4965
0
1.5757
0.2825
0
0
0.2212
0.1233
0.0957
0.2615
0.1593
0.1475
2.7774
1.1218
4.6049
4.8399
0.2136
0
0
0.6986
0.4105
0.1339
0.6758
0.2069
0.423
7.354
0.0015
0
0.1929
0
0.0462
0.8508
0.4884
6.344
1.5038
10.858
14.0201
0.3402
0.5551
0
0.2385
0
0.0555
0
0
0
0.097
5.8498
2.2773
0
0
0.0793
0.3452
0.4692
0.0953
0
0
0
0
0.0679
0.381
0.0228
7.8536
1.4741
1.48
2.0614
0
0
0.1857
0
0
0
0
1.0805
1.4553
0.7628
2.662
4.6115
0.0013
0
2.8126
0.4024
0.1874
0
0
0.6774
0.0106
0
9.468
0.124
0
1.3758
0
0
4.0785
0.6394
1.9833
0.1712
0
0
0.0939
6.1812
0.0666
1.6503
15.9732
4.8821
0
0.3593
14.1611
7.5794
21.1483
4.9692
0.0524
0.5669
0.1623
0
0
0.0322
0
0
0
0
0
0
0.3647
3.4728
2.0306
2.5462
6.6611
4.1012
0
0.0243
0.0527
0.1155
0.9194
5.1043
1.3325
0.026
0
0.6321
5.8736
0
0.1654
1.8381
0.3675
0
0
0
0
0
0
0
0.5876
6.0939
4.8099
0
0
0
0
0
3.7859
0
0
0
0
0
5e-04
0.5958
0
0
0
1.0995
3.7506
0.5582
1.3591
0.4848
0.2385
0
0
3.185
5.7435
0.0711
3.4901
35.8573
12.6966
15.5273
4.2855
0
10.0072
0.709
0
0.8934
1.5274
0
1.6159
0.2556
1.9656
10.0902
6.1005
0
0
0
1.41
1.2202
0.0593
0
0.2538
0.1209
0.0215
0.0485
0.8597
11.6995
0.438
0.3097
1.5939
0.4981
2.9226
11.8469
1.775
1.7977
0
0.1059
0.1698
0.0913
10.3074
9.0028
0
0
0.0425
0.0024
0.1045
3.2806
1.3395
25.9488
15.2686
0
0
0
0
0.5553
9.4656
9.4301
1.0686
0
0.0921
0.5147
0.1716
0.2427
1.9277
3.1743
0.303
1.1551
1e-04
0
0
0
0
1.4435
1.8482
0.012
2.3353
0
0
0
0
2.0702
0
0.4407
4.2105
0.2736
0
7e-04
5e-04
0
0
0.6109
10.4151
4.3133
1.7623
1.2069
0.8103
0
1.0053
0.0503
0
0
0
0
0.5144
0.9095
4.5577
0.0066
0
0
0
0
0
0
0
0.0062
2.5076
0.0245
0
0
0
0.7683
1.3602
0
1e-04
0
0
0
1.9874
7.6775
0.433
0
5.0198
4.6709
5.9554
0.0112
0
13.848
4.0951
0
0
0
0.1719
0.0049
0.1985
0
0
0
0
0.4237
0
0
0
0
0
9.142
7.4562
0
0
0
0
0
0.4714
6.444
1.1172
16.5663
1.6381
10.7479
4.7245
2.682
0.4938
0
0
1.315
3.7001
9.023
0
0
0
0
0
0
0
0
0
0
0
0
0
1.5295
2.7295
3e-04
0
0
0.8701
3.1449
6.5446
0
0
0
1.2354
0.7786
1.2035
5.5073
20.3667
6.5369
0.1331
0.0304
3.3555
31.539
6.3234
2.1343
0.6407
0.5634
0
0.0265
0
0
0
0
0
0.3062
0
0
0.4858
0
0
0
0.0542
0
2e-04
0
0
0
0
2.0587
0.6193
0
0
0
0
0
0.3057
1.2617
0.8346
0.0164
0.151
10.1728
8.4419
0
0
0
0
1.4399
1.5944
17.2263
14.8791
9e-04
5e-04
0
0
0
0
0
0
0
0
0
1.0136
1.2244
0
0.0304
0
0
0
0.8349
1.3279
0.0283
0.0573
0.1465
0.1454
0.1529
0.2908
2.4404
0.0344
0.1907
0
14.3294
20.5623
13.9853
0.3284
13.0627
0.3886
0.0119
0.0711
0
2.7781
10.858
1.4963
2.3385
32.3859
0.0296
0
0.0132
1.6522
0.0052
0.0242
0
0
3.7865
0.0609
0.4021
0.0035
0.7796
5.2001
0
0
0
11.564
6.7157
6.0572
0
0.3452
5.6303
0
0.0305
4.639
13.8945
5.6263
0
0
0
0.918
18.0036
8.4054
0.077
0.136
21.1384
8.0564
0.0085
0.0239
6.01
9.5493
4.1384
0.0272
0
0.4726
0.0235
1.8035
0
10.5805
1.2268
0.2539
0
1.0017
1.6395
0
0
0
0
0
1.4547
0.951
0.3481
2.6623
1.8051
6.291
24.833
4.9407
10.6001
5.2017
1.2975
0
0
0.3099
4.9965
2.8244
0.0279
0
0.0711
0.0617
0
0
0.2462
8.9247
0.096
1.965
10.4056
0
0
1.8091
4.8071
2.6921
16.1745
1.1769
4.0483
8.3069
5.8373
3.4809
0
0
0
7.2916
4.8632
1.2491
8.7097
11.2037
1.7273
0.3824
13.3098
5.0868
1.706
0
2.1551
0.0496
0.8361
4.427
0.0782
13.5259
7.4687
0
0
0
0
0
0
0
0
0
0
0
0
0
0
0
0
0
0
0
0.088
3.3258
0.6508
0
0.3596
2.2419
0.5847
3.0554
1e-04
0.0752
2.393
0
0
13.8009
1.1129
2.9639
0
0
0
0
0
0
0
0
0
0
19.002
5.057
44.6829
11.7885
0.067
0
0
0
0
0
0
1.3679
0.1219
0
0
0
0.1639
2.9033
2.2255
1.5348
0
0.045
0.0224
0.0164
8.8408
1.054
0.5489
0.365
4.1945
1.8112
15.8978
0.5549
0
0.0011
0.3817
16.1208
0.0536
0.0512
4.0073
27.2389
0.2771
0.3118
0.0647
0.0351
0.6823
1.5798
4.0423
0
0.101
0.1897
0.0466
0.0289
0
0
0.0011
0.0575
0.1264
0
0.0051
0.0539
0.7837
0.2617
0
0.0258
0.0016
0
0.4743
2.3753
0
0
0.6375
2.6614
8.7849
0.0052
0
0
5.0202
7.9333
0.26
0.0568
0.1031
0
1.5179
0.7379
0.0325
0.079
0
0
0.2004
0.2268
0.4778
3.4504
8.1122
0.022
0.1351
0.0195
0.683
0.3585
2.6289
1.0952
0.6411
3.9343
0.0135
0.0013
0.0015
0.4992
4.44
1.4189
11.4827
0
0
0
7.1906
11.2086
0.0014
0.0695
2.5365
0.0241
0.0089
0.3941
0.6056
0
0
0
0
0
0
0.6131
3.0612
0.2587
0.0012
0.3013
0.1739
0
2.3296
0.1425
4e-04
0.0691
0.5937
0.043
0.6058
0.0838
0.0665
0
0
0
7.1133
22.2039
7.2773
7e-04
0
2e-04
1.0362
0.4947
11.5025
4.4593
0.5105
0.0246
0.4461
0
0
0
0
0
0.7207
0
0
0.5588
24.6858
18.0649
1.501
0.0245
0
0.4469
0.4299
0.0253
0
0.1361
0.2393
0.899
3.2975
12.4363
0.0014
0
2.4567
1.442
0.0501
0.2146
0
0.1275
0.1804
0
3.0788
4.9625
0.4491
5.2151
3.6056
0.2332
0
1.3344
7.3451
0
15.7114
27.0696
0.2799
0.7713
5.73
0.1564
1.2497
12.7484
18.9787
1.8755
0.4429
0.8286
8.2148
3.3568
1.7974
0.0866
2.2483
11.4285
19.6866
12.66
0.5568
0.0045
0
6.0372
2.417
8.4719
0.0036
0
0.2951
1.8879
0.0849
0.2529
2.3289
1.0816
1.5628
10.2597
0.4619
1.2428
0
0
0.1983
5.9108
4.2467
4.0738
1.3994
11.2175
17.6657
5.2479
3.8116
1.222
4.4226
5.7021
1.964
2.7056
0.0176
0.3243
2.2658
8.9902
6.6709
2.2985
0
0.003
0.8627
8.3594
0.8004
1e-04
0
0
0
0
0
0.0287
0.083
0
0
0
0.0017
1.6428
0.0666
0.495
0
0.0011
0.6678
5.2403
27.2418
1.5176
0.4094
11.8327
0.5098
0.0611
3e-04
0.1894
0.6078
2.791
4.6318
0.0992
0.0077
6.3821
9.7041
16.6428
1.1474
2.637
5e-04
0
0
0
0
0
0.1079
0
0.4746
0
0
0.0536
0.9178
0.6319
0.1883
0.0014
0
0.1534
0.4906
0.4984
1.097
1.4418
0.2749
0
0
0.0443
0.0137
0
0
0
0
0
0
0.0267
0
2.1081
18.4272
0
9.2112
1.027
0.2313
11.2313
0.1949
0.9404
5.944
3.78
1.8612
0
0
0
6.0098
13.6088
0.1414
0.0742
0
1.3037
13.1935
38.6947
0
0
0
0.02
0.005
0
0
0
0.2048
0
7.9181
0.1416
1e-04
1e-04
0
0
0
0.2044
0.6387
22.8263
1.686
1.9509
0.6024
2e-04
7.7587
0.6348
0
0.9755
3e-04
1.2014
1.0716
12.3824
0
0
0
0
0
0
1.9225
5.2428
7.9209
4.2984
3.3959
1.1286
0
0
0
0
0.3929
1.6267
0.4102
0
0
3e-04
0
0.4118
0.5595
17.8907
13.008
0.0022
4.8694
0.6197
4.7107
12.2461
0.6284
0.5251
0.7429
0.7462
0.9202
0.0021
0
0.7424
0
30.7784
8.3188
1.9091
0
0.0012
8.399
26.4395
0.0712
0.0123
0
0
0.4422
4.9037
10.3068
0
0.2579
0.1069
0
0
0
0
0.8686
0.3575
0.2487
1e-04
5.054
0
0
0
2.9563
0.6432
0.0262
0
0
0.2132
2.9161
5.2324
0
0
0
0.0015
0
9.3742
0.5894
3.559
4.1177
4e-04
11.1989
3.9884
0
0
0
0
0.202
0
20.735
2.0192
0
0.1614
0.7545
0
0.3185
1.9949
0.3741
0.2254
1.0212
0.5778
2.9967
0
0.1952
0.9993
3.1668
3.0762
0
0
0
0
2.7315
48.1919
0.0028
1.8064
12.1261
0.1523
0
9.716
4.3577
0
1.4634
2.5313
2.8959
0
0
0.0039
24.6705
0.0507
0
0
0.3775
0
0.001
0
0.8528
1.3213
0
6.9017
1.905
0
2.5519
10.3553
2.8414
1.353
0
0
1e-04
1.9569
9.3228
0
0
0
2e-04
0
0.0017
21.6934
1.0202
0
0
4.5314
1.4649
0
0
0
0.0011
0.0064
0
0.0463
0.0488
0
0.6902
5.5767
4e-04
0.0065
3.6303
5.8209
18.795
3.2206
7.235
1.9824
0
7.241
0.6962
0.6409
0.2486
1.5068
0.0029
0.5139
4.4995
0
0.3271
23.1728
5.3458
1e-04
0.3467
0
0
0
51.7864
0
0
0.1969
9.6483
8.2543
26.5735
32.7801
7.6689
0.1611
0
0
0
1.6437
0
0
0
0
2.0108
0.4989
0.2309
0.6936
0.5543
0.0163
12.9891
0
0
0
16.246
0
2.3082
0
25.6873
0
0
12.386
0.5142
1.8716
0.0015
0.4395
0
0
0
5.0338
0.6477
27.4297
0
0
0
0
0.6931
2.7329
0
0.0654
0.1036
1.6075
1.7748
0.7781
8.9971
2.2631
0.6381
0
6.8768
4.1182
1.3499
0
0
0
0
5.0116
0.2875
10.4601
0.1469
0
0
0
0
0
2.9218
3.4584
10.9696
0
13.3873
17.1147
18.213
0.8904
0.011
0.7525
1.2297
1.171
5.9941
9.2312
0.1253
0
0
0
0
3e-04
1.0163
0.032
0.1622
2.3808
0
0
0.6326
0
0.0104
0.0493
21.8969
0.0012
0.1063
0
0
0
0
1.6674
0.0331
2.7718
36.1809
0
0.4075
1.5756
0
0
0
0.4075
0
0.5135
0.7289
0.6652
1e-04
0.493
0
0.8054
0
0
0.2024
0.9803
1.2038
0
0
0.001
7.5778
5e-04
0
0
0
0
0
0
0
0
1.4186
2.1462
18.0415
3.078
0
0
0
0.1476
0.9628
1.4174
2.0737
0.3324
0
0.4196
0.2166
0.0212
0.1889
0.0683
0.2189
0
0.2706
11.1244
1.6074
0.5332
0
0
0
0
3.6012
9.3852
0.2354
0
0.4194
0.5464
0
16.9589
2.3825
0.7869
0.0084
3.1901
2.0925
4.4185
1.2612
1.9024
0
0
0.6381
18.375
0.2044
0
0
0
0
0
0
0
0
0
6e-04
9.1723
4.3983
5.0255
9.8644
0.8741
0
0.0425
0
1.1506
0
0
0
0.9572
14.5167
0.0517
8.4395
31.0276
16.0665
2.5014
0
0
4e-04
1.543
0.0539
2.5406
0.0246
0.5329
0.3307
0.0418
0
1.0345
0.3742
5.7387
0.3153
0
0
0
6e-04
0.1663
0.1851
0
0
0
0
6e-04
0
0
0
0
0
2.0843
3.3783
4.0942
0
0
3.3522
16.6428
25.1754
13.0292
1.4462
2.6783
0.2445
0
0
0.3095
7e-04
0
1.1539
0.5439
1.7648
0.0046
3.109
0.6218
0
0
0
7.8299
11.9585
1.3607
0.1467
0
0
0.4494
0
0
3.4172
6.8577
0.1903
12.4214
13.4521
2e-04
0
1e-04
0
0
0
12.1414
0.4689
0
0
8.5844
0.4192
0
0
0
0.0018
0.1334
15.6304
17.7951
1.6499
0
0
0
8.3819
0.0116
26.7115
4.4123
0
7.9765
0.3733
0.1071
0.1407
0
0.3987
0.0624
17.6593
0
0
4.4719
2.1516
4.8348
9.9434
5.4834
2.6258
0.6071
0
1.4043
5.6655
0.3195
0
0.117
0
0
0
0
0
0
0
0
0
0
0
0.4218
2.4358
0.0065
0
0.0425
0
0.1044
0.0268
0.7085
0.063
0.44
0.4773
1.006
1.6747
0
0.003
0
1.3129
12.2571
4.7398
26.236
25.8985
0.704
2.1252
2.9033
0.2481
0
4.9887
0
1.4902
0.1619
0.2027
0.0206
1.9619
8.838
23.962
24.6362
8.8901
4.2375
0.0316
0.0044
0
4.5645
0
0
3.0731
0.8658
0.5963
0
0
0
0
0.0013
1.5807
2.101
0.0365
0
1.9513
6.2921
10.7118
33.8587
17.5844
2e-04
0
0
0
0
0
0
0
0
0.4294
0
8.5531
31.4179
4.4256
12.5537
0.0197
8.1095
5.0344
0.003
0
0
0
0
1.7275
0
5.4631
0
0
0.1358
0.7934
0.1371
40.9237
48.6844
0.0632
0
0.0892
2.1238
0
0
0.0066
0.0374
0
0.2952
0
0
9.2985
1.7943
0.0014
0
0
0
0
0
0.0126
0.3007
0
0
0.2159
0.7447
14.2475
0.113
0
7e-04
0.1307
0.0032
0.0444
0
0
0.0628
0.3432
1.224
12.1441
0.2901
0.3967
4.6588
9.1156
1.2285
5e-04
0
0
0
0.0437
0
0
0
0.0018
6.6155
0.1077
0.8235
2.68
1.8523
0
0
0
0
1e-04
0.0404
0.0043
6.7635
0.3457
1.3828
0
0
0
0
0
0
0.0047
0
23.0539
0.1425
0
0.0224
0
0
0
0
0
0.0012
0.9609
0
1e-04
1e-04
0
2.5488
4.1789
0
0
3e-04
0.0883
1.0544
0
0.4234
0.0033
2.2323
5e-04
3.5981
0
0
0.0012
0.427
0
0.2028
0
0
0.3249
0.8844
0.0122
0.3203
2.7114
12.1014
9.0173
0
0
0
0
0
0.0146
3.4204
0.0023
0.2771
0.0954
8.6826
9.2303
1e-04
0.0293
0.2724
2.2405
0.0179
8.2978
0.4378
0.1509
6.6722
7.1446
2.6819
0.0144
0
0.6925
5.6275
0.0533
0
2.0293
10.209
3.9697
0.2002
2.0369
0
0
0.2404
0
1.9643
0
7.0426
1.4629
0.1568
1.1149
0
0.4989
11.0028
0.1543
0
0
0
8.4641
0.3306
0
0
0.4021
2.5704
0
0.703
0.4348
0.3228
0
0
0.4196
2.8375
2e-04
8.7732
6.6739
1.5674
2.9771
17.2756
0
1e-04
19.5211
0.4749
4.8805
2.5674
0
0
0
0
0
0
0
0
0
0
0
0
0
0
0
0
0
0
0
0
0
0
5.1917
2e-04
1.524
4.9832
0
0.4339
0
0
30.2692
0
12.0626
1.7612
0
0
7.2144
16.8842
4.9941
2.5062
2.0015
2.5457
1.3636
2.8142
20.4449
0.3031
0
0
0
0
0
0
0
0
0
0
0.0226
0.4643
0
2.7933
0.5016
0
0
0.1147
3.5878
1.3877
0
0
0
1.229
0.0352
0
0.3606
11.3082
7.9454
10.8404
0.2783
0
0
0
0
0
10.4732
6.0469
4.4828
0
0.0288
0
0
0
0
0
0.5102
13.2308
16.3619
0.0263
17.331
0
0
2.9517
0
0
0
0
0
0
1e-04
1.2023
0.3306
10.2071
1.5093
0.3308
0
3.7095
5.4533
0
0
0
13.3357
0.0416
0
8.4924
1.117
0
0
0
0.1342
0
0
0.2472
6.6224
8.7912
0.4732
8.8603
4.9175
4.5352
6.4101
0.8299
0.4024
0.2733
3.681
0.0709
0.3141
0.8368
13.4041
9.3046
0
1.6345
0.3766
0.646
5.7012
11.4516
0
2.9972
0
0.0017
4.77
14.1955
2e-04
0
0
0
2.8841
0.0305
0
0.2529
0.3814
9.4726
4.9327
6.2484
0.6133
1.0897
0
0
0
0
0.0348
8.3603
0
0
4.4455
0.4885
0.1137
1.0373
0
0
0
2.3609
0
0
0
0
2.0321
0
2.2162
0.2216
0
0
3.9593
0
0.4066
1.0006
0.3963
27.4596
3.0946
0
0.0282
0.5525
15.1658
0
0
0
2.7818
11.4925
1.3494
0.0208
0
14.4497
0.1357
0
0.0123
12.3804
0.3116
0
0
0
0
0.6281
0.1136
0.0258
0
0
0
0
0
0
0
35.6864
5.4077
0.072
6.0464
0
0
0.1882
0
0
0.2666
0
0
0
0
0
0
0
0.6132
1.8995
0
0
0.2927
0.2107
0.12
11.0754
0.092
0
0
0
0
0.028
0.6703
0.3087
12.4018
0.8312
0.1276
0
0
15.8535
0
0.2218
5.2557
21.8615
1.7778
0.5362
0
0
0
0.4529
0
0
0
0
0
0
0
0.1127
0
0.0346
0
0
0
10.6743
10.9841
0.0621
0
0
0
0
1.4883
0.0727
0
1.0421
0
0
0
0
1.3637
3.8048
2.0713
0.056
0
1.2969
0
0.0255
1e-04
0
1e-04
0
4.8445
1e-04
0
0
3.0804
1.1607
0
0
0
0
0
5.8508
11.2368
0
2.9534
2.9794
0.2019
0.0304
0
9.8954
0.229
0
0
0
1.2924
0.6492
8.3733
0
7.1032
0
0
0.4794
0
0
0
0
0
0
0
0
0
5.4361
3.6074
0
0
0
7.0008
0.0504
8e-04
5.4378
10.0801
0.0509
0
0
0
0.2474
0
13.8283
3.3076
2.2971
0
0
0
2.3865
8.6735
2.4174
0.2735
0
9.7036
28.8845
0
0
1.1986
0
1.3734
0
0
0.0014
1.5976
0.3623
1.5074
10.4456
6.987
0.1684
0
0
0
0
0
0
0
0
12.6917
10.7458
0
1.3112
4.8547
0
0.1104
0.8588
0.7286
10.2533
0
0.7627
0.8159
0
0
0.4515
0.0498
2.2879
32.1831
0
0.0023
0.3699
9.8228
0.4525
0
0.0044
3.1847
35.835
1.7415
4.1162
0
0
0
0
0
28.2056
4.3139
0
0
0
0
0.463
6.9948
12.7037
11.8886
9.5538
8.2696
3.2437
18.6062
0
0.0128
22.2747
1.6539
0
2.7809
22.7179
0.0037
0.8262
0.386
1.3087
0
0
0
24.7761
0.0944
0
0
0
0
0
3.403
4.7803
0
0
9.4942
3.4857
1.8312
0.0305
0.0254
0.1014
0.0024
0
0
0
0
0
0
0
1.1055
23.9526
15.8455
8.9798
1.4067
4.3555
5.9019
0.0881
0
34.5645
28.9891
0
0.4603
0
0
0
0
0
0.0328
0
5.433
2.5464
0.0035
0
0
0
21.221
7.7814
0
0.647
8.4143
0
0
0
0
0
0
0.0373
2.295
0
0
0
0
0
30.0724
3.3531
3.7863
0.3238
5.0831
1.4737
0
0
0
0
5.4697
12.0984
0
30.1637
5.7227
1.5951
0.1222
0
0
0
0
0
0
0
7.7324
23.5426
5.9432
0.8215
0.5269
0
0
0
0
0
0
3.4765
0.0024
4.6994
0.0547
0
0
0
0
0
11.6182
1.6878
0.0025
0.2944
0.172
0
0
0
0
4e-04
1.3736
0
0
0
6.3451
0.8505
8.2437
9.294
0.0461
0
1.0779
0.0757
0.5556
0.0789
0.1454
0
0
0.4912
0.1673
0
0
0
6.0285
2.1848
2.5832
0.0343
2.1748
0.39
0.0741
0
0
0
0.1234
0.0691
3.4649
3.272
0
0.3397
13.4487
5.8029
3.0607
8.23
0
16.1742
5.332
0
1.4511
0.0774
0.4149
9e-04
0
0.1036
0.012
0.1439
0.3741
0.3739
0
4.5027
0
0
0
0.328
0.3279
2.0992
0
0
0.1255
0
0
0
0
0
0.4543
0.5016
0
0
0
0.0705
0
0
0
0
0
0.4747
0
3.3705
0.2377
0.2031
9.2667
2.1444
0
0.1227
0
0.2623
1.0291
1.6262
0
1.3475
11.0294
6.7318
0
0
0.0224
13.427
2.4223
0.9275
0
0
0
0.0219
0
1.0834
0
1.0757
3.1414
0
0
0
0
0.0297
0
0.0256
0
1.8658
0
0
0.2958
0
1.2502
3.4393
9.3292
0.0256
0
9.1335
2.3563
0
0
0.0183
0.0544
0
0
0
1.05
0
0.1279
0.0408
0
0
0
5.9135
0.0071
1.3226
0
0
38.8284
0.2602
0.7706
5.1593
3.2068
8.0923
0.2609
0
0
10.66
0.428
1.1515
0
0
15.5992
0.8791
6.9914
0
0.2096
0
0
0.0286
0
0
0
0.1563
0.0605
0
0
0
0
0
7.7774
0
0
0.0036
12.6971
0
0.0795
24.6934
13.6787
0.7299
3.5096
0.0696
0
7.4247
2.6064
0.4719
3.3333
8.376
7.0158
11.0428
0
3.4112
0
0
4.7922
7.4242
0.3002
0.884
2.9438
13.7046
0.3818
0
0
7e-04
0.0031
0.0077
0
0
2.8947
3.2459
0
0.1256
0
0.1061
4.9348
4.1585
3.6065
0
0
0
0.591
2.0393
1.1009
1.3286
3.1918
0
1.8001
3.8348
0.5212
0
0
0.1767
1.2132
2.8373
0.0826
0
0
0
0
0
0.0488
3.0518
1.9941
0.5547
14.2253
3.0319
3e-04
0
26.6894
0.212
0
0
1.1021
4.7609
0.1509
0
0.2443
15.3114
0.0896
0.0327
0
2e-04
0
14.4861
1.6507
0
11.9983
0
0
0
1.312
0.0753
0
7.4159
0.6502
0
6.4587
12.6134
0.1206
0.1366
2.5742
2.8278
0.0131
0
0
2.2184
0
0
0
0.0577
0
1e-04
0.8513
5.3751
5.0436
26.4663
0
0.1365
0.8081
4.4101
0
0
0
3.9379
14.5706
0.5419
11.5942
0.215
0.0671
12.8022
1.678
1.6149
0.3442
0.0849
0.1816
0
0
0
0
0.6422
29.0708
12.0675
0
0
0
0
2.9245
20.6298
0.2217
16.7056
3.3687
17.0031
0.5854
0
0
0
7.0349
10.4603
9.1204
6.8137
11.153
0.5582
0.0679
0
0
0
0.1313
0
1.9154
0.0389
0
0
0
0
3.5387
0.0159
0
0
0
0
0.0822
2.1895
0
0
0
4.1749
0.1503
0
0
0
0.8494
3.4009
0.023
4.0085
6.5887
9.9871
17.2107
0.07
0
0
0.494
0
0.2183
0.003
0.1788
0.1893
0
0
0.3919
5.1259
19.0643
0.2392
3.436
21.9134
4.0351
0.4298
0.1434
0
0
1.7798
0.378
0
0.3928
0
1.9993
0.2097
0.0473
0.0492
0
0
0
0
0
5.428
1.1503
0
0
0
0
1.0537
0.8059
1e-04
0.4254
0
0
0
0.1321
0
0.0341
0
0.3057
5.868
0
0
0
0
1.2745
20.84
12.5891
28.1433
0
0
0
0
0
0
0
0
5.3105
5.4409
1e-04
0.0291
0
0
0.4148
0.3369
0
1.0862
8.0856
0.7211
1.0622
0
0
0
8.3731
0.0028
0.794
0
1.1882
9.1121
0.3766
0
0.1165
0
0.0291
9.4364
0
0
0.2006
0
0
1.4388
4.6999
1e-04
1e-04
0
4.0101
0.7418
0.0373
0.5824
3.9549
5.9405
9.9019
1e-04
0.247
7.1075
8.4121
0
2.7843
7.3297
6.8177
0
0.152
0.7798
0
12.2925
9.683
0
0
5.0346
22.2068
6.3501
0.0616
0
0
0
0.2782
10.9135
4.575
0.4715
0.0012
0
0.8853
0
1.421
10.6166
0.3003
0.1827
0
21.2041
0
0
0
5.055
2.1392
9.1898
1.7841
0
1.9695
18.7463
16.3362
0.3931
0.988
3.3661
6.4653
1.7892
0.423
0.9891
0
0
0.0918
1.3215
6.7617
3.5948
0
2.3146
4.6043
2.9511
0.3403
0
0
9.941
18.5152
7.9691
11.0861
0
0
0.0256
0
0.001
5.6108
0.3279
7.6423
0.432
0.2874
0.2899
0.3746
0.2034
0
2.5575
0.0017
0
0
1.3841
1.0681
1.231
0
0
0
0
0
0
4.6778
0
0
0
0
4.2925
1.7199
0
0
0
0
0
0
0
8e-04
2.4398
0.0082
0.2941
0.8237
8.948
0
0
4.484
4.7416
2.5343
11.9155
1.5155
0
0
0
0
0.5227
5.2933
0
0
0
0
0
0
2.7181
0
3.6023
1.2931
4.5686
1.3511
0
12.6243
0.2729
0
9.6331
22.8279
6.2364
0
0.0257
0
0
0
0.0256
0
0
2.9421
0.0292
0
0
0
0
0
0
0
0
0
0
11.7287
4.0403
0
0
0.6165
2.2429
18.6442
8.4179
0.1239
0.1237
0
0
0
39.3849
0.0544
0.0881
0
0
0
0
5.4808
0.1749
0
0
0
0
0
0.0406
0
0.5265
0
0
0.1287
0
0.449
11.4369
0
0
0
0.4009
0.1634
19.0502
2.0528
0
0
3.5376
0.0069
0.0383
0.038
0
0
1.0554
6.7611
0.876
0
0
0
19.5922
11.1374
0.0821
0
0.0761
1.3988
3.4379
0.0619
0
3.3893
0
2.7939
13.311
0.3116
0.3415
6e-04
2.4234
0.6974
0
0
1.2533
5e-04
1.7739
1e-04
0
0.2656
0
0
0
0
0
1.2521
0
0.7731
6.4126
0
0
0.236
2.2627
20.9019
4.091
0.5863
0.4017
0
0.5334
8.5906
0
0
0.3708
0.3587
8.8873
8.9424
3.6744
4.4155
0.1723
0.8951
0.7456
2.7967
0
0
0
0.1935
0.2206
0
0
3e-04
4e-04
0
0
0
0
0.6615
0
0
0.217
0.0458
0
2.8761
0
0.5525
4.4972
0.1964
0.3822
0.7217
0
0
4.1077
1.0243
0
0.2427
0
0.2152
0.6378
0
0.0982
0
5e-04
0.6793
0
2.4948
0.2409
0.968
0
1e-04
16.8766
4.9761
1.3745
0
0
0
0
2e-04
1.6
0
0
5.5007
0.8274
0
0.4342
3.511
0
0
0.2316
18.2806
0
0
0
0
0
1.5559
1.1339
10.6861
0
0
0
2.462
4.5009
0
0
15.0588
0
0.2889
1.6955
0
0
15.2764
19.9406
4e-04
15.4484
0.1595
0
0
0
0
0
0
0
0
0.3505
1.1924
1.07
2.7684
1.7396
0.1412
0
0
0.1182
0.9127
0
0
1.9097
0.2273
5.1326
15.3467
0.3997
0.0865
18.5606
0.3598
16.0054
12.4494
19.3696
12.5261
6.9261
6.3407
0.348
0.0611
5.7627
0.9253
0
0
0
11.5477
0.111
0
0
0.037
0
0.0271
1.1936
3.2371
0.9742
0.0305
14.8405
0
0
5.8279
1.1067
0
0.1259
1.6337
24.9403
0.1244
0.0383
13.0314
22.3126
1.6874
6.7429
1.0357
0
9.0859
0.0981
1.5589
0
0
0
0
0
0
7.4033
4.3804
0.1153
1.3923
4.8384
9.3148
6.1582
0
2.6419
4.3012
0.4593
19.4464
34.2282
10.2586
4.8025
2.0675
0.1799
0
6e-04
0.5214
0.1661
0
0.2495
0
0.4534
31.378
3.6188
0.8366
0.5274
0
0
23.8061
1.7506
0
0
0
0.1442
20.2064
14.182
7.8382
2.7437
1.3378
5.0571
2.0056
0.035
0
1.2007
3.5232
0
0
3.2917
3.9531
1.2611
0.0749
0
0
0
4.6925
0
0
0
6.0202
3.7339
0
0.2345
6.323
2.848
43.1335
3.114
1.0903
0
0
0
0
0
0
0.1242
0.0382
0
0
1.5434
6.9872
0
0
0
19.9349
0.2871
0
16.6863
1.3118
2.0888
4.8366
0.3832
31.9314
3.0477
1.7622
0.2689
0
0
2.6843
3.5411
0
0
0
0
0
2.3373
0
0
0
21.6471
4.8325
1.3531
0.213
0
0
0
0
0.2651
0
0
4.3408
16.7849
0.0651
2.0943
1.9078
0.0446
0.1278
2.6272
0.1981
4e-04
0.0714
6e-04
0.1464
0
0
0
0
4.3004
7.3001
0.915
1e-04
1.6167
1.4316
0.3152
5.4998
4.665
0
0
0
0
5.6725
0
0
20.8238
12.9899
0.0135
0.0165
0
0
0
0
13.3449
0.9322
0
0.087
0.6648
12.6542
0.5963
0.0417
0
6.0914
0
3.3721
0.099
0
0.3546
1.4062
0
0
20.3535
2.3486
1.5794
0
0
0
6.7844
11.048
0
0.2213
2.8949
2.5681
19.2455
3.0874
0
0
0
0
0
0
0.0484
0.1078
0.9336
0.9067
0
2.6372
1e-04
0.2223
0
0
4e-04
0.8919
0.3585
0.2114
2.6761
7.3311
0.032
0
0.3894
0
0
0.0034
6.7687
0
2.1647
0.5024
0.8459
0.1796
0
0
0
0
0
0
0
0
0
0
0
3.1635
1.0406
0
0.5713
0.8971
0.0351
0
0
0
0
6.689
0.4361
0
8.6857
6.4786
0.0366
0.7874
0.4986
7e-04
0
0.2424
0.1285
0
1.9078
0
4.1375
0.6239
2.2625
1.5986
6.2316
0.11
0.918
0
4.3509
2.9872
11.028
3.96
0
2.6081
19.948
3.2229
1.8927
6.4507
0.2968
0.3465
0
0
0
3.6062
0
0
0.1675
2.6744
5.4445
2.7929
0
0
1.8515
0.244
0.0269
0.0538
4.3369
1.2269
2.2989
0
5.1942
1.0037
0.6031
0
0
6.6282
5.1118
22.3512
0.0013
0
0.0326
0
9.7864
0
0.0011
2.6864
1.7474
5.9204
3.4157
4.9112
12.4619
0
4.1621
10.072
3.5558
0.0013
49.2136
4.2755
0.1656
6.535
0.3632
0.0444
0.0571
0.4509
0
8.3568
25.3451
0.5421
2.4151
0.0888
0
0
0
0
0
9.2277
5.8886
32.032
8.7914
0
13.0594
2.1162
3.7283
5.1463
2.4391
0.1659
0
0
0.2911
0
1.4482
6.8722
0.0663
0
9.3192
0.1939
0
0
8e-04
0.0853
4.4799
0.2808
0.8246
4.4928
0
0
6e-04
0.4927
7.9588
0.3429
0
0.9826
2e-04
6.6666
8.3296
4e-04
1.1736
0.7188
8.1356
4.4396
0
2.27
3.226
2.5633
0
0
0.6677
13.2649
1e-04
1e-04
0
12.3604
1.3903
0
1.0072
0
0
0
0
0
0
0
5.2256
0.1602
0
6.2745
14.8628
14.5237
0.0867
0.5479
0
0
0
1.1593
13.184
8.8183
8.904
0.1187
0
0.0496
0
1.8308
0.3837
0.2549
0
0.5344
22.1186
4.7627
0
0
0.0377
0.0496
0
0
3.5382
11.5396
0.4778
0
0
0
0
0
0
0
0
0
0
0.9075
0.0351
0
1.3677
0
0
0
0
0
0
0
0
0
0
3.1911
0.0152
18.072
0.6442
0
12.7191
0.7708
0.5806
0.1555
0.1047
5.2424
3.8108
0
1e-04
9e-04
0.1174
8.2199
1.8417
0
0.197
18.6375
0.2479
16.9646
0.0406
0
0
0
0
0
0.425
0.3329
0
0
0
3.3399
4.7494
0.8208
15.812
1.7099
0.1061
1.6904
0
14.6907
5.7989
0.0857
0.1263
2.3049
0.6816
6.3674
7.1764
0
0
0
0
2.2635
7.6055
1.7752
1.9209
1.6476
2.0752
1.2744
0.4894
2.3125
0
0.202
0.1366
1e-04
2.6907
0
0
10.906
20.3076
0
0.0449
0.0312
0.2776
0
0
0
4.2736
0
3.4809
19.6862
3.3705
25.5273
13.6991
0.0104
7.8826
0
0
8.6663
35.0383
13.1981
5.5246
0
0.8314
0
0
1.5115
0.4617
5e-04
6.8965
0.2654
0.0021
4e-04
2e-04
0
0
2.4195
0.7345
0.028
0
0.0081
0.1825
0
0
0
6.1411
6.5851
4.3351
0.2583
0
0
0.2758
2.4658
0
8.8745
0.0928
0.0162
0.0188
6.396
2.4701
0.2488
0.0211
0.445
0.1466
0.0312
0
4.0731
3.5208
0.0027
0.8424
0
0
0
0.8507
0
0.0843
0.1644
2.402
2.0987
0
0
0
0
0
0
3.6233
0.9818
0
0
14.2274
1e-04
3.7672
1.562
0.8562
2.6961
0
0
0
0.7439
25.0763
0.8868
0
0
0
2.5327
0
0
0
0
2.7123
0
0
0
0
3.0762
1e-04
2.7028
7.2179
7.8207
10.3839
26.5777
8.8657
2.3837
13.5067
1.5208
8e-04
0.8615
2.409
0.0908
4e-04
1e-04
0
0
0
2e-04
0
1e-04
0.9465
2.1614
0.9199
1.2881
9.6381
0
0
0
0
6.3276
1.9907
0
0.9682
5.4062
2.1048
0.3941
0
0.4435
5.851
0
1.8242
0.0351
0.1758
0.0218
0.3897
0
0
3.9109
0
6.6534
2.4071
2.3067
1e-04
0.0332
0.5844
2.3263
0.0683
1.7739
2.7688
0
0
0
0
2.0495
0
0
0.5169
4.8422
5e-04
4.694
4.644
11.1804
5.0346
0
0.1602
0
4.5591
0
0.8527
0.1265
1.7852
0
0
5.2565
2.93
18.1916
1.8402
14.1527
3.4928
0.5574
8.2521
0
23.3487
2.7257
0
2.0853
4.9523
3.7999
40.2154
1.5792
0
5e-04
0
0
1.5713
1.5713
0
4.6726
0
2e-04
0
1.8065
7.2066
0.6614
0.0025
6.8613
10.3
0.9127
0.0249
2e-04
0
2.4975
4.7856
0.223
0
0
0
0
0.0153
4.2746
0.0267
0
26.7275
35.1091
0
0
0
0
0
0
0
11.4588
0.5557
0
0
0
0.3083
1.8232
0
24.6086
1.2696
0.293
1e-04
0
0
0.005
23.6326
1.0636
4.9551
37.9494
0
0
7.015
0.1363
0
0
0
0
0
0
5.1033
5.1494
0.3257
0.4042
0.9258
0
0
0.2843
0
0
0.5637
0.2986
0
1.6986
1.4256
5.0011
0.1344
23.2044
6.0633
2e-04
0
0
0
0
0
4.8958
0
0
0
0
4.4476
0
1.8785
4.1894
0
0
0
1.1696
0
18.1715
4.5748
0.15
0
0
0
0
0.0629
1.3713
1.2088
0
0.0721
1.5079
1.1607
15.7231
0.0526
0.288
0.0449
0
4.5428
0
0
0.0302
1.4446
3.155
0
0.3808
0.1937
0
0.0308
8.8549
0.1968
0
0.0109
0.0214
0
0
0
0
0
15.8156
2.2266
0.024
7.5011
5.664
0
5.0535
0
20.1835
5.4131
0.4321
1.2581
0.5089
0
0
0
0.3462
1.9356
0
5.5787
2.5101
0
0
12.4446
13.9876
0
0
2.3513
0
0.2764
0.4859
0.8547
0
0
0
6.4109
0.074
0.0673
0
5.8418
8.7739
18.5077
1.4714
0.2045
0.0247
0.0465
0.2281
2e-04
0.3494
0
0
0
0
8.4114
8.5159
0.0164
0.017
0
0
0
0
5e-04
0
0
0.3295
0.1857
0.0098
1.904
0.0377
0
0
0.1792
0
0
5.8467
3.2243
0.5155
13.7951
9.7716
0.4127
0
0.6954
0.8105
0
0
0
0
0
0
0.2704
0.2171
0.7577
0
0.7002
0
0
1.5989
7.4904
2.2212
7.9773
1e-04
0.0319
0
12.7079
0.085
0
0
0
1.1099
0.1098
7.6998
0.0145
0.3128
6.6458
0
0
0
2.5424
7.6215
2.7207
2.4826
4.6954
0
0
0
0.4206
0.121
0.2842
10.456
0.3812
0.001
0
0
0
0
0
6.0795
18.5373
8.5488
12.5891
7.8241
16.4376
9.433
3.0818
9.5096
3.1245
2e-04
1.0639
0
0
0.0865
22.2585
11.9655
2.6489
0
0
2.3306
2.8849
7.8515
13.9952
8.6016
2.9439
0
0
6.5719
1.8478
3.4832
0
0
0
0
0
0
0
0
1.1153
11.9502
10.0603
23.8082
64.4009
1.7601
0.022
2e-04
0.8414
1.0958
2.9108
0.0024
0
0
3.5549
5.565
7.5626
0.0653
0
0
0
0
7.9369
5.2253
28.8371
5.5173
19.9618
2.3797
0
0
0
0
1.0151
0.5655
8.3509
0.0876
0
0
0.7098
3.0437
21.0499
0.038
6.9466
0.0085
5.1425
0
7.307
0.1345
0
0
0.775
0
0
0
0
0
0
4.3178
0.5973
0
0
0.1815
4.693
0
0
0
0
4.4551
0
0.1836
15.9092
5.4785
28.8154
0.1085
0.2957
1.0858
3.3607
0.0048
0.045
2.5607
2.4353
0.006
1e-04
1.7088
0.5323
0
16.4825
10.3992
0
0.1855
0
0
10.2686
7.355
0.1825
0
0.2097
2.6029
0.6345
0
0
1.7253
12.6288
3e-04
12.1034
2.4618
3.9272
0.5859
2.5256
0.103
0
0
0.0362
0
0
13.7853
0.4204
0
0
0
1.3429
57.5448
0.4684
3.4332
5.4028
0
1.2718
0.1573
0.3011
5e-04
1.8352
19.2874
9.9787
1e-04
0.0067
2.8106
0.0944
0.0023
1e-04
0
1e-04
0
6.7406
0
0.3895
0
6.0108
0.1277
0
1e-04
8.3241
26.1033
1.9633
0
1.9826
0.002
2e-04
0
0
0
0
0
0
0
0.3212
20.4757
51.2033
0
0
0
0
0
0.8581
0
0
0
0
4.1344
4.234
0
0.3806
0
0.1761
5.4726
0
0.0909
4.628
14.7568
0.8096
0.317
6.8065
6.5669
0
0
0
2.0651
7.278
8.0015
0
0
0.4518
28.9948
18.0649
2.2012
1.3453
0
0.108
0
2.4419
23.0597
8.404
28.7347
2e-04
0.0563
0.0809
0.1782
0
1.01
0.2312
1e-04
1.1011
4e-04
0
5e-04
1.0518
0
1.3234
1.4924
0
0.0329
0
0
0
0.759
0.001
0
0
0
0
0.4674
15.2187
6.7328
0
0
1.0164
0.4034
0
1.1939
0.0289
1e-04
0
0
6.3018
0.5058
0.0014
0
16.6845
12.0823
0.2675
0.0081
0
0
4.3327
0
0
0.27
0
0
0
4.9092
30.2836
6e-04
0
0
5.4118
1e-04
0.7097
2.545
14.2385
2.5426
0
0.1578
0.655
0.0676
0
0.0376
1.5444
5.6112
0
0.0737
0.5493
1.0855
0
0.1553
0.0242
0
0
17.3601
6.4404
0.0214
1.568
2.7735
0
0
0
0
0
0
0
0.1341
0.0504
23.5644
19.5183
11.1383
1.2118
2.1576
0.7189
14.3378
9.678
0
0
0.0027
0
0
0
0.6022
1.0118
0
0
0
0
0
13.7553
1.159
0
0.0256
0.0356
0
0
0
0
0.0521
4.589
1.0055
0
0.0922
0.0449
0.0178
2.4667
13.1639
10.2864
10.2574
0.4198
1.3556
0
19.558
0
0
0
0
0
0.0481
0
0
0.023
1.9258
10.0017
0
2.6784
0.0691
0
0.0013
0
1e-04
0
11.9466
0.3276
0
0
0
0
0.2421
9.101
0.5418
0
0
0
3.5841
1.754
0
0.5229
0.0746
1.9698
0
2.8443
0
25.1773
0.0371
0
0.0024
0
0.1744
6.5588
1.9029
22.7221
4.8219
0.0937
0.0364
0
0
0.4194
0.0024
0
21.1727
8.6735
14.9139
4.0273
29.9941
2.3053
0
0
0
2e-04
0.2302
11.6324
1e-04
0.0029
12.3788
83.9684
61.0145
4.2749
0.3
0.0589
5.1524
0.8732
0.112
0
0.7756
0.2588
0
0
0
2e-04
0
0
0
3.0932
11.0049
42.4424
0
3.1971
0
0
0.1679
0
0
0
0
0
0
0
0
0
0
0.0055
17.2888
1.3486
0.1698
0
0
7.1487
3.3602
0.238
0
0
0
0
0
0.1613
0.0088
4.8972
0.0709
0.0414
3e-04
0.1394
3.5065
0.032
2.562
0.9857
0.0282
0
2.5259
40.3531
1.4509
0.2175
0.7007
1.3077
0
0
0
0
0.2984
0
0
0
0.2984
0
0
0
0
0.4069
0.0269
0
0.2771
1e-04
5.0901
17.2261
0.1145
0.097
0
1.1446
0.8952
1.9365
0.04
0.0598
7.2247
26.2329
0.0421
0
0
21.2939
0
0.2364
0.1014
0
4.0324
0
0.6405
0.5778
4.4378
0.5517
0.4852
0.5096
8.8505
0
9.5003
27.6458
2.6003
0
17.3653
2.4835
0.9934
0
0
0
0
0
7.0046
0
0
2.2128
0
1.5718
2.2695
0
0
1.5855
0.0011
0
11.1467
31.055
1.3904
1.0707
0
2.4619
2.2039
0.7312
0
0.3819
0.1003
0
0
0
0.8903
0
0.7885
0
0.8846
0.7353
0.0598
0.3345
4.2376
0
7.2453
0
0
3.7731
34.9157
52.8521
0.4778
0.4613
0.719
0.832
0
5.8076
3.4332
0.2502
0
0.0101
8.5566
1.6747
4e-04
0.4961
0.1847
5.5253
0.2865
0
0
17.2807
0.3962
0.8992
3.3918
0.0412
0
5.2555
24.603
13.0295
0.3117
2.3603
14.7025
0
0.1407
1e-04
0
0
3.709
2e-04
0
0.0812
4.748
31.6251
0.8023
1.0801
4.9202
0
0
0
0
5.8039
20.2015
0
0.1576
3.438
5.4676
0
0.6393
17.2072
0.0036
0
0
0
0.8314
1.705
11.4102
5.1903
3.7684
0
0.1867
0
0
0
2.954
3.8298
1e-04
0
0
0
4.0042
1.596
0
3.027
9.3552
0
0
20.097
8.0009
0
0
2e-04
2.5137
10.9511
0.749
3.1043
14.3082
2.6434
0
7.0574
0.3047
4.2393
0.5537
7.9265
0.0019
1e-04
0.0705
0.7755
0
0
0
0.4678
0.9702
0.2985
0
0
22.5194
0.0034
0
22.8559
9.501
1e-04
0
0.0636
2.2156
1.3948
21.623
0
0
19.0951
5.4972
0
3.8756
0
0
0
0
5.774
10.6468
0.9009
0
1.4964
32.434
3.1286
15.1418
1.1673
1.1588
0
0.2126
34.6625
0.1762
0
0
0
15.3881
10.0703
0
1.3342
4.0844
3.025
0
8e-04
0
0.2911
0
1.8773
5.6359
2.0488
1.0798
0.2345
0
0
0.3311
0
0
0
0.052
0
2.6963
0.1512
6e-04
0.2646
0.8496
0.0176
0.4932
0.237
1.1196
5.6534
9e-04
0
0
0.5844
0.0621
0
0
0.8255
0.0012
0
0.0016
0
0
4.4363
0.3016
0
0.2292
0.1638
0.3237
0.0837
0
0
0
0
0.1462
4.1275
0.0301
1.867
0
12.8189
0
0
51.7768
16.1054
2.3301
0.1857
0
0
0
0
0
0
0
0
0
0
0.1266
0
0.0421
0
11.3979
0.441
0
0.7432
0.2153
0
0.0307
0
4.5267
0.3241
0
0
0
0
0
1.67
20.8958
0.1203
0
0
0
0.6829
0
0
8.367
0.8643
1.0386
3.8418
0.0046
0.1082
0
0
0
0
0.1796
0
0
0
3.1985
0.1853
0.8355
0.6344
0
0.3903
12.4604
4.7622
28.1786
3.4954
0.2429
1.2415
0
0.1786
0.3762
3e-04
0
2.478
1.1213
0
0
0
0.1215
8.2456
3.5563
0.7147
0.047
0.7702
0
0.2415
0.1476
0.0568
19.7936
11.6313
0
0.2978
3e-04
3.6754
4.2687
2.0146
1.8187
0
32.522
0
0.1632
0
1.3104
20.6943
0
6.8717
1.258
5.9317
0
0
0.526
0
0
0
0.4271
0
1.4691
1.9151
7e-04
2.0782
10.5998
2.6227
1.1735
6.248
3.9842
0.0077
0.0553
0.4579
0.3073
0
0
0
0
0
0
0.0303
0
2.067
20.4707
0
0.3129
0
0
0
0.1778
0.5512
0
0
0
0.0309
0
3.5589
35.6115
8.8718
0
0.6409
0.8507
1e-04
0
13.2476
0.767
0.3996
2.73
0.3795
0.1615
0
0
1.5467
7.3086
0
0.226
0.0514
0
0
0
0
5.6315
50.8762
0.0837
14.1168
7.3217
0
0
0
0
0
0
1.0756
1.5713
0
0
0
0
0
2.5235
0.2385
0.0702
0
7.2704
0.8057
0.1463
0.8904
0.091
11.8293
0
1.4521
14.4797
0.0549
5e-04
0
3.1359
0.0454
0
4.3496
16.7741
1.6194
0.3952
0
0
1.9231
17.0812
3.2183
1.1066
2e-04
0
0
0
0
7.3188
1.2302
12.0017
6.1077
1.4164
0
0
0
5.7864
1.4484
7.4519
0.508
0.0697
0.2275
0
4.0905
25.4873
0
3.3043
0
0
0
0
0
0
0
0
0
5.1275
29.4327
15.3168
0
0.1122
0
4.5525
7.0437
4.0869
0
0
0
0
0.9381
0.6994
0.6011
3.9391
1.8741
0.7861
0.1426
0
0.0143
8.355
3e-04
23.5782
14.4282
0.0024
0
0
0
7.0826
9.0279
0
0.4233
0.228
0
0.0499
1.937
0
0
0
0
0
0
0
0
12.1576
0.2855
0.0236
0
0
0
1.7191
0
0.168
0.0615
1.0588
8.5376
15.3582
2.8285
6.2088
0
0.5202
0.1091
12.7551
2.2908
7.4521
0
3.0442
0
0.4121
0.1639
0
0
3.852
0
0.0668
5.8697
0.4839
0
0
0
0
7.1747
0.9022
0
12.1537
0.6478
3.219
3e-04
0.0579
0
0
0.4466
29.5663
6.2761
0
0
0
0
0
0
0
0.0083
4.2798
10.7307
0.3024
2e-04
0
0
0
0
1.2987
0
0
0
0
0
5.0983
0.1421
0.2624
0.5806
0
0.9364
2.2617
9.0525
0.3091
0.1354
0.0941
27.4782
0.0777
0.031
0
0.3518
3.618
2.1004
14.1339
2.0834
0
0.1839
0
1.0237
6.531
0.2266
0.0757
0.0754
0
0
0
0
10.5105
0.86
0
0.1338
1.1414
8.3962
0.3247
0
12.9796
0
0
0
0.2726
0.4191
0
0
0
0
0.0317
0.0093
0
0
0
0
0.6768
0.0243
0.0785
3.9123
0.2005
0
0
0.345
0
0.3888
1.2849
1.9976
0
1.8173
4.2385
0
8.0135
7.2911
0
0
0
0
0.7981
13.4373
0
7e-04
0
9.0011
0
0.3176
0
0
0
3.4284
3e-04
0.7964
0.6156
0.5961
0.0965
12.7003
1.0085
1.1419
1.6434
0
0.2954
1.427
0.524
7e-04
0
2.1062
0.583
0
4.8517
0.0762
0.3693
0
1.8784
0.0288
0
0
0
0
0
0
0.0287
0
0
0.4364
0
10.6402
3.8733
0.1802
0
1.8513
0
0
0
0
0
0.116
0
1.4168
7.1068
0
0.0055
9.2394
3.734
0.0583
0.2769
0.0359
0
1.3561
0.0072
2.3214
0
0
0
0.0516
6.0285
0.0012
1.3963
1.9706
3.2181
1.7028
0.2241
0
0
0
0
0
0
0
0
0
0.5526
0
2.2882
9.0117
5.6524
0.8701
0.0417
0
0
0
0
0
12.2658
0.0017
0
6.6639
1.2811
0
10.5376
6.056
0
0
0
0
0
0
0.5406
0.4521
9.3197
22.0258
3e-04
0
0
0
1.8657
0
0
2.0618
0.131
0
0
0
0
0
0.3518
5.2105
24.6597
14.467
0
0
0
0
3.3334
5.7915
4.5776
3.3265
2.3057
2.0147
1.5639
7.5622
0.0015
0
23.2259
8.5523
0.6731
10.6878
0.2263
0.1504
20.4365
2.5077
0.0907
0.3272
8.587
1.6773
0
0
0
0
5.8583
2.181
0.188
0
15.1508
16.0834
1.3857
0.247
2.4793
22.4236
4.5154
0
0.8129
16.2236
0
1.4578
5.0956
29.363
2.2604
5.1434
0.5317
0.1897
0
0.6669
0
0.0258
6.2234
13.2483
1.7475
0.387
3.6554
12.4686
21.2
0
0
0
0
0.0945
0.1067
0
0
0
3.4161
19.9236
0.4484
0.0536
2.3187
1.2387
0.2105
0
3.8753
0.8495
5.3451
1.5641
0.6267
0.2086
0.4869
10.2538
18.2587
15.0586
0.0047
0
1.5777
0.6701
0
0
0
0
3.4792
1.3484
12.6098
0.5907
0
0
4e-04
0.5681
16.0505
1.6018
0
6.7936
4.6064
3.5572
0
0
0
0
16.1119
0.3639
0.0441
1.4148
0.1715
0
0
0
0
0
0
0
0.1932
1.0153
0.2506
0
0.0405
0.8756
0
0
0
5.1126
0
0.3972
0
0
17.8051
0.012
0
0.3077
0.2186
0
0.5006
1.4032
0
0
0
3.5103
29.9765
0.0024
0.0296
0
7.5808
13.8414
2.906
0.1737
0.2141
0
0
0
0
0.0364
0
1.2125
10.1104
0.5748
0
0
0.2683
0.0244
0
0.2646
0
0.0054
2.5844
0.3297
14.7955
0.0561
0
0
0.1754
1e-04
0
0
0.4944
2.0411
0.6826
0.001
2e-04
0
0
0
0.0765
0
0.0256
0.7253
5e-04
15.1902
9.0538
6e-04
3e-04
0
0
3.6778
4.5852
0.1305
38.1777
12.8882
0
0
0
19.46
0.9404
0
0.0413
0
0.2071
0
0.9605
0.108
0
0.5602
0
14.2931
0.0011
0
0.0295
1e-04
0.0842
0
0
3e-04
0.0321
0.3086
2e-04
0
0.1793
0.0505
0.4644
0
0
0.9676
0.242
6.7807
0
0
0
0
5.5929
0
3.5458
0.192
0
12.416
0.378
0.0446
1.4297
0.0363
0
0
2.1824
0.8627
3.1518
0
0.0211
0.3686
0.6368
0.4121
0
1.4541
2e-04
0.3125
0.199
0
9.775
13.0568
0
0.4512
2.0745
0.2342
0.4174
0
0
0
0
0.7256
0.2204
0
0
0
0
0
0
1.9651
13.8137
2.3437
0
2.6183
9.8044
0.0902
0
57.3017
0
0
0
3.3652
33.8686
7.1139
4e-04
0
22.9914
3.2144
6.8862
0.098
0
0
6.8062
0.3764
0
0
0
0.0747
1.6412
1.0601
6.9391
0.0016
0
0
0
0
0
2.6664
0.2807
0
2.9114
0.5391
26.2455
0.3164
0.3413
0
12.933
0
0.0372
2.5044
0.001
0.0282
1e-04
0.005
10.4952
0.888
4.409
15.5425
15.7269
0
9.2947
10.2349
2.9425
33.0087
5.3307
6.0046
3.3546
1.1288
0
1.9613
7.7468
19.9527
0.1175
0.0597
1.7495
1.6022
0.1407
2e-04
1.1367
0
3.0027
0.4881
22.2914
10.6962
13.807
5.8305
3.9254
0.97
0.3687
0
0.5794
3.823
12.4525
34.4026
31.2918
9.5184
0
10.0455
1.5355
0
0
0
0
0.0047
3.6467
0
0
0
3.112
16.9113
3.6703
0.0332
3e-04
0
0.0245
1.9642
0.8444
3.5305
15.7989
2.5411
8e-04
3.4802
4.8315
3.3098
0
0.0257
0
0
0
0
0
5.9798
0
0
0
0.5764
0.0054
1.502
0
0
18.2744
0
0
0
0
0
0
15.0555
2.688
0.0344
0.0023
6.0663
28.3284
36.805
0.8177
0.6128
0
3.3222
5.5515
3.4153
0
8.2415
2.2064
6.8615
0.1616
0
1.5369
17.1757
0
9.4004
3.3896
0
0
0
7.7603
2.3442
0.1695
0
0.0109
1.1098
0
3.8626
0.0627
0
17.0987
16.5533
1e-04
0
4.0411
0
0
0.9983
3.0378
0.0482
0.0216
19.0014
0.1425
0
21.7768
26.2366
10.7039
2.0394
0.2874
0
0
0.0049
4.7947
0
0.0348
0
8.2825
0.779
14.466
0.0241
25.7755
0.2216
0.2373
38.7719
1.0963
2.5919
9.4663
4.6495
6.6281
0.1995
2.3807
4e-04
0
0
0
0
0
0
0.0322
3.1693
0.4751
1.5607
1.3992
2.2668
0
1.7649
39.1206
21.0182
1.7732
0
0.0094
3.686
1.8447
6.0921
9.4925
0
0.2698
0.5515
2.0725
0.1057
0
0
0.0362
0
0
0.7919
0
4.2995
0
0
0.1234
0
27.7947
6.8228
0.1419
0
0
0.6668
0.0045
3.8899
29.0611
7.011
0.0136
0
0
11.4555
14.2736
33.9097
1.9128
0
0
0
3.8321
20.9603
6.0983
0.0612
0.009
0.2064
0
0
0
1.3613
5.243
9.9435
4e-04
4.3684
0.0811
0.029
4.585
24.0457
0.5452
1.9099
0.0052
0
0
9.1977
0.4913
0.2981
4.7395
1.119
0.0982
0.6757
0.252
0
0
0
0
0
0
0
5.0348
3.2072
0.6909
0.1699
0.1722
3e-04
16.4837
0
1.425
0.4461
5.3842
0.3177
7.4894
0
0.5428
8.5992
13.0233
2.559
0.4669
0
0
2.0026
0
0
8.8295
0.4503
0
0
0.3863
0
0.009
1.2823
0
1e-04
2.1548
0
0.9537
0
3e-04
0
0
2.4069
1.1576
0.9119
13.7222
0.0126
0
0
1e-04
19.4184
0.3923
11.8091
0
3.1226
2.3353
0
0
4.7995
0
0.0069
0
7.3054
5.2469
0.0144
4.1689
21.0737
7e-04
14.8031
0.8303
0
0
0
1.9268
4.9923
0
0
0
0
0
2.4794
0.3374
0
0
4.4182
0
0
0
0
0
0
0.0451
0
0
0
6.9647
0.5016
0
0
0
0
0.0733
8.0887
0
0
0
1.2911
6.9373
0
2.0094
0
0.0677
7.8212
2.5727
0.0091
13.2337
0.5335
0.1122
17.61
9.4472
1.0145
0.852
0
0
0
0
0
0
0
0
0
0
5.8231
0.3663
0
0
0
0.1144
3e-04
0
4.8568
0
0
10.7171
0
0
0
2.3677
0
0
0
0
0.0079
1.7724
1e-04
0
0
0
0
3.0722
8.9237
0
0
0
2.7275
0
0
0
0
0
0
0.9021
9.1919
0.9247
1.8958
0.0356
0.0015
1.1349
1.0482
0
0
0
0.2192
0
0
0
0
0.0377
0.0342
0
0.1169
5.8885
5.007
0
0
1.047
1.5501
0
0.5575
1.6102
6.91
0
0
0.0171
0.0022
0
0
0
22.109
0
0
0
2.505
23.6365
1.3118
0.1199
0.5021
11.8564
0.1943
0.0113
0.0173
0
1e-04
0.0658
3.4944
0
0
0
0
0
20.6696
0.2574
0
0
0
10.1772
24.9942
0.2285
4.1826
0.089
0
8.2655
32.8182
0.0653
0
0
0
0
2.7715
0.0025
0
0
16.9361
1e-04
0
1.9914
21.7171
0
0
0.9939
15.5722
2.0418
0.1593
0
0
0
10.812
1.2878
0
9.1775
13.8571
0
0
0
0.4645
0
0
3.0354
3.2116
0.8243
0
1.2213
2.7629
4.1277
1.5755
7e-04
0
4.4847
0.1987
0
9.1334
6.8647
2.2419
7.5087
20.3549
5.6406
1.0335
0
0
0
0
0
0
0
0
3.8604
0.5492
10.6926
0
0
0
0
0
0
0
0
0
0
0.6708
0
0
0
0.0677
0
0
0
0
5.2323
0.1505
5.6131
0.1203
0
1.632
6.2024
5.72
7.4844
0.4687
0.1485
0.1755
0
1.1469
0
0
2.0315
0.4538
14.8462
3.7711
5e-04
0.0088
1.0297
0
9.4428
19.7459
0.004
5.6952
0.3777
1.6746
0
0
0
0
0
0.2618
0
0
1e-04
0.0691
14.4386
0
28.6472
4.3028
0
0
0
0
0
0
0.1584
0.0563
0
5.2461
1.3542
0.116
0.3917
5.5992
2.0084
11.1559
0.6642
0.0032
1.1944
1.8489
2.697
0
1.1084
0
4.5844
0
0
0
0
0
0
0.0091
0
0
0
2.4227
0.0037
0
3.4791
0
0
0
22.5774
12.4964
2.1693
0.0244
0.1953
1e-04
0
0.1168
0.649
0
0
0
0
13.2759
0.0052
0.0029
0
0
3.829
0
4.6779
0.2444
1e-04
0
0
0
1.1237
8.6611
0.7636
3e-04
0
0
0
0
0
0
0
0
0
0
0
0
1e-04
18.7795
33.9875
16.5226
0.0295
0
0
9.3371
0.3102
0.0677
7.8081
0.2309
0
0
0.162
20.899
0.1684
0
0
15.1254
3.8331
0
0
0
0
0
0
0
0
1e-04
0
7.0379
3.2745
0.5386
0
0
0.0414
0.086
0.5202
0
0
0
0
0.9745
6.443
0.182
0.0083
0
3.7951
9.3542
1e-04
0
8.1774
8.7847
1.4884
0
0
0
0.6877
0
0
0
6.1535
4.3102
0.3225
24.3974
0
0.4029
6.9197
0.0011
0
0
0
0
0.0228
0.4386
0.9757
0.8678
6.734
14.3602
11.4963
19.3786
0.5847
25.872
0.4142
3.3525
6.8845
6.3576
4.098
1.958
11.7828
48.037
20.4966
0
0
0
0
0
2.2581
0.0317
0
0.1546
50.4388
0.5542
7.2717
0
0
0
0
21.1427
0
0.074
0
0.9094
6.1673
1.8144
19.6204
2e-04
0
0
13.4395
2.6352
2.5264
0
0.0108
0
0.7533
0
0
0
0
0
0
0
0
1.2575
4.1582
0.0168
0
0
5.209
10.0408
0
0
17.932
0.0113
0.5327
0
0
0
0
0.1778
0.002
0.1398
0
0.0736
3.9542
2.9572
0
0.049
2.4744
0
0
0
15.2603
22.1535
1e-04
0
0
0
0
0
0
1.3148
0.3473
0
0
3.1882
20.2356
23.5563
17.3161
9.4404
4e-04
0
0
0
0
0
0
0
4.9607
2.4784
0.0994
4.8773
0
0.2002
0.4797
0.8956
0.0844
0
0
0.0055
0
0
0
11.7879
17.6965
4.8467
0.1225
0
0
2.6514
3.3544
0.0018
0
0
1.5805
4.3379
0
0
0
0
7.671
8.9752
0
0
2.6149
3.4734
0.0138
0
5e-04
5e-04
0
0.0155
0
0
0
0
0.2816
1.1407
0.0106
1.2778
0.3094
0.021
2e-04
0
0.4636
0
0.0017
0.4949
0.2109
0
1.838
0
0.4976
3.7116
27.4161
46.4282
0.063
0
0
0
0
0
0.4435
0
0.0228
0.8407
6.8129
0
0
5.0455
2.5916
0
0
1.0179
3.2793
10.647
0
0.1623
0.4094
0
1.5566
1.3291
0
1.1793
1.7903
0.372
0.4731
0.4731
0
2.3276
2.3726
0.795
0
0
0
0.2883
7.5382
12.2687
0
2.8649
11.6729
0
0
0
5.6897
0
0
0
0
0
0
0.0262
1.6448
6.6562
0
13.1376
6.5223
0.0694
1.3389
0
0.491
0.2617
2.1735
0
0
3.3573
0
0
0
0
0
0.6577
0.1966
0.6769
0
15.4926
0
0.0032
3e-04
0
0
0
2.7236
0.2212
0.8453
0
0
0
0.3055
0
0.9954
3.8249
1.7443
0
0
0.07
0
32.9626
4.55
0
0
10.2335
9.9294
0.0292
0
4.5235
0
0
3.8853
10.4411
0
0
0
0
0
0
0.0228
0
0.0048
4.9471
0.015
0
8.3853
6.2089
10.0909
0.1882
0
0.2347
0.27
0
0
3.4756
3e-04
0.9654
5.3626
0.4362
10.6581
3.2977
6.9475
22.8285
2e-04
1.5734
0
0
0.1068
5.4709
0.1563
0
0
0
0
0.4197
11.0585
0.7684
0
0
0
0.4491
3.1705
20.9485
0.5819
0
0
18.2204
0.0286
0.2885
3.5961
0.3614
0.2205
0
0
1.326
0
8.4504
19.4067
10.5934
0.0392
0.1208
12.1058
15.7202
15.1373
0.0521
0
0.0047
16.4427
0
4.3933
0.9171
0.0022
0
0
0
0.0395
17.5429
3.1208
0
0
0
0.0118
0
0.4338
0
0
0
5.0306
0
0
0
5.6532
0
0
1.2994
3.4427
0.476
0
2.5121
1.6077
0.4752
7.5482
0
0
0.8039
0.6517
0
0
0
0
30.9614
8.8322
0.2123
0
0
0
0
2e-04
0.0987
3.901
0.4719
3.3562
0
0
0.0029
0.1118
0.0032
0
0
0
0.9343
1.2908
3.8775
0
0
3.1578
13.7304
0.705
0
0
27.7367
30.5294
0
0.2224
0
2.9877
2.7416
0
0
0
0
7.1269
2.5826
0.0034
0
0
0
0
0
0
6.0168
0
0
11.1749
0.969
0.1627
5.7587
6.3902
3e-04
0
0
0
0
1.2905
3.5446
6.5552
3.4738
0.0879
0.51
0
3.2661
0.9919
0.7188
0
0.003
0
0
0
2.0475
0
0
6.4531
3.4935
0
0
1.3998
1.1926
4.7372
2.3579
0
0
0
0.6194
0.5394
0
0
0
0.4942
6.4926
2e-04
0
0
0
1.1743
2.8109
11.6124
0
0
0
0.243
0.0018
0
1.5765
0
0
0
0.7338
11.5264
0
0
1.2035
0.1041
0
0
0
0
0
7.954
0.0979
0
0
0
0
0
0.843
7.7235
1.4633
0
0
5.455
0.0122
0
0
0
0
22.6044
7.3085
0
3.5649
0.8252
0
1.8645
0
0.1377
12.6899
0.0602
0.0542
0
0
0.4514
0.7168
0
3.9414
6.8051
1e-04
0
0
5.7652
3.0522
0
0
0.5506
1.8506
0.0133
9.8539
5.9293
0
8.0938
0.0088
0
0
0
0.5657
0
1.7025
0.0042
0
6.271
0
0
0
1.095
0.2059
0.1285
4.4062
0
0.0034
0.001
0
1.368
0.0216
0.0135
8.1283
0
2.1827
0.3126
0
0
0
0
1.165
2.9617
0.5931
0
4.6404
13.1043
0
1e-04
0
0
0
0
0
0
0.7214
0.0738
2.1018
10.193
5e-04
0.5451
0.0378
0.0268
0.1146
0
4.1047
6.8596
0.3671
0
0.4836
10.6009
1.5315
18.782
3.3445
0.5304
0
5.6095
0.559
0
0.0455
0.0322
0
3.7439
7.1917
0.3424
0.0036
0
0
2.5292
0.2692
0
0
0
11.775
0.7997
0
0
2.5921
2.1606
0
0
0
2.1587
0.3009
3.8475
0.2757
0
0
4.294
4.1757
1.0374
0.0086
0
0
0.0577
0
0
0
0
4.125
12.2592
6.3231
3.5437
10.3008
54.1027
0
0
0
0
0.0983
0.0323
0.0104
5.6885
3.8656
1.1502
2.9651
6.9196
6.1895
9.8201
20.9374
27.3464
4.5669
2.175
2.9609
0.0864
0.3473
0.9734
0.5231
0
6.175
0.3231
42.7596
50.9308
1.6327
4.0712
1.037
0
0
0
0
0
6.4053
0.6087
31.428
0.456
4e-04
11.477
2.6563
14.3367
0.2709
0.0024
9.3727
2.1911
3.5482
0.1547
0.0051
0
0
0
0
0.0207
8e-04
0
1.151
1.3352
0
0
0.0138
21.0601
1.6815
0
0
0
0
0.0656
16.1861
5.7108
3e-04
0
0
2.8594
1.3127
7.0329
8.3855
10.5703
9.3446
0
0
1.5693
6.4981
0
0
0
0
0.0103
1.064
0.0582
0
0.0402
16.472
8.6353
31.8567
0
0
4e-04
0.7283
0.113
8.3287
7.9597
0.7161
0
1e-04
0
0
0
12.236
0
0
0
0
0
0
0
0
0
2.5909
1.5355
0
1e-04
2.6157
3.582
0
0
0
0
0.8991
0
0
0
0
0
0.1387
2.1118
0
0
0
0
0
0.0964
0.0173
4.9423
2.5717
0
0.0068
43.8196
0.7736
0
0.0484
2.4202
0
0.0013
0
0
6.1364
0
0
0
14.8275
0.0722
2.3707
0
0
0
0.0106
0
8.2417
1.8539
0
1.2544
0.1605
0
0
0
0.0123
10.2079
8.3077
0.001
0.0476
1.1015
1.4718
0
0
0
0
0
0
0
0
0
0
1.2597
1.7916
0.4383
0
0
0
0.0267
0
5.1841
2.8991
2.5361
8.5581
0
7.084
23.8746
25.7444
5.57
0
0
0
0
0
0.1254
0
0
0
6.0043
0.6038
15.6234
0
4.2003
2.7616
0.025
4.0659
1.8065
0.8178
0
0
0.8911
0
0
0
0
0
0
0
0
0.0731
0
0
0.2058
0.2281
10.5251
0
0
0
0
0.5007
0.9896
0.0057
1.0684
0.1773
0
0
1.0444
0.0022
0.0018
0
0
0
0
0
0
34.2039
3.2568
0.0195
0
0
0.9358
6.0634
0.5385
1.6276
3.3171
1.1851
0.1458
0
0
1.0529
21.1175
2.1444
0
8.6086
11.3442
2.3365
0.0081
0
0
0
0
0
0
0
16.4863
2.5851
0
0
9.718
0
0
13.7696
4.341
2.5901
0.345
0.0034
0
8.7399
25.1789
1.8481
9.3649
0.1188
2.7567
0
0
0
0
0
0
0
0
0
3.2577
4.7765
0
0
0
13.0308
0
7.7013
4.2998
8.6047
8.8151
15.9053
0
0.6221
2.9879
0
0.6019
0.0183
1.6242
5.1991
7e-04
12.2684
9.1285
3.295
0
0
0.2803
3.3944
0
0.0875
4.9862
0
0
0
0
0
0
1.7115
1.5169
3.1751
1e-04
0.1244
0.8006
0.0021
1.3357
18.9505
0.2602
0.3878
0
0
1e-04
0
0
0
0
3.5522
1.4717
1.6447
0
0.0343
0
0
0
20.0405
0.0706
0
0.6738
6.287
0
0
0
3.7838
0
0
0.1586
0.1455
0.311
0.6407
0.4221
0.466
0
0
0
0
5.5833
0.0124
0
0
6.6929
0
0
0
1.9632
0
4.2012
0.0041
0
0
0.5488
3.5877
3.0762
3.9599
0
0
0
0
1.0824
0.0029
0
0
0.1346
1.5365
8.3956
3.0648
40.8559
5.2373
1.7249
5.0782
0.7743
0.7851
0.9745
7.0764
2.9947
0
0
0.036
7.1604
0
11.7669
1.0042
0
0
0.0855
0
0.0216
0
0
0
0
0
0.0135
4.4646
30.0844
0.9076
0
0
6.4719
1e-04
0
22.9978
0.5833
0
0
0
0
0
0
0
7.6936
0
10.6335
5.0539
5.3304
4.9667
6.6311
0.1333
0.0077
0
8e-04
0
0
0
0
0
0
4.8187
5e-04
0
1.8205
0.1667
0.2321
1.412
19.5315
16.8001
0
0
0
0
1.1566
1.7736
0
0
8.3611
0
0
0
2.0682
0.4252
0
0
0
3.3125
0.4205
0
0
0
0
0
0
0
0
0
3.6611
0.0028
0
0
2.0227
2.1655
0.0077
0.0153
0.0038
3.5219
6.0089
1.0651
0.8036
0.0813
0
0.8686
2.4153
10.8013
0
0.1464
0.5003
0.0067
6.203
4.5857
0
0
0
13.7479
5.2581
5.3061
0
0
0
0
0
2.8925
0
2.3812
3.2769
0
2.2494
1.8228
0
0
0.0228
10.8984
8.757
1.5231
0
0
0.0102
0
7.3456
3.1032
24.8495
0
0.0147
0
0.5369
7.7592
0
0
16.1672
0
0.3973
9.1754
0.7904
0.4517
0.0438
0.2531
0.0275
0
0.4365
2.411
0
0.0021
8e-04
0
0
0
14.2919
2.3066
1.8011
0
0.9082
3.6127
0
0
0
0
0
0
0
0
0
0
0
3.0012
10.5684
0
0
0.1856
8.4348
0.1554
0
0
0
0.4333
7.5613
0.2048
0
0.8949
0
0
1.2366
2.8195
0
0
2.6531
0.158
0
1.7123
0.0961
0
0.7291
2.243
0
7.5351
3.1234
0.3858
0
12.5028
3.7334
0.432
0
1.1291
6.4619
0.3417
13.4265
8.8404
0
0
0
3.3464
0
0
0
0.459
0.0602
0.0297
0
4.1399
11.2114
4.6228
0
0
0
0
0
0.0747
1.1337
13.3725
14.3085
14.867
2.9639
0.1759
26.5006
31.792
3.1019
0.1215
0
0
0
10.7004
0
0.044
0
0
0
0
0.2705
12.4342
4.037
12.8089
0.0401
0.0034
0.4449
4.0517
1.0303
13.1364
2.285
5.496
0.2453
0.6979
0
0
0
0.6144
0.9486
0
0.7924
0
0.1931
4e-04
0
0
6.5632
1.0023
0.2579
1.9425
3.5871
2.2423
1.8655
0.1181
0.1327
5.9069
28.4763
0
0
0.2703
0.6563
0
2.4549
56.398
15.775
0
1.7977
0.0105
0
0.0121
9.1135
0
0
41.6331
6.4684
26.4007
28.6985
5e-04
0.0829
0.9106
1.7792
0
0
0.0024
0
13.0078
4.1181
1.8136
0
0
1.0531
1.3291
0
0
0
0.0511
21.9408
0.9596
9.0645
0.6251
1.0001
0
0
0
0
0.3763
3.9346
0
0
0.0017
8e-04
3.9433
0.0058
3.4322
1e-04
6.4635
2.7708
0.4578
0
0
0
0
0.5204
8.5341
0.002
0
0
0.6202
0.2489
0
8.6755
0.3587
2.8328
0.0878
0
0
0
0
1.5443
3.3262
0.2088
0
0.0151
0.0643
10.6362
0.0048
0
0
0
0
0
0
0
0
0
0
0
0
0
0.1184
1.8061
1.5181
0.7723
22.6022
8.3053
0.018
7.8018
1.6458
0
0
0.4964
0
0
0
0
0
0
0
4.6239
8.7626
0.0996
0
0.4495
12.4839
0.0091
2.3569
0
0.0215
15.4203
6.3226
0
43.798
18.1592
0.0013
0
0
0
0
1.4193
4.0006
0
4.3763
0.0076
0
56.121
2.3734
0
0
0.5825
0.0534
0
0.0135
0
0
0
0
2.4014
0
0
0
0
1.1807
0.0149
0
0
0.1069
0
0
1.909
2.2709
3.572
0
0.0419
0.0984
1e-04
0.0161
0
0
0.586
12.2163
2.8334
0.992
0
0
0
0.1639
0.3082
0
0
0
0
0.0759
0
0
0
3.5642
0
0.43
2.8568
20.6303
0.69
0.0148
2.0555
0
0
0
0
0.4243
0.004
3.5885
8.946
0.1167
0
0
2.0683
0.0036
1.7835
2e-04
0.1057
0
0
0
4.8992
1.8007
4.1256
1.328
0
3.3651
0.2657
0.3236
0
0
0.8448
5.3073
7.2503
0
0.5422
18.5442
4.2589
9.7122
6.8232
0.8862
7.7106
11.6476
0
0
1.0724
41.3983
4.6659
0.0057
0.331
0
0.0509
0.5701
0.0033
0.0015
0
0
0.0017
3.2048
0
0
0
0.2059
0
0
0
0.0708
0
0
0
0
0
11.0845
4.4135
21.5572
4.687
0.3732
0
1.3256
19.2791
3.2925
0
0.9007
3.6329
0
0
0
0
0.9548
0.0203
11.7615
31.8923
0.0016
0.5918
0.4021
2.3974
0
0
0
0.0707
3.9246
2.4168
0
0.089
6.0642
0
0
0
0.1895
14.5135
1.3005
0
1.8112
0
0.0088
0.4786
4.1157
0.7775
0.1931
9.0531
6.7533
6.534
0
0
0.2957
4.4622
0.5943
1.2671
12.8965
0
0
0
4.1155
0.0015
0
0
3.1843
4.8494
7.0502
0.159
0.0098
0
0.1923
0
0
6.4352
15.7644
20.0735
12.461
12.2212
7.4456
0.6109
0
1.3699
0
0.4136
8.9381
1.1065
0.0137
9.9311
11.1074
0.3342
0
0.021
21.9051
0.236
2e-04
0
0
1.6655
5.0508
3.105
6.3838
0
0
0
0
7.378
0
0
0
0
0
0.0054
8e-04
0
0
6.6212
9.6084
0.1638
1.771
0.3331
0
4.1868
1.4562
0
0
0.7105
5.1177
4.5266
0
0
0
0
0.1336
18.1974
7.6878
0.2943
1.086
0
0.1775
0
0
0.0012
10.6543
11.3791
9.9548
0
0
29.4794
1.941
0.0068
0
8.7046
4.736
0
0
3.1737
0
0
0.5844
0
0.0556
0.031
0.0163
5.8345
0.0782
12.1712
14.1123
5.6195
0.1449
0
0
0
0
0
0
0
1.3937
0
5.0571
0
0
5.5846
15.5583
9.7413
0
0
0
0
0
0.036
0
3.5433
6.446
8.0269
8.7858
2.3017
0.9502
0
2.1162
0.2177
1.9485
0
0.2946
0
0
0
0.0694
1.2031
2.5322
0
0
0
0
2.3125
9.2196
18.2442
0.0215
0.004
3.4027
39.9876
14.349
11.8695
3e-04
2.6654
4.6632
0
0
2.9569
1.039
0.0662
0.0067
0
0
8.5021
0.068
0.554
4.773
1.2212
0.428
0.0163
0
0
9.6182
0.0058
13.8811
1.372
0
0.1955
1.3392
8.5965
2.4638
0.8639
0
0.0523
0.5881
0
0
0
0
0
0
0
0.302
4.6838
3.8463
0
0
0
2.4312
20.8545
1.4318
0
0
0
0
1.8714
2.0545
0
0
20.5432
3.6879
0.6847
0
0
0
0
0.3507
3.7923
0.2201
0
0
2.7505
1.6678
0
0.4086
0
1.5019
0.6211
3.8687
2.7278
0
0
23.2914
2.6432
0.4963
0.1492
10.9345
0.0074
0.0246
0.1846
0.2314
2.295
0
0
2.8557
1.1027
16.6669
9.5004
0.2059
0
3.0479
1.6747
17.2272
0.2725
0
0.1316
0
0.6976
0.4456
0.5807
10.262
0.2698
0
0
4.0503
0
0
0
0
0
0
0.2935
0
0.0024
0.5705
0
0
5.7076
16.3979
0
0
0.0841
11.1008
0.8015
2.8633
0
1.3698
0
0.1441
12.4199
0.0883
0
0.0583
0.8136
0
0
1.1926
8.7338
18.3453
10.2681
0
0
0
1.2269
0.3116
0
1.5436
0.4303
0
0
0.315
3.3632
0
17.5639
0.8179
0.0017
0.1546
3.6193
14.5961
28.1904
0
0
0.0555
0
3.9988
53.0234
2.8822
10.5165
7.6776
3.8763
7.232
10.331
3.8206
1.003
0
0
0
0
8.2459
1.4649
2.8086
9.0838
7.7846
0
0
0
2.431
2.9335
8.2053
2.3032
0.5229
0.7068
4.5721
0.321
2.3265
4.5745
0.5168
13.1709
0.5766
4.865
0.0112
10.8084
28.7145
0.6039
0
32.5561
5.1256
0.1439
0
0.2493
5.2103
0
0
13.1805
5.5682
14.5289
32.0044
0.7527
2.2417
0.1762
22.7643
0.4132
0
0
0.6541
0.3821
0
0.1265
0
0
0.0354
0
3.1286
15.9475
0.1187
3.7765
5.8957
1.7694
0
0
0
0.614
0
0
2.102
0.9977
14.6521
9.4737
9.6156
0
0
1.4136
19.5835
0
0.3358
0
0
0
0
0.0654
2.3456
0.1182
0
0
0
0.2949
0.2492
31.1162
0.4622
0.1183
0
0
0
2.6141
5.2192
3e-04
1.2516
1.1018
2.2314
13.2919
19.7546
12.201
1.5081
26.2474
0
0.0157
0
4.2485
16.1523
0
0
0.582
0.2238
16.7125
4.949
0.1403
0
0
0
0
0.0711
0
0
0.7127
3.808
3.727
6.4179
0
0.1977
0
0
0
0
0.7872
0
7.3525
0
0.749
0.1873
1.102
3.1756
3.3604
27.155
0
2.26
1.3514
0
0
1.1525
0.8423
0.1456
0
0
1.5248
3.1259
0
0.6457
0
6.7787
0.6424
0
0.0076
0
2.9548
4.2012
0
0
0
17.6663
4.4596
0.3762
0
21.2749
23.0936
1.1283
1.5896
0
0.1046
0.0177
0
0.3008
0
0
0
24.3488
8.0032
0
0.9635
0
0
0
0
0
0.0064
0.3776
0.1166
0.9403
2.3842
0.034
0.0064
6.5911
4e-04
0
0
7.9877
1.6219
0.4304
0
0
0
1.3261
0
10.0448
1.5084
0.454
0
0.0203
8.9574
0
0.5364
2.1927
0.0534
0.2999
0
0
0
0
1.2995
0.523
0
0
0
10.6276
10.0948
1.8358
2.674
0
3.9966
11.8891
0
0
0
1.3199
0
13.3319
12.2377
5.0754
1.3403
0
2.1157
4e-04
0
25.0983
0
0.1489
0.608
0
0
7.9549
7.3165
0.2872
0
0.381
0.0012
0
0
0.3961
0.6125
0
4.8588
0.5892
10.0866
1.0327
0.2293
1.6536
5.7676
0.4869
0.3734
8.1015
0
0
1e-04
0.016
7.1203
0
0
0
0
0
0.5269
8.0564
7.9811
1.1089
0
0
0.0265
8.0819
4.3796
0.0748
0
1.3851
0
0
0
4.8624
0.0714
0
11.5504
0.7862
0.4813
0.1825
0.1503
14.371
12.3764
5.2372
0
0.149
1.3602
0
3.5573
0.9795
2.8271
20.5017
13.2022
2.7649
0.1731
0.0037
0
0
0
0.002
0.2399
6.7339
13.721
1.489
0.0183
0
0.3775
5.0804
0
0.7103
0.0173
6.7443
0.7908
0
0
1.0186
0.2027
1.0785
2.6349
0
9.7548
0
1.9691
3.7298
2.4135
5.1094
0
0
0
0.6372
1.1886
0
0.1753
0
7.3685
2.3934
0
0
13.1517
16.4515
0.0593
1.1781
8.4632
22.3815
0.8894
0.7607
3.3117
0
0.0071
1.3028
1.3541
0.0191
0.9698
15.07
0
0
0
0
0.2924
3.9187
0.1358
0
0
0
0
10.2105
0.0903
0
9.5807
0
0
0
0
0.048
3.0365
0
0.6824
3.2182
14.9635
0
0
0.9876
14.9003
0.0196
0
0
0
0
0
0.6602
0
0
0
0.0297
4.3951
9.4712
0.9425
0.0437
0.0129
0
0
0.367
0
0
7.0598
0
1.3525
7.326
11.9884
0
0
0
13.1004
0.6411
0
0
0
34.8165
8.2356
6.3154
0.1377
0
0
0
0
0
0
0.0017
0
0
2.2827
0.6135
0.462
0
0
0
0
0
0
0.0281
0.0229
0.0792
0.0159
0.1664
33.8153
13.8622
0.9232
0
0
13.3892
0
0
0
0
34.5801
4.2143
0
0.102
0
0
6.3681
0
0.1548
0
0
0
0
0.0258
0.0308
0
0
0
0
0
0
6.9089
1.443
0.6481
1.8904
0.3063
0
5.8009
0.0506
0.0143
0.0011
0
0
0
0
0
4.2601
0
3.4469
0.1424
0
0.1729
17.0848
12.5759
25.2009
13.9675
6.165
0.4334
0.1922
0.465
1.6128
5.2186
20.4229
0.0079
0
0.7907
0
0.0088
0
0
0
0
0
0
0
4.8418
0
0.008
0
12.3756
3e-04
0.0268
0
0
0
0
17.0072
0.008
0.5176
6.8176
10.9417
0.0338
0.008
0
14.5936
9.4651
0
0
0
0
0
0.0158
0
0
0.0428
0.0514
10.1269
0
0
0
1.1292
3.6663
0.6614
0.6378
1.2034
0.4113
0.5788
0.5906
2.4192
4.0895
0.0099
0
0.998
0
5.8834
2.2658
