1980 1 1
0.883
0.923
0.903
0.867
0.901
0.904
0.862
0.84
0.865
0.935
0.931
0.653
0.834
0.848
0.912
0.949
0.918
0.881
0.85
0.8
0.737
0.851
0.831
0.824
0.949
0.867
0.857
0.85
0.822
0.676
0.756
0.732
0.622
0.659
0.676
0.634
0.822
0.852
0.814
0.888
0.852
0.906
0.818
0.802
0.831
0.844
0.873
0.611
0.708
0.846
0.875
0.947
0.967
0.928
0.819
0.846
0.776
0.853
0.815
0.758
0.696
0.673
0.743
0.76
0.928
0.676
0.803
0.959
0.873
0.851
0.554
0.523
0.895
0.852
0.83
0.839
0.913
0.787
0.665
0.816
0.921
0.697
0.732
0.929
0.825
0.757
0.737
0.825
0.937
0.885
0.923
0.887
0.881
0.857
0.943
0.721
0.648
0.708
0.808
0.823
0.865
0.783
0.855
0.681
0.902
0.837
0.723
0.614
0.652
0.662
0.645
0.595
0.541
0.685
0.704
0.786
0.679
0.716
0.876
0.776
0.718
0.686
0.65
0.581
0.516
0.557
0.587
0.611
0.657
0.694
0.625
0.721
0.852
0.793
0.791
0.689
0.658
0.947
0.844
0.75
0.706
0.666
0.603
0.61
0.746
0.687
0.646
0.555
0.521
0.63
0.753
0.741
0.87
0.829
0.797
0.741
0.673
0.756
0.747
0.805
0.715
0.668
0.621
0.599
0.612
0.743
0.772
0.773
0.696
0.678
0.705
0.743
0.695
0.631
0.647
0.728
0.706
0.698
0.736
0.769
0.727
0.742
0.706
0.733
0.747
0.827
0.86
0.771
0.716
0.804
0.776
0.778
0.737
0.782
0.783
0.71
0.78
0.79
0.773
0.754
0.737
0.736
0.77
0.831
0.81
0.747
0.747
0.744
0.786
0.907
0.834
0.758
0.803
0.837
0.857
0.858
0.785
0.848
0.817
0.817
0.85
0.811
0.87
0.86
0.842
0.835
0.843
0.858
0.814
0.912
0.91
0.839
0.857
0.872
0.838
0.768
0.758
0.771
0.745
0.765
0.783
0.782
0.806
0.849
0.849
0.833
0.773
0.822
0.792
0.737
0.713
0.749
0.808
0.81
0.789
0.798
0.846
0.841
0.869
0.897
0.922
0.741
0.769
0.792
0.817
0.846
0.809
0.674
0.736
0.757
0.678
0.729
0.718
0.649
0.767
0.762
0.741
0.764
0.708
0.647
0.719
0.665
0.746
0.73
0.776
0.783
0.712
0.685
0.658
0.729
0.869
0.77
0.755
0.709
0.651
0.687
0.691
0.79
0.841
0.724
0.637
0.763
0.6
0.615
0.647
0.678
0.588
0.601
0.699
0.671
0.57
0.685
0.79
0.689
0.645
0.64
0.667
0.54
0.687
0.799
0.739
0.792
0.806
0.747
0.764
0.758
0.682
0.794
0.943
0.714
0.653
0.895
0.952
0.922
0.878
0.869
0.845
0.714
0.805
0.886
0.872
0.952
0.978
0.89
0.832
0.7
0.897
0.861
0.67
0.804
0.903
0.826
0.886
0.794
0.752
0.85
0.869
0.904
0.93
0.777
0.92
0.869
0.873
0.932
0.987
0.995
0.982
0.882
0.868
0.738
0.898
0.97
0.901
0.817
0.859
0.847
0.836
0.867
0.925
0.91
0.942
0.938
0.892
0.971
1.035
0.999
0.992
1.002
1.003
0.997
0.965
0.898
0.911
0.871
0.795
0.699
0.807
0.937
0.934
0.747
0.804
0.846
0.929
0.928
0.905
0.876
0.944
1.038
0.799
0.924
0.857
0.876
0.939
0.953
0.98
0.902
0.901
0.842
0.896
0.871
0.825
0.759
0.716
0.757
0.8
0.803
0.732
0.507
0.788
0.895
0.795
0.753
0.843
0.811
0.742
0.706
0.662
0.705
0.505
0.624
0.742
0.663
0.605
0.705
0.873
0.852
0.691
0.745
0.605
0.608
0.644
0.757
0.627
0.704
0.772
0.674
0.553
0.59
0.515
0.781
0.801
0.542
0.529
0.613
0.703
0.776
0.809
0.881
0.919
0.837
0.618
0.618
0.779
0.72
0.691
0.771
0.613
0.836
0.815
0.821
0.708
0.673
0.682
0.727
0.823
0.737
0.687
0.608
0.585
0.591
0.765
0.826
0.679
0.604
0.738
0.919
0.932
0.737
0.639
0.829
0.946
0.726
0.656
0.642
0.619
0.521
0.479
0.556
0.601
0.639
0.704
0.727
0.78
0.874
0.745
0.769
0.682
0.613
0.78
0.755
0.777
0.736
0.696
0.613
0.731
0.791
0.836
0.692
0.795
0.899
0.828
0.788
0.784
0.744
0.664
0.718
0.73
0.777
0.8
0.751
0.8
0.78
0.684
0.603
0.638
0.73
0.764
0.785
0.803
0.777
0.798
0.808
0.73
0.685
0.782
0.816
0.693
0.597
0.666
0.81
0.732
0.763
0.753
0.734
0.69
0.794
0.904
0.869
0.795
0.682
0.767
0.751
0.788
0.901
0.888
0.836
0.691
0.693
0.774
0.76
0.799
0.808
0.809
0.802
0.82
0.863
0.856
0.848
0.839
0.834
0.835
0.854
0.881
0.823
0.769
0.69
0.742
0.77
0.725
0.709
0.705
0.78
0.779
0.747
0.818
0.839
0.825
0.857
0.83
0.83
0.844
0.93
0.936
0.897
0.84
0.793
0.822
0.765
0.803
0.861
0.815
0.812
0.822
0.863
0.859
0.908
0.869
0.807
0.794
0.836
0.875
0.777
0.679
0.693
0.753
0.773
0.736
0.801
0.898
0.845
0.776
0.714
0.743
0.782
0.813
0.742
0.707
0.707
0.771
0.77
0.755
0.743
0.64
0.776
0.76
0.622
0.832
0.734
0.657
0.793
0.947
0.84
0.67
0.638
0.89
0.975
0.861
0.847
0.843
0.782
0.748
0.799
0.812
0.695
0.74
0.793
0.704
0.762
0.714
0.671
0.764
0.767
0.763
0.735
0.708
0.706
0.772
0.842
0.8
0.903
0.806
0.81
0.906
0.897
0.846
0.841
0.865
0.803
0.78
0.721
0.883
0.86
0.76
0.863
0.822
0.81
0.846
0.893
0.554
0.681
0.876
0.859
0.878
0.901
0.918
0.878
0.94
0.85
0.879
0.885
0.952
0.99
0.985
0.962
0.971
0.958
0.965
0.985
0.965
0.957
0.85
0.966
0.919
0.944
0.945
0.884
0.908
0.896
0.883
0.87
0.759
0.819
0.85
0.906
0.911
0.879
0.94
0.766
0.875
0.904
0.927
0.914
0.936
0.978
0.766
0.891
0.903
0.905
0.883
0.894
0.942
0.968
0.905
0.986
0.953
0.895
0.931
0.885
0.999
0.951
0.902
0.936
0.886
0.951
0.908
0.94
0.941
1.003
0.97
0.969
0.973
0.99
0.998
0.891
0.881
0.916
0.832
0.803
0.826
0.885
0.871
0.907
0.851
1.043
0.93
0.929
0.919
0.796
0.794
0.825
0.984
0.934
0.796
0.677
0.799
0.879
0.858
0.801
0.852
0.908
0.877
0.79
0.724
0.719
0.825
0.796
0.69
0.705
0.663
0.795
0.744
0.683
0.657
0.815
0.799
0.874
0.867
0.786
0.811
0.871
0.886
0.836
0.811
0.751
0.747
0.705
0.755
0.816
0.639
0.549
0.838
0.638
0.526
0.55
0.577
0.537
0.69
0.73
0.652
0.585
0.611
0.635
0.549
0.571
0.504
0.559
0.587
0.781
0.751
0.634
0.617
0.634
0.626
0.584
0.674
0.652
0.635
0.617
0.64
0.68
0.724
0.864
0.87
0.822
0.778
0.778
0.809
0.849
0.783
0.81
0.794
0.792
0.835
0.713
0.776
0.834
0.89
0.824
0.751
0.738
0.779
0.769
0.661
0.651
0.7
0.634
0.796
0.921
0.79
0.706
0.844
0.791
0.77
0.741
0.725
0.619
0.669
0.73
0.773
0.762
0.79
0.741
0.699
0.696
0.924
0.84
0.785
0.787
0.783
0.766
0.736
0.754
0.808
0.787
0.717
0.709
0.711
0.727
0.789
0.817
0.813
0.755
0.713
0.744
0.775
0.719
0.701
0.77
0.792
0.794
0.71
0.671
0.762
0.777
0.809
0.774
0.81
0.789
0.86
0.838
0.833
0.819
0.8
0.763
0.658
0.654
0.695
0.723
0.717
0.753
0.737
0.727
0.847
0.744
0.73
0.837
0.78
0.783
0.732
0.774
0.737
0.672
0.737
0.808
0.821
0.778
0.73
0.666
0.596
0.791
0.826
0.71
0.631
0.639
0.713
0.651
0.682
0.758
0.765
0.709
0.668
0.712
0.571
0.618
0.679
0.864
0.805
0.763
0.785
0.752
0.904
0.805
0.743
0.694
0.651
0.679
0.657
0.652
0.687
0.66
0.69
0.625
0.713
0.747
0.637
0.648
0.567
0.629
0.617
0.593
0.554
0.486
0.484
0.673
0.605
0.595
0.582
0.612
0.635
0.538
0.45
0.48
0.513
0.614
0.86
0.879
0.795
0.839
0.66
0.613
0.724
0.679
0.659
0.825
0.754
0.84
0.834
0.755
0.716
0.817
0.746
0.701
0.796
0.854
0.921
0.914
0.809
0.959
0.824
0.689
0.867
0.867
0.95
0.954
0.88
0.846
0.763
0.752
0.809
0.909
0.763
0.766
0.781
0.694
0.857
0.89
0.82
0.877
0.881
0.955
0.952
0.806
0.742
0.938
0.891
0.881
0.896
0.908
0.887
0.834
0.876
0.95
0.917
0.686
0.526
0.743
0.825
0.87
0.722
0.657
0.75
0.807
0.846
0.761
0.795
0.911
0.885
0.786
0.878
0.885
0.945
0.928
0.888
0.865
0.867
0.949
0.908
0.94
0.999
0.983
0.94
0.888
0.852
0.909
0.965
0.992
0.97
0.957
1.013
0.983
0.852
0.886
0.876
0.936
0.857
0.887
0.88
0.901
0.895
0.856
0.884
0.93
0.906
0.883
0.817
0.777
0.719
0.703
0.793
0.81
0.784
0.834
0.781
0.777
0.653
0.615
0.587
0.692
0.772
0.78
0.853
0.811
0.72
0.849
0.781
0.836
0.756
0.711
0.765
0.736
0.74
0.787
0.897
0.95
0.81
0.933
0.824
0.837
0.764
0.787
0.808
0.918
0.905
0.765
0.604
0.693
0.753
0.928
0.849
0.829
0.786
0.88
0.863
0.803
0.919
0.848
0.846
0.772
0.905
0.87
0.818
0.76
0.795
0.704
0.716
0.686
0.68
0.647
0.626
0.7
0.64
0.618
0.643
0.793
0.847
0.944
0.954
0.825
0.91
0.78
0.737
0.696
0.698
0.826
0.661
0.644
0.566
0.591
0.711
0.795
0.886
0.72
0.622
0.672
0.85
0.761
0.811
0.837
0.804
0.726
0.732
0.759
0.649
0.728
0.832
0.744
0.742
0.724
0.661
0.869
0.842
0.75
0.849
0.729
0.672
0.631
0.62
0.581
0.587
0.581
0.6
0.632
0.681
0.628
0.651
0.792
0.768
0.708
0.703
0.704
0.654
0.635
0.618
0.713
0.867
0.897
0.858
0.809
0.774
0.775
0.805
0.777
0.743
0.665
0.72
0.774
0.755
0.716
0.776
0.707
0.653
0.758
0.763
0.817
0.831
0.817
0.763
0.784
0.762
0.793
0.798
0.761
0.676
0.629
0.74
0.806
0.801
0.795
0.811
0.799
0.751
0.788
0.812
0.774
0.749
0.776
0.784
0.859
0.819
0.818
0.684
0.702
0.702
0.72
0.795
0.826
0.755
0.791
0.765
0.787
0.798
0.772
0.755
0.759
0.75
0.768
0.716
0.749
0.79
0.769
0.682
0.659
0.684
0.734
0.747
0.728
0.636
0.608
0.625
0.66
0.696
0.748
0.637
0.574
0.771
0.754
0.649
0.652
0.723
0.873
0.673
0.682
0.593
0.569
0.718
0.666
0.592
0.695
0.71
0.813
0.607
0.57
0.758
0.825
0.645
0.573
0.686
0.815
0.748
0.715
0.868
0.96
0.706
0.687
0.693
0.716
0.72
0.719
0.767
0.824
0.894
0.946
0.925
0.835
0.786
0.721
0.714
0.707
0.663
0.728
0.837
0.834
0.902
0.673
0.72
0.718
0.722
0.652
0.598
0.86
0.946
0.756
0.763
0.766
0.894
0.882
0.796
0.761
0.866
0.89
0.806
0.791
0.904
0.818
0.66
0.753
0.816
0.899
0.733
0.805
0.831
0.925
0.928
0.981
0.972
0.968
0.834
0.911
0.945
0.935
0.942
0.934
0.946
0.97
0.818
0.85
0.829
0.822
0.857
0.878
0.939
0.986
0.85
0.806
0.791
0.835
0.908
0.951
0.928
0.872
0.925
0.87
0.917
0.981
0.984
1.011
0.976
0.908
0.907
0.911
0.904
0.822
0.844
0.932
0.911
0.872
0.893
0.894
0.879
0.87
0.816
0.816
0.855
0.848
0.958
1.004
0.966
0.926
0.901
0.941
0.94
0.837
0.91
0.945
0.938
0.952
0.937
0.839
0.838
0.921
0.982
0.911
0.967
0.965
0.899
0.864
0.735
0.846
0.924
0.896
0.834
0.798
0.756
0.677
0.675
0.76
0.79
0.74
0.847
0.918
0.806
0.79
0.859
0.854
0.816
0.944
0.87
0.792
0.842
0.827
0.833
0.83
0.823
0.955
0.932
0.915
0.878
0.815
0.883
0.88
0.955
0.909
0.89
0.799
0.726
0.807
0.74
0.824
0.857
0.803
0.742
0.683
0.607
0.66
0.728
0.935
0.943
0.895
0.729
0.655
0.687
0.676
0.613
0.741
0.796
0.784
0.828
0.823
0.883
0.851
0.796
0.75
0.707
0.851
0.938
0.897
0.781
0.669
0.722
0.692
0.596
0.738
0.682
0.659
0.842
0.923
0.839
0.714
0.804
0.83
0.804
0.797
0.766
0.726
0.812
0.765
0.698
0.611
0.583
0.69
0.769
0.909
0.939
0.819
0.774
0.699
0.843
0.829
0.77
0.911
0.904
0.812
0.688
0.684
0.677
0.713
0.606
0.666
0.749
0.712
0.732
0.704
0.679
0.693
0.631
0.713
0.713
0.751
0.762
0.779
0.773
0.747
0.742
0.737
0.709
0.801
0.748
0.664
0.626
0.726
0.725
0.689
0.763
0.744
0.684
0.736
0.78
0.791
0.794
0.731
0.656
0.779
0.807
0.79
0.778
0.723
0.725
0.759
0.759
0.751
0.793
0.726
0.746
0.759
0.715
0.664
0.813
0.794
0.903
0.835
0.705
0.674
0.661
0.717
0.862
0.849
0.851
0.813
0.834
0.862
0.875
0.841
0.836
0.784
0.804
0.828
0.779
0.751
0.816
0.803
0.756
0.785
0.818
0.766
0.728
0.823
0.794
0.774
0.683
0.715
0.748
0.772
0.839
0.844
0.686
0.809
0.803
0.857
0.768
0.705
0.654
0.81
0.738
0.765
0.854
0.798
0.764
0.819
0.888
0.851
0.715
0.621
0.605
0.706
0.731
0.739
0.718
0.79
0.855
0.82
0.812
0.716
0.754
0.734
0.709
0.659
0.573
0.59
0.621
0.645
0.775
0.88
0.819
0.763
0.791
0.794
0.79
0.761
0.881
0.817
0.767
0.761
0.695
0.792
0.639
0.804
0.804
0.722
0.627
0.744
0.843
0.725
0.751
0.671
0.725
0.826
0.833
0.74
0.612
0.871
0.83
0.703
0.618
0.599
0.831
0.915
0.945
0.867
0.866
0.766
0.805
0.649
0.634
0.641
0.717
0.486
0.588
0.605
0.686
0.774
0.732
0.634
0.597
0.863
0.687
0.757
0.822
0.715
0.744
0.607
0.605
0.91
0.839
0.965
0.937
0.935
0.939
0.983
0.941
0.894
0.913
0.852
0.844
0.827
0.84
0.826
0.94
0.889
0.632
0.862
0.825
0.855
0.93
0.969
0.838
0.908
0.947
0.956
0.738
0.677
0.753
0.853
0.896
0.933
0.882
0.857
0.902
0.895
0.911
0.918
0.964
0.782
0.883
0.929
0.946
0.925
0.784
0.861
0.91
0.965
0.961
0.924
0.868
0.94
0.879
0.83
0.855
0.93
0.871
0.832
0.851
0.887
0.932
0.918
0.884
0.844
0.913
0.902
0.977
0.992
0.925
0.884
0.888
1.007
0.952
0.962
0.927
0.896
0.858
0.928
0.895
0.855
0.855
0.809
0.825
0.7
0.709
0.834
0.678
0.968
0.788
0.651
0.771
0.869
0.748
0.692
0.85
0.907
0.753
0.749
0.666
0.603
0.715
0.536
0.629
0.736
0.566
0.722
0.916
0.826
0.715
0.584
0.812
0.891
0.779
0.872
0.931
0.752
0.754
0.718
0.8
0.84
0.856
0.706
0.71
0.668
0.704
0.769
0.746
0.739
0.675
0.692
0.679
0.653
0.736
0.706
0.644
0.613
0.549
0.502
0.65
0.669
0.572
0.633
0.677
0.597
0.513
0.664
0.729
0.6
0.535
0.656
0.757
0.687
0.604
0.57
0.615
0.698
0.674
0.651
0.597
0.721
0.723
0.874
0.713
0.708
0.671
0.756
0.622
0.646
0.551
0.488
0.714
0.739
0.837
0.678
0.714
0.702
0.647
0.716
0.721
0.708
0.786
0.624
0.651
0.704
0.701
0.648
0.779
0.849
0.725
0.658
0.817
0.817
0.782
0.742
0.698
0.691
0.663
0.71
0.691
0.698
0.605
0.615
0.673
0.685
0.617
0.693
0.792
0.775
0.732
0.668
0.751
0.781
0.762
0.736
0.692
0.67
0.716
0.687
0.691
0.817
0.794
0.729
0.705
0.682
0.715
0.798
0.771
0.758
0.682
0.701
0.751
0.788
0.684
0.643
0.69
0.721
0.871
0.836
0.734
0.669
0.667
0.797
0.866
0.837
0.766
0.669
0.743
0.795
0.783
0.835
0.807
0.845
0.826
0.803
0.824
0.81
0.804
0.772
0.764
0.787
0.924
0.837
0.813
0.8
0.782
0.772
0.817
0.814
0.796
0.792
0.773
0.796
0.819
0.82
0.787
0.794
0.834
0.809
0.78
0.722
0.756
0.663
0.607
0.623
0.665
0.678
0.666
0.639
0.722
0.691
0.739
0.781
0.635
0.736
0.744
0.622
0.596
0.751
0.77
0.576
0.615
0.766
0.798
0.698
0.565
0.532
0.577
0.802
0.828
0.842
0.818
0.819
0.813
0.653
0.602
0.827
0.881
0.837
0.794
0.796
0.787
0.777
0.613
0.515
0.59
0.756
0.681
0.697
0.824
0.792
0.926
0.956
0.922
0.92
0.82
0.829
0.742
0.842
0.94
0.903
0.938
0.945
0.936
0.868
0.921
0.729
0.874
0.893
0.829
0.675
0.869
0.817
0.73
0.827
0.922
0.883
0.897
0.869
0.892
0.929
0.811
0.819
0.876
0.909
0.935
0.903
0.907
0.894
0.958
0.981
0.883
0.869
0.799
0.933
0.957
0.85
0.807
0.851
0.886
0.882
0.986
0.972
0.942
0.81
0.827
0.89
0.819
0.905
0.946
0.9
0.88
0.904
0.92
0.981
0.905
0.843
0.743
0.794
0.861
0.91
0.983
0.939
0.878
0.921
0.841
0.902
0.86
0.928
0.963
0.89
0.885
0.874
0.768
0.735
0.837
0.819
0.816
0.685
0.88
0.828
0.885
0.926
0.918
0.914
0.975
0.969
0.892
0.926
0.912
0.892
0.855
0.815
0.812
0.812
0.896
0.87
0.925
0.971
0.983
0.987
0.968
0.96
0.928
0.884
0.887
0.835
0.884
0.896
0.837
0.881
0.819
0.898
0.955
0.904
0.915
0.807
0.82
0.907
0.882
0.888
0.929
0.912
0.89
0.862
0.831
0.781
0.822
0.92
0.639
0.53
0.689
0.65
0.703
0.653
0.747
0.827
0.679
0.611
0.594
0.552
0.571
0.699
0.648
0.779
0.897
0.832
0.745
0.685
0.729
0.788
0.747
0.667
0.738
0.741
0.828
0.808
0.822
0.691
0.757
0.961
0.856
0.77
0.608
0.553
0.586
0.642
0.631
0.627
0.702
0.789
0.749
0.681
0.63
0.647
0.699
0.786
0.741
0.71
0.73
0.738
0.632
0.601
0.634
0.741
0.714
0.777
0.77
0.756
0.837
0.844
0.867
0.838
0.776
0.721
0.741
0.742
0.805
0.777
0.695
0.732
0.739
0.716
0.741
0.673
0.705
0.867
0.951
0.865
0.785
0.699
0.818
0.807
0.811
0.817
0.751
0.742
0.768
0.748
0.666
0.816
0.763
0.691
0.734
0.731
0.722
0.686
0.697
0.807
0.76
0.737
0.886
0.882
0.852
0.736
0.682
0.75
0.75
0.754
0.778
0.812
0.796
0.931
0.867
0.792
0.805
0.797
0.812
0.807
0.794
0.8
0.829
0.802
0.741
0.702
0.723
0.804
0.762
0.751
0.743
0.829
0.771
0.789
0.802
0.8
0.765
0.761
0.731
0.769
0.837
0.839
0.81
0.791
0.802
0.69
0.697
0.825
0.845
0.844
0.809
0.791
0.776
0.823
0.785
0.829
0.843
0.764
0.689
0.886
0.853
0.73
0.7
0.638
0.661
0.705
0.747
0.813
0.83
0.762
0.742
0.712
0.707
0.685
0.798
0.861
0.848
0.781
0.784
0.8
0.792
0.7
0.86
0.848
0.814
0.867
0.86
0.818
0.914
0.912
0.823
0.818
0.777
0.789
0.839
0.931
0.851
0.899
0.912
0.81
0.737
0.679
0.727
0.832
0.743
0.798
0.854
0.893
0.877
0.773
0.691
0.765
0.742
0.678
0.667
0.767
0.769
0.772
0.799
0.901
0.9
0.875
0.796
0.827
0.769
0.756
0.746
0.803
0.718
0.744
0.768
0.763
0.812
0.852
0.762
0.618
0.768
0.743
0.715
0.831
0.925
0.909
0.889
0.899
0.837
0.917
0.911
0.869
0.864
0.876
0.882
0.966
0.923
0.881
0.889
0.886
0.776
0.911
0.914
0.72
0.794
0.886
0.918
0.963
0.968
0.731
0.76
0.852
0.708
0.876
0.894
0.925
0.943
0.926
0.913
0.925
0.895
0.935
0.973
0.985
0.991
0.979
0.863
0.864
0.85
0.891
0.893
0.84
0.947
0.944
0.871
0.847
0.862
0.921
0.855
0.899
0.971
0.929
0.93
0.966
0.934
0.945
0.69
0.632
0.921
0.955
0.951
0.928
0.957
0.892
0.828
0.875
0.893
0.925
0.938
0.946
0.974
0.867
0.911
0.95
0.917
0.835
0.741
0.785
0.863
0.841
0.636
0.752
0.702
0.85
0.716
0.86
0.82
0.866
0.896
0.867
0.833
0.812
0.87
0.838
0.837
0.74
0.639
0.628
0.759
0.932
0.924
0.784
0.725
0.611
0.759
0.724
0.665
0.635
0.686
0.519
0.591
0.611
0.613
0.831
0.817
0.683
0.651
0.622
0.638
0.555
0.631
0.659
0.684
0.652
0.674
0.781
0.789
0.748
0.715
0.826
0.749
0.782
0.791
0.688
0.765
0.877
0.889
0.727
0.701
0.656
0.592
0.629
0.768
0.738
0.752
0.815
0.911
0.86
0.79
0.735
0.732
0.632
0.792
0.765
0.707
0.621
0.544
0.595
0.651
0.619
0.677
0.578
0.825
0.89
0.727
0.634
0.557
0.632
0.562
0.523
0.595
0.598
0.686
0.665
0.677
0.693
0.578
0.548
0.731
0.901
0.826
0.744
0.678
0.722
0.728
0.759
0.802
0.704
0.702
0.667
0.669
0.758
0.759
0.784
0.766
0.67
0.657
0.674
0.686
0.7
0.723
0.625
0.618
0.774
0.707
0.606
0.629
0.587
0.54
0.606
0.597
0.774
0.797
0.796
0.839
0.688
0.642
0.713
0.677
0.683
0.768
0.812
0.85
0.884
0.802
0.793
0.798
0.815
0.788
0.791
0.791
0.807
0.792
0.777
0.786
0.788
0.79
0.795
0.75
0.764
0.738
0.805
0.753
0.765
0.737
0.77
0.803
0.783
0.763
0.676
0.7
0.794
0.78
0.835
0.836
0.776
0.776
0.791
0.733
0.73
0.881
0.877
0.859
0.795
0.834
0.812
0.788
0.743
0.762
0.768
0.721
0.696
0.669
0.752
0.82
0.757
0.708
0.816
0.964
0.936
0.962
0.828
0.768
0.802
0.766
0.752
0.78
0.74
0.744
0.775
0.764
0.789
0.759
0.716
0.796
0.781
0.764
0.763
0.866
0.871
0.792
0.889
0.811
0.67
0.745
0.769
0.795
0.726
0.695
0.613
0.532
0.566
0.683
0.731
0.674
0.653
0.714
0.628
0.544
0.768
0.834
0.69
0.679
0.709
0.806
0.697
0.575
0.573
0.51
0.467
0.604
0.676
0.629
0.775
0.709
0.673
0.573
0.822
0.773
0.593
0.73
0.673
0.652
0.644
0.745
0.847
0.787
0.602
0.652
0.718
0.511
0.471
0.545
0.784
0.677
0.714
0.689
0.69
0.721
0.706
0.546
0.71
0.709
0.605
0.594
0.524
0.609
0.701
0.811
0.958
0.855
0.903
0.912
0.879
0.823
0.894
0.903
0.939
0.905
0.869
0.863
0.883
0.844
0.857
0.879
0.873
0.866
0.687
0.707
0.886
0.875
0.831
0.86
0.933
0.916
0.795
0.69
0.933
0.911
0.9
0.717
0.662
0.923
0.884
0.859
0.912
0.698
0.548
0.53
0.744
0.674
0.743
0.796
0.88
0.87
0.852
0.905
0.815
0.789
0.678
0.853
0.789
0.802
0.942
0.884
0.956
0.867
0.808
0.908
0.895
0.922
0.885
0.861
0.92
0.918
0.906
0.91
0.965
0.94
0.91
0.883
0.827
0.745
0.908
0.834
0.904
0.875
0.91
0.899
0.851
1.078
0.935
0.849
0.848
0.813
0.896
0.944
0.646
0.754
0.841
0.597
0.624
0.773
0.766
0.761
0.777
0.744
0.774
0.769
0.748
0.756
0.827
0.845
0.856
0.759
0.736
0.605
0.826
0.841
0.674
0.828
0.814
0.695
0.791
0.719
0.823
0.786
0.73
0.77
0.823
0.772
0.733
0.742
0.713
0.668
0.739
0.67
0.787
0.909
0.865
0.769
0.675
0.796
0.863
0.738
0.686
0.577
0.569
0.669
0.627
0.654
0.623
0.694
0.631
0.714
0.567
0.545
0.723
0.565
0.616
0.694
0.562
0.503
0.651
0.738
0.655
0.649
0.493
0.498
0.633
0.652
0.617
0.559
0.493
0.497
0.615
0.636
0.64
0.534
0.604
0.622
0.598
0.595
0.654
0.684
0.791
0.802
0.657
0.631
0.66
0.622
0.649
0.553
0.51
0.519
0.489
0.496
0.482
0.517
0.681
0.643
0.581
0.524
0.602
0.538
0.577
0.618
0.547
0.48
0.468
0.47
0.489
0.487
0.574
0.593
0.545
0.48
0.513
0.568
0.533
0.594
0.479
0.468
0.617
0.523
0.5
0.594
0.527
0.497
0.45
0.365
0.338
0.336
0.303
0.273
0.319
0.323
0.421
0.614
0.473
0.459
0.524
0.387
0.411
0.648
0.648
0.737
0.788
0.824
0.69
0.714
0.63
0.638
0.698
0.64
0.573
0.571
0.726
0.762
0.648
0.672
0.591
0.611
0.695
0.732
0.566
0.514
0.534
0.657
0.729
0.672
0.605
0.66
0.686
0.569
0.525
0.748
0.828
0.762
0.645
0.747
0.864
0.771
0.665
0.68
0.618
0.823
0.687
0.646
0.611
0.585
0.679
0.798
0.827
0.836
0.69
0.625
0.629
0.669
0.567
0.548
0.83
0.784
0.661
0.67
0.678
0.726
0.743
0.818
0.734
0.721
0.726
0.722
0.617
0.589
0.572
0.567
0.673
0.728
0.641
0.638
0.84
0.712
0.582
0.635
0.529
0.516
0.52
0.666
0.675
0.665
0.591
0.54
0.516
0.529
0.695
0.822
0.824
0.746
0.706
0.783
0.861
0.856
0.827
0.705
0.693
0.6
0.606
0.574
0.644
0.58
0.629
0.751
0.641
0.93
0.976
0.848
0.815
0.817
0.84
0.865
0.736
0.691
0.767
0.81
0.753
0.771
0.642
0.693
0.814
0.972
0.803
0.641
0.688
0.736
0.713
0.798
0.831
0.707
0.722
0.735
0.755
0.848
0.887
0.758
0.719
0.786
0.83
0.653
0.71
0.754
0.637
0.573
0.9
0.877
0.78
0.469
0.82
0.738
0.909
0.844
0.926
0.808
0.857
0.805
0.897
0.759
0.94
0.939
0.752
0.92
0.959
0.982
0.966
0.974
0.844
0.909
0.981
0.996
0.86
0.501
0.718
0.839
0.938
0.769
0.753
0.933
0.849
0.706
0.886
0.903
0.855
0.547
0.677
0.741
0.779
0.928
0.951
0.767
0.776
0.917
0.884
0.86
0.835
0.761
0.862
0.743
0.822
0.852
0.811
0.821
0.727
0.851
0.89
0.836
0.908
0.897
0.868
0.764
0.612
0.78
0.866
0.898
0.971
0.873
0.668
0.67
0.741
0.906
0.823
0.816
0.536
0.561
0.793
0.908
0.896
0.665
0.558
0.636
0.667
0.624
0.691
0.77
0.648
0.762
0.852
0.593
0.64
0.885
0.575
0.814
0.78
0.57
0.631
0.792
0.79
0.742
0.774
0.776
0.799
0.83
0.761
0.763
0.778
0.836
0.791
0.758
0.723
0.686
0.676
0.647
0.665
0.702
0.675
0.704
0.595
0.709
0.665
0.69
0.823
0.668
0.52
0.664
0.603
0.608
0.553
0.699
0.787
0.689
0.763
0.785
0.696
0.688
0.719
0.723
0.594
0.767
0.74
0.697
0.731
0.797
0.738
0.676
0.863
0.868
0.781
0.714
0.661
0.592
0.517
0.687
0.765
0.674
0.558
0.767
0.706
0.792
0.764
0.702
0.635
0.753
0.787
0.777
0.76
0.77
0.809
0.752
0.755
0.737
0.652
0.604
0.717
0.797
0.697
0.844
0.864
0.798
0.775
0.752
0.696
0.746
0.798
0.794
0.814
0.735
0.702
0.689
0.701
0.697
0.685
0.735
0.745
0.692
0.674
0.763
0.777
0.766
0.769
0.769
0.732
0.681
0.731
0.775
0.771
0.767
0.758
0.711
0.666
0.631
0.648
0.662
0.78
0.856
0.84
0.817
0.808
0.768
0.751
0.791
0.822
0.819
0.761
0.858
0.845
0.767
0.726
0.836
0.861
0.838
0.814
0.787
0.76
0.775
0.76
0.728
0.729
0.781
0.746
0.804
0.808
0.766
0.778
0.811
0.882
0.834
0.836
0.855
0.83
0.808
0.764
0.758
0.826
0.852
0.782
0.728
0.839
0.788
0.714
0.719
0.784
0.79
0.821
0.84
0.823
0.882
0.817
0.776
0.884
0.97
0.875
0.936
0.814
0.709
0.78
0.767
0.78
0.846
0.789
0.682
0.655
0.694
0.672
0.639
0.697
0.677
0.806
0.839
0.753
0.636
0.687
0.742
0.638
0.666
0.556
0.674
0.667
0.621
0.536
0.572
0.642
0.707
0.89
0.763
0.901
0.877
0.867
0.722
0.676
0.765
0.703
0.656
0.655
0.609
0.535
0.575
0.804
0.649
0.718
0.607
0.574
0.592
0.72
0.837
0.948
0.812
0.708
0.644
0.696
0.757
0.782
0.968
0.904
0.633
0.583
0.632
0.834
0.539
0.549
0.572
0.588
0.664
0.82
0.786
0.895
0.563
0.703
0.797
0.81
0.69
0.786
0.78
0.861
0.603
0.63
0.713
0.727
0.88
0.812
0.749
0.864
0.849
0.851
0.86
0.844
0.882
0.882
0.812
0.849
0.863
0.757
0.903
0.88
0.969
0.95
0.969
0.991
0.998
0.92
0.934
0.888
0.943
0.872
0.846
0.864
0.905
0.871
0.928
0.823
0.732
0.817
0.894
0.859
0.946
0.982
0.931
0.705
0.933
0.969
0.939
0.882
0.827
0.876
0.643
0.66
0.626
0.808
0.875
0.835
0.916
0.964
0.896
0.924
0.887
0.831
0.861
0.839
0.822
0.623
0.583
0.648
0.7
0.896
0.963
0.929
0.674
0.708
0.717
0.568
0.501
0.863
0.926
0.897
0.667
0.721
0.798
0.755
0.6
0.673
0.712
0.54
0.725
0.78
0.588
0.76
0.949
0.92
0.891
0.776
0.797
0.723
0.679
0.832
0.724
0.627
0.767
0.653
0.667
0.701
0.766
0.476
0.55
0.641
0.547
0.512
0.678
0.911
0.903
0.831
0.744
0.8
0.725
0.697
0.6
0.666
0.542
0.509
0.882
0.73
0.615
0.653
0.799
0.768
0.703
0.718
0.547
0.514
0.828
0.823
0.603
0.54
0.566
0.646
0.63
0.552
0.562
0.743
0.644
0.59
0.544
0.694
0.949
0.851
0.682
0.648
0.641
0.696
0.793
0.666
0.766
0.898
0.709
0.826
0.806
0.782
0.669
0.678
0.795
0.817
0.725
0.611
0.66
0.807
0.938
0.8
0.714
0.79
0.664
0.541
0.624
0.795
0.698
0.783
0.659
0.776
0.694
0.753
0.728
0.746
0.681
0.619
0.68
0.717
0.664
0.608
0.722
0.716
0.728
0.764
0.724
0.699
0.816
0.777
0.641
0.669
0.721
0.784
0.751
0.792
0.74
0.702
0.642
0.736
0.755
0.748
0.662
0.713
0.76
0.724
0.885
0.953
0.872
0.922
0.8
0.793
0.748
0.751
0.768
0.799
0.838
0.922
0.857
0.77
0.69
0.672
0.734
0.73
0.717
0.796
0.767
0.677
0.669
0.722
0.919
0.853
0.804
0.792
0.729
0.717
0.718
0.78
0.818
0.842
0.76
0.77
0.816
0.788
0.838
0.834
0.92
0.92
0.933
0.911
0.857
0.802
0.796
0.82
0.816
0.773
0.734
0.727
0.742
0.767
0.737
0.766
0.784
0.755
0.807
0.828
0.866
0.774
0.759
0.776
0.777
0.884
0.815
0.826
0.708
0.702
0.876
0.808
0.777
0.808
0.834
0.746
0.74
0.767
0.648
0.671
0.761
0.803
0.696
0.666
0.639
0.74
0.697
0.66
0.787
0.902
0.95
0.954
0.816
0.863
0.775
0.685
0.681
0.608
0.649
0.846
0.689
0.667
0.72
0.811
0.72
0.713
0.743
0.626
0.615
0.647
0.624
0.671
0.658
0.609
0.608
0.649
0.743
0.95
0.775
0.746
0.638
0.677
0.787
0.717
0.699
0.686
0.633
0.796
0.811
0.685
0.694
0.701
0.628
0.771
0.884
0.769
0.593
0.711
0.745
0.865
0.883
0.667
0.683
0.655
0.701
0.903
0.803
0.72
0.817
0.83
0.773
0.85
0.838
0.727
0.863
0.861
0.629
0.912
0.872
0.877
0.952
0.844
0.801
0.967
0.951
0.923
0.898
0.942
0.913
0.931
0.961
0.964
0.919
0.737
0.901
0.926
0.894
0.888
0.93
0.939
0.874
0.927
0.959
0.921
0.965
0.978
0.905
0.959
0.973
0.994
0.922
0.907
0.866
0.953
0.844
0.738
0.881
0.706
0.598
0.841
0.938
0.926
0.902
0.946
0.867
0.919
0.86
0.87
0.822
0.932
0.923
0.898
0.846
0.878
0.769
0.475
0.552
0.755
0.974
0.823
0.783
0.887
0.958
0.927
0.873
0.83
0.809
0.533
0.635
0.624
0.493
0.803
0.85
0.803
0.85
0.885
0.713
0.733
0.824
0.72
0.554
0.645
0.769
0.677
0.585
0.683
0.708
0.699
0.605
0.612
0.914
0.788
0.731
0.763
0.842
0.74
0.763
0.702
0.81
0.849
0.718
0.699
0.537
0.642
0.758
0.592
0.531
0.665
0.814
0.708
0.701
0.726
0.786
0.758
0.625
0.62
0.882
0.942
0.827
0.734
0.754
0.707
0.912
0.925
0.91
0.79
0.682
0.814
0.685
0.712
0.725
0.753
0.776
0.688
0.759
0.67
0.695
0.726
0.888
0.823
0.735
0.692
0.786
0.713
0.669
0.72
0.693
0.674
0.602
0.597
0.75
0.802
0.75
0.754
0.668
0.651
0.634
0.721
0.768
0.782
0.794
0.745
0.708
0.757
0.783
0.762
0.811
0.747
0.733
0.722
0.651
0.561
0.537
0.552
0.578
0.73
0.702
0.66
0.652
0.713
0.727
0.681
0.675
0.699
0.605
0.605
0.728
0.742
0.707
0.69
0.623
0.665
0.68
0.774
0.737
0.788
0.761
0.705
0.745
0.771
0.693
0.734
0.735
0.69
0.659
0.644
0.763
0.824
0.77
0.648
0.617
0.687
0.723
0.697
0.711
0.749
0.747
0.73
0.672
0.664
0.672
0.651
0.617
0.755
0.741
0.655
0.624
0.558
0.712
0.71
0.649
0.579
0.584
0.794
0.866
0.682
0.579
0.548
0.512
0.552
0.576
0.595
0.69
0.747
0.856
0.817
0.735
0.704
0.732
0.754
0.74
0.662
0.66
0.647
0.617
0.622
0.65
0.591
0.551
0.692
0.738
0.555
0.543
0.526
0.583
0.653
0.739
0.688
0.742
0.689
0.677
0.594
0.528
0.534
0.519
0.562
0.514
0.431
0.636
0.669
0.572
0.609
0.605
0.494
0.516
0.495
0.51
0.501
0.451
0.569
0.686
0.684
0.623
0.671
0.542
0.524
0.646
0.646
0.747
0.647
0.732
0.681
0.516
0.46
0.504
0.73
0.551
0.506
0.529
0.71
0.79
0.805
0.837
0.867
0.862
0.671
0.737
0.833
0.788
0.74
0.515
0.435
0.463
0.652
0.762
0.679
0.658
0.715
0.812
0.867
0.868
0.805
0.892
0.85
0.777
0.891
0.933
0.952
0.857
0.818
0.84
0.704
0.78
0.84
0.848
0.956
0.871
0.786
0.781
0.793
0.905
0.81
0.675
0.73
0.871
0.889
0.894
0.816
0.879
0.858
0.869
0.797
0.619
0.587
0.767
0.694
0.63
0.683
0.836
0.883
0.956
0.79
0.859
0.829
0.87
0.876
0.964
0.926
0.903
0.903
0.91
0.977
0.947
0.899
0.892
0.891
0.864
0.892
0.889
0.813
0.761
0.911
0.944
0.895
0.853
0.891
0.76
0.844
0.881
0.972
0.97
0.943
0.845
0.86
0.858
0.894
0.907
0.918
0.918
0.924
0.875
0.848
0.897
0.882
0.681
0.723
0.844
0.836
0.62
0.716
0.804
0.578
0.917
0.935
0.959
0.923
0.892
0.945
0.962
0.852
0.771
0.842
0.859
0.836
0.868
0.754
0.769
0.798
0.616
0.677
0.735
0.797
0.777
0.8
0.89
0.888
0.847
0.764
0.88
0.754
0.646
0.599
0.56
0.457
0.483
0.774
0.722
0.763
0.695
0.723
0.911
0.808
0.697
0.714
0.783
0.798
0.632
0.587
0.824
0.686
0.752
0.684
0.62
0.74
0.607
0.539
0.586
0.616
0.636
0.69
0.723
0.731
0.564
0.704
0.709
0.823
0.909
0.944
0.851
0.758
0.8
0.801
0.781
0.869
0.855
0.801
0.749
0.607
0.656
0.809
0.715
0.721
0.661
0.735
0.719
0.659
0.569
0.741
0.891
0.721
0.647
0.61
0.698
0.638
0.632
0.61
0.68
0.744
0.695
0.683
0.628
0.603
0.741
0.841
0.746
0.75
0.633
0.526
0.581
0.866
0.88
0.724
0.67
0.646
0.79
0.809
0.752
0.728
0.703
0.669
0.605
0.536
0.539
0.547
0.639
0.621
0.621
0.732
0.776
0.793
0.776
0.723
0.686
0.769
0.789
0.727
0.707
0.754
0.631
0.643
0.67
0.756
0.8
0.781
0.75
0.755
0.719
0.691
0.747
0.74
0.739
0.765
0.781
0.877
0.816
0.9
0.813
0.817
0.825
0.796
0.814
0.827
0.827
0.914
0.88
0.817
0.874
0.824
0.758
0.82
0.858
0.933
0.811
0.814
0.804
0.788
0.765
0.702
0.787
0.856
0.838
0.859
0.834
0.791
0.835
0.828
0.864
0.85
0.708
0.742
0.808
0.706
0.7
0.736
0.83
0.833
0.848
0.843
0.903
0.933
0.836
0.822
0.815
0.779
0.803
0.835
0.821
0.829
0.861
0.852
0.861
0.839
0.825
0.782
0.702
0.738
0.787
0.817
0.791
0.818
0.839
0.775
0.712
0.863
0.867
0.772
0.775
0.763
0.901
0.839
0.773
0.782
0.694
0.668
0.742
0.752
0.715
0.753
0.726
0.705
0.712
0.763
0.755
0.87
0.745
0.675
0.759
0.843
0.87
0.668
0.76
0.73
0.709
0.76
0.699
0.752
0.814
0.685
0.767
0.695
0.7
0.799
0.789
0.75
0.906
0.934
0.759
0.785
0.755
0.755
0.7
0.73
0.735
0.793
0.955
1
0.803
0.664
0.67
0.688
0.806
0.84
0.775
0.795
0.849
0.979
0.917
0.886
0.915
0.905
0.804
0.79
0.751
0.854
0.842
0.847
0.772
0.791
0.751
0.713
0.785
0.918
0.816
0.948
0.978
0.954
0.946
0.924
0.887
0.845
0.902
0.842
0.839
0.845
0.667
0.814
0.858
0.628
0.62
0.555
0.595
0.804
0.97
0.981
0.947
0.759
0.849
0.929
0.888
0.875
0.802
0.818
0.895
0.874
0.903
0.939
0.961
0.973
0.906
0.907
0.902
0.933
0.83
0.816
0.894
0.963
0.966
0.909
0.908
0.818
0.767
0.797
0.872
0.676
0.517
0.612
0.719
0.624
0.658
0.705
0.608
0.725
0.776
0.791
0.847
0.835
0.827
0.96
0.919
0.903
0.86
0.921
0.86
0.698
0.796
0.895
0.966
0.951
0.858
0.818
0.834
0.865
0.841
0.867
0.937
0.945
0.879
0.958
0.955
0.967
0.901
0.939
0.856
0.87
0.874
0.825
0.666
0.607
0.564
0.763
0.879
0.481
0.633
0.879
0.904
0.843
0.931
0.934
0.861
0.801
0.76
0.767
0.773
0.768
0.884
0.964
0.888
0.771
0.762
0.791
0.804
0.756
0.757
0.923
0.823
0.745
0.841
0.701
0.798
0.851
0.856
0.814
0.709
0.824
0.803
0.785
0.605
0.569
0.756
0.907
0.8
0.683
0.705
0.713
0.785
0.64
0.775
0.744
0.802
0.814
0.745
0.614
0.667
0.667
0.597
0.598
0.691
0.702
0.644
0.686
0.679
0.621
0.663
0.75
0.643
0.633
0.608
0.821
0.855
0.784
0.693
0.703
0.74
0.759
0.681
0.841
0.725
0.708
0.789
0.874
0.867
0.699
0.795
0.882
0.787
0.756
0.723
0.725
0.76
0.751
0.767
0.725
0.691
0.719
0.713
0.742
0.83
0.786
0.742
0.718
0.743
0.722
0.725
0.749
0.768
0.821
0.868
0.847
0.766
0.768
0.736
0.782
0.794
0.778
0.759
0.789
0.779
0.798
0.717
0.798
0.797
0.698
0.702
0.823
0.824
0.761
0.736
0.688
0.648
0.693
0.822
0.775
0.772
0.771
0.813
0.807
0.757
0.766
0.807
0.788
0.815
0.724
0.77
0.793
0.701
0.693
0.809
0.811
0.756
0.774
0.724
0.738
0.818
0.803
0.77
0.736
0.845
0.757
0.665
0.699
0.792
0.726
0.68
0.741
0.712
0.75
0.73
0.76
0.877
0.811
0.876
0.784
0.733
0.823
0.806
0.67
0.72
0.771
0.661
0.689
0.652
0.745
0.833
0.768
0.761
0.712
0.818
0.745
0.839
0.756
0.811
0.774
0.834
0.893
0.884
0.804
0.831
0.725
0.644
0.683
0.64
0.731
0.668
0.563
0.671
0.689
0.823
0.642
0.615
0.722
0.664
0.606
0.563
0.77
0.91
0.783
0.801
0.915
0.792
0.654
0.612
0.605
0.608
0.639
0.722
0.695
0.621
0.702
0.815
0.678
0.619
0.745
0.791
0.815
0.727
0.67
0.61
0.601
0.624
0.725
0.717
0.896
0.97
0.853
0.755
0.923
0.817
0.869
0.593
0.622
0.637
0.664
0.737
0.817
0.83
0.868
0.738
0.804
0.725
0.77
0.872
0.907
0.962
0.918
0.913
0.797
0.738
0.762
0.865
0.619
0.64
0.581
0.833
0.878
0.884
0.876
0.895
0.832
0.815
0.88
0.895
0.85
0.824
0.875
0.727
0.762
0.8
0.878
0.762
0.928
0.894
0.926
0.92
0.903
0.823
0.943
0.936
0.892
0.886
0.891
0.913
0.968
1
0.862
0.739
0.794
0.875
0.745
0.749
0.86
0.901
0.936
0.989
0.978
0.979
0.897
1.026
0.987
0.892
0.871
0.672
0.683
0.839
0.815
0.881
0.864
0.935
0.869
0.863
0.843
0.846
0.934
1.006
0.938
0.962
0.899
0.923
0.82
0.727
0.79
0.814
0.879
0.737
0.961
0.931
0.865
0.876
0.825
0.822
0.86
0.776
0.783
0.905
0.869
0.85
0.888
0.675
0.696
0.856
0.638
0.721
0.79
0.761
0.762
0.555
0.449
0.79
0.705
0.671
0.874
0.746
0.623
0.64
0.682
0.644
0.842
0.739
0.741
0.709
0.631
0.597
0.601
0.707
0.642
0.747
0.894
0.687
0.651
0.653
0.824
0.73
0.939
0.833
0.771
0.697
0.687
0.599
0.657
0.603
0.538
0.517
0.498
0.452
0.566
0.648
0.659
0.759
0.784
0.838
0.846
0.832
0.63
0.516
0.744
0.721
0.676
0.79
0.735
0.66
0.561
0.678
0.745
0.564
0.59
0.821
0.774
0.716
0.689
0.685
0.641
0.517
0.499
0.564
0.601
0.712
0.793
0.649
0.57
0.59
0.612
0.685
0.682
0.586
0.593
0.531
0.503
0.662
0.662
0.681
0.576
0.472
0.573
0.632
0.695
0.685
0.662
0.618
0.597
0.61
0.621
0.665
0.72
0.629
0.78
0.882
0.933
0.794
0.798
0.707
0.772
0.82
0.738
0.736
0.803
0.799
0.759
0.751
0.73
0.756
0.762
0.749
0.668
0.728
0.738
0.806
0.759
0.722
0.683
0.725
0.688
0.714
0.752
0.799
0.846
0.773
0.761
0.753
0.74
0.77
0.708
0.689
0.719
0.713
0.76
0.712
0.819
0.771
0.653
0.666
0.64
0.723
0.749
0.911
0.818
0.861
0.809
0.773
0.721
0.74
0.739
0.755
0.796
0.851
0.772
0.685
0.731
0.747
0.718
0.736
0.769
0.721
0.623
0.718
0.67
0.59
0.585
0.574
0.67
0.674
0.623
0.555
0.591
0.612
0.624
0.538
0.555
0.58
0.522
0.527
0.595
0.561
0.499
0.466
0.429
0.532
0.567
0.744
0.772
0.749
0.905
0.766
0.763
0.601
0.777
0.725
0.683
0.743
0.648
0.564
0.588
0.633
0.687
0.609
0.6
0.594
0.641
0.695
0.734
0.671
0.566
0.496
0.824
0.775
0.647
0.568
0.583
0.661
0.694
0.673
0.591
0.57
0.515
0.566
0.758
0.964
0.739
0.643
0.855
0.915
0.852
0.624
0.64
0.902
0.8
0.763
0.731
0.757
0.867
0.827
0.782
0.838
0.746
0.674
0.68
0.548
0.575
0.609
0.627
0.686
0.563
0.902
0.816
0.652
0.734
0.684
0.606
0.646
0.809
0.918
0.927
0.927
0.854
0.952
0.958
0.91
0.819
0.911
0.944
0.988
0.963
0.963
0.942
0.864
0.799
0.769
0.753
0.865
0.911
0.86
0.878
0.841
0.894
0.815
0.68
0.767
0.947
0.737
0.844
0.703
0.777
0.953
0.938
0.916
0.945
0.927
0.989
0.939
0.856
0.79
0.942
0.877
0.895
0.935
0.969
0.974
0.909
0.87
0.892
0.918
0.914
0.937
0.937
0.912
0.93
0.89
0.96
0.949
0.869
0.808
0.877
0.656
0.745
0.823
0.817
0.889
0.933
0.751
0.696
0.797
0.799
0.954
0.862
0.821
0.765
0.767
0.85
0.839
0.733
0.827
0.735
0.693
0.86
0.954
0.943
0.758
0.438
0.484
0.582
0.846
0.916
1.01
0.856
0.557
0.557
0.755
0.678
0.555
0.552
0.606
0.59
0.689
0.713
0.781
0.671
0.757
0.718
0.701
0.618
0.517
0.521
0.659
0.849
0.864
0.779
0.695
0.733
0.712
0.678
0.781
0.419
0.612
0.665
0.836
0.936
0.836
0.891
0.78
0.827
0.725
0.595
0.626
0.752
0.876
0.764
0.828
0.85
0.785
0.664
0.674
0.71
0.639
0.71
0.711
0.603
0.766
0.731
0.701
0.632
0.666
0.815
0.665
0.576
0.616
0.837
0.824
0.842
0.746
0.757
0.742
0.684
0.63
0.8
0.881
0.721
0.646
0.627
0.601
0.714
0.858
0.919
0.785
0.733
0.845
0.869
0.804
0.649
0.79
0.856
0.797
0.81
0.724
0.746
0.75
0.852
0.813
0.825
0.796
0.757
0.617
0.629
0.582
0.59
0.601
0.611
0.681
0.691
0.718
0.704
0.727
0.734
0.772
0.788
0.774
0.763
0.774
0.812
0.757
0.705
0.647
0.732
0.786
0.803
0.771
0.741
0.722
0.709
0.712
0.704
0.756
0.78
0.782
0.736
0.799
0.777
0.748
0.802
0.85
0.784
0.803
0.794
0.799
0.825
0.798
0.806
0.779
0.714
0.735
0.75
0.828
0.85
0.822
0.854
0.79
0.823
0.893
0.892
0.818
0.841
0.848
0.802
0.823
0.83
0.808
0.816
0.872
0.843
0.787
0.76
0.745
0.73
0.806
0.821
0.775
0.74
0.821
0.793
0.809
0.769
0.749
0.645
0.624
0.669
0.603
0.609
0.78
0.919
0.764
0.65
0.558
0.738
0.717
0.655
0.656
0.665
0.758
0.601
0.578
0.838
0.851
0.819
0.602
0.601
0.644
0.611
0.565
0.569
0.607
0.592
0.627
0.583
0.793
0.826
0.954
0.926
0.786
0.739
0.679
0.652
0.607
0.666
0.648
0.758
0.626
0.596
0.531
0.549
0.612
0.791
0.781
0.676
0.588
0.634
0.621
0.666
0.8
0.805
0.762
0.769
0.897
0.906
0.917
0.817
0.62
0.58
0.75
0.814
0.716
0.575
0.772
0.927
0.751
0.873
0.849
0.839
0.926
0.914
0.943
0.914
0.927
0.902
0.878
0.873
0.803
0.87
0.905
0.919
0.841
0.667
0.821
0.832
0.863
0.844
0.893
0.868
0.605
0.675
0.704
0.889
0.776
0.792
0.801
0.912
0.978
0.986
0.956
0.941
0.973
0.945
0.928
0.885
0.965
0.947
0.927
0.928
0.895
0.885
0.916
0.962
0.988
0.974
0.991
0.976
0.891
0.928
0.911
0.891
0.881
0.943
0.946
0.843
0.871
0.938
1.002
1.029
0.957
1.091
1.003
0.918
1.012
0.834
0.932
0.983
0.977
0.966
0.852
0.851
0.924
0.864
0.87
0.845
0.797
0.835
0.806
0.75
0.668
0.816
0.892
0.936
0.972
0.965
0.927
0.904
0.764
0.844
0.917
0.88
0.864
0.934
0.836
0.888
0.892
0.958
0.929
0.972
0.747
0.68
0.806
1.007
0.927
0.721
0.796
0.781
0.624
0.747
0.886
0.945
0.823
0.662
0.7
0.72
0.722
0.722
0.661
0.712
0.796
0.713
0.649
0.697
0.834
0.901
0.867
0.869
0.921
0.773
0.858
0.508
0.619
0.81
0.824
0.741
0.872
0.762
0.691
0.724
0.907
0.722
0.652
0.705
0.674
0.723
0.686
0.569
0.663
0.856
0.785
0.916
0.82
0.684
0.615
0.655
0.72
0.753
0.849
0.937
0.786
0.764
0.781
0.663
0.679
0.936
0.921
0.765
0.633
0.694
0.9
0.857
0.829
0.826
0.954
0.885
0.803
0.958
0.732
0.628
0.568
0.815
0.919
0.895
0.817
0.762
0.763
0.794
0.66
0.741
0.869
0.707
0.785
0.925
0.87
0.75
0.672
0.571
0.624
0.832
0.786
0.762
0.769
0.823
0.834
0.838
0.851
0.789
0.741
0.79
0.779
0.757
0.699
0.699
0.826
0.841
0.819
0.83
0.796
0.796
0.734
0.775
0.805
0.662
0.672
0.731
0.733
0.769
0.715
0.706
0.765
0.674
0.634
0.635
0.721
0.741
0.762
0.697
0.591
0.691
0.752
0.744
0.791
0.818
0.792
0.797
0.841
0.765
0.681
0.819
0.771
0.784
0.797
0.791
0.72
0.752
0.829
0.852
0.82
0.845
0.803
0.758
0.74
0.783
0.805
0.821
0.824
0.78
0.733
0.745
0.77
0.788
0.788
0.817
0.822
0.726
0.73
0.766
0.794
0.794
0.796
0.815
0.733
0.698
0.733
0.746
0.793
0.721
0.697
0.674
0.633
0.664
0.641
0.679
0.669
0.842
0.884
0.808
0.782
0.761
0.698
0.766
0.865
0.939
0.913
0.901
0.803
0.71
0.658
0.584
0.834
0.845
0.784
0.764
0.69
0.814
0.874
0.875
0.708
0.718
0.714
0.755
0.703
0.673
0.643
0.657
0.705
0.829
0.927
0.859
0.713
0.693
0.643
0.676
0.726
0.73
0.761
0.88
0.686
0.777
0.78
0.836
0.876
0.786
0.677
0.814
0.851
0.714
0.828
0.827
0.613
0.643
0.611
0.759
0.75
0.701
0.847
0.951
0.824
0.776
0.818
0.897
0.857
0.836
0.809
0.833
0.801
0.803
0.834
0.76
0.679
0.814
0.787
0.82
0.877
0.912
0.888
0.8
0.897
0.877
0.907
0.944
0.722
0.844
0.869
0.798
0.868
0.894
0.946
0.879
0.833
0.942
0.962
0.879
0.836
0.83
0.903
0.93
0.891
0.704
0.807
0.873
0.897
0.954
0.925
0.702
0.879
0.938
0.915
0.939
0.915
0.915
0.944
1.015
0.978
0.989
0.964
0.619
0.643
0.84
0.955
0.91
0.826
0.795
0.831
0.857
0.92
0.937
0.781
0.824
0.934
0.98
0.962
0.931
0.879
0.887
0.952
0.839
0.962
0.926
0.887
0.945
0.947
0.961
0.932
0.881
0.983
0.919
0.896
0.886
0.876
0.799
0.822
0.872
0.895
0.75
0.895
0.861
0.855
0.829
0.783
0.91
0.85
0.94
0.884
0.881
0.825
0.826
0.92
0.948
0.825
0.94
0.889
0.778
0.854
0.899
0.83
0.672
0.812
0.816
0.775
0.734
0.61
0.659
0.922
0.595
0.551
0.609
0.831
0.674
0.695
0.77
0.815
0.789
0.645
0.89
0.818
0.737
0.753
0.953
0.908
0.732
0.592
0.489
0.671
0.741
0.799
0.756
0.643
0.653
0.482
0.544
0.681
0.922
0.898
0.676
0.564
0.738
0.821
0.692
0.539
0.546
0.634
0.746
0.779
0.74
0.707
0.614
0.691
0.802
0.607
0.621
0.779
0.737
0.95
0.746
0.73
0.736
0.599
0.806
0.879
0.75
0.676
0.745
0.629
0.724
0.739
0.717
0.685
0.788
0.795
0.755
0.677
0.643
0.609
0.619
0.959
0.799
0.709
0.741
0.887
0.842
0.928
0.965
0.961
0.92
0.759
0.658
0.69
0.704
0.751
0.697
0.597
0.61
0.763
0.779
0.712
0.646
0.747
0.805
0.847
0.767
0.751
0.771
0.755
0.653
0.726
0.754
0.779
0.69
0.666
0.737
0.789
0.83
0.822
0.823
0.808
0.74
0.722
0.768
0.779
0.852
0.758
0.682
0.699
0.733
0.777
0.794
0.78
0.772
0.824
0.755
0.706
0.793
0.906
0.863
0.833
0.754
0.836
0.812
0.788
0.767
0.732
0.65
0.764
0.81
0.807
0.806
0.753
0.681
0.722
0.681
0.749
0.839
0.898
0.93
0.916
0.78
0.872
0.874
0.88
0.927
0.791
0.896
0.896
0.876
0.82
0.903
0.885
0.852
0.813
0.831
0.857
0.804
0.838
0.814
0.779
0.812
0.741
0.738
0.78
0.811
0.851
0.878
0.879
0.864
0.843
0.808
0.76
0.817
0.761
0.834
0.733
0.736
0.916
0.772
0.715
0.844
0.782
0.789
0.781
0.736
0.787
0.724
0.773
0.752
0.669
0.717
0.741
0.71
0.707
0.701
0.66
0.718
0.742
0.664
0.693
0.81
0.779
0.664
0.684
0.723
0.655
0.61
0.7
0.63
0.681
0.633
0.65
0.901
0.931
0.861
0.748
0.765
0.711
0.787
0.856
0.893
0.783
0.796
0.761
0.766
0.87
0.784
0.816
0.828
0.653
0.653
0.623
0.898
0.934
0.907
0.854
0.976
0.888
0.903
0.91
0.925
0.78
0.663
0.799
0.877
0.792
0.895
0.973
0.938
0.794
0.711
0.894
0.912
0.802
0.794
0.921
0.916
0.945
0.958
0.936
0.941
0.933
0.973
0.939
0.87
0.877
0.824
0.943
0.918
0.832
0.949
0.956
0.976
0.978
0.917
0.856
0.7
0.743
0.845
0.719
0.832
0.877
0.931
0.965
0.951
0.953
0.992
0.958
0.936
0.807
0.634
0.827
0.914
0.866
0.95
0.939
0.951
0.924
0.886
0.875
0.866
0.932
0.967
0.966
0.911
0.894
0.947
0.895
0.914
0.9
0.876
0.781
0.777
0.796
0.739
0.702
0.795
0.884
0.863
0.77
0.745
0.927
0.919
0.79
0.804
0.74
0.849
0.978
1.006
0.969
0.932
0.887
0.806
0.85
0.846
0.846
0.816
0.868
0.792
0.836
0.818
0.881
0.862
0.806
0.768
0.761
0.918
0.975
0.605
0.589
0.681
0.791
0.752
0.636
0.597
0.842
0.986
0.98
0.958
0.926
0.828
0.754
0.667
0.648
0.802
0.745
0.779
0.822
0.777
0.807
0.801
0.777
0.756
0.805
0.671
0.612
0.583
0.837
0.968
0.726
0.602
0.617
0.594
0.867
0.841
0.877
0.779
0.642
0.779
0.775
0.612
0.733
0.623
0.605
0.652
0.9
0.744
0.705
0.811
0.914
0.893
0.86
0.859
0.852
0.731
0.724
0.771
0.907
0.799
0.833
0.862
0.826
0.802
0.736
0.628
0.703
0.618
0.526
0.593
0.655
0.634
0.665
0.672
0.822
0.827
0.709
0.597
0.642
0.693
0.644
0.728
0.677
0.657
0.738
0.666
0.691
0.628
0.651
0.578
0.791
0.84
0.878
0.82
0.764
0.787
0.767
0.781
0.796
0.728
0.743
0.735
0.754
0.736
0.738
0.701
0.715
0.751
0.751
0.765
0.75
0.781
0.758
0.669
0.679
0.773
0.773
0.772
0.807
0.796
0.753
0.711
0.661
0.627
0.635
0.687
0.785
0.854
0.783
0.679
0.76
0.796
0.83
0.836
0.807
0.763
0.699
0.688
0.744
0.814
0.801
0.697
0.747
0.681
0.645
0.732
0.889
0.902
0.883
0.85
0.803
0.83
0.847
0.801
0.836
0.795
0.791
0.823
0.798
0.807
0.807
0.792
0.743
0.842
0.829
0.827
0.9
0.871
0.796
0.729
0.773
0.83
0.846
0.743
0.694
0.783
0.736
0.713
0.686
0.795
0.828
0.749
0.735
0.692
0.743
0.778
0.756
0.704
0.769
0.888
0.814
0.733
0.726
0.791
0.794
0.794
0.669
0.68
0.78
0.789
0.774
0.744
0.595
0.645
0.672
0.636
0.867
0.833
0.812
0.796
0.887
0.847
0.776
0.676
0.681
0.685
0.682
0.722
0.679
0.67
0.728
0.765
0.768
0.693
0.771
0.654
0.692
0.65
0.651
0.597
0.673
0.816
0.762
0.844
0.787
0.749
0.724
0.757
0.682
0.599
0.599
0.671
0.69
0.717
0.92
0.666
0.682
0.71
0.729
0.795
0.77
0.786
0.693
0.752
0.707
0.66
0.677
0.711
0.726
0.637
0.821
0.751
0.775
0.879
0.872
0.807
0.72
0.872
0.911
0.895
0.904
0.84
0.708
0.731
0.749
0.801
0.717
0.663
0.839
0.759
0.836
0.796
0.81
0.815
0.853
0.952
0.803
0.538
0.625
0.691
0.688
0.83
0.902
0.951
0.689
0.704
0.594
0.743
0.937
0.87
0.864
1.02
0.966
0.971
0.901
0.925
0.865
0.966
0.937
0.863
0.898
1
0.982
0.926
0.872
0.886
0.955
0.991
0.863
0.899
0.937
0.901
0.898
0.94
0.868
0.889
0.922
0.886
0.978
0.885
0.873
0.843
0.844
0.933
0.969
0.927
0.807
0.924
0.904
0.57
0.613
0.62
0.732
0.879
0.72
0.61
0.601
0.512
0.509
0.68
0.823
0.897
0.839
0.908
0.927
0.829
0.749
0.908
0.721
0.713
0.917
0.727
0.757
0.902
0.818
0.765
0.75
0.733
0.759
0.761
0.831
0.884
0.834
0.753
0.641
0.714
0.715
0.655
0.67
0.659
0.67
0.623
0.546
0.628
0.517
0.527
0.863
0.822
0.746
0.811
0.768
0.75
0.674
0.693
0.877
0.736
0.852
0.738
0.625
0.539
0.663
0.931
0.878
0.828
0.748
0.77
0.824
0.891
0.921
0.682
0.595
0.556
0.618
0.737
0.674
0.577
0.539
0.557
0.554
0.529
0.699
0.762
0.631
0.732
0.781
0.596
0.663
0.689
0.754
0.863
0.72
0.675
0.688
0.719
0.722
0.591
0.584
0.706
0.894
0.866
0.725
0.735
0.607
0.59
0.599
0.528
0.689
0.774
0.767
0.772
0.661
0.701
0.711
0.672
0.664
0.56
0.622
0.647
0.636
0.73
0.762
0.683
0.664
0.674
0.618
0.588
0.648
0.637
0.63
0.6
0.697
0.742
0.665
0.758
0.795
0.769
0.677
0.819
0.784
0.751
0.76
0.762
0.768
0.698
0.67
0.741
0.758
0.631
0.632
0.721
0.688
0.68
0.711
0.755
0.791
0.788
0.803
0.855
0.804
0.756
0.804
0.719
0.695
0.734
0.748
0.749
0.754
0.74
0.773
0.717
0.676
0.735
0.737
0.694
0.768
0.813
0.702
0.761
0.768
0.791
0.846
0.87
0.705
0.683
0.758
0.758
0.786
0.776
0.662
0.628
0.695
0.818
0.884
0.845
0.794
0.752
0.668
0.707
0.676
0.617
0.595
0.539
0.531
0.642
0.757
0.724
0.556
0.551
0.506
0.427
0.476
0.545
0.506
0.412
0.543
0.554
0.459
0.453
0.62
0.623
0.464
0.395
0.5
0.64
0.501
0.447
0.667
0.85
0.745
0.6
0.589
0.83
0.847
0.672
0.701
0.671
0.803
0.921
0.897
0.693
0.524
0.744
0.736
0.617
0.73
0.891
0.77
0.628
0.623
0.559
0.641
0.751
0.685
0.621
0.548
0.668
0.67
0.616
0.565
0.67
0.647
0.82
0.679
0.594
0.645
0.656
0.563
0.567
0.702
0.748
0.796
0.748
0.749
0.731
0.621
0.676
0.622
0.583
0.631
0.808
0.74
0.75
0.703
0.717
0.746
0.906
0.834
0.762
0.722
0.617
0.735
0.811
0.708
0.819
0.931
0.835
0.744
0.717
0.721
0.815
0.742
0.821
0.891
0.945
0.927
0.82
0.865
0.822
0.944
0.941
0.604
0.838
0.838
0.738
0.816
0.9
0.793
0.83
0.969
0.975
0.95
0.904
0.973
0.973
0.965
0.773
0.813
0.893
0.874
0.888
0.955
0.851
0.788
0.884
0.675
0.798
0.85
0.805
0.87
0.816
0.891
0.784
0.799
0.923
0.773
0.695
0.695
0.636
0.701
0.772
0.962
0.866
0.769
0.581
0.828
0.916
0.678
0.654
0.743
0.649
0.7
0.867
0.925
0.661
0.781
0.927
0.809
0.84
0.605
0.863
0.923
0.948
0.886
0.826
0.785
0.834
0.901
0.859
0.853
0.685
0.55
0.662
0.662
0.583
0.539
0.64
0.576
0.592
0.64
0.626
0.756
0.738
0.707
0.578
0.601
0.616
0.75
0.619
0.528
0.847
0.926
0.878
0.768
0.702
0.712
0.677
0.529
0.661
0.641
0.739
0.595
0.536
0.473
0.745
0.807
0.726
0.53
0.556
0.776
0.857
0.644
0.616
0.725
0.708
0.596
0.676
0.71
0.683
0.788
0.792
0.83
0.872
0.88
0.819
0.647
0.632
0.587
0.537
0.486
0.587
0.499
0.582
0.743
0.795
0.668
0.725
0.729
0.69
0.683
0.751
0.741
0.762
0.619
0.739
0.759
0.631
0.55
0.671
0.737
0.719
0.92
0.766
0.678
0.687
0.746
0.682
0.615
0.61
0.837
0.954
0.811
0.743
0.751
0.713
0.708
0.706
0.682
0.877
0.734
0.618
0.642
0.626
0.668
0.719
0.83
0.788
0.732
0.772
0.758
0.763
0.877
0.734
0.734
0.79
0.734
0.729
0.78
0.794
0.76
0.759
0.678
0.756
0.717
0.701
0.725
0.802
0.831
0.794
0.76
0.71
0.651
0.742
0.802
0.774
0.713
0.744
0.766
0.814
0.822
0.788
0.795
0.822
0.766
0.793
0.753
0.713
0.728
0.732
0.771
0.755
0.744
0.798
0.841
0.84
0.844
0.847
0.82
0.803
0.733
0.926
0.825
0.835
0.878
0.839
0.797
0.78
0.741
0.775
0.858
0.815
0.867
0.926
0.771
0.744
0.75
0.797
0.864
0.807
0.768
0.791
0.841
0.857
0.842
0.829
0.834
0.825
0.805
0.829
0.853
0.764
0.765
0.734
0.808
0.83
0.875
0.894
0.832
0.751
0.842
0.841
0.759
0.749
0.747
0.699
0.755
0.822
0.792
0.916
0.904
0.8
0.764
0.75
0.771
0.652
0.679
0.691
0.714
0.744
0.854
0.959
0.893
0.724
0.768
0.712
0.689
0.667
0.625
0.608
0.651
0.813
0.814
0.889
0.757
0.707
0.675
0.677
0.739
0.74
0.871
0.901
0.812
0.776
0.782
0.751
0.677
0.61
0.636
0.582
0.63
0.673
0.647
0.659
0.878
0.92
0.939
0.889
0.738
0.828
0.927
0.787
0.71
0.742
0.775
0.795
0.747
0.681
0.837
0.849
0.782
0.79
0.889
0.946
0.932
0.88
0.909
0.904
0.827
0.691
0.827
0.791
0.779
0.6
0.88
0.934
0.797
0.878
0.978
0.907
0.913
0.944
0.908
0.982
0.989
0.838
0.895
0.899
0.856
0.801
0.887
0.837
0.821
0.889
0.915
0.865
0.933
0.936
0.935
0.943
0.937
0.953
0.962
0.971
0.962
0.98
0.935
0.912
0.977
0.981
0.964
0.984
0.997
0.998
0.97
0.947
0.965
0.956
0.857
0.902
0.951
0.974
0.976
0.831
0.888
0.897
0.918
0.948
0.963
0.947
0.88
0.806
0.812
0.856
0.958
0.926
0.837
0.866
0.977
0.825
0.704
0.871
0.841
0.962
0.894
0.856
0.557
0.619
0.673
0.86
0.657
0.795
0.889
0.888
0.903
0.725
0.743
0.514
0.572
0.816
0.814
0.746
0.731
0.657
0.827
0.79
0.843
0.718
0.749
0.846
0.91
0.756
0.751
0.87
0.912
0.776
0.655
0.741
0.747
0.68
0.647
0.672
0.62
0.71
0.748
0.655
0.747
0.832
0.781
0.807
0.65
0.665
0.685
0.655
0.928
0.819
0.72
0.705
0.828
0.893
0.731
0.725
0.645
0.835
0.863
0.688
0.65
0.573
0.834
0.864
0.825
0.765
0.762
0.563
0.548
0.616
0.603
0.529
0.519
0.551
0.629
0.624
0.608
0.768
0.698
0.769
0.73
0.588
0.602
0.681
0.767
0.603
0.608
0.922
0.882
0.824
0.755
0.696
0.665
0.801
0.865
0.659
0.77
0.778
0.812
0.84
0.846
0.796
0.701
0.631
0.806
0.857
0.876
0.781
0.825
0.937
0.8
0.633
0.605
0.692
0.731
0.677
0.664
0.71
0.692
0.724
0.63
0.606
0.662
0.714
0.775
0.837
0.735
0.663
0.601
0.67
0.651
0.66
0.666
0.756
0.775
0.684
0.783
0.835
0.738
0.636
0.746
0.773
0.661
0.692
0.715
0.7
0.661
0.682
0.607
0.638
0.73
0.79
0.801
0.774
0.785
0.79
0.768
0.774
0.808
0.809
0.702
0.81
0.88
0.795
0.774
0.731
0.804
0.809
0.754
0.664
0.71
0.801
0.799
0.831
0.841
0.821
0.83
0.783
0.699
0.623
0.786
0.812
0.824
0.804
0.866
0.723
0.849
0.875
0.816
0.822
0.845
0.78
0.754
0.692
0.72
0.783
0.738
0.639
0.679
0.725
0.691
0.628
0.682
0.751
0.837
0.811
0.723
0.62
0.739
0.762
0.707
0.625
0.677
0.848
0.933
0.829
0.773
0.832
0.796
0.915
0.901
0.826
0.816
0.796
0.782
0.685
0.668
0.689
0.634
0.742
0.961
0.797
0.66
0.633
0.626
0.743
0.901
0.949
0.894
0.893
0.74
0.86
0.743
0.651
0.695
0.697
0.735
0.86
0.86
0.923
0.805
0.695
0.739
0.644
0.67
0.715
0.656
0.628
0.785
0.711
0.641
0.684
0.627
0.637
0.722
0.741
0.77
0.719
0.632
0.627
0.78
0.769
0.802
0.821
0.762
0.882
0.765
0.656
0.661
0.667
0.786
0.847
0.743
0.849
0.821
0.946
0.933
0.835
0.81
0.81
0.807
0.758
0.707
0.817
0.811
0.801
0.726
0.775
0.93
0.943
0.952
0.861
0.884
0.969
0.902
0.932
0.69
0.682
0.689
0.851
0.59
0.709
0.83
0.907
0.905
0.856
0.825
0.831
0.918
0.844
0.847
0.921
0.89
0.931
0.899
0.887
0.934
0.952
0.946
0.931
0.92
0.879
0.923
0.793
0.841
0.805
0.867
0.92
0.934
0.902
0.887
0.948
0.755
0.691
0.739
0.822
0.896
0.954
0.961
0.949
0.8
0.873
0.851
0.877
0.915
0.885
0.889
0.871
0.952
0.871
0.846
0.766
0.731
0.752
0.867
0.779
0.76
0.777
0.951
0.867
0.858
0.749
0.736
0.744
0.928
0.707
0.545
0.753
0.824
0.902
0.501
0.8
0.778
0.817
0.844
0.858
0.542
0.479
0.711
0.799
0.821
0.87
0.806
0.736
0.838
0.833
0.905
0.845
0.503
0.672
0.736
0.894
0.939
0.938
0.903
0.87
0.813
0.719
0.716
0.892
0.878
0.673
0.686
0.68
0.669
0.872
0.924
0.773
0.756
0.774
0.881
0.882
0.846
0.776
0.786
0.782
0.774
0.855
0.8
0.892
0.743
0.704
0.71
0.671
0.75
0.914
0.844
0.729
0.692
0.876
0.684
0.626
0.655
0.846
0.868
0.937
0.892
0.682
0.751
0.931
0.951
0.78
0.732
0.861
0.873
0.802
0.705
0.716
0.7
0.629
0.722
0.825
0.885
0.81
0.711
0.76
0.771
0.81
0.76
0.713
0.678
0.828
0.879
0.818
0.902
0.78
0.732
0.692
0.716
0.734
0.769
0.788
0.799
0.817
0.755
0.714
0.661
0.679
0.748
0.675
0.683
0.671
0.684
0.664
0.764
0.793
0.763
0.62
0.732
0.814
0.765
0.743
0.746
0.726
0.705
0.627
0.655
0.762
0.755
0.668
0.589
0.627
0.612
0.654
0.748
0.748
0.779
0.756
0.73
0.72
0.772
0.819
0.773
0.741
0.802
0.827
0.814
0.839
0.816
0.746
0.741
0.772
0.751
0.785
0.766
0.784
0.764
0.727
0.64
0.607
0.7
0.766
0.719
0.744
0.79
0.748
0.743
0.745
0.866
0.787
0.667
0.821
0.866
0.88
0.778
0.688
0.691
0.782
0.777
0.69
0.705
0.726
0.687
0.702
0.612
0.606
0.578
0.519
0.412
0.387
0.458
0.576
0.467
0.374
0.512
0.748
0.646
0.467
0.542
0.713
0.83
0.795
0.721
0.691
0.578
0.625
0.793
0.945
0.802
0.723
0.71
0.734
0.733
0.79
0.803
0.77
0.608
0.624
0.542
0.564
0.587
0.708
0.796
0.694
0.516
0.571
0.687
0.576
0.692
0.77
0.615
0.628
0.623
0.758
0.699
0.85
0.913
0.787
0.673
0.762
0.748
0.712
0.649
0.567
0.624
0.73
0.713
0.858
0.688
0.712
0.845
0.934
0.848
0.791
0.702
0.755
0.848
0.821
0.816
0.717
0.795
0.674
0.816
0.868
0.87
0.883
0.774
0.722
0.855
0.845
0.839
0.824
0.568
0.72
0.893
0.863
0.918
0.902
0.956
0.922
0.832
0.936
0.895
0.938
0.932
0.938
0.923
0.835
0.92
0.935
0.976
0.868
0.708
0.782
0.684
0.8
0.939
0.937
0.969
0.973
0.994
0.951
0.939
0.892
0.904
0.948
0.937
0.953
0.93
0.931
0.978
0.972
0.854
0.767
0.829
0.801
0.69
0.691
0.87
0.849
0.838
0.838
0.845
0.809
0.787
0.716
0.848
0.88
0.879
0.722
0.914
0.933
0.919
0.986
0.979
1
0.982
0.917
0.666
0.836
0.801
0.722
0.769
0.913
0.757
0.787
0.812
0.92
0.882
0.857
0.932
0.953
0.976
0.978
0.945
0.982
0.901
0.88
0.767
0.826
0.968
0.964
0.968
0.968
0.807
0.956
0.942
0.873
0.956
0.917
0.855
0.725
0.855
0.855
0.939
0.931
0.767
0.851
0.776
0.912
0.912
0.858
0.92
0.829
0.751
0.687
0.804
0.748
0.639
0.722
0.859
0.593
0.711
0.78
0.743
0.803
0.943
0.904
0.693
0.917
0.917
0.861
0.821
0.737
0.654
0.682
0.615
0.62
0.618
0.792
0.897
0.786
0.73
0.805
0.826
0.652
0.48
0.6
0.65
0.466
0.557
0.638
0.69
0.741
0.908
0.803
0.661
0.813
0.753
0.834
0.878
0.894
0.831
0.839
0.869
0.683
0.637
0.864
0.85
0.833
0.86
0.828
0.852
0.761
0.712
0.797
0.778
0.776
0.758
0.714
0.701
0.724
0.777
0.889
0.743
0.608
0.787
0.903
0.827
0.68
0.792
0.78
0.75
0.683
0.796
0.914
0.888
0.767
0.714
0.785
0.853
0.798
0.75
0.74
0.677
0.615
0.612
0.631
0.688
0.751
0.752
0.668
0.738
0.724
0.689
0.686
0.67
0.776
0.816
0.788
0.795
0.823
0.869
0.866
0.826
0.768
0.679
0.678
0.779
0.77
0.725
0.814
0.708
0.724
0.841
0.834
0.812
0.745
0.763
0.818
0.855
0.848
0.723
0.69
0.788
0.791
0.819
0.813
0.82
0.839
0.818
0.809
0.791
0.813
0.796
0.812
0.827
0.827
0.797
0.839
0.86
0.809
0.759
0.7
0.754
0.841
0.854
0.719
0.695
0.86
0.877
0.808
0.815
0.844
0.791
0.751
0.96
0.932
0.871
0.824
0.754
0.695
0.746
0.819
0.833
0.828
0.807
0.781
0.786
0.826
0.825
0.706
0.644
0.727
0.847
0.75
0.664
0.896
0.8
0.818
0.759
0.679
0.798
0.793
0.823
0.732
0.664
0.64
0.662
0.834
0.715
0.622
0.631
0.69
0.653
0.758
0.754
0.719
0.602
0.752
0.745
0.801
0.697
0.594
0.749
0.699
0.758
0.73
0.695
0.637
0.805
0.848
0.731
0.771
0.81
0.722
0.768
0.85
0.853
0.849
0.775
0.848
0.834
0.684
0.591
0.559
0.568
0.88
0.904
0.706
0.589
0.752
0.919
0.852
0.923
0.852
0.773
0.81
0.875
0.787
0.841
0.602
0.796
0.878
0.871
0.815
0.779
0.742
0.598
0.582
0.722
0.877
0.92
0.854
0.883
0.892
0.91
0.861
0.645
0.645
0.898
0.947
0.91
0.903
0.888
0.912
0.852
0.865
0.876
0.954
0.956
0.915
0.927
0.894
0.773
0.927
0.852
0.771
0.792
0.953
0.945
0.877
0.935
0.869
0.793
0.895
0.873
0.783
0.884
0.943
0.91
0.831
0.892
0.846
0.928
0.938
0.845
0.776
0.866
0.862
0.787
0.877
0.865
0.944
0.958
0.88
0.861
0.873
0.877
0.955
0.978
0.956
0.921
0.925
0.967
0.921
0.911
0.914
0.926
0.837
0.897
0.911
0.918
0.871
0.85
0.866
0.892
0.889
0.94
0.866
0.815
0.852
0.921
0.864
0.853
0.816
0.744
0.701
0.842
0.856
0.828
0.915
0.914
0.849
0.758
0.775
0.822
0.712
0.744
0.55
0.532
0.796
0.726
0.844
0.861
0.897
0.865
0.9
0.734
0.57
0.664
0.807
0.897
0.907
0.879
0.86
0.841
0.946
0.913
0.862
0.829
0.756
0.708
0.559
0.609
0.76
0.755
0.727
0.67
0.709
0.764
0.839
0.68
0.58
0.643
0.745
0.704
0.697
0.802
0.782
0.833
0.804
0.632
0.766
0.705
0.711
0.642
0.63
0.77
0.844
0.892
0.689
0.682
0.755
0.698
0.794
0.742
0.735
0.717
0.739
0.713
0.715
0.777
0.871
0.775
0.767
0.777
0.783
0.818
0.842
0.787
0.758
0.779
0.829
0.791
0.784
0.816
0.76
0.788
0.826
0.69
0.688
0.692
0.661
0.64
0.647
0.699
0.74
0.745
0.86
0.946
0.873
0.818
0.816
0.746
0.784
0.804
0.804
0.757
0.642
0.725
0.744
0.699
0.714
0.854
0.692
0.695
0.734
0.719
0.681
0.709
0.71
0.814
0.812
0.793
0.787
0.778
0.803
0.763
0.765
0.779
0.841
0.808
0.812
0.777
0.74
0.75
0.809
0.761
0.766
0.786
0.818
0.793
0.745
0.772
0.878
0.911
0.841
0.776
0.824
0.848
0.796
0.738
0.813
0.858
0.849
0.757
0.748
0.729
0.765
0.825
0.837
0.815
0.787
0.763
0.732
0.722
0.731
0.842
0.886
0.93
0.841
0.765
0.824
0.818
0.801
0.819
0.843
0.855
0.888
0.874
0.751
0.74
0.754
0.805
0.791
0.782
0.767
0.818
0.89
0.847
0.71
0.675
0.741
0.739
0.738
0.758
0.789
0.809
0.743
0.708
0.685
0.622
0.583
0.603
0.67
0.713
0.656
0.637
0.691
0.797
0.637
0.609
0.72
0.539
0.582
0.608
0.557
0.539
0.645
0.674
0.617
0.717
0.701
0.857
0.812
0.855
0.794
0.603
0.826
0.928
0.906
0.845
0.804
0.874
0.841
0.681
0.648
0.787
0.789
0.865
0.796
0.638
0.769
0.911
0.787
0.901
0.721
0.711
0.767
0.606
0.56
0.596
0.761
0.747
0.73
0.681
0.591
0.77
0.903
0.932
0.956
0.914
0.8
0.779
0.921
0.978
0.87
0.788
0.722
0.802
0.788
0.84
0.832
0.835
0.832
0.8
0.879
0.926
0.982
0.86
0.848
0.971
0.835
0.894
0.852
0.804
0.87
0.867
0.854
0.884
0.904
0.792
0.903
0.927
0.916
0.916
0.968
0.928
0.934
0.912
0.965
0.976
0.974
0.898
0.984
0.973
0.902
0.934
0.957
0.93
0.955
0.973
0.978
0.986
1.008
0.93
0.851
0.75
0.799
0.711
0.681
0.909
0.863
0.862
0.88
0.838
1.005
0.968
0.961
0.916
0.929
0.974
0.965
0.963
0.943
0.962
0.962
0.967
0.934
0.861
0.856
0.939
0.967
0.871
0.901
0.896
0.828
0.899
0.947
0.847
0.664
0.516
0.72
0.866
0.917
0.95
0.85
0.868
0.896
0.864
0.888
0.954
0.906
0.81
0.859
0.946
0.916
0.872
0.828
0.617
0.6
0.721
0.922
0.874
0.729
0.664
0.738
0.755
0.778
0.829
0.91
0.906
0.836
0.811
0.915
0.849
0.802
0.813
0.768
0.866
0.779
0.706
0.789
0.799
0.852
0.695
0.683
0.65
0.726
0.835
0.818
0.743
0.709
0.705
0.76
0.72
0.647
0.702
0.641
0.594
0.611
0.627
0.726
0.818
0.906
0.929
0.839
0.721
0.848
0.815
0.727
0.754
0.822
0.714
0.719
0.812
0.642
0.634
0.592
0.636
0.661
0.619
0.694
0.718
0.851
0.796
0.798
0.777
0.747
0.674
0.663
0.81
0.833
0.638
0.72
0.815
0.822
0.785
0.666
0.675
0.674
0.688
0.602
0.615
0.65
0.769
0.853
0.802
0.718
0.665
0.619
0.636
0.666
0.691
0.737
0.775
0.835
0.767
0.781
0.767
0.73
0.786
0.775
0.717
0.629
0.723
0.643
0.643
0.669
0.627
0.68
0.673
0.721
0.72
0.777
0.766
0.746
0.71
0.758
0.753
0.757
0.758
0.684
0.621
0.592
0.743
0.779
0.836
0.803
0.849
0.811
0.814
0.799
0.728
0.783
0.766
0.753
0.779
0.82
0.765
0.897
0.779
0.726
0.71
0.719
0.725
0.737
0.708
0.752
0.826
0.784
0.776
0.739
0.781
0.787
0.813
0.81
0.823
0.906
0.854
0.785
0.738
0.785
0.79
0.85
0.808
0.761
0.791
0.767
0.76
0.804
0.864
0.744
0.682
0.889
0.844
0.724
0.673
0.686
0.601
0.697
0.695
0.668
0.716
0.767
0.715
0.646
0.578
0.599
0.673
0.699
0.879
0.914
0.761
0.72
0.717
0.579
0.667
0.841
0.831
0.801
0.834
0.775
0.657
0.731
0.616
0.651
0.703
0.736
0.701
0.688
0.723
0.772
0.795
0.791
0.874
0.877
0.856
0.846
0.758
0.656
0.664
0.609
0.628
0.611
0.754
0.801
0.741
0.671
0.873
0.825
0.657
0.649
0.647
0.557
0.633
0.711
0.765
0.659
0.604
0.629
0.761
0.798
0.75
0.762
0.834
0.605
0.629
0.569
0.652
0.599
0.946
0.893
0.653
0.767
0.667
0.703
0.805
0.747
0.679
0.846
0.794
0.801
0.822
0.861
0.885
0.734
0.801
0.804
0.808
0.946
0.913
0.902
0.873
0.93
0.934
0.963
0.96
0.924
0.918
0.89
0.962
0.957
0.87
0.918
0.895
0.926
0.943
0.995
0.956
0.953
0.978
0.949
0.955
0.931
0.965
0.954
0.972
0.922
0.903
0.946
0.914
0.912
0.725
0.814
0.878
0.846
0.826
0.909
0.826
0.876
0.849
0.712
0.826
0.936
0.901
0.844
0.911
0.895
0.771
0.881
0.833
0.847
0.713
0.76
0.788
0.888
0.86
0.8
0.794
0.863
0.965
0.951
0.874
0.824
0.821
0.788
0.785
0.898
0.905
0.854
0.847
0.847
0.815
0.844
0.853
0.538
0.625
0.684
0.738
0.779
0.818
0.797
0.774
0.615
0.785
0.812
0.748
0.905
0.79
0.763
0.794
0.888
0.848
0.793
0.971
0.904
0.833
0.898
0.85
0.765
0.658
0.62
0.761
0.625
0.675
0.703
0.549
0.677
0.789
0.711
0.708
0.764
0.668
0.791
0.786
0.679
0.737
0.788
0.795
0.819
0.736
0.744
0.668
0.804
0.805
0.686
0.635
0.606
0.72
0.716
0.72
0.751
0.701
0.777
0.758
0.696
0.616
0.622
0.609
0.676
0.752
0.777
0.642
0.612
0.639
0.684
0.757
0.78
0.72
0.765
0.714
0.725
0.75
0.588
0.539
0.634
0.714
0.839
0.865
0.853
0.846
0.911
0.835
0.777
0.759
0.851
0.759
0.734
0.694
0.592
0.572
0.748
0.836
0.773
0.71
0.68
0.625
0.697
0.772
0.79
0.736
0.764
0.592
0.533
0.621
0.719
0.727
0.75
0.686
0.741
0.725
0.668
0.583
0.55
0.654
0.735
0.759
0.696
0.758
0.808
0.816
0.714
0.663
0.78
0.781
0.739
0.739
0.682
0.679
0.74
0.785
0.792
0.756
0.678
0.654
0.642
0.759
0.804
0.757
0.831
0.793
0.802
0.821
0.774
0.757
0.803
0.796
0.805
0.789
0.801
0.71
0.737
0.772
0.78
0.836
0.84
0.819
0.82
0.816
0.823
0.826
0.859
0.806
0.735
0.806
0.83
0.818
0.8
0.814
0.833
0.754
0.712
0.8
0.794
0.732
0.749
0.822
0.836
0.828
0.723
0.745
0.787
0.789
0.782
0.785
0.809
0.92
0.951
0.879
0.85
0.817
0.816
0.861
0.754
0.727
0.741
0.707
0.716
0.74
0.836
0.851
0.834
0.761
0.76
0.753
0.742
0.685
0.781
0.778
0.775
0.678
0.817
0.828
0.809
0.703
0.611
0.591
0.759
0.672
0.777
0.741
0.695
0.791
0.816
0.783
0.658
0.692
0.669
0.637
0.745
0.808
0.674
0.645
0.685
0.59
0.621
0.951
0.869
0.918
0.794
0.716
0.835
0.827
0.789
0.735
0.645
0.896
0.826
0.658
0.743
0.799
0.702
0.638
0.761
0.714
0.681
0.681
0.841
0.917
0.831
0.843
0.956
0.797
0.817
0.805
0.87
0.976
0.862
0.819
0.88
0.736
0.676
0.747
0.794
0.687
0.681
0.794
0.799
0.696
0.823
0.903
0.929
0.761
0.831
0.654
0.767
0.791
0.814
0.553
0.393
0.546
0.688
0.772
0.879
0.865
0.858
0.8
0.928
0.811
0.758
0.777
0.873
0.979
0.908
0.897
0.909
0.936
0.884
0.829
0.83
0.87
0.933
0.91
0.826
0.831
0.872
0.977
0.938
0.886
0.862
0.835
0.661
0.766
0.893
0.97
0.926
0.934
0.822
0.703
0.753
0.872
0.773
0.884
0.959
0.911
0.937
0.811
0.861
0.93
0.885
0.838
0.902
0.856
0.912
0.906
0.733
0.682
0.731
0.78
0.848
0.881
0.884
0.879
0.892
0.923
0.929
0.855
0.883
0.893
0.957
0.875
0.95
0.933
0.953
0.944
0.829
0.897
0.967
0.965
0.938
0.872
0.931
0.856
0.84
0.816
0.803
0.567
0.818
0.847
0.851
0.822
0.727
0.674
0.827
0.861
0.809
0.692
0.74
0.65
0.792
0.849
0.88
0.888
0.926
0.918
0.819
0.76
0.778
0.824
0.647
0.679
0.742
0.834
0.716
0.732
0.927
0.717
0.695
0.692
0.816
0.817
0.708
0.863
0.924
0.773
0.667
0.752
0.696
0.725
0.763
0.821
0.675
0.514
0.543
0.695
0.774
0.882
0.914
0.911
0.816
0.709
0.747
0.828
0.836
0.77
0.793
0.8
0.673
0.641
0.684
0.695
0.716
0.634
0.808
0.731
0.61
0.692
0.776
0.809
0.653
0.635
0.781
0.777
0.73
0.604
0.58
0.703
0.708
0.749
0.699
0.671
0.644
0.563
0.594
0.676
0.694
0.78
0.855
0.703
0.665
0.741
0.727
0.568
0.545
0.632
0.634
0.621
0.658
0.52
0.641
0.606
0.703
0.66
0.655
0.653
0.591
0.663
0.708
0.685
0.709
0.781
0.694
0.599
0.627
0.659
0.598
0.722
0.76
0.67
0.631
0.682
0.729
0.714
0.742
0.675
0.715
0.641
0.713
0.601
0.704
0.789
0.808
0.758
0.646
0.613
0.63
0.726
0.717
0.73
0.811
0.771
0.806
0.744
0.619
0.677
0.696
0.718
0.672
0.875
0.826
0.84
0.819
0.777
0.82
0.737
0.706
0.709
0.625
0.728
0.764
0.667
0.638
0.858
0.977
0.929
0.884
0.806
0.811
0.866
0.808
0.757
0.767
0.723
0.821
0.776
0.727
0.694
0.72
0.781
0.706
0.702
0.744
0.848
0.885
0.825
0.841
0.781
0.678
0.74
0.726
0.628
0.648
0.691
0.719
0.776
0.73
0.675
0.604
0.687
0.666
0.789
0.78
0.68
0.63
0.609
0.725
0.816
0.737
0.644
0.712
0.711
0.729
0.64
0.641
0.766
0.88
0.726
0.638
0.652
0.661
0.785
0.745
0.767
0.729
0.579
0.505
0.557
0.934
0.764
0.751
0.826
0.917
0.683
0.566
0.613
0.645
0.672
0.584
0.584
0.598
0.659
0.637
0.728
0.586
0.625
0.698
0.788
0.86
0.82
0.773
0.634
0.65
0.674
0.826
0.782
0.879
0.924
0.886
0.78
0.834
0.878
0.927
0.851
0.823
0.795
0.829
0.884
0.917
0.881
0.758
0.878
0.893
0.954
0.944
0.948
0.951
0.965
0.926
0.934
0.831
0.893
0.946
0.922
1.007
0.951
0.985
0.973
0.896
0.927
0.733
0.837
0.838
0.934
0.954
0.902
0.893
0.904
0.912
0.882
0.884
0.895
0.903
0.918
0.951
0.93
0.91
0.831
0.92
0.821
0.839
0.852
0.89
0.909
0.902
0.839
0.728
0.591
0.731
0.885
0.884
0.857
0.842
0.911
0.936
0.915
0.82
0.813
0.819
0.954
0.939
0.953
0.955
0.997
0.981
0.937
0.911
0.864
0.86
0.665
0.874
0.907
0.928
0.902
0.878
0.943
0.886
0.477
0.474
0.685
0.917
0.901
0.9
0.915
0.956
0.821
0.735
0.917
0.898
0.835
0.908
0.932
0.933
0.928
0.88
0.88
0.818
0.892
0.884
0.862
0.853
0.824
0.785
0.794
0.78
0.862
0.952
0.761
0.818
0.888
0.844
0.754
0.674
0.773
0.781
0.849
0.716
0.787
0.911
0.897
0.666
0.67
0.92
0.777
0.736
0.768
0.759
0.771
0.855
0.874
0.864
0.875
0.755
0.582
0.624
0.695
0.675
0.666
0.849
0.791
0.723
0.687
0.641
0.691
0.723
0.655
0.722
0.717
0.637
0.77
0.809
0.798
0.729
0.603
0.58
0.748
0.932
0.818
0.729
0.824
0.877
0.759
0.871
0.813
0.774
0.717
0.745
0.695
0.633
0.727
0.753
0.704
0.717
0.631
0.751
0.845
0.72
0.588
0.586
0.76
0.715
0.608
0.692
0.826
0.789
0.756
0.765
0.762
0.744
0.835
0.695
0.704
0.748
0.738
0.644
0.727
0.739
0.738
0.737
0.635
0.695
0.722
0.715
0.732
0.738
0.821
0.797
0.814
0.773
0.797
0.69
0.736
0.859
0.807
0.768
0.793
0.778
0.823
0.799
0.77
0.787
0.777
0.794
0.767
0.688
0.778
0.802
0.75
0.782
0.837
0.813
0.795
0.795
0.721
0.763
0.834
0.756
0.747
0.733
0.791
0.818
0.822
0.814
0.756
0.776
0.824
0.819
0.786
0.784
0.745
0.799
0.814
0.73
0.756
0.77
0.777
0.72
0.793
0.796
0.822
0.789
0.794
0.798
0.743
0.768
0.807
0.763
0.81
0.88
0.826
0.723
0.59
0.63
0.7
0.646
0.702
0.765
0.692
0.672
0.663
0.707
0.588
0.633
0.787
0.902
0.85
0.845
0.735
0.716
0.756
0.722
0.645
0.68
0.762
0.729
0.677
0.644
0.739
0.814
0.772
0.775
0.803
0.768
0.742
0.696
0.611
0.588
0.732
0.683
0.804
0.682
0.51
0.639
0.574
0.484
0.662
0.739
0.806
0.671
0.615
0.565
0.516
0.706
0.659
0.68
0.757
0.844
0.705
0.688
0.72
0.697
0.575
0.607
0.751
0.811
0.741
0.621
0.51
0.577
0.798
0.685
0.801
0.797
0.747
0.73
0.852
0.908
0.992
0.784
0.787
0.751
0.748
0.825
0.754
0.744
0.761
0.886
0.906
0.857
0.854
0.846
0.854
0.929
0.946
0.864
0.789
0.845
0.624
0.664
0.787
0.846
0.855
0.92
0.854
0.85
0.785
0.757
0.875
0.773
0.934
0.96
0.986
0.978
0.952
0.843
0.946
0.981
0.911
0.956
1.001
0.933
0.799
0.805
0.828
0.783
0.832
0.918
0.91
0.768
0.864
0.963
0.89
0.916
0.951
0.938
0.938
0.935
0.886
0.897
0.843
0.961
0.91
0.949
0.918
0.961
1
1.011
0.835
0.868
0.894
0.897
0.933
0.962
0.688
0.823
0.893
0.742
0.819
0.851
0.755
0.931
0.915
0.886
0.85
0.937
0.973
0.853
0.824
0.928
0.887
0.781
0.591
0.837
0.769
0.608
0.793
0.837
0.795
0.742
0.772
0.885
0.955
0.65
0.742
0.601
0.484
0.352
0.607
0.844
0.865
0.983
0.839
0.912
0.901
0.442
0.61
0.633
0.633
0.707
0.714
0.806
0.761
0.608
0.586
0.581
0.678
0.644
0.839
0.813
0.665
0.779
0.86
0.758
0.752
0.669
0.607
0.901
0.725
0.772
0.87
0.787
0.666
0.605
0.647
0.731
0.64
0.741
0.933
0.882
0.669
0.547
0.561
0.707
0.953
0.822
0.775
0.683
0.695
0.703
0.657
0.625
0.793
0.855
0.858
0.807
0.712
0.597
0.563
0.691
0.746
0.837
0.761
0.796
0.774
0.669
0.529
0.709
0.745
0.671
0.827
0.629
0.529
0.514
0.527
0.586
0.635
0.732
0.702
0.749
0.836
0.87
0.9
0.8
0.661
0.647
0.743
0.869
0.835
0.707
0.657
0.599
0.631
0.81
0.809
0.838
0.936
0.816
0.678
0.659
0.636
0.666
0.835
0.816
0.788
0.789
0.768
0.747
0.716
0.646
0.648
0.765
0.71
0.642
0.703
0.841
0.85
0.892
0.857
0.812
0.794
0.699
0.696
0.713
0.734
0.711
0.791
0.724
0.681
0.656
0.673
0.778
0.745
0.81
0.783
0.736
0.777
0.865
0.866
0.795
0.842
0.815
0.787
0.767
0.857
0.739
0.783
0.744
0.782
0.73
0.803
0.8
0.66
0.629
0.797
0.821
0.83
0.827
0.768
0.745
0.725
0.652
0.636
0.712
0.809
0.734
0.799
0.691
0.778
0.76
0.667
0.566
0.697
0.735
0.892
0.82
0.745
0.681
0.655
0.646
0.667
0.672
0.603
0.637
0.846
0.923
0.868
0.785
0.745
0.741
0.64
0.661
0.688
0.715
0.719
0.597
0.654
0.705
0.861
0.81
0.784
0.693
0.681
0.81
0.76
0.634
0.662
0.645
0.527
0.798
0.703
0.761
0.674
0.717
0.723
0.74
0.956
0.781
0.664
0.718
0.741
0.796
0.879
0.853
0.714
0.625
0.618
0.686
0.681
0.723
0.955
0.919
0.771
0.627
0.711
0.845
0.754
0.827
0.847
0.617
0.661
0.74
0.603
0.639
0.625
0.616
0.767
0.726
0.781
0.74
0.777
0.765
0.746
0.76
0.772
0.764
0.847
0.871
0.792
0.814
0.813
0.831
0.832
0.809
0.787
0.786
0.736
0.802
0.803
0.67
0.8
0.885
0.655
0.619
0.575
0.774
0.819
0.88
0.605
0.626
0.633
0.823
0.933
0.901
0.652
0.764
0.782
0.933
0.893
0.931
0.927
0.899
0.943
0.922
0.865
0.769
0.889
0.747
0.892
0.961
0.893
0.769
0.767
0.862
0.915
0.935
0.918
0.921
0.853
0.922
0.924
0.927
0.949
0.973
0.951
0.968
0.99
0.979
0.976
0.929
0.942
0.957
0.941
0.934
0.939
0.775
0.691
0.753
0.532
0.71
0.832
0.844
0.922
0.944
0.878
0.897
0.885
0.913
0.858
0.947
0.93
0.913
0.964
0.942
0.951
0.962
0.941
0.949
0.947
0.962
0.96
0.88
0.977
0.966
0.953
0.895
0.887
0.947
0.963
0.944
0.911
0.924
0.894
0.864
0.819
0.794
0.768
0.787
0.88
0.842
0.913
0.99
0.949
0.896
0.701
0.528
0.54
0.696
0.72
0.812
0.881
0.817
0.626
0.732
0.625
0.727
0.941
0.843
0.712
0.616
0.661
0.625
0.613
0.634
0.573
0.643
0.662
0.858
0.734
0.625
0.64
0.547
0.754
0.689
0.565
0.699
0.609
0.676
0.666
0.574
0.521
0.582
0.651
0.767
0.89
0.916
0.718
0.596
0.542
0.675
0.743
0.809
0.737
0.63
0.614
0.694
0.738
0.84
0.662
0.519
0.854
0.898
0.878
0.746
0.677
0.691
0.893
0.949
0.823
0.638
0.673
0.791
0.739
0.761
0.753
0.726
0.683
0.721
0.706
0.609
0.683
0.773
0.682
0.785
0.759
0.802
0.837
0.71
0.631
0.853
0.719
0.718
0.777
0.792
0.83
0.876
0.766
0.761
0.76
0.763
0.738
0.703
0.75
0.775
0.765
0.7
0.664
0.802
0.81
0.729
0.636
0.61
0.583
0.573
0.679
0.752
0.704
0.7
0.683
0.8
0.696
0.649
0.762
0.798
0.787
0.762
0.759
0.75
0.807
0.796
0.778
0.796
0.735
0.807
0.802
0.839
0.709
0.655
0.809
0.804
0.664
0.733
0.807
0.8
0.806
0.836
0.828
0.784
0.723
0.719
0.729
0.749
0.821
0.808
0.822
0.793
0.782
0.755
0.674
0.672
0.598
0.647
0.768
0.777
0.804
0.838
0.772
0.676
0.561
0.519
0.592
0.559
0.502
0.491
0.555
0.584
0.591
0.498
0.397
0.397
0.506
0.548
0.573
0.712
0.734
0.489
0.517
0.536
0.691
0.789
0.589
0.741
0.724
0.552
0.57
0.583
0.496
0.584
0.649
0.847
0.947
0.779
0.698
0.683
0.736
0.806
0.75
0.659
0.623
0.564
0.521
0.464
0.626
0.525
0.646
0.649
0.692
0.556
0.606
0.55
0.565
0.53
0.479
0.551
0.503
0.432
0.457
0.674
0.766
0.551
0.524
0.63
0.49
0.586
0.614
0.665
0.619
0.608
0.653
0.651
0.485
0.472
0.592
0.762
0.747
0.629
0.635
0.724
0.588
0.661
0.789
0.76
0.673
0.795
0.812
0.771
0.818
0.721
0.883
0.755
0.852
0.881
0.807
0.949
0.794
0.671
0.729
0.782
0.748
0.772
0.752
0.87
0.866
0.878
0.896
0.909
0.842
0.815
0.886
0.932
0.934
0.93
0.951
0.957
0.93
0.932
0.918
0.88
0.909
0.91
0.889
0.954
0.974
0.953
0.94
0.955
0.581
0.704
0.766
0.588
0.859
0.82
0.874
0.911
0.853
0.935
0.887
0.874
0.902
0.926
0.803
0.882
0.977
0.931
0.885
0.81
0.84
0.784
0.91
0.96
0.955
0.94
0.944
0.952
0.93
0.901
0.928
0.936
0.917
0.965
0.966
1.003
0.981
0.88
0.883
0.913
0.967
0.9
0.941
0.922
0.897
0.895
0.842
0.755
0.681
0.653
0.932
0.899
0.98
0.94
0.919
0.935
0.918
0.902
0.801
0.814
0.796
0.842
0.906
0.846
0.861
0.832
0.963
0.944
0.825
0.825
0.821
0.797
0.895
0.861
0.79
0.761
0.753
0.741
0.823
0.863
0.918
0.761
0.603
0.542
0.586
0.637
0.591
0.717
0.801
0.682
0.736
0.758
0.905
0.732
0.684
0.817
0.915
0.871
0.842
0.795
0.754
0.636
0.58
0.802
0.804
0.71
0.821
0.907
0.912
0.772
0.856
0.838
0.836
0.932
0.809
0.779
0.792
0.757
0.655
0.769
0.767
0.87
0.774
0.61
0.703
0.687
0.757
0.73
0.764
0.832
0.817
0.795
0.8
0.951
0.921
0.939
0.893
0.855
0.853
0.742
0.7
0.738
0.757
0.839
0.792
0.924
0.834
0.854
0.739
0.71
0.687
0.682
0.688
0.701
0.743
0.671
0.707
0.705
0.742
0.805
0.822
0.799
0.707
0.695
0.731
0.74
0.773
0.788
0.782
0.848
0.812
0.765
0.818
0.871
0.793
0.705
0.72
0.771
0.757
0.645
0.645
0.744
0.776
0.698
0.672
0.661
0.697
0.739
0.655
0.689
0.77
0.79
0.767
0.758
0.776
0.792
0.784
0.812
0.84
0.797
0.776
0.777
0.772
0.793
0.783
0.756
0.766
0.782
0.795
0.715
0.675
0.754
0.831
0.83
0.844
0.834
0.815
0.829
0.844
0.823
0.794
0.725
0.657
0.709
0.811
0.813
0.725
0.65
0.709
0.705
0.662
0.776
0.703
0.593
0.732
0.781
0.778
0.763
0.784
0.681
0.581
0.675
0.671
0.594
0.539
0.705
0.789
0.812
0.928
0.902
0.876
0.828
0.772
0.76
0.73
0.814
0.756
0.65
0.789
0.778
0.823
0.841
0.843
0.757
0.911
0.815
0.859
0.86
0.793
0.786
0.87
0.891
0.846
0.731
0.737
0.733
0.7
0.752
0.75
0.703
0.638
0.654
0.641
0.761
0.856
0.763
0.641
0.77
0.676
0.73
0.961
0.969
0.816
0.72
0.653
0.719
0.665
0.756
0.892
0.752
0.673
0.701
0.702
0.733
0.606
0.68
0.798
0.693
0.629
0.831
0.804
0.804
0.717
0.686
0.644
0.706
0.888
0.858
0.795
0.6
0.513
0.611
0.809
0.794
0.92
0.845
0.847
0.804
0.798
0.897
0.905
0.97
0.839
0.896
0.902
0.847
0.871
0.98
0.907
0.859
0.846
0.901
0.754
0.772
0.784
0.845
0.926
0.949
0.751
0.862
0.901
0.892
0.924
0.958
0.922
0.847
0.817
0.842
0.857
0.918
0.81
0.871
0.96
0.913
0.924
0.666
0.537
0.642
0.914
0.886
0.885
0.828
0.769
0.857
0.869
0.982
0.774
0.715
0.596
0.786
0.956
0.616
0.716
0.545
0.906
0.929
0.943
0.822
0.847
0.947
0.921
0.877
0.795
0.829
0.845
0.885
0.84
0.789
0.902
0.902
0.848
0.88
0.8
0.79
0.813
0.813
0.817
0.919
0.941
0.923
0.919
0.882
0.824
0.628
0.776
0.869
0.887
0.852
0.923
0.782
0.69
0.72
0.748
0.898
0.851
0.894
0.85
0.81
0.824
0.656
0.709
0.859
0.685
0.65
0.693
0.819
0.813
0.739
0.816
0.83
0.787
0.774
0.775
0.767
0.728
0.727
0.758
0.838
0.89
0.813
0.653
0.728
0.727
0.844
0.864
0.846
0.802
0.826
0.78
0.761
0.692
0.589
0.557
0.576
0.691
0.714
0.645
0.586
0.752
0.809
0.741
0.671
0.659
0.652
0.686
0.819
0.766
0.612
0.57
0.591
0.841
0.619
0.67
0.681
0.762
0.793
0.825
0.727
0.761
0.868
0.78
0.855
0.8
0.684
0.686
0.532
0.524
0.678
0.729
0.582
0.607
0.626
0.655
0.649
0.571
0.593
0.762
0.708
0.7
0.668
0.725
0.724
0.655
0.659
0.61
0.743
0.912
0.676
0.636
0.671
0.749
0.657
0.544
0.521
0.523
0.526
0.707
0.717
0.651
0.639
0.674
0.648
0.719
0.723
0.664
0.64
0.659
0.721
0.625
0.539
0.643
0.612
0.522
0.58
0.64
0.633
0.64
0.686
0.649
0.655
0.662
0.653
0.612
0.727
0.702
0.607
0.641
0.626
0.622
0.668
0.679
0.571
0.502
0.594
0.734
0.831
0.709
0.564
0.587
0.619
0.563
0.534
0.645
0.747
0.609
0.494
0.483
0.603
0.416
0.356
0.543
0.733
0.618
0.527
0.585
0.729
0.824
0.88
0.728
0.66
0.791
0.69
0.66
0.726
0.619
0.528
0.547
0.522
0.473
0.42
0.407
0.454
0.455
0.708
0.741
0.703
0.626
0.544
0.676
0.824
0.789
0.834
0.785
0.684
0.636
0.765
0.699
0.591
0.552
0.592
0.612
0.735
0.596
0.505
0.529
0.817
0.597
0.551
0.569
0.802
0.725
0.618
0.659
0.83
0.841
0.808
0.657
0.671
0.715
0.912
0.837
0.686
0.848
0.784
0.737
0.637
0.666
0.7
0.575
0.637
0.724
0.818
0.782
0.704
0.635
0.679
0.679
0.824
0.721
0.686
0.749
0.766
0.685
0.787
0.794
0.759
0.7
0.815
0.873
0.755
0.714
0.709
0.689
0.652
0.688
0.772
0.775
0.709
0.695
0.577
0.734
0.653
0.612
0.789
0.716
0.733
0.773
0.713
0.695
0.712
0.713
0.742
0.654
0.61
0.753
0.633
0.629
0.682
0.721
0.842
0.855
0.899
0.907
0.784
0.773
0.864
0.943
0.927
0.891
0.707
0.703
0.704
0.73
0.776
0.86
0.869
0.823
0.777
0.832
0.835
0.735
0.823
0.92
0.922
0.935
0.917
0.941
0.967
0.927
0.939
0.929
0.904
0.939
0.914
0.968
0.953
0.93
0.921
0.904
0.892
0.932
0.934
0.953
0.776
0.646
0.635
0.73
0.528
0.691
0.704
0.43
0.406
0.757
0.718
0.72
0.827
0.83
0.949
0.915
0.876
0.83
0.501
0.751
0.843
0.871
0.957
0.916
0.931
0.935
0.912
0.885
0.869
0.774
0.784
0.825
0.822
0.483
0.604
0.563
0.801
0.495
0.607
0.921
0.934
0.88
0.811
0.972
0.983
0.935
0.897
0.853
0.741
0.742
0.709
0.901
0.882
0.823
0.764
0.779
0.844
0.852
0.718
0.616
0.654
0.902
0.716
0.882
0.815
0.672
0.626
0.709
0.716
0.799
0.862
0.826
0.762
0.7
0.638
0.534
0.672
0.68
0.533
0.571
0.438
0.607
0.588
0.624
0.734
0.763
0.867
0.944
0.885
0.85
0.77
0.841
0.85
0.804
0.834
0.823
0.679
0.635
0.693
0.598
0.9
0.735
0.579
0.518
0.814
0.849
0.754
0.686
0.655
0.633
0.571
0.665
0.698
0.752
0.761
0.602
0.667
0.788
0.69
0.625
0.576
0.666
0.574
0.652
0.782
0.79
0.721
0.693
0.701
0.763
0.728
0.674
0.595
0.769
0.814
0.736
0.687
0.696
0.76
0.751
0.764
0.66
0.712
0.831
0.831
0.727
0.707
0.876
0.777
0.716
0.771
0.729
0.676
0.744
0.715
0.713
0.75
0.685
0.64
0.665
0.724
0.704
0.731
0.751
0.759
0.75
0.754
0.804
0.876
0.903
0.836
0.748
0.824
0.806
0.827
0.788
0.81
0.825
0.8
0.813
0.83
0.838
0.804
0.775
0.761
0.764
0.791
0.829
0.802
0.805
0.807
0.821
0.794
0.692
0.827
0.817
0.784
0.686
0.748
0.795
0.767
0.788
0.703
0.65
0.726
0.842
0.805
0.774
0.64
0.759
0.684
0.685
0.648
0.568
0.541
0.617
0.653
0.594
0.515
0.548
0.612
0.611
0.54
0.501
0.444
0.514
0.631
0.663
0.588
0.544
0.614
0.582
0.615
0.462
0.474
0.471
0.438
0.589
0.652
0.483
0.474
0.535
0.626
0.523
0.425
0.663
0.584
0.592
0.603
0.642
0.749
0.659
0.742
0.718
0.71
0.692
0.703
0.679
0.755
0.792
0.664
0.611
0.665
0.791
0.797
0.788
0.794
0.64
0.641
0.651
0.707
0.778
0.695
0.698
0.741
0.689
0.767
0.69
0.777
0.63
0.598
0.617
0.611
0.595
0.642
0.575
0.671
0.649
0.715
0.745
0.9
0.808
0.837
0.737
0.608
0.676
0.749
0.79
0.585
0.567
0.644
0.683
0.607
0.686
0.516
0.527
0.796
0.857
0.708
0.581
0.639
0.662
0.928
0.741
0.456
0.645
0.759
0.701
0.697
0.741
0.76
0.832
0.849
0.872
0.857
0.77
0.756
0.755
0.865
0.926
0.858
0.898
0.852
0.929
0.972
0.954
0.927
0.971
0.939
0.96
0.965
0.979
0.956
0.851
0.598
0.79
0.908
0.875
0.819
0.849
0.738
0.757
0.924
0.939
0.828
0.862
0.943
1.02
0.74
0.935
0.962
0.971
0.962
0.935
0.878
0.942
0.853
0.828
0.939
0.878
0.939
0.956
0.885
0.847
0.861
0.801
0.859
0.779
0.898
0.768
0.829
0.846
0.818
0.934
0.945
0.906
0.917
0.928
0.902
0.858
0.903
0.923
0.817
0.791
0.894
0.946
0.925
0.88
0.911
0.905
0.905
0.877
0.909
0.854
0.812
0.875
0.896
0.886
0.793
0.789
0.77
0.873
0.903
0.841
0.871
0.857
0.918
0.978
0.912
0.915
0.859
0.88
0.947
0.861
0.867
0.856
0.795
0.739
0.831
0.897
0.857
0.775
0.786
0.646
0.408
0.591
0.468
0.549
0.811
0.87
0.747
0.557
0.635
0.674
0.841
0.95
0.741
0.578
0.801
0.836
0.731
0.647
0.723
0.569
0.696
0.714
0.866
0.569
0.624
0.648
0.711
0.624
0.491
0.677
0.67
0.533
0.773
0.665
0.711
0.768
0.802
0.843
0.784
0.813
0.746
0.626
0.64
0.714
0.718
0.713
0.68
0.692
0.566
0.676
0.703
0.785
0.865
0.757
0.671
0.551
0.502
0.588
0.692
0.661
0.658
0.607
0.514
0.552
0.682
0.784
0.783
0.705
0.622
0.631
0.696
0.716
0.765
0.753
0.606
0.558
0.713
0.738
0.737
0.783
0.766
0.698
0.658
0.64
0.643
0.607
0.701
0.782
0.804
0.788
0.705
0.717
0.742
0.752
0.734
0.727
0.71
0.731
0.755
0.727
0.715
0.789
0.676
0.552
0.646
0.749
0.766
0.702
0.721
0.703
0.629
0.735
0.684
0.691
0.693
0.608
0.495
0.787
0.772
0.722
0.664
0.622
0.623
0.508
0.464
0.693
0.731
0.661
0.704
0.511
0.426
0.565
0.532
0.506
0.598
0.675
0.527
0.454
0.524
0.573
0.823
0.823
0.707
0.605
0.538
0.547
0.75
0.72
0.633
0.609
0.551
0.654
0.642
0.642
0.595
0.5
0.554
0.595
0.512
0.487
0.651
0.62
0.613
0.497
0.45
0.491
0.674
0.5
0.505
0.547
0.625
0.758
0.698
0.711
0.554
0.588
0.724
0.504
0.529
0.571
0.51
0.623
0.621
0.531
0.55
0.522
0.592
0.611
0.61
0.482
0.62
0.616
0.56
0.647
0.761
0.6
0.617
0.807
0.694
0.602
0.671
0.625
0.609
0.739
0.769
0.868
0.831
0.729
0.758
0.627
0.684
0.825
0.725
0.737
0.612
0.604
0.557
0.544
0.613
0.582
0.657
0.689
0.742
0.622
0.451
0.646
0.731
0.779
0.795
0.702
0.679
0.563
0.65
0.745
0.674
0.625
0.606
0.648
0.908
0.764
0.879
0.811
0.807
0.952
0.889
0.931
0.681
0.693
0.757
0.674
0.606
0.873
0.847
0.623
0.793
0.693
0.815
0.881
0.835
0.621
0.873
0.811
0.687
0.844
0.879
0.913
0.863
0.93
0.799
0.719
0.817
0.746
0.735
0.733
0.905
0.987
0.83
0.827
0.899
0.885
0.659
0.57
0.465
0.442
0.558
0.886
0.963
0.654
0.791
0.786
0.815
0.823
0.793
0.908
0.951
0.921
0.915
0.967
0.954
0.96
0.959
0.946
0.962
0.97
0.947
0.951
0.96
0.969
0.893
0.909
0.931
0.899
0.849
0.874
0.952
0.923
0.966
0.962
0.831
0.952
0.962
0.954
0.959
0.939
1.01
0.902
0.827
0.883
0.695
0.859
0.931
0.872
0.799
0.735
0.925
0.926
0.769
0.914
0.869
0.883
0.786
0.762
0.937
0.895
0.931
0.938
0.759
0.872
0.988
0.985
0.958
0.901
0.88
0.755
0.899
0.852
0.777
0.779
0.778
0.55
0.572
0.739
0.696
0.601
0.573
0.662
0.827
0.875
0.699
0.461
0.505
0.682
0.732
0.676
0.741
0.889
0.687
0.648
0.713
0.944
0.895
0.875
0.799
0.699
0.579
0.675
0.608
0.493
0.786
0.718
0.512
0.716
0.882
0.618
0.721
0.667
0.596
0.698
0.697
0.767
0.713
0.616
0.777
0.705
0.554
0.528
0.634
0.788
0.821
0.695
0.623
0.626
0.647
0.675
0.771
0.706
0.634
0.73
0.781
0.763
0.705
0.722
0.722
0.622
0.581
0.509
0.486
0.657
0.714
0.721
0.731
0.753
0.732
0.94
0.815
0.789
0.776
0.751
0.686
0.774
0.74
0.743
0.721
0.67
0.713
0.714
0.801
0.767
0.774
0.8
0.828
0.827
0.801
0.783
0.784
0.733
0.757
0.711
0.753
0.777
0.925
0.85
0.77
0.766
0.81
0.805
0.772
0.745
0.664
0.771
0.824
0.874
0.922
0.828
0.767
0.813
0.863
0.835
0.836
0.763
0.85
0.836
0.833
0.815
0.818
0.753
0.675
0.724
0.757
0.798
0.738
0.752
0.792
0.783
0.749
0.761
0.813
0.825
0.799
0.79
0.788
0.806
0.84
0.84
0.847
0.824
0.815
0.803
0.84
0.829
0.786
0.826
0.847
0.832
0.833
0.752
0.658
0.778
0.826
0.832
0.861
0.797
0.733
0.778
0.851
0.795
0.798
0.825
0.788
0.807
0.822
0.763
0.737
0.766
0.785
0.694
0.727
0.794
0.753
0.716
0.69
0.621
0.654
0.775
0.848
0.741
0.718
0.729
0.707
0.758
0.745
0.736
0.733
0.826
0.877
0.78
0.73
0.746
0.832
0.851
0.802
0.81
0.702
0.659
0.765
0.694
0.619
0.644
0.753
0.717
0.601
0.675
0.62
0.623
0.49
0.476
0.511
0.638
0.725
0.742
0.714
0.607
0.703
0.934
0.761
0.781
0.706
0.762
0.645
0.61
0.701
0.752
0.743
0.658
0.622
0.594
0.827
0.77
0.808
0.623
0.623
0.646
0.66
0.631
0.594
0.811
0.528
0.583
0.791
0.828
0.889
0.729
0.697
0.873
0.888
0.822
0.871
0.908
0.859
0.753
0.781
0.787
0.714
0.798
0.829
0.885
0.844
0.775
0.804
0.861
0.788
0.846
0.813
0.815
0.658
0.529
0.589
0.802
0.907
0.954
0.804
0.649
0.862
0.951
0.906
0.89
0.903
0.825
0.731
0.708
0.813
0.596
0.528
0.502
0.538
0.82
0.947
0.959
0.786
0.865
0.849
0.979
0.973
0.926
0.704
0.557
0.542
0.78
0.888
0.88
0.745
0.829
0.783
0.887
0.757
0.767
0.783
0.722
0.941
0.89
0.788
0.877
0.813
0.622
0.661
0.696
0.848
0.86
0.688
0.629
0.701
0.533
0.551
0.899
0.916
0.841
0.74
0.734
0.698
0.819
0.775
0.733
0.946
0.914
0.78
0.804
0.807
0.764
0.839
0.708
0.673
0.87
0.881
0.852
0.787
0.782
0.81
0.965
0.857
0.743
0.828
0.875
0.837
0.739
0.591
0.66
0.753
0.606
0.658
0.657
0.748
0.901
0.835
0.76
0.806
0.886
0.725
0.639
0.878
0.839
0.747
0.58
0.827
0.552
0.656
0.87
0.738
0.791
0.711
0.912
0.672
0.678
0.73
0.745
0.653
0.614
0.563
0.588
0.651
0.742
0.789
0.753
0.645
0.686
0.777
0.795
0.843
0.875
0.855
0.877
0.924
0.79
0.718
0.78
0.694
0.658
0.661
0.705
0.898
0.874
0.815
0.764
0.823
0.71
0.633
0.768
0.7
0.591
0.59
0.773
0.651
0.622
0.532
0.605
0.726
0.72
0.658
0.7
0.663
0.591
0.655
0.681
0.619
0.701
0.814
0.679
0.707
0.655
0.6
0.623
0.69
0.663
0.643
0.641
0.764
0.761
0.7
0.588
0.553
0.707
0.675
0.653
0.835
0.71
0.587
0.659
0.691
0.73
0.67
0.577
0.672
0.677
0.611
0.769
0.785
0.763
0.768
0.733
0.751
0.716
0.666
0.705
0.751
0.746
0.738
0.78
0.707
0.735
0.698
0.64
0.671
0.762
0.725
0.737
0.727
0.666
0.614
0.653
0.704
0.796
0.752
0.703
0.68
0.626
0.611
0.613
0.563
0.481
0.489
0.569
0.528
0.754
0.726
0.792
0.857
0.851
0.871
0.834
0.794
0.767
0.767
0.81
0.736
0.628
0.691
0.806
0.721
0.738
0.779
0.732
0.652
0.692
0.769
0.732
0.677
0.627
0.6
0.643
0.638
0.67
0.671
0.781
0.732
0.57
0.59
0.823
0.717
0.679
0.831
0.786
0.7
0.635
0.606
0.611
0.684
0.72
0.664
0.715
0.581
0.78
0.875
0.903
0.83
0.725
0.744
0.697
0.661
0.669
0.625
0.663
0.671
0.675
0.621
0.609
0.718
0.593
0.642
0.81
0.744
0.727
0.695
0.834
0.836
0.703
0.718
0.746
0.685
0.787
0.848
0.783
0.775
0.878
0.72
0.725
0.678
0.751
0.713
0.691
0.737
0.641
0.762
0.788
0.692
0.718
0.688
0.693
0.721
0.715
0.792
0.709
0.669
0.782
0.642
0.69
0.692
0.661
0.844
0.831
0.773
0.753
0.79
0.872
0.84
0.721
0.765
0.761
0.718
0.817
0.897
0.8
0.611
0.719
0.621
0.887
0.94
0.89
0.92
0.854
0.896
0.946
0.927
0.903
0.948
0.931
0.875
0.905
0.893
0.94
1.025
0.893
0.762
0.873
0.789
0.636
0.839
0.926
0.986
0.839
0.691
0.685
0.609
0.648
0.81
0.886
0.881
0.968
0.711
0.631
0.677
0.748
0.89
0.915
0.89
0.954
0.892
0.882
0.982
0.919
0.877
0.827
0.812
0.707
0.779
0.656
0.883
0.872
0.654
0.683
0.586
0.572
0.828
0.952
0.894
0.69
0.64
0.833
0.884
0.65
0.665
0.765
0.627
0.663
0.768
0.784
0.74
0.801
0.83
0.828
0.788
0.821
0.497
0.625
0.796
0.85
0.685
0.511
0.46
0.559
0.771
0.853
0.56
0.587
0.532
0.357
0.419
0.529
0.812
0.605
0.563
0.595
0.915
0.823
0.808
0.76
0.54
0.494
0.803
0.851
0.953
0.865
0.859
0.767
0.862
0.943
0.79
0.639
0.781
0.904
0.825
0.95
0.734
0.635
0.571
0.658
0.722
0.732
0.68
0.718
0.671
0.703
0.62
0.554
0.69
0.771
0.791
0.727
0.609
0.607
0.797
0.749
0.686
0.744
0.897
0.845
0.786
0.815
0.735
0.866
0.973
0.783
0.706
0.648
0.607
0.721
0.849
0.798
0.696
0.72
0.684
0.671
0.714
0.667
0.789
0.87
0.838
0.734
0.634
0.804
0.837
0.764
0.841
0.817
0.715
0.663
0.661
0.671
0.603
0.591
0.593
0.75
0.754
0.752
0.637
0.633
0.651
0.689
0.717
0.723
0.72
0.713
0.645
0.62
0.718
0.717
0.702
0.693
0.672
0.887
0.758
0.704
0.672
0.693
0.636
0.747
0.807
0.814
0.728
0.754
0.732
0.76
0.779
0.795
0.781
0.666
0.803
0.843
0.829
0.834
0.819
0.82
0.789
0.787
0.805
0.786
0.785
0.791
0.772
0.82
0.811
0.792
0.748
0.755
0.821
0.773
0.714
0.685
0.714
0.742
0.808
0.797
0.809
0.814
0.78
0.726
0.747
0.732
0.81
0.836
0.794
0.763
0.79
0.809
0.867
0.837
0.815
0.744
0.77
0.814
0.774
0.705
0.638
0.611
0.719
0.856
0.819
0.782
0.781
0.73
0.801
0.736
0.707
0.799
0.758
0.781
0.754
0.701
0.672
0.708
0.704
0.845
0.859
0.737
0.704
0.67
0.718
0.812
0.758
0.719
0.696
0.612
0.596
0.617
0.576
0.603
0.661
0.593
0.642
0.519
0.494
0.559
0.654
0.75
0.849
0.725
0.716
0.837
0.757
0.874
0.873
0.766
0.676
0.801
0.695
0.566
0.605
0.631
0.552
0.593
0.589
0.706
0.837
0.757
0.675
0.695
0.814
0.799
0.751
0.616
0.632
0.874
0.844
0.804
0.917
0.884
0.755
0.735
0.696
0.541
0.505
0.617
0.815
0.754
0.844
0.874
0.774
0.949
0.872
0.656
0.691
0.692
0.665
0.711
0.752
0.715
0.783
0.694
0.704
0.832
0.809
0.782
0.81
0.707
0.744
0.547
0.599
0.533
0.63
0.721
0.721
0.767
0.625
0.886
0.924
0.913
0.867
0.925
0.878
0.815
0.749
0.896
0.872
0.855
0.864
0.775
0.789
0.739
0.84
0.874
0.858
0.852
0.859
0.89
0.832
0.723
0.765
0.833
0.937
0.999
1.003
0.965
1.009
0.71
0.662
0.87
0.885
0.866
0.9
0.937
0.908
0.942
0.96
0.939
0.867
0.793
0.752
0.856
0.859
0.914
0.505
0.541
0.758
0.391
0.467
0.738
0.859
0.879
0.894
0.84
0.944
0.953
0.955
0.89
0.935
0.924
0.927
0.905
0.732
0.832
0.885
0.931
0.957
0.868
0.934
0.939
0.826
0.678
0.615
0.817
0.965
0.783
0.73
0.72
0.711
0.763
0.832
0.571
0.613
0.591
0.603
0.648
0.675
0.583
0.689
0.562
0.593
0.616
0.6
0.662
0.673
0.601
0.62
0.684
0.594
0.644
0.851
0.898
0.947
0.832
0.763
0.777
0.633
0.906
0.908
0.596
0.696
0.554
0.551
0.622
0.724
0.68
0.784
0.747
0.886
0.952
0.882
0.771
0.756
0.774
0.66
0.555
0.589
0.73
0.852
0.871
0.727
0.611
0.794
0.608
0.578
0.646
0.709
0.819
0.772
0.679
0.689
0.72
0.592
0.631
0.745
0.826
0.897
0.904
0.856
0.786
0.801
0.75
0.8
0.814
0.81
0.802
0.826
0.786
0.651
0.567
0.688
0.709
0.607
0.654
0.768
0.82
0.765
0.865
0.827
0.714
0.704
0.721
0.675
0.7
0.787
0.896
0.868
0.799
0.793
0.653
0.597
0.687
0.691
0.713
0.825
0.853
0.813
0.883
0.925
0.8
0.808
0.792
0.806
0.794
0.705
0.756
0.742
0.764
0.719
0.756
0.708
0.756
0.692
0.718
0.72
0.75
0.744
0.663
0.693
0.686
0.715
0.764
0.763
0.738
0.661
0.787
0.827
0.842
0.879
0.8
0.758
0.761
0.778
0.769
0.695
0.68
0.804
0.839
0.782
0.756
0.749
0.737
0.779
0.817
0.815
0.815
0.815
0.735
0.726
0.708
0.775
0.825
0.838
0.857
0.828
0.794
0.794
0.848
0.797
0.753
0.724
0.825
0.86
0.809
0.798
0.802
0.819
0.796
0.76
0.761
0.752
0.745
0.677
0.789
0.777
0.872
0.927
0.936
0.827
0.752
0.839
0.797
0.791
0.787
0.754
0.74
0.741
0.752
0.706
0.725
0.653
0.854
0.85
0.788
0.614
0.677
0.681
0.678
0.692
0.742
0.77
0.797
0.9
0.843
0.857
0.779
0.7
0.733
0.84
0.74
0.763
0.646
0.798
0.625
0.678
0.569
0.635
0.689
0.633
0.646
0.713
0.654
0.601
0.711
0.939
0.938
0.809
0.676
0.807
0.944
0.88
0.771
0.714
0.798
0.82
0.692
0.658
0.825
0.678
0.647
0.711
0.782
0.624
0.833
0.921
0.922
0.884
0.937
0.865
0.744
0.604
0.677
0.875
0.886
0.918
0.73
0.749
0.813
0.903
0.96
0.857
0.813
0.713
0.738
0.74
0.645
0.583
0.622
0.819
0.81
0.827
0.846
0.855
0.867
0.857
0.847
0.822
0.792
0.919
0.975
0.855
0.812
0.73
0.715
0.775
0.847
0.896
0.797
0.73
0.88
0.926
0.873
0.764
0.782
0.802
0.874
0.814
0.913
0.689
0.51
0.623
0.669
0.896
0.905
0.947
0.905
0.901
0.923
0.906
0.869
0.754
0.871
0.931
0.923
0.77
0.811
0.872
0.954
0.874
0.751
0.791
0.876
1.029
0.924
0.953
0.921
0.944
1.005
0.815
0.445
0.607
0.915
0.971
0.753
0.805
0.857
0.678
0.775
0.88
0.734
0.903
0.847
0.73
0.818
0.905
0.56
0.464
0.646
0.6
0.633
0.753
0.739
0.611
0.456
0.504
0.593
0.498
0.721
0.879
0.745
0.649
0.668
0.891
0.867
0.787
0.668
0.67
0.601
0.576
0.838
0.809
0.652
0.657
0.769
0.578
0.511
0.693
0.897
0.967
0.762
0.637
0.624
0.65
0.62
0.824
0.818
0.766
0.728
0.624
0.684
0.74
0.781
0.669
0.838
0.768
0.718
0.803
0.788
0.96
0.946
0.77
0.636
0.728
0.74
0.757
0.877
0.734
0.779
0.843
0.929
0.881
0.825
0.876
0.9
0.754
0.655
0.792
0.835
0.841
0.838
0.774
0.909
0.911
0.713
0.649
0.686
0.8
0.829
0.76
0.818
0.784
0.807
0.748
0.788
0.795
0.787
0.798
0.827
0.836
0.79
0.71
0.716
0.794
0.676
0.673
0.786
0.833
0.797
0.811
0.843
0.863
0.7
0.579
0.809
0.741
0.842
0.924
0.908
0.907
0.806
0.872
0.792
0.734
0.729
0.765
0.752
0.738
0.668
0.702
0.742
0.772
0.727
0.771
0.789
0.779
0.759
0.799
0.848
0.775
0.787
0.799
0.781
0.812
0.77
0.764
0.75
0.827
0.876
0.828
0.835
0.81
0.831
0.863
0.751
0.754
0.697
0.713
0.752
0.778
0.796
0.816
0.808
0.834
0.79
0.738
0.773
0.757
0.819
0.817
0.792
0.772
0.766
0.703
0.808
0.862
0.822
0.849
0.813
0.809
0.846
0.837
0.797
0.822
0.844
0.791
0.804
0.774
0.879
0.916
0.786
0.792
0.794
0.74
0.862
0.851
0.793
0.81
0.788
0.795
0.814
0.814
0.8
0.783
0.768
0.845
0.849
0.803
0.737
0.8
0.833
0.768
0.748
0.781
0.745
0.676
0.743
0.737
0.657
0.666
0.595
0.762
0.889
0.853
0.753
0.81
0.846
0.809
0.749
0.73
0.614
0.577
0.695
0.762
0.818
0.772
0.568
0.678
0.594
0.785
0.778
0.707
0.654
0.646
0.73
0.725
0.577
0.612
0.719
0.868
0.822
0.732
0.781
0.928
0.943
0.758
0.734
0.659
0.648
0.734
0.638
0.71
0.541
0.491
0.701
0.864
0.792
0.795
0.892
0.932
0.902
0.85
0.849
0.887
0.849
0.879
0.83
0.761
0.82
0.848
0.846
0.836
0.767
0.831
0.776
0.801
0.86
0.824
0.826
0.767
0.766
0.713
0.725
0.958
0.832
0.49
0.57
0.725
0.863
0.766
0.748
0.825
0.808
0.769
0.917
0.886
0.87
0.851
0.895
0.851
0.922
0.902
0.87
0.979
0.933
0.827
0.902
0.875
0.922
0.938
0.792
0.767
0.646
0.705
0.545
0.894
0.966
0.937
0.887
0.899
0.876
0.848
0.523
0.894
0.883
0.89
0.938
0.95
0.852
0.932
0.977
0.945
0.947
0.907
0.818
0.836
0.794
0.875
0.866
0.877
0.919
0.678
0.936
0.895
0.892
0.851
0.892
0.911
0.816
0.874
0.745
0.781
0.862
0.889
0.895
0.793
0.649
0.515
0.542
0.646
0.87
0.955
0.915
0.704
0.551
0.744
0.838
0.859
0.928
0.827
0.707
0.842
0.728
0.67
0.725
0.84
0.828
0.791
0.798
0.673
0.699
0.727
0.773
0.778
0.928
0.897
0.642
0.662
0.86
0.761
0.79
0.761
0.884
0.938
0.867
0.801
0.88
0.868
0.714
0.582
0.72
0.837
0.709
0.825
0.789
0.699
0.666
0.67
0.731
0.864
0.568
0.67
0.588
0.708
0.758
0.736
0.701
0.731
0.64
0.834
0.866
0.773
0.802
0.619
0.739
0.821
0.863
0.79
0.66
0.695
0.698
0.732
0.647
0.621
0.692
0.592
0.653
0.806
0.676
0.533
0.803
0.796
0.78
0.845
0.865
0.935
0.738
0.819
0.917
0.816
0.77
0.714
0.669
0.735
0.814
0.786
0.741
0.672
0.567
0.705
0.75
0.685
0.649
0.66
0.678
0.62
0.647
0.723
0.68
0.641
0.733
0.659
0.746
0.696
0.633
0.603
0.644
0.591
0.625
0.682
0.746
0.72
0.663
0.69
0.792
0.779
0.724
0.681
0.726
0.65
0.589
0.69
0.599
0.624
0.632
0.699
0.661
0.688
0.766
0.756
0.761
0.713
0.674
0.765
0.74
0.64
0.77
0.768
0.759
0.803
0.781
0.771
0.736
0.704
0.792
0.756
0.66
0.73
0.744
0.883
0.91
0.778
0.776
0.701
0.598
0.633
0.618
0.708
0.7
0.705
0.614
0.632
0.711
0.717
0.718
0.601
0.584
0.568
0.468
0.462
0.444
0.507
0.536
0.518
0.492
0.536
0.643
0.811
0.721
0.67
0.716
0.752
0.587
0.618
0.544
0.616
0.766
0.8
0.824
0.861
0.814
0.798
0.781
0.723
0.635
0.581
0.67
0.64
0.625
0.552
0.542
0.511
0.578
0.594
0.576
0.608
0.659
0.776
0.737
0.607
0.671
0.663
0.512
0.702
0.731
0.584
0.555
0.551
0.472
0.622
0.738
0.792
0.644
0.485
0.66
0.594
0.408
0.429
0.856
0.869
0.839
0.86
0.81
0.8
0.772
0.781
0.73
0.76
0.802
0.772
0.596
0.724
0.56
0.595
0.675
0.676
0.707
0.674
0.603
0.639
0.718
0.772
0.773
0.741
0.699
0.765
0.587
0.647
0.587
0.505
0.575
0.687
0.853
0.807
0.661
0.861
0.907
0.855
0.801
0.684
0.79
0.745
0.81
0.694
0.811
0.815
0.7
0.745
0.681
0.771
0.82
0.809
0.931
0.826
0.743
0.525
0.735
0.936
0.916
0.87
0.906
0.915
0.842
0.752
0.741
0.595
0.664
0.877
0.869
0.685
0.861
0.901
