1980 1 1
6e-04
0.3478
0.7887
1.5426
2.2509
0.1177
0.057
0
0.2938
0
16.7194
0.3605
0
0.4826
1e-04
8e-04
2e-04
0
0
0
0
2e-04
1.1188
1.2737
2.1506
0
0
0
0
0.2706
0.469
0.0373
0
0
1e-04
0
0.1879
0
0
0.1034
0
0.5105
9e-04
0.3591
0
4.9138
4.6334
0
0
0.3057
0.0019
1.0185
14.5912
0.0642
0.0088
1.0662
4.9231
0.3552
1.4754
0.3432
0
0
0
0.0399
6.3708
0.2149
2.3651
26.2673
0.4326
0.1943
0.3959
0
0.8473
0.9405
0
0.3933
10.5958
2.105
0
0.3541
32.6501
0.2962
0
10.3098
0.9937
0
0.0019
3.4368
6.1059
1.993
11.3033
0.2057
0.8181
2.5334
16.8003
0.0784
0
0.4995
8.0643
8.2533
2.1973
0.8234
4.5362
0.6104
19.3677
1.819
1.0458
0
0
0
0
0.3669
0
0
0
3e-04
0.0544
1.5603
4.3372
0.0017
0
0
0
0
0
0
0
1e-04
0.1409
0.0199
1.2151
4.8987
13.4325
7.6286
1.5726
0
0.333
17.3942
12.9248
2.862
0.2896
0
0
1.7856
11.192
1.2783
0
0
0.0356
1.2479
5.2755
7.7618
18.5688
20.3604
5.5786
0.0167
0.2776
6.4124
9.5449
3.2968
0.4766
0.2408
0
0
0
4.4714
10.4134
8.5606
0
0.0885
4.0244
1.2151
0
0
0.0649
3.3517
0
1e-04
0
1.6509
9.6494
0
0.0012
0
2.3288
11.0233
15.6177
0.9425
0.1709
4.5359
8.3495
2.2954
1.6177
6.7855
4.0083
0.0932
0.0156
0.438
0.3278
0
0.4798
0.6448
4.1035
18.415
2.5541
0
0
0.1401
3.8673
12.4919
3.3303
0.7176
0.4439
0.3506
8.5775
10.2571
1.0862
1.718
0.2609
1.4656
2.3923
0.8443
7.9348
19.2229
4.9086
0.3756
8.5485
6.2734
1.3316
11.577
6.8626
2.7425
22.6365
9.929
4.7661
0
0
0
0
0
0.2847
1.3991
3.3546
6.308
6.0483
1.6676
0.06
13.1343
1.0987
0
0
0.0644
2.0363
1.0349
0
0.0118
6.4193
1.9709
0
0.1704
8.454
0.0845
0
0.358
1.1748
4.901
8.7855
0
1.5286
3.5856
0.0011
0
0
0
0
8.4705
0.5473
0.1194
0
0
0
0
0
0.3608
0.0483
0.0468
0.0598
0.1106
0.377
1.2638
3.1183
6.9563
1e-04
0
0
0
0
1.7837
9.793
0.0028
0.0488
8.9953
0
0
0
0
0
0.3924
0.8526
0
0
0
1.2997
0
0
0
0
0.4783
3.7704
0.4222
0
4.7358
1.3366
0
0
0.2898
0
0.3639
4.6229
0.2347
0
11.7177
1.8625
1.3713
0.6011
0.0452
3.477
0.1991
0.003
0.0011
0.9113
6.4466
5.7139
5.5014
0.2202
0.3022
0.5924
0
0.5097
1.1333
0.5992
0
0.352
0.2312
0.0952
0.3022
0
0
7.9075
0
0
0
0.0513
9.8358
0.7185
5.5352
1.5242
1.7829
1.6757
0.2953
0.2907
2.8745
3.3511
0
0
0.2056
2e-04
1e-04
0.0569
0
0.0348
0.9988
0.2174
0
0
0
0
0
0
0.3558
0
0
0.1491
0
0.0934
0
0
12.4796
2.6903
0.2003
0.5311
0.0845
1.2132
0.1199
0
0
6.4768
10.0269
0.3037
0
0
0
4.299
0.8842
0.0183
10.5607
5.2967
0.2855
0.7346
6.4341
0.4491
0.0355
0
0.0064
1.0925
0
0
0
0.8349
1.6836
0.0866
0.1201
0
0
0
0
0
0
0
0
2.3938
0.1966
0.4957
1.8536
1.4623
0.1069
0
0
0
0.0053
4.762
7.4046
0
0.0374
5.0042
0
0.0319
0
2.9107
5.4417
2.4413
3e-04
0
0.1214
3.9
2.4667
7.4817
22.0996
3.6427
19.6029
0
0.4039
7.2213
2.9452
0.3131
0.879
0.8882
0.9165
8.0106
0.7751
0.0403
0.7422
0.2267
13.3424
14.8659
0.3765
9e-04
0
0
0.1217
2.1837
14.5444
0
0
0.5087
11.7922
16.4533
0.6728
0
10.6561
10.6959
0.3342
0
0
0
0
0
0.0304
0
0.0439
0.0478
1.8865
11.3622
8.3275
0.2596
6.4403
0.065
0
0.4023
5.4238
4.8258
3.369
4.2518
0
9.1042
60.02
12.6759
0
7.1577
44.5009
16.2505
0.2371
0.696
0.0495
0
0
0
19.5263
26.5961
0
1.6669
24.5346
0.0548
0.2438
0
0.3726
0.0988
0.6789
1.8155
1.0061
1.8348
2.5552
0.1215
0
0
1.8772
6.8389
0
1e-04
1.797
0.9398
0.1369
0.0064
1e-04
0
7.9222
21.2039
1.7258
0.1443
0
0
0
7.6419
2.3722
7.1435
0.337
0
0
0.2872
0.3919
5.668
3.9395
0.3218
0.7945
3.043
1.0115
0
2.4204
16.7531
0.034
0.0188
0.3101
6.0927
0.0753
0
0
0
0
0
0
0
0
0
0
0.7031
9.1938
16.2235
51.6898
20.3464
9.7443
38.1774
18.101
6.085
0.7691
0.5926
0.2128
5.6693
0
0
0
0
0.0032
14.5006
12.6655
2.5777
20.8634
13.4043
4.3762
0
0.3696
1.2228
0.0011
0
0.1712
0.867
2.8522
0
0.6914
3.1934
3.0704
0.1338
0
0
0.7579
21.0498
0.0366
0
0
0
0
0
0
0
0
0.2868
0.1474
4.8564
0.3817
0
1.1428
1.5109
3.2697
0
0.0934
11.1923
9.2389
0.8008
0
0
0
0
0.057
0
0
4.9084
1.8852
0.0886
0
0.2944
0
0
0
0
0
0.0048
0.0248
0.3431
0.2157
5.1065
23.0985
2.1195
0
0.476
2.9591
0
0.8716
1.2672
0
0
0
10.7636
0.4992
0
5.7255
0.7954
0
0.3024
3.7845
0.1591
0
0
0
0
0
0
0.1779
7.7593
0.4958
0.0549
0.2356
4.6828
6.8803
26.727
0
0
0
4.3935
6.2979
1.0548
0.2908
2.721
0.9936
0
1.8495
10.9268
1.2604
0.2997
1.5508
0.3161
2.9786
0.2737
0.4616
0.6831
3.6924
0.0226
1.1709
3.3876
0.1844
0.0732
7e-04
0.0351
1.9608
1.4891
14.4836
0.2891
0.7568
0.442
0
0.0037
0
33.8931
20.6113
4.4957
1.5725
6.8021
1.7546
0.3343
0.4566
0.003
0
6.5911
0.0074
3e-04
0
0.8826
8e-04
0.2416
1.1792
3.6359
0.4855
4.1327
0.0013
0.1091
0.0182
0.1606
3.3686
0
0
0
0
3.7425
4.9251
4.5555
15.4009
0.8951
0.1456
0.5909
0.3099
0.5275
3.3108
8.9083
0.9803
5.2513
0.0174
5.2359
15.9982
2.622
0
4.1604
8.0223
0.0842
0
0
2.244
4.1128
3.0809
0.8981
0.0967
0
5.0249
16.4123
0.0772
0.0529
9.8817
0.1059
1.436
12.7773
1.1887
0
6.7833
2.0965
0.5204
0
0
0
1.7031
3.4845
5.0134
0.0953
0
1.9761
0.5751
0
0
0
0
1.7839
0
0
0
3e-04
0.4901
0.0589
0
0
0
0.3301
5.8848
9.1177
0
0
0
0
0
0
0
0
0
1.704
10.383
5.5774
2.7653
10.4622
18.1976
0
5e-04
4.7627
19.6203
21.2758
6.6795
4.5726
1.8593
4.0285
0
0
0
1.1287
0.2128
0.3684
3.6741
4.1155
5.3743
1e-04
0
0
0
10.2051
30.1887
2.8685
0.1235
2.6058
1.7497
6.6756
5.4679
0.7447
0
0
1e-04
0.3847
19.1166
17.6663
0.3916
0.0011
0.0013
40.787
0.4677
0.459
0
3.7746
1.5937
0.8639
1.1935
0.8554
0.0304
0
0
0
0.0704
2.7466
3.5515
8.4597
2.2884
0
0.2769
0.069
0
0
0.3302
0.2842
0.4123
0
0
0.5225
0
0.7267
3.9273
8.221
1.9984
0
1.0824
9.0457
3.1127
0
0
0
0
0
0
0
0
0
0
8.7552
1.89
0.1016
0.6158
0.8861
2.5006
0
0
0
0
0.0026
0.0357
2.2831
8.3712
0.4457
0
0
1.8225
1.0164
0.6697
0
0
0
0
0.1231
2.1817
0.5437
0
0.0188
3.1913
0.0519
0.3232
0.1596
8.2411
6.4538
1.5454
3.2309
2.0455
27.4944
0.5466
0
0
0
0
0
0
0
0.3645
4.8593
1.6954
0.834
0.1393
0.1131
0
0.0385
0.1393
0.4778
0.2016
0
0
0.0475
2.7219
0.0283
0
0
0
0
0
0
0
1.6606
0
17.5905
12.1752
12.4887
10.2158
2.94
0
0
0.3725
0
1.7855
1.2311
10.1466
9.0861
0.6513
0
0
0.0296
0
0
0
15.0383
13.8919
3.2376
12.2107
6.4144
0
8.2554
0.457
14.1116
1.5202
0
0.1343
0.273
0.8897
1.2953
5.2194
1.2622
0.3638
0.3693
1.0717
1.3042
2.1747
0.0011
0.0039
1.9959
9.4589
15.2058
0
0.0063
10.1705
1.446
0.1813
0.5115
6.3625
1.0948
5.6526
2.1241
14.6329
3.9148
0
0
0
0
0
0
0
0
0
0
0
3e-04
2.969
0.6989
0.1775
0.0012
0.233
0.8105
0.1645
0.1043
0.1546
0
0
0.9273
6.1957
2.2746
0.1247
0
0
0
0
0.6677
6.6093
0
0.1547
8.3118
0.8643
0.6086
0.1707
0.3184
4.198
0
5e-04
0.0235
0.4898
0.1447
0
0
0
0
0
0
0.1939
0
0
0
1e-04
0
0.6662
0.2203
0
0
0
0
0
0.1697
0
2.6096
0.9425
2.5989
0.7956
3.412
5.0913
0.3059
0
0
0
0.134
0.032
3.0114
8.845
1.6795
7.2929
0.0202
0.094
0
0.7155
0
6.7336
2.4877
0
0
4e-04
0.5636
7.4828
7.9892
0.8583
1.1473
2.7584
3.4939
4.1337
9.5507
4.4043
1.1523
0.2701
9.3349
12.9554
5.5576
0.2528
2.4002
0.2915
0.057
0
0
0
0
0
0
0.0013
5e-04
9.5882
2.2292
16.2888
13.8308
17.6689
13.6697
3.1237
1.1335
1.7239
2.0734
11.8542
0.0831
0
0
0
0.1361
2.7092
8.4732
1.1013
0.0013
0
6.3461
0.1593
1.6001
10.6055
1.8242
2.3966
4.9079
1.3366
0
0.4998
7.4954
1.0089
0.5704
0.2607
0.6847
4.0207
2.5967
0.1899
11.8211
0
0
0.1866
1.5885
0.2184
0
0
2.4422
1.1821
1.8521
0.0253
0.0493
6.931
0.6175
0.0012
0
0
0
0
0
5.705
22.001
5.2022
10.2423
9.7219
10.3243
5.8138
8.1436
3.8258
0
0
0.0014
0
0
0
0
0
0
0
2.5356
12.011
5.8395
5.3739
0.4085
0.6478
8.3412
4.2974
1.1269
0
0
0
0
2.8287
2.7322
10.1799
4.8007
2e-04
0
3.2166
1.4089
0
0
1.447
0.0023
0.0232
14.2009
0.5112
0
0
0
0
0.3868
0.0984
0
0.3709
0.2169
1.593
0
0
0
0.0178
0.7171
12.0151
0.2169
8.2556
10.108
0.1143
0
0
1e-04
2.0804
6.4236
28.18
0
0
0
0.0207
0.0535
0
0.0044
0.1955
15.3778
3.3038
0.1999
0.7136
8.9814
18.0505
0.1069
0.0122
0.3643
0.3807
0.1386
0
0
0
0
0
0
1.1683
15.1475
28.8994
0.5648
0
3.6885
1.9948
0.2001
0.0357
2.817
35.2193
1.5968
0
0
0.0302
6.2999
0.6955
2.1966
3.3759
19.9509
8.1478
0.753
0.1457
0.2644
0.5449
0
0
0
0.0012
10.7814
8.4873
12.1273
0.0269
0
0.03
0
0
0
11.0706
39.6282
0.128
3e-04
0.5162
9.2025
8.7259
0.3917
0
6.3155
2.7958
1.1509
0
13.583
0.1201
0
0.0024
2.3484
23.2275
0.034
0
0.0111
2.2887
1.4877
21.1555
0.6156
19.4495
1.2986
1.115
1.086
0.1836
3.8141
7.0314
0.0298
0.5376
0.3842
0.069
0.0148
0.0145
0.1881
0.912
2.3585
11.3003
0.033
1.0107
0.1411
0
0.5077
8.5273
0.5785
0
0
0
0
0
0
0
0.1974
0
0.0372
1.5889
4.069
0
0
0.1413
0.9567
0.0507
0.178
0.1008
0.9348
0.0544
0
0
0.0045
0.5309
8.0865
0
4e-04
4e-04
0
3.0401
5.6707
0.1055
0.005
0.5676
4.9274
0.4492
1.8292
0.0689
0.0377
0
0.2894
1.3318
2.714
0.5683
5.7621
14.5901
0
0.0308
0.7977
0.2758
0.8052
0.0339
0
0
0.0018
0.2183
4.7749
0.614
2.8707
8.6713
1.201
0
0
0.0052
0.035
7.6967
0.2425
1.7266
5.5759
0.3753
0.0921
0.0554
0
5.248
0.996
0.2847
8.4172
0.0155
0.9522
0.2259
14.892
24.7963
3.0759
0.0602
0.0384
2.5463
1.1935
2.9198
2.6098
1.9995
0.488
0
0
1.6708
1.852
4.7088
6.7249
1.0183
0
0
0.0315
0
0
0.3999
5.8811
4.3283
6.4158
2.4447
7.5243
5.1938
0.4951
0.2064
3.6946
27.9256
9.3691
5.9292
0.7878
0
8.8989
0.1273
0.1477
2.0622
0.0025
2.8396
5.3047
4.4728
0.5465
0.8537
2.4693
6.745
0.0709
1.6791
1.3058
13.6194
4.3848
0.5528
0
0
0
1.3813
2.9261
31.5216
10.9501
3.1474
15.0531
0
1.2606
3.0027
0.1388
12.8181
2.5971
0.4727
0
0
0.0271
0.5762
0
0.9415
1.3171
0.0056
0
0
0
0
0
9.2039
19.0059
0
0
1.9734
3.5686
5.6741
5.8718
0.1891
1.116
4.346
5.6541
0.0031
1e-04
0.2253
0.5829
0.095
0.0451
0
0.974
0.5027
5.5763
23.9195
7.1278
1.3459
0
4.4878
1.82
2.7532
0.7443
0.6243
0
0.2929
0.1008
0.9988
2.341
0
0
0
1.9074
0
3.2768
1.4178
8.3029
13.1419
0.2118
0.1876
0.3016
0.0414
1.3315
6.0359
7.3215
3.0433
1.0013
0.1656
17.4318
8.7772
11.0631
1.5687
1.3586
0.032
0
0
0
0
0
2.7485
4.6218
0.0013
0
5.7506
2.6652
0
0
0
0.0042
0.4714
0.3717
26.473
2.35
1.9414
0.7357
13.2044
0.674
0
0
0.8654
0.0694
4.1037
11.3053
1.1759
0.47
1.1624
4.0649
1.1654
0
0.5167
0.379
0
0
0
0.1297
6.0407
1.0201
4.0547
5.842
0.1743
1.9799
0
0.5909
9.4238
0.3267
0
0
0.003
0
7.9604
4.5552
0.3765
0
0
0
0.0079
0.7259
0.4061
2.3271
0
0.3794
0.1584
0.7576
9.1196
1.4575
0.3023
0.3833
1.1468
0.3003
0.0268
5.6345
6.4059
0
0.3023
9.9457
6.9821
0
21.5779
3.2803
0.4817
0.003
0
6.7893
7.2044
11.135
0.2171
0
0
2.2565
0.002
0
0.0913
0.2338
0
0
0
0
0
0
0
0.1446
12.987
0
0.2428
3.2614
0.001
3.8809
0.0058
0.1453
8.4111
0.3172
9e-04
0.3372
2.9085
0.0072
1.9918
4.7004
6.3714
0
0
0
0.1484
1.5903
0
5.933
4.1356
0
0.8031
1.0209
0.9248
2.3098
2.2877
7.8424
11.399
2.1582
13.4573
0.0268
0
0
0.0013
0.2751
0.5256
0.0872
0
2.5371
1.9295
0.0012
0
1.2246
0.7207
0
5.9818
1.8519
0.2142
0.0393
0.2423
2.0014
0.586
0.3768
3.1379
0.4535
0
0.1534
0.1565
9e-04
1.7807
0.3293
1.319
0.1964
0
1.3587
0.9687
0
0
0.0027
2.1609
7.8405
12.5501
8.0964
2.2562
0
0
0
0
0
0
0.0176
6.2972
8.522
1.6167
0.1876
2e-04
1.3369
0
0.7123
0.4142
0.0012
15.3894
3.859
0.3078
0.3646
1.9291
1e-04
0
5.2642
5.5036
0.2414
0.2091
0
0.038
0
0.003
0.5588
0.3171
0
0.7925
4.0587
3.4918
0.0344
0.4434
0.8803
10.5555
19.2247
15.0567
15.0731
0.9469
0.7589
6.1685
0.5666
6.3237
11.2211
1.1343
1.8185
1.8472
0
0.562
0
0.0068
0.0601
0.197
0
0.1373
0.2653
0
0
0.0228
0.003
0
0.3239
0.239
0
0.0085
0.0229
0
0
7.2733
11.0753
0.3068
2e-04
0.2168
1.4393
0.5541
0
0
0
0
0.0019
0.3068
3.0867
12.3627
8.6068
17.5289
3.7362
1.5451
6.3619
11.4197
0
0
0
4e-04
0.0954
3.4073
24.8353
0.0126
0.0114
0.9768
0.213
4.6035
2.8303
3.0867
5.6938
0
0.0101
2.2139
13.7194
2.9756
8.3617
11.2245
3.2229
1.1583
3.1281
6.772
5.4601
1.7152
0.5474
0.193
0
2.5541
0.9866
0.0313
0
0
0
0
0
0.4797
8.6233
12.9422
1.9402
0.1292
4.9392
3.4903
0.0186
0.0664
8e-04
23.2284
0
0
0.1753
6.9702
10.0412
0.1826
0
0
0
0.3171
0.6239
2.0905
0
0
0.3926
8.7622
0.0768
0
0
0.4894
14.8811
0.7942
0
0
0.0097
1.8537
8.9984
17.4733
6.4818
0
0
0
0
2.5665
7.2967
25.7526
6.6356
0.0013
4.2547
0.5455
0.0064
0
0
1.6286
14.0765
10.4394
3.1011
0.1917
0
0.67
27.2532
1.2934
0
0
0
0
0.0019
0.7516
0
1.7821
11.768
2.4885
0.217
0
0
0
0
0
0
0
0
0
0
0
3.0813
5.5176
0.4837
1.1157
0.0814
0
0
0.831
3.1295
2e-04
0.3086
0.3388
1.018
0.9473
0
0.032
0.2178
2.6415
3.1388
3.8641
4.8782
7.5132
16.3602
0
0
1.4825
13.203
6.4209
1.0676
0
0.4357
5.7883
0.0285
0
0
0
0.0272
1.2637
1.27
0.2881
7.0693
26.2887
13.8437
11.0838
0.2717
5.3105
0.127
8.1086
15.5107
4.8839
4.9382
8.1755
4.499
2.7463
17.6861
0.6992
0.3009
1.1562
0.9319
0
3.3711
0.044
0
2.1448
27.1943
7.0845
7.3193
0.0566
0
4.49
0.8454
0
0
2.4423
1.5427
0.001
0.0011
5e-04
13.8772
21.8066
1.3675
3.5397
0.1196
0.4515
0.4197
1.4925
0
0
0.6137
0.1945
1.2467
0.9457
1.219
0.2097
0.2706
3.3078
0.3007
0.1363
0
0
0
4e-04
1.4719
0
1.2255
0
0
0
0
0
7e-04
0.1111
1.812
0.738
0.0596
0
2.2712
0.4672
10.3288
3.6835
0.0012
0
0.0014
0
1.8959
0.5515
3.1547
0.2384
2.0832
0
1.1724
1.2573
1.1483
1.8827
19.4561
4.6624
0.4026
14.4742
0.1675
0
1e-04
0
0.1201
0
2.7672
0.5943
1.0196
5.3648
0.4338
2.6269
0.1465
12.8442
0.003
0.0023
0.0375
0.2196
4.1986
0.6773
0
0.0019
0.632
2.3684
0.5823
0.0657
6.1365
0.6694
0
3.481
4.0522
7.7793
5.3276
19.0604
0.5168
0.0123
0
0.0116
0.5297
17.6081
0.0064
0.0311
0
0
0
0
1.5698
2.2239
0.1386
0.1638
0
0.3713
1.0821
1.1735
0
5.6712
3.2445
3.6769
0
0.3019
0.4172
0.2512
0.2191
0.4948
3.0602
0.5105
14.3124
2.1506
1.7917
0.0044
0.7656
26.3065
13.7065
1.1463
0
0
0
0.9638
0.1714
1.2458
0.277
1.9265
0.7659
0
0
0
0
1.1292
9.9667
0
0
0
0
0.0225
0.3574
1.6094
3.2004
29.8743
1.8412
13.6121
7.6831
0.4565
2.7708
2.1157
0.4412
0
0.006
1.6506
12.544
0.3278
1.7033
7.0464
0.997
0.305
1.8407
2.0294
0.2414
18.7524
9.6203
5.9295
2.4659
8e-04
0.156
2.4948
2.3658
2.1157
0.1314
11.2481
5.7003
3.8727
0.2133
7.2931
6.6184
0.003
0.8684
1.2347
0
0
1.9679
8.6031
19.6146
0.057
6.3454
1.5083
14.0087
0.1351
0.0012
0
0
0
0.5641
35.4147
2.9072
24.7543
16.3921
6.293
0.0052
0.0189
13.4343
1.4603
0
0.7096
1.3301
0.3894
0
0
0.0026
2.0285
8.719
0
0
0
0
0.6928
7.8122
0
0
0
0.8059
0.866
12.1369
2.2584
1.5233
15.6022
2.1226
0
0
7e-04
0.4839
4.0699
0.6286
0.0429
0
0.5586
0.7452
0
2.09
0.4163
7e-04
13.2808
11.6214
0.0868
0
0
0
0
1e-04
2e-04
8.5507
0.5637
0
0.0652
0
0
2.4686
13.8399
17.665
0
0
0.183
0.0457
0.3212
23.2535
0.7139
0.025
1e-04
2.5876
7.3082
3.556
15.9606
7.6114
33.9863
3.9385
2.6941
10.4893
20.8061
0.6548
25.0491
8.8654
1.1623
0.9768
0
0
0.7624
0
0.0013
0.2459
7.8737
12.7516
0
0
0
0
0
0.4218
0.2562
0
0.1127
0.0291
6.0668
6.1014
3.6314
0.4443
1e-04
0
0
0.2232
0.8746
0.1406
2.5562
0.9152
0.1521
0.0203
2.4461
3.4061
0.0394
5.1907
0.2563
0.3659
0
0.0995
0
2.9339
11.3699
4.7001
7.583
2.448
4e-04
0.2773
0.7192
0.4919
27.2424
0.2505
0.0136
0.0471
0
0.8038
21.1392
4.7267
0.0158
0.0541
0
4.6155
5.457
9.8109
0.458
0
0.0019
4e-04
0
0.0018
0.9703
0.4324
3.2554
0
0
0
1e-04
0
6.4918
10.6489
0
0
0
0
0
0
0.1031
2.1892
0.6485
0
0
0
0
0.0024
0.2489
6.5446
0.9805
0.0011
6e-04
0.0572
0.9577
0
0
3.1537
13.9095
0.3005
1e-04
0.696
0.251
0.0118
0.0105
0.0188
0
0.3973
3.1742
10.7583
0.2918
8e-04
5e-04
0
0
0
0
0
0.8757
0.1716
0
0
0.8084
0.0054
0.032
0
0
0
0
0
0
0
0
0
0
0
0
0.6621
3.6597
7.6473
0.2408
0.6614
0
2.1693
0.0022
0
0
0
0
0
0
0
6.9264
0.2656
0
0
0
0
0
0
0
0
0.0049
1.1985
0.5756
0.3731
0
0.0924
34.9058
10.7038
0.1588
3.6325
0.1739
10.8878
14.008
0.9309
0.9604
0
0
0
0.7159
9.9166
0.0018
0.1461
1.3562
0.5634
0.0536
0.0011
0
0
0
0.3705
3.7022
1.8875
0.0813
1.0797
3.4654
2.7918
0
0
0.6479
14.3678
5.0113
0.2076
0.2938
0
0
0
0
0
0
0.2735
0.0086
1.4035
5.151
0
0
20.6604
7.9928
1.1968
1.529
4.7379
0
0
0.9314
8.001
4.6181
2e-04
0
9.1732
13.5273
8.3196
7.6217
23.3721
0
0
0.71
0.0204
1.0615
25.434
0.0134
0.0214
18.528
0.4391
0.0012
0
0
0
0
1.8122
23.512
7.577
7.0219
1.1078
0.0042
2.4469
8.0098
0.3946
0.3354
5.1624
28.18
22.2475
23.7738
3.6019
7.2381
1.8668
4.5389
2.8303
2.0395
2.9423
2.8739
7.9838
0.0524
7.4358
17.9971
0.0334
0.0662
0
0
0
0
0
0.3213
0
0
0.5718
0.4984
0
0
0
0.2166
0.4065
1.7325
7.711
9.4715
0.2329
9.6749
0
0
1.478
11.0563
1.9027
0
0
0
0
0
0.1165
0.4955
0.0259
0.0769
0
6.5515
7.1558
0.7955
0.0036
2.5502
20.0688
23.7709
17.4105
0.5637
0.1691
3.1789
0.3154
0.3408
0
0
0
0
0
0
0
0
2.4151
2.8643
0.8098
0.5804
5.6505
0.408
3.3466
7.4909
0.3346
2.3789
1.0535
4.2323
0.0903
0.0013
0.3176
0
0
0
1.8835
1.7248
1.1402
0.4045
1.3028
2e-04
0
1.8583
4.6033
1.7015
0.8101
1.2602
4.5799
0
0
0
0.002
0.178
1.579
0.3049
1e-04
0.4719
0.6999
0.0294
2.5046
4.2698
1.8808
0
12.0994
0.1082
0.0423
0
0
0.4619
0
0
0
0
0
0.0019
1.0675
7.9486
0.4318
0.0024
0
0
0
0.0445
0.3267
0.4932
0.1797
8e-04
2.4073
0.0111
0
0.6055
0.3185
14.9607
1.4296
3.2215
0.6592
4.1447
1.2154
4.5841
3.5432
5.7747
4.1145
0.3448
0
0.2939
0.3391
1.193
0
1.7479
3.2169
0.0665
0.6543
16.1346
0.7106
0.1467
0.7241
0.6501
7.3059
0.0022
0.1174
0.0532
0.2037
2.3614
0.7539
0.8284
6.7552
1.1056
0.304
0.192
0.014
5e-04
0
0.06
0
0
0.0655
0.0202
0
0
0
0
0.2068
0.0252
0
0
2.9392
3.2262
2.1583
5.7437
0.6256
0
0.7844
0.1913
1.1094
4.6023
0
0
0
1.21
2.9345
7.7437
6.0461
1.1763
11.7144
0
3e-04
0.0244
0.1645
0.3418
0.1084
3.3914
9.0378
0.2845
0
1.753
0
0
0
9.1582
3.0946
0.8889
0
4.2749
0
0.076
0
0
0
0
0
1.2782
6.1697
3.6108
0
0
0
0.4125
1.036
0.0544
0
2.9424
1.1425
1.6144
0.7525
0.0918
0.3449
0.7051
0.2658
4.1724
2e-04
0.0016
8e-04
7.8738
9.005
3.0839
0.3289
3e-04
0.1531
0.6988
0.9031
1.5042
3.3275
15.8548
5.8943
0
5.4218
6.8683
0
0
0
0
0
0
0.199
1.4927
6e-04
0
0.6962
0.4781
1.3846
2.0379
0.1199
1.9059
0.203
0
0
1.4808
5.0454
1.3344
0.1869
0
0
0
0.2863
1.3892
0.161
1e-04
0.0596
6.321
2.908
1.8743
0
0.16
9e-04
0.2096
5.5661
0.0013
0.0181
0.183
0.2435
0
0
0.5422
0.237
0
0
0
0
0
0
0
0.6259
6.0799
0.3086
0
0
0
0.0027
0.0834
2.1524
0
0
0
0
0
0
2.8956
0.461
0
0
0
2e-04
0.3934
1.6922
0
0.1147
3e-04
0
0.0642
0.0445
0
0
0
0
0
0
0
0
0
0.2746
4.0072
5.6991
0
0
0
0
0.1772
4.3734
4.0983
10.4579
8.1121
14.2729
0.0508
3.7529
1.6688
4.9465
18.5775
0
0
0
7.7137
8.9148
0.0024
0
2.1906
1.2372
3.0473
4.636
0
0
4e-04
0.086
0.5899
0.3389
0.0929
0.9288
4.4169
0.1559
0.4868
5.6455
11.3493
0.6174
0.0118
1.0588
12.7121
0.8583
0.0015
3.5802
0.396
30.7894
6.5453
0.0024
0
0.0055
0.4956
12.6965
7.3396
1.9616
0.3684
0
0
0
0.0023
2.7297
3.7638
9.8366
0
0
0.8743
1.3014
5e-04
0.9171
0.7078
0
0
0
0
0
0
0
0
0
0
0.2529
2.5204
0.5395
0
0
0
0
0
0.6041
0.7503
1.5905
0.0557
0
0
0
2.8619
2.6079
21.0574
0.0573
0
6.7321
2.8842
3.0009
1.4679
0.0891
0.3669
0.2643
2.475
0
0.3648
0
0.0267
1.5146
0.03
11.325
18.9339
3.9768
1.4676
4.777
0.3247
19.6253
0.241
0.0186
10.1994
0
0.5397
1.2682
0.0871
2e-04
1.895
21.4262
0.5841
0
0
0
0
0.1427
3.1309
0.3742
0.2696
0
0.9946
0.3516
0
0
0
0
0
0
0.1604
2.5412
1.2853
3e-04
2.1794
0.2669
0.1938
0.134
0.3703
0.1976
0.1089
0.8716
0.5127
0.1366
8.3944
1.6577
0.0485
0.2118
10.6723
24.1025
0.031
0
0
0
0
1.861
1.3087
0.0314
12.1439
0.0338
4.3472
0
0.0024
0.0196
2.0876
1.5649
2.3735
2.4802
0
0
0
0
0.1243
0
0
0
0.0015
0.4625
16.6911
0.3752
0
1.365
0.1589
0
0
0.604
5.7748
0
2.0507
1.5822
0.031
0
0.031
0
0
0
0.876
2.3309
2.3619
0.4998
1e-04
0.2391
0.0369
1.9713
12.2762
0
0.53
0.0395
0.1509
2.7707
0.2338
0
0
0.6062
0
1.6715
5.6005
1.8499
0.0093
0
0
0
0
0
0.0036
0.0233
1.4191
0
0.2618
8.7136
2.3788
4.3717
2.4377
0
0
0
0
0
0.9689
6.3191
8.5026
14.8824
4.1381
0.5866
2.5405
15.3303
16.3795
0.3103
0.9516
3.9543
4.2374
1.3893
0.341
0.0613
1.0145
2.5135
2.0718
3.2463
0.195
1.592
5.77
1.402
0
0
0
0
0
7.4117
2.1921
0.5185
1.4953
1.9032
0.2984
1.4612
0.9482
0.6977
0.2918
11.0976
6.3508
6.0764
0.7964
6.4055
3.3599
2.8405
3.9586
6.5364
0.1712
0.0473
0.0096
0
0
3.2995
6.0554
2.6845
1.3546
29.49
2.5991
12.7264
29.4538
0.0096
0
0.0518
0.0431
20.0079
4.3481
12.3693
7.6295
9.462
3.3579
0.0597
0
0
3.5753
0.4881
4e-04
11.3501
8.196
7.7318
6.2975
3.1783
0.8161
0.9866
5.9508
2.5067
0.0109
0.1474
0.0156
0
0
5.8182
7.8156
8.4371
0
0
8e-04
0.0118
1.8087
0.6415
0.2707
0.2002
0
1.1433
0.4255
0.4966
2.0539
1.493
0.247
0
0
0
0
0
12.2935
10.9645
0.7653
2.4917
0.968
0.2085
1.3952
7.465
8.2577
8.5362
0.404
9.8031
1.6427
0
0
0
5.9592
3.4133
0
0
0
0
0
0
0.1741
0.0286
0
3.3442
1.2403
0
0.0791
0.2572
7.4293
1.3051
1.5597
0.2501
0.1794
0.023
0
0
1.8642
1.5887
1.1053
0
17.2474
0.077
0
0
0
0.7558
4.2881
4.1361
1.6947
10.0844
0.2383
0
9.4214
13.2027
3.7891
11.1637
1.4991
0
0
0
0.4203
1.2877
0.6015
0
0
0
0
0
0
0.0024
0.1024
2e-04
0
0
0
0
0
0.001
0
7.751
0.3475
0
0
0
0
2.3381
14.5909
0.4093
26.4592
2.2031
3.1042
0.0831
0
0
0
0
0
0
0
2.2956
4.0694
0.3849
0.0916
0.3851
0
0.5755
3.6029
11.2614
2.6302
1.3301
1.205
0
0
0.9707
10.3559
17.5747
13.5029
0.5644
0.0922
0.3022
0
0
0.1558
0
0.3511
0
3.0609
0.7409
3.4266
0.0012
0
0.2413
0.2491
0.5713
0
0
1.3444
0.0299
0
2e-04
0
1.655
1e-04
1e-04
1.9876
2.9439
0.3422
0
0.169
0.967
0.8177
0.5852
0.0023
0
0
0.5297
3.5364
0.0881
2.5755
3.1206
5.7933
13.1897
0.1648
0
0.5468
6.1322
0
0
0
1.3707
1.3269
2.8444
0.2588
0.1969
0.01
0
1e-04
0.1731
4.2298
4.4439
0.0288
8.5693
1.4434
0.1752
0.0151
0.3058
2.0274
0.1019
0
0.6209
6.3928
0.5901
0
6.2089
14.5502
2.9046
9.293
1.5879
0
0.3549
0.0203
2.3278
0.3753
0
0
1.7429
12.2733
25.1434
5.2186
0.0929
0
0
0.0024
0
16.435
4.2678
2.5198
0.419
0
0
0
0
0
0
0
0
0.1977
1.2497
0.2421
6.0445
0.9338
1.7908
0
0
0.0027
0.1256
4.6536
1.9018
0.0934
4.2301
0.2593
0.0407
0.8251
0.4796
0
0
0
0
1.7283
1.8135
4.568
3.6139
9.3703
3.2155
1.1004
0.5334
0.2623
0.2897
0.4837
0.105
0
32.738
4.4848
0.5557
0
4.7623
0.1363
0
1.445
0.0028
0
10.8783
13.017
0
0
0
0
0
0
0
0
0
0
0.9403
4.1552
25.4906
7.5638
0.2503
0
0
0.0327
2.2456
4.538
7.4352
17.8707
0.5451
3.3289
15.2097
4.4715
0.1746
0.0124
3.2899
1.7003
0
0
0.5272
3.8049
22.5904
0.0585
0.9764
3.1692
0.0774
0
0.0046
2.9039
10.9805
5.5081
0.0795
0.243
2.3299
27.1346
5.8836
0
0
0.5864
0
2.2824
0.5214
0
0
0
0
0.9454
0.4184
5.7582
5.7277
1.448
0.4387
0.1506
2.1849
4.6652
6.0686
0.0275
0.1501
0
0
0
0
0
0
0.2155
16.9314
4.1531
29.1521
29.9085
6.7184
22.3919
1.3157
9e-04
0.0584
0
0.0054
3.9383
8.823
21.66
4.2881
0
0
0
0
0
0
5.1741
2.2476
0.0024
0
0
13.2588
16.0456
2.7576
3.2339
0
0
0
0
1.5846
30.7556
0.2385
0.029
0
0.0378
2.8761
9.6474
4.5122
9.5203
1.8529
0.4691
0
0
0
0
0.2391
0.9802
0
0
0
0
0
0
0.0259
2.3966
13.8664
2.5275
37.6655
0.1569
0.0057
0.842
0.0312
16.729
5.6405
7.4123
0.0031
0.0116
6.4976
1.0677
4.0975
5.4924
1.4055
0.4378
0
0
0
0
1.7738
4.6258
0.0072
0.0177
0.2024
25.855
0.2249
4e-04
1.1409
1.9674
19.2658
15.6867
4.0635
3.6913
0.4215
0.0054
0.0516
0
0.2674
16.7676
0.0561
0
0.0041
13.5405
0.3566
0
0.0567
1.2246
0
0.0562
0
0
0
0
0
0
0.3887
13.7165
1.8679
0.0016
0.7066
3.2867
4.9251
0
0.2033
0
0
1.1751
0.1508
1.0505
0
0
0.0026
0.6862
11.5839
2.0426
0.2483
0.0177
0
2.2693
3.8305
0.2505
0
0.0022
0.0517
38.6749
2.6569
0.1295
0
0
0
0
0
2e-04
0
0.0359
0.0076
15.3671
1.7055
1.8645
21.3127
1.4315
0
18.6389
5.9509
20.9069
4.425
0
0.3538
0.4814
3.662
16.7213
40.0858
0.9379
0
0
0
0.0051
1.8914
0.3318
1e-04
0.0932
0.0387
0.3379
9.9148
1.1928
0
0.158
3e-04
8.2522
0.8712
0.0297
0.5294
3.4531
4.0582
0
0.0011
0
2e-04
2.1957
1.4472
1.0728
0.1938
9.4071
0
0
0
0
0
0.253
1.2762
1.5939
0.4653
0
0
0
1.3018
3.3703
10.0043
2.336
4.1596
0.2291
2.2845
2.0334
1.7505
0
0
0
0
0
0.0018
2.6409
0.2794
0.3619
2.4332
0.5488
2.1929
7.058
6.9104
0.4135
0
0.3748
0.2601
0
0.0096
0.0687
0
0
0.0011
0.8219
8.6533
1.1383
0
0.0414
4.3226
5.2219
0.3551
0.9502
3.1699
1.5776
1.045
0.02
0.0272
0
0.487
0
6e-04
0.4249
3.817
0
0
2.6942
5.7581
1.3779
0.5451
0.0153
9.908
5.0129
4.8521
0.0672
5.7061
0.0565
12.9742
13.2943
1.4701
1.4444
0.1131
6.6899
0.2345
0.2427
0.0026
0.8004
0.4926
0.0228
0.2303
0.0125
0
0
8.8117
3.6469
0
0
0.3171
0
0
0.2082
2.4529
3.9202
0.0059
1.1143
4.7884
0.2943
0
0
0
0
4.0266
10.1689
2.914
13.1383
2.7716
0.0731
0.2023
9.1489
19.0976
4.6162
3.3958
0.6891
0
0
0
0
0
0.2365
0.7195
5.564
5.3102
0
0
1.2731
4.2706
0.2774
0.0974
0
0
7e-04
0.4202
0.4213
0
0
0
0
0
0
3.2147
3.0875
4.4652
1.7539
4.4886
1.095
0.0046
0.7164
2.4744
0
0
0
3.3674
3.0216
0.1685
0
0
0
0
0
0
5.4628
10.5842
5.6775
0.4667
0
0
0
0.0194
4.6313
1.6513
0
0
0.2099
6.2069
0.8646
0
0
0
7.4739
6.8571
0.0438
0
0.3163
0.7264
0.2475
0
4.7626
6.1393
17.7747
18.0408
10.1642
0.3299
0
0.1149
0
0
0
0
0.1668
0.0028
2.1676
0.6427
0
0
11.5095
31.0431
4e-04
0
0
0.7386
4.6329
1.23
0
0.0015
0
0
0
0.3731
2.2284
0.2201
0.6197
0.0364
0.21
0.4612
8.685
0.14
0.7929
0.3185
0.3595
0.0024
0
0
0
0.0034
0.3736
8.5647
2.0302
0.265
0.4192
0
0
6.8383
1.6681
0.8136
1.6502
1.4816
3.4602
0
0
0
2.7767
0
0
0
0.7557
4.2942
8.0558
12.5119
2.5039
0.4419
0
3.2687
2.0069
1.9612
0.3569
0.0167
0
0
0.4339
0.9147
0.0112
0
0
1.6516
1.2429
0.5294
0.0923
3.1866
3.2125
0
7.2813
5.3921
7.5281
4.4533
1.5954
0.107
1.7764
0.3359
0.3716
1.0069
1.8306
0.9986
1.6302
2.6493
3.6125
12.0087
1.0873
0
0.1631
0.1346
0.0064
0.0634
0
0.9148
1.6895
1.2832
0.6097
0.367
0.2603
0.2579
0.9645
0
0.2917
5.0774
0
3.308
0.0033
0.0136
0.0156
0
1.6775
3.1927
0.5244
0
0
0.3408
4.1059
0.1372
0
0.0621
0.3744
0.284
1.312
0.4705
0.3601
0
3.9423
33.0982
2.0922
1.6258
0.7199
0.0038
0.1223
1.9981
0.6624
0
3.7006
0.8251
2.9724
0.4115
0
0
0
0.0287
0.0819
0.4779
0
0
0
0
0
0.8369
1.6171
0
0
0.0869
0
2.1516
0.1681
10.278
1.4425
0
5.3128
7.4031
0.5042
0.1291
0.0222
0.0476
0.0551
0
0
0
2.824
3.0832
0
0
0
0
0.2303
8.2781
6.1328
1.6499
0.1742
9.4064
1.7734
0.0305
0
0.2109
0.1254
0.2301
3.8415
6.4015
8.7765
0.071
1.838
4.6657
0.031
0
2.2654
2.8596
1.5626
0
0.0848
4.3527
0.9274
5.3829
0.5582
0
0.105
0
0
0.6004
0.3416
0.3237
0.4122
2.5816
3.6081
0
0
0.0339
6.3484
23.4312
11.5745
0.9475
5.8777
13.6468
4.759
1.0064
3.7047
2.6384
0.8343
0.6715
0
0.47
2.8692
0.5087
0.7366
1.1831
0.1197
2.0781
9e-04
0
0.6387
3.7086
0
0
0.2331
0.4148
0.1678
0.9858
1.4917
5.3987
6.1099
0.1006
0
0
0.7517
4.8022
19.3914
0
0.6334
0.0237
0.0056
1.5923
18.78
1.2755
0.2746
0
0
1.4125
3.3566
0.5826
1.7268
0.1241
0
0
0
0
0
3.5216
0
0
0.4542
38.242
1.9271
0.0865
0.2152
1.085
2.8887
12.2401
2.6902
1.9734
0.1613
0
0
0.0015
1.0901
0.1435
1.3629
0.0795
3.0419
0.6401
0.0978
0.5527
1.9283
12.3774
0.3276
8.9941
30.6194
12.1454
28.6883
2.3328
24.7379
0.7216
1.1252
5.606
2.2113
0.5141
15.0231
5.9825
0.1009
9.8114
2.2708
0.1606
3.6928
8.2167
19.7305
0.4838
0
3.9621
1.5801
0
0
0.016
6.3122
2.8209
0.3587
9.737
0.1067
8.8613
1.0389
5.3185
0.6169
0.0144
0.891
4.3906
0.0031
0.0268
0.0261
0.0044
0.8751
1.8406
2.1296
16.5391
19.4269
0.035
0.6731
0
0
5.7939
8.7904
2.565
0.6154
18.4052
5.6281
5.0176
5.4523
15.1988
0.0448
0
0
0
0
0
0.4801
8.738
8.8106
0.0864
17.3762
5.9759
0
0
0
0.0275
0.4337
0.0313
1e-04
0
0
0.0124
0.015
0
0.0273
0
0.0546
0.3996
8.196
0.7503
1.0617
0.293
0
8.0519
15.7956
5.958
0.1309
0.2587
1.4731
1.0979
0.3022
0
0
0.1556
0
0
0
0
0.1738
0.1247
0.033
9.7886
16.3281
1.3874
3.9417
1.694
0.3944
0.2291
0.0451
0.7604
3.8179
12.1082
30.013
5.756
0.1369
0.0643
0.0079
0.0594
0.0959
0.0151
0.0313
7.9322
7.8498
7.9538
0.6663
3.1634
0.0213
0
0.0862
0
0
0.3927
0.7033
0.7513
0.0405
0.442
0
0
0
0
6.9206
1.4567
0.1858
1e-04
0
0
0
0.029
0.002
0.3107
7.391
0
0
0
0
0
0
0
0
5.6025
9.948
6.8101
0.0468
0.376
4.6683
20.3487
18.7978
0
0.092
1.2193
0
5.6125
0.643
2.7033
15.2973
0
0.0637
0
0
0
0
0
9.3181
4.0405
0.0833
11.3809
0.0702
0
0
0.2117
0
0
0
0
0
0
0
0
0.1111
0
0
0
0
0.2959
12.7143
1.6091
0.4104
0
7.5664
0.2404
0.0307
0
6e-04
6.7098
5.0997
0.8153
0.4106
0.2228
2.508
0.0651
0.0058
0.0528
0
0
16.3414
3.5757
0.5587
0
4.4618
1.113
3.8317
2.0003
0.4394
1.8431
0.7606
0.4357
2.3457
6.5538
0
0.2597
2.9965
1.7906
0.128
15.4472
1.8618
0
0.0293
0.1481
0.444
0.0292
0
3.7004
12.4651
0.1688
0.0493
0
0.0235
0.1544
0
0
15.3269
12.3294
1.2214
1.7299
0.2851
1.918
1.5257
11.7025
0.4345
0
2.6359
5.6085
7.335
0
0
2.1032
14.3376
8.4502
0
0
0.88
2.3443
0.0596
0
0.584
3.6303
2.4731
0.0045
0
0
0
0
0
0.6785
0.8247
0
0
0.5747
0.2723
1.1422
1.1776
0
0.1584
0.0285
2.5403
2.2831
0.5274
0
0
0.8078
10.9433
0.3851
7.1877
0.032
1.3277
0.0136
3.1497
2.3907
0
8.3309
26.12
12.3233
0.5746
0
0
0
6.0256
0.5002
0
0
0.0883
0.3342
3.8624
19.2296
0.5988
0
0.0435
5.7459
7.8814
0.2414
2.9252
0.5044
1.256
3.0835
9.3113
7.8572
0.0276
0
0.3866
2.0897
1.8779
0.214
6.1487
5.0465
12.619
0
0.7608
0.1826
0
0
0.0753
2.8433
0.01
0
0
0.1013
0.0342
1.4854
0.0848
0.1454
0.1624
1.6536
0
0
0
3.4342
2.8635
6.1281
0
0.1595
0.1695
0
0.2517
1.3944
0.9053
0.3305
0.5923
0
0.0076
0.2474
0.1464
0
8e-04
0.7072
0
0
0
0.0138
0.1233
0
0
0
0
0.0797
1.5735
1.5977
7.0205
11.0768
0.7512
0
0.2448
0.0558
0.0369
0.1946
0.9217
0
0.1448
0.0559
0.8913
5.2549
0.3989
0
0
0.3358
0.1561
0.8575
0.0224
2.75
0.8174
9.7299
18.9027
2.6625
1.4127
3.3355
2.5086
0
5.5758
0.0439
0
0
0
0
0.3619
7.6185
0.1608
0
0.0299
0
0
0
6.1307
9.3844
0
1.1825
4.3263
5.1057
0
0
0
0
0
0
0
0
6.6488
7.5186
2.9319
0
4.1301
0.2564
2.691
0.6675
0
0
0
0
0
0.0047
17.2598
21.751
5.8763
0.0038
31.4138
1.3614
0.2609
0.0404
0
0
0
0.2427
0.1716
2.6158
20.2204
1.4585
0.2653
0
0.7329
2.4928
1.7415
20.2523
5.5741
0.4033
0.2747
0
0
0.5418
0.0062
0
0
0.8073
1.2926
0
0
1.9139
0.8801
0.7207
3.0724
0.0879
0.6152
0
0.9799
0.2292
0
0
0.3296
0.1299
0.086
0.4671
0.2512
0.1835
3.4673
1.083
3.27
3.826
0.1405
0
0
0.4453
0.3776
0.1937
0.8263
0.0635
0.235
5.5133
0.0024
0
0.2438
0
0.0588
1.2264
0.3593
6.7961
1.7731
10.9234
14.4931
0.0895
0.1016
6e-04
0.4935
0
0.1136
0
0
0
0.1073
5.3996
2.2017
0
0
0.1328
0.502
0.8385
0.5332
0.0409
0.0481
0
0
0.061
0.4666
0.014
5.9734
1.2775
1.1015
1.6555
0
0
0.2461
0.008
0
0
0
0.0729
0.3745
0.635
2.6658
4.9653
0.3512
0
4.5928
0.596
0.0836
0
0
1.6121
0.0246
0
8.3857
0.1383
0
2.9713
0.0032
0
3.9732
0.4256
1.3091
0
0
0
0.1399
7.1232
8e-04
1.5827
16.3624
5.6304
0
0.4227
14.9735
8.0903
19.838
4.3601
0.0607
0.7275
0.214
0
0
0
0
0
0
0
0
0
0.3801
3.2426
0.9145
0.5887
7.2277
5.0282
0
0.0326
0.071
0.208
1.371
6.7485
1.8378
0.0366
0
0.4163
4.1837
0
0.1312
3.0045
1.0497
0
0
0
0
0
0
0
1.1499
11.0475
3.8389
0
0
0
0
0
4.7935
0
0
0
0
0
0
0.7966
0
0
2e-04
0.7619
2.7325
0.4122
2.1009
0.5342
0.3392
0.0029
0
4.419
8.2142
0.1241
3.3603
28.6714
9.6281
15.1881
4.2643
1e-04
12.5995
0.7293
0
4.7313
2.4544
0
0.8394
0.171
3.4117
12.966
2.9261
0
0
0
1.9308
1.9732
0.128
0
0.0452
0.0294
0.0332
0.0128
0.8643
7.4193
0.2638
0.1707
0.444
0
3.6823
12.1378
2.7828
3.0582
0
0.1605
1.5744
1.7771
8.6787
7.7773
0
0
0.1004
0.1663
0.1205
1.9369
1.4351
26.2015
15.5119
0
0
4e-04
0
0.8416
10.3202
10.6924
0.6476
0
0.351
2.145
0.1578
0.4048
2.3133
2.739
0.2389
1.21
0.0285
0.001
0
0
0
2.2657
4.0416
0
2.0827
0
0
0
0
1.646
0
0.9082
7.4297
0.5755
0
0
0
0
0
0.4303
7.3544
3.1199
2.1293
0.9134
0.7217
0
0.3248
0.0073
0
0
0
0
0.3232
0.7021
4.5062
0.0158
0
0
0.0458
0.0427
0
0
0
0.0048
2.3692
0.0547
0
0
0
0.757
1.6894
0
0
0
0
0
1.5657
7.1964
0.5995
0
2.7358
3.9422
5.5342
1e-04
0
14.5172
4.0615
0
0
0
0.0539
0.0069
0.2559
0
0
0
0
0.609
0
0
0
0
0
9.1692
6.7655
0
0
0
0
0
0.7713
9.6066
0.8422
14.1437
1.1853
12.291
6.1266
3.3528
0.6118
0
0
0.962
3.3237
7.7072
0
0
0
0
0
0
0
0
0
0
0
0
0
1.3963
2.7195
0.1078
0
0
0.6682
3.3624
6.8371
0
0.0231
0.0066
1.9033
1.1253
0.8781
4.9924
23.5115
10.3521
0.5484
0.1307
2.4889
27.1783
5.7
2.2934
0.8847
0.4705
0
0.0294
0
0.0288
0.0022
0
0
0.2427
0
0
0.4085
0
0
0
0.0354
2e-04
0.0591
0
0
0
0
2.1558
0.8294
0
0
0
0.0131
0.0431
0.0018
1.4329
1.0363
0
0
9.1251
7.6418
0
0
0
0
1.8524
1.7415
16.5151
14.8134
0.2408
0.14
0
0
0
0
0
0
0
0
1e-04
1.1599
1.5424
0
0
0
0
0
1.3414
1.5114
0.0182
0.0475
0.3341
0.1936
0.2419
0.3356
2.9017
0.146
0.0462
0
8.6754
18.6884
16.1471
0.2465
13.8294
0.5272
0.0112
0.0274
0
3.4147
9.7725
1.2732
2.73
31.8814
0
0
0.0125
0.9502
0
0
0
0
3.7489
0.135
1.3164
0.0048
0.6026
4.6233
0
0
0
12.1715
5.542
4.676
0
0.2064
3.5367
0
0.027
6.0241
19.7865
7.6851
0
0
0
0.2782
9.7789
11.38
0.1281
0.0648
15.8044
6.7238
0.0088
0.0178
7.3271
6.4287
8.8246
0.1761
0
0.3806
0.4611
2.8749
0
9.7217
1.3495
0.8547
0
0.8508
1.7338
0
0
0
0
0
3.1746
2.2174
0.3971
1.2736
1.7032
5.3929
20.7737
4.6376
15.0023
5.6921
0.5058
0
0
0.0066
1.5802
4.8545
0.1685
2e-04
0.0843
0.0793
0
0
0.2228
9.1723
0.0024
1.4983
14.728
0
0
1.9421
6.5428
1.4022
10.2254
0.8896
2.4973
8.2037
6.97
5.2569
0.0023
0.0016
0
7.2015
7.4063
0.7665
16.2582
21.1021
3.065
0.6354
17.2213
6.3506
4.6751
0
0.4307
0
0
2.3469
0.0469
10.523
14.2807
0
0.0014
0
0
0
0
0
0
0
0
0
0
0
0
0
0
0
0
0
0.0801
2.8345
0.684
0
0.4528
4.0618
1.1627
6.4077
0.0294
0.0592
2.2072
1e-04
0
10.6509
0.6153
1.8393
2e-04
0
0
0
0
0
0
0
0
0
20.386
5.8258
42.0347
10.8545
0.1053
0
0
0
0
0
0
2.8677
0.2228
0
0
0
0.1593
3.5223
1.7652
0.8611
1e-04
0.0571
0.0284
0.0092
8.8009
1.2771
0.8535
0.394
4.6279
2.0977
13.5685
0.5556
0
1e-04
0.3222
13.8226
0.1095
0.0766
4.0763
32.3029
0.3835
0.283
0.0759
0
0.7208
1.4965
4.4533
0
0.0613
0.2041
0.1186
0
0
0
0
0.0533
0.1284
0
0.0121
0.1224
0.3951
0.5814
0
0.0352
0.002
0
0.2456
1.1771
0
0
0.8406
2.0509
6.1354
0.004
0
0
5.6738
11.2673
0.4974
0.0697
0.1225
0
1.996
1.0524
0.0351
0.0952
0
0
0.2478
0.3155
0.9549
5.1955
7.6551
0.0348
0.3066
0.1691
1.8667
0.6564
3.2175
0.8016
0.5894
4.3953
0.0052
0
0.4047
0.4115
5.3443
2.2546
12.9711
0
0
0
10.1651
10.9981
0.3697
2.1892
2.5679
0
0.2312
0.4862
0.9631
0
0
0
0
0
0
0.5391
3.6124
0.3296
0.3294
0.7067
0.5634
0
2.4423
0.2967
0.1099
0.0593
0.697
0.1804
1.0143
0.0489
0.0338
0
0
0
9.6671
21.0863
6.8657
0.175
0.0128
0.0646
0.8726
0.6875
13.7939
5.5571
0.7101
0.0617
0.3672
0
0
0
0
0
0.487
0
0
0
24.3878
16.1948
1.976
0.0383
0
0.2561
0.4727
0.0428
0
0.216
0.3047
2.6144
4.5168
18.5718
0.0023
0
1.6836
0.7896
0
0.0618
0
0.2035
0.2234
0
1.2746
3.9738
0.5976
6.3936
4.6957
0.3458
0
1.5504
13.4401
0.004
16.2788
32.908
1.0892
0.6313
4.3219
0.5243
2.1176
18.0423
18.0186
2.4325
0.556
0.6805
8.9365
3.6678
2.2886
0.1077
2.3201
12.0508
18.6031
13.3257
0.6088
0.0046
5e-04
7.6796
2.9991
10.1716
0.0064
0
0.4196
2.7337
0.1281
0.9258
4.065
1.7714
2.0177
12.409
0.6482
2.6732
0
0
0.1787
6.6516
6.4034
7.1338
2.7304
10.8989
18.4945
7.0477
3.3765
1.7451
8.9004
5.5615
0.8407
1.2984
0.0261
0.2968
1.7803
6.9912
5.0864
1.2801
0
0.0787
1.6857
13.238
1.3551
0.0323
0
0
0
0
0
0
0
0
0
0
0.4773
0
0
0.7893
0
0
0.151
2.9909
21.438
2.1331
0.0041
17.3518
0.4256
0
0.0586
0.4712
0
0.5184
0.9817
0.243
0.012
2.2925
13.4657
15.6914
2.0236
4.0216
0.1269
0
0
0
0
0
0.0012
0
0
0
0
0.1413
1.8773
1.3376
0.3014
0
0
0.1079
0.2283
0.1951
3.2981
4.216
0.7908
0
0
0
0.0576
0
0
0
0
0
0
0.0388
0
6.6664
27.4585
0
6.7524
1.1951
0.113
10.3506
0.2057
0.3856
4.0508
5.8499
10.1805
0
0
0
6.7139
12.1557
0.1681
0.3368
0
4.4956
13.4311
41.5858
0
0
0
0.1615
0.0056
0
0
0
0
0
8.5603
1.2237
2e-04
2e-04
0
0
0
0
0.6102
22.21
2.8152
2.0943
0.7355
0
6.7988
0.5115
0
0.4429
0.0564
1.4138
0.5755
10.5031
6e-04
0
0
0
0
0.056
0.9683
5.3692
8.402
6.5263
2.8093
1.1443
0
0
0
0
0.6581
1.7387
0.6541
0
0
7e-04
0
0.6888
0.9693
21.7981
15.0399
0.0019
0.6289
1.1089
5.0769
12.5768
0.9238
0.7307
1.0646
0.3617
0.6735
0.2388
0
1.235
0
36.6416
4.2219
1.5303
0
0
9.8342
24.9188
0.091
0.0472
0
0
1.3008
8.9295
9.9537
0
0.5813
0
0
0
0
0
0.268
0.8134
0.1352
0.3112
7.6105
0.0108
0
0
3.263
0.8871
0.0394
0
0
0
2.318
6.2023
0
0
0
0.0584
0
8.5816
0.7972
4.5866
2.5961
0
12.9711
3.1989
0
0
0.0302
0
0
0
19.156
1.9507
0
0.3102
0.9497
0
0.0627
2.2226
1.1123
0.1157
1.0848
0.6383
3.1186
0
0.4787
0.4507
0.9476
1.37
0.0042
0
0
0
6.0885
36.6832
0.0084
2.5216
12.8888
0.2382
0.013
13.1022
3.7544
0
4.0635
2.9137
2.6597
0
0
1.1073
18.9138
0.0582
0
0
1.0131
0
0.2866
0
1.0548
1.1523
0
6.2006
1.8705
0
1.7265
9.7771
4.7352
0.9223
0
0
0.0328
2.1737
6.9511
0
0
0
0.0592
0
0.4108
23.4326
0.9653
0
0
4.1139
2.0931
0
0
0
0.76
1.3691
0
0.2622
0.6844
0
2.4869
4.7532
0
0.021
7.087
3.9592
22.2296
2.518
4.373
3.046
0
9.1603
0.6634
0.8008
0.0024
1.253
0.444
1.0018
3.3502
0
0.3852
12.6657
20.6365
0.0638
0.5467
0
0
0
52.7415
0
0
0.0847
9.6884
8.8565
33.9252
25.9389
5.1661
0.2059
0
0
0
0
0
0
0
0
7.8599
1.3379
0
0.2079
0.2902
0.0127
12.1241
7e-04
0
0
12.166
0
2.3872
0
27.0663
0
0
11.5312
1.0182
4.3402
0.0849
0.3382
0
0
0
1.2903
1.2615
35.7754
0
0
0
0
0.9575
0.2503
0
0.4768
0.4981
1.9914
0.2456
0.2636
11.7579
1.6269
0.4481
0
7.1187
12.8366
2.9093
0
0
0
0
5.1588
0.1964
8.6081
0.4424
0
0
0
0
0
1.949
4.0449
12.1605
0
10.3708
7.09
30.8034
1.857
0.6052
2.7196
1.1045
1.2285
1.8609
8.8265
0.8915
0
0
0
0
0.0724
0.1082
0.0428
1.2603
1.5517
0
0.036
0.4913
0
2.8698
0.1118
26.6296
0.0017
0.0656
0
0
0
0
0.7404
0.9808
0.6028
27.0803
0
0
2.4658
0
0
0
0
0
0.6185
0.6423
0.5355
0.0258
0.3307
0
0.2821
0
0
0.9703
0.6315
0.738
0
0
0.2818
7.6467
0
0.0256
0
0
0
0
0
0
0
1.8531
2.3777
17.6298
1.9915
0
0
0
0.1082
0.8017
1.3404
3.1381
0.4544
0
0.0032
0.8785
0.0836
0.4276
0.2259
0.5572
0.8855
0.1367
11.5405
2.0464
0.4222
0
0
0
0
2.381
7.6422
0.4512
0
0.0285
0.0578
0
14.3528
3.8811
1.2617
0.017
2.4326
1.9107
4.6017
1.2315
2.4726
0.0068
0
0.7243
17.772
0.4728
0
0
0
0
0
0
0
0
0
0.0412
9.2076
3.1885
4.2021
9.31
0.5182
0
0.1156
0
2.3786
0
0
0
0
8.3261
0
7.4627
41.5875
15.4804
3.7536
0
0
0.2126
1.4537
0.1795
2.3266
0.1851
0.2693
0.3582
0.1161
0
1.2804
0.4383
6.2125
0.6219
0
0
0
0
0.3333
0.3904
0
0
0
0
0.1657
0
0
0
0
0
0
4.9341
4.8138
0
0
1.0518
13.3677
20.7008
13.3109
1.4573
1.5157
0.2132
0
1e-04
0.4685
0.0279
0
1.5064
0.7031
2.0709
0.0064
4.1186
0.9369
0
0
0
6.6713
12.72
2.1492
0.4472
0
0
0.06
0
0
3.287
5.0143
0.1901
13.2938
15.6791
0.0514
0.0012
0.0259
0
0
0
8.3817
0.4455
0
0
7.7734
0.1615
0
0
0
0.5148
0.419
13.2943
16.601
1.1584
0
0
0
10.0824
0.1258
26.8161
8.4828
0
10.3257
0.3371
0.1104
0.2363
0.0064
0.4933
0.0137
14.7499
0
0
4.3266
3.2184
4.1063
8.6809
7.0638
3.5909
0.8654
0
3.1586
9.648
0.3199
0
0.1025
0
0
0
0
0
0
0
0
0
0
0
0
2.046
0.0417
0
0.1233
0
0.0939
0.302
7.3428
0.435
0.3724
1.0104
1.6303
2.3382
0
0.0066
0
1.3587
6.739
6.3949
26.9909
28.1514
1.9318
3.6436
2.9283
0.0275
0
7.9284
0
2.8788
0.0995
8e-04
0
4.2155
2.3965
34.9368
33.3265
16.2844
8.4776
0.1282
0
0
3.4603
0
0
3.6528
1.5426
1.6066
0
0
0
0
0.3794
0.0667
1.1813
0.2293
0
0.4343
11.7535
6.4991
32.6909
19.7789
0.0554
0
0.0264
0
0
0
0
0
0
0.3652
0
3.2263
28.2131
0.8352
9.3186
2.1895
3.0123
5.3048
0.0122
0
0
0
0
0.151
0
5.0905
0
0
0
0.6117
0.0722
43.8635
32.1223
0.0862
0
4.8154
1.3751
0
0
0.018
0.039
0
0.7523
0
0
4.6686
2.0887
0.031
0
0
0
0
0
0.2853
0
0
0
0.6075
0.7935
15.4621
0.0932
0.0427
0.1418
0.3693
0.0035
0
0
0
0.2524
0.0518
0.878
14.7488
0.2534
0
6.8777
7.765
1.9106
0.015
0
0
0
0
0
0
0
0.0092
10.4627
0.1074
0.9896
2.7873
1.0951
0
0
0
0
0.0256
0.1329
0.0409
5.6563
0.0053
0.022
0
0
0
0
0
0
0
0
20.9637
0.1181
0
0
0
0
0
0
0
0
2.2539
0
0.0166
0.0365
0
1.7584
4.8944
0
0
0
0.5583
1.6098
0
0
0.3517
3.3424
0.0181
5.6534
3e-04
0
0
0.3515
0
0.3038
0
0
0.6175
1.3398
0.0499
0.4322
3.0391
10.0854
11.0832
0
0
0
0
0
4.0292
3.2797
0.2154
0.5266
0.0346
7.8831
9.3569
0.0296
0.0213
0.2211
3.3801
3.6366
4.7601
0.4334
0.0108
9.232
12.106
1.7475
1.2304
0
0.6659
4.1025
0.0612
0
1.5149
12.7741
4.0489
0.2428
1.7653
0
0
0
0
1.4885
0
5.2258
1.15
0.2219
1.0669
0
0.4404
13.3306
0.1314
0
0
0
7.6728
0.4061
0
0
6e-04
2.6286
0
0.0033
0.38
0.4363
0
0
0.631
2.8742
0.1824
10.0115
6.621
1.6143
3.9262
10.1889
0
0.0702
18.617
0.6991
5.7541
2.5485
0
0
0
0
0
0
0
0
0
0
0
0
0
0
0
0
0
0
0
0
0
0
4.8689
0.0518
1.8227
4.6169
0
0.4814
0
0
34.4903
0
13.4886
1.6427
0
0
6.4229
17.4701
7.0282
3.3647
2.1757
4.6431
1.8171
4.1057
16.8384
0.2475
0
0
0
0
0
0
0
0
0
0
0
0.3435
0
2.0347
1.0729
0
0
0
7.5485
2.2094
0
0
0
1.4943
0.0515
0
0.2784
14.0382
6.2428
10.5097
0.0535
0
0
0
0
0
8.832
7.3541
5.126
0
0.0352
0
0
0
0
0
4.6961
6.2938
17.7695
1e-04
15.803
0
0
3.8754
0
0
0
0
0
0
0.026
0.0014
1.0801
9.5808
1.3913
0.6731
4e-04
9.0284
5.9429
0
0
0
12.6864
0.0483
0
8.7003
1.4341
0
0
0
0.1657
0
0
0.1875
5.3796
10.1987
0.2951
12.7008
2.2289
3.6156
6.3322
0.8015
0.5156
0.4974
6.6955
0.1312
0.2809
1.2748
18.2011
12.7127
0
1.5793
0.8455
0.0272
4.2383
11.5113
0.009
3.0027
0
0.0154
4.4144
10.9058
0.0317
0
0
0
2.9929
0.0549
3e-04
0.3493
0.3141
9.4292
5.194
5.0827
0.6113
1.154
0
0
0
0
10.1103
0.0014
0
3e-04
5.1848
1.4494
0.2041
1.0476
0
0
0
2.0653
0
0
0
0.0075
2.0134
0
4.4842
0.2346
0
0
4.2909
0
0.475
1.5395
0.0913
28.1175
3.3456
0
0.0307
0
12.8591
0
0
0
2.235
14.6723
1.4841
0.0733
0
13.7945
0.0887
0
1.0128
8.5029
0.1932
0
0
0
0
0.727
0.1602
0.0304
0
0
0
0
0
0
0
35.3933
6.8974
0.104
8.2034
0
0
0.2391
0
0
0.2973
0
0
0
0
0
0
0
0.1572
1.236
0
0
0.1224
0.445
0.1292
10.0049
0.1024
0
0
0
0
0.0312
0.4402
0.3613
11.0689
0.4931
0.1256
0
0
17.0806
0
0.2867
5.5583
22.3737
1.7273
0.4632
0
0
0
0.9457
0
0
0
0
0
0
0
0.5825
0.0025
0.0684
0
0
0
14.5633
19.1241
0.0724
0
0
0
0
2.0114
0.0278
0
0.9695
0
0
0
0
1.6966
0.3271
6.0193
0.0096
0
1.1168
0
0
0.0304
0
0.0294
1e-04
4.8618
0.0305
0
0.0015
3.8191
0.9077
0
0
0
0
0
4.8762
12.4555
0
3.0785
3.8145
0.0642
0.0034
0
10.9589
0.1621
0.0256
0
0
1.8499
0.0315
7.9481
0
6.4216
0
0
0.7582
0
0
0
0
0
0
0
0
0
8.1144
0.9619
0
0
0
7.935
0.1421
0.0072
5.2139
12.6192
0.3143
0
0
0
0.275
0
13.0986
3.2833
2.0353
0
0
0
6.7674
8.987
4.2085
0.0012
0
8.8696
34.1778
0
0
0.9635
0
1.492
0
0
0.3834
3.8194
0.7162
0.305
5.3788
13.6718
0.4921
0
0
0
0
0
0
0
0
10.1151
11.9214
0
0.7492
4.871
0.0027
0
1.355
0.27
11.3831
0
0
1.8234
0
0
0.3598
0.4828
0.2883
37.898
0
0.5342
0.5534
9.9476
1.0008
0
0.0052
3.2337
40.6073
1.7189
2.3678
0
0
0
0
0
26.4758
6.8213
0
0
0
0.2979
0.3705
2.2701
17.2539
3.6743
16.2101
9.4125
5.2537
11.7145
0
0.0096
17.8796
1.9543
0
8.3757
11.309
0.0986
0.4331
0
2.4024
0
0
0
32.2623
0.1851
0
0
0
0
0
5.4831
3.8656
0
0
10.6387
6.6019
2.0505
0.0272
1.698
0.172
0.0072
0
0
0
0
0
0
0
2.7165
17.5555
10.0273
8.1972
2.1301
7.6794
1.7936
0.0172
0
24.16
26.5257
0
0.4318
0.0016
0
0
0
0
0.0311
0
3.0246
6.817
0.3153
0
0
0
20.4784
8.8809
1e-04
0.0307
11.2153
0
0
0
0
0
0
0.0052
1.9883
0
0
0
0
0
22.7145
2.2519
6.2409
0.3694
1.6408
4.7009
0
0
0
0
2.6493
17.1162
0
27.2786
5.9378
2.9062
0.3445
0
0
0
0
0
0
0
6.9678
22.4341
4.7214
0.5451
0.8495
0
0
0
0
0
0
5.5152
0
4.3261
0.0664
1e-04
0
0
0
0
10.8168
0.1837
3e-04
0.394
0.0957
0
0
0
0
4e-04
1.655
0
0
0
5.3042
0.5445
11.5188
8.9619
0.0678
5e-04
0.8568
0
0.6538
0
0.2302
0
0
0.5309
0.2282
0
0
0
5.5262
1.8346
3.2449
0.0395
2.8743
0.7572
0.1462
0
0
0
0.1381
0.097
7.0217
0.001
0
0.4541
11.963
5.2094
2.1496
8.6107
0
16.9176
5.1903
0.0037
1.3784
0.0838
0.3309
0.2974
2e-04
0.1535
0.0152
0.1651
0.3975
0.3977
0
3.9406
0
0
0
0.3235
0.3254
2.3489
0
0
0.1377
0
0
0
0
0
1.0032
0.5848
0
0
0
0.1069
0
0
0
0
0
0.6317
0
3.6554
0.1789
0.201
9.147
1.7081
0
0.0847
0
0.4146
1.4024
1.1458
0
2.3382
8.7899
7.8453
0
0
0.0248
13.3692
2.7617
1.5738
0
0
0
0.0569
0.0035
1.527
0
1.2388
2.4334
0
0
0
0
0.0376
0
0.036
0.0054
2.3842
0
0
0.3475
5e-04
1.1089
2.5774
10.4225
0.0258
0
10.2384
1.7845
0
0
0
0.2941
0
0
0
1.4548
0.1204
0.0579
0.0342
0
0
0
6.8371
0.9107
0
0
0
35.1322
0.2066
0.7395
4.7488
3.9087
12.0884
0.31
0
0.0364
12.1123
0.1127
1.2198
0
0
17.026
0.8836
6.6754
0
0.1985
0
0
0.0341
0
0
0
0.4651
0.0056
0
0
0
0
0
7.3243
0
0
0.0955
17.4356
0
0
24.4764
13.7879
1.1046
4.5374
0.0825
0
8.1592
3.3766
0.5298
4.937
5.8051
9.1594
7.7195
0
4.9956
0
0
5.9974
6.3539
0.3042
1.5408
1.3604
17.4711
0.4607
0.1298
6e-04
0.1529
0.126
0.3747
1e-04
0
0.6371
6.3134
0
0.1058
0
0.9965
4.2312
10.8429
2.7608
0.0054
0
0
1.3475
0.7573
1.1173
1.4093
3.7458
0
1.5566
4.6533
0.4137
0
2e-04
1.4751
0.7578
4.232
0.1147
0
0
0
0
0
0.0042
6.118
2.0515
0.0014
1.8745
13.522
0.0692
0
21.099
0.242
0
0
2.2917
3.1809
0
0
0.0011
23.1595
0.1665
0.048
0
0.0532
0
12.8177
1.9079
0
11.7801
9e-04
0
0
1.4781
0.1755
1e-04
10.2934
0.7246
0
2.5441
10.8112
0.0513
0.5653
4.9368
2.3168
0.0013
0.0717
0
5.5829
2e-04
0
0
0.0664
0
0.0374
3.0978
4.2768
7.0352
20.2929
0
0
0.3484
4.5913
0
0
0
6.034
11.2859
3.0278
9.7322
0.7637
0.0792
8.8207
1.3046
0.5202
1.1865
0.1075
0.1801
0
0
0
0
0.7608
20.0294
11.9231
0
0
0
0
0.6973
16.1381
0.7502
18.8134
2.0037
14.0175
1.3142
0
0
0
4.925
6.5292
18.4858
10.5476
9.7978
0.6985
0.087
0
0
0
0.0963
0
5.2475
0.137
0
0
0
0
3.2266
0.2234
0
0
0
0
0.0198
1.1329
0
0
0
4.8594
0.2362
0
0
0
0.6783
4.7282
0
5.7641
10.2083
10.7217
18.6551
0.0361
0
0
0.4354
0
0.417
0.0088
0.2554
0.2513
0
0
0.0786
4.981
17.5872
0.5172
1.956
22.9599
6.3951
0.5282
0.2658
0
0
2.4673
0.323
0
0.3614
0
1.9831
0.5035
0.0409
0.0831
0
0
0
0
0
5.6993
1.1539
0
0
0
0
0.4098
1.3121
0.0125
0.5094
0
0
0
0.1847
0
0.0416
0
0.7008
5.3912
0
0
0
0
0.3858
20.1351
11.0558
17.0831
0
0
0
0
0
0
0
0
5.5106
6.2093
0.0388
0
0
0
0.4863
0.3113
0
0.5158
6.9118
0.3146
1.1018
0
0
0
7.1297
0.8862
0.004
0
0.6317
11.0015
0
0
0.0969
0
0.0376
9.2086
0
0
0.1665
0
0
3.6677
8.6863
0.0425
9e-04
0
4.4089
0.8771
0.0387
0.4239
4.0373
6.9768
8.6167
2e-04
0.2755
4.6982
7.5408
0
3.5981
6.9033
12.4216
0
0.2858
1.0381
0
11.0775
8.1948
0
0
7.3885
18.88
10.5292
0.002
0
0
0
0.6771
10.1741
5.6112
0.3739
0.0551
0
1.1422
0
1.4764
10.9775
0.1814
0.2506
0.001
25.4678
0
0
0
3.9614
1.8797
7.283
1.7366
0
1.3072
16.8663
20.3989
0.2669
0.349
2.4008
6.3301
2.9203
0.5217
0.6497
0
0
0.0432
1.632
1.9001
5.1232
0
4.6218
3.9725
5.2599
0.5827
0
0
8.5147
16.7558
16.9537
10.6083
7e-04
0
0.0408
0
0.0596
7.4771
0.0254
10.536
0.4812
0.4857
0.561
0.9786
0.1518
0
1.7016
0.1883
0
0
0.0821
3.4789
3.4413
0
0
0
0
0
0
3.2985
0
0
0
0
3.6754
2.6757
0
0
0
0
0
0
0
0.9491
3.0614
0.4529
0.2429
0.2748
5.8662
0
0
4.2579
7.7589
0.2028
7.9517
1.4225
0
0
0
9e-04
0.6291
4.6265
0
0
0
0
0
0
1.8203
0.027
3.9342
2.1551
5.4143
3.0294
0
15.678
0.3241
0
2.9672
24.5983
6.8956
0
0.0784
0
0
0
0.0332
0
0
5.4618
0.2537
2e-04
0
0
0
0
0
0
0
0
0
11.1105
5.1075
0
0.0023
1.7898
1.4347
27.6097
11.3419
0.1959
0.0231
0
0
2e-04
56.6145
0.0029
0.0895
0
0
0
0.1051
7.9578
0.2222
0
0
0
0
0
1e-04
0
0.6424
0
0
0.1387
0
0.0509
11.2516
0
0
0
0.4625
0.0414
17.2985
1.7072
0
0
6.0594
0.1445
0.0646
0
0
0
1.12
7.1921
1.0345
2e-04
2e-04
0
14.3409
16.1997
0.1395
0
0.0521
0.4875
4.3939
0.2031
0
3.7551
0
3.2044
12.7624
0.5906
0.6223
0.0091
3.1809
0.6215
0
6e-04
1.2239
0.2319
1.4254
0
0
0.1751
0
0
0
0
0
1.9877
0
0.8826
7.861
0
0
0.3981
1.9151
17.4148
4.1193
0.4401
0.4304
0
0.6147
9.4922
0
0
0.2232
1.1583
9.9423
8.8512
4.4925
3.8832
0.0077
6e-04
2.1751
2.1631
0
0
0
0.6038
0.0419
0
0
0.1593
0.0071
0
0
0
0
0.6051
0
0
0.258
0.0416
0
3.3854
0
0.4751
7.8252
5e-04
0.2684
0.4661
4e-04
0.0783
4.2591
0.7777
0
0.4107
0
0.2567
1.1129
0
0.2409
0
0.1687
1.4305
1e-04
2.6659
0.3763
0.9214
0
0.0808
18.0393
4.6724
2.157
4e-04
0
0
0
0.1683
1.3765
0
5e-04
5.1951
0.9876
0
0.1422
4.6899
3e-04
0
0.0028
19.823
0
0
0
0
0
1.3318
1.0169
6.7779
0
0
0
1.9269
6.4341
0
0
15.2261
0
0.3493
1.6343
0
0
17.4279
16.577
0.0615
15.632
0.4274
0
0
0
0
0
0
0
0
0.4417
1.5752
0.4169
2.3357
3.9548
0.2012
0
0
0.0065
0.5335
0
0
2.4026
0.073
4.4447
15.8345
0.4146
0.1037
19.1561
0.1917
9.378
11.6883
23.638
12.3029
4.5593
4.8352
0.4147
0.0663
7.6349
5.8874
7e-04
0
0
15.6854
0.3824
0
0
1e-04
0
0
1.0448
3.3797
1.4366
9e-04
13.1197
0
0
9.2851
0.3391
0.0821
0.0833
1.7006
29.4058
0.1177
0.4257
14.4866
22.4039
3.0799
6.8903
0.706
0
11.369
0.3928
1.5593
0
0
0
0
0
0
5.208
2.6039
0.119
1.7764
5.8013
16.1271
7.1182
0.0011
2.8151
8.3625
0.5845
16.4237
30.858
11.2841
3.9606
2.0607
0.0872
0
0.1317
0.7177
0.4116
0
0.196
0
0.3066
35.2766
3.7699
1.1986
0.0449
0
0
19.0822
2.1773
0
0
0
0.1609
20.9594
9.5561
5.6837
2.0133
1.7484
1.4849
0.0192
0.1975
0
0.0037
0.1006
0
6e-04
2.3988
4.99
2.2664
1e-04
0
0
0
2.8091
0
0
0
8.1606
10.5218
0
2.7849
12.487
2.6466
43.1609
3.4723
2.0342
0
0
0
0
0
0
0.0733
0
0
0
2.0237
6.9267
0.0367
0
0
22.7638
0.3215
0
21.2829
0.7518
2.817
3.4485
1.1448
42.2269
2.2933
0.8096
0.531
0
0
1.8353
4.8694
0
0
0
0
0
2.7774
0
0
0
20.635
5.8349
1.881
0.0974
0
0
0
0
0.0028
0
0
1.4265
20.4514
0.0937
1.9594
2.5529
0
0.0038
2.2039
0.003
4e-04
0
0.0876
0.5157
0
0
0
0
3.6362
6.6716
1.8557
0
0.7698
0.1749
1.6974
6.128
5.5468
0
0
0
0
5.4982
0
0
26.926
15.1769
0.2129
0.0495
0
0
0
0
14.6092
0.3037
0
0.0522
0.7863
13.3839
0.7888
0.0389
0
6.0535
0
2.3549
0.1134
5e-04
0.5738
1.6847
0
0
17.3119
1.8901
1.5996
0
0
0
7.1363
11.7438
0
0.0534
4.4697
1.6622
23.6357
3.5733
0
0
0
0
0
0
7e-04
0.1144
0.5038
1.014
2e-04
3.4602
0.0843
0.1593
0
0
0
1.5507
1.3961
0.034
6.6036
7.9617
0.0358
0
0.6202
0
0
0.0034
7.2638
0
4.6931
1.9405
1.0366
0.3969
0
0
0
0
0
0
0
0
0
0
0
2.3771
1.2211
0
0.2476
0.812
0
0
0
0
0
5.8025
0.2239
1e-04
8.0017
5.7904
1e-04
0.8556
0.4408
0.0017
0
0.333
0.079
0
1.4845
0
6.0059
0.7213
3.0291
2.0309
8.9312
0.0243
0.9648
0
2.5147
2.0638
10.8494
6.9952
0
1.2668
24.1953
3.4776
2.0056
5.9954
0.3031
0.2738
0
0
0
2.8617
0
0
0.261
4.1141
8.1294
5.7356
0
0
0.6416
1.2193
0.1773
0.1694
6.0198
1.8912
1.7653
0
6.2977
0.9425
0.7491
0
0
7.1938
8.7655
22.6898
0.1461
0
0.0381
0
12.9543
0
0.2788
1.4558
1.0348
2.0399
1.4532
3.2323
16.3277
0
3.2629
21.3306
4.747
0.5734
53.3187
0.895
0.3622
2.8222
0.211
0.1086
0.1649
3.3139
0.2841
3.0211
33.0632
0.3484
4.1932
0.3784
0
0
0
0
0
7.141
7.0072
29.5218
9.5904
0
9.8855
4.3056
3.7899
0.5169
5.1774
0.4108
0
0
1.5351
0
4.7827
2.9923
0.0127
0
10.2403
0.0198
0
0
0.2401
0.0659
8.1444
0.0034
0.5583
3.3554
0
0
0.1396
3.8981
8.3076
0.1316
0
0.9472
0.0033
15.2293
3.8799
0.0057
1.4779
0
7.3779
3.5599
0
2.0703
4.6302
2.8109
0.0011
0
3.6027
14.0703
0
0.0344
0
12.4694
0.7979
0
0.7915
0
0
0
0
0
0
0
4.8056
0.0247
0
7.9327
17.7927
22.1738
0.8491
0.3737
0
0
0
1.9546
6.2828
11.8589
6.1464
0.0386
0
2e-04
0
0.8324
0.4842
0.2016
0
0.282
22.5517
4.0087
0
0
0.0461
2e-04
0
0
7.4514
12.8628
0
0
0
0
0
0
0
0
0
0
0
1.7593
0.0624
0
1.2009
0
0
0
0
0
0
0
0
0
0
7.0755
0.0447
15.3137
0.7494
0.0021
13.314
0.9115
0.5707
0.0421
0.1418
4.1628
5.4672
0
0.0344
0.4918
0.163
5.5745
1.1956
0
1.1321
20.2745
0.8988
14.3368
0.2594
0
0
0
0
0
1.7551
1.9163
0
0
0
3.0697
4.7722
1.5864
13.3138
2.131
0.2689
0
0
14.0419
6.6187
0.1014
0.0266
2.515
0.8871
6.441
7.1168
0
0
0
0
1.4656
6.4025
2.2786
2.6488
1.9382
2.0256
1.3331
1.3531
1.6962
0.001
8e-04
0
0.0073
2.8516
0
0
11.4493
21.5134
0
0.23
0.0198
0.135
0
0
0
2.5884
0
3.1607
21.9055
4.4673
26.8727
16.1056
0.0224
8.6378
0
0
10.5954
29.8625
11.498
7.4174
0
0.8278
0
0
1.9259
0.5808
0.1866
6.7728
0.0363
0
0
4e-04
0
0
1.7921
0.9255
0.0365
0
0.0264
0.2348
0
0
0
3.5461
8.8136
4.6227
0.197
0
0
0.2541
3.1381
0
9.4037
0.3287
0.0148
0.0371
3.7682
3.0887
0.1996
5e-04
0.7159
0.0987
0.0095
0
5.3043
3.041
0.4062
1.0056
0.1333
0
0
1.3696
0
0.1069
0.1789
2.7393
2.2241
0.5028
0
0
0
0
0
5.7924
0.5769
0
0
15.09
0
3.9447
2.6279
0.4273
7.9115
0
0
0
0.3118
20.6344
3.2099
0
0
0
2.8152
0
0.002
0
0
0
0
0
0
0
2.6517
0.0023
0.0653
7.3354
7.2327
9.5673
29.3689
8.8218
3.771
12.6098
1.8513
0.0024
1.1825
3.435
0.0606
0.102
0.0254
0
0
0
0.0422
0
0
1.0813
1.3765
2.3395
2.5713
11.7312
0
0
0
0
7.2058
3.192
7e-04
1.0513
6.4136
1.89
0.0683
0
0.9251
7.2792
0
0.6063
0
6e-04
0
0.392
0
0
6.6743
0
4.1547
1.2381
2.0469
8e-04
0.0378
0.6143
2.8323
0.6687
6.18
0.0113
0
0
0
0
0.3482
0
0
5.9148
3.3285
0.0011
4.8276
7.9597
12.4268
6.0381
0
0.1342
0
8.0539
0.1313
1.9147
0.1746
0.6142
0
0
3.0024
0.9723
18.4199
3.3999
12.2881
8.1825
0.1034
9.9273
0
19.1223
1.9568
0
1.3578
6.7437
14.6205
23.9919
0.0342
0
0.1151
0
0
0
0
0
14.2714
0
0.0476
0
1.513
5.2645
2.298
0
12.3153
5.6363
1.5276
0.8292
0.04
1e-04
1.9837
7.1957
0.8809
0
0
0
0
0.0397
2.6017
0.1042
0
21.2586
37.6956
0
0
0
0
0
0
0
8.3173
0.2553
5e-04
0
0
0.2693
1.5949
0
27.3958
0.8916
0.5885
0.0301
0.0081
0
0
26.4117
1.2179
5.3641
33.0312
0
0.0125
9.8681
0
0
0
0
0
0
0
8.9128
6.2951
0.2629
0.6881
0.699
0
0
0.2017
0
0
0.7003
0.1025
0
1.9778
2.6314
7.7812
0.7718
24.8336
8.4609
0.0472
0
0
0
0
0
5.2348
0
0
0
0
4.7622
0
4.0643
4.2811
4e-04
0
0
1.8736
0
21.0019
4.1767
0
0
0
0
0
0.0448
1.1145
1.6263
0
0.0378
1.5995
0.6215
16.1608
2e-04
0.4026
0.0392
1e-04
4.1318
0
0
0.1286
1.2716
2.7181
0
0.8004
0.1074
0.0773
0.0924
9.3103
0.1886
0
0.0391
0
0
0
0
0
0
14.2123
1.6828
0.0238
4.7428
5.9404
0
4.7388
0
11.9176
10.6964
0.2122
1.3136
0.5563
0
0.1504
0
0.5902
2.5225
0
5.2324
2.8003
0
0
12.4841
15.1819
0
0
1.9076
0
1.0611
0.578
0.7827
0
0
0
6.2021
0.2734
0.0708
0
7.129
9.5731
18.0654
2.0572
0.4808
1e-04
0.0575
0.2748
0.0524
0.5419
0
0
0
0
5.2447
7.998
0.0198
0.0197
0
0
0
0
0.1183
0
0
0.4922
0.2258
0.002
1.5962
0.0417
0
0
0.5668
0
0.0108
6.4781
2.3623
1.4917
18.7739
4.1555
1.0614
0
0.5037
0.9957
0
0
0
8e-04
0
0
0.3546
0.0303
1.0665
0
0.9272
0
0
1.2866
6.8444
1.6866
7.5223
0.0374
6e-04
0
14.775
0.0091
0
0
0
0.5188
0.7153
7.5072
0.0431
0.1286
12.2277
0
0
0
5.4096
2.8734
3.7599
2.3264
4.3672
0
0
0
0.2702
0.0811
0.187
8.4764
0.5179
5e-04
0
0
0
0
0
3.5545
14.0118
12.1898
10.0509
7.7687
13.7239
11.0764
2.0738
10.108
3.2403
0.0015
0.8045
0
0
0.112
20.4928
13.8862
6.1019
0
0
1.0989
1.8189
7.2736
19.6562
5.6467
2.9699
0
0
6.4333
2.6375
8.8433
0
0
0
0
0
0
0
0
0.369
12.7914
9.9987
28.7893
37.3761
1.8686
0.09
0.1025
1.5959
0.2544
1.8148
0.2405
0
0
2.2999
6.3048
9.6964
0.059
0
0
0
0
10.6542
5.5364
38.8704
16.7579
11.8438
11.4937
0
0
0
0
2.7894
1.5993
15.6478
0.0354
0
0
0.3286
4.283
17.7773
0.1693
4.1415
0.8809
4.2509
0
15.4295
0.1045
0
0
5.9037
0
0
0
0
0
0
4.3709
2.3219
0
0
0.2478
3.3556
0
0
0
0
3.36
0
0.0406
16.2234
7.4744
19.7907
0.0803
0.3684
1.5829
2.3893
0.1709
0
1.4443
4.7813
0
0.0173
0.3475
0.2785
0
14.3354
10.2054
0
0.2028
0
0
6.8775
8.8389
0.1258
0
0.3746
2.7994
1.9979
0
0
0.1674
14.4419
4e-04
12.5631
3.6548
4.861
0.635
2.7588
0.7183
0
0
0.033
0
0
13.0078
0.7624
0
0
0
1.4413
49.2996
3.6813
3.1913
5.5886
0
1.2212
0.0149
0.3083
6e-04
1.889
18.7988
14.3634
0.0336
0.04
2.5822
0.4513
0.03
0.0451
0.0204
0.0231
0
5.4375
0
0.2993
0
6.1615
0.3401
5e-04
0.0364
7.4521
25.0115
4.1284
0
1.7881
0.3972
0.0444
0
0
0
0
0
0
0
0.3876
16.0314
48.9904
0
0
0
0
0
0.9941
0
0
0
0
2.6936
4.4632
0
0.1786
0
0.0811
5.2706
0
0.0149
3.9319
17.3018
1.4293
0
7.7931
6.28
0
0
0
1.2413
6.15
6.3137
0
0
0.6424
29.4322
18.42
2.114
2.5671
1e-04
0.0898
0
3.0641
24.143
10.0077
27.0936
0.0734
4e-04
0.0253
0.2721
0
1.1341
0.3769
0.0341
0.9421
0.0014
0
0.157
0.8557
0
0.9893
2.055
0
0.0358
0
0
0
0.6278
0.3139
0
0
0
0
0.3295
10.423
11.4229
0
0
1.1711
0.5029
1e-04
0.9857
0.2331
0.0372
0
0
7.6782
0.7703
0.0334
0
14.0908
13.608
0.1382
0
0
0
4.6083
0
0
0.154
0
0
0
4.8736
30.4236
0.0966
0.1612
0
7.8806
0.1106
0.4343
2.5169
20.449
3.5939
0.0091
0.2156
1.2301
0
0
0.0052
2.8441
5.6972
0
0.1232
1.1785
1.0107
0.0012
0.3391
0.0368
0
0
15.4347
10.4284
0.1017
3.1709
2.303
0.0075
0
0
0
0
0
0
0.1837
0.0715
23.0869
12.9953
18.8679
2.7716
2.1082
0.9346
6.4413
13.0558
0
0
1.673
0
0
0
0.1212
0.43
0
0
0
0
0
15.1249
0.7769
0
1e-04
2e-04
0
0
0
0
0.2114
8.0159
2.6632
2e-04
0.191
0.7077
0.7858
2.2019
4.2345
12.3735
5.8924
1.2906
1.0022
0
8.3463
2e-04
0
0
0
0
0.0544
0
0
0.7442
0.342
8.6586
0
1.8571
0.4598
0
0.3646
0
0.04
1.6178
7.1706
0.1362
0
0
0
0
0.7128
5.0967
0.0619
0
0
0
4.5614
1.8485
0
0.4794
0
1.8565
0
3.0057
0
24.9638
0.9148
0.0028
0.6179
0
0.2039
5.7633
4.3041
25.7704
1.5275
0.1195
0.042
0
0
0.1137
0.3295
0.1533
20.3279
4.6088
6.1916
4.2453
24.9712
1.6888
0.0032
0
0
0.048
0.1012
13.9075
0.0425
0
12.0672
71.4472
84.7876
5.3704
2.2586
0.0857
1.7608
1.4027
0.1032
0
3.6094
1.002
0
2e-04
0
0.0441
0
0
0
1.6069
13.0287
31.7884
0
3.387
0
0.0119
5e-04
0
0
0
0
0
0
0
0
0
1e-04
0
20.4643
4.7481
0.356
0
0
8.8385
1.7869
8e-04
0
0
0
0
0
0.1617
0.0408
4.0378
0.4126
0.0478
0.0176
0.0708
3.4604
0.1115
2.1694
0.8751
0.0857
0.0014
1.9152
45.6359
1.7845
0
0.4058
1.2292
0
0
0
0
0.3184
0
0
0
0.3186
0
0
0
0
0.293
6e-04
0
0.304
0
6.7844
17.1272
0.1081
0.0964
0
1.5552
0.282
1.9249
0.0516
0
7.6652
23.6618
0.0413
0
0
20.7015
0
0.2105
0.1573
0
3.0746
0
1.0577
0.3036
4.832
0.504
0.6479
0.8327
7.8759
0
8.4416
26.5381
2.7553
0
16.9929
2.1972
0.8786
0
0
0
0
0
6.6689
0
0
2.1458
0.0034
1.2999
1.1467
0
0
1.9486
0.0135
0
9.1595
32.2166
1.728
1.453
0
2.8484
0.8576
1.8878
0.0014
0.1223
0.1694
0
0
0
0.7526
0.1548
0.5721
0
0.8014
0.8427
0.0369
0.8961
3.3308
0
7.9359
0.0124
0.04
3.9503
34.1613
50.0723
0.4487
0.4475
0.37
0.8663
0
6.8606
2.3323
0
0
0.354
6.6389
5.3037
0.0615
0.6301
0.2152
4.9368
0.4265
0
0
16.5421
0.5944
1.0539
3.867
0.0011
0
2.5074
30.4155
10.7675
5e-04
2.5589
13.4374
0
0.2584
0.0085
0
0
4.9256
0.0593
0
0.0936
5.0113
32.784
1.0084
0.8061
3.9178
0
0
0
0
3.1323
18.9727
0
0.288
5.2584
3.4673
0
0.5206
14.4466
0.1483
0
0
0
0.7583
1.3033
10.7548
5.3643
4.0204
0
0.1361
0
0
0
2.136
5.0344
0.0456
0
0
0
4.626
1.4805
0
2.6078
15.9465
0
0
16.2314
9.9922
0
0.0073
0.0501
1.7784
14.7754
2.6422
5.4399
16.4863
2.1442
0
4.9876
0.3581
3.5792
0.9208
6.7833
0.1463
0.0352
0.0536
0.6468
0
0.001
0
1.5874
0.0064
0.3865
0
0
20.6876
2.1036
0
27.0521
12.3499
0.0204
0
0.037
1.1679
0.3111
19.2691
0
0
26.7406
7.0387
5e-04
3.22
6e-04
0.0014
0
0.0014
6.1338
6.9658
3.6047
0
1.7015
32.8632
8.6382
14.8563
1.4844
1.5736
9e-04
0.5133
16.6205
0.6428
0.0039
0.0072
0
15.2619
14.0124
0.0027
0.2134
4.8484
3.347
0
0.2199
0
0.7272
0.0032
0.9784
7.4096
1.8418
1.6759
0.339
0
0.0083
0.288
0
0.0033
0.0037
0.0119
0
2.2861
0.1248
0.1419
0.2972
1.8109
0.1104
0.7911
0.3325
0
5.9091
0.2384
0.0035
0.0025
0.4602
0
0.0012
0.0018
0.0359
0.1107
0.0035
0.4223
0
0
8.2774
0.763
0
0.7065
0.6048
0.5337
0.2595
0
0
0
0
0.0716
5.0274
0.089
1.2283
8e-04
17.1857
0.0029
0.003
47.5727
14.2665
1.0186
0.4442
0
0
0.0028
0
0
0
0.0028
0.0028
0
0
0.0036
0.0015
0.0051
0
9.5357
0.6983
0
0.4664
0.2676
0
0
0
5.0124
0.0873
0
0.0032
0.0055
0.0028
0
1.5498
17.67
0.0289
0.0048
0
0
0.7869
0.0015
0.0015
5.4861
3.1229
0.5668
3.0854
0.4219
0.0436
0
0
0
0
0.0741
0.0936
0
0
3.9863
0.6543
0.4643
1.1039
0
0.7224
11.5475
1.3547
25.3261
2.7255
2.0658
1.3888
0
0
0.8999
0.0686
0
2.6747
1.3977
0
0
0
0
7.6072
4.559
0.9425
0.1587
1.461
0.0028
0.2069
0.1249
0.1695
16.7074
10.4042
0.0026
0.09
0.1464
3.6541
3.7005
2.521
0.6562
0
31.6196
0
0.002
0
0.9378
22.467
0
7.6036
4.6963
5.1165
0
0
0.431
0
4e-04
0
0.3408
0
1.1339
2.3814
0.2516
2.9656
10.3787
0.0113
5.0811
6.2149
4.3749
0
0
0.3707
0.288
0
0
0
0
0
0
0.0564
0.1384
1.3491
19.3965
0
0.3042
0
0
0
0.1339
0.5307
0
0
0
0.032
0
3.3255
32.6104
8.6544
0
0.3556
0.9152
0.0524
0
14.2346
2.7968
0.3077
2.565
0.4205
0.1451
0
0
1.2987
7.8378
0
0.0095
0.3939
0
0
0
0
4.804
36.1408
6.0702
11.5761
5.6496
0
0
0
0
0
0
0.4662
2.2745
0
0
0
0
0
3.5514
0.3898
8e-04
0
5.7612
0.6207
0.0991
1.0988
6e-04
11.7539
0
1.1854
12.2946
0.6462
0.0919
0
5.7775
0.014
0
4.6616
15.1637
2.2668
0.1043
0
0
1.0781
21.0637
2.7363
2.4671
0.0542
0.0017
0
0
0
6.0934
0.903
18.1302
8.6735
5.1194
4e-04
0
0
6.9939
1.7606
6.0825
1.2514
0
0.2082
0
5.1187
17.2975
0
2.8356
0
0
0
0
0
0
0
0
0
4.1687
24.7304
10.366
1e-04
3.0775
0
4.865
13.1314
5.1867
0.0027
0
0
0
1.2149
0.3124
0.4316
4.5347
1.2341
0.5747
0.0248
0.0173
0
8.3132
0.1429
21.8608
8.9326
0.5107
0
0
7e-04
6.359
12.3855
0
0.8621
0.0484
0
0.4395
1.8108
0
0
0
0
0
0
0
0
10.5187
0
0
0
0
0
0.5639
0
0.1591
0.1787
0.1916
8.0094
13.9819
3.0345
4.5432
6e-04
2.3134
0
13.2928
0.0605
14.1311
2e-04
3.337
2e-04
0.5843
7e-04
0
0
3.1735
0
0.0741
5.3136
1.1635
0
0
0
0
5.3655
2.6015
0.0091
27.388
0.1591
1.3542
0.0594
0
0
0
0
29.9861
13.2361
0
0
0
0
0
0
0
0.0237
10.0934
7.5201
0.347
0.0383
0
0
0
0
0.846
0
0
0
0
0
5.5543
3e-04
0.4901
0.832
0
2.0806
3.4267
9.5596
0.7126
0
0.1874
28.908
0.035
0
0
0.0154
4.0959
2.3923
10.598
2.6572
0
0.0851
0
1.3953
6.0096
0.2219
0.0807
0.0748
0
0
0
0
9.3346
1.1184
0
0.0867
0.5039
10.4533
0.3585
0
16.2109
0
0
0
0.5732
0.3572
0
0
0
0
0.4585
0.1849
0
0
0
0
0.3027
0.0126
0.537
3.865
0.296
0
0
0.3378
0
0.4576
1.1693
2.0316
0
1.2856
4.3306
0
6.6577
7.7873
0
0
0
0
0.807
13.0288
0
0
0
9.1128
0
0.3798
0
0
0
3.3129
2e-04
0.7169
0
1.1117
0.0115
12.7362
1.2413
0.968
2.3236
0
0.0298
1.9683
0.4351
0.002
0
1.5305
0.3641
0
3.9065
0.0936
0.2198
0
1.9013
0.053
0
0
0
0
0
0
0.0368
0
0
0.8791
0
13.5742
2.342
1.9506
0
1.6624
0
0
0
0
0.0995
0.0133
0
1.7163
8.8317
0
0.0865
9.2461
2.558
0.0704
0.2222
0.0432
0.1429
1.4689
1.1855
1.723
0
0
0
0.2474
5.6202
0.2932
1.3122
0
4.6553
2.2758
0.2928
0
0
0
0
0
0
0
0
0
0.4615
0
2.0562
10.1066
5.9505
0.8655
0.1881
0
0
0
0
0
12.541
0.533
0
6.1864
1.9841
0
9.4024
6.8225
0
0
0
0
0
0
0.2682
0.348
5.2409
20.4925
0.0855
0
0
0
1.7474
0
0
2.4604
0.1589
0
0
0
0
0
0.522
5.9695
22.9017
11.6823
0
0
0
0
3.2234
7.436
2.722
4.0868
0.2521
2.4719
0.8466
8.7693
0.1916
0
21.3843
11.8421
0.2328
8.3861
0.2777
0.1705
17.766
2.5017
0.7422
0.0452
8.275
1.6989
0
0
0
0
2.2616
0.2626
0.2053
0
13.3064
17.3459
1.8084
0.5774
9.2207
24.2918
3.1342
0.0059
0.4022
20.6165
0
1.7481
7.7566
30.8741
2.169
4.4723
0.9352
0.3144
0
0.5616
0
0
4.8839
10.0094
1.719
0.4398
1.5542
10.3418
18.7837
0
0
0
0
0.1482
5e-04
0
0
0
1.1622
29.2315
0.8068
0
4.4059
0.038
0.5056
0
3.8448
0.865
1.3178
6.2051
0.7776
0.4678
0.9279
8.6425
16.8383
13.3747
0
0
0.4333
1.4179
0
0
0
0.001
3.7682
1.3242
8.5515
0.5627
0
0
2e-04
0.2416
5.5851
7.6659
0
12.6694
0.5956
3.73
0
0
0
0
10.1935
0.3558
0.3588
0.6171
0.2029
0
0
0
0
0
0
0
0.1615
1.6683
0.1788
0
0.0344
1.5483
0
0
0
4.8352
0
0.344
0
0
16.8986
0.2132
2e-04
0.5036
0.2096
0
0.5776
1.0112
0
0
0
2.3104
30.9181
0.0623
0.1305
0
8.6067
13.0275
1.1287
1.4207
0.421
0
0
0
0
0.0304
0
0.8105
8.9117
0.3735
0
0
0.5255
0.3361
0
0.2214
0
0.004
1.3184
1.2244
15.2965
0.0722
0
5e-04
0.1473
0.0363
0
0
0.1641
1.845
1.8706
0.2262
0.0627
0
0
0
0
0
0
0.3822
0.0286
15.8095
5.8842
0.1515
0.0755
0
0
3.436
5.9436
0.1309
38.3527
20.3702
0
0
0
22.7069
1.8406
0.0013
0.0937
0
0.3066
0
0.6692
0.0354
0
1.054
0
13.1016
0.2844
0
0.0363
0.0353
0.1436
0
0
0.0695
0
0.2308
0.0425
0
0.044
0.0396
0.4636
0
0
1.539
0
10.784
0
0
0
0
4.7392
0.6291
0.2907
0.2074
0
10.8386
0.48
0
1.1072
0.3686
0
6e-04
2.7025
0.8729
3.3651
0
0
0.3186
0.2727
0.8069
0
1.566
0.0392
0.1401
0.3863
0
10.7428
17.0478
0
0.3489
1.9477
0.5917
2.091
0
0
0
0
0.001
0.1932
0
0
0
0
0
0
2.1293
12.1904
3.0005
0
3.7761
10.276
0.0802
0.001
64.4029
0
0
0
5.6916
33.4708
6.4871
0.1062
0
20.8431
7.9383
6.6735
0.1679
0
0
6.1205
1.4567
0
0
0
0
1.4551
0.8126
6.523
0.4272
0
0
0
0
0
3.2978
0.2978
0
3.3086
0.2223
28.9568
0.8115
0.4609
0
10.0822
0
0.0465
3.5314
0.0562
0
0.0363
0
9.8123
1.1567
2.4552
13.746
17.8194
0
7.4243
6.3782
5.2478
30.4429
2.6933
5.0687
3.5927
3.462
0
1.2233
10.4789
25.0747
0.347
0.0437
1.6332
1.087
0.3677
0
1.0115
0.0054
5.0142
3.9258
21.2908
7.7942
11.4851
9.6674
1.7404
1.8978
1.0269
0
0.3252
5.3281
10.6813
20.6973
42.3833
4.6675
0.4676
6.3539
1.6805
0
0
0
0
0.0341
2.9795
0
0.0155
0
4.1413
12.4498
8.9498
0.3402
0.0591
0.0119
0.0299
1.431
0.3508
3.3445
12.4163
1.7649
0.0044
4.0338
5.6302
4.7177
0
6.3003
0
0
0
0
0
9.7529
0
0
0
0.6877
0.1499
5.417
0
0
13.6505
0
5e-04
0
0
0
0
7.1733
6.9055
0.8039
0.0213
5.149
20.337
40.1513
1.4594
0.3688
0
3.8063
9.8452
1.3441
0
7.7711
1.724
7.7727
0.002
0
4.9024
18.772
0
12.6781
5.4001
0
0.3007
0
11.8814
1.8889
0.2035
5e-04
0
0.0014
0
4.7844
0
0
14.5708
12.2669
0.0362
0
4.7873
0
0
0.0978
2.4023
0
0.0248
30.9403
0.2546
0
11.2985
20.5141
4.6443
1.9393
0.8998
0.1256
1e-04
0
4.9728
0
0.0414
0
8.6912
2.2947
18.9447
0.1532
21.7847
0.3144
0.1721
31.0574
1.5887
1.9104
5.5379
10.7802
6.7274
0.1308
3.3658
0.1219
0
0
0
0
0
0
6e-04
5.2566
0.1313
2.1681
1.3043
1.5582
0
1.7492
37.7904
20.2327
2.6702
0
0.0726
5.6171
0.1262
6.7608
10.1184
0
0.1079
0.664
1.7221
0.0829
0
0
0.0449
0
0
0.1763
0
4.0393
0.0012
0
0.1275
0
26.7469
14.1261
0.1197
1e-04
0
0.645
0.0429
2.6263
27.6182
3.3175
0.0324
0
0
10.0597
16.4518
31.8977
2.5536
0
0
0
3.4774
29.5703
9.0069
0.1467
0.0291
0.161
0.004
0
0
0.8942
5.8245
10.7478
0
4.6468
0.0668
0.189
6.896
19.9491
1.4558
3.028
1.275
0
0
8.6221
0.987
0.2027
4.4309
1.2407
0.9258
0.8412
0.0038
0
0
0
0
3e-04
0
0
6.4238
2.2874
2.8315
0.4701
0.4833
0.0854
8.94
0.024
1.5298
0.2158
7.5441
0.7836
5.1152
0
0.6572
13.6289
17.7145
6.7922
0.7827
0
0
1.9522
0
0
10.1428
0.0649
0
0
0.8355
0
0.5774
2.5236
0
0.0619
1.8728
0
2.646
0
0.1299
0
0
2.0766
1.2238
0.1375
10.8846
0.738
0
0
1e-04
21.9107
0.0497
9.4176
0
6.8906
1.2694
0.0547
0
5.3224
0
0.2574
0
8.6234
1.7913
0.0015
0.7887
3.7598
0.0365
17.2674
2.5626
0
0
0
1.8583
5.4281
0
0
0
0
0
2.013
0.79
0.0077
0
1.9252
0
0
0
0.0068
0
0
0.053
0
0
0
7.0117
1.2408
0
0
0
0
0.1103
11.8806
0
0
0
1.7997
10.542
0
0.9202
0
0.7181
8.9632
8.2902
0.4684
15.8328
1.9784
0.1603
15.4055
21.4735
0.8094
0.5286
0
0
0
0
0
0
0
0
0
0
1.2097
0.0724
0
0
0.0022
1.0153
0.065
0
1.4309
0
0
12.4296
1e-04
0
0
0.4443
0
0
0
0
0.0042
0.6867
0.0152
0
0
0
0
7.9014
3.0216
0
0
0
0.9683
0
0
0
0
0
0
6.0443
12.5576
0.5996
1.6962
0.9497
0
6.2385
3.3688
0
0
0
1.079
0
0
0
0
0.1636
0.0777
0
1.8324
6.7142
4.3924
0
0
0.4103
2.2847
0
0.8972
0.9191
14.3683
0
0
0.0073
0.0149
0
0
0
20.2226
0
0
0.0077
0.9459
14.1751
0.9832
0.4838
1.1681
11.3539
0.0029
0
0.0096
7e-04
0.0878
0.1376
9.1281
0
0
0
0
0
11.3115
0.192
0
0
0
5.4643
47.3239
0.0996
8.8829
0.1907
0.007
17.201
35.8764
0.0046
0
0
0
0
1.7301
0.1358
0
0
10.1345
0.0469
0
2.4996
29.1697
0
0
1.4118
20.7382
10.9249
0.072
0.0064
0.0021
0
11.1652
0.927
0
7.4824
14.7102
0.0145
0
0
0.5197
0
0
3.1895
4.0192
1.2122
0
0.0789
4.0416
4.5795
2.9355
0.0015
0
3.8952
0.3285
0
8.8058
15.4758
3.991
13.3422
16.4222
3.0363
0.637
0
0.0057
0
0
0
0
0
0
3.398
0.0393
12.4798
0
0
0
0
0
0
0
1e-04
0
0
0.0719
0.0101
0
0
0.3114
0
0
0
0
4.7666
0
6.2544
0.6542
0
1.953
6.3166
2.5784
8.4211
0.4122
0.0055
0.0065
0
0.21
0
0
2.5308
0.0944
14.5508
5.5612
0.1474
0
2.2053
0
10.0452
0.5964
0
3.8599
0.0016
2.3874
0
0
0
0
0
0.2387
0
0
0.006
0.2124
13.7499
0
18.9679
4.8743
0
0
0
0
0
0.0072
0.0136
0.0172
0
3.3133
2.751
0.0931
0.2077
8.1769
3.6268
10.2956
0.8093
0
0.8289
0.3579
3.364
0
0.8821
0
4.5285
0
0
0
0
0
0
0.1587
3e-04
0
0
3.0965
0.1687
0
1.9143
0
0
0
15.8726
9.722
2.7097
0.5146
0.7072
9e-04
0
0.3782
3.1164
0
0
0
0
15.1377
0.0593
0.1266
0
0
2.1333
0
4.9989
0.604
0.0091
0
0
0
0.8791
10.4479
2.9193
0.0184
0
0
0
0
0
0
0
0
0
0
0
0
0.0022
22.9985
28.5098
19.0996
1e-04
0
0
10.4827
1.9135
0
4.1372
0.0819
0
0
0.0467
13.5437
0.0259
0
0
13.4945
2.9842
1e-04
0
0
0
0
0
0
0
0.0064
0
16.6741
3.3022
2.1
0
0
0.1277
0.936
2.498
0
0
0
0
0.5545
12.6445
0.4862
0.1493
0
2.5823
5.3817
0.001
0
15.4688
4.8123
7.4917
0.0991
0
0
4.8327
0
0
0
8.4284
2.8447
3.2391
41.4575
0
0.2709
4.5854
0.0485
0
0
0
0
1e-04
0.0535
0.6727
0.1236
13.8461
20.6459
23.0624
17.8943
0.4859
22.0818
0.3158
0.5673
8.9038
3.6379
7.0466
0.8852
22.7766
57.4199
27.2072
0
0
0
0
0
0.1765
0
0
0.2922
36.4449
2.4292
14.6084
0.0098
0
0
0
16.1329
0
0.0341
0
8.1842
3.6088
1.0702
16.675
0.0958
4e-04
0
0.9463
11.1451
12.867
0
0.7915
0
0.0594
0
0
0
0
1e-04
0
0
0.0061
0.2352
0.3869
0.0618
0
0
2.3376
4.295
0.0015
0
6.1351
0.0736
1.6083
0
0
0
0
0.0106
1e-04
0.0092
0
0.0863
7.2766
2.8943
0
0
2.3798
0
0
0
11.5348
27.5231
0.1466
0
0
0
0
0
0
1.2529
0.1877
0
0
9.8391
18.2665
16.0064
19.3947
21.0346
0.5692
0
0
0
0
0
0
0
11.1537
1.7524
0
6.0136
0
0.2272
3.0219
1.7089
0.0112
0
0
0
0
0.0061
0
14.8907
18.0059
7.6684
1.2004
0
0
2.6175
6.2643
0.0051
0
0
1.0311
4.7343
0
0
0
0
13.7511
4.1078
0
0
2.0017
2.6761
0.0355
0
0.0299
0.0114
0.0123
0.0424
0
0
0
0
0.7221
0.3483
0.0625
3.5384
1.0283
0.7933
0
0.0158
0.2662
0
0.1021
3.2729
0.8701
0.0013
2.0109
0.001
0.4659
2.6647
33.1494
37.6702
0.3494
0
0
0
0
0
1.5275
0
0.3801
0.2632
4.7983
0
0
6.6985
5.9822
0
0
1.0764
4.08
7.3534
0
0.2336
0.7621
0
0.358
2.8122
0
0.6078
0.7525
0.2608
0.1938
0.1938
0
3.2512
0.8307
0.7333
0
0
0
0.0154
3.6525
8.5143
0
2.5915
9.2582
0
0
0
3.0436
0
0
0
0
0
0
0.366
1.2218
8.9645
0
5.7901
10.2736
0
0.6448
0
0.2739
0.143
0.5882
0
0
2.4539
0
0
0
0
0
0.3745
0.2605
0.2587
0
15.4095
0
0.1629
0.055
0
0
0
2.2311
0.001
0.128
0
0
0
0.281
0
0.5639
4.5248
10.3977
0
0
0.4904
6e-04
23.6661
5.4736
1e-04
0
6.8146
8.2913
0.4978
0
13.9871
0
0
5.1747
15.0154
0
0
0
0
0
0
1.0004
0
0.0018
5.0364
0
0
18.1416
10.1102
8.5066
1.8165
0
0.0282
0.0096
0
0
1.5977
0
0.0438
0.344
0.1341
15.8447
0.8113
13.6374
20.3479
0.137
1.7478
0.0884
0
0.6263
5.1078
1.3995
0
0
0
0
2e-04
13.3575
3.4252
0
0
0
0.7989
6.9017
25.3585
1.3758
0
0
20.51
1.0431
0.5789
3.3143
0.3427
0.8011
0
0
3.2949
2e-04
8.2762
24.6781
9.9583
0.3582
1e-04
12.4138
14.1803
34.9012
0.0662
0
0.1292
8.115
0
7.0001
5.7346
1.2325
0
0
0
0.5822
8.6292
7.1561
0.0079
0
0
7e-04
0
1.9672
0
0
0
9.2271
0
0
0
3.2673
0
0
2.9662
2.2119
1.6379
0
3.0337
0.0315
2.2517
12.9169
0
0
0.7237
0.7706
0
0
0
0
24.2005
20.8691
0.1173
0
0
0
0
0.0137
2e-04
3.6299
1.7753
5.2243
0
0
0.1218
0.7869
0.0852
0
0
0
2.2297
0.4052
0.6407
0
0
0.232
3.3173
1e-04
0
0
6.503
21.2878
0
0.4464
0
1.5585
2.967
0.0102
0
0
0
1.3848
6.5902
0.1255
0
0
0
0
0
0
9.1259
0
0
8.0677
0.9575
0.1754
5.5722
5.6662
0.1565
0
0
0
0
1.2372
3.7795
8.377
5.558
0.5762
0.8971
0
3.6848
1.6067
1.2864
7e-04
0.112
0
0
0
2.8445
0
0
4.0882
5.1811
0
0
0.5831
2.2332
4.5541
2.374
0
0
0
0.1607
1.0505
0
0
0
0.1548
6.9728
0.0653
0
0
0
1.4983
3.21
7.1503
0
0
0
0.6625
0
0
2.111
0.0163
0
0
1.3868
14.6246
0
0
0.2956
0.4478
0
0
0
0
0
8.4752
0.0605
0
0
0
0
0
0.5253
6.8806
1.9117
0
0
7.2781
0.4435
0
0
0
0
27.4063
9.6891
0
4.6898
1.9605
0
2.7706
0
0.6411
13.0729
0.0035
0
0
0
1.3703
0.8976
0
2.2035
3.2857
1e-04
0
0
3.4787
5.4483
0
0
1.4935
0.1519
0.1274
2.7168
2.8267
0
5.5768
0.8757
0
0
0
1.3654
0
0.599
0.1167
0
17.6134
0
0
0
0.7832
0.5615
0.3001
2.2047
4e-04
0.1193
0.0302
0
0.8843
0.0427
0.028
7.1911
0
1.8146
0.7928
0
0
0
0
2.9952
3.8342
0.997
0
6.1326
16.4115
0
0.0859
0
0
0
0.0062
0
0
0.9967
0.371
2.5372
7.8445
0.2022
1.2496
0.0552
0.4384
0
0
2.4802
13.4923
0.9701
0
0.3754
10.4114
2.6393
15.7153
3.9549
0.5809
0
1.5264
0.8909
0
0
0.5618
0
4.6319
6.8558
0
0.0835
0
0
2.5213
0.578
1e-04
0
0
8.6351
0.4276
0
0
1.4467
2.3545
0
0
0
0.1906
0
3.6455
2.6136
0
0
1.224
7.6976
1.4324
0.3063
0
0
0.2923
0
0
0
0
1.0187
5.9518
10.028
3.5097
6.716
46.8478
0
0
0
0
0.0747
0.2194
0
1.3768
1.5779
0.0596
0.2361
7.9928
10.2759
8.8074
25.3904
44.3557
4.5283
0.7713
0.3517
0.3434
0.4331
0.2831
1.1396
0
9.7573
0.6602
32.6366
16.0731
2.5766
9.6535
0.2649
0
0
0
0
0
4.9112
0.6996
8.6212
0.7329
0
11.4913
4.8283
11.734
0.7951
8e-04
8.8418
0.4284
5.3007
0.3768
0
0
0
0
0
0
0
0
0.722
0.0843
0
0
0.2127
21.7609
0.0741
0
0
0
0
0.0024
31.4156
14.9164
0.0026
0
0
0.35
0.048
3.6324
2.5418
3.9473
7.295
0
0
0.3281
4.1562
0
0
0
0
0.003
0.6331
0.4174
0
0.4511
12.6522
5.5858
3.3459
0
0
0.0063
0.0302
0.0028
7.6938
13.8366
2.3393
0
0.0628
0
0
0
1.134
0
0
0.0079
0
0
0
0
0
0
2.7628
3.0492
0
0.011
5.4577
1.0211
0
0
0
0
0.5449
0
0
0
0
0
0.1542
2.6329
0
0
0
0
0
0.1892
0.0464
10.3347
4.0671
0
0.2922
45.9547
0.6691
0
0
1.4487
0
0.0526
0
0
7.8877
0
0
0
15.7086
0.1501
4.0625
0
0
0
0.477
0
4.83
2.0884
0
1.5661
0.0418
0.0248
0
0
0.1392
9.808
13.5592
0.3077
0
1.463
1.3974
0
0
0
0
0
0
0
0
0
1e-04
0.0732
0.9233
0.1498
0
0
0
0.0564
0
4.9351
6.2515
1.0685
9.983
0
8.0003
28.8459
20.8505
6.9346
0.1917
0
0
0
0
0.5867
0
0
0
4.0224
1.9417
18.608
0
3.6435
1.9554
1.2588
2.0276
3.8269
1.3011
0
0
0.9775
0
0
0
0
0
0
0
0
0.2702
0
0
0.2523
0
11.7137
0
0
0
0
1.5938
0.0658
0.8039
0.5216
0.2321
0.002
0.0019
0.7096
0.6099
0
0
0
0
0
0
0
26.5781
4.4179
0.3598
0
0
2.0242
3.1959
0.4136
1.1248
4.1775
1.851
0.4569
0
0.0128
0.2232
22.1951
4.913
0
8.8874
14.6073
7.6796
0.0199
0
0
0
0
0
0
0
9.963
5.5623
0
0
7.7882
0.0038
0
12.2691
4.3773
2.1287
0.0626
0.1242
0
4.0198
34.9362
2.5277
3.7517
0.2757
4.9688
0
0
0
0
0
0
0
0
0
1.5124
2.8028
0
0
0
11.1251
0
12.1815
2.913
8.1709
11.4241
9.0964
0
1.2688
3.0183
0
0.5197
0.8854
2.0254
7.1313
0.0974
3.0274
12.0062
5.501
0
0
0.8924
3.5281
0
0.0256
5.8136
4e-04
0
0
0
0
0
1.5358
6.9253
5.4028
0
0
1.6799
0.0749
0.9414
6.7352
0.0071
0.0175
0.01
0.0054
0.0061
0
0.0031
0
0
3.288
2.4186
1.9186
0
0.0531
0
0
0
28.8171
0
0
0.8775
13.9342
3e-04
0
0
3.4753
0
0
0.692
0.3016
1.5864
0.1592
0.0732
0.2365
0
0
0
0
9.253
0.0976
0
0
4.311
0
0
0
5.2976
0
1.2205
0.0177
0
0
0.0159
2.3896
1.318
1.7681
0
0
0
0
1.4697
0.0929
0
0
0.2371
2.1313
6.1807
3.845
27.4478
9.3163
2.4244
2.478
4.1556
0.0017
0.1796
4.2883
5.0341
0
0.0487
0.0063
6.4519
0
8.3551
0.4984
0
0
0.0607
0
0.0432
0
0
0
0
0
1.8334
8.9564
29.1389
3.2026
0
0
5.3461
0.0661
0
5.1091
0.1982
0
0
0
0
0
0
0
4.9519
0
17.5024
7.8135
6.6239
3.7518
10.0411
0.0044
0.3193
0
0
0
0
0
0
0
0
2.7449
0
0
1.1929
1.3915
0.1727
2.8542
24.5278
21.767
0
0
0
0
0.6104
0.5727
0
0
11.9051
0
0
0
0.5697
0.0183
0
0
0
2.9631
2.2812
0
0
0
0
0
0
0
0
0
7.1608
0.2385
0
0
1.3211
1.3744
0.047
0.1021
0.1381
2.3543
6.2908
1.6195
1.8652
0.0048
0
0.5528
2.074
12.6727
0
0.2729
7e-04
3.1507
13.8676
3.0056
0.0026
0
0
0.5806
7.882
18.5753
0
0
0
0
0
1.0186
0
0.7147
8.0262
0
0.4052
0.4049
0
0
0.1162
9.5946
5.2091
2.2368
0
0
0.3666
0
7.619
5.5495
31.2752
0
0.2042
0
0.7013
10.1464
0
0
12.5692
0
0.0078
11.2062
0.6424
0.0597
0.3196
0.072
0.0706
0
0.7081
2.5683
0
0.0568
0.0192
0
0
0
15.4033
3.4704
1.1749
0
3.7528
3.6242
0
0
0
0
0
0
0
0
0
0.0084
6e-04
1.5854
14.9625
0
0
0.0354
4.5513
0.1249
0
0
0
2.4292
18.0657
0.5457
0
2.3907
0.0504
0
0.1226
2.564
0
0
2.0383
0.4051
0
1.2516
0.2786
0
0.1201
2.6104
0
4.8652
3.078
2.7689
0
4.4501
6.823
0.5819
0
0.3453
9.599
0.0696
11.9809
7.3731
0
0
0
8.1537
0
0
0
1.1642
0.4778
0.2452
0
1.5767
3.033
1.9229
0
0
0
0
0
0.1195
1.1515
33.5394
5.5829
11.4593
1.61
0.8317
18.719
26.9988
4.178
0.3192
0
0
0
13.6068
0
0.6895
0
0
0
0
0.0201
13.6143
6.5692
19.1685
2.0663
0.1577
0.4235
3.3133
2.337
17.7276
3.1927
7.0155
1.7662
0.0814
0
0
0
2.8336
2.9318
0
0.4776
0
0.0103
0
0
0
10.4868
1.3338
0.7743
0.1881
0.4178
1.561
6.3639
0.9775
0.2576
0.4419
42.6581
0
0
0.0525
0.3192
0
6.2058
42.183
12.8776
0
0.6736
0.0458
0
0.0269
15.4653
0
0
34.0497
9.3216
16.5325
26.9551
0.0563
0.0064
0.3383
0.1774
0
0
0
0
21.4698
5.6467
4.6302
0
0
0.6732
1.189
0.0049
0
0
0.0077
9.0371
0.3342
20.6088
0.8087
0.6384
0
0
0
0
2.0896
1.1296
0
0
0.0705
0.0032
2.8077
0.6876
3.4536
0
1.5337
2.8526
1.356
0
0
0
0
3.2503
5.0894
0.6929
0
0
1.9837
0.2923
0
21.6583
0.4563
2.0766
0.7339
0
0
0
0
2.5269
3.6318
0.2057
0
0.2002
0.0518
3.2063
0
0
0
0
0
0
0
0
0
0
0
0
0
0
0.0175
3.0354
1.499
0.5995
5.2868
31.093
0.1293
3.9395
0.593
0
0
0.7045
0
0
0
0
0
0
0
4.2003
11.2077
0.7819
0
0.0794
10.0881
0.4197
3.6076
0
1.6689
15.2329
4.2942
0
35.0358
26.1224
0.0396
0
0
0
0
0.5675
5.2553
0
3.7492
0.0651
0
60.0745
2.7593
0
0
0.8015
0.0111
0
0.1809
0
0
0
0
2.5474
0
0
0
0
7.3651
0.4939
0
0
3.7177
0
0
0.7654
0.873
0.8873
0
0.3484
0.7205
0.0433
0.6007
0
0
1.4215
31.9584
1.0924
1.3277
0
0
0
0.0056
0.444
0
0
0
0
0.0029
0
0
0
3.5839
0
0.48
6.9381
19.2961
1.0564
4.0304
2.9634
0
0
0
0
3.4489
0.1133
2.2486
6.3296
0.6159
0.003
0
4.4865
0.0965
2.7125
2e-04
0.0033
0
0
0
3.869
1.2598
4.6347
1.6427
0
2.7378
3.0706
0.1721
0
0
1.6075
8.7114
12.5079
0
1.1411
17.5334
0.9662
8.6639
11.5295
0.57
12.9496
16.7696
0
0
0.9903
31.0259
2.8597
0.1187
0.1518
0
0.0203
0.4765
0
0.0514
0
0
0.6615
1.4964
0
0
0
0.2001
0
0
0
0.4337
0
0
0
0
0
7.0793
8.9505
22.1563
3.9438
0.0162
0
2.6167
27.9812
8.4101
0
1.2226
0.0019
0
0
0
0
0.1453
0.1688
6.5976
38.9791
0.2227
1.708
0
2.0642
0
0
0
0.4663
4.1309
1.0368
0
0.3556
0.9733
0
0
0
0
8.8166
1.8318
0
4.3442
0.0387
0
0.6042
4.0751
0.4528
0.615
12.0199
4.2776
4.2277
0
0
0.3107
8.0479
1.5438
2.0332
22.2283
0
0
0
1.7515
0.0485
0
0
6.1986
7.7535
0.5514
0.0153
0.0399
0
0.2902
0
0
12.0406
17.4038
21.2859
12.0946
5.192
0.2717
0.0223
0
0.1548
0
0.1569
6.3259
3.0716
0.2449
11.1161
4.3799
0.0782
0
0.218
13.5062
0.0827
0
0
0
3.651
1.268
4.8983
7.9794
1e-04
0
0
0
13.9089
0
0
0
0
0.013
0.2656
0
0
0
12.9668
3.3041
0.6568
2.5558
1.97
0.0332
0.9398
8.0345
0
0
1.2285
12.2728
4.5978
0
0
0
0
0.1963
10.6946
9.4097
3.8701
1.6129
0
0
0
0
0
12.7475
10.7487
6.824
0
0
24.8128
1.9217
0
0
3.4692
4.9079
0
0
5.2592
0
0
1.085
0
0
0
0.178
7.5306
0.1156
14.6124
24.196
4.8535
1.2424
0
0
0
0
0
0
0
1.2882
0
8.3052
0
0
6.5437
11.9083
2.6498
0
0
0
0
0
0.7911
5e-04
3.9771
12.5595
5.6277
17.1117
2.2145
2.5381
0
0.8581
0.2957
4.5574
0
0.8932
0
0
0
0.1031
1.8436
1.6765
0
0
0
0
3.6394
11.1438
16.8621
1.1593
0
7.8845
50.7194
15.7147
16.4024
0.2484
1.795
4.7634
0
0
2.7421
0.3925
1.272
0
0
0
9.9
0.4667
1.0205
2.5024
3.1234
0.0374
0.0376
0
0
13.6389
0.0653
10.7387
1.3691
0
0.4179
0.8251
9.103
2.5512
0.4534
0
0.2204
1.0893
0
0
0
0
0
0
0
0.0177
9.4331
2.5602
0
0
0
2.4651
19.6126
0.1879
0
0
0
0
1.1238
2.2378
0
0
23.7246
6.2848
0.3562
0.0343
0
0
0
0.5022
1.4843
0.1153
0
0
3.507
2.1011
0
0.2617
0
1.5571
1.634
5.3529
2.5714
0
0
27.8856
5.3135
0.1058
0.2198
3.3025
0.0215
0.1599
0.0036
0.0197
4.5534
0
0
1.2252
0.7796
15.7036
17.3202
0.7471
0
2.8254
1.494
14.6759
0.0364
0
0.2183
0
0.9193
0.7665
1.71
12.8471
0.5589
0
0
1.5251
0
0
0
0
0
0
0.244
0
0.9576
0
0
0
3.6386
20.0473
0
0
0.2047
10.1566
1.6073
0.827
0
2.6719
0
0.0072
4.221
0.4575
0
0.2698
1.0871
0
0
0.5304
10.0348
16.3653
11.6159
0
0
0
1.5308
0.7486
0
0.104
0.2187
0
0
0.017
3.0702
0
24.0801
0.5553
0.0765
0.5735
3.9765
19.903
24.9135
0
0
0.228
0
4.8483
24.6702
2.5836
10.0231
2.9425
7.7852
4.2861
16.8638
3.5658
1.5001
3e-04
0
0
0
10.3657
3.2756
0.11
12.6076
8.1187
0
0
0
6.976
4.0746
5.2125
2.1187
0.0247
0.2843
1.6212
0.0159
0.2192
6.3462
0.1791
12.5956
0.174
1.7805
0
2.1119
17.0329
0.0064
0
31.1468
16.4044
0.0084
0
0.0584
10.0258
0
0
20.526
6.6435
7.9905
50.1066
6.1154
13.6715
0.2432
20.8418
1.5777
0
0
1.8502
1.0611
0
1.3507
0
0
0.3307
0
0.9723
24.0498
1.5075
0.9443
9.9131
1.7295
0
0
0
0.0552
0
0
1.4563
1.6264
23.5431
14.5391
13.166
0
0
6.0888
16.5045
0
0.2305
0
0
0
0
0.1833
7.6539
1.026
0
0
0
0.0175
0.3019
8.781
0.0636
0.2379
3e-04
0
0
0.3319
5.66
0.1677
0.3946
0
3.3653
9.6996
9.6938
3.66
0.0705
9.6627
0
0.2393
1e-04
5.5625
4.0331
0
0
0.0032
0.3066
16.7501
16.1509
0.0206
0
0
0
0
0.4929
0
0
0.0241
0.0965
2.0807
7.5707
0
0.079
0
0
0
0
1.0447
0.0064
6.4106
0
0.0159
1.3185
0.0421
0.5558
3.0153
18.1086
0
0.9708
3.7917
0.0014
0
0.3181
0.7693
0
0
0
0.0874
5.4959
0
0.025
0
7.0734
0.8765
0
0
0
1.5679
6.5018
0
0
0
14.6647
5.844
0.4784
0
13.4663
26.2806
1.0331
2.5515
0
0.0052
0.0673
0
0.418
0
0
0
12.9432
5.6074
0
0.0362
0
0
0
0
0
0
0.3571
0.7437
0.9411
3.3144
0
0
5.9481
1e-04
0
0
7.9254
1.1274
0.0242
0
0
0
0.0502
0
11.7423
2.6953
0.0189
0
0.0151
13.7325
0
1.1281
2.9125
0.2284
0
0
0
0
0
0.0532
0.0171
0
0
0
17.7466
8.9928
2.1375
0.1715
0
5.6915
4.2195
0
0
0
0.0502
0
15.2349
10.3948
3.4633
0.1155
0
1.6531
0.0053
0
22.3731
0
0.2285
0.0214
0
0
6.9612
3.854
0.0197
0
0.0062
0.0332
0
0
0.1654
0.7994
0
7.0269
0.2903
7.1413
1.7633
0.2845
1.7493
8.0899
0.1044
0.4651
10.1539
0
0
0
0
7.7698
0
0
0
0
0
0.2312
9.1081
5.883
0.8151
0
0
0.0279
4.8707
8.6632
0.3313
0
1.7339
0
0
0
6.0152
0.102
0
17.419
1.5518
0.3873
0.2073
0.3894
15.9056
12.7709
6.2973
0
0.0615
0.7171
0
0.3515
0.4834
4.4316
8.7837
16.3038
0.3502
0.9385
0.3693
0
0
0
0.2729
0.0405
9.8614
11.7615
0.2293
0
0
0.4806
11.6087
0
0.5297
0
6.441
1.6423
0
0
0.7245
0.0933
2.3717
1.9975
0
11.0672
0
2.2994
6.7549
3.4262
4.3352
0
0
0
1.0099
2.5325
0
0.302
0
7.6904
2.5552
0
0
8.9946
20.4924
0.4715
3.4804
7.854
20.2162
3.1807
2.1033
2.6689
0
0
1.0741
0.5242
0
1.7082
18.5749
0
0
0
0
0.085
6.6561
0.3392
0
0
0
0
4.6452
0.0028
0
10.2747
0
0
0
0
0.1849
3.7786
0
1.7052
6.9032
4.7342
0
0.0318
1.2203
1.5788
0.7075
0
0
0
0
0
0.0071
0
0
0.0021
0.0024
0.0546
9.9566
0.6396
0.014
0.0045
0
0
0.2442
0
0
1.2212
0
4.4748
7.4301
42.4773
0
0
0
13.86
1.8722
0
0
0
24.1761
35.547
9.567
0.0948
0
0
0
0
0
0
0.0019
0
0
0
0.3328
0.2397
0
0
0
0
0
0
0.0497
0
0.3329
0.0781
8e-04
38.2806
8.1091
0
0
0
16.1771
0
0
0
1e-04
39.2907
10.4205
0
0.427
0
0
6.7976
0
0.2447
0
0
0
0
0.0974
0.1148
0
0
0
0
0
0
11.5236
2.128
0.4284
3.9928
0.4842
0
7.5158
0.1956
0
0.0134
0
0
0
0
0
4.9541
0
4.4578
0.3272
0
2.3072
16.9296
13.6411
28.1738
1.8742
5.1059
1.1718
0.9055
0.4816
1.8415
5.5476
34.9352
0.0015
0
1.4
0
0
0
0
0
0
0
0
0
5.6322
0
0
0
16.8705
0.0167
0
0
0
0
2e-04
20.2073
0
0.533
6.9507
13.8657
4e-04
0
0
18.8229
9.6634
0.0013
0
0
0
0
0.0022
0
0
0.0032
0.0034
11.1968
0
0
0
1.9201
2.4945
0.5199
1.0403
2.2156
0.2437
0.3461
0.3221
3.4312
5.9556
0.4024
0
0.8472
0
4.1525
2.0959
