1980 1 1
0.877
0.915
0.891
0.81
0.864
0.901
0.847
0.766
0.8
0.873
0.944
0.624
0.772
0.844
0.903
0.957
0.925
0.883
0.846
0.799
0.73
0.828
0.817
0.83
0.946
0.849
0.859
0.842
0.815
0.7
0.757
0.734
0.531
0.624
0.626
0.633
0.823
0.843
0.817
0.898
0.795
0.857
0.744
0.697
0.732
0.838
0.865
0.575
0.749
0.846
0.876
0.944
0.962
0.92
0.816
0.834
0.77
0.844
0.803
0.743
0.651
0.641
0.698
0.765
0.928
0.639
0.794
0.959
0.867
0.853
0.557
0.512
0.872
0.839
0.822
0.837
0.933
0.774
0.664
0.831
0.927
0.697
0.741
0.931
0.821
0.756
0.742
0.839
0.931
0.879
0.917
0.876
0.87
0.858
0.951
0.723
0.644
0.73
0.82
0.831
0.863
0.78
0.847
0.677
0.899
0.839
0.714
0.605
0.642
0.663
0.646
0.599
0.535
0.679
0.711
0.777
0.673
0.718
0.899
0.779
0.718
0.681
0.648
0.576
0.516
0.547
0.578
0.602
0.645
0.688
0.613
0.715
0.849
0.783
0.778
0.693
0.668
0.951
0.842
0.747
0.699
0.666
0.61
0.636
0.76
0.684
0.636
0.549
0.52
0.639
0.754
0.74
0.887
0.833
0.795
0.742
0.685
0.756
0.75
0.793
0.709
0.66
0.618
0.604
0.61
0.732
0.763
0.776
0.694
0.675
0.708
0.745
0.695
0.621
0.653
0.739
0.706
0.688
0.736
0.778
0.73
0.742
0.708
0.73
0.754
0.831
0.858
0.762
0.748
0.806
0.791
0.774
0.731
0.788
0.798
0.729
0.779
0.794
0.767
0.748
0.736
0.738
0.774
0.828
0.809
0.741
0.742
0.748
0.783
0.916
0.833
0.754
0.81
0.825
0.843
0.85
0.791
0.843
0.819
0.809
0.848
0.8
0.861
0.852
0.837
0.846
0.846
0.864
0.838
0.921
0.912
0.83
0.846
0.864
0.819
0.752
0.753
0.767
0.731
0.749
0.767
0.772
0.793
0.843
0.849
0.837
0.776
0.825
0.797
0.741
0.709
0.754
0.799
0.797
0.778
0.779
0.831
0.835
0.858
0.901
0.916
0.745
0.762
0.79
0.811
0.842
0.79
0.679
0.753
0.745
0.674
0.717
0.711
0.642
0.759
0.763
0.746
0.761
0.697
0.634
0.71
0.664
0.738
0.741
0.777
0.778
0.701
0.661
0.636
0.717
0.874
0.769
0.753
0.71
0.657
0.673
0.693
0.81
0.851
0.724
0.647
0.755
0.601
0.606
0.65
0.673
0.595
0.599
0.706
0.659
0.586
0.696
0.784
0.691
0.643
0.643
0.646
0.536
0.696
0.798
0.72
0.776
0.775
0.726
0.757
0.739
0.679
0.791
0.931
0.692
0.652
0.905
0.951
0.924
0.866
0.872
0.871
0.668
0.747
0.876
0.884
0.959
0.971
0.894
0.837
0.708
0.896
0.862
0.677
0.762
0.846
0.765
0.84
0.732
0.727
0.832
0.861
0.908
0.926
0.78
0.919
0.874
0.886
0.939
0.988
0.998
0.976
0.869
0.868
0.741
0.916
0.98
0.892
0.815
0.853
0.846
0.839
0.859
0.921
0.906
0.945
0.936
0.892
0.983
1.041
0.998
0.989
1.009
1.01
1.004
0.973
0.91
0.911
0.875
0.771
0.644
0.805
0.945
0.928
0.738
0.792
0.845
0.922
0.928
0.894
0.859
0.944
1.038
0.799
0.911
0.859
0.888
0.943
0.966
0.977
0.917
0.886
0.82
0.884
0.867
0.822
0.757
0.717
0.765
0.797
0.793
0.713
0.508
0.804
0.886
0.747
0.697
0.807
0.787
0.729
0.693
0.655
0.693
0.506
0.622
0.712
0.628
0.523
0.652
0.861
0.841
0.676
0.727
0.59
0.597
0.644
0.742
0.634
0.716
0.788
0.674
0.559
0.587
0.527
0.794
0.779
0.543
0.535
0.622
0.703
0.808
0.815
0.863
0.925
0.849
0.626
0.616
0.764
0.707
0.715
0.779
0.606
0.847
0.809
0.803
0.705
0.685
0.703
0.733
0.818
0.73
0.702
0.612
0.592
0.602
0.786
0.822
0.675
0.617
0.77
0.916
0.918
0.722
0.623
0.837
0.935
0.711
0.657
0.635
0.62
0.516
0.484
0.558
0.624
0.661
0.703
0.728
0.795
0.851
0.743
0.766
0.681
0.627
0.783
0.756
0.781
0.743
0.701
0.604
0.732
0.788
0.829
0.689
0.814
0.904
0.833
0.797
0.798
0.739
0.663
0.722
0.733
0.775
0.799
0.751
0.798
0.775
0.678
0.605
0.653
0.733
0.774
0.789
0.81
0.783
0.809
0.824
0.741
0.695
0.789
0.823
0.695
0.6
0.668
0.806
0.732
0.777
0.785
0.748
0.69
0.789
0.899
0.86
0.792
0.698
0.777
0.757
0.79
0.903
0.897
0.836
0.687
0.691
0.775
0.756
0.799
0.811
0.806
0.811
0.813
0.854
0.85
0.843
0.831
0.834
0.836
0.862
0.883
0.832
0.786
0.694
0.748
0.767
0.732
0.719
0.697
0.769
0.77
0.766
0.819
0.812
0.808
0.845
0.818
0.821
0.841
0.941
0.934
0.879
0.832
0.794
0.822
0.759
0.799
0.848
0.806
0.803
0.806
0.835
0.852
0.885
0.857
0.789
0.78
0.819
0.839
0.745
0.663
0.682
0.741
0.763
0.705
0.809
0.883
0.831
0.755
0.703
0.729
0.768
0.809
0.713
0.687
0.697
0.778
0.755
0.746
0.733
0.637
0.786
0.748
0.625
0.833
0.715
0.653
0.78
0.945
0.833
0.659
0.628
0.887
0.976
0.847
0.84
0.842
0.788
0.742
0.787
0.813
0.713
0.751
0.782
0.705
0.753
0.697
0.666
0.764
0.765
0.767
0.735
0.69
0.692
0.76
0.831
0.798
0.899
0.806
0.797
0.918
0.906
0.835
0.869
0.859
0.811
0.787
0.718
0.881
0.843
0.756
0.862
0.806
0.795
0.843
0.889
0.562
0.656
0.827
0.826
0.847
0.891
0.884
0.83
0.931
0.839
0.878
0.883
0.949
0.991
0.976
0.954
0.972
0.96
0.966
0.98
0.963
0.952
0.865
0.964
0.918
0.961
0.948
0.88
0.911
0.882
0.868
0.861
0.76
0.821
0.852
0.907
0.911
0.878
0.951
0.774
0.874
0.907
0.926
0.914
0.934
0.97
0.766
0.893
0.9
0.905
0.882
0.86
0.936
0.967
0.907
0.994
0.957
0.891
0.938
0.884
1.039
0.954
0.9
0.929
0.888
0.952
0.908
0.945
0.948
1.005
0.967
0.969
0.973
0.996
0.996
0.888
0.881
0.92
0.827
0.797
0.816
0.889
0.868
0.907
0.838
1.021
0.922
0.925
0.922
0.804
0.809
0.826
0.967
0.936
0.813
0.657
0.776
0.936
0.875
0.797
0.855
0.907
0.875
0.788
0.722
0.721
0.813
0.793
0.664
0.703
0.658
0.786
0.781
0.674
0.634
0.82
0.796
0.877
0.86
0.773
0.818
0.871
0.88
0.827
0.79
0.766
0.743
0.712
0.775
0.814
0.626
0.556
0.83
0.617
0.509
0.543
0.577
0.539
0.695
0.71
0.63
0.586
0.648
0.641
0.55
0.562
0.507
0.575
0.591
0.794
0.751
0.635
0.644
0.645
0.626
0.576
0.649
0.666
0.658
0.631
0.651
0.685
0.725
0.863
0.859
0.807
0.777
0.777
0.81
0.846
0.776
0.809
0.797
0.791
0.827
0.702
0.774
0.841
0.868
0.792
0.747
0.723
0.764
0.77
0.649
0.647
0.701
0.624
0.791
0.914
0.78
0.702
0.838
0.781
0.762
0.737
0.72
0.612
0.664
0.723
0.77
0.742
0.79
0.743
0.695
0.717
0.928
0.839
0.787
0.784
0.782
0.758
0.722
0.761
0.806
0.782
0.715
0.718
0.716
0.734
0.792
0.814
0.812
0.748
0.716
0.764
0.781
0.724
0.699
0.763
0.781
0.792
0.71
0.672
0.75
0.761
0.806
0.776
0.804
0.779
0.856
0.839
0.823
0.806
0.789
0.767
0.659
0.653
0.691
0.713
0.711
0.749
0.734
0.718
0.843
0.736
0.734
0.84
0.774
0.768
0.723
0.768
0.732
0.676
0.74
0.806
0.827
0.776
0.723
0.663
0.597
0.777
0.826
0.715
0.629
0.637
0.704
0.655
0.692
0.751
0.761
0.708
0.678
0.726
0.586
0.623
0.68
0.819
0.742
0.751
0.774
0.737
0.898
0.782
0.716
0.688
0.644
0.667
0.654
0.637
0.691
0.647
0.674
0.625
0.732
0.751
0.627
0.656
0.562
0.621
0.619
0.592
0.549
0.479
0.501
0.691
0.604
0.597
0.572
0.602
0.62
0.526
0.435
0.468
0.508
0.618
0.849
0.865
0.788
0.82
0.65
0.611
0.749
0.705
0.659
0.829
0.755
0.85
0.824
0.75
0.69
0.815
0.747
0.683
0.8
0.888
0.917
0.899
0.808
0.959
0.817
0.739
0.869
0.872
0.962
0.967
0.886
0.853
0.79
0.793
0.828
0.908
0.755
0.768
0.784
0.674
0.837
0.886
0.813
0.876
0.875
0.963
0.942
0.805
0.755
0.946
0.891
0.871
0.889
0.913
0.888
0.831
0.859
0.952
0.921
0.675
0.536
0.755
0.851
0.878
0.738
0.662
0.756
0.817
0.839
0.756
0.782
0.906
0.874
0.8
0.874
0.89
0.937
0.933
0.886
0.849
0.849
0.955
0.907
0.944
1.004
0.986
0.936
0.892
0.866
0.923
0.965
0.996
0.972
0.958
1.011
0.979
0.851
0.884
0.886
0.93
0.865
0.902
0.882
0.897
0.891
0.837
0.86
0.925
0.895
0.871
0.817
0.771
0.712
0.679
0.782
0.8
0.787
0.825
0.759
0.751
0.646
0.614
0.579
0.693
0.768
0.762
0.857
0.81
0.729
0.839
0.762
0.828
0.737
0.701
0.761
0.726
0.732
0.778
0.9
0.952
0.806
0.93
0.827
0.831
0.736
0.759
0.796
0.897
0.906
0.762
0.6
0.683
0.767
0.938
0.853
0.826
0.796
0.879
0.853
0.794
0.92
0.847
0.847
0.763
0.897
0.866
0.791
0.748
0.783
0.684
0.694
0.665
0.674
0.641
0.627
0.691
0.631
0.616
0.648
0.79
0.847
0.94
0.955
0.824
0.914
0.774
0.726
0.716
0.711
0.814
0.659
0.644
0.57
0.61
0.724
0.791
0.877
0.715
0.624
0.681
0.846
0.758
0.816
0.838
0.796
0.723
0.732
0.743
0.64
0.741
0.829
0.742
0.744
0.719
0.661
0.872
0.828
0.746
0.843
0.723
0.657
0.642
0.614
0.585
0.59
0.582
0.596
0.633
0.683
0.627
0.659
0.791
0.766
0.71
0.707
0.71
0.65
0.63
0.613
0.71
0.857
0.904
0.86
0.807
0.772
0.771
0.801
0.763
0.74
0.666
0.704
0.774
0.771
0.724
0.771
0.697
0.652
0.751
0.762
0.81
0.826
0.818
0.754
0.777
0.769
0.803
0.787
0.769
0.682
0.631
0.729
0.8
0.797
0.79
0.796
0.786
0.739
0.778
0.808
0.772
0.728
0.756
0.771
0.86
0.812
0.819
0.684
0.697
0.698
0.707
0.795
0.819
0.748
0.776
0.748
0.761
0.779
0.767
0.727
0.73
0.728
0.75
0.693
0.698
0.779
0.761
0.682
0.653
0.649
0.71
0.732
0.711
0.61
0.586
0.595
0.632
0.664
0.724
0.603
0.557
0.741
0.725
0.638
0.643
0.711
0.853
0.646
0.657
0.574
0.555
0.718
0.65
0.574
0.674
0.689
0.783
0.592
0.546
0.731
0.8
0.623
0.536
0.675
0.799
0.731
0.714
0.867
0.951
0.688
0.672
0.7
0.717
0.709
0.714
0.772
0.828
0.919
0.948
0.915
0.831
0.769
0.705
0.712
0.681
0.63
0.705
0.846
0.834
0.891
0.655
0.679
0.711
0.71
0.646
0.607
0.885
0.945
0.741
0.77
0.774
0.908
0.874
0.792
0.763
0.873
0.892
0.799
0.798
0.909
0.819
0.67
0.758
0.82
0.889
0.735
0.789
0.814
0.93
0.938
0.985
0.984
0.97
0.832
0.904
0.943
0.931
0.956
0.948
0.949
0.977
0.814
0.847
0.816
0.806
0.829
0.866
0.939
0.981
0.831
0.805
0.792
0.832
0.909
0.951
0.929
0.866
0.913
0.875
0.919
0.98
0.987
1.007
0.971
0.89
0.905
0.911
0.896
0.801
0.853
0.929
0.909
0.864
0.902
0.894
0.869
0.86
0.818
0.812
0.852
0.84
0.969
1.005
0.966
0.928
0.9
0.936
0.933
0.842
0.915
0.957
0.943
0.963
0.937
0.83
0.835
0.913
0.971
0.929
0.963
0.984
0.905
0.863
0.726
0.842
0.924
0.881
0.834
0.798
0.758
0.681
0.677
0.766
0.765
0.671
0.794
0.901
0.796
0.788
0.855
0.845
0.822
0.918
0.836
0.716
0.836
0.818
0.832
0.808
0.79
0.941
0.924
0.909
0.887
0.787
0.874
0.873
0.956
0.914
0.891
0.794
0.7
0.797
0.737
0.83
0.849
0.772
0.737
0.667
0.609
0.671
0.73
0.938
0.936
0.865
0.699
0.639
0.642
0.635
0.58
0.718
0.784
0.746
0.818
0.827
0.877
0.863
0.792
0.738
0.719
0.875
0.929
0.882
0.768
0.666
0.719
0.678
0.588
0.751
0.674
0.642
0.856
0.923
0.84
0.721
0.802
0.814
0.798
0.802
0.77
0.713
0.798
0.767
0.681
0.605
0.574
0.676
0.771
0.902
0.941
0.814
0.762
0.696
0.851
0.826
0.764
0.912
0.888
0.803
0.683
0.683
0.694
0.706
0.591
0.672
0.747
0.711
0.734
0.701
0.681
0.684
0.642
0.72
0.703
0.759
0.784
0.772
0.77
0.736
0.722
0.746
0.712
0.8
0.741
0.648
0.612
0.723
0.716
0.689
0.76
0.735
0.678
0.736
0.77
0.774
0.782
0.714
0.65
0.765
0.804
0.789
0.774
0.714
0.72
0.761
0.75
0.75
0.782
0.721
0.739
0.755
0.712
0.658
0.819
0.809
0.909
0.847
0.71
0.674
0.663
0.714
0.846
0.849
0.843
0.802
0.836
0.852
0.868
0.838
0.826
0.781
0.804
0.823
0.769
0.733
0.815
0.798
0.762
0.777
0.8
0.759
0.733
0.8
0.765
0.763
0.679
0.695
0.732
0.755
0.828
0.816
0.646
0.792
0.79
0.856
0.762
0.701
0.636
0.826
0.733
0.761
0.847
0.788
0.749
0.821
0.887
0.833
0.701
0.622
0.606
0.699
0.726
0.726
0.712
0.773
0.855
0.824
0.81
0.703
0.745
0.719
0.687
0.631
0.567
0.591
0.598
0.644
0.757
0.858
0.825
0.762
0.784
0.793
0.784
0.772
0.884
0.815
0.758
0.752
0.68
0.786
0.649
0.836
0.801
0.719
0.627
0.76
0.844
0.736
0.748
0.637
0.721
0.826
0.839
0.727
0.603
0.868
0.821
0.693
0.636
0.603
0.841
0.911
0.943
0.858
0.843
0.744
0.785
0.62
0.62
0.637
0.696
0.469
0.574
0.603
0.691
0.774
0.73
0.648
0.645
0.871
0.703
0.762
0.811
0.72
0.75
0.601
0.586
0.901
0.829
0.957
0.931
0.942
0.937
0.986
0.943
0.903
0.909
0.854
0.847
0.83
0.824
0.807
0.942
0.884
0.639
0.862
0.823
0.866
0.928
0.95
0.828
0.905
0.951
0.96
0.736
0.67
0.707
0.835
0.891
0.932
0.877
0.848
0.906
0.892
0.901
0.914
0.961
0.772
0.875
0.928
0.945
0.917
0.786
0.872
0.916
0.977
0.964
0.921
0.869
0.942
0.872
0.828
0.857
0.932
0.867
0.833
0.856
0.883
0.934
0.917
0.891
0.831
0.911
0.895
0.978
0.993
0.913
0.885
0.888
1.029
0.955
0.972
0.935
0.897
0.877
0.935
0.904
0.86
0.846
0.794
0.818
0.69
0.715
0.831
0.666
0.96
0.763
0.632
0.769
0.882
0.739
0.69
0.854
0.895
0.743
0.752
0.662
0.61
0.7
0.505
0.629
0.729
0.55
0.698
0.916
0.829
0.707
0.605
0.811
0.888
0.771
0.879
0.935
0.761
0.739
0.702
0.806
0.867
0.858
0.703
0.7
0.668
0.71
0.775
0.742
0.738
0.681
0.697
0.675
0.647
0.734
0.716
0.652
0.623
0.554
0.523
0.677
0.676
0.578
0.636
0.7
0.604
0.535
0.682
0.74
0.594
0.535
0.664
0.754
0.673
0.594
0.587
0.627
0.706
0.68
0.653
0.611
0.729
0.72
0.861
0.714
0.692
0.676
0.754
0.627
0.633
0.55
0.477
0.706
0.748
0.829
0.685
0.706
0.699
0.638
0.716
0.719
0.716
0.79
0.621
0.663
0.706
0.694
0.613
0.79
0.849
0.726
0.663
0.822
0.81
0.77
0.737
0.691
0.686
0.662
0.702
0.691
0.698
0.616
0.616
0.678
0.687
0.621
0.695
0.784
0.769
0.726
0.66
0.743
0.775
0.755
0.732
0.69
0.68
0.714
0.682
0.688
0.813
0.793
0.702
0.704
0.684
0.709
0.79
0.765
0.754
0.679
0.706
0.754
0.784
0.674
0.636
0.679
0.709
0.857
0.826
0.714
0.665
0.659
0.799
0.87
0.824
0.754
0.665
0.743
0.79
0.785
0.838
0.809
0.838
0.817
0.803
0.812
0.793
0.797
0.761
0.76
0.794
0.914
0.818
0.796
0.784
0.761
0.749
0.803
0.797
0.793
0.78
0.759
0.777
0.815
0.82
0.776
0.784
0.834
0.797
0.765
0.706
0.739
0.65
0.608
0.621
0.648
0.671
0.654
0.621
0.698
0.678
0.738
0.777
0.63
0.75
0.73
0.607
0.578
0.763
0.751
0.561
0.613
0.765
0.79
0.688
0.558
0.53
0.577
0.809
0.837
0.846
0.812
0.804
0.804
0.644
0.604
0.864
0.874
0.822
0.799
0.78
0.785
0.764
0.583
0.497
0.579
0.727
0.67
0.668
0.816
0.815
0.908
0.941
0.875
0.888
0.803
0.795
0.724
0.836
0.942
0.895
0.937
0.936
0.919
0.854
0.902
0.709
0.899
0.897
0.836
0.658
0.866
0.815
0.737
0.841
0.945
0.889
0.897
0.866
0.889
0.928
0.789
0.834
0.879
0.91
0.93
0.904
0.911
0.902
0.942
0.974
0.881
0.867
0.817
0.939
0.958
0.847
0.815
0.851
0.883
0.881
0.993
0.971
0.936
0.812
0.834
0.886
0.802
0.907
0.946
0.895
0.878
0.908
0.92
0.977
0.9
0.835
0.694
0.77
0.797
0.888
0.96
0.912
0.863
0.92
0.843
0.902
0.879
0.938
0.957
0.881
0.886
0.874
0.766
0.728
0.833
0.811
0.794
0.711
0.888
0.829
0.881
0.928
0.921
0.92
0.977
0.969
0.877
0.919
0.913
0.888
0.843
0.812
0.814
0.807
0.89
0.865
0.925
0.973
0.978
0.99
0.974
0.955
0.868
0.845
0.836
0.775
0.844
0.865
0.756
0.823
0.782
0.897
0.936
0.878
0.892
0.754
0.791
0.885
0.878
0.883
0.929
0.943
0.898
0.859
0.818
0.772
0.837
0.923
0.64
0.526
0.689
0.66
0.69
0.659
0.764
0.81
0.677
0.626
0.607
0.543
0.587
0.696
0.654
0.782
0.883
0.822
0.723
0.678
0.72
0.774
0.72
0.654
0.742
0.776
0.826
0.815
0.818
0.7
0.79
0.961
0.861
0.745
0.6
0.547
0.592
0.663
0.641
0.63
0.683
0.796
0.752
0.675
0.61
0.641
0.714
0.781
0.742
0.722
0.73
0.742
0.656
0.619
0.64
0.733
0.71
0.762
0.758
0.752
0.844
0.842
0.871
0.844
0.775
0.707
0.735
0.744
0.805
0.758
0.687
0.726
0.733
0.708
0.729
0.668
0.69
0.856
0.94
0.863
0.771
0.702
0.816
0.8
0.811
0.81
0.747
0.752
0.77
0.726
0.658
0.814
0.759
0.699
0.729
0.724
0.712
0.682
0.708
0.804
0.762
0.731
0.882
0.89
0.842
0.731
0.682
0.754
0.752
0.752
0.772
0.807
0.82
0.932
0.862
0.786
0.805
0.8
0.818
0.81
0.794
0.799
0.827
0.797
0.76
0.709
0.728
0.807
0.764
0.749
0.752
0.812
0.767
0.79
0.793
0.795
0.752
0.754
0.732
0.761
0.828
0.831
0.796
0.786
0.802
0.692
0.708
0.83
0.843
0.845
0.822
0.795
0.769
0.812
0.784
0.827
0.836
0.75
0.686
0.884
0.856
0.713
0.695
0.632
0.675
0.725
0.762
0.817
0.83
0.766
0.739
0.714
0.712
0.685
0.795
0.849
0.839
0.779
0.783
0.81
0.792
0.728
0.871
0.85
0.809
0.849
0.858
0.813
0.91
0.913
0.822
0.813
0.772
0.777
0.835
0.919
0.84
0.89
0.911
0.811
0.728
0.67
0.737
0.828
0.746
0.827
0.874
0.89
0.863
0.767
0.698
0.762
0.746
0.695
0.67
0.775
0.772
0.783
0.807
0.912
0.887
0.865
0.8
0.832
0.763
0.772
0.75
0.797
0.722
0.754
0.773
0.763
0.817
0.852
0.756
0.641
0.767
0.757
0.735
0.848
0.939
0.921
0.878
0.894
0.853
0.945
0.923
0.886
0.858
0.874
0.881
0.968
0.928
0.886
0.899
0.888
0.791
0.919
0.911
0.726
0.799
0.892
0.923
0.97
0.982
0.717
0.745
0.854
0.74
0.872
0.89
0.927
0.945
0.918
0.899
0.913
0.893
0.932
0.973
0.991
0.984
0.959
0.857
0.841
0.858
0.907
0.892
0.83
0.944
0.952
0.888
0.861
0.887
0.922
0.854
0.901
0.973
0.926
0.936
0.979
0.956
0.949
0.693
0.627
0.908
0.949
0.949
0.931
0.961
0.886
0.843
0.879
0.869
0.929
0.944
0.954
0.967
0.87
0.917
0.966
0.923
0.84
0.762
0.798
0.867
0.84
0.632
0.724
0.702
0.851
0.708
0.85
0.835
0.875
0.901
0.887
0.848
0.84
0.9
0.871
0.828
0.74
0.648
0.628
0.759
0.939
0.932
0.777
0.718
0.614
0.729
0.733
0.664
0.626
0.675
0.498
0.572
0.582
0.605
0.832
0.825
0.683
0.647
0.599
0.626
0.548
0.609
0.673
0.702
0.688
0.703
0.793
0.797
0.752
0.739
0.795
0.712
0.789
0.786
0.683
0.75
0.866
0.887
0.713
0.683
0.648
0.58
0.654
0.766
0.732
0.775
0.813
0.907
0.865
0.788
0.733
0.731
0.628
0.798
0.785
0.712
0.616
0.551
0.606
0.622
0.619
0.656
0.577
0.827
0.907
0.726
0.646
0.563
0.621
0.566
0.519
0.603
0.607
0.692
0.678
0.684
0.689
0.582
0.547
0.723
0.89
0.821
0.743
0.684
0.723
0.741
0.758
0.807
0.708
0.706
0.664
0.671
0.755
0.755
0.78
0.756
0.653
0.647
0.658
0.671
0.699
0.713
0.626
0.631
0.782
0.707
0.609
0.638
0.609
0.54
0.613
0.601
0.765
0.794
0.797
0.833
0.693
0.645
0.702
0.669
0.678
0.774
0.816
0.856
0.884
0.799
0.79
0.808
0.809
0.783
0.791
0.791
0.807
0.792
0.775
0.776
0.773
0.793
0.807
0.753
0.758
0.734
0.806
0.751
0.761
0.728
0.766
0.797
0.781
0.765
0.677
0.702
0.789
0.768
0.813
0.826
0.76
0.76
0.775
0.709
0.716
0.871
0.866
0.845
0.795
0.826
0.816
0.796
0.746
0.761
0.759
0.703
0.679
0.638
0.742
0.8
0.725
0.683
0.816
0.964
0.943
0.961
0.819
0.755
0.793
0.748
0.745
0.783
0.751
0.749
0.752
0.744
0.781
0.746
0.704
0.76
0.752
0.737
0.73
0.867
0.862
0.784
0.882
0.786
0.641
0.724
0.764
0.774
0.705
0.682
0.584
0.508
0.537
0.662
0.694
0.644
0.643
0.693
0.622
0.533
0.776
0.822
0.682
0.665
0.695
0.8
0.693
0.549
0.54
0.478
0.451
0.585
0.66
0.62
0.758
0.692
0.679
0.573
0.823
0.767
0.596
0.72
0.662
0.63
0.631
0.726
0.835
0.774
0.588
0.656
0.696
0.508
0.47
0.548
0.78
0.651
0.689
0.692
0.693
0.711
0.704
0.551
0.688
0.7
0.6
0.586
0.544
0.611
0.703
0.818
0.963
0.837
0.902
0.916
0.886
0.831
0.892
0.896
0.942
0.899
0.875
0.859
0.898
0.864
0.834
0.885
0.869
0.862
0.673
0.697
0.885
0.88
0.844
0.861
0.94
0.922
0.785
0.711
0.931
0.935
0.899
0.708
0.657
0.912
0.889
0.859
0.908
0.714
0.544
0.503
0.73
0.672
0.751
0.805
0.876
0.873
0.849
0.901
0.809
0.785
0.674
0.845
0.719
0.811
0.94
0.877
0.955
0.859
0.821
0.9
0.889
0.922
0.876
0.864
0.925
0.925
0.91
0.924
0.963
0.95
0.911
0.877
0.82
0.744
0.917
0.829
0.905
0.867
0.901
0.89
0.86
1.095
0.939
0.849
0.848
0.812
0.909
0.937
0.639
0.75
0.821
0.544
0.597
0.753
0.748
0.752
0.78
0.745
0.776
0.785
0.684
0.742
0.821
0.846
0.86
0.769
0.725
0.601
0.816
0.82
0.638
0.829
0.824
0.692
0.8
0.71
0.816
0.796
0.674
0.768
0.852
0.784
0.73
0.712
0.711
0.7
0.751
0.681
0.825
0.912
0.846
0.76
0.672
0.797
0.828
0.719
0.674
0.567
0.572
0.666
0.626
0.646
0.618
0.679
0.631
0.709
0.549
0.552
0.711
0.564
0.614
0.684
0.552
0.498
0.666
0.728
0.631
0.634
0.491
0.488
0.624
0.636
0.585
0.537
0.468
0.503
0.623
0.638
0.626
0.531
0.606
0.62
0.597
0.589
0.656
0.68
0.778
0.806
0.646
0.623
0.668
0.641
0.638
0.557
0.513
0.521
0.495
0.496
0.48
0.509
0.684
0.641
0.572
0.521
0.591
0.528
0.55
0.605
0.53
0.471
0.469
0.475
0.499
0.499
0.581
0.581
0.527
0.469
0.511
0.569
0.535
0.588
0.465
0.452
0.596
0.503
0.509
0.597
0.506
0.472
0.42
0.348
0.316
0.325
0.299
0.274
0.318
0.318
0.408
0.61
0.459
0.45
0.536
0.374
0.43
0.641
0.675
0.743
0.791
0.832
0.697
0.734
0.64
0.642
0.692
0.623
0.568
0.579
0.735
0.768
0.656
0.686
0.607
0.633
0.7
0.721
0.557
0.516
0.575
0.702
0.753
0.701
0.651
0.695
0.723
0.618
0.54
0.722
0.819
0.767
0.638
0.763
0.87
0.749
0.638
0.653
0.603
0.797
0.656
0.628
0.602
0.57
0.679
0.799
0.808
0.823
0.683
0.618
0.613
0.658
0.541
0.519
0.823
0.776
0.641
0.656
0.672
0.725
0.73
0.831
0.739
0.716
0.732
0.713
0.602
0.582
0.561
0.566
0.663
0.719
0.638
0.642
0.841
0.716
0.588
0.637
0.522
0.508
0.527
0.672
0.679
0.667
0.608
0.539
0.515
0.533
0.712
0.838
0.831
0.738
0.702
0.779
0.842
0.867
0.827
0.698
0.684
0.591
0.6
0.561
0.617
0.58
0.631
0.742
0.642
0.945
0.98
0.843
0.81
0.816
0.842
0.868
0.731
0.702
0.773
0.812
0.756
0.784
0.628
0.681
0.814
0.972
0.791
0.644
0.683
0.74
0.72
0.817
0.839
0.708
0.739
0.74
0.755
0.858
0.887
0.758
0.719
0.8
0.837
0.659
0.519
0.731
0.633
0.595
0.897
0.871
0.754
0.483
0.816
0.771
0.915
0.839
0.931
0.802
0.844
0.826
0.889
0.733
0.949
0.936
0.789
0.921
0.959
0.986
0.965
0.975
0.844
0.913
0.985
0.993
0.848
0.523
0.747
0.827
0.927
0.72
0.764
0.923
0.866
0.716
0.886
0.893
0.842
0.538
0.643
0.733
0.79
0.941
0.962
0.745
0.78
0.918
0.879
0.863
0.832
0.746
0.857
0.753
0.829
0.853
0.815
0.821
0.736
0.846
0.892
0.846
0.914
0.891
0.863
0.76
0.646
0.776
0.865
0.909
0.973
0.866
0.689
0.7
0.743
0.909
0.813
0.832
0.54
0.566
0.802
0.907
0.886
0.639
0.518
0.602
0.662
0.633
0.693
0.767
0.654
0.76
0.847
0.582
0.634
0.881
0.568
0.825
0.776
0.595
0.627
0.788
0.777
0.736
0.771
0.776
0.797
0.817
0.754
0.756
0.78
0.835
0.783
0.75
0.72
0.673
0.669
0.63
0.634
0.696
0.678
0.684
0.587
0.698
0.656
0.696
0.834
0.668
0.508
0.663
0.635
0.616
0.567
0.72
0.799
0.704
0.778
0.793
0.69
0.68
0.716
0.715
0.593
0.763
0.701
0.696
0.721
0.766
0.729
0.659
0.834
0.873
0.773
0.713
0.665
0.596
0.537
0.704
0.774
0.665
0.569
0.741
0.681
0.781
0.755
0.682
0.626
0.761
0.79
0.771
0.755
0.765
0.802
0.746
0.745
0.737
0.647
0.604
0.727
0.787
0.691
0.856
0.857
0.802
0.772
0.755
0.688
0.75
0.795
0.787
0.809
0.726
0.699
0.696
0.706
0.692
0.691
0.73
0.752
0.709
0.681
0.77
0.787
0.77
0.765
0.77
0.733
0.681
0.734
0.78
0.779
0.784
0.765
0.722
0.672
0.646
0.652
0.662
0.785
0.859
0.84
0.822
0.818
0.781
0.759
0.79
0.819
0.82
0.775
0.871
0.844
0.771
0.715
0.832
0.857
0.833
0.805
0.78
0.755
0.772
0.758
0.74
0.733
0.779
0.75
0.808
0.806
0.77
0.788
0.809
0.881
0.829
0.835
0.859
0.831
0.81
0.771
0.772
0.827
0.845
0.769
0.728
0.843
0.796
0.714
0.739
0.792
0.797
0.833
0.842
0.824
0.865
0.809
0.781
0.879
0.966
0.862
0.941
0.812
0.71
0.781
0.766
0.775
0.827
0.777
0.677
0.652
0.693
0.668
0.64
0.695
0.667
0.809
0.839
0.756
0.644
0.696
0.742
0.628
0.665
0.555
0.656
0.657
0.624
0.53
0.578
0.643
0.717
0.887
0.743
0.872
0.883
0.851
0.715
0.674
0.771
0.702
0.66
0.661
0.606
0.536
0.56
0.757
0.621
0.702
0.603
0.565
0.594
0.725
0.821
0.937
0.797
0.7
0.634
0.681
0.786
0.811
0.963
0.878
0.634
0.618
0.685
0.829
0.54
0.55
0.569
0.605
0.671
0.818
0.808
0.885
0.575
0.711
0.803
0.814
0.718
0.783
0.81
0.865
0.618
0.624
0.724
0.728
0.878
0.809
0.76
0.865
0.843
0.852
0.857
0.839
0.875
0.879
0.81
0.857
0.868
0.783
0.905
0.879
0.97
0.95
0.976
0.99
0.998
0.912
0.932
0.889
0.933
0.863
0.849
0.87
0.914
0.888
0.914
0.812
0.725
0.796
0.884
0.853
0.908
0.985
0.926
0.698
0.937
0.973
0.932
0.885
0.83
0.865
0.645
0.677
0.621
0.792
0.851
0.825
0.917
0.965
0.896
0.919
0.875
0.829
0.852
0.838
0.815
0.599
0.579
0.652
0.71
0.9
0.967
0.926
0.668
0.705
0.709
0.549
0.477
0.897
0.936
0.899
0.662
0.725
0.801
0.755
0.601
0.684
0.705
0.537
0.704
0.759
0.609
0.767
0.944
0.918
0.884
0.77
0.799
0.733
0.693
0.818
0.714
0.613
0.801
0.669
0.684
0.714
0.762
0.474
0.552
0.642
0.554
0.514
0.697
0.915
0.902
0.835
0.763
0.806
0.73
0.705
0.6
0.63
0.544
0.524
0.887
0.729
0.624
0.652
0.805
0.771
0.704
0.714
0.546
0.523
0.844
0.814
0.606
0.548
0.581
0.656
0.639
0.56
0.57
0.748
0.66
0.597
0.541
0.706
0.953
0.847
0.692
0.657
0.654
0.707
0.804
0.66
0.766
0.9
0.724
0.833
0.814
0.782
0.658
0.676
0.807
0.812
0.73
0.624
0.667
0.833
0.937
0.809
0.725
0.775
0.659
0.543
0.614
0.807
0.692
0.775
0.663
0.784
0.703
0.762
0.728
0.737
0.682
0.628
0.687
0.728
0.674
0.635
0.729
0.717
0.715
0.777
0.722
0.71
0.822
0.765
0.654
0.682
0.73
0.793
0.755
0.794
0.74
0.706
0.644
0.738
0.761
0.745
0.678
0.729
0.768
0.719
0.889
0.951
0.884
0.921
0.805
0.794
0.747
0.749
0.768
0.799
0.837
0.926
0.858
0.775
0.69
0.68
0.74
0.729
0.725
0.812
0.758
0.666
0.666
0.731
0.917
0.837
0.798
0.779
0.721
0.711
0.711
0.782
0.816
0.844
0.763
0.769
0.814
0.797
0.842
0.831
0.912
0.91
0.928
0.897
0.848
0.792
0.789
0.811
0.811
0.756
0.719
0.735
0.745
0.774
0.746
0.773
0.786
0.747
0.808
0.824
0.858
0.767
0.74
0.781
0.769
0.867
0.809
0.819
0.7
0.712
0.894
0.795
0.795
0.805
0.829
0.752
0.76
0.769
0.647
0.67
0.745
0.765
0.699
0.666
0.656
0.737
0.7
0.665
0.798
0.895
0.95
0.96
0.812
0.847
0.751
0.674
0.679
0.597
0.657
0.852
0.697
0.676
0.725
0.794
0.704
0.709
0.73
0.6
0.61
0.641
0.617
0.663
0.666
0.619
0.616
0.659
0.749
0.955
0.776
0.746
0.625
0.677
0.771
0.704
0.718
0.678
0.632
0.804
0.822
0.666
0.682
0.712
0.622
0.794
0.877
0.76
0.605
0.711
0.748
0.885
0.895
0.676
0.699
0.665
0.691
0.892
0.781
0.744
0.838
0.83
0.775
0.85
0.838
0.736
0.876
0.858
0.628
0.914
0.863
0.888
0.954
0.845
0.808
0.965
0.938
0.917
0.901
0.958
0.906
0.935
0.966
0.97
0.931
0.769
0.906
0.93
0.893
0.887
0.936
0.94
0.874
0.933
0.96
0.92
0.965
0.975
0.914
0.959
0.98
0.995
0.914
0.904
0.871
0.955
0.835
0.74
0.874
0.68
0.628
0.832
0.943
0.922
0.898
0.94
0.867
0.928
0.868
0.872
0.837
0.934
0.917
0.887
0.841
0.879
0.763
0.487
0.504
0.767
0.97
0.811
0.785
0.879
0.966
0.919
0.86
0.822
0.81
0.53
0.662
0.617
0.514
0.821
0.855
0.809
0.858
0.852
0.659
0.713
0.817
0.704
0.551
0.62
0.766
0.681
0.578
0.674
0.691
0.685
0.609
0.621
0.912
0.78
0.727
0.773
0.833
0.745
0.756
0.695
0.829
0.855
0.715
0.691
0.535
0.649
0.758
0.586
0.538
0.702
0.818
0.716
0.715
0.739
0.791
0.75
0.619
0.604
0.872
0.931
0.827
0.734
0.753
0.718
0.915
0.921
0.899
0.785
0.684
0.791
0.683
0.72
0.744
0.744
0.781
0.689
0.77
0.658
0.689
0.733
0.892
0.832
0.732
0.694
0.792
0.725
0.688
0.718
0.696
0.674
0.598
0.602
0.748
0.804
0.749
0.757
0.675
0.673
0.647
0.727
0.763
0.773
0.795
0.739
0.711
0.753
0.788
0.757
0.808
0.754
0.719
0.727
0.652
0.567
0.546
0.553
0.577
0.729
0.697
0.666
0.675
0.723
0.729
0.676
0.669
0.694
0.602
0.604
0.709
0.743
0.706
0.702
0.627
0.671
0.682
0.788
0.745
0.803
0.764
0.688
0.73
0.762
0.693
0.741
0.74
0.699
0.668
0.652
0.758
0.817
0.774
0.655
0.629
0.683
0.721
0.696
0.717
0.759
0.745
0.74
0.671
0.668
0.668
0.656
0.639
0.762
0.748
0.654
0.635
0.569
0.722
0.714
0.663
0.607
0.598
0.794
0.873
0.684
0.597
0.565
0.527
0.59
0.618
0.622
0.718
0.748
0.853
0.812
0.737
0.7
0.711
0.741
0.724
0.657
0.656
0.645
0.628
0.629
0.647
0.583
0.55
0.686
0.733
0.546
0.535
0.52
0.558
0.658
0.724
0.672
0.769
0.711
0.672
0.606
0.556
0.54
0.528
0.572
0.529
0.43
0.646
0.666
0.55
0.59
0.595
0.485
0.505
0.487
0.5
0.501
0.453
0.591
0.695
0.699
0.622
0.658
0.549
0.539
0.64
0.633
0.736
0.621
0.706
0.664
0.498
0.451
0.502
0.715
0.539
0.495
0.531
0.714
0.794
0.816
0.85
0.866
0.844
0.662
0.767
0.841
0.817
0.736
0.501
0.435
0.475
0.644
0.752
0.667
0.649
0.708
0.773
0.876
0.871
0.819
0.893
0.838
0.762
0.913
0.936
0.955
0.852
0.797
0.852
0.696
0.813
0.862
0.853
0.95
0.884
0.789
0.789
0.811
0.922
0.826
0.713
0.775
0.875
0.854
0.886
0.821
0.889
0.884
0.869
0.791
0.654
0.643
0.784
0.709
0.663
0.687
0.836
0.892
0.952
0.788
0.853
0.833
0.864
0.886
0.957
0.922
0.917
0.917
0.928
0.988
0.946
0.89
0.891
0.891
0.869
0.9
0.884
0.798
0.764
0.918
0.94
0.899
0.847
0.884
0.759
0.853
0.879
0.973
0.972
0.946
0.835
0.878
0.868
0.904
0.907
0.918
0.928
0.934
0.876
0.846
0.887
0.882
0.686
0.709
0.833
0.83
0.602
0.712
0.788
0.552
0.903
0.928
0.96
0.915
0.879
0.935
0.932
0.837
0.764
0.856
0.856
0.832
0.855
0.746
0.764
0.797
0.615
0.682
0.729
0.794
0.777
0.8
0.895
0.887
0.84
0.784
0.878
0.723
0.656
0.538
0.586
0.472
0.493
0.762
0.719
0.761
0.676
0.714
0.904
0.802
0.697
0.713
0.787
0.796
0.627
0.614
0.832
0.695
0.75
0.663
0.614
0.742
0.604
0.546
0.591
0.608
0.636
0.702
0.728
0.72
0.576
0.703
0.724
0.828
0.904
0.947
0.84
0.767
0.788
0.791
0.78
0.871
0.857
0.805
0.763
0.625
0.667
0.8
0.714
0.727
0.651
0.727
0.714
0.653
0.573
0.743
0.888
0.716
0.65
0.614
0.694
0.649
0.639
0.62
0.675
0.746
0.695
0.693
0.651
0.625
0.747
0.833
0.737
0.75
0.638
0.518
0.591
0.89
0.879
0.716
0.669
0.645
0.784
0.801
0.734
0.726
0.691
0.676
0.608
0.538
0.548
0.569
0.664
0.643
0.641
0.738
0.763
0.774
0.771
0.723
0.669
0.784
0.775
0.723
0.695
0.746
0.627
0.641
0.671
0.755
0.788
0.774
0.742
0.753
0.702
0.694
0.759
0.738
0.738
0.763
0.786
0.865
0.812
0.9
0.817
0.819
0.818
0.793
0.818
0.826
0.843
0.922
0.875
0.839
0.867
0.825
0.759
0.82
0.853
0.923
0.799
0.812
0.802
0.781
0.76
0.706
0.798
0.844
0.825
0.846
0.83
0.793
0.84
0.826
0.859
0.842
0.716
0.744
0.797
0.698
0.702
0.742
0.832
0.825
0.838
0.829
0.895
0.914
0.824
0.808
0.81
0.775
0.814
0.831
0.809
0.834
0.839
0.844
0.844
0.824
0.815
0.772
0.71
0.741
0.775
0.807
0.779
0.815
0.836
0.765
0.717
0.854
0.857
0.751
0.787
0.787
0.916
0.839
0.764
0.765
0.687
0.666
0.741
0.755
0.719
0.758
0.726
0.713
0.719
0.767
0.764
0.873
0.739
0.655
0.734
0.844
0.877
0.667
0.76
0.729
0.721
0.755
0.714
0.749
0.817
0.687
0.765
0.702
0.698
0.79
0.784
0.736
0.9
0.934
0.75
0.79
0.755
0.75
0.69
0.732
0.738
0.812
0.954
0.998
0.793
0.656
0.657
0.693
0.804
0.832
0.769
0.789
0.847
0.982
0.923
0.882
0.914
0.914
0.798
0.776
0.754
0.857
0.858
0.869
0.801
0.813
0.768
0.746
0.815
0.917
0.821
0.96
0.972
0.957
0.949
0.932
0.904
0.856
0.901
0.815
0.841
0.834
0.658
0.819
0.856
0.638
0.691
0.613
0.64
0.84
0.977
0.984
0.943
0.784
0.866
0.933
0.899
0.872
0.84
0.838
0.894
0.885
0.902
0.936
0.961
0.968
0.909
0.911
0.914
0.937
0.852
0.819
0.917
0.981
0.974
0.925
0.908
0.827
0.782
0.816
0.875
0.673
0.485
0.601
0.723
0.586
0.612
0.694
0.616
0.725
0.798
0.81
0.862
0.822
0.833
0.96
0.916
0.903
0.854
0.918
0.857
0.698
0.808
0.898
0.966
0.944
0.848
0.813
0.834
0.867
0.832
0.868
0.948
0.949
0.876
0.956
0.946
0.953
0.885
0.936
0.848
0.888
0.879
0.818
0.655
0.605
0.599
0.76
0.849
0.45
0.597
0.876
0.876
0.813
0.936
0.925
0.844
0.793
0.749
0.751
0.758
0.775
0.893
0.96
0.857
0.755
0.709
0.779
0.801
0.766
0.779
0.916
0.806
0.743
0.84
0.707
0.831
0.891
0.873
0.801
0.709
0.826
0.796
0.768
0.589
0.567
0.769
0.91
0.798
0.689
0.715
0.729
0.787
0.643
0.777
0.754
0.803
0.819
0.74
0.614
0.68
0.69
0.624
0.618
0.692
0.694
0.646
0.682
0.652
0.606
0.666
0.74
0.639
0.627
0.6
0.832
0.852
0.773
0.685
0.695
0.739
0.749
0.696
0.847
0.723
0.714
0.798
0.897
0.861
0.705
0.794
0.878
0.784
0.755
0.713
0.735
0.764
0.748
0.772
0.732
0.693
0.718
0.706
0.748
0.846
0.783
0.746
0.729
0.749
0.714
0.729
0.749
0.771
0.853
0.892
0.854
0.768
0.762
0.739
0.78
0.792
0.78
0.766
0.794
0.785
0.79
0.702
0.808
0.805
0.72
0.727
0.833
0.822
0.758
0.725
0.69
0.659
0.712
0.829
0.773
0.771
0.768
0.802
0.796
0.74
0.751
0.803
0.785
0.808
0.72
0.786
0.792
0.707
0.698
0.809
0.807
0.764
0.79
0.737
0.742
0.821
0.802
0.777
0.745
0.843
0.76
0.687
0.717
0.804
0.734
0.702
0.76
0.743
0.785
0.759
0.799
0.89
0.835
0.885
0.8
0.759
0.839
0.807
0.684
0.737
0.769
0.67
0.722
0.687
0.765
0.837
0.773
0.778
0.736
0.833
0.795
0.848
0.773
0.822
0.73
0.854
0.891
0.907
0.794
0.814
0.708
0.655
0.674
0.645
0.743
0.662
0.568
0.674
0.689
0.828
0.637
0.625
0.733
0.648
0.597
0.557
0.773
0.911
0.775
0.8
0.914
0.787
0.649
0.6
0.613
0.6
0.634
0.723
0.689
0.618
0.669
0.787
0.665
0.597
0.718
0.788
0.813
0.725
0.677
0.602
0.603
0.61
0.729
0.72
0.894
0.97
0.847
0.747
0.919
0.81
0.875
0.585
0.62
0.645
0.676
0.739
0.805
0.834
0.846
0.726
0.8
0.725
0.766
0.884
0.906
0.965
0.915
0.907
0.795
0.735
0.768
0.87
0.616
0.65
0.558
0.822
0.881
0.878
0.873
0.894
0.82
0.832
0.878
0.901
0.839
0.804
0.868
0.732
0.773
0.8
0.874
0.763
0.921
0.898
0.912
0.917
0.895
0.819
0.947
0.936
0.881
0.89
0.905
0.914
0.969
0.996
0.85
0.743
0.804
0.872
0.739
0.754
0.859
0.898
0.943
0.988
0.977
0.982
0.896
1.021
0.991
0.888
0.859
0.677
0.661
0.838
0.799
0.879
0.863
0.928
0.863
0.861
0.841
0.847
0.937
1.005
0.936
0.959
0.897
0.915
0.817
0.724
0.788
0.808
0.873
0.72
0.956
0.913
0.879
0.873
0.808
0.839
0.876
0.79
0.829
0.921
0.881
0.825
0.88
0.67
0.687
0.839
0.634
0.711
0.788
0.736
0.759
0.553
0.43
0.752
0.694
0.661
0.854
0.735
0.616
0.645
0.672
0.65
0.824
0.735
0.727
0.691
0.622
0.596
0.604
0.69
0.645
0.748
0.902
0.71
0.651
0.651
0.822
0.754
0.936
0.844
0.771
0.71
0.676
0.599
0.66
0.607
0.526
0.506
0.503
0.455
0.576
0.661
0.668
0.765
0.785
0.84
0.852
0.828
0.63
0.525
0.745
0.702
0.656
0.806
0.739
0.657
0.546
0.669
0.735
0.559
0.618
0.834
0.753
0.71
0.673
0.674
0.638
0.521
0.506
0.564
0.615
0.708
0.793
0.653
0.576
0.594
0.618
0.688
0.663
0.574
0.578
0.528
0.507
0.663
0.655
0.679
0.575
0.459
0.555
0.642
0.701
0.692
0.668
0.622
0.601
0.614
0.617
0.673
0.716
0.629
0.801
0.885
0.92
0.782
0.779
0.704
0.777
0.812
0.735
0.737
0.799
0.799
0.756
0.752
0.731
0.76
0.767
0.748
0.677
0.729
0.729
0.805
0.758
0.712
0.679
0.721
0.694
0.72
0.757
0.803
0.841
0.776
0.753
0.746
0.742
0.776
0.715
0.683
0.713
0.705
0.756
0.722
0.815
0.769
0.653
0.676
0.655
0.729
0.749
0.91
0.822
0.853
0.805
0.777
0.728
0.747
0.738
0.739
0.79
0.836
0.747
0.674
0.714
0.729
0.708
0.711
0.756
0.709
0.611
0.721
0.652
0.567
0.577
0.559
0.679
0.694
0.62
0.561
0.586
0.595
0.614
0.536
0.56
0.577
0.517
0.534
0.585
0.545
0.484
0.461
0.418
0.516
0.54
0.717
0.746
0.774
0.922
0.765
0.737
0.589
0.749
0.723
0.679
0.742
0.645
0.558
0.589
0.645
0.704
0.611
0.596
0.59
0.66
0.699
0.723
0.657
0.576
0.517
0.839
0.774
0.645
0.572
0.571
0.67
0.689
0.683
0.59
0.578
0.522
0.563
0.748
0.961
0.739
0.642
0.862
0.92
0.861
0.625
0.645
0.902
0.796
0.757
0.745
0.764
0.878
0.807
0.75
0.837
0.741
0.658
0.664
0.566
0.576
0.603
0.595
0.679
0.536
0.913
0.812
0.651
0.728
0.683
0.616
0.659
0.823
0.925
0.916
0.931
0.866
0.96
0.966
0.909
0.846
0.927
0.957
0.996
0.979
0.964
0.941
0.868
0.805
0.777
0.78
0.873
0.91
0.845
0.869
0.839
0.898
0.81
0.667
0.809
0.945
0.728
0.828
0.699
0.777
0.956
0.936
0.919
0.947
0.928
0.996
0.961
0.887
0.837
0.899
0.869
0.881
0.937
0.978
0.979
0.905
0.87
0.895
0.916
0.916
0.937
0.939
0.914
0.933
0.885
0.966
0.95
0.871
0.826
0.87
0.638
0.75
0.838
0.811
0.889
0.927
0.724
0.689
0.804
0.812
0.952
0.864
0.813
0.755
0.767
0.842
0.83
0.738
0.817
0.707
0.703
0.863
0.958
0.945
0.756
0.439
0.471
0.57
0.842
0.912
1.012
0.858
0.583
0.551
0.76
0.678
0.545
0.558
0.605
0.576
0.672
0.699
0.751
0.663
0.742
0.701
0.707
0.61
0.507
0.532
0.669
0.859
0.881
0.786
0.698
0.725
0.714
0.685
0.763
0.422
0.602
0.656
0.817
0.936
0.853
0.896
0.777
0.811
0.708
0.599
0.641
0.778
0.872
0.745
0.838
0.836
0.768
0.657
0.665
0.699
0.638
0.731
0.699
0.59
0.785
0.735
0.7
0.63
0.686
0.806
0.649
0.574
0.627
0.821
0.813
0.825
0.727
0.759
0.746
0.677
0.635
0.804
0.881
0.714
0.641
0.622
0.579
0.711
0.864
0.916
0.786
0.734
0.839
0.865
0.788
0.636
0.777
0.85
0.8
0.802
0.729
0.742
0.739
0.837
0.808
0.82
0.795
0.758
0.617
0.621
0.578
0.604
0.598
0.608
0.675
0.69
0.717
0.704
0.719
0.722
0.763
0.784
0.773
0.763
0.781
0.815
0.75
0.694
0.653
0.729
0.781
0.799
0.766
0.727
0.719
0.704
0.707
0.7
0.747
0.778
0.777
0.739
0.786
0.756
0.733
0.795
0.85
0.766
0.796
0.791
0.801
0.818
0.792
0.798
0.766
0.703
0.734
0.734
0.819
0.846
0.821
0.843
0.779
0.819
0.889
0.878
0.806
0.841
0.84
0.803
0.822
0.832
0.8
0.81
0.869
0.847
0.788
0.755
0.73
0.719
0.792
0.818
0.772
0.72
0.808
0.779
0.795
0.761
0.728
0.622
0.605
0.65
0.588
0.587
0.768
0.912
0.764
0.631
0.548
0.73
0.712
0.635
0.63
0.651
0.738
0.573
0.558
0.806
0.83
0.793
0.571
0.592
0.636
0.59
0.547
0.531
0.573
0.564
0.614
0.566
0.789
0.821
0.95
0.912
0.765
0.723
0.668
0.644
0.594
0.66
0.636
0.743
0.607
0.57
0.508
0.544
0.608
0.809
0.786
0.679
0.588
0.637
0.62
0.674
0.792
0.8
0.755
0.746
0.897
0.923
0.922
0.804
0.622
0.578
0.751
0.806
0.724
0.583
0.793
0.928
0.751
0.867
0.829
0.824
0.921
0.918
0.944
0.915
0.928
0.894
0.878
0.868
0.804
0.868
0.905
0.928
0.846
0.666
0.822
0.824
0.841
0.838
0.881
0.866
0.58
0.636
0.693
0.886
0.78
0.817
0.82
0.914
0.973
0.984
0.947
0.937
0.974
0.937
0.932
0.874
0.953
0.947
0.926
0.924
0.889
0.881
0.914
0.962
0.988
0.974
0.998
0.974
0.886
0.928
0.906
0.895
0.884
0.938
0.948
0.83
0.878
0.939
1.005
1.035
0.958
1.098
1.004
0.935
1.016
0.83
0.93
0.981
0.981
0.962
0.863
0.863
0.931
0.87
0.869
0.833
0.8
0.835
0.799
0.757
0.688
0.824
0.893
0.938
0.97
0.961
0.922
0.895
0.759
0.852
0.911
0.877
0.865
0.931
0.823
0.887
0.896
0.957
0.925
0.977
0.735
0.677
0.802
1.009
0.913
0.729
0.804
0.814
0.632
0.747
0.891
0.942
0.804
0.645
0.675
0.691
0.715
0.73
0.668
0.693
0.78
0.701
0.632
0.67
0.82
0.887
0.855
0.868
0.915
0.774
0.85
0.5
0.629
0.812
0.817
0.749
0.872
0.742
0.681
0.697
0.872
0.704
0.631
0.684
0.66
0.716
0.662
0.562
0.664
0.829
0.768
0.891
0.809
0.678
0.629
0.667
0.728
0.743
0.853
0.916
0.792
0.764
0.782
0.659
0.686
0.943
0.92
0.759
0.615
0.69
0.891
0.86
0.825
0.83
0.958
0.876
0.803
0.941
0.713
0.614
0.555
0.82
0.918
0.882
0.809
0.762
0.765
0.787
0.651
0.747
0.888
0.713
0.803
0.943
0.88
0.757
0.671
0.577
0.649
0.835
0.777
0.762
0.762
0.818
0.824
0.834
0.842
0.791
0.739
0.795
0.782
0.758
0.705
0.708
0.823
0.812
0.821
0.827
0.791
0.795
0.734
0.777
0.796
0.662
0.672
0.727
0.734
0.771
0.712
0.695
0.758
0.664
0.633
0.625
0.719
0.731
0.754
0.697
0.589
0.687
0.744
0.741
0.79
0.818
0.795
0.807
0.84
0.768
0.7
0.837
0.772
0.787
0.799
0.787
0.717
0.773
0.836
0.858
0.814
0.84
0.806
0.77
0.749
0.793
0.798
0.813
0.819
0.767
0.725
0.766
0.771
0.786
0.797
0.821
0.815
0.732
0.751
0.798
0.798
0.797
0.798
0.818
0.734
0.7
0.73
0.752
0.784
0.719
0.699
0.684
0.64
0.677
0.65
0.682
0.666
0.825
0.853
0.805
0.783
0.76
0.718
0.765
0.862
0.918
0.898
0.888
0.803
0.712
0.647
0.595
0.82
0.827
0.774
0.769
0.682
0.827
0.882
0.851
0.692
0.703
0.701
0.755
0.692
0.676
0.633
0.651
0.697
0.825
0.909
0.843
0.703
0.695
0.639
0.662
0.722
0.731
0.752
0.853
0.656
0.76
0.753
0.812
0.894
0.785
0.671
0.819
0.853
0.692
0.817
0.815
0.606
0.631
0.604
0.752
0.753
0.7
0.861
0.962
0.811
0.769
0.817
0.891
0.852
0.84
0.81
0.849
0.817
0.842
0.842
0.779
0.713
0.832
0.818
0.818
0.882
0.913
0.883
0.803
0.886
0.867
0.905
0.955
0.725
0.854
0.862
0.822
0.884
0.901
0.938
0.876
0.838
0.955
0.961
0.878
0.831
0.848
0.905
0.938
0.877
0.734
0.813
0.872
0.899
0.962
0.919
0.733
0.881
0.941
0.927
0.941
0.907
0.918
0.946
1.019
0.98
0.984
0.97
0.611
0.652
0.835
0.952
0.912
0.827
0.79
0.829
0.854
0.915
0.938
0.793
0.84
0.944
0.985
0.979
0.938
0.883
0.875
0.948
0.833
0.962
0.926
0.887
0.947
0.95
0.955
0.929
0.876
0.98
0.906
0.899
0.88
0.882
0.801
0.837
0.874
0.896
0.775
0.883
0.86
0.872
0.818
0.782
0.913
0.852
0.939
0.884
0.871
0.839
0.854
0.94
0.953
0.823
0.925
0.88
0.766
0.854
0.895
0.814
0.672
0.805
0.822
0.769
0.733
0.592
0.641
0.925
0.576
0.54
0.612
0.822
0.662
0.694
0.763
0.801
0.777
0.668
0.886
0.812
0.745
0.767
0.956
0.901
0.723
0.583
0.489
0.666
0.719
0.792
0.765
0.633
0.644
0.475
0.531
0.689
0.918
0.871
0.664
0.569
0.738
0.793
0.676
0.532
0.557
0.667
0.743
0.758
0.724
0.704
0.601
0.713
0.792
0.605
0.631
0.779
0.738
0.949
0.738
0.722
0.721
0.585
0.808
0.877
0.73
0.667
0.741
0.621
0.72
0.735
0.711
0.678
0.781
0.792
0.752
0.669
0.631
0.602
0.622
0.964
0.799
0.712
0.761
0.917
0.826
0.926
0.963
0.959
0.92
0.77
0.674
0.709
0.729
0.767
0.701
0.602
0.611
0.776
0.776
0.713
0.65
0.756
0.793
0.826
0.75
0.744
0.776
0.752
0.659
0.727
0.757
0.767
0.683
0.673
0.741
0.794
0.835
0.823
0.811
0.799
0.736
0.725
0.773
0.773
0.857
0.77
0.688
0.689
0.728
0.781
0.796
0.776
0.768
0.818
0.758
0.713
0.788
0.923
0.866
0.836
0.758
0.833
0.803
0.788
0.768
0.737
0.651
0.734
0.802
0.811
0.807
0.75
0.665
0.71
0.673
0.757
0.833
0.892
0.93
0.917
0.786
0.875
0.876
0.877
0.938
0.808
0.903
0.889
0.857
0.812
0.91
0.876
0.851
0.803
0.819
0.851
0.805
0.833
0.805
0.784
0.807
0.73
0.737
0.783
0.807
0.84
0.878
0.877
0.852
0.831
0.787
0.762
0.81
0.762
0.839
0.734
0.731
0.907
0.768
0.718
0.842
0.791
0.791
0.775
0.747
0.791
0.717
0.76
0.747
0.673
0.727
0.751
0.702
0.705
0.694
0.664
0.719
0.738
0.652
0.714
0.816
0.773
0.648
0.674
0.718
0.659
0.615
0.703
0.646
0.696
0.651
0.664
0.903
0.945
0.85
0.749
0.762
0.704
0.787
0.877
0.897
0.778
0.812
0.773
0.777
0.859
0.782
0.814
0.822
0.659
0.661
0.632
0.903
0.935
0.913
0.855
0.983
0.954
0.942
0.934
0.917
0.779
0.629
0.787
0.881
0.792
0.9
0.978
0.945
0.809
0.714
0.894
0.91
0.816
0.777
0.918
0.92
0.953
0.971
0.934
0.933
0.919
0.965
0.93
0.884
0.872
0.84
0.947
0.914
0.856
0.958
0.952
0.979
0.981
0.918
0.855
0.707
0.743
0.852
0.716
0.816
0.871
0.938
0.968
0.96
0.956
0.99
0.957
0.933
0.805
0.638
0.837
0.909
0.762
0.941
0.94
0.954
0.918
0.887
0.869
0.875
0.932
0.97
0.965
0.915
0.896
0.957
0.902
0.919
0.897
0.883
0.784
0.792
0.799
0.749
0.713
0.797
0.885
0.857
0.778
0.76
0.946
0.922
0.816
0.834
0.77
0.909
0.983
1.009
0.956
0.934
0.883
0.812
0.858
0.85
0.838
0.82
0.858
0.782
0.834
0.823
0.879
0.851
0.807
0.78
0.767
0.914
0.976
0.631
0.567
0.657
0.72
0.741
0.63
0.595
0.852
0.99
0.97
0.949
0.919
0.823
0.768
0.67
0.677
0.813
0.745
0.783
0.822
0.777
0.812
0.805
0.777
0.752
0.802
0.672
0.624
0.611
0.822
0.957
0.723
0.607
0.618
0.61
0.874
0.84
0.872
0.765
0.638
0.768
0.76
0.627
0.75
0.628
0.606
0.641
0.907
0.74
0.712
0.832
0.903
0.873
0.838
0.849
0.836
0.723
0.715
0.78
0.912
0.799
0.824
0.831
0.789
0.785
0.728
0.618
0.701
0.611
0.521
0.598
0.652
0.631
0.672
0.684
0.836
0.817
0.7
0.612
0.651
0.698
0.649
0.734
0.673
0.665
0.74
0.662
0.695
0.63
0.649
0.577
0.825
0.835
0.867
0.819
0.763
0.792
0.774
0.789
0.79
0.726
0.738
0.73
0.757
0.734
0.739
0.696
0.712
0.75
0.738
0.756
0.752
0.785
0.757
0.67
0.676
0.779
0.764
0.786
0.805
0.794
0.754
0.719
0.675
0.631
0.633
0.692
0.778
0.847
0.764
0.677
0.76
0.794
0.822
0.837
0.798
0.753
0.698
0.689
0.742
0.812
0.801
0.702
0.739
0.684
0.643
0.746
0.896
0.902
0.868
0.846
0.81
0.82
0.844
0.797
0.834
0.802
0.801
0.818
0.791
0.805
0.804
0.795
0.754
0.835
0.82
0.826
0.893
0.86
0.785
0.726
0.778
0.821
0.83
0.722
0.69
0.779
0.728
0.715
0.685
0.783
0.821
0.733
0.712
0.685
0.728
0.76
0.735
0.688
0.754
0.869
0.816
0.748
0.731
0.797
0.79
0.775
0.658
0.684
0.791
0.783
0.775
0.724
0.593
0.639
0.67
0.63
0.874
0.839
0.81
0.796
0.895
0.847
0.771
0.678
0.679
0.701
0.678
0.718
0.67
0.668
0.734
0.774
0.766
0.696
0.772
0.66
0.693
0.658
0.654
0.599
0.679
0.828
0.77
0.839
0.795
0.761
0.712
0.759
0.682
0.601
0.61
0.672
0.69
0.721
0.93
0.655
0.688
0.708
0.731
0.792
0.76
0.767
0.685
0.737
0.69
0.654
0.677
0.717
0.726
0.66
0.817
0.744
0.78
0.887
0.879
0.8
0.743
0.888
0.912
0.896
0.907
0.847
0.718
0.735
0.754
0.802
0.718
0.694
0.827
0.77
0.85
0.821
0.782
0.83
0.867
0.942
0.796
0.68
0.757
0.795
0.795
0.865
0.924
0.958
0.7
0.752
0.63
0.771
0.938
0.87
0.874
1.031
0.975
0.969
0.897
0.945
0.88
0.972
0.938
0.856
0.904
1.001
0.998
0.945
0.876
0.89
0.963
1
0.872
0.9
0.928
0.896
0.894
0.94
0.857
0.876
0.91
0.894
0.978
0.887
0.874
0.835
0.839
0.93
0.976
0.943
0.806
0.958
0.899
0.566
0.619
0.623
0.743
0.873
0.712
0.613
0.583
0.498
0.488
0.538
0.717
0.87
0.832
0.905
0.931
0.816
0.745
0.91
0.714
0.701
0.91
0.782
0.828
0.91
0.835
0.802
0.77
0.745
0.78
0.793
0.868
0.898
0.831
0.745
0.641
0.71
0.701
0.641
0.672
0.652
0.68
0.625
0.558
0.641
0.534
0.55
0.874
0.825
0.76
0.803
0.775
0.763
0.681
0.708
0.883
0.746
0.85
0.742
0.627
0.54
0.682
0.938
0.879
0.828
0.752
0.77
0.831
0.866
0.919
0.685
0.604
0.556
0.628
0.725
0.672
0.586
0.55
0.572
0.567
0.55
0.741
0.776
0.638
0.75
0.782
0.606
0.674
0.691
0.765
0.861
0.743
0.699
0.703
0.729
0.721
0.594
0.617
0.727
0.878
0.849
0.711
0.711
0.598
0.592
0.603
0.537
0.712
0.786
0.78
0.774
0.669
0.714
0.719
0.679
0.672
0.562
0.622
0.643
0.63
0.729
0.758
0.684
0.681
0.673
0.613
0.593
0.642
0.64
0.638
0.61
0.712
0.74
0.675
0.761
0.793
0.772
0.681
0.814
0.78
0.754
0.761
0.761
0.772
0.684
0.665
0.738
0.75
0.629
0.625
0.721
0.685
0.687
0.715
0.76
0.793
0.775
0.792
0.842
0.795
0.763
0.802
0.716
0.689
0.737
0.751
0.755
0.765
0.745
0.764
0.714
0.668
0.731
0.731
0.687
0.76
0.811
0.703
0.758
0.766
0.802
0.855
0.855
0.703
0.698
0.768
0.756
0.802
0.78
0.67
0.641
0.712
0.828
0.859
0.833
0.778
0.74
0.649
0.698
0.676
0.604
0.566
0.523
0.52
0.621
0.737
0.711
0.54
0.545
0.492
0.415
0.472
0.535
0.489
0.407
0.511
0.524
0.442
0.435
0.596
0.574
0.446
0.387
0.476
0.598
0.488
0.439
0.673
0.864
0.747
0.604
0.593
0.842
0.845
0.678
0.697
0.668
0.826
0.936
0.897
0.683
0.528
0.735
0.722
0.61
0.736
0.876
0.745
0.619
0.622
0.559
0.642
0.753
0.692
0.627
0.554
0.64
0.668
0.602
0.552
0.668
0.649
0.782
0.664
0.582
0.647
0.643
0.52
0.552
0.698
0.74
0.769
0.741
0.74
0.725
0.615
0.687
0.6
0.561
0.655
0.803
0.738
0.742
0.702
0.717
0.736
0.89
0.835
0.746
0.719
0.596
0.727
0.785
0.706
0.83
0.931
0.821
0.747
0.715
0.724
0.81
0.743
0.833
0.874
0.94
0.925
0.835
0.907
0.863
0.956
0.946
0.637
0.838
0.833
0.821
0.837
0.89
0.784
0.829
0.971
0.966
0.944
0.88
0.968
0.97
0.964
0.775
0.815
0.898
0.874
0.893
0.966
0.844
0.773
0.884
0.704
0.735
0.821
0.707
0.85
0.846
0.902
0.797
0.835
0.933
0.842
0.862
0.76
0.721
0.733
0.776
0.953
0.856
0.757
0.583
0.827
0.899
0.662
0.645
0.751
0.664
0.706
0.867
0.92
0.646
0.779
0.923
0.79
0.837
0.595
0.861
0.926
0.965
0.908
0.817
0.778
0.832
0.892
0.857
0.853
0.661
0.542
0.651
0.649
0.579
0.533
0.627
0.566
0.581
0.635
0.634
0.739
0.72
0.683
0.567
0.593
0.616
0.743
0.58
0.499
0.85
0.93
0.883
0.766
0.696
0.717
0.674
0.522
0.651
0.645
0.74
0.593
0.529
0.465
0.734
0.794
0.689
0.521
0.545
0.764
0.843
0.619
0.585
0.714
0.696
0.584
0.67
0.706
0.669
0.787
0.786
0.823
0.873
0.895
0.801
0.627
0.631
0.579
0.521
0.479
0.585
0.499
0.575
0.739
0.782
0.658
0.726
0.729
0.689
0.683
0.752
0.741
0.751
0.621
0.749
0.754
0.611
0.545
0.667
0.747
0.718
0.909
0.765
0.685
0.689
0.748
0.674
0.588
0.598
0.849
0.947
0.805
0.729
0.741
0.701
0.705
0.698
0.694
0.896
0.727
0.614
0.636
0.628
0.668
0.716
0.824
0.78
0.742
0.777
0.761
0.761
0.886
0.726
0.741
0.792
0.729
0.718
0.776
0.801
0.753
0.753
0.667
0.765
0.714
0.697
0.721
0.801
0.823
0.807
0.769
0.72
0.664
0.739
0.797
0.775
0.718
0.741
0.765
0.807
0.821
0.781
0.792
0.834
0.776
0.786
0.749
0.718
0.739
0.736
0.773
0.756
0.739
0.781
0.833
0.832
0.838
0.839
0.817
0.804
0.731
0.915
0.813
0.827
0.87
0.821
0.785
0.762
0.734
0.772
0.851
0.803
0.876
0.919
0.762
0.732
0.757
0.808
0.857
0.797
0.752
0.773
0.83
0.846
0.835
0.819
0.832
0.819
0.8
0.83
0.844
0.763
0.776
0.748
0.803
0.834
0.869
0.887
0.816
0.731
0.826
0.825
0.74
0.749
0.74
0.686
0.757
0.804
0.8
0.911
0.901
0.81
0.759
0.744
0.759
0.651
0.658
0.683
0.715
0.74
0.853
0.963
0.877
0.709
0.75
0.706
0.678
0.657
0.614
0.593
0.635
0.804
0.795
0.874
0.742
0.697
0.672
0.674
0.716
0.76
0.856
0.884
0.811
0.761
0.767
0.739
0.651
0.595
0.627
0.569
0.633
0.648
0.626
0.66
0.878
0.897
0.946
0.886
0.738
0.82
0.927
0.78
0.687
0.739
0.762
0.81
0.761
0.682
0.834
0.842
0.798
0.807
0.915
0.958
0.932
0.883
0.913
0.912
0.833
0.673
0.836
0.824
0.781
0.63
0.86
0.927
0.686
0.795
0.982
0.914
0.937
0.942
0.908
0.991
0.987
0.835
0.9
0.901
0.856
0.803
0.897
0.845
0.843
0.894
0.919
0.865
0.931
0.939
0.938
0.946
0.933
0.967
0.965
0.971
0.954
0.984
0.917
0.885
0.969
0.992
0.963
0.987
0.996
1.002
0.96
0.953
0.967
0.955
0.855
0.914
0.95
0.979
0.976
0.823
0.891
0.891
0.922
0.949
0.972
0.947
0.882
0.829
0.819
0.868
0.96
0.931
0.825
0.864
0.979
0.81
0.647
0.793
0.821
0.961
0.879
0.86
0.55
0.587
0.635
0.853
0.662
0.831
0.897
0.897
0.907
0.728
0.733
0.5
0.57
0.819
0.807
0.745
0.71
0.64
0.778
0.751
0.79
0.636
0.715
0.809
0.906
0.747
0.737
0.851
0.902
0.767
0.655
0.762
0.749
0.657
0.649
0.667
0.613
0.656
0.631
0.611
0.753
0.809
0.769
0.803
0.639
0.664
0.685
0.66
0.918
0.808
0.712
0.696
0.826
0.883
0.718
0.703
0.645
0.836
0.861
0.685
0.635
0.573
0.838
0.858
0.819
0.765
0.743
0.557
0.545
0.608
0.6
0.54
0.517
0.542
0.629
0.613
0.6
0.756
0.687
0.777
0.715
0.585
0.601
0.679
0.743
0.591
0.614
0.914
0.874
0.816
0.759
0.703
0.669
0.799
0.832
0.65
0.778
0.771
0.818
0.85
0.831
0.786
0.695
0.637
0.812
0.862
0.872
0.782
0.847
0.947
0.815
0.646
0.606
0.689
0.737
0.686
0.671
0.72
0.701
0.735
0.629
0.606
0.663
0.72
0.769
0.823
0.732
0.665
0.603
0.678
0.648
0.657
0.679
0.763
0.782
0.686
0.795
0.837
0.733
0.633
0.754
0.778
0.674
0.694
0.706
0.697
0.663
0.679
0.61
0.646
0.732
0.802
0.808
0.779
0.775
0.788
0.767
0.774
0.789
0.811
0.714
0.834
0.889
0.792
0.756
0.723
0.795
0.81
0.748
0.671
0.707
0.792
0.796
0.818
0.832
0.819
0.825
0.772
0.695
0.623
0.792
0.806
0.809
0.797
0.853
0.708
0.842
0.875
0.808
0.82
0.843
0.773
0.752
0.69
0.73
0.79
0.744
0.658
0.682
0.739
0.698
0.647
0.687
0.76
0.835
0.803
0.715
0.619
0.725
0.752
0.707
0.629
0.688
0.867
0.947
0.821
0.759
0.822
0.789
0.918
0.901
0.823
0.805
0.782
0.77
0.671
0.664
0.686
0.644
0.749
0.955
0.784
0.636
0.638
0.621
0.764
0.926
0.946
0.887
0.901
0.732
0.862
0.734
0.648
0.7
0.696
0.747
0.866
0.863
0.916
0.795
0.692
0.737
0.641
0.666
0.692
0.646
0.631
0.785
0.698
0.636
0.653
0.617
0.646
0.738
0.743
0.775
0.715
0.629
0.624
0.79
0.773
0.796
0.815
0.768
0.879
0.752
0.65
0.667
0.676
0.808
0.852
0.749
0.847
0.808
0.949
0.937
0.837
0.813
0.817
0.814
0.77
0.714
0.826
0.815
0.802
0.722
0.77
0.944
0.946
0.944
0.862
0.907
0.975
0.901
0.933
0.675
0.666
0.692
0.85
0.582
0.683
0.801
0.893
0.898
0.77
0.82
0.839
0.921
0.848
0.846
0.92
0.896
0.935
0.888
0.886
0.925
0.949
0.939
0.928
0.913
0.892
0.921
0.807
0.838
0.792
0.859
0.927
0.933
0.904
0.897
0.945
0.742
0.702
0.743
0.823
0.893
0.959
0.961
0.945
0.825
0.877
0.861
0.89
0.93
0.89
0.899
0.864
0.965
0.853
0.818
0.751
0.722
0.749
0.864
0.762
0.745
0.776
0.944
0.856
0.83
0.736
0.725
0.748
0.926
0.707
0.541
0.752
0.848
0.898
0.549
0.803
0.784
0.809
0.856
0.871
0.543
0.481
0.719
0.795
0.81
0.859
0.787
0.73
0.83
0.826
0.896
0.83
0.441
0.661
0.743
0.886
0.933
0.947
0.916
0.884
0.807
0.714
0.701
0.905
0.866
0.664
0.682
0.65
0.634
0.881
0.918
0.765
0.767
0.778
0.873
0.873
0.842
0.777
0.783
0.781
0.774
0.851
0.807
0.887
0.737
0.713
0.715
0.647
0.767
0.913
0.836
0.731
0.694
0.872
0.671
0.642
0.657
0.853
0.863
0.928
0.896
0.667
0.753
0.926
0.942
0.773
0.728
0.868
0.875
0.805
0.704
0.713
0.697
0.623
0.725
0.826
0.88
0.803
0.709
0.767
0.769
0.807
0.755
0.705
0.675
0.817
0.88
0.817
0.893
0.787
0.724
0.701
0.72
0.738
0.771
0.786
0.796
0.811
0.746
0.706
0.656
0.675
0.75
0.668
0.68
0.664
0.682
0.667
0.77
0.805
0.764
0.627
0.751
0.824
0.764
0.737
0.738
0.722
0.71
0.633
0.659
0.764
0.752
0.682
0.594
0.627
0.616
0.658
0.751
0.753
0.78
0.761
0.733
0.736
0.776
0.811
0.774
0.747
0.811
0.827
0.816
0.839
0.812
0.731
0.721
0.771
0.75
0.793
0.772
0.781
0.756
0.72
0.64
0.614
0.709
0.773
0.732
0.756
0.799
0.76
0.749
0.763
0.871
0.793
0.697
0.82
0.853
0.873
0.767
0.685
0.691
0.772
0.775
0.684
0.7
0.733
0.694
0.711
0.611
0.594
0.576
0.529
0.424
0.406
0.486
0.582
0.455
0.38
0.497
0.734
0.627
0.46
0.558
0.72
0.824
0.795
0.728
0.688
0.583
0.618
0.791
0.933
0.798
0.715
0.707
0.736
0.736
0.781
0.806
0.762
0.612
0.612
0.538
0.555
0.595
0.705
0.79
0.687
0.493
0.553
0.662
0.552
0.693
0.774
0.61
0.628
0.614
0.751
0.697
0.852
0.909
0.777
0.657
0.75
0.718
0.688
0.637
0.573
0.624
0.738
0.709
0.852
0.692
0.714
0.838
0.933
0.853
0.784
0.706
0.754
0.849
0.821
0.795
0.728
0.792
0.675
0.813
0.83
0.861
0.878
0.772
0.738
0.854
0.815
0.785
0.827
0.657
0.746
0.854
0.856
0.92
0.896
0.956
0.923
0.827
0.93
0.895
0.939
0.932
0.941
0.932
0.837
0.926
0.946
0.982
0.861
0.735
0.811
0.68
0.834
0.936
0.937
0.971
0.979
1
0.969
0.941
0.864
0.9
0.938
0.941
0.961
0.928
0.934
0.976
0.968
0.873
0.793
0.856
0.803
0.789
0.751
0.895
0.844
0.851
0.844
0.847
0.812
0.808
0.714
0.842
0.881
0.873
0.728
0.917
0.93
0.924
0.995
0.98
0.996
0.987
0.9
0.687
0.852
0.814
0.76
0.793
0.919
0.752
0.769
0.81
0.92
0.881
0.855
0.931
0.954
0.976
0.98
0.955
0.994
0.894
0.875
0.751
0.836
0.97
0.962
0.972
0.967
0.813
0.955
0.947
0.866
0.962
0.909
0.825
0.718
0.829
0.847
0.932
0.9
0.788
0.86
0.758
0.894
0.914
0.875
0.903
0.812
0.773
0.685
0.803
0.71
0.613
0.723
0.854
0.588
0.709
0.775
0.752
0.795
0.944
0.894
0.673
0.901
0.911
0.853
0.81
0.723
0.642
0.669
0.627
0.621
0.618
0.772
0.891
0.786
0.738
0.811
0.819
0.638
0.477
0.634
0.657
0.467
0.566
0.627
0.698
0.751
0.902
0.804
0.662
0.813
0.756
0.8
0.865
0.884
0.826
0.845
0.861
0.675
0.643
0.869
0.837
0.826
0.863
0.846
0.864
0.755
0.706
0.781
0.778
0.77
0.753
0.704
0.683
0.723
0.776
0.884
0.735
0.601
0.805
0.902
0.809
0.668
0.817
0.773
0.735
0.679
0.79
0.897
0.878
0.759
0.732
0.789
0.85
0.786
0.737
0.724
0.67
0.612
0.61
0.629
0.685
0.76
0.744
0.669
0.746
0.724
0.705
0.683
0.669
0.777
0.833
0.795
0.803
0.832
0.869
0.861
0.819
0.763
0.677
0.681
0.787
0.77
0.727
0.813
0.721
0.717
0.842
0.832
0.806
0.747
0.764
0.818
0.859
0.857
0.728
0.685
0.763
0.778
0.824
0.805
0.819
0.838
0.809
0.81
0.797
0.813
0.788
0.809
0.835
0.831
0.804
0.841
0.863
0.808
0.763
0.705
0.756
0.837
0.854
0.718
0.698
0.853
0.872
0.802
0.813
0.842
0.782
0.776
0.965
0.934
0.877
0.827
0.746
0.703
0.746
0.817
0.831
0.828
0.808
0.789
0.787
0.82
0.809
0.709
0.645
0.74
0.841
0.742
0.661
0.898
0.784
0.82
0.768
0.707
0.807
0.794
0.806
0.724
0.651
0.633
0.682
0.828
0.704
0.629
0.638
0.691
0.657
0.764
0.762
0.717
0.586
0.756
0.74
0.797
0.694
0.599
0.745
0.708
0.758
0.73
0.698
0.644
0.819
0.84
0.721
0.771
0.805
0.722
0.771
0.837
0.857
0.851
0.779
0.849
0.825
0.681
0.581
0.564
0.576
0.889
0.896
0.69
0.591
0.749
0.916
0.851
0.934
0.845
0.769
0.815
0.889
0.802
0.871
0.632
0.797
0.883
0.869
0.81
0.765
0.728
0.602
0.588
0.725
0.895
0.923
0.857
0.891
0.902
0.965
0.863
0.678
0.746
0.912
0.949
0.909
0.886
0.867
0.905
0.846
0.843
0.876
0.959
0.948
0.905
0.924
0.89
0.77
0.94
0.84
0.765
0.786
0.955
0.946
0.872
0.931
0.874
0.794
0.897
0.875
0.795
0.89
0.944
0.909
0.852
0.887
0.853
0.933
0.939
0.838
0.768
0.868
0.855
0.792
0.872
0.869
0.941
0.959
0.886
0.865
0.88
0.885
0.954
0.986
0.962
0.927
0.927
0.974
0.922
0.917
0.921
0.93
0.849
0.903
0.912
0.921
0.877
0.858
0.881
0.894
0.895
0.954
0.859
0.817
0.882
0.922
0.897
0.873
0.841
0.76
0.723
0.836
0.853
0.825
0.916
0.911
0.836
0.749
0.765
0.785
0.697
0.717
0.529
0.525
0.78
0.709
0.835
0.852
0.908
0.86
0.892
0.715
0.55
0.648
0.828
0.897
0.909
0.871
0.852
0.843
0.938
0.885
0.851
0.799
0.747
0.701
0.549
0.608
0.752
0.762
0.73
0.666
0.72
0.76
0.819
0.665
0.584
0.657
0.755
0.704
0.686
0.803
0.782
0.831
0.799
0.621
0.756
0.697
0.695
0.637
0.629
0.761
0.859
0.877
0.673
0.68
0.752
0.696
0.804
0.74
0.729
0.722
0.739
0.708
0.713
0.776
0.857
0.758
0.762
0.777
0.768
0.812
0.82
0.782
0.763
0.778
0.822
0.78
0.784
0.797
0.745
0.802
0.82
0.692
0.69
0.692
0.656
0.637
0.643
0.703
0.746
0.742
0.831
0.933
0.886
0.819
0.828
0.757
0.791
0.8
0.799
0.754
0.641
0.728
0.749
0.695
0.722
0.85
0.692
0.694
0.727
0.722
0.682
0.708
0.71
0.807
0.812
0.79
0.787
0.778
0.797
0.768
0.776
0.784
0.847
0.804
0.813
0.782
0.748
0.776
0.818
0.766
0.773
0.789
0.819
0.79
0.754
0.793
0.88
0.913
0.837
0.777
0.825
0.85
0.791
0.741
0.814
0.858
0.85
0.752
0.743
0.728
0.764
0.826
0.836
0.819
0.795
0.765
0.745
0.737
0.748
0.858
0.895
0.923
0.852
0.78
0.828
0.816
0.803
0.817
0.842
0.85
0.889
0.873
0.757
0.736
0.762
0.825
0.795
0.792
0.778
0.818
0.874
0.845
0.705
0.689
0.741
0.746
0.738
0.766
0.799
0.801
0.738
0.718
0.709
0.634
0.593
0.622
0.687
0.735
0.686
0.656
0.702
0.83
0.664
0.634
0.739
0.568
0.624
0.624
0.582
0.56
0.671
0.701
0.61
0.718
0.719
0.861
0.809
0.849
0.781
0.605
0.823
0.928
0.901
0.841
0.81
0.889
0.838
0.676
0.644
0.787
0.783
0.854
0.787
0.636
0.765
0.921
0.783
0.908
0.723
0.72
0.771
0.614
0.565
0.605
0.766
0.736
0.725
0.693
0.598
0.774
0.901
0.937
0.96
0.916
0.796
0.775
0.911
0.973
0.886
0.83
0.768
0.82
0.797
0.866
0.848
0.857
0.865
0.831
0.891
0.919
0.988
0.866
0.876
0.976
0.836
0.905
0.858
0.796
0.803
0.795
0.812
0.841
0.884
0.78
0.9
0.898
0.903
0.927
0.959
0.925
0.93
0.924
0.967
0.979
0.975
0.894
0.996
0.976
0.908
0.943
0.955
0.933
0.957
0.972
0.983
0.994
0.994
0.944
0.871
0.768
0.798
0.715
0.663
0.909
0.866
0.859
0.878
0.841
1.024
0.97
0.961
0.918
0.935
1.006
0.964
0.962
0.942
0.965
0.965
0.972
0.952
0.904
0.887
0.94
0.966
0.868
0.901
0.892
0.828
0.915
0.956
0.86
0.651
0.541
0.754
0.881
0.926
0.948
0.848
0.874
0.896
0.859
0.894
0.959
0.899
0.796
0.857
0.954
0.925
0.877
0.887
0.591
0.577
0.7
0.921
0.872
0.707
0.683
0.736
0.74
0.778
0.827
0.92
0.893
0.822
0.806
0.899
0.825
0.803
0.811
0.77
0.853
0.754
0.715
0.797
0.789
0.831
0.68
0.671
0.673
0.733
0.842
0.805
0.737
0.723
0.726
0.758
0.708
0.643
0.698
0.664
0.591
0.613
0.624
0.722
0.809
0.912
0.924
0.826
0.709
0.853
0.809
0.717
0.752
0.807
0.707
0.707
0.809
0.632
0.64
0.602
0.622
0.666
0.651
0.695
0.709
0.851
0.801
0.807
0.774
0.747
0.677
0.672
0.826
0.836
0.658
0.712
0.805
0.81
0.783
0.664
0.675
0.676
0.674
0.594
0.613
0.652
0.788
0.862
0.799
0.712
0.663
0.62
0.64
0.662
0.687
0.731
0.77
0.834
0.77
0.782
0.764
0.721
0.787
0.78
0.712
0.624
0.718
0.639
0.642
0.669
0.62
0.686
0.684
0.731
0.717
0.776
0.755
0.746
0.7
0.75
0.744
0.752
0.755
0.684
0.627
0.614
0.757
0.782
0.848
0.803
0.853
0.811
0.819
0.8
0.724
0.777
0.762
0.752
0.786
0.827
0.766
0.882
0.764
0.711
0.708
0.718
0.7
0.716
0.7
0.741
0.823
0.783
0.765
0.73
0.757
0.771
0.801
0.799
0.812
0.902
0.864
0.795
0.741
0.794
0.767
0.831
0.785
0.743
0.771
0.761
0.754
0.792
0.836
0.704
0.65
0.856
0.828
0.706
0.645
0.648
0.57
0.67
0.676
0.638
0.674
0.717
0.681
0.61
0.516
0.543
0.629
0.643
0.866
0.895
0.745
0.712
0.713
0.56
0.654
0.832
0.85
0.815
0.83
0.764
0.662
0.725
0.607
0.645
0.705
0.731
0.696
0.684
0.724
0.709
0.751
0.767
0.864
0.875
0.844
0.855
0.754
0.654
0.648
0.614
0.628
0.615
0.779
0.816
0.718
0.674
0.86
0.796
0.635
0.654
0.627
0.543
0.622
0.707
0.766
0.654
0.6
0.626
0.761
0.802
0.756
0.762
0.828
0.599
0.63
0.567
0.643
0.594
0.946
0.897
0.686
0.785
0.738
0.734
0.814
0.752
0.695
0.84
0.768
0.738
0.849
0.904
0.883
0.722
0.818
0.81
0.813
0.947
0.911
0.901
0.867
0.932
0.939
0.975
0.958
0.912
0.917
0.914
0.977
0.962
0.868
0.916
0.899
0.934
0.948
0.997
0.962
0.969
0.99
0.944
0.961
0.951
0.96
0.951
0.972
0.925
0.908
0.943
0.912
0.913
0.702
0.756
0.87
0.852
0.828
0.918
0.83
0.907
0.84
0.71
0.779
0.948
0.901
0.85
0.917
0.894
0.785
0.881
0.847
0.856
0.761
0.768
0.8
0.904
0.872
0.8
0.785
0.867
0.965
0.948
0.881
0.832
0.838
0.791
0.754
0.886
0.906
0.855
0.825
0.833
0.812
0.849
0.853
0.562
0.564
0.59
0.688
0.784
0.814
0.805
0.778
0.611
0.765
0.786
0.734
0.891
0.756
0.759
0.784
0.888
0.825
0.802
0.972
0.907
0.842
0.897
0.848
0.75
0.654
0.621
0.749
0.64
0.678
0.698
0.571
0.682
0.783
0.727
0.727
0.772
0.674
0.804
0.776
0.663
0.73
0.785
0.823
0.84
0.736
0.734
0.663
0.803
0.801
0.689
0.639
0.621
0.728
0.713
0.729
0.756
0.716
0.773
0.762
0.715
0.638
0.624
0.602
0.678
0.744
0.772
0.646
0.609
0.628
0.679
0.777
0.813
0.764
0.761
0.716
0.727
0.741
0.597
0.551
0.64
0.732
0.872
0.877
0.86
0.864
0.9
0.828
0.777
0.762
0.839
0.746
0.734
0.693
0.588
0.579
0.744
0.841
0.767
0.713
0.678
0.629
0.703
0.766
0.787
0.73
0.755
0.589
0.532
0.625
0.725
0.728
0.766
0.689
0.744
0.735
0.672
0.587
0.564
0.659
0.74
0.76
0.692
0.763
0.806
0.797
0.707
0.664
0.762
0.769
0.74
0.738
0.677
0.67
0.739
0.783
0.794
0.748
0.676
0.652
0.642
0.764
0.81
0.76
0.833
0.793
0.804
0.824
0.778
0.758
0.806
0.804
0.811
0.789
0.791
0.718
0.736
0.777
0.787
0.839
0.847
0.821
0.815
0.809
0.81
0.819
0.86
0.801
0.732
0.817
0.823
0.806
0.818
0.818
0.834
0.779
0.742
0.815
0.787
0.719
0.756
0.824
0.837
0.814
0.712
0.733
0.778
0.771
0.759
0.77
0.791
0.918
0.949
0.89
0.852
0.851
0.82
0.847
0.75
0.725
0.735
0.699
0.71
0.729
0.836
0.848
0.832
0.754
0.753
0.74
0.739
0.681
0.804
0.78
0.785
0.68
0.829
0.831
0.818
0.713
0.62
0.605
0.746
0.664
0.762
0.725
0.689
0.793
0.815
0.774
0.646
0.693
0.667
0.628
0.729
0.809
0.653
0.676
0.688
0.59
0.622
0.954
0.869
0.906
0.785
0.718
0.835
0.836
0.786
0.739
0.677
0.908
0.806
0.648
0.727
0.789
0.681
0.639
0.758
0.709
0.668
0.69
0.849
0.916
0.832
0.829
0.951
0.788
0.812
0.801
0.864
0.971
0.853
0.813
0.872
0.734
0.674
0.736
0.788
0.682
0.685
0.802
0.804
0.704
0.831
0.91
0.923
0.762
0.768
0.676
0.721
0.761
0.786
0.567
0.395
0.543
0.685
0.774
0.881
0.874
0.859
0.812
0.938
0.802
0.757
0.774
0.878
0.983
0.898
0.891
0.911
0.928
0.905
0.841
0.832
0.862
0.878
0.901
0.832
0.837
0.886
0.979
0.934
0.885
0.859
0.839
0.666
0.772
0.9
0.965
0.924
0.931
0.815
0.616
0.775
0.877
0.757
0.894
0.956
0.911
0.934
0.807
0.847
0.929
0.884
0.846
0.899
0.857
0.909
0.897
0.733
0.676
0.728
0.793
0.855
0.882
0.889
0.882
0.898
0.929
0.929
0.851
0.881
0.892
0.961
0.87
0.959
0.926
0.954
0.929
0.811
0.892
0.967
0.959
0.929
0.869
0.918
0.849
0.82
0.817
0.788
0.535
0.813
0.847
0.845
0.812
0.702
0.665
0.838
0.867
0.834
0.676
0.683
0.596
0.749
0.828
0.877
0.874
0.922
0.913
0.822
0.763
0.78
0.817
0.637
0.699
0.753
0.825
0.711
0.738
0.926
0.695
0.651
0.641
0.797
0.799
0.689
0.864
0.919
0.766
0.66
0.746
0.681
0.694
0.754
0.807
0.677
0.52
0.548
0.693
0.761
0.888
0.919
0.909
0.806
0.703
0.763
0.824
0.817
0.755
0.784
0.797
0.67
0.669
0.697
0.72
0.708
0.63
0.795
0.729
0.617
0.698
0.774
0.794
0.64
0.625
0.765
0.775
0.738
0.597
0.581
0.706
0.699
0.742
0.694
0.676
0.651
0.552
0.596
0.667
0.694
0.779
0.835
0.694
0.673
0.737
0.71
0.561
0.545
0.631
0.629
0.616
0.664
0.519
0.63
0.592
0.701
0.642
0.652
0.634
0.604
0.682
0.705
0.681
0.71
0.772
0.703
0.606
0.614
0.661
0.603
0.699
0.756
0.659
0.623
0.679
0.729
0.712
0.735
0.666
0.699
0.629
0.707
0.596
0.702
0.783
0.802
0.736
0.62
0.597
0.627
0.727
0.706
0.729
0.806
0.765
0.797
0.742
0.612
0.659
0.679
0.706
0.635
0.863
0.814
0.828
0.804
0.766
0.801
0.731
0.695
0.691
0.606
0.703
0.759
0.649
0.607
0.86
0.978
0.919
0.875
0.8
0.805
0.857
0.796
0.754
0.761
0.698
0.806
0.77
0.721
0.708
0.712
0.777
0.693
0.713
0.756
0.85
0.887
0.813
0.824
0.769
0.675
0.73
0.711
0.627
0.662
0.708
0.721
0.764
0.73
0.663
0.59
0.702
0.67
0.789
0.763
0.669
0.605
0.602
0.715
0.809
0.725
0.646
0.723
0.706
0.72
0.626
0.64
0.764
0.87
0.722
0.634
0.636
0.647
0.784
0.739
0.762
0.733
0.573
0.513
0.576
0.922
0.756
0.727
0.807
0.898
0.674
0.553
0.604
0.651
0.665
0.572
0.569
0.592
0.669
0.629
0.74
0.582
0.637
0.69
0.781
0.872
0.816
0.769
0.62
0.647
0.659
0.845
0.791
0.88
0.922
0.871
0.791
0.841
0.883
0.935
0.861
0.831
0.799
0.832
0.893
0.922
0.884
0.768
0.881
0.898
0.953
0.943
0.948
0.949
0.974
0.938
0.938
0.851
0.877
0.941
0.934
1.009
0.96
0.984
1.002
0.945
0.929
0.776
0.871
0.839
0.937
0.96
0.907
0.92
0.919
0.925
0.884
0.883
0.891
0.9
0.959
0.961
0.94
0.909
0.828
0.912
0.827
0.864
0.852
0.886
0.91
0.907
0.851
0.812
0.7
0.841
0.902
0.885
0.856
0.844
0.915
0.938
0.914
0.82
0.807
0.819
0.952
0.943
0.963
0.971
1.003
0.974
0.916
0.9
0.858
0.848
0.634
0.882
0.903
0.925
0.901
0.878
0.96
0.875
0.468
0.469
0.7
0.915
0.89
0.887
0.915
0.944
0.809
0.73
0.916
0.876
0.827
0.919
0.911
0.926
0.914
0.864
0.863
0.812
0.885
0.865
0.847
0.849
0.83
0.756
0.755
0.73
0.898
0.958
0.745
0.797
0.888
0.85
0.753
0.679
0.765
0.78
0.841
0.72
0.831
0.923
0.898
0.652
0.673
0.923
0.78
0.747
0.769
0.748
0.781
0.865
0.87
0.851
0.881
0.745
0.58
0.636
0.705
0.684
0.691
0.844
0.791
0.733
0.679
0.653
0.709
0.724
0.659
0.701
0.721
0.633
0.774
0.811
0.794
0.72
0.607
0.582
0.756
0.936
0.821
0.728
0.835
0.854
0.756
0.862
0.8
0.773
0.71
0.731
0.682
0.642
0.718
0.74
0.706
0.717
0.633
0.75
0.839
0.716
0.586
0.599
0.758
0.703
0.604
0.683
0.814
0.787
0.758
0.767
0.762
0.747
0.827
0.69
0.713
0.76
0.737
0.649
0.737
0.737
0.717
0.729
0.633
0.702
0.72
0.716
0.729
0.746
0.82
0.795
0.812
0.777
0.789
0.682
0.737
0.869
0.812
0.775
0.8
0.779
0.828
0.792
0.765
0.789
0.781
0.786
0.759
0.685
0.781
0.798
0.744
0.781
0.836
0.814
0.799
0.792
0.715
0.769
0.835
0.744
0.746
0.732
0.789
0.806
0.809
0.798
0.743
0.781
0.824
0.81
0.775
0.77
0.739
0.78
0.804
0.735
0.756
0.762
0.771
0.717
0.794
0.797
0.807
0.795
0.796
0.813
0.745
0.757
0.785
0.763
0.811
0.856
0.81
0.699
0.589
0.623
0.699
0.649
0.706
0.768
0.696
0.679
0.683
0.706
0.579
0.632
0.773
0.881
0.85
0.834
0.731
0.716
0.754
0.728
0.638
0.668
0.747
0.718
0.691
0.643
0.732
0.802
0.75
0.754
0.776
0.749
0.743
0.701
0.618
0.588
0.715
0.677
0.786
0.677
0.493
0.642
0.594
0.49
0.662
0.735
0.8
0.648
0.602
0.562
0.519
0.703
0.645
0.681
0.808
0.839
0.704
0.662
0.707
0.684
0.564
0.615
0.747
0.779
0.728
0.616
0.51
0.585
0.773
0.647
0.795
0.783
0.74
0.742
0.855
0.916
0.982
0.766
0.752
0.721
0.649
0.779
0.741
0.703
0.652
0.858
0.898
0.833
0.821
0.829
0.834
0.934
0.95
0.875
0.82
0.866
0.669
0.737
0.784
0.846
0.866
0.925
0.862
0.854
0.743
0.779
0.872
0.774
0.933
0.955
0.985
0.973
0.946
0.843
0.952
0.98
0.901
0.961
0.987
0.938
0.795
0.8
0.8
0.728
0.792
0.899
0.911
0.769
0.867
0.963
0.884
0.921
0.95
0.93
0.932
0.927
0.886
0.894
0.845
0.977
0.91
0.948
0.909
0.95
1.006
1.009
0.817
0.862
0.888
0.893
0.931
0.968
0.69
0.824
0.885
0.741
0.824
0.831
0.753
0.92
0.907
0.885
0.843
0.932
0.977
0.837
0.805
0.924
0.881
0.747
0.592
0.846
0.761
0.635
0.795
0.835
0.778
0.723
0.764
0.9
0.955
0.626
0.717
0.581
0.475
0.361
0.622
0.853
0.859
0.977
0.831
0.927
0.91
0.434
0.569
0.619
0.628
0.713
0.704
0.807
0.731
0.605
0.585
0.581
0.683
0.637
0.845
0.806
0.663
0.774
0.877
0.755
0.755
0.681
0.608
0.879
0.714
0.777
0.869
0.766
0.646
0.6
0.654
0.72
0.636
0.761
0.933
0.882
0.681
0.555
0.562
0.714
0.952
0.845
0.769
0.663
0.705
0.705
0.67
0.633
0.8
0.851
0.872
0.816
0.705
0.59
0.555
0.703
0.737
0.824
0.761
0.799
0.762
0.664
0.522
0.743
0.749
0.676
0.832
0.624
0.517
0.512
0.535
0.596
0.632
0.75
0.695
0.746
0.828
0.874
0.905
0.794
0.649
0.643
0.755
0.858
0.838
0.706
0.65
0.6
0.633
0.81
0.807
0.84
0.931
0.817
0.684
0.68
0.649
0.682
0.833
0.809
0.793
0.769
0.76
0.744
0.716
0.648
0.649
0.765
0.713
0.646
0.707
0.846
0.863
0.893
0.846
0.817
0.799
0.694
0.686
0.705
0.729
0.715
0.796
0.709
0.667
0.638
0.696
0.782
0.731
0.817
0.782
0.751
0.782
0.867
0.865
0.785
0.846
0.807
0.785
0.774
0.845
0.726
0.77
0.733
0.769
0.729
0.804
0.791
0.643
0.627
0.821
0.817
0.833
0.842
0.769
0.745
0.725
0.655
0.643
0.752
0.815
0.735
0.81
0.715
0.798
0.773
0.671
0.572
0.702
0.74
0.894
0.816
0.727
0.669
0.652
0.65
0.664
0.659
0.599
0.614
0.813
0.921
0.861
0.775
0.734
0.728
0.619
0.636
0.661
0.686
0.704
0.577
0.633
0.689
0.838
0.786
0.765
0.675
0.66
0.759
0.731
0.618
0.651
0.619
0.503
0.802
0.704
0.763
0.663
0.738
0.708
0.759
0.957
0.781
0.654
0.73
0.726
0.772
0.867
0.826
0.687
0.6
0.628
0.695
0.684
0.737
0.954
0.907
0.782
0.626
0.706
0.835
0.739
0.834
0.849
0.604
0.657
0.736
0.602
0.636
0.631
0.63
0.767
0.733
0.779
0.737
0.775
0.766
0.755
0.757
0.756
0.756
0.855
0.865
0.802
0.809
0.808
0.849
0.834
0.829
0.809
0.785
0.741
0.812
0.81
0.67
0.799
0.882
0.663
0.662
0.641
0.787
0.833
0.891
0.615
0.647
0.676
0.812
0.941
0.901
0.649
0.764
0.782
0.937
0.899
0.93
0.929
0.912
0.942
0.932
0.851
0.769
0.879
0.746
0.896
0.962
0.884
0.775
0.759
0.859
0.915
0.934
0.915
0.918
0.829
0.911
0.922
0.922
0.951
0.974
0.957
0.968
0.987
0.982
0.979
0.933
0.956
0.958
0.944
0.948
0.937
0.764
0.717
0.769
0.587
0.73
0.837
0.89
0.934
0.942
0.879
0.9
0.878
0.911
0.87
0.946
0.926
0.918
0.975
0.951
0.951
0.97
0.94
0.948
0.94
0.96
0.957
0.886
0.975
0.959
0.95
0.883
0.879
0.928
0.947
0.929
0.892
0.91
0.876
0.832
0.795
0.767
0.759
0.786
0.897
0.839
0.901
0.996
0.946
0.889
0.684
0.518
0.53
0.695
0.719
0.805
0.868
0.793
0.604
0.747
0.622
0.731
0.944
0.827
0.696
0.607
0.664
0.628
0.625
0.628
0.574
0.647
0.673
0.861
0.722
0.616
0.638
0.559
0.736
0.681
0.562
0.7
0.594
0.659
0.664
0.58
0.52
0.567
0.638
0.783
0.871
0.904
0.693
0.587
0.536
0.681
0.751
0.814
0.733
0.631
0.623
0.67
0.739
0.823
0.653
0.503
0.853
0.898
0.867
0.746
0.661
0.687
0.898
0.947
0.819
0.634
0.681
0.812
0.735
0.759
0.749
0.718
0.675
0.714
0.706
0.617
0.686
0.77
0.683
0.777
0.752
0.804
0.831
0.707
0.625
0.853
0.712
0.725
0.779
0.792
0.828
0.873
0.772
0.751
0.766
0.762
0.727
0.707
0.745
0.769
0.76
0.691
0.66
0.798
0.806
0.72
0.634
0.6
0.58
0.568
0.676
0.752
0.706
0.702
0.687
0.798
0.688
0.645
0.761
0.789
0.792
0.767
0.758
0.747
0.811
0.793
0.777
0.795
0.725
0.805
0.804
0.838
0.727
0.678
0.813
0.799
0.658
0.748
0.804
0.801
0.798
0.83
0.815
0.763
0.702
0.713
0.728
0.736
0.821
0.798
0.817
0.819
0.782
0.743
0.672
0.666
0.602
0.643
0.746
0.757
0.782
0.827
0.754
0.649
0.558
0.506
0.58
0.561
0.501
0.505
0.592
0.613
0.596
0.503
0.4
0.403
0.504
0.557
0.563
0.722
0.727
0.485
0.496
0.508
0.664
0.773
0.563
0.704
0.696
0.522
0.544
0.571
0.488
0.57
0.627
0.806
0.932
0.784
0.692
0.653
0.718
0.749
0.702
0.612
0.575
0.53
0.492
0.427
0.592
0.498
0.597
0.635
0.668
0.535
0.584
0.533
0.525
0.516
0.471
0.519
0.484
0.416
0.454
0.678
0.768
0.534
0.499
0.613
0.477
0.566
0.586
0.667
0.617
0.594
0.631
0.677
0.479
0.458
0.561
0.731
0.731
0.613
0.638
0.745
0.601
0.627
0.773
0.756
0.661
0.785
0.82
0.781
0.819
0.712
0.926
0.757
0.853
0.888
0.83
0.943
0.771
0.669
0.723
0.709
0.756
0.799
0.762
0.881
0.888
0.88
0.906
0.924
0.828
0.819
0.893
0.935
0.931
0.931
0.952
0.962
0.942
0.944
0.917
0.875
0.903
0.909
0.884
0.957
0.977
0.952
0.937
0.949
0.58
0.71
0.768
0.608
0.835
0.814
0.871
0.905
0.855
0.937
0.881
0.877
0.903
0.922
0.797
0.884
0.978
0.921
0.88
0.804
0.848
0.776
0.928
0.961
0.953
0.942
0.947
0.952
0.932
0.905
0.925
0.933
0.911
0.977
0.975
1.008
0.975
0.873
0.882
0.918
0.974
0.894
0.939
0.907
0.893
0.901
0.839
0.758
0.661
0.63
0.929
0.897
0.974
0.945
0.91
0.924
0.902
0.898
0.785
0.815
0.787
0.846
0.905
0.839
0.839
0.807
0.952
0.938
0.806
0.812
0.797
0.767
0.901
0.855
0.785
0.759
0.737
0.733
0.812
0.861
0.916
0.759
0.589
0.521
0.551
0.606
0.572
0.665
0.757
0.644
0.747
0.745
0.902
0.718
0.669
0.797
0.91
0.862
0.829
0.794
0.737
0.619
0.575
0.784
0.814
0.701
0.802
0.909
0.922
0.759
0.862
0.832
0.815
0.927
0.809
0.791
0.8
0.75
0.656
0.772
0.747
0.848
0.76
0.611
0.71
0.686
0.765
0.728
0.768
0.843
0.823
0.783
0.801
0.937
0.894
0.931
0.885
0.878
0.85
0.744
0.701
0.745
0.757
0.829
0.806
0.922
0.837
0.86
0.739
0.71
0.679
0.663
0.699
0.705
0.731
0.665
0.708
0.709
0.75
0.788
0.811
0.796
0.711
0.676
0.758
0.759
0.757
0.785
0.768
0.842
0.814
0.776
0.832
0.882
0.787
0.7
0.723
0.781
0.757
0.649
0.664
0.74
0.771
0.688
0.664
0.659
0.681
0.732
0.653
0.688
0.762
0.791
0.757
0.758
0.788
0.798
0.784
0.813
0.828
0.787
0.774
0.785
0.778
0.79
0.782
0.756
0.778
0.781
0.796
0.707
0.66
0.718
0.81
0.82
0.828
0.825
0.802
0.823
0.823
0.811
0.781
0.715
0.646
0.716
0.815
0.807
0.715
0.643
0.702
0.679
0.647
0.761
0.687
0.582
0.711
0.758
0.756
0.739
0.764
0.67
0.566
0.682
0.663
0.588
0.527
0.691
0.76
0.776
0.913
0.922
0.883
0.822
0.76
0.736
0.709
0.791
0.733
0.616
0.786
0.784
0.836
0.835
0.824
0.721
0.892
0.798
0.863
0.862
0.795
0.788
0.872
0.871
0.825
0.711
0.7
0.7
0.672
0.73
0.738
0.708
0.632
0.659
0.683
0.758
0.837
0.744
0.617
0.752
0.656
0.719
0.96
0.972
0.812
0.712
0.644
0.71
0.656
0.748
0.875
0.738
0.664
0.686
0.698
0.72
0.596
0.677
0.787
0.703
0.639
0.844
0.814
0.807
0.718
0.686
0.644
0.708
0.882
0.845
0.781
0.57
0.509
0.607
0.799
0.783
0.919
0.844
0.847
0.809
0.808
0.911
0.883
0.97
0.868
0.9
0.903
0.851
0.893
0.984
0.898
0.86
0.838
0.905
0.789
0.795
0.8
0.848
0.932
0.946
0.746
0.871
0.896
0.894
0.935
0.955
0.92
0.843
0.816
0.831
0.857
0.912
0.813
0.875
0.953
0.912
0.924
0.652
0.558
0.666
0.911
0.892
0.884
0.831
0.782
0.855
0.87
0.977
0.788
0.751
0.674
0.843
0.954
0.621
0.716
0.553
0.897
0.936
0.942
0.816
0.846
0.947
0.921
0.882
0.809
0.85
0.838
0.885
0.829
0.793
0.903
0.9
0.855
0.878
0.809
0.801
0.829
0.79
0.817
0.919
0.939
0.926
0.916
0.882
0.833
0.764
0.834
0.903
0.895
0.867
0.923
0.805
0.731
0.751
0.778
0.871
0.82
0.899
0.838
0.801
0.818
0.694
0.712
0.853
0.677
0.648
0.699
0.819
0.809
0.738
0.815
0.831
0.774
0.777
0.767
0.754
0.73
0.73
0.756
0.83
0.864
0.797
0.662
0.731
0.728
0.857
0.863
0.849
0.795
0.829
0.782
0.759
0.691
0.588
0.551
0.57
0.668
0.709
0.652
0.583
0.752
0.809
0.744
0.667
0.655
0.65
0.69
0.813
0.748
0.599
0.56
0.616
0.844
0.622
0.681
0.681
0.752
0.806
0.835
0.729
0.756
0.844
0.78
0.837
0.781
0.674
0.671
0.523
0.525
0.666
0.705
0.558
0.603
0.614
0.633
0.64
0.583
0.604
0.75
0.686
0.679
0.661
0.7
0.718
0.635
0.672
0.613
0.748
0.918
0.679
0.64
0.644
0.739
0.654
0.534
0.516
0.523
0.526
0.71
0.717
0.645
0.637
0.67
0.654
0.715
0.708
0.655
0.635
0.662
0.723
0.607
0.526
0.621
0.596
0.504
0.578
0.637
0.631
0.627
0.665
0.642
0.641
0.608
0.61
0.585
0.696
0.679
0.568
0.627
0.609
0.601
0.648
0.664
0.53
0.461
0.559
0.708
0.815
0.703
0.561
0.585
0.627
0.587
0.556
0.626
0.708
0.573
0.465
0.464
0.551
0.382
0.333
0.53
0.738
0.609
0.523
0.592
0.691
0.834
0.872
0.723
0.654
0.795
0.684
0.657
0.718
0.604
0.515
0.529
0.507
0.456
0.395
0.381
0.432
0.444
0.675
0.703
0.666
0.601
0.52
0.645
0.79
0.752
0.776
0.758
0.647
0.589
0.742
0.69
0.563
0.531
0.568
0.593
0.7
0.565
0.48
0.512
0.803
0.566
0.536
0.543
0.786
0.708
0.598
0.665
0.821
0.811
0.798
0.642
0.641
0.704
0.909
0.84
0.685
0.838
0.77
0.716
0.602
0.657
0.695
0.579
0.623
0.75
0.816
0.781
0.695
0.624
0.686
0.679
0.818
0.725
0.687
0.758
0.762
0.689
0.774
0.748
0.718
0.646
0.776
0.867
0.747
0.689
0.699
0.676
0.632
0.673
0.757
0.756
0.696
0.664
0.574
0.745
0.637
0.608
0.775
0.697
0.712
0.774
0.718
0.685
0.708
0.714
0.74
0.664
0.608
0.751
0.629
0.63
0.689
0.703
0.851
0.846
0.897
0.905
0.762
0.772
0.86
0.935
0.921
0.894
0.711
0.703
0.695
0.73
0.788
0.871
0.863
0.809
0.765
0.843
0.839
0.737
0.806
0.925
0.901
0.929
0.907
0.941
0.972
0.926
0.941
0.923
0.902
0.942
0.908
0.97
0.947
0.921
0.926
0.899
0.876
0.913
0.924
0.954
0.756
0.639
0.613
0.724
0.539
0.686
0.693
0.428
0.4
0.753
0.699
0.734
0.804
0.83
0.944
0.973
0.868
0.83
0.49
0.753
0.841
0.875
0.959
0.925
0.94
0.937
0.893
0.884
0.874
0.756
0.763
0.826
0.791
0.462
0.601
0.578
0.796
0.497
0.645
0.921
0.921
0.852
0.8
0.977
0.988
0.929
0.893
0.852
0.75
0.758
0.754
0.901
0.878
0.82
0.777
0.783
0.844
0.835
0.691
0.569
0.657
0.905
0.722
0.885
0.796
0.665
0.637
0.693
0.695
0.794
0.853
0.819
0.746
0.69
0.636
0.533
0.663
0.664
0.531
0.552
0.438
0.599
0.594
0.621
0.736
0.744
0.831
0.926
0.889
0.854
0.765
0.856
0.856
0.791
0.833
0.857
0.675
0.634
0.682
0.616
0.916
0.735
0.563
0.524
0.816
0.834
0.745
0.681
0.667
0.658
0.589
0.677
0.701
0.752
0.74
0.583
0.671
0.773
0.681
0.611
0.571
0.666
0.557
0.625
0.758
0.774
0.71
0.697
0.704
0.771
0.719
0.653
0.582
0.786
0.819
0.737
0.689
0.702
0.762
0.749
0.75
0.655
0.695
0.804
0.817
0.713
0.683
0.844
0.759
0.717
0.76
0.721
0.677
0.746
0.706
0.695
0.741
0.677
0.636
0.661
0.725
0.708
0.736
0.754
0.746
0.732
0.739
0.81
0.868
0.897
0.829
0.749
0.817
0.797
0.818
0.783
0.809
0.821
0.79
0.798
0.822
0.834
0.8
0.779
0.752
0.756
0.79
0.828
0.785
0.804
0.803
0.81
0.778
0.69
0.812
0.806
0.776
0.678
0.762
0.777
0.762
0.782
0.685
0.63
0.722
0.832
0.786
0.751
0.62
0.735
0.66
0.671
0.625
0.552
0.513
0.589
0.619
0.554
0.5
0.534
0.604
0.585
0.503
0.479
0.439
0.496
0.609
0.635
0.564
0.531
0.602
0.556
0.599
0.457
0.445
0.446
0.416
0.562
0.634
0.479
0.466
0.529
0.596
0.49
0.416
0.674
0.563
0.587
0.59
0.662
0.734
0.618
0.691
0.696
0.686
0.659
0.664
0.656
0.742
0.769
0.653
0.609
0.662
0.797
0.792
0.785
0.75
0.616
0.636
0.643
0.671
0.754
0.667
0.663
0.712
0.682
0.759
0.684
0.76
0.614
0.589
0.592
0.605
0.581
0.629
0.567
0.648
0.621
0.695
0.742
0.908
0.806
0.826
0.717
0.596
0.686
0.765
0.773
0.582
0.567
0.644
0.683
0.588
0.682
0.517
0.523
0.791
0.849
0.693
0.573
0.639
0.685
0.934
0.737
0.473
0.632
0.736
0.655
0.681
0.706
0.756
0.824
0.847
0.882
0.873
0.828
0.755
0.759
0.83
0.925
0.851
0.899
0.84
0.939
0.978
0.947
0.923
0.974
0.942
0.965
0.956
0.954
0.927
0.837
0.563
0.787
0.905
0.869
0.823
0.853
0.714
0.777
0.921
0.929
0.773
0.864
0.946
1.012
0.733
0.931
0.96
0.972
0.956
0.926
0.879
0.929
0.825
0.75
0.939
0.869
0.948
0.954
0.852
0.839
0.856
0.701
0.838
0.759
0.888
0.752
0.759
0.851
0.888
0.943
0.933
0.831
0.891
0.926
0.896
0.852
0.9
0.925
0.757
0.794
0.904
0.95
0.922
0.844
0.898
0.911
0.916
0.886
0.924
0.829
0.825
0.859
0.89
0.895
0.809
0.789
0.8
0.891
0.901
0.839
0.876
0.864
0.916
0.994
0.912
0.921
0.858
0.869
0.937
0.849
0.882
0.857
0.803
0.783
0.843
0.889
0.847
0.788
0.783
0.634
0.411
0.584
0.433
0.531
0.808
0.853
0.708
0.546
0.628
0.653
0.84
0.946
0.73
0.576
0.806
0.831
0.724
0.655
0.696
0.553
0.692
0.719
0.841
0.541
0.62
0.649
0.697
0.616
0.481
0.677
0.658
0.533
0.761
0.64
0.703
0.75
0.774
0.795
0.775
0.816
0.733
0.613
0.631
0.702
0.711
0.695
0.683
0.673
0.562
0.681
0.709
0.79
0.886
0.757
0.672
0.546
0.494
0.595
0.69
0.655
0.653
0.607
0.51
0.55
0.677
0.763
0.773
0.696
0.624
0.63
0.695
0.714
0.765
0.744
0.599
0.548
0.727
0.718
0.735
0.799
0.775
0.689
0.645
0.646
0.646
0.605
0.701
0.768
0.788
0.786
0.701
0.71
0.743
0.742
0.716
0.716
0.714
0.747
0.759
0.727
0.716
0.793
0.662
0.541
0.647
0.744
0.762
0.689
0.703
0.691
0.6
0.726
0.673
0.68
0.677
0.581
0.479
0.757
0.753
0.688
0.622
0.582
0.57
0.479
0.429
0.68
0.702
0.629
0.673
0.474
0.386
0.524
0.492
0.467
0.58
0.662
0.503
0.433
0.494
0.545
0.807
0.818
0.693
0.591
0.515
0.541
0.75
0.701
0.627
0.608
0.546
0.666
0.633
0.619
0.583
0.498
0.536
0.57
0.501
0.496
0.656
0.637
0.625
0.493
0.446
0.504
0.668
0.487
0.49
0.52
0.629
0.751
0.684
0.686
0.541
0.577
0.714
0.492
0.513
0.554
0.487
0.636
0.614
0.522
0.528
0.509
0.557
0.582
0.582
0.46
0.598
0.563
0.553
0.663
0.746
0.591
0.612
0.798
0.69
0.612
0.661
0.629
0.61
0.727
0.765
0.899
0.842
0.735
0.744
0.639
0.681
0.812
0.702
0.715
0.607
0.606
0.532
0.535
0.608
0.559
0.646
0.671
0.712
0.609
0.442
0.663
0.732
0.766
0.792
0.709
0.668
0.56
0.668
0.739
0.669
0.612
0.583
0.67
0.903
0.758
0.884
0.797
0.787
0.942
0.915
0.939
0.678
0.693
0.753
0.66
0.612
0.882
0.827
0.599
0.79
0.678
0.826
0.88
0.824
0.666
0.885
0.804
0.693
0.84
0.879
0.913
0.857
0.93
0.791
0.714
0.796
0.711
0.718
0.717
0.903
0.991
0.814
0.826
0.906
0.869
0.653
0.56
0.462
0.429
0.551
0.881
0.964
0.653
0.794
0.783
0.817
0.82
0.802
0.915
0.95
0.919
0.92
0.971
0.965
0.967
0.951
0.925
0.955
0.967
0.926
0.931
0.948
0.962
0.888
0.904
0.928
0.899
0.824
0.853
0.951
0.918
0.967
0.957
0.807
0.963
0.965
0.948
0.954
0.934
1.008
0.873
0.828
0.871
0.689
0.864
0.927
0.849
0.787
0.742
0.921
0.916
0.761
0.922
0.864
0.878
0.77
0.759
0.939
0.894
0.939
0.931
0.755
0.877
0.998
0.987
0.956
0.916
0.881
0.746
0.921
0.836
0.765
0.771
0.763
0.516
0.554
0.718
0.699
0.595
0.567
0.67
0.826
0.866
0.679
0.41
0.503
0.675
0.707
0.663
0.741
0.873
0.668
0.639
0.739
0.939
0.902
0.87
0.785
0.683
0.57
0.678
0.586
0.491
0.796
0.707
0.506
0.727
0.878
0.606
0.705
0.65
0.582
0.71
0.688
0.749
0.708
0.616
0.738
0.683
0.551
0.519
0.638
0.772
0.803
0.685
0.619
0.631
0.663
0.692
0.765
0.695
0.635
0.729
0.791
0.765
0.704
0.721
0.722
0.632
0.583
0.514
0.496
0.665
0.721
0.717
0.716
0.762
0.738
0.92
0.805
0.777
0.76
0.743
0.687
0.761
0.744
0.744
0.711
0.675
0.716
0.713
0.798
0.766
0.789
0.793
0.84
0.826
0.796
0.79
0.783
0.728
0.753
0.704
0.754
0.78
0.932
0.828
0.77
0.774
0.804
0.798
0.778
0.741
0.663
0.77
0.83
0.875
0.925
0.82
0.766
0.822
0.875
0.843
0.835
0.777
0.849
0.839
0.831
0.805
0.814
0.743
0.67
0.711
0.759
0.796
0.745
0.767
0.806
0.775
0.737
0.746
0.812
0.817
0.79
0.779
0.801
0.805
0.842
0.842
0.846
0.82
0.811
0.808
0.847
0.83
0.794
0.831
0.832
0.825
0.827
0.752
0.667
0.796
0.815
0.817
0.844
0.778
0.729
0.784
0.845
0.798
0.805
0.822
0.792
0.812
0.807
0.755
0.732
0.762
0.772
0.683
0.713
0.762
0.727
0.706
0.679
0.612
0.649
0.784
0.851
0.719
0.715
0.717
0.69
0.751
0.739
0.733
0.728
0.813
0.851
0.749
0.699
0.737
0.83
0.849
0.793
0.792
0.675
0.65
0.761
0.674
0.623
0.654
0.725
0.689
0.595
0.649
0.621
0.611
0.489
0.479
0.52
0.649
0.708
0.722
0.699
0.601
0.708
0.934
0.741
0.767
0.699
0.756
0.637
0.602
0.729
0.764
0.743
0.645
0.602
0.586
0.803
0.767
0.801
0.605
0.609
0.637
0.644
0.626
0.607
0.797
0.511
0.576
0.803
0.849
0.912
0.771
0.732
0.888
0.884
0.798
0.872
0.901
0.857
0.757
0.789
0.781
0.725
0.787
0.826
0.878
0.837
0.775
0.813
0.856
0.793
0.848
0.818
0.819
0.648
0.52
0.593
0.813
0.911
0.966
0.798
0.645
0.87
0.944
0.904
0.888
0.899
0.824
0.725
0.709
0.808
0.595
0.513
0.48
0.52
0.848
0.948
0.979
0.822
0.859
0.853
0.974
0.971
0.918
0.681
0.507
0.505
0.772
0.879
0.836
0.684
0.765
0.782
0.892
0.74
0.77
0.771
0.73
0.949
0.886
0.779
0.885
0.796
0.616
0.666
0.705
0.848
0.846
0.674
0.552
0.619
0.546
0.583
0.889
0.901
0.828
0.737
0.733
0.675
0.798
0.747
0.703
0.933
0.893
0.769
0.775
0.8
0.764
0.834
0.7
0.715
0.869
0.884
0.847
0.785
0.781
0.822
0.968
0.84
0.735
0.829
0.866
0.809
0.727
0.572
0.63
0.748
0.6
0.644
0.654
0.757
0.895
0.812
0.751
0.794
0.878
0.705
0.658
0.887
0.829
0.734
0.582
0.813
0.551
0.666
0.86
0.74
0.748
0.699
0.884
0.65
0.678
0.718
0.728
0.667
0.616
0.568
0.57
0.649
0.759
0.788
0.741
0.661
0.703
0.769
0.785
0.832
0.868
0.867
0.869
0.914
0.782
0.739
0.784
0.683
0.664
0.649
0.712
0.9
0.868
0.813
0.757
0.829
0.709
0.626
0.765
0.695
0.589
0.597
0.757
0.639
0.618
0.529
0.595
0.727
0.719
0.656
0.703
0.652
0.573
0.649
0.657
0.601
0.714
0.814
0.674
0.693
0.644
0.578
0.63
0.69
0.655
0.638
0.637
0.789
0.771
0.688
0.602
0.58
0.711
0.666
0.655
0.836
0.707
0.592
0.657
0.69
0.725
0.673
0.576
0.674
0.674
0.616
0.79
0.781
0.772
0.77
0.737
0.744
0.714
0.664
0.702
0.755
0.75
0.743
0.769
0.71
0.738
0.693
0.615
0.675
0.771
0.736
0.742
0.733
0.66
0.617
0.631
0.695
0.786
0.73
0.667
0.675
0.624
0.615
0.615
0.554
0.469
0.468
0.547
0.511
0.761
0.706
0.784
0.851
0.848
0.864
0.826
0.787
0.752
0.762
0.794
0.718
0.615
0.674
0.8
0.7
0.732
0.762
0.723
0.649
0.693
0.759
0.731
0.674
0.622
0.619
0.653
0.642
0.68
0.657
0.766
0.713
0.565
0.58
0.807
0.722
0.687
0.831
0.79
0.688
0.625
0.592
0.605
0.674
0.713
0.68
0.725
0.591
0.752
0.876
0.904
0.838
0.729
0.737
0.682
0.659
0.661
0.621
0.662
0.651
0.674
0.631
0.618
0.715
0.587
0.653
0.819
0.754
0.733
0.686
0.842
0.83
0.685
0.724
0.737
0.675
0.8
0.843
0.775
0.771
0.872
0.704
0.723
0.679
0.741
0.699
0.687
0.726
0.662
0.775
0.778
0.694
0.705
0.676
0.7
0.733
0.717
0.789
0.703
0.675
0.791
0.653
0.708
0.682
0.677
0.852
0.83
0.768
0.766
0.834
0.877
0.839
0.72
0.761
0.759
0.72
0.828
0.916
0.786
0.605
0.7
0.589
0.893
0.943
0.959
0.917
0.857
0.882
0.954
0.92
0.908
0.981
0.971
0.898
0.944
0.912
0.953
0.99
0.86
0.754
0.86
0.748
0.641
0.84
0.925
0.988
0.829
0.711
0.604
0.412
0.668
0.822
0.886
0.888
0.97
0.687
0.595
0.672
0.757
0.94
0.913
0.889
0.956
0.886
0.883
0.979
0.911
0.872
0.819
0.799
0.708
0.732
0.615
0.865
0.866
0.637
0.577
0.569
0.581
0.818
0.947
0.884
0.653
0.623
0.839
0.884
0.653
0.674
0.748
0.634
0.671
0.777
0.787
0.736
0.834
0.838
0.827
0.793
0.81
0.491
0.629
0.814
0.854
0.695
0.508
0.433
0.558
0.776
0.844
0.547
0.572
0.516
0.362
0.418
0.533
0.793
0.593
0.55
0.598
0.917
0.812
0.799
0.758
0.534
0.483
0.807
0.839
0.918
0.86
0.854
0.755
0.853
0.942
0.777
0.639
0.806
0.9
0.851
0.943
0.724
0.637
0.578
0.671
0.726
0.719
0.684
0.709
0.682
0.705
0.606
0.551
0.693
0.763
0.778
0.72
0.619
0.604
0.795
0.744
0.703
0.759
0.899
0.844
0.804
0.818
0.724
0.87
0.967
0.768
0.693
0.631
0.61
0.731
0.846
0.792
0.705
0.718
0.692
0.697
0.722
0.67
0.793
0.886
0.832
0.72
0.634
0.817
0.832
0.756
0.845
0.822
0.721
0.671
0.669
0.67
0.598
0.584
0.609
0.752
0.742
0.741
0.638
0.627
0.665
0.701
0.729
0.734
0.72
0.727
0.661
0.633
0.725
0.719
0.702
0.697
0.68
0.891
0.755
0.701
0.672
0.696
0.643
0.767
0.822
0.812
0.732
0.756
0.731
0.766
0.788
0.803
0.783
0.678
0.804
0.846
0.832
0.837
0.828
0.82
0.8
0.788
0.804
0.777
0.789
0.794
0.78
0.821
0.809
0.79
0.765
0.754
0.808
0.776
0.705
0.676
0.705
0.731
0.809
0.799
0.812
0.803
0.769
0.719
0.742
0.738
0.806
0.831
0.799
0.786
0.795
0.818
0.879
0.843
0.8
0.744
0.776
0.82
0.773
0.701
0.634
0.618
0.731
0.856
0.81
0.778
0.786
0.752
0.826
0.745
0.736
0.804
0.766
0.795
0.764
0.702
0.688
0.72
0.709
0.87
0.86
0.74
0.714
0.683
0.724
0.819
0.769
0.734
0.712
0.634
0.619
0.618
0.584
0.627
0.668
0.612
0.641
0.542
0.529
0.588
0.704
0.765
0.861
0.745
0.716
0.834
0.749
0.869
0.87
0.757
0.653
0.801
0.693
0.574
0.611
0.637
0.559
0.593
0.599
0.725
0.851
0.769
0.678
0.72
0.787
0.801
0.741
0.6
0.622
0.877
0.827
0.815
0.932
0.876
0.745
0.726
0.693
0.528
0.505
0.628
0.817
0.753
0.859
0.862
0.778
0.949
0.853
0.655
0.695
0.692
0.658
0.713
0.751
0.717
0.781
0.697
0.691
0.83
0.797
0.774
0.8
0.728
0.749
0.542
0.597
0.538
0.67
0.721
0.748
0.757
0.666
0.884
0.921
0.91
0.877
0.928
0.878
0.784
0.748
0.892
0.867
0.884
0.868
0.782
0.797
0.738
0.843
0.871
0.855
0.853
0.867
0.893
0.834
0.731
0.767
0.844
0.938
1.001
1
0.99
1.013
0.692
0.687
0.875
0.889
0.874
0.9
0.935
0.914
0.946
0.976
0.938
0.866
0.837
0.754
0.86
0.857
0.907
0.5
0.543
0.764
0.398
0.456
0.746
0.858
0.88
0.897
0.824
0.948
0.935
0.949
0.89
0.936
0.936
0.94
0.903
0.737
0.83
0.925
0.941
0.956
0.858
0.93
0.93
0.821
0.666
0.614
0.825
0.962
0.787
0.715
0.692
0.698
0.748
0.798
0.562
0.604
0.589
0.607
0.658
0.665
0.577
0.692
0.555
0.591
0.597
0.579
0.64
0.656
0.584
0.601
0.67
0.587
0.65
0.863
0.894
0.949
0.82
0.768
0.765
0.606
0.91
0.904
0.592
0.694
0.518
0.548
0.638
0.737
0.69
0.785
0.754
0.895
0.956
0.875
0.751
0.768
0.765
0.644
0.564
0.595
0.741
0.858
0.86
0.723
0.615
0.77
0.595
0.574
0.647
0.716
0.813
0.773
0.681
0.69
0.703
0.583
0.64
0.745
0.808
0.891
0.905
0.852
0.78
0.799
0.745
0.802
0.816
0.805
0.815
0.833
0.78
0.655
0.558
0.678
0.696
0.589
0.65
0.778
0.82
0.759
0.847
0.82
0.699
0.694
0.711
0.669
0.689
0.776
0.858
0.871
0.802
0.784
0.642
0.591
0.694
0.679
0.705
0.802
0.855
0.823
0.888
0.926
0.787
0.799
0.797
0.801
0.785
0.693
0.754
0.734
0.765
0.707
0.742
0.703
0.746
0.696
0.725
0.716
0.746
0.737
0.673
0.695
0.681
0.709
0.767
0.75
0.743
0.675
0.798
0.841
0.848
0.882
0.804
0.754
0.76
0.771
0.763
0.692
0.686
0.804
0.831
0.774
0.747
0.753
0.738
0.777
0.811
0.815
0.809
0.808
0.731
0.733
0.722
0.785
0.831
0.845
0.861
0.824
0.802
0.804
0.846
0.789
0.754
0.717
0.826
0.856
0.804
0.793
0.806
0.809
0.795
0.772
0.771
0.76
0.752
0.682
0.788
0.796
0.884
0.938
0.938
0.816
0.741
0.805
0.772
0.779
0.79
0.76
0.743
0.737
0.762
0.709
0.714
0.668
0.863
0.849
0.787
0.603
0.682
0.673
0.663
0.688
0.743
0.772
0.778
0.902
0.847
0.839
0.776
0.697
0.753
0.847
0.745
0.757
0.638
0.794
0.625
0.677
0.575
0.648
0.698
0.624
0.657
0.712
0.651
0.609
0.703
0.932
0.929
0.796
0.66
0.8
0.944
0.866
0.736
0.703
0.794
0.815
0.684
0.653
0.817
0.687
0.641
0.727
0.781
0.633
0.843
0.922
0.926
0.887
0.932
0.853
0.736
0.602
0.686
0.873
0.884
0.914
0.76
0.728
0.82
0.899
0.967
0.863
0.804
0.705
0.746
0.749
0.59
0.502
0.619
0.808
0.81
0.823
0.852
0.87
0.861
0.844
0.845
0.828
0.789
0.923
0.972
0.831
0.804
0.737
0.732
0.785
0.863
0.889
0.792
0.72
0.904
0.93
0.877
0.759
0.786
0.8
0.868
0.838
0.914
0.673
0.494
0.63
0.684
0.913
0.933
0.96
0.926
0.926
0.934
0.913
0.864
0.753
0.887
0.942
0.915
0.72
0.776
0.857
0.957
0.864
0.742
0.79
0.878
1.033
0.926
0.964
0.934
0.949
1.011
0.796
0.457
0.569
0.907
0.967
0.726
0.815
0.854
0.676
0.756
0.869
0.768
0.921
0.858
0.716
0.825
0.921
0.552
0.457
0.628
0.571
0.594
0.733
0.73
0.591
0.471
0.5
0.597
0.482
0.711
0.884
0.732
0.629
0.695
0.906
0.858
0.775
0.656
0.662
0.6
0.579
0.833
0.786
0.643
0.656
0.764
0.553
0.501
0.699
0.893
0.967
0.744
0.604
0.621
0.645
0.618
0.797
0.808
0.768
0.725
0.619
0.671
0.724
0.78
0.66
0.837
0.751
0.718
0.789
0.793
0.952
0.937
0.753
0.627
0.728
0.725
0.759
0.864
0.718
0.787
0.849
0.93
0.869
0.801
0.835
0.889
0.74
0.647
0.783
0.823
0.833
0.829
0.766
0.908
0.902
0.699
0.647
0.686
0.793
0.812
0.76
0.82
0.792
0.823
0.749
0.775
0.792
0.783
0.79
0.824
0.825
0.776
0.701
0.712
0.772
0.663
0.672
0.775
0.814
0.792
0.802
0.842
0.856
0.687
0.582
0.822
0.741
0.847
0.913
0.893
0.898
0.801
0.868
0.787
0.733
0.746
0.771
0.748
0.739
0.67
0.704
0.75
0.769
0.729
0.769
0.784
0.776
0.759
0.805
0.839
0.771
0.792
0.812
0.784
0.81
0.765
0.757
0.768
0.834
0.88
0.831
0.838
0.816
0.829
0.866
0.743
0.758
0.704
0.709
0.75
0.783
0.807
0.83
0.809
0.824
0.785
0.736
0.767
0.751
0.812
0.803
0.787
0.756
0.749
0.706
0.815
0.869
0.824
0.865
0.807
0.812
0.859
0.835
0.801
0.825
0.827
0.786
0.807
0.785
0.909
0.899
0.771
0.783
0.78
0.733
0.876
0.849
0.794
0.816
0.795
0.814
0.815
0.816
0.807
0.79
0.765
0.829
0.84
0.779
0.728
0.798
0.832
0.777
0.769
0.787
0.726
0.665
0.734
0.732
0.669
0.665
0.592
0.765
0.883
0.842
0.753
0.802
0.843
0.798
0.748
0.712
0.594
0.561
0.696
0.772
0.848
0.773
0.564
0.667
0.595
0.795
0.777
0.711
0.661
0.643
0.768
0.731
0.587
0.63
0.715
0.867
0.821
0.73
0.783
0.915
0.945
0.748
0.727
0.652
0.655
0.738
0.64
0.707
0.535
0.49
0.713
0.857
0.805
0.831
0.884
0.938
0.915
0.903
0.864
0.894
0.842
0.903
0.823
0.758
0.823
0.857
0.853
0.85
0.761
0.822
0.782
0.803
0.855
0.823
0.821
0.77
0.773
0.681
0.729
0.968
0.821
0.479
0.554
0.732
0.854
0.753
0.753
0.828
0.811
0.804
0.938
0.895
0.877
0.855
0.885
0.857
0.927
0.904
0.865
0.977
0.945
0.832
0.9
0.882
0.926
0.932
0.797
0.767
0.635
0.668
0.539
0.923
0.976
0.932
0.883
0.905
0.878
0.849
0.522
0.9
0.873
0.882
0.93
0.937
0.851
0.948
0.973
0.935
0.95
0.91
0.818
0.822
0.799
0.888
0.853
0.868
0.902
0.664
0.931
0.848
0.888
0.862
0.899
0.906
0.805
0.878
0.732
0.791
0.883
0.884
0.899
0.788
0.633
0.528
0.549
0.656
0.883
0.957
0.911
0.682
0.515
0.752
0.843
0.86
0.909
0.804
0.699
0.834
0.717
0.673
0.734
0.842
0.824
0.79
0.807
0.655
0.699
0.723
0.767
0.79
0.933
0.901
0.635
0.665
0.847
0.755
0.792
0.771
0.883
0.931
0.867
0.771
0.878
0.874
0.721
0.584
0.732
0.831
0.722
0.838
0.774
0.668
0.658
0.671
0.746
0.871
0.559
0.677
0.587
0.706
0.756
0.737
0.699
0.724
0.633
0.841
0.867
0.801
0.782
0.6
0.751
0.821
0.874
0.782
0.663
0.681
0.682
0.73
0.64
0.621
0.672
0.586
0.655
0.796
0.662
0.52
0.806
0.807
0.77
0.845
0.876
0.948
0.772
0.854
0.919
0.806
0.77
0.713
0.671
0.747
0.822
0.79
0.736
0.664
0.571
0.707
0.756
0.691
0.652
0.662
0.672
0.627
0.672
0.735
0.675
0.645
0.745
0.68
0.756
0.705
0.645
0.61
0.635
0.582
0.628
0.686
0.749
0.716
0.662
0.7
0.789
0.773
0.726
0.695
0.739
0.667
0.584
0.675
0.598
0.621
0.63
0.701
0.658
0.688
0.77
0.748
0.749
0.706
0.681
0.778
0.74
0.641
0.771
0.762
0.74
0.799
0.781
0.755
0.737
0.701
0.797
0.758
0.658
0.722
0.734
0.885
0.89
0.766
0.768
0.69
0.586
0.614
0.603
0.697
0.7
0.708
0.586
0.6
0.703
0.735
0.71
0.609
0.579
0.555
0.462
0.458
0.443
0.51
0.539
0.516
0.484
0.538
0.646
0.796
0.691
0.674
0.697
0.734
0.556
0.596
0.522
0.578
0.737
0.787
0.812
0.842
0.8
0.786
0.768
0.707
0.638
0.557
0.646
0.614
0.618
0.547
0.541
0.501
0.561
0.585
0.566
0.594
0.659
0.795
0.734
0.593
0.668
0.675
0.521
0.722
0.723
0.589
0.561
0.54
0.478
0.638
0.723
0.782
0.621
0.478
0.643
0.572
0.407
0.421
0.848
0.855
0.833
0.848
0.807
0.779
0.765
0.756
0.709
0.743
0.768
0.739
0.579
0.715
0.546
0.585
0.678
0.681
0.709
0.673
0.596
0.661
0.72
0.77
0.748
0.728
0.684
0.767
0.575
0.636
0.608
0.5
0.577
0.659
0.843
0.806
0.676
0.87
0.907
0.86
0.794
0.691
0.771
0.723
0.796
0.663
0.795
0.777
0.673
0.724
0.67
0.764
0.806
0.802
0.934
0.813
0.746
0.524
0.796
0.942
0.916
0.862
0.904
0.921
0.822
0.746
0.733
0.56
0.6
0.871
0.852
0.651
0.867
0.872
