1980 1 1
0
0.1211
0.4219
1.0258
0.7937
0.1056
0.2995
0
0
0
11.9936
0.0749
0
1.3313
0.0234
0.1669
0.6445
0
0
0
0
1e-04
1.4303
1.1092
1.2841
0
0
0
0
0.0375
0.1025
0
0
0
0.0186
0
0.293
1e-04
0
0.5154
5e-04
0
0
0
0
4.7198
1.362
0
0
0
0.0594
1.111
10.8073
6e-04
0
1.8843
0.9858
0.0623
1.52
0.1188
0.0294
2e-04
0.0314
0.0281
4.7758
0.0509
3.8549
15.3829
0.0634
0.0684
0.0977
0
1.6506
2.0214
0.1598
0.3421
12.6931
0.4365
0
1.8235
25.2358
0.6826
0
10.1487
0.3332
0
0.3151
4.6097
8.3753
2.1824
5.2926
0.9654
1.8228
1.7112
6.8608
0.1248
0
0.7811
7.0587
3.001
1.2279
0.3826
5.771
0.3773
18.3308
1.3833
0.242
0
0
0
0
1e-04
0
0
6e-04
0.395
0.2418
4.586
13.272
0.3465
0
0
0
0
0
0
0
0
0.0879
0.0912
1.5062
2.9139
7.9266
4.8548
1.6335
3.137
1.097
22.8202
9.0906
0.4717
0
0
0.4172
1.5871
9.4284
0.3685
0.19
0
0
5.5017
8.0723
8.0127
26.3618
18.1623
4.0459
0.5339
0.5558
6.7526
11.9049
2.6611
0.2104
0.3846
0
0
0.001
9.8715
10.8461
5.1679
0
0.3969
7.7319
1.2094
0
0
0.8796
4.7516
0
0.1533
0.177
0.0714
0.2738
0
0.8878
0
2.8476
17.6802
11.4636
2.4869
1.5912
4.7623
8.6286
2.4712
5.9244
12.939
1.761
0.1333
0.1129
0.3095
0.7687
0
1.83
0.4813
4.0635
25.3428
3.4579
0
0
0.5011
4.277
11.8874
2.764
0.4859
0.0317
0.0835
4.4828
1.9419
0.2907
4.913
0.8376
0.7911
5.0919
1.921
10.3269
14.4459
4.2532
1.7712
17.7211
7.2386
2.5472
8.0977
0.9403
1.6908
22.9422
8.3618
2.6386
0
0
0
0
0
3.4316
3.406
9.951
14.6448
3.0483
1.1614
0.0272
12.2154
1.0318
0
0
0.0984
1.9421
0.5816
0
0.0628
0.3376
0.0899
0.117
0.467
12.3383
0.2308
0
0.032
1.153
3.8773
5.3823
0
1.4483
0.6176
0
0
0
0
0.2017
6.5262
1.3495
0.1894
8e-04
7e-04
0
0
0
0
0.1415
0.069
0.2652
0.0548
0.3348
0.9055
3.4661
2.0455
0.002
0.0012
0
0
0
4.0396
6.5237
0.4474
0.4241
9.1994
0
0
0
0
0
0.039
0.1669
0.339
0
0
0.5621
0
0
0
0
0.5899
4.2764
0.4826
0
3.2884
0.4772
0
0
0
0.0659
0.6724
1.614
0.0448
0
8.7141
1.2064
1.8915
0.3019
0.0193
3.2566
0.0041
0
0.1958
1.896
6.8222
8.4872
3.9602
0.0897
0.4792
0.4696
0
0.1615
0.0424
0.0148
0
0.721
0.1222
0
0
0
0
5.0544
0
0
1.0816
0.0345
8.3774
0.2855
5.7805
0.7948
0.7323
0.6668
0.0131
1.3401
3.9546
1.7785
0.0303
0
0.0164
0.0683
0
0
0.06
0.0329
0.5115
0.043
3e-04
0
0
0
0
0
0
0
0.3105
0.0627
0
0
0
0
10.1372
1.2076
0.1656
0.226
0.0631
0.9034
0.0295
1e-04
1e-04
13.2915
9.5611
0.0038
0
0
0
2.6447
0.3652
0.0497
8.6198
4.8631
0
1.7207
2.8648
0.43
0.07
0
0.0152
1.0857
0
0.032
0
1.1036
0.4436
0
0
0
0
0
0
0
0
0
0
1.1975
0.063
0.1772
0.8299
0.7911
0
0
0
0
0
5.8761
2.3193
0.9855
0.4115
3.6281
0
0
0
3.5454
5.6018
0.4236
0.0538
0
0.2565
8.3324
4.336
5.4694
9.9383
4.9018
18.2715
0.7311
0.1667
5.197
2.4194
0.3306
0.4245
0
3.0168
4.9621
0.6283
0.014
0.5442
0.3292
16.5639
9.6517
0.2916
1.256
0.0267
0
0.3633
3.0641
6.3832
0
0
3.1895
16.368
5.2628
1.9099
0
14.8509
6.0707
0.0567
0
0
0
0
0
0.1602
0.0571
1.0631
1.2014
5.2443
12.8744
5.9838
0.1932
6.8585
0.2152
0.6206
0.2492
2.6527
5.7611
5.7926
4.753
0
10.1946
45.6923
11.6995
0
11.9397
44.4612
9.8272
0.2409
2.0834
0.233
0
0
2.0606
23.628
24.2497
0.5519
4.3624
21.2023
0
0
0
0.5522
0.0475
0.1263
1.2663
0.9051
0.0895
0.0631
0
0
0
5e-04
0.0026
0
0
7e-04
2e-04
0
0
0
0
6.585
12.3025
0.8232
0.1144
0
0
0
13.13
2.5394
8.0424
0.0825
0
0
0
0.4956
7.3824
2.6872
0.3123
0.3678
0.5379
0.4493
0.1447
1.5778
4.4348
0.9757
0
0.0483
0.9373
0
0
0
0
0
0
0
0
0
0
0.0294
0.766
5.3422
13.2121
33.7942
16.7973
6.1068
17.4744
29.5912
14.269
0.2408
0
0.2861
4.0543
0
0
0
0
0
2.8413
4.0384
4.2707
8.6235
1.8366
0.161
0
0.3882
0.907
0
0
0.2324
1.5143
6.6215
0
2.9486
7.5555
1.4635
0.0638
0
0
0.3615
17.275
0.0206
0
0.0207
0
0
0
0
0
0
0
1.2134
17.5015
0.9626
0.0766
6.9972
6.5024
5.7736
0.2846
0.1357
11.1237
32.4686
2.0202
0
0
0
0
0.0308
0
0
3.3587
0.9102
0.3364
0
0
0
0
0
0
0
0
0.0254
0.0071
0.4492
9.0318
13.535
0.6697
0
1.5786
3.8451
0
1.6327
1.7571
0
0
0
5.5941
0.3558
0
4.023
0.0732
0
0.7692
1.8584
0.167
0
0
0
0
0
0
0.279
4.7881
0.1245
0.1178
0.2952
7.7813
6.8622
18.6545
0
0
0.6407
6.8184
3.8026
0.3007
1.5761
1.186
0.5197
0.0191
4.134
10.5656
0.8519
0.4779
1.7682
0.368
1.3468
0.1637
0.4114
0.3419
2.3667
0.2524
1.3308
2.5324
0.2044
0.0811
0.0435
0.0533
1.9477
1.978
11.3225
0.6238
0.4363
0.1648
0
0.3009
0
35.6799
13.1564
1.6912
6.9707
6.4749
1.0771
2.2467
0.3788
0.0932
0
4.8252
9e-04
0.2794
0
0.6887
0
0.0191
0.7492
4.2683
0.4767
3.163
0.0629
0.0719
0.0066
0.0878
5.2574
0
0
0
0
4.0427
1.959
1.449
19.8409
0.4932
0.0987
0.6022
1.6822
1.2351
3.4948
6.8696
0.5929
8.3631
2e-04
2.8566
14.7584
0.2906
0
6.4495
6.5692
0.1461
0
0
3.3005
4.9452
1.008
0
0
0
5.5852
6.5607
0.1101
0.1066
8.1294
1.0167
1.7943
6.7133
0.6814
0
4.6704
1.029
0.1844
0
0
0
1.7874
4.4766
3.6295
0.0045
0.0657
0.8142
0.5025
0.1486
0.3244
0.176
0.4173
0.9976
0
0
0
3e-04
0.398
0
0
0
0
0.8056
9.2019
4.7426
0
0.003
0
0
0.0046
0
0.567
1.261
0
0.979
1.5018
2.5353
11.2133
10.5281
4.7446
0.0033
0.3699
12.0963
22.8475
9.0925
3.8306
1.9724
0.9202
6.8317
0
0
0
0
0
0
4.017
3.2242
2.1545
0
0
0
0
11.4163
19.7054
0.9793
0.087
9.4968
1.5505
2.9938
4.0071
0.0253
0
0
0
0.5264
16.3064
7.2433
0.5334
3.0437
3.5971
43.5673
0.1339
3.8795
0
4.7647
0.7613
4.0026
3.8441
2.8155
0.045
0
0
0
0
0
1.594
6.5596
1.2612
0
0.499
0.0358
0
0
0
0.3474
0.4877
0
0
2.3369
0
2.1526
0.6388
0.4754
0.0368
0.0176
2.7146
13.7291
1.7349
0
0
0
0
0
0
0
0
0
0
13.0084
0.7552
0.1691
2.5322
0.8677
1.1242
0
0
0
0
0
0
3.5263
0.7244
0.0253
0
0
4.5539
0.5905
0
0
0
0
0
2.6731
4.3119
0.5705
0
0.0468
4.5272
8e-04
0.0023
0
0.1033
0.1347
0.2748
2.5126
0.948
21.3814
0.2672
0
0
0
0
0
0
0.0637
1.3037
3.9173
0.5158
0.574
0.164
0.0575
0
0.041
0.1817
1e-04
0
0
0.3444
0.1663
4.6559
0
0
0
0
0
0
0
0
0.5325
0
17.8708
16.0004
32.3911
5.0424
0.0656
0
0
0.1946
0.3422
1.2474
0.6838
11.1658
5.6757
0.2075
0
0.003
0
0
0.339
0
20.6516
16.944
2.2002
13.9594
2.5042
0
8.2746
0.2714
16.3664
1.2445
0
0.2696
0.1463
2.2945
4.2393
3.5288
0.1434
0
0.8963
0.2396
1.3992
0.2756
0
0
1.2369
9.8322
9.2724
0
0
8.2569
1.3832
1.2195
0.8393
4.6853
2.4683
16.9566
2.8842
8.9865
3.312
0.013
0
0
0
0
0
0
3e-04
0
2e-04
0
0
1.9767
0.446
0
0
0.3524
1.0625
0.0308
0
0
0
0
0.8493
5.8483
2.515
0.0385
0.0308
0.0598
0.0501
0
0.3661
3.9096
0.1252
0.2788
7.2818
0.4882
0.3391
0.3792
0.6575
3.4609
0
1.119
0
0
0
0
0
1e-04
0
0
0
0.1096
0
0
0.011
0.0443
0
0.0093
0.0459
0
0
0
0
0
0
0
5.6598
4.3733
8.1341
0.3492
0.8873
1.3374
0
0
2e-04
0
0.0497
0.012
4.3256
5.0479
2.4707
9.2765
0.1598
0.185
0
0
0
7.7742
2.5518
0
0
0
1.8621
11.4773
3.1916
0.3526
0.9486
4.3614
8.0706
6.2042
5.1738
1.5791
1.4036
0.1441
12.2474
13.476
3.657
0.1633
3.1822
0
0
0
0
0
0
0
0.3267
0
0
10.5449
2.0517
17.2469
9.4684
23.0653
6.5516
1.3851
0.414
2.8999
0.8288
5.4085
0
0
0
0
0.3528
1.9788
7.0685
0.3662
0.3301
0
6.5988
0.0992
0.5836
16.0295
0.7915
0.1955
5.345
0.2686
0
1.5307
7.4326
0.2784
0.0969
0.0634
2.7792
3.8044
2.1897
0.6192
12.2648
0
0
1.5392
0.5401
7e-04
0
0
0.4318
0.5365
0.479
0.223
0.217
4.2163
0.1044
0
0
0
0
0
0
13.9181
37.9061
4.703
12.9997
1.3823
1.6847
4.0748
11.2053
2.2601
0
0
0
0.6067
0.1234
0
0
0
0
0
7.1524
12.2915
3.5052
3.0147
1.5958
0.8864
12.6199
1.27
0.0717
0.9339
0
0
0.137
0.5729
3.7907
10.099
1.428
0
0
8.6697
0.0225
0
0
0.0873
0.7813
0.064
13.9781
0.293
0.2427
0
0
0
2.0293
0.0565
0
0.1197
0.1721
0.5749
4e-04
0.001
0.1943
0.2711
2.4525
10.1705
0.0098
6.1691
5.1098
0
0
0
0
3.4568
15.4295
9.1519
0
0
0.0183
0.2551
0.038
0
0
0.1534
7.3941
0.9695
0.0831
1.6544
7.7127
13.415
0.1248
0.0638
0.0628
0.0354
0.0231
0
0
0
0
0
0
1.6693
9.4455
12.3958
0.0146
0
5.9123
0.6286
0
0.0575
6.2482
51.6975
1.1045
0
0.3368
0
3.2729
0.1921
1.7804
3.2171
28.7478
2.8538
0.1194
0.2164
0.138
0.1261
0
0
0
0
9.8192
7.5783
3.0726
0
0
0
0.1553
0.1836
0
15.8695
25.438
0.024
2.8152
4.558
21.7109
10.4833
0.044
0
12.034
2.1952
0.1887
0
13.2747
0.0289
0
0
8.1688
22.4684
0
0
0.0041
2.5263
0.686
14.9392
0.4828
24.6335
0.9248
1.8834
0.9111
0.2876
12.0332
6.1791
0.0022
2.0105
0.3837
0.0841
0
0.0848
0.7141
2.459
5.8841
8.5578
0.0036
0.0943
0
0
0.7208
9.5509
0.3813
0
0
1e-04
0.0211
0
0
0
0
0
0.849
2.4094
2.8493
0
0.0601
0.4389
0.4411
0.1297
0.1358
0.2549
0.5382
0.008
0
0
0.7279
0.3153
4.4854
0
0
0.031
0
2.2405
5.3357
0.0381
0.2406
0.0778
2.7389
0.1471
1.1969
0
0
0
1.3918
1.5033
2.9816
0.1909
3.4887
1.2377
0.3009
0.0694
1.96
0.121
1.2238
0.0175
0
0
1.6228
0.2937
6.8163
2.6759
1.6386
1.9969
0.0732
0
0
0.431
0.0621
4.1411
0.0082
1.52
4.1616
0.2699
0.0686
1.3187
0
5.3303
0
2.5187
11.6604
0.0361
0.4901
0.18
14.1324
9.2479
2.1021
0.3617
0.2628
2.914
1.4874
2.6061
0.78
0.6914
0.6818
0
0
2.292
4.2891
5.6236
8.8013
0.4244
0
0
0
0
0
2.3295
12.3042
9.6769
6.5632
3.4063
4.933
2.7489
0.1359
0.0136
6.0924
34.8847
7.4815
3.8267
0.0191
0
21.6388
0.0026
0.3201
2.8426
0
2.7267
1.2418
2.6419
0.3561
0.0583
1.6058
2.0124
0.0076
2.4167
1.4632
4.974
2.9091
0.1069
0
0
0
0.3399
1.5119
39.1952
6.4888
5.3061
12.9586
0
7.6752
7.1682
0.1139
16.2881
2.0124
0.4493
0
0.5073
0.0653
1.3791
0
0.1049
0.0158
0
0
0
0
0
0
5.3679
5.78
0
0.0049
0.0855
0.4765
0.7487
0
0
3.2934
5.9098
1.4893
0
0.1565
2.1695
0.6909
0.0272
0
0
0.6513
0.9815
7.2534
17.6329
3.9346
0.4117
0
12.2837
2.014
2.9776
0
0
0
0
0
0.8044
0.7499
0.1661
0.2036
0.4615
0
0
6.5711
4.6662
9.2289
4.72
1.208
0
0
0.2111
1.9694
9.4019
5.8869
0.4695
0.8015
1.9201
27.0219
7.1487
11.3022
1.4203
1.383
6e-04
2e-04
0
0.1383
0.5456
0.0452
1.1484
0.281
0
0
4.0228
0.0429
0
0
0
0.0078
0.3167
0.2193
9.1364
4.6257
4.2379
0.8331
15.0684
0.3873
0.1906
0
4.5088
0.2219
3.3209
4.2835
2.1223
2.13
1.9838
6.5292
2.6028
0
0
0
0
0
0
0.0734
3.5548
1.7546
4.7975
5.4742
0.1407
1.3208
0
0
0
0
0
0
0.0036
0
10.3591
5.6063
0.6833
0
0
0
0.0721
8.0764
3.8852
6.0664
0.0729
0
1.9235
0.7045
6.6662
0.3377
0
0.8048
0.2778
0.1508
0.3028
0.0329
0
0
1.297
9.087
2.0663
0
5.5365
0.376
0.0716
3.9084
0
3.7979
3.3218
16.6601
0.1346
0
0
5.3159
0.0151
0
0
0
0
0
0.9771
0
0
0
0
0.8475
13.2603
1.223
0.0141
0.2322
0.1712
4.1653
1.0181
0.0706
2.7887
0.0831
0
0.1977
2.3899
0.0527
2.6568
5.2992
8.835
0.1707
0.0661
0
0.1351
2.7698
0
7.2276
1.9783
0.0725
0.821
0.7453
1.8707
3.952
8.251
6.5749
6.8437
2.7135
17.5287
0.0148
0
0
0
0.0393
0.075
0
0
2.3763
0.7124
0
0
1.0239
0.3219
0
5.4557
0.8495
0.2471
0.1002
0.304
0.4627
1.5019
0.3543
1.6701
0.0666
0
1e-04
0
0.1068
0.8673
0.3366
0.1042
0.0057
0
2.7053
1.3152
0
0
0.0036
4.453
13.4684
8.3658
4.066
0.3025
0
0.0232
0.0209
0
0
0
1.3803
5.6046
17.9456
3.3672
0.0284
0.1081
2.3425
0
0.1958
0.1974
0.2411
17.1661
1.4802
0.3981
0.3082
1.1569
0
0
7.5605
2.3475
0.2008
0.0459
0
0
0
0.3093
0.3544
0.2055
0
1.8701
4.9197
2.0529
0
0.2627
3.7852
15.2584
17.1048
20.7529
18.7218
0.436
0.5785
2.4526
2.6138
8.8959
6.4162
0.6026
1.6368
0.7659
0
0.0306
0
0
0.0024
0.0612
0
0
0
0
0
0
0
0
2.4441
0.5143
0
0
0
0
0
8.6737
3.9523
0
0.006
0.0659
0.282
0
0
0
0
0
0
0.3605
1.4313
4.7462
1.654
6.8281
2.1281
2.0281
3.1976
5.0356
0
0.144
0.161
0
0.8128
12.2346
20.3508
0
0.0852
0
0
8.9522
4.5682
0.9355
1.3598
0.2424
0.0606
2.6776
16.3885
3.0154
11.9966
7.9848
1.8074
0.7004
6.1562
6.3386
8.4891
0.2493
0
0
0
1.7977
0.5089
0.2061
0
0
0
0
0
0.217
6.4789
6.7703
1.5287
0.1404
5.5608
0.7826
0.02
0.0472
0.0186
20.949
0
0
1.7518
7.6267
3.1141
0.2011
0
0
0
1.5365
0.2451
0
0
0
0.8572
10.4971
0.023
0
0
1.6205
15.0252
0.6806
0
0
0.2609
9.4786
4.3218
1.4686
0.5056
0.9585
1.8536
0.2585
0
19.6362
7.0649
10.5333
0.8859
0
0.1131
0.74
0.0568
0
0.2422
3.9704
12.3234
7.0017
4.13
0.0737
0
0.5781
24.6841
0.2116
0
0
0
0.001
2.306
4.8307
0
9.2075
28.0782
1.2828
0
0
0
0
0
0
0
0
0
0
0
0
8.1881
4.8149
0.246
0.9765
0
0
0
1.7866
1.2139
0
0
1.946
1.9905
0.7447
0
0
0.7618
3.8851
4.7549
8.1968
4.1275
5.9291
22.4096
0
6.9002
4.5118
22.3561
1.5984
0.0512
0
0.2657
3.3468
0.0328
0
0
0
0.1765
1.0507
1.4137
0.8239
6.2836
11.8806
3.5237
1.3145
0.0172
1.169
0.0225
8.6097
10.8365
2.184
5.2705
7.5655
3.7435
3.7731
19.7403
0.0659
6.1966
7.1587
2.1942
0
2.2041
0.0045
0.332
5.0603
18.5202
3.915
6.4787
0.009
0.062
3.2721
0.3825
0
0
1.8462
0.4076
0
0
0
14.5391
22.3924
1.3993
2.7079
0.1062
0.2587
0.3014
0.1895
0
0
0.5076
0.1724
1.1003
0.2271
0.2105
1.0426
0.3754
2.5814
0
0.2713
0
0
0
0.055
1.8547
0.0361
0.5688
0.055
0
0
0
0
0.0308
0.0744
0.4942
1.6799
0
0
1.5827
0.8675
11.9881
1.075
0.0106
0
0
0
1.4115
0.2679
0.9199
0.2058
1.682
0
0.6674
0.2736
0.5684
3.0379
17.2244
2.4504
0.5498
9.8453
0.0838
0
0
0
0
0
1.575
0.7864
2.4314
3.76
0.4213
4.5586
0.3192
7.724
0
0.0016
0.0295
0.4844
2.4405
0.2737
0
0.4896
1.111
1.7631
0.3719
0.0665
1.935
0.1057
0
3.5947
1.8671
6.9325
6.87
7.2453
0
0
0
5.5759
0.859
13.6264
0.1025
0.1683
0
0
0
0.3092
1.9742
0.4708
0
0
0
3.4968
1.3191
1.1415
0
10.2421
3.9884
1.2028
0
0.0527
0.2238
0.0958
0.1051
0.3269
6.1636
0.8868
9.4752
1.1377
0.3963
0.0526
1.9002
20.6157
2.7722
0.0084
0
0
0
0.3196
2.4117
3.752
0.2696
7.079
0.9054
0
0
0.2837
1.6712
0.8049
8.2417
0.0366
0
0
0
0.3525
0.8621
5.4972
1.8227
8.1127
8.9239
16.653
3.0209
0.6517
1.3824
0.8594
0.088
0
0.71
1.6746
5.3262
0.0432
0.2204
0.393
0
0.3118
3e-04
1.2998
0.4879
17.8177
10.7602
4.9241
1.2031
2.0708
4.5106
5.6964
0.8565
1.7071
0.2208
8.8361
12.8514
0.7853
1.3786
11.272
3.3234
0
0.2915
0.7349
0
0
1.7557
7.6066
9.7953
0
15.6844
0.8627
5.7927
0.0112
0
0.2642
0
0
2.1772
23.7451
3.8473
27.2751
12.7799
5.4733
0.1142
0.0947
29.4169
0.4744
0
0.0684
0.319
0.0899
0
0
0.8109
7.4161
9.3368
0.0771
0.4247
0.2557
0
3.1105
7.4993
0
0
0
3.9354
1.413
13.122
0.3062
0
19.6351
0.5994
0.3281
0.2484
2.7134
3.0656
7.8207
0.0533
0.0052
0
0
0
0
0.3532
0
0.1092
33.497
9.6702
0
0
0
0
0
0
0
19.0758
0.3247
0
0.1683
0
0
5.161
14.248
4.9745
0
0
0.5132
0
0.0889
14.9608
0.0179
0.0826
0
1.8362
4.6936
2.0608
16.0314
4.9057
9.373
0.0302
5.9892
12.9049
12.7628
0.1502
27.0818
2.9518
0.1881
0.389
0
0
1.4041
0
0.1311
3.3408
11.1139
6.7186
0
0
0.0541
0
0
0
0
0
0
0.1722
8.2933
4.1894
2.3454
0.0129
0
0.0594
0
0.1373
1.4155
0.006
0.0548
0
0
0.0088
0.3575
0.0497
0.0878
2.977
0.0323
0.0605
0
0.7775
0
0.0237
13.0039
0.258
11.5758
1.1179
0.7977
1e-04
0.2147
0.9502
24.3991
0.068
0.0018
0
0
3.4169
16.0342
0.6908
0
0
6e-04
8.0119
4.3434
4.9388
0.0601
0
0.0455
0.3205
0
0.6953
1.1271
0.5481
2.6517
0
0
0
0
0
1.8988
0.002
0
0
0
0
0
0
0.2977
0.63
0.0774
0
0.3035
0
0
0.8988
0.5009
6.4113
0.5962
0
0.1146
0.1413
0.5982
0
0
4.2281
8.6113
0
0.0301
1.3239
0.1748
0
0.0911
0.2124
3e-04
5.0185
1.6726
3.3256
0.0475
0
0
0
0
0
0
0
0.0758
0.0087
0
0
0.0919
0.016
0.3939
0
1e-04
0
0
0
0
0
0
0
0
0
0
3.7607
6.5083
5.3167
0.0665
0.0905
0
0.7175
0.0046
0.11
0.13
0
0
0
0
0
4.799
0.2114
5e-04
0
0
0
0
0
0.3091
0
0.012
0.6643
0.4393
0
0
3.0155
23.2546
1.8731
1.3067
2.2669
0.141
6.8767
8.9801
0.165
0.1997
0
0
0
2.2857
2.1567
0.0259
0.4211
2.6081
0.4883
0
0
0.2883
0
0
1.0338
3.4191
0.0474
0
1.3898
2.0816
0.802
0
0
0.9637
20.7979
7.8332
0.1025
0
0
1e-04
0.1144
0.1352
0
0
0.7409
0.3807
0.1654
0.4563
0
0.2476
22.1184
5.2154
0.4817
0.2631
0.307
0
0
1.2581
5.1477
0.6034
0.1012
0
9.8775
2.4438
17.3111
4.8887
8.7509
0.0244
0
0.0015
2.4219
0.3639
4.5583
0.7648
0.1049
18.0554
0.3306
0
0
0
0
0
2.8061
20.7851
9.6443
3.9889
1.1948
0.9529
0.11
0.1875
0
0
14.3081
21.1112
5.5734
5.8611
3.7573
6.7392
3.2295
7.8055
4.6236
4.6686
0.2035
0.6871
6.0704
0.1768
4.4209
4.3547
0.3583
0.5377
0.1444
0
0.2426
0
0
0
0
0.008
0.9024
1.228
0.3218
0
0
0.2993
2.8178
3.628
0.4727
1.3352
0
0
0
0.0622
4.3087
7.2039
0.1155
0
0
0
0
0
0.2296
1.2417
0
0
0
4.9375
3.8811
0.2319
0.8023
5.4548
34.9553
22.076
7.2551
0.1446
2.1265
5.568
0
3e-04
0
0
0
0
0
0.0506
0.012
0
1.5925
1.0894
0.5622
1.3962
11.3167
1.5399
2.7675
4.1952
0.7418
0.1928
0.1152
0.6818
0
0
0
0
0.2352
0
2.6194
0.8487
0.2857
0.0907
0.461
1.2272
0
4.482
2.4386
0.8961
2.2855
0.6463
2.0531
0
0
0
0.2772
1.21
3.6996
0
0.25
2.2022
0.8453
0.1226
7.3414
1.9777
0.9531
0
11.3123
0.0015
2e-04
0
0
0.8177
0.062
0.0961
0
0
0
0.8132
3.0515
6.0394
0
0
0.3316
0
0
0
0
1.6849
0.3817
0.2444
1.139
0.3373
0
2.1952
0.9211
25.8324
0.7787
4.0595
1.3519
3.3993
1.6384
5.0944
5.7932
2.0155
1.1934
0.0637
0
3.7713
1.0869
1.9636
2.8433
1.2307
1.2676
0
2.2404
21.8142
0.1843
0.0106
0.0166
4.2913
6.0217
0
0
2.3629
0.2624
1.9556
0.0706
1.304
6.4233
0.4334
0.001
0.3298
0.0547
0
0
0.0604
0
0
0
0
0
0
0
0.054
0
0
0.0042
0
7.6026
4.8347
0.572
1.0596
0.5492
0
0.7826
2.1681
1.0042
2.7241
0
0.2945
0
2.079
1.8726
2.4979
6.8218
0.6382
6.3704
0
0
0
1e-04
0.0613
0.3087
7.3459
3.5971
0
0
0.1579
0
0
0
9.195
0.7453
2.1242
0
1.7074
0.0318
1e-04
0.3
0
0
0
0
1.5548
2.3879
0.8037
0
0
0
0.1456
0.1119
0
0
7.118
0.8459
0.5345
0.7239
0
0
0.6052
1e-04
3.3733
0
0.5401
0
20.5581
3.5527
0.2201
0.0276
0.216
0.2804
1.1988
2.7849
1.9703
3.0191
14.3019
3.8922
0
9.8814
1.7888
0
0
0
0
0
0
0.1577
0
0.7252
0
0.6133
0.687
1.5411
0.8417
0.0332
0.8577
0
0
0
1.3247
3.3754
0.4897
0.0967
0
0
0
0.013
0.0166
0
0.1784
0.2252
8.151
0.478
0.3301
0
2e-04
0.1707
0.3691
1.846
0
0.7132
1.027
1.2042
0.047
0
2.8376
2.1449
0
0
0.841
0
0
0
0
1.497
3.8569
0.099
0
0
0
0
0
0
0
0
0
0
0.2662
0.3148
0.2917
0
0
0
0
0
0.5389
2.213
0
0
0
0
1e-04
3e-04
0
0
0
0
0
0
0
0
0
1.974
5.6225
3.9717
0
0
0
0.1759
0.9429
12.4656
4.4315
9.291
3.735
5.372
0.198
8.0034
0
8.9458
5.811
0
0
0
17.0483
6.7896
0.0968
0
0.823
3.8269
6.947
5.7192
0
0
2.7938
8.1987
5.2685
2.2997
0.337
4.8517
7.4932
0
0.9651
5.3257
11.3881
0.567
0
2.6148
13.0593
0.6512
0.164
0.8062
0.9054
21.7725
0
0.2884
0
1.4265
2.575
14.2346
3.391
0.9792
0
0
0
0
0
8.0173
1.6679
2.5104
0
0
0.054
0.144
2.7989
6.128
3.6001
0.0034
1.0178
0.3044
0
0
0
0
0
0
0
1.0415
3.7087
0.2248
0
0
0
0
0
1.1055
0.1064
0
0
0
0
0
8.781
7.167
39.9705
0.3371
0
4.8702
2.5471
5.3272
1.1582
0.0152
0.3616
0.1127
2.3785
0
0
0
0.157
0.6569
0.2509
24.0096
15.688
2.4366
0.6003
5.8744
0.5651
13.1474
1.0727
0.0412
7.0626
0
1.8106
3.7276
0.0781
0.0062
2.5525
19.7434
0.2766
0
0
0.2444
0
0.5367
4.4486
0.6957
0.6438
0
0.4282
0
0
0
0
0
0
0
0.3144
0.3454
0.3637
0.0617
0.6193
0
0
0.3724
0.6359
0.1476
0.5207
0.2385
3.0609
0.117
5.7538
0.957
1.1376
0.5034
13.6372
13.9437
8e-04
0
0
0
0
1.8906
1.4876
0.1002
16.37
0.0295
3.9767
0
0.121
0.1102
4.0798
2.1409
1.1271
0.716
0
0
0
0
9e-04
0
0
0
0.0034
3.263
16.6443
0.0498
0
2.3755
0.3923
0
0.2981
0.5779
2.6735
0
2.5432
0.7432
0
0
2e-04
0
0
0
1.3454
0.7717
0.24
0.0589
0
0.3211
0
2.5924
6.8558
0
0.298
0
0.1527
1.7099
0.2725
0
4e-04
0.6522
0
3.5399
4.8848
0.2746
0
0
0
0
0
0.1419
0.4748
0.0023
0.0552
0
1.0394
12.4443
0.0038
5.8234
0.6374
0
0
0.2396
0.3091
0
7.6835
7.0708
1.1123
10.6026
2.3563
3.4399
3.2946
17.4862
18.8396
1.9054
0.6923
1.6521
2.6478
0.5016
0.0663
0
2.6066
1.6192
0.7817
2.4067
3.5424
3.119
3.6256
0.6395
0
0.0831
0
0.1906
0.129
7.0402
0.9938
2.2947
5.4203
1.1865
0
0.5448
0.9315
1.4117
0.2732
7.682
3.5257
3.1106
0.3189
7.4308
1.0234
1.216
2.9326
9.3406
0.5124
3.7124
0.5439
0
0
4.5225
3.5189
0.9119
1.0661
11.6436
0.8555
19.3261
27.7692
0
0
1.9489
0.9285
20.0469
6.2462
17.7025
7.8213
6.76
3.2143
0.038
0.0412
0.0112
0.0526
0
0
18.7389
8.318
5.3614
2.2948
2.0738
2.1724
1.4866
5.1321
3.8357
3.5907
2.222
0.0573
0.003
0.6211
0.8425
0.8005
0.6472
0
0
0.8944
0.8375
7.3077
0.5319
0.1346
0.5608
0
0
4.9425
0.0261
9.5106
0.9186
0.2799
0.1999
0
0
0
0
17.7767
13.1037
1.968
2.9793
0.4648
0.2722
2.2251
9.4416
2.3136
2.0219
0.4358
14.5712
1.1766
0
0
0
5.4195
2.9197
0
0
0
0
0.0029
8e-04
0.0012
0
0
10.26
1.6263
0.0142
0
0.2386
9.8548
2.4258
4.9184
0.8934
0.352
0.0252
0
0
4.5309
1.1422
0.06
0
16.9007
0.0078
0
0
0
5.5999
7.0471
3.298
10.5817
13.5121
0.0057
0
9.2605
8.8379
2.9348
9.0877
0.9508
0
0
0
0.0649
0.0705
0.0124
0
0
0
0
0
0.2528
0
0
0
0
0
0.0099
0.0511
0
0
0
6.451
0.0232
0
0
0
0.0938
1.9999
10.6634
0.3017
18.276
2.1159
2.2963
0.0349
0
0.2263
0
0
0
0
0
2.5075
1.4729
0.0555
0.0592
0.151
0
2.0746
2.2378
6.9867
0.8172
0.2561
0.3869
0
0
1.5559
9.7944
12.3716
5.9885
0.1186
5e-04
1e-04
2e-04
0
0.1373
0
0.4797
0
2.4792
0.6745
2.5916
0
0
0.0318
0.3416
0.1581
0
0
0.3163
0.018
0.3149
0.0949
0
2.4122
0
0
1.6834
1.6109
0.0729
0.4737
0.0666
1.586
0.3592
0.2745
0.2369
0
0.2818
0.0806
1.4379
0.125
2.5509
4.6263
7.6384
5.2383
0.0246
0
0.2985
8.2003
0
0
0
3.3911
1.5507
1.1923
0.0217
0.0095
0
0
0.0015
0.629
6.6375
4.7262
0.0866
7.6929
0.5152
0.0605
0.0294
0.1476
1.6785
0.0289
0
0.0323
3.4497
0.2174
0
7.2897
17.2345
1.7981
8.8029
0.4796
0
0.4702
0.0246
2.1135
0
0
0
1.0318
8.3146
22.6417
2.0885
0
0
0
0
0
45.164
5.3429
1.1846
0.0146
0
0
0
0
0
0
4e-04
0
0.0472
0
2.6864
12.9721
1.5372
1.9388
0
0
2.421
0.4988
10.0974
0.4851
0.1711
2.6944
0.0273
0.3244
1.1386
1.0241
0
0
0
0
1.6421
2.7448
6.7777
1.764
5.6572
1.8914
0.3551
0.1736
0.367
0.5735
0.3098
0.2182
0
22.9137
1.5944
0.1677
0
4.0903
0.0568
0
0.1154
0
0
10.3266
6.2533
0
0
0
0
0
0
0
0
0
0
1.3185
8.1599
22.7039
4.6547
0.1661
0
0
0.2873
7.5933
5.4311
7.2519
11.4711
3.6509
5.9619
19.2163
4.0681
0.0666
0.0238
0.6901
0.0636
0
0
2.8765
10.2065
12.4039
0.005
0.0254
0
0.3049
0
7.2649
8.1396
14.7558
3.6559
0.1311
0.4154
1.3089
19.8756
4.062
0.0056
0
0
0
1.2494
0.232
0
0
0
0
0.8148
2.6488
5.9238
1.7854
0.213
0.216
0.2705
16.7512
4.7751
6.3303
0
0
0
0
0
0
0
0
0.1281
2.3028
1.5507
32.1068
13.5835
1.6899
7.9044
0.1167
0
6e-04
0
0.2974
21.9012
20.9163
42.22
3.3524
0
0
0
0
0
0
1.5626
0.3726
0
0
0
11.9673
3.8347
0.0176
0
0
0
0
3.4598
2.39
22.384
0.0142
0
0
0.0926
3.5661
2.7924
4.6781
11.1734
2.685
0.5418
0
0
0.0918
0
0.6166
1.9485
0
0
0
0
0
0
2e-04
1.9467
12.635
2.2239
35.4368
1e-04
0
0
0
11.5467
2.1485
7.5636
0
0.0406
8.8472
1.039
3.4026
1.2183
0.9547
0.2178
0
0
0
0
0.0515
0.0851
0
0
0.2778
21.1348
0.0613
0.8622
2.1525
2.9626
26.7408
16.4396
1.3923
1.2127
0.1651
0.0118
0.0895
0
0.7859
20.1044
0.0581
0
0.2694
7.0832
0.0957
0
0
0
0
0
0
0
0
0
0
0.0608
1.5003
19.1998
0.7853
1e-04
1.1958
1.8017
1.1144
0
0.186
0
0
0.4908
0.1528
0.7571
0
0
0
0.7259
12.1451
0.7843
0.1363
0.3714
0
8.4261
6.4913
0.0352
0
0.0236
0.1843
29.7608
0.655
0.0079
0
0
0
0
0
0
0
0
0
14.6478
0.6586
3.0573
12.5204
0.6253
0
16.8119
2.3163
17.9691
2.163
0
0.91
0.5598
3.0109
27.9367
28.744
0.3462
0
0
0.0534
0
2.1196
0.1768
0
0.3415
0.0627
0.2706
11.2947
0.7942
0
0.6649
0
8.5195
0.6699
0
0.112
3.4989
3.8489
0
0.0267
0
0
1.0083
0.3543
0.7729
0.044
3.9
0
0
0
0
0
0.9035
0.5248
0.1407
0
0
0
0
0.0122
5.9288
6.1636
0.5856
0.1001
1.4861
2.1993
0.7691
0.5682
0
0
0
0
0
7e-04
2.7545
0.5746
0.3742
2.7705
0.1083
7e-04
1.4683
1.2567
0.0556
0
1e-04
0
0
0
0
0
0
0
2.418
6.0297
0.8121
0
0.0774
5.734
4.7689
0.5919
1.0567
6.7118
2.7648
2.8771
0
0.0564
0
0.4109
0.2359
0
1.7327
3.2445
0
0
5.549
3.7518
0.275
0
0.0388
7.6851
3.5931
2.5493
0.0622
9.4984
0
26.6518
9.9274
0.3122
2.8692
0.1863
6.3769
0.0013
0.4103
4e-04
0.0436
0.3776
0.021
4.333
0.1125
0
0
11.1445
4.0501
0
0
2.2432
0
0
0.1336
0.9781
1.7869
0.068
1.0212
2.0295
1.4106
0
0
0
0
1.6726
9.0659
2.9221
19.9053
0.2768
0
0.8853
10.68
29.6578
5.7063
2.2816
0.1312
0.0122
0
0
0
0
0.1313
0.5657
2.8164
0.7523
0
0
2.134
5.5428
0
0
0
0
0.0294
0.4927
0.3038
0
0.2159
0
0
0
3.3969
0.7269
7.0312
14.2554
2.7078
3.6414
0.3582
4e-04
0.3205
1.8276
0
0
0
6.0818
3.2619
0
0
0
0
0
0
0
6.5722
8.5596
1.1505
0.0778
0
0
0
0.4536
10.2541
0.9678
0.0982
0
0.2705
12.5048
0.1013
0
0
0
14.4177
2.2605
0.0141
0
2.1212
0.9524
1.2392
0.5698
9.4481
7.3723
11.8855
15.1622
3.5207
0.392
0
0
0.283
0.0217
0
0
1e-04
0
1.9134
0.15
0.1408
0.1598
7.6512
15.8264
0
0
0
1.1266
1.1295
0.3769
0
3.9437
0.0349
0
0
0
0
0
0
0
0
1.0796
3.7639
0
0.0305
0.6689
0
0
0
0
0
0.0067
1.3342
20.2065
2.7744
0.2408
0.1591
0
0
6.2013
0.3202
0.3337
0.721
0.3408
0.2379
0
0.1015
0.1249
6.4456
0
0
0
2.2437
25.297
22.3754
22.3169
6.0979
0
0
3.6888
0.6422
2.8689
0.1718
0
0
0.1857
2.4073
0.9469
0.0125
0
0
2.1819
0.9537
0.7186
0.0842
3.9486
1.6926
0
8.7604
6.7029
13.6233
2.5105
0.8085
0.0877
0.3766
0.134
1.4068
0.5426
1.695
0.6715
0.4538
3.3939
3.9937
7.4528
0.5241
0.029
0.0242
0.0279
0.0018
0.0194
0
3.697
2.59
1.6853
0.3528
0.078
0.0538
0.0518
0.1354
0.5036
0.2912
3.6547
0
1.987
0
0
0
0
1.4393
2.2156
0.3689
0
0
0.5871
5.1496
0.1694
0
0
0
0.121
1.2428
0.1806
0.5682
0
3.9278
25.6945
0.7468
0.6729
0.0537
0
0
0
0
0
1.8005
1.8599
1.5861
0.1571
0
0
0
0
0.5676
0.5255
0
0
0
0
2e-04
0.1462
1.3438
0
0
0
0
2.6197
0.0856
15.3885
1.3835
0
7.7914
3.6264
0.2022
0.3709
7e-04
1e-04
0.0194
0.6423
0.0183
0
1.3933
0.3686
0
0
0
0
0.4851
13.9082
5.4218
1.5349
0.2742
14.0115
1.7239
0
0
0
0
0
11.5228
3.0033
2.3305
0.0472
0.2838
6.6306
0
0
3.1282
1.8499
2.9455
0
1.1531
5.6336
0.4965
5.0677
0.2407
0
0.9324
0
0
0
0
0.4427
0.4044
1.6004
0.2204
0
0.5475
0.6895
12.4441
17.6424
13.2797
0.4033
8.0753
9.0484
5.0185
1.4251
4.4988
2.6623
0.4567
4.2319
0.261
0.4417
4.2248
0.6434
0.1222
0.024
0.3426
1.9773
0.028
0
0.653
4.9428
0.2676
0
0.0303
0.2481
0.2658
0.6812
0.2203
11.4811
2.5552
0
0
0.2721
4.7512
11.7874
13.9605
0
0.3222
0.1346
3.137
2.9318
22.2405
1.007
0.2959
0
0
3.9089
7.4783
0.5259
3.7128
0.0053
0
7e-04
2e-04
0
0
6.3817
0.3119
4.6558
2.0428
25.1332
0.4223
0
0
8.2296
2.919
7.0125
0.664
0.6816
0.0169
0
0
0.3965
1.6142
0.1034
1.0073
0
0.3051
1e-04
0.1209
1.2805
3.0435
11.3949
0.144
14.3978
20.1532
24.0067
30.318
2.2427
22.3181
0.7684
2.3466
9.572
2.1726
1.379
20.8217
2.6763
0.2624
6.1816
1.675
0.03
4.1149
11.328
9.1354
0
3.1333
6.7076
0.7547
0
0
0.0416
6.2023
1.9324
2.262
7.1178
0.9657
12.0605
1.8961
0.5845
0.0466
0.2341
2.1597
5.3629
0
0
0
0
2.7746
0.8543
2.7624
21.8658
8.3459
0.0115
0.0287
0
0.2048
1.0436
7.021
20.4738
0.6826
8.4321
22.4897
15.1925
7.4173
20.4129
0.0321
0
0
0.2852
0
0
2.5437
11.2116
4.4744
0.1423
39.4035
9.0287
0
0
0
0.1276
1.1901
0
0
0
0
0
0
0
0
0
1.7787
2.4688
11.1813
1.9809
1.7122
1.094
0
9.8341
14.7128
4.8528
0.0696
2.2731
2.1839
0.6211
0.0969
0
0
0
0
0
0
0
0.5284
0.3592
0.0024
16.7794
15.0338
0.6519
2.4013
0.0693
0.0167
0.2757
0.0543
2.4241
4.0282
11.9064
24.294
2.4075
0.0047
2e-04
0
0
0.0382
0.0615
0.0376
11.5832
9.2288
11.1817
0.2209
1.7199
0.1819
0
0.0498
0.0143
0.0172
1.6464
0.3929
0.3263
0.0032
0.0279
0
0
0.9227
0
7.9769
0.0664
0.0057
0
0.2975
0
0.5174
0.2249
0.0099
1.3777
4.67
0
0
0
1e-04
0
0
0
0
14.6814
16.3841
9.7841
0.0032
1.529
9.4761
20.2864
8.0057
0
0.0176
0.4441
0
8.2243
0.6295
3.4759
7.9155
0
0
0
0
0
0
0
14.3819
2.7085
0.0104
4.2671
0.0146
0
0
0.1891
0
0
0
0
0
0
0
0
0
0
0
0
0.4306
1.3589
12.9437
1.6892
0.2387
0
8.3413
0.0574
0
0
0
8.9214
3.0985
0.5955
0.6773
0.4539
2.2504
0.0434
0
0
0.0781
0.3056
19.5163
3.038
0.0868
0
1.2986
0.298
4.3242
1.6893
0.3944
0.4185
0.1805
2.0186
4.1908
5.4257
0.116
0.2518
4.8542
0.7248
0.3985
16.7518
1.2241
0
0.0509
0.0926
0.1719
0
0
6.6557
12.9037
0.2991
0.023
0
0
0
0.0212
0.1549
17.3231
5.6054
0.2704
0.2917
0.1198
4.4286
3.0996
9.5805
0.3966
0
4.1779
3.6942
1.8353
0
0
6.4103
19.0556
1.0594
0
0.0126
1.2481
2.6299
0.3473
0.0139
0.8422
3.239
2.4121
0
0
0
0
0
1.158
0.1743
0.0375
0
0
0
0
0.4657
0.3911
0
0
0
6.7141
3.7405
1.2376
0
0.1209
1.1969
6.5746
2.2343
13.3104
0.2124
0.9764
0.0282
2.9711
3.7384
0
16.3438
30.3277
20.1843
1.0615
0
0.03
0
6.9624
0.3574
0
0
0.028
1.2115
8.6709
9.3898
0.0257
0
0.1875
8.9451
6.4756
0.4707
4.4292
1.1209
4.0885
2.9066
6.3177
8.5534
0.0468
0
0.4976
2.3334
1.2659
3.9795
8.9422
6.9422
5.9713
0
0.9124
0.1608
0
0.8998
0.4098
3.3227
0
0
0
0
0.1062
5.4654
0.2383
0.028
0.0084
0.0811
0
0
0
7.6753
2.3243
2.9453
0
1.7408
1.185
0
0.2385
1.9077
1.307
4.0342
1.7671
0.6638
0.1298
1.0311
0.1002
0.0547
0.0044
1.6127
0
0
0.0025
0.0309
1.7661
0.9689
1.9246
3.5354
0
0.1833
4.6597
5.1193
6.6652
8.8838
1.1964
0
6.791
0.1869
0.2668
1.0279
0.8083
0
0.6892
0.0562
1.9236
4.7039
4e-04
0
0.0559
1.1987
1.4453
1.4562
0.0136
1.9543
1.7492
9.1684
7.8738
5.2462
1.2838
1.9186
0.5671
0.4487
0.4497
0
0
0
0
0
0.1396
8.6301
0.1452
0
0
0
0
0.2139
9.2177
7.4338
0.0119
0.7316
2.8594
3.7051
0
0
0
0
0
0
0
0
4.7324
1.5241
0.0294
0
2.9797
0.1808
1.5006
0.1764
0
0
0
0
0
0
14.7547
14.6714
1.1989
0
27.6813
0.5189
0.0767
0.0035
0
0
0.5123
1.7546
0.3928
3.7922
14.0387
0.5803
0.1869
0
2.1331
1.5672
0.6418
13.3986
1.1894
0.1869
0.0817
0
0
1.4197
0.0436
0
0
1.687
1.4828
0.1364
0.1612
2.3008
2.651
0.8987
3.6466
0.0921
0.1527
0
1.9957
0.0773
0
0.1215
0.0542
0.0066
0.0549
0.2883
0.417
0.062
0.9027
1.2359
4.9752
2.2784
0.0763
0.1549
0
0.8161
0.4073
0.1344
0.753
0.0869
0.3776
3.4421
0.0228
0.0064
0.026
0
0
0.0291
0.3262
4.5175
0.2348
13.1088
10.5849
0.0454
2e-04
0.058
0.2053
0
0.1128
0.0974
0.0052
0
0.0601
5.1838
1.3412
0
0
0.143
0.6228
0
0
0
0
0
0
0.6013
0.146
0.0694
8.4713
0.9758
1.7451
1.7893
0.0132
0.0156
0.2204
0
0
0
0.2966
3.4525
3.5707
0.8945
3.4228
3.2853
0
0
2.3821
0.218
0.152
0
0
0.6126
0.9661
0
5.2159
0.3322
0
0.7254
0.4104
0
3.0072
0.7012
0.6691
0.0364
0
0
0
6.3665
2.4584
2.4571
17.1811
2.2155
0.7871
0.5119
17.9651
11.4652
25.1133
3.5785
0.0118
0.3018
0.0577
0
0.0143
0.017
0
0
0
0
0
0
0.377
9.8216
3.9943
5.0536
4.6859
1.606
0
0
0
0.2503
1.5264
6.4584
0.5734
0
0
1.3226
4.3937
0
0.1336
0.3999
0
0
0
0
0
0
0
0
1.49
7.3607
6.8063
0
0
0
0
0.3713
2.1033
0
0
0
0
0.0488
0.0639
0.4888
0
0
0.0222
1.099
3.679
0.3085
0.032
2.4269
3.1803
0.8398
0
4.4945
4.2323
0
7.634
31.5552
8.5015
2.2512
1.9752
0.8937
15.2463
1.6187
0
0.599
0.2246
0
5.3567
0.9421
2.0815
6.8711
5.9766
0.0627
0
0
0.9781
2.7749
0.8382
0
0.1382
0.0272
0
0.4028
8.0647
9.0088
0.0816
3.2628
4.2862
0.5199
1.4704
6.4808
0.6976
0.2876
0
0.4936
1.7138
1.0998
13.2737
3.8856
0
0
0.3385
0
0.884
6.7594
1.4623
21.0561
11.5558
0.0102
0
0
0
2.8386
14.7031
4.9128
0.0411
0
0
0
4e-04
1.9415
3.8954
2.2278
0.6899
0.9977
0.0233
0
0
0
2.2145
1.7767
0.7451
0
1.1476
0
0
0
0
0.1604
0
0.0249
0.3258
0.0079
0
0
0
0
0.1669
0.8358
3.7157
2.9025
6.0926
1.0892
0.3834
0
0.8028
0
0
0
0
0
0.2214
0.4222
7.9439
0.102
0
0
0
0
0
0
0.0138
0.0479
5.8772
0.0869
0
0
1.1185
1.0769
0.5507
0
0
0
0
0
5.2719
8.9864
0.182
0
6.897
4.5942
5.9489
0
0
16.6842
3.2319
0
0
0
0.3255
0
0
0
0
0
0
0.7669
0
0
0
0
0
15.6392
8.139
0
0
0
0
2.3569
0.4281
6.9008
1.3164
16.0726
2.7635
10.7196
3.3086
1.3396
0
0
0
4.8731
4.4904
5.7313
0.1016
0
0
0
0
0
0
0
0
0
0
0
0.6934
1.0476
1.8534
0.6341
0
0
2.277
3.6703
3.5196
0.0284
0.2673
0.0911
1.5545
0.5776
1.3964
3.8176
4.5069
0.0431
0
0.897
11.5666
28.5863
3.9281
1.3777
0.336
0.077
0
0
0
0
0
0
0
0.1542
0.0225
0
0.1325
0
0.0583
0
0
0
0
0
0
0.2861
0
1.9862
0.2406
0
0
0
0
0.4545
0.0012
1.0606
0.606
0.4414
1.2436
12.0517
5.195
0
0
0
0
4.0496
1.2691
25.9849
7.3732
0
0
0
0
0
0
0
0
0
0
0.2584
0.7861
0.447
0
0
0
0
0
3.2301
1.5795
0.1239
0.278
0
0.3348
0.9262
0.2312
0.9893
0.076
0.3134
0
17.6871
30.16
15.9337
0.4601
7.9607
0.036
0
0
0
3.4467
9.012
0.4354
1.5461
14.0801
0
0
0.0901
1.2256
0.0388
0.4276
0.076
0
6.2931
0.2866
0.3047
0
2.1753
6.4704
0
0
0
10.2162
4.4927
2.5833
0
0.168
2.657
0.3166
0.1678
7.4358
9.2623
4.0314
0
0.3155
0.001
2.5953
26.2763
2.3757
0.0084
0.2887
16.7796
2.8668
0.3245
0.0309
3.8982
5.4504
2.1207
0.1382
0
0
0.0316
5.4517
0
8.6597
0.3545
0
0
2.7279
2.6739
0
0
0
0
0
0.0066
0.5394
2.1982
3.2481
5.6141
12.6128
16.5793
2.9961
6.8548
2.0529
0.0186
0.1533
0.1816
0.4479
2.1054
0.3144
0.0256
0
0
0
0
0.8891
0.0733
1.5814
0.2891
1.0889
0.2865
0.2704
0.0168
1.7498
4.0129
1.7856
5.7601
12.7028
8.0699
1.2483
0.2949
0.2517
0
0
0
2.2377
0.86
5.8306
10.1011
10.2394
1.9717
0.5602
12.3904
5.4194
0.5679
0.2014
1.3738
0
0
4.4143
2.0952
18.6038
2.9627
0
0
0.2439
0
0
0
0
0
0
0
0.6903
0
0
0
0
0.0921
0.1082
0
0
0.1368
2.865
0.1833
0.3104
0.2736
1.5385
0.3664
0.0527
0
0.1006
0.3268
0.2821
0
10.8307
1.0723
2.0977
0
0
0
0
0
0
0
0.2821
0.3232
0
23.4669
5.6939
50.4332
6.9614
0.2149
0
0
0
0
0
0
0.0253
0.006
0
0
0
0.2289
5.4224
1.1267
0.5491
0
0.05
0.0316
0.0771
11.5857
0.8661
0.6802
0.7675
6.6059
1.897
15.0809
0.2049
0
0
0.2395
16.7255
0.0556
0.0168
4.0019
20.3617
0.1415
0.069
0
0.3169
1.4437
2.2971
3.8902
0.0039
0.0455
0.1128
0.088
0
0
0
0.0255
0.1368
0.2373
0.2678
0.0322
0.176
0.5984
0.6983
0
0.2491
0.0226
0
0.4437
1.5318
0.1963
0.1953
1.3263
4.5586
6.4738
0.003
0
0
6.3659
5.5649
0.1205
0
0.7702
0
0.7691
0.5296
0.1343
0.3282
0
0.1247
0.3455
0.3488
0.8643
4.4066
7.4957
0.0063
0.0198
0.27
2.0839
0.2795
2.8135
2.0781
1.1656
3.801
0.0088
0
1.0335
1.1106
6.8675
3.6951
11.9734
0.0027
0
0.0611
9.3988
8.1252
0.0125
0.0467
0.5213
0.0308
0.3668
0.233
0.358
0
0
0
0
0
0
1.0515
2.6046
0.1111
0.5791
2e-04
0.2493
0
1.0014
1.1243
0.3593
0.1001
0.2257
0.3748
0.4241
0.1466
0.0805
0.0212
0
0
9.0409
14.0689
3.0921
0.512
0.0019
0
0.7266
0.8724
13.3047
2.3902
0.3795
0
0
0
0
0
0.0573
0
0.3771
0
0
1e-04
24.873
11.0497
0.0704
0
0
0.3769
0.8354
0.0184
0
0.2761
0.7592
0.1836
1.1127
2.5766
0.0074
0
3.1939
0.5661
0.1269
0.4365
0
0.0531
0
0
3.3448
3.9517
0.3631
5.2546
2.3536
0.1603
0
3.0975
1.4028
0
28.8001
17.3952
0.9456
0.2781
4.0554
0.0639
2.321
10.4632
11.8998
0.8076
0.1666
0.5186
7.4329
2.702
1.0827
0.136
3.1099
9.8645
17.9156
5.3558
0.2319
0
0
12.1753
2.0286
5.5973
0.0225
0
0.3544
1.8839
0.0128
3.5629
3.1488
1.0776
4.2991
13.9005
0.4029
1.5828
0
0
0.1374
3.8238
3.1331
2.6802
0.7379
19.7864
14.4214
1.3102
3.2702
2.54
5.1697
7.7763
3.1149
2.9427
0.0284
0.2376
2.252
8.0543
2.8952
0.2998
0
0
0.3673
4.0197
0.1581
0
0.032
0
0
0
0
0
0
0
0
0
0
0.0012
5e-04
5e-04
0
0
1.2409
5.8279
11.111
1.0661
0.453
11.4159
0.2694
0
0.0841
0.2461
1.3639
2.8835
1.8648
8e-04
0.3016
19.9923
24.5895
16.3225
2.7135
0.8357
0
1e-04
0.0326
0
0
0
3.0809
0
0
0
0
0
0
0
0
0
0.6588
3.7554
4.2392
2.6931
1.106
1.444
0.2621
0
0
0
0
0
0
0
0
0
0
0
0
0.8749
2.0776
0
5.3504
0
0.3748
4.7421
1.0509
1.3501
2.9493
1.5715
0.301
0
0
0
11.272
2.9083
0.2108
0.3143
0
2.3186
18.5922
14.0818
0
0
0
0
0
0
0
0
0.0344
0
7.9904
0.4249
1e-04
0
0
0
0
0
0.5436
14.9929
0.408
0.7053
0
0.1045
9.7687
0.4117
0.0814
0.9021
0.7358
0.0949
1.3391
11.7045
0
0.3296
0
0
0
0.4722
0.8337
22.3215
5.1508
2.1648
0.1123
0.6965
0
0.021
0
0
2.2943
2.5537
0.0714
0.001
0
0.4731
0
1.9354
5.6302
10.428
5.9514
0.6353
0.3812
0
6.3908
9.8403
0.5734
0.6996
0
2.0333
0.3665
0.5055
0
0.2203
0
23.5514
4.1515
0.1009
0
0.244
10.6154
17.1666
2.545
0.0968
0.098
0
0.032
5.3715
6.4306
0.0616
0.3327
0.1372
0
0
0
0
1.1282
0.4538
0.3445
0
7.0006
0
0
0.2993
3.5556
0.4791
0.0286
0
0
0
4.2794
3.7447
0
0
0
1.3998
0.0048
9.7113
0.8808
3.069
2.5954
7.1554
5.2691
1.495
0.3157
0
0
0.1426
0.4473
0
18.9543
1.1268
0
0
0.4445
0.5424
0.3112
3.7301
0.3613
0.4756
0
1.5561
3.3883
0
7e-04
2.3475
5.1885
2.8054
0.0015
0.0838
0
0
11.3218
42.0525
0.0208
2.3703
4.7236
0.3136
0
6.5119
3.4539
0
2.8428
1.6779
1.5347
0
0
3.3976
31.6205
0
0
0
0.2075
0.1291
0.1187
0
0.1132
0.5977
0
10.8215
1.8966
0
4.2806
8.0044
1.5766
0.4117
0
0
0
0.6266
7.2576
0
0
0
0
0
0.143
12.8866
0.2747
0
0
1.9432
0.7805
0
0
0
0
0
2e-04
0.2342
0.0469
0
2.6112
1.8383
0
0.0573
4.7125
3.4636
20.5923
3.7759
4.8489
1.2287
0.7321
3.2285
0.0547
0.0567
0.0901
2.0909
0.725
0.2596
4.816
0
0.2659
8.915
21.8246
0
0
0
0
0.0149
53.9285
0.0336
0.0141
0.0947
18.1708
0.7296
35.603
13.3282
9.9344
0.381
0.0599
0
1e-04
2e-04
0
0
0
0
5.3185
2.5648
0.0047
1.0325
3.7093
0.0459
8.4435
7e-04
0.3063
4.5967
8.9275
0
5.6708
1.2014
19.815
0.2789
0
0.4634
5.7606
9.9487
0.0692
0.1843
0
0.2625
0
15.0249
0.3991
55.9696
0
0
0
0
2.8513
4.3123
0
0.0015
0
0
0
11.0746
9.6383
4.6633
0
0
0.1667
3.905
0.7083
0
0
0
0
2.2437
0.584
4.894
0
0
0
0
0
0
6.4445
18.5588
3.4169
0
9.175
22.1813
22.7225
0.6565
0.0481
0.4383
0.8343
2.8544
0.0347
19.825
0.2688
0.4145
0.2613
0.3632
0
0
1.0037
0.0287
6.2152
1.0872
0
0
0.5988
0
2.0507
7.0811
11.034
0.4048
0.0981
0.2952
0
0
0
9.0257
0
2.0943
29.8785
0
0
4.1411
0
0.2998
0
0
0.1898
1.7989
8e-04
0
0.3139
2.1629
0
0.1241
0
0
0.942
1.7843
0
0
0
0.3199
10.3451
0
0
0
0
0
0.193
5e-04
0
0
1.8832
0.9951
15.8681
1.026
0
0
0
1.7125
4.5795
2.3348
1.0666
0.6799
0
0
0.3036
0
0
0.0599
0.1144
0.893
0.3089
5.9798
2.5365
0.4065
0
0
0.2635
3.66
6.3202
3.3037
0.235
0.0982
0
0.4218
0
14.2316
5.22
0.7658
0
2.7396
5.3362
2.1441
0.7754
0
0.3463
0
0.3221
17.5743
0.1334
0
0
0
0
0
0
0
0
0
0
10.0575
3.5713
8.077
9.2668
0.9943
0
0
0
0.9951
0.4654
0.0296
0.2959
1.9609
16.8269
2.0805
4.605
14.8683
20.2532
0.1837
0
0.001
0.3665
3.994
0
2.2327
0.3088
5e-04
0.2002
0.1463
2e-04
0.0018
0.6646
6.2776
0.0992
1e-04
0
0
0.2635
0.254
0.0502
0
0
0
0
0
0.2776
0
0
0
0
0.1878
8.5825
5.0571
0
0
2.0214
11.6412
26.3771
9.6711
1.9988
3.5848
0.0098
0.4397
0
1.0879
0.0593
3e-04
0.4362
0.0058
3.1441
1.4036
2.0444
0.7561
0.6165
0
0
6.0049
18.74
0.1689
0
0
0
0
0
0
5.1454
7.7449
1.467
11.3987
4.0285
0.2787
0.3415
0.1817
0
0
0
13.6964
0.3659
0.0023
0
9.5834
0.5829
0
0
0
0
0.2393
13.7391
18.8396
1.0513
0
0.0013
0
6.9238
0.0613
17.4548
0.4844
0
1.6177
0.0504
0.4285
0.7453
0
0
0.2076
14.7029
0.8939
0
9.0322
2.4452
4.3507
24.6357
19.8233
5.2824
0.1324
0
3.1919
2.9649
0.1213
0
0.0498
0
0.2655
0
0
0
0
0
0.1009
0.0369
0
0
0.3068
6.6966
0.5582
0
0
0
0.6797
0.8938
1.2526
0
1.5661
0.3648
1.6864
1.7289
0
0
0
1.8196
6.9023
31.4535
23.8279
4.8309
0
3.7124
1.5222
0.2261
0.5323
4.1149
0
0.6528
0.2791
0.1604
0
0
2.3695
4.8263
4.6691
16.9742
1.5256
0.311
0
0
11.1148
0
0
3.465
3.2528
1.0757
0
0
0
0
0
2e-04
0.0028
0
0
14.9687
10.6221
14.4542
33.3336
7.8965
0
0
0
0
0
0
0
0
0
0
0
34.704
18.2031
22.1906
5.3828
5.1055
2.437
4.3525
0.7354
0
0
0
3.6448
5.5337
2.345
10.5771
8e-04
4e-04
0.3488
1.8877
0.7213
37.9245
44.2906
0.0229
8e-04
0.1306
1.1703
0
0
1e-04
9e-04
0.0036
0
0
0
2.4302
0.0251
0
0
0
0
0.2048
0
0.043
0.0879
0
0.0308
4.904
2.5809
18.7247
2.0514
0
0.0849
0.0609
0.6843
0.6668
0
8e-04
0.0389
0.2641
0.0808
7.8804
0.0826
0.0895
0.0753
23.7515
0.11
0
6e-04
0
0
0
0
0
0
8e-04
3.446
0.0229
0
3.7902
0.0098
0
0
0
0
0.0304
0.5354
0.8237
6.2109
0.6952
0
0
1.2864
0
0
0
0
0.2251
0
20.947
0.0016
0
0
0
0
0
0
0
0
0.064
0
0
0
0
6.0333
3.1863
0
0
0.0564
0.4242
0.3083
0.2088
0.7011
0
0
0.181
2.5534
3.2467
1e-04
0
0
0
3.7288
0
0.1014
0.1116
0.9237
0
0.475
0.7941
12.0516
2.9816
0
0
0
0.2721
0
0.0048
1.1681
3e-04
0.6469
0.1417
20.9997
7.199
0.0465
0.1016
2.7097
0
3.1299
2.3072
0.313
1.8942
2.6341
5.3936
2.411
2e-04
0
0.8334
5.3403
0.2
0
0.0616
18.6796
5.7022
0
2.849
0
0
0.1438
0
1.3638
0
5.1093
2.4389
0.0273
0.8617
0
0.7459
12.3665
1.2057
0
0
0.0879
7.8537
0.3249
0
0
1.5465
1.2931
0
0
0.5058
0.0342
0
0
0.0146
3.6961
0
9.7831
9.822
1.4266
2.8923
6.294
0
0.108
14.9904
0.0017
0.0363
5.1377
0.5917
0
0
0
0
0.3493
0
0
0
0
0
0
0
0
0
0
0
0
0
0
0
0
3.9079
0
0.3271
3.7398
0
0.134
0
0
27.7433
0
12.4506
0.6087
0
0
5.0571
14.7283
1.9454
2.0523
1.0914
0.7071
0.6904
2.5039
17.747
0.0994
0
0
0.0016
0.023
0
0
0
0.0017
0.5455
0
0.6045
0.5684
0
1.9089
0
0
0
0.6462
1.4012
0.3252
0
0
1.2635
7.0758
0.0194
0
0.5135
11.3559
8.6989
6.5501
0.0027
0
0
0
0
0
20.9843
6.3173
5.0901
0
0
0
0
0.5462
0
0.4759
0.0336
6.4579
12.277
3.4266
9.4976
0
0.8459
0.5583
0
0
0
0
0
0.0304
1.6588
1.5629
0.1968
11.8656
0.6165
0.9131
0
6.1076
0.1645
0
0
0
13.7446
0
0
3.1866
1e-04
0
0
0
0.351
0
0
10.2787
3.5892
2.0074
0.335
7.893
16.3836
7.152
5.7111
3.7853
0.2833
0
2.0864
0.9888
0.0011
1.88
1.7522
0
0
0.9347
0.5858
0.2654
2.0397
5.931
0.0432
2.4989
0.0445
0.1043
7.1106
15.4043
0.0272
0
0
0
4.1421
0
0
0
0.5237
6.9897
9.6881
4.0613
0.9945
0
0
0
0
0
0
0.08
0
0
11.7839
0.0548
0.2912
0.807
0
0
0
1.5386
0
0
0
0
2.3143
0
0.3414
0
0
0
2.6992
0
0
0.0036
0.1978
32.438
2.4615
0
0
4.0782
18.3564
0
0
0
3.662
2.6262
0.9958
0
0
8.0963
0.0809
0
0
12.0311
0.331
0
0
0
0
0
0
0
0
0
0
0
0
0.054
0.009
13.7712
0.6954
0
0
0
0
0
0
0
0.9884
0
0
0
0
0
0
0
5.0259
4.4701
0.4461
0.3765
0.9142
0.4247
0
10.2485
0
0
0
0
0
0
0.1757
0.0749
8.202
2.3797
0
0
0
9.9097
0
0.0372
2.1257
17.1855
3.0372
0.1394
0
0
0
3.4689
0
0
0
0
0
0
0
0.043
0
0
0
0
0
7.3225
3.6028
0.0015
0
0
0
0.027
1.1122
0.1173
0
1.0754
0
0
0
0
1.1876
0.528
4.2622
1.5782
1.1176
0.2313
0
0
0
0
0
0
1.7589
0
0
0
0.9967
0.0823
0
0
0
0
0
3.9553
5.2129
0
2.2042
0.7792
0.2536
0.0632
0
11.5318
0.2715
0
0
0
1.0294
3.4976
3.5659
0.738
8.1443
0
0
0
0
0
0
0
0
0
4e-04
0.0293
0
0.5114
4.7077
0
0.0739
0.7475
2.7267
4e-04
0
8.9815
10.5781
0.5413
0
0
0
0.7102
0
9.8036
5.6424
1.4394
0
0
0
0.2409
2.2365
0.8971
0
0
8.7332
15.1541
0
0
0.8201
0.0347
0
0
0
0.0065
4.032
0.336
0.4353
19.7795
3.5359
0.1961
0.0286
0
0
0
0
0
0
0
16.1106
4.0454
0
0.5784
0.0294
0
0.6094
0.6746
1.5579
14.5662
0.4277
7.0182
1.7927
0
0
3.0555
0.441
5.2573
19.3607
0.0134
0
1.4036
10.9595
0.2539
0
0.0046
3.4606
20.2319
0.5899
0.0047
0.0252
0.063
0
0
0.2852
24.7273
1.3708
0
0
0
0.0248
0.5318
9.174
13.4451
12.3391
4.6924
3.1153
1.6804
19.193
0.0016
0.2458
16.2316
0.6186
0.0017
0.4226
26.7451
0.1758
1.6428
0.0276
1.4212
0
0
0
25.7081
0.0099
0
1.5673
0
0
0
1.3316
2.7829
0
0
1.9939
3.3431
0.1293
0
0.4137
0.5494
0
0
0
0
0
0
0
0
1.3612
15.6415
16.6917
8.1435
0.5806
5.5658
9.237
0.0807
0.0015
17.1785
21.5686
0.2078
0.3327
0
0
0
0
0
0
0
10.2548
1.4403
0
0
0
0.045
3.0615
2.7977
0
3.6737
17.6336
0
0.0371
0
0
0.0434
0
1.9101
3.7495
0
0
0
0
0.1067
41.0994
1.2782
11.576
0
5.7341
0.2789
0
0
0
0
7.8874
2.173
0.2879
25.1239
3.8839
1.2798
0
0
0
0
0
0
0
0
12.0138
23.2835
8.0435
0.4685
0.0616
0
0
0
0
0
0
4.8188
0.6804
3.1444
0.3049
0
0
0
0
0
5.773
0.3428
0.1395
0.4022
0.0564
0
0
0
0
4e-04
0.7749
0
0
0
7.1471
0.8172
5.2692
7.7142
0.028
0
5.0639
0.2031
0.4252
0
2e-04
0
0
0.4699
0.1935
0
0
0
2.7682
2.9975
1.9853
0
1.4018
0.0175
0.1688
0
0
0
0.0584
0.1532
2.4912
1.9778
0
0.432
19.6907
5.6216
3.2257
6.8652
0
11.6026
6.7867
0
1.9737
0.0471
0.6739
0
0
0
0
0.024
0.2063
0.1737
0.1988
3.4948
1.123
0
0
0
0.06
0.6811
0.1237
0
0.0751
0
0
0
0
0
0.9241
1.0559
0
0
0
0
0
0
0
0
0
0.1269
0
1.5486
0
1.349
9.626
1.2137
0
0.1472
0
0.1481
0
1.9806
0
0.3077
14.7844
4.192
0
0
0.032
12.7347
1.374
0.1389
0.0108
0
0
0
0
1.2469
0
3.8668
10.9219
0
0
0
0
0
0
0.0232
0
0.5054
0
0
0.2448
0
2.0319
2.7865
5.9943
0.0197
0
8.1012
1.8684
0
0
0
0
0
0
0
0.4038
0
0
0
0.0795
0
0
4.2109
0
0.0027
0
0
32.0348
0.6415
0.7551
2.618
4.2732
9.8983
0.7223
0
1e-04
9.1531
0.9729
0.5052
0
0
13.415
1.2566
5.2673
0.2761
0.7656
0
0
0
0
0
0
0.1042
0.3194
0
0
0
0
0.1273
14.7657
0
0
1.244
5.9907
0
0.347
31.4641
21.0629
1.7088
7.0673
0.0111
0
9.8769
0.4382
0
7.422
11.8506
7.8232
13.5273
0
2.8373
0.001
0.0243
1.8059
14.3245
0.5981
0.499
9.6108
8.6653
0
0
0
0.0119
0.0913
1.8309
0
2.7378
7.1766
0.325
0
1.142
0
1.0735
7.5616
2.0795
4.5138
2e-04
0
0
2.2773
1e-04
0.3124
1.6214
2.092
0
3.0899
2.5507
0.4921
0
0.8503
0.1582
0.3289
1.6116
0
0
0
0
0
0
1.6765
0.0913
1.4714
0.2728
5.5329
0.0832
0.585
0.7376
25.3249
0.1825
2.0137
2.0136
0.3723
8.9897
0.2723
0
2.0912
0.587
0
0.2597
0
0
0
5.6565
0.7019
0
5.2934
0.5567
0
0
1.3644
0.0702
0.271
9.1523
0.1754
0
16.4889
20.3174
0.1719
1.9287
1.02
0.2206
0
0
0.0064
2.9653
0
0
0
0
0
0.0582
0.8585
2.6795
12.0787
20.0836
0
0
1.5853
2.9726
0
0
0
5.9605
37.3718
0.3848
5.1437
0
0.2277
12.7599
2.5857
0.7444
0.1102
0
0.0559
0
0
0
0
2.8378
21.7896
5.3038
0
0
0
1.5279
9.9101
18.0421
0.2978
15.691
3.4305
18.7378
0.3638
0
0
0
3.1495
7.3849
6.1011
2.2439
18.4403
0.4202
0
0
0
0
0.283
0
5.0461
0
0
0
0
0
1.3574
0
0
0
0
0
0.5225
0.6332
0
0
0
2.1788
0
0
0
0
0.7389
4.0257
0.0256
3.3691
4.3048
12.0392
16.4133
0
0
0
0.4693
0
0.5368
0.0614
0
0.1185
0
0.0251
0.7315
5.2131
14.5519
0
5.7007
22.7203
1.6954
0.4287
0
0
7e-04
2.2667
0.0598
0
0
0
0.2932
0
0
0
0
0
0
0
0
2.9227
0.4263
0
0
0
0
0.6935
0.352
0.0684
0.469
0
0.1843
0
0
0
0.0275
0
0.2528
3.5806
0
0
0
0
3.2902
16.0937
15.1148
18.9381
0
0
0
0
0
0
0
0
3.3991
3.5054
0
0
0
0
0.4394
0.1946
0
1.7075
9.357
0.2082
0.6645
0
0
0
11.1014
0.1921
0
0
2.3719
7.5936
0.1271
0.1188
0.0279
0.2594
0
11.3379
0
0
0.0849
0
0
0.4622
1.6205
0
0.0328
0
2.7315
0.1297
0
0
2.9909
6.1037
14.8656
2.44
0
9.2878
1.8596
0
1.3193
13.9759
1.9344
0
0.271
0
0
16.6893
9.7986
0
0
4.4651
19.2025
2.4271
0.1492
0
0.1407
0.0186
0.6572
5.4817
4.4825
0.2098
0
0
1.5468
0
3.6828
7.5959
0.4736
0.3037
0
13.6686
0
0
0
4.6766
0.4119
7.6182
3.7553
0
6.8869
22.5129
11.2573
0.5757
7e-04
2.8764
3.6625
1.0563
0.3404
0.1691
0
0
0.0291
0.0707
10.5613
0.6068
0
1.2772
6.3542
0.8212
0
0
0.0354
5.3639
3.263
11.1481
2.1296
0.1688
1e-04
0.0732
0
0.4187
1.4361
0.0411
3.1873
0.126
0.1135
0.9168
1.3624
0.3377
0
2.8783
0
0
0
7.1976
0.7846
2.0845
0
0
0
0
0
0
0.9476
0.0927
0
0
0
0.9099
0.5364
0
0
0
0
0
0
0
0.6537
0.3512
0.2737
1.0113
6.3639
4.285
0
0
5.385
5.068
2.7132
20.8228
1.2052
0
0.1054
0.1363
0
0.3589
4.2003
0
0
0
0
0
0
0.6191
8e-04
1.5738
0.2662
0.4277
0
0
19.4471
0.1127
0
4.5162
26.3496
0.3919
0.951
0.1987
0.0384
0.1673
0
0.0279
0
0
1.2453
0
0
0
0
0
0
0
0
0
0
0
4.8011
0.5783
0
0.0726
3.8284
3.5597
19.3854
3.2916
0.4101
0.2165
0
0
0.0418
26.8864
1.1212
0.003
0
0
0
0.1736
5.4376
0.1015
0
0.512
0
0
0
0.0223
0
0.29
0
0
0
0
0.771
9.3088
0
0
0
0
0.0893
14.8197
2.294
0
0
1.2286
0
0
0
0
0
1.0782
6.5089
1.0131
0
0
0
29.5466
3.9378
0.383
0.287
0.1347
3.8485
1.4349
0.3598
0
2.6464
0
3.3842
10.0648
1.5746
0
0.4815
1.6802
0.9287
0
0.4991
0.7888
0.4763
2.411
2e-04
0
0.1263
0
0
0
0
0
0
0
0.8694
5.1182
0.5685
0.0032
0.0012
0.8314
18.937
4.3618
0.8511
1.0335
0.1617
0.0993
7.1196
0
0
0.437
0
3.8174
7.1474
0.4657
3.8601
0.3917
1.3368
1.2231
2.0168
0
0
0
0.3577
0.0328
0
0
0
0.0316
0
0
0.1186
5e-04
0.0312
0
0
0
0
0
2.9059
0
0.4643
3.3196
0.8673
0.7976
1.8471
0
0.0653
4.9737
0
0.1399
0
0
0
0.9692
0
0.1642
0
0.0402
1.0389
0
3.4452
0.1576
0.4245
0
0
11.3613
5.8124
0.7349
0.2255
0
0
0
3e-04
0.8753
0
0.6476
4.5091
0.8963
0
1.129
2.0656
0.0508
0
0.0178
13.3486
0
0
0
0
0
3.871
1.6951
10.3984
0
0
0
1.3793
0.5982
0
1.0933
13.1903
0
0.3047
1.8898
0
0
10.608
23.3713
0.2448
11.424
0
0
0
0
0
0
0
0
0.1594
0.3577
3.056
0.7663
2.9557
0.196
0.5015
0
0
0.9036
1.1216
0
0
1.6974
1.9741
7.8514
16.7567
0.8742
0
28.0907
0.2876
7.6189
6.5029
24.5306
12.0568
8.1907
3.957
0
2.0939
6.3317
0.0012
0.0687
0
0
7.532
0
0
0
0.0727
0
0
1.2822
1.4904
0.279
0.4843
19.2605
0
0
6.3118
0.4965
0
0.4524
0.8503
3.7051
0.1733
0.1971
5.2191
26.1065
0.639
7.2207
0.8722
0
12.9764
0.0546
2.6158
0
0
0
0
0
0
7.9969
0.6968
0.6651
1.3578
3.064
0.4172
0.2573
0
6.8799
12.0049
0.5726
28.1447
21.8376
8.4915
5.2437
0.2219
0.4673
0
0
0.6327
0
0
0.6906
0
0.14
27.6213
8.1377
2.667
0.6759
0
0
16.297
0.138
1e-04
0
0
1.1497
26.1488
17.309
19.1127
0.7775
1.0148
0.2586
3.3301
0.2537
0
1.7983
6.1922
0.4704
0
3.2345
2.3608
0.0441
0.0275
0
0
0.0321
2.2992
0
0
0.081
7.5952
1.645
0
2.3362
1.498
2.6573
48.7916
5.1847
0.0436
2e-04
0
0
0
0
0
0.0534
0.0271
0
0
0.7917
6.7056
0
0
0
0.5245
0.1201
0
20.3555
2.017
6.0692
5.3431
0.0756
27.9561
0.6966
1.1983
0.0486
0
0
3.5892
2.4104
0
0
0
0
0
0.8357
0
0.032
0
25.5326
4.0798
0.828
0
0
0
0
0
0
0
0
5.8714
6.675
2e-04
1.62
1.3951
0.149
0.6725
4.9174
0.3929
0.0524
0.0404
0.2855
5e-04
0
0
0
0
3.5429
5.3561
0.859
0.0701
1.6136
0.3948
0
7.7561
3.9865
0
0
0
0
8.6412
0
0
19.3923
9.8821
2e-04
0.1511
0
0
0
0.1119
9.4694
1.092
0
0.1176
0.2543
10.1367
0.6018
0
0.065
3.894
0
2.2919
0
0
0.3706
0
0
0.0074
22.3534
2.2491
4e-04
0.0227
0.001
0
6.4858
5.723
0
0.0111
1.9287
0.9615
17.2593
1.6822
0.1395
0
0.2546
0.0011
0
0
0.9629
0
0.6872
0.1379
0
1.7367
0.433
0.0017
0
0
0
1.1115
0.5151
0.3905
1.1514
4.4106
0
0.1942
0.1942
0
0
0.887
2.7744
0
1.423
0.1382
1.2779
0.1591
0
8e-04
0
0
0
0
0
0
2e-04
1e-04
0
2.5943
0.4768
0
0.6827
0.6476
0.0657
0
0
0
0
7.7433
0.3337
0
9.2505
6.7799
0
0.836
0.1857
0.1331
0
0.1016
0
0
1.3876
0
2.5565
0.4208
1.6969
1.0924
4.3412
0.0766
0.001
0
4.7341
2.4129
7.7011
0.5561
0
1.4219
2.4239
0.4734
0.3518
1.7245
0.0655
0.1477
0
0.1221
0
0.167
0
0
0.1492
1.3342
2.9613
4e-04
0
0
0
0
0
0.0311
7.8804
1.7121
3.5146
0
3.5052
0.2684
0.4488
0
0
3.8673
4.6782
15.9941
0
0
0
0
10.4682
0
1.1715
8.0171
3.0802
3.0194
4.5137
2.5151
7.378
1e-04
3.0868
5.677
1.1813
0.0183
25.3364
0.0499
3.1489
10.7717
0.2486
2e-04
0.0798
1.1607
0.1754
14.1865
25.0877
1.2226
2.5959
0.0025
0
0
0
0
0
1.3416
5.7495
21.3907
19.24
7.3574
19.3698
0.8991
6.9419
9.0844
0.0211
0.2574
0
0
0.6626
0
0.3118
8.0246
0.0585
0
8.3315
0.2294
0
0
0
0.0679
2.9435
2.3001
0.998
4.2796
0
0
0.0035
1.4706
4.2735
0
0
0
1.3944
7.606
7.8076
0
0.0015
1e-04
22.8102
7.4362
0
0.4708
6.301
5.9495
0.8382
0
4.706
16.1064
3e-04
0
0
12.9053
0.0831
0
0
0
0
1.094
0
0
4e-04
0.2793
8.7159
0.1727
0
0.4864
13.0565
18.1793
0.3029
0
0
0.3225
0
0.4988
32.6533
10.3253
22.0151
0.0838
0.0339
0.0464
0
2.8702
3.9268
0.0351
0
8.3642
1.3972
0.1685
0.1712
0
0.0335
0
0.0647
0
4e-04
1.026
0.017
0
0
0
0
0
0
0
0
0
1.7576
13.7336
0.0823
0
1.0862
0
0
0
0
0
0
0.1248
0
0
0.0765
2.5991
0.0012
15.2716
0.5922
0
14.8055
0.5016
0.4741
0.1693
0.2185
8.3698
2.5967
0.1179
0.031
0.3776
0
4.1709
2.8048
0
0
15.98
0
15.7844
1e-04
0
0
0
0
0
0.1571
0
0
0
0
2.8698
5.0493
0.6124
14.4858
3.4053
0
0.0048
0
21.6782
5.5114
0.2456
1.8472
4.6434
1.4522
4.7826
5.8371
0
0
0
0
2.9007
15.5605
0.9602
1.7465
3.0873
4.3571
0.1887
0.0059
0.1945
0
0
5e-04
0
0.1006
0
0
2.1218
6.2839
0
0.1516
0.0709
0.0788
0
0
0
2.8139
0
4.3325
20.8252
3.0671
21.79
6.7229
0
8.5203
0
0.0116
9.7531
30.1198
12.1789
2.5521
0
0.4102
0
0
2.0368
0.931
0.0269
5.7829
0
3.4459
0.0308
0.1796
0
0
1.3543
0.77
0
0
0
0
0
0
0
11.2566
7.177
2.5616
0.1278
0
6e-04
0.7734
4.0942
0.0261
8.6361
0.0259
0.0022
0
6.6555
3.3582
0.0572
0
0
0
0.0844
0
3.0721
2.5494
0.0179
0.0185
0
0.3193
0
0.9584
0
0
0.0935
1.4749
1.9156
0
0
0
0
0
0
3.4673
0.9886
0
0
4.0732
0.1164
4.2255
1.2041
0.6091
0.1121
0
0.0226
0.2083
0.7836
14.4976
0.0554
0
0
0
3.397
0
0
0
0
0.0059
0
0
0
0
0.0057
0.0058
0
3.2049
7.4249
12.6569
26.459
9.2316
0.2265
13.1177
0.7623
0.0411
0.3733
1.7868
0.3646
0.0212
0
0
0
0
0.6885
0
0
0.6558
2.9416
0.0992
4.5803
8.355
0.0328
0
0
0
10.4221
2.5079
0.0011
1.1836
4.2159
0.3087
0.1004
0
0.3399
5.5016
0.1108
1.0367
0.0011
0.1456
0
0.0958
1e-04
0
3.5011
0
1.0093
3.4057
2.3698
0.4388
0.1217
8.4587
0.9304
1e-04
0.4588
5e-04
0
0
0
0
0.2698
0
0
0.021
0.3428
0
5.9497
6.6019
7.6313
7.2961
0
0
0
2.2696
0
0
11.8612
2.6316
0.3958
0
4.4843
4.665
7.5447
8.6329
13.99
11.1841
3.7179
9.3594
6e-04
18.7194
7.9244
0
3.677
3.0789
2.3328
43.6999
0
0.0089
0.0368
0
0
0.0406
0
0.1109
0.0051
0
0.0294
1.5559
0.0034
0.4332
0.0273
0.0704
8.4564
12.9349
0.0827
0
0
0.0207
0.008
6.4287
0.4395
0
0
0
0
0
0.9318
0.1101
0
18.3736
15.5327
0.1615
0
0
0
0
0
0
0.8401
0.0381
0.0022
0
0
0
1.2274
0
21.5805
0.4103
0.1457
0.8265
0.1593
0
0.1384
38.9413
7.9054
4.4515
29.778
0
0
7.4139
0.0011
0
0
0.0637
0
0
0
0.0019
0
0
0.1695
0.6463
0.072
2e-04
0.8436
0
0
0.5898
0.0604
0
1.5891
1.2295
1.1825
0.0021
12.3048
1.0672
0
0
0.2439
9e-04
0
0
6.7885
0
0
0
0
4.3143
0
1.1572
6.831
0
0
0
2.4925
0
20.0764
15.8421
0
0
0
0
0
0.0558
2.6255
1.4598
0
0.1731
6.6321
5.5824
20.9507
0.0569
0.9816
2e-04
0
2.979
0
0.0261
0
1.8102
4.9629
0
0
0.3416
0
0.2945
8.449
0.414
0
0
0
0.0283
0
0
0
0
14.0418
4.1755
0
11.5806
9.4433
0.0116
6.9196
0
12.1784
8.0018
0.4994
0.7394
0.1619
0
0.0771
0
0.2465
2.0958
0
4.1106
2.6398
0
0
8.9404
7.0806
0
0
5.3057
0
0
0.1621
0.4432
0
0
0
9.7765
4e-04
0.0368
0
4.8017
8.4044
14.8736
0.6196
0.2347
8e-04
0.001
0
5e-04
0
1.3872
0.6277
0
0.006
7.339
8.5442
1.5221
0
0
0
0
0
0
0
0
0.0761
0
0.0787
0.9583
0
0
0
0.7736
0
0.0585
6.3385
7.8974
0.1366
10.6204
10.2687
1e-04
0.0362
1.0381
0.7759
0
0
0
0
0
0
0
0.6102
0.8499
0
2.5999
0.0246
0
1.8103
6.2076
4.9321
10.6032
0
0
0
7.8658
0
0
0
0
2.2233
0.1149
5.6234
0.0809
0.0632
5.2081
0
0
0
0
0.0315
1.2625
0.891
4.2349
0
0
0
4e-04
0.7137
1.853
23.2623
0.0401
0.2913
0
0
0
0
0
6.3629
22.1167
6.0009
11.2782
5.6863
14.7045
3.1654
6.6651
12.0381
3.3174
5e-04
0.5337
0
0
0.0455
25.2506
18.2884
2.3583
1.6716
0
4.5309
1.6622
0.1046
5.8245
2.4917
1.1826
0
0
12.1695
0.0555
6e-04
0.1555
1e-04
0
0
0.0307
0
0
0
2.6729
6.6134
5.2443
21.3265
34.5649
4.3264
0.4956
0.0348
0
2.2188
4.5128
0.1225
0
0
2.8577
11.4628
12.9239
0
0
0
0
0
3.6919
6.8193
32.0059
0.304
23.2108
0.0049
2.0255
0
1.4376
0.0054
0.7784
0.6255
3.5455
0
0.0739
0
2.6913
3.1798
29.1619
0.2323
0.1815
0
0.1486
0
8.6906
0.1631
0
0
1.9767
0
0
0.0758
5e-04
0
0
2.5008
0.2748
0
0
0
7.322
0
0.0345
0
0
1.3117
0
0.5752
10.1561
8.6414
34.9378
0.3521
0.1505
2.0034
0.4446
0
0.1565
0.4643
1.7802
0.0627
6e-04
0.7392
0.7896
0.0712
23.2755
3.6792
0
0
0
0.0332
9.2436
4.5426
0.1392
4e-04
0.683
8.4883
1.0724
0
0
5.1086
5.0001
0
8.7346
0.9002
10.8893
0.5274
3.06
0.1851
0
0
0.0547
0
0.002
8.5497
0.1175
0
0
0
1.5881
44.8669
0.0524
3.2185
2.2006
0.0021
2.733
0.2486
0.6054
0.1823
2.618
15.2998
4.907
0.2802
0.0239
0.9371
0.1245
0.0635
0.0415
0.0195
0.0109
0
12.7111
0
0.0603
0
4.4233
0
0
0
5.4855
22.0326
1.3965
0.0017
3.0194
2e-04
0
0
0
0
0
0
0
0
0.8421
16.8385
43.3847
0
0
0
0
0
0.0519
0
0
0
0.0647
6.5368
3.8682
0
0.1489
0
0.2134
4.4531
0.0229
0.0156
7.3324
9.2413
0.0013
0
6.5362
9.7297
0
0
0
0.2535
14.8169
8.131
0
0
1.7387
25.4725
12.1254
2.1754
0.7702
0.024
0.0339
0
3.4976
18.652
5.3168
22.2005
0
0.0215
0.0238
0.0147
0
1.3664
0
0.0839
0.1564
0.023
0
0
0.3592
0
0.7609
0
0
0
0
0
0
0.6328
0.1691
0
0
0.0311
0
0.1136
7.5824
2.7231
3.0148
0
1.1338
0.0285
0
0.6074
0.0229
0.0229
0
0.0012
6.6054
0.1243
1.0662
0
10.9731
8.7876
0.0011
0.1206
0
0
4.5948
0
0
0.3951
0
0.2268
0
3.9854
18.3388
0
0
0
4.3014
0
2.6042
2.5476
13.4013
1.7422
0
0
0.5845
1.0003
0.0762
0.0573
2.5917
6.8251
0.2373
0.9655
0.7774
0.3338
0
0.2289
0
0.1244
0
19.3857
2.5538
0
1.54
2.2455
0
0
0
0
0
0
0
0.065
0.2935
28.6995
25.4642
7.8439
0.1169
0.7142
1.6853
8.9351
9.411
0
0
0
0
0
0
17.3063
2.0864
0
0
0
0
1.7671
6.0056
0.5156
0.001
0.0395
0
0
0
0
0
0.8827
8.1321
1.1053
0.174
7e-04
0.2443
0.5485
1.7423
4.4902
15.1365
8.8379
0.0314
0.2665
0
12.0932
0
0
0
0
0
0
0
0
0
0.0014
4.8699
0
0.5684
0
0
0.1426
0
0.0073
3.5263
12.0134
0.0155
0
0
0
0
0.0091
4.4221
0.1832
0
0
0
3.9609
0.8736
0
1.7037
0.0026
2.33
0
10.9352
6e-04
23.3371
0
0
0
0
0.2407
4.8867
2.5987
24.2988
4.1771
0
0
0
0
0.003
1e-04
1e-04
20.6772
11.878
15.1846
3.2638
10.7347
1.2759
0
0.0303
0
0
0.0747
8.2945
0.053
0
16.8876
62.8955
36.6081
13.7774
0.7461
7.3127
10.724
0.0562
0.0256
0
0
2.275
0
0
0
0
0
0
0.0849
6.9848
5.1578
23.3302
0
2.2545
0
0
0
0
0
0
0
0
0
0
0
0
0
0.0036
5.9897
0
0
0
0
7.9886
2.2114
1.2387
0.0121
0
0
0
0
1.3384
0
1.6975
0.0314
0
0
2e-04
3.917
0.202
4.054
0.118
0
0
2.9053
22.3039
0.5489
0
0
1.9115
0
0
0
0
0.0958
0
0
0
0.0958
0
0
0
0.4264
0.001
0.0296
0
0
0
7.108
0.1192
14.5589
0.5149
0
0.9124
1.4484
2.0334
0.0457
0.0514
9.53
32.0145
0.0661
0
0
19.1522
0.0053
0.0212
0
0
5.4096
0
0.6578
0.0805
3.8294
0
0.4477
0.0436
11.5263
0
7.8033
23.1278
0.0054
1.052
10.8126
2.6587
0
3.5116
0
0
0
0
7.4666
0
0
1.2341
0.221
2.5801
1.7113
0
0
0.4463
0.0438
0.0766
15.5697
18.2808
1.7433
1.6275
0
1.0799
0.5738
0
0
0.9507
0.1245
0
0
0
0.6884
0
0.2548
0
0.722
0.423
0.3597
1.1454
3.5854
0
7.4343
0.2693
0
4.4856
26.3678
47.2733
0.4897
0.0754
1.4508
0.8965
2e-04
2.7307
1.6679
0.2422
0
0
11.6746
0.9661
0
0.0572
0.0903
1.735
1.0261
0
0.0022
13.8354
0.3587
0.6204
2.5337
0
0
4.6281
17.4633
5.8486
7e-04
0.496
1.8941
2e-04
0.106
0
0
0
1.714
0.0325
0
0.336
5.5777
23.563
0.4451
1.6143
5.2499
0
0.0263
0.064
0.0886
7.7274
20.557
0
0
2.5461
14.5956
0
0.2706
12.7067
0
0
0
0
0.5908
4.4299
16.3229
5.2167
3.3813
0
0
0
0
0
2.117
2.5206
4e-04
0
0
0
5.0764
0.9574
0
1.1072
8.5375
0
0
23.6388
4.2407
0
0
8e-04
2.2154
7.1203
0.9496
2.3542
14.6596
1.9678
0.0418
8.6285
0.3705
5.6749
0.9141
7.3656
0
0
0
0.1268
0
0
0
1.0747
0.0493
0.0265
0
0.0314
19.9743
0
0
16.6052
4.1763
0.3715
0
1.4647
0.2343
13.7399
25.7962
0
0
17.4497
1.7133
0
4.7698
0
0
0
0
14.6131
5.0465
1.3197
0
15.3359
18.9465
2.5014
8.3566
2.0949
0.1542
1.6826
0
28.9674
0.0072
0
0
0.584
16.0943
9.4434
0.3542
0.495
2.7647
4.2329
0
0.0718
0
1.9284
0
1.3977
3.0289
3.155
0.131
0
4e-04
0
0.1215
0
0
0
0
0.0686
7.2213
0.033
0
1.1275
3.3712
0
0.3482
0.662
0.4054
1.4001
0
0
0
1.775
4.006
0
0
0.9262
0
0
0
1.5292
2e-04
0.0703
0
1.765
2e-04
0.0463
0.068
0.0067
0
0
0
0.0946
0.8638
2.0581
0
1.882
0
5.4696
0
0
53.2368
19.5448
7.6664
0.1987
0
0
0
0
0
0
0
0
0
0
0.0669
0
0.0551
4.1676
3.9249
0.0741
0
1.5037
0.0249
0
0.0219
0
6.3312
0.3188
0.693
0
0
3e-04
0.0655
5.582
10.9525
0
0
0
0
1.3295
0
0
10.5464
0.9781
0.6785
2.1702
0.8168
0
1.52
0
0
0
2.0302
0
0
0
0.125
0.1319
1.1262
0
0
2.1088
16.7446
4.6814
28.7482
0.497
0.0682
0.1405
0
0
0
0
0
2.746
0.0805
1e-04
0
0
0
6.9824
1.6025
1.9863
2e-04
1.0831
0
0.0468
0.1567
0.1837
16.81
9.0861
0
0.0491
1e-04
1.9392
3.6527
1.4202
2.3138
0
22.2154
0
3.6118
0
1.2768
13.2485
0
3.6312
0.969
12.2587
0
0
0.2567
0
0
0
1.1293
0
1.2866
0.3635
0
2.4561
5.8759
0.1341
0.6448
1.8005
3.4729
0.0395
0
0.8617
0.2794
0
0
0
0
0
0
0
0
1.1958
13.0372
0
0.2162
0
0
6.4772
0
0.0727
0
0
0
0
0
2.7502
48.7397
2.0259
0
0.8129
0.7905
0
0
6.6326
0.2165
0.48
3.3137
0.22
0.0014
0.1202
0.0257
2.6245
7.357
0
1.7126
0.3873
0
0
0
0
3.6842
53.3094
0.2735
17.9647
13.6968
0
0
0
0
0
0
1.7907
1.0919
0
0
0
0
0.0366
2.7446
0.0624
0.0048
0
8.0123
0.4157
0.4944
0.5612
0.0032
7.6926
0
5.1723
21.4419
0
0
0
2.5137
0.0056
0
7.4448
17.3309
2.426
0.0376
0
0
3.6719
11.1747
2.0709
0.9917
0
0.1746
0
0.1736
0
7.3064
3.9308
11.3928
4.9577
0.9633
0
0
0
2.9309
3.4095
10.6842
0.8676
0
0.5772
0
3.4334
24.6058
0.0246
4.5318
0
0
0
0
0
0
0
0
0
0.3653
12.1936
5.6288
0.0013
0.5682
0
7.9614
9.0416
2.7577
0.0242
0
0
0
0.9881
1.1658
0.6997
7.4587
2.7259
0.6362
0.0741
0
0.0353
3.0989
0
45.9719
2.2136
0.1084
0
0
0
0.0682
3.3858
0
9e-04
0.153
0.1355
0.0311
2.1158
0
0.0268
0.0063
0.0533
0
0
1e-04
0.6855
17.4726
0
0.2154
0
0
0
2.6799
0
0.406
1.2505
1.2153
10.1145
6.5626
3.5016
8.4268
0.0023
1.317
4.3034
11.6648
0.6011
0
0.1728
1.0243
0
0.4799
0
0
0.0391
2.3529
0
0
4.9161
0.3499
0.0044
0.0261
0
0.0546
9.5398
21.1106
0.5194
4.6644
0.3944
6.7789
0
0
0.0482
0.0532
1.0608
8.0294
0.8247
0.0258
0
0.0211
0.0026
0.0422
0.002
0.0554
0.0076
6.8941
7.7545
0.9155
0.0191
0
0
0
0
0.2707
0.0059
1e-04
0.0239
0
0.0072
5.4759
0.4841
1.5969
0.0623
0.1867
0
0.5228
3.1226
0.0627
0.032
0.0734
33.3824
5.5096
0
0
0.5388
3.0024
2.4889
19.3202
1.7995
0
0.8085
0
3.1429
3.6626
7e-04
0.144
0
0
0
0
0.064
16.1004
1.0641
0
0
1.8077
4.1236
0
0.0036
9.3416
0
0
0
0.0163
0.0065
0
0
0
0
0.4555
0.2745
0
0
0
0
1.1674
0.0309
0.0863
5.3663
1.3545
0
0
0.0683
3e-04
1.5106
2.7889
0.9201
0
2.1864
2.196
0
6.484
5.9507
0
0
0
0.043
0.8166
10.9768
0
0
0
7.7019
0.1128
0.1159
0
0
0
8.022
1e-04
0.4463
0.6019
1.3603
0.2361
10.6749
1.1776
2.5755
0.5062
0
0.2374
1.3067
0
0.0353
0
1.0763
0.0018
0.0212
5.3588
0.1272
0.0326
0
0.2442
0.0277
0
0
0
0
0
0
0.0259
0
0
0.39
0
6.4747
2.739
0
0
0.6438
0
0.0446
0
0
0.5057
0
0
0.9726
2.0922
0
0
5.9419
0.5382
0.22
0.1441
0
0.1286
0.2566
0.2617
0.993
0
0
0
0.149
6.5094
0
0.3399
1.178
2.6506
1.2786
0.0131
0
0
0
0
0
0
0
0
0
1.2386
0.9682
3.0385
13.0683
3.8808
1.0375
1e-04
0
0
0
0
0.0315
5.8391
0
0
7.8759
0.3705
0
12.9959
3.4744
0
0
0
0
0.0248
0.0469
1.257
0.5778
10.7337
27.324
3e-04
0
0
0
0.5502
0
0
1.4324
0
0
0
0
0
0
0.3896
7.7561
22.5225
17.5588
0
0
0
0
5.7329
8.101
5.5475
4.3248
0.3858
3.9965
2.6083
4.7125
0
0
25.176
6.9178
0.4053
7.9934
0.1305
0.0572
18.6644
3.3621
0.0018
0.2247
8.0779
4.5836
0
0
0
0
4.5368
0.3048
0.218
0
22.065
7.5668
2.6146
0.5552
0.9193
19.5048
2.4738
0
1.3383
9.2108
0.3634
3.1107
0.0043
11.1955
4.1519
6.2789
0.8246
0
0
5.1863
0
0.7174
6.632
9.7162
1.4808
0.0015
0.0077
13.8623
8.0282
0
0
0
0
8e-04
1e-04
0
0
0
9.6162
8.1527
0.0028
0.8721
1.7856
0.2822
0.3408
0
0.04
0.0051
3.6569
0.3735
1e-04
0
10.6025
0.3457
21.5565
6.2431
0.1432
0
8.4336
0.824
0
0.547
0.0289
0.4178
3.9825
1.0454
8.1973
1.363
0
0
0.0208
0.8556
12.4924
1.3374
0
3.4879
1.4838
1.079
0
0
0
0
20.7328
0
0.0266
0.1698
0
0
0
0
0
0
0
0
4.2025
2.4953
0.182
0.1555
0.0871
0
0
0
0
4.8079
0
0.0967
0
0
10.261
0.1135
0.0279
0.1758
0.1348
0
0.9418
0.9956
0
0
0
4.6641
9.3679
1.5337
0.4116
0
4.0145
0.3088
0.026
0.0284
0
0
0
0
0
0
0
2.5282
8.2243
0.969
0
0
0.0575
0.0018
0
0.1689
0
0
2.598
0.0178
6.8062
0
0.0705
0
9e-04
0
0
0
9e-04
0.5652
1e-04
0
0
0
0
0.0056
0.0467
0
0.1104
1.3667
0.1018
12.105
11.0344
0.0468
0
0
0
3.2734
8.9786
0.5306
35.5975
3.9681
0
0
0
16.8617
0.0012
4e-04
0
0
0
0.0767
0.2264
0.0296
0
0.7105
0
12.7783
0.1205
0.018
0.0129
0
0.0223
0
0.0249
0
0
0.4138
0
0
0.2495
0.2659
0
0
0
0.5816
1.0177
4.5339
0
0
0
0
0.0287
0.1537
1.9665
0.2294
0
3.3834
2.4828
0.1369
0
0.1266
0
0
3.2549
0.1968
1.0945
0
0
0.4097
0.7735
0.0205
0
0.5581
0.2408
0.2096
0
0
4.5211
4.3855
0.0227
0.1753
2.8333
0.5028
0.6656
0
0
0
0
0.1999
0.6859
0
0
0
0
0
0
3.9577
10.1553
0.5989
0
1.6014
4.9039
0.1558
0
38.5203
0
0
0
1.6661
24.6506
3.5311
0
0
18.2498
5e-04
2.0264
0
0
0
6.7745
0.097
0
0
0
0.1223
2.1596
2.8098
3.684
0.1224
0
0
0
0
0
0.2024
6e-04
0
1.3209
0.4855
17.5455
0.1347
0.1052
0.0078
14.3684
0
4e-04
2.951
0
0
0
0.0264
10.1524
0.3253
3.326
14.0212
18.3759
0
7.3199
9.1305
3.134
24.1117
1.2417
14.1075
5.8633
0.7034
0.0053
1.9272
2.1371
11.5825
0.7675
0.0223
1.0551
1.1628
1.2759
0.0498
4.233
0.868
2.9412
4.0728
17.6099
14.1767
5.1366
2.5328
3.5337
6.4917
0.2074
0.1087
0.2374
3.1607
7.9746
31.0892
28.1205
2.4028
0.0826
15.1507
0.0721
0
0
0
0
0.0117
0.2767
4e-04
0
0
2.0966
8.1252
0.7013
0
0
0
0.2995
1.5362
0.5674
4.2451
1.9891
4.3583
1.3687
6.4144
0.9475
2.0909
0
0
0.2546
0
0
0
0
3.0481
0
0
0.0288
0
0.013
0.0345
0.1172
0
24.8129
0.0013
0
0
0
0
0
15.0283
3.8127
0.0018
0
12.4643
11.3309
8.9662
0.5189
0.0036
0
0.9752
7.2698
0.3673
0
4.4718
0.3175
9.4034
0
9e-04
7.4156
24.2517
2.1857
11.4381
0.5835
0.0237
0
0.0646
8.0435
0.6335
0.031
0
0.8308
3.5576
0.0054
2.9194
0
0.2905
31.7767
17.8155
0.388
0
0
0
0
0.1921
0.0064
0.6845
0.3259
11.4165
0
0
12.7062
23.7775
4.2394
0.8205
2.3998
0.6131
0
0.4478
2.566
0
0
0
13.9037
0.5458
1.1518
0.0152
15.0767
0.2287
0.322
36.1506
2.4342
4.6312
10.934
1.5224
3.1849
0
2e-04
0
0
0
0
0
0
0
0
0.0312
1.1613
0.8015
0.9435
1.5932
0
4.0674
35.9432
24.0981
0.2074
0
0
5.9567
1.2929
4.1864
7.5269
0
0.9306
0.0177
1.4285
0.031
0
2e-04
0.1453
0
0
1.1866
0.4032
4.3409
0
0.6167
1e-04
0
22.6305
5.6308
0
0
0
1.0958
0
2.8043
25.1251
11.4195
0
0
0
14.62
7.7055
50.794
3.069
0
0.0306
0.0486
4.7424
17.749
3.6791
0.5349
0.0152
0.5392
0
0
0
1.7439
6.4019
14.41
0
1.3088
0
0.1078
2.5356
17.2319
0
0.2785
0.2578
0
0
8.0434
0.4397
0.1613
3.7146
0.6482
1.186
0.1605
0.0354
0
0
0
0
0
0
0
4.3128
1.7255
0.9065
0.7523
0.0031
0
9.9426
0
0.7979
0.6199
3.3002
1.4438
4.1906
0
0.3215
8.702
4.8657
2.34
0.0098
0
0
0.6031
0
0
9.4835
0.125
0
0
0
0
0
0.1648
0
0
1.0736
2e-04
1.6378
0
0
0
0
2.6407
1.4697
1.004
11.4448
0
0
0
1e-04
13.8978
0.6903
13.8451
8e-04
0.5002
0.8252
0
0
4.6414
0
0
0
6.2218
2.457
0.9681
2.1288
2.2109
0.1417
5.8915
0.0229
0
0
2.3413
3.7223
2.4243
0.0441
0
0
0
0
1.5147
0
0
0
2.9786
1e-04
0
0
0
0.0027
0.802
0
0
0
0
6.4648
0.3302
0.9068
0
0
0
0.3577
4.0308
0
0
0
1.8363
4.9714
0
1.9739
0
4.1151
11.4596
3.9719
0.0492
3.1003
0.4835
0.0066
23.5436
3.9637
1.5879
0.9138
0
0
0
0
0
0
0
0
0
0
0
0
0
0
0
0.0245
0
0
11.377
0.0542
0
22.5369
0
1e-04
0
0.5684
0.2182
0
0
0
0.0053
6.7397
0
0
0
0
0.8473
1.0395
2.2331
0
0
1.2602
12.4144
0
0
0
0
0
0
3.2387
7.0774
2.9321
1.3885
1e-04
1e-04
8.4668
1.8089
0
0
0
1.3073
0
0
0
0
4.5124
0
0
0.1876
15.4986
8.0256
1.1099
0
3.3991
4.327
0
0.0698
1.9281
10.1489
0
0
0.0074
0
0
0
0.1609
24.856
0.1551
0
0.0712
5.0252
35.7383
1.638
0
0.3557
22.1081
0.5156
1.0478
0.018
0
0
0.5958
3.0964
0
0
0
0
0
23.2965
0.0491
0
0
0.2592
5.8249
1.2682
4.0321
2.9528
1.9033
0.0077
9.6147
24.8376
0.3217
0
0
0
0
1.1619
1.0458
0
0
13.1036
6.6958
0.0044
1.744
12.1056
0
0
1.6568
13.9851
1.2601
0.0496
0
0
1e-04
18.7034
3.5098
0
8.0121
16.0706
0
0
0
0.5884
0
0
2.7348
1.4909
0.1022
0
0.8234
8.4702
6.3871
1.1082
0.0324
0
4.9572
0.1056
0
4.4083
3.3386
0
0.1422
12.8507
3.1897
1.0912
0
0
0
0
0
0
0
0
5.9692
0
15.6554
0
0
0
0
0
0
0
0
0
0
1.8861
0
0
0
0
0
0
0
0
4.8045
0.2738
4.5497
0
0
2.0008
4.5959
9.5289
10.3806
0.0395
0
0
0
1.0792
0
0
1.0775
0.0077
14.0388
2.0972
0
0
0
0
3.5793
2e-04
0
2.8957
0.4477
0.3437
0.0012
0
0
0
0
0
0
0
1e-04
0.4679
14.7958
0
35.4972
4.7672
0
0
0
0
0
0
0
0.0044
0
0
0.3651
0.7488
0.652
4.1805
1.1071
11.884
1.5867
0
0.0518
0
1.8679
0
0.9729
0
3.1807
0
0.1295
0.0438
0
0
0
0
0
0
0
2.1086
0
0
1.1323
0
0
0
22.3461
14.7953
2.3575
1e-04
0
0
0
0.1514
0.5053
0
0
0
0
8.3817
0
0
0
0
5.205
0
4.3848
0.522
0
0
0
0
0.2061
3.5583
0.1904
0
0
0
0
0
0
0
0
0
0
0
0
0.7013
5.4361
20.9283
33.5846
13.2195
0.2703
0
0
9.6877
0.2439
2.7073
5.8426
0.1483
0
0
0.9447
22.0417
0.7431
0
0
11.7489
0.2904
0.0034
0
0
0
0
0
1e-04
0
0
9e-04
8.8747
0.7694
0.5655
0
0
0.0014
8e-04
0
0
0
0
0
1.5027
1.2243
0.0628
0
0
3.2351
11.1731
0
0.0263
3.3309
20.0845
0.3474
0
0
0
4e-04
1e-04
0
0
9.4004
2.1496
0.0929
19.9798
0
0.4038
3.3273
7e-04
0
0
0
0
0.0551
0.3851
0.0848
0.7645
3.5137
17.1642
10.1804
4.1236
2.0222
16.3179
0.4377
6.2754
2.139
11.4906
8.0486
3.9582
8.8492
39.0272
35.4714
0
0
0
0.001
0
0
0
0.6272
5e-04
47.106
6e-04
7.7958
0.0445
0
0
0
9.24
0
0
0
3e-04
8.1134
13.9617
19.8547
0
0
0.0124
12.5974
1.2293
0.1014
0.7219
0.0028
1.5157
7.4477
0
2e-04
0
0
1e-04
0
0
0.0624
5.23
4.8661
0.1936
0
0
0.2881
3.6076
0
0
6.351
0.1513
0.8737
0
0
0
0
0.0455
0
0.1572
0
0.4798
4.2444
3.9493
0
0.6116
4.4363
0
0
0.0654
21.4095
22.0186
0
0
0
0
0
0
0
3.8646
0.5029
0
0
0.7794
36.5204
19.4411
14.7596
1.3421
0
0
0
0
0
0
0
0.1038
4.5171
0.7473
0.0816
6.9174
0.1944
0.2152
0.0439
1.0846
0.0766
0
0
0
0
0
0
11.714
12.5964
3.3761
0
0
0
2.3289
1.1912
0.9376
0
0
1.2171
2.8737
0
0
0
0
14.3333
5.2352
0
0
5.9798
4.1616
0
0
0
0
0
0
0
0
0
0
0.054
0.0113
0.0348
0.4699
1e-04
0
0
0
0.0114
0
0
2.3942
0.049
0
1.2448
0
0
5.5485
28.9407
48.7827
0
0
0.0046
0
0
0
1.8854
0
0.0022
0.1287
1.205
0
0
4.1618
3.0097
0
0
0.2024
0.1318
15.5442
0
0.0026
0.0103
0.148
1.1235
0.7839
2e-04
2.0001
0
0.476
0.0807
0.0807
0
0.4532
1.8374
0.1015
0
0
0
0.1022
10.8803
11.6361
0
0.9108
4.4703
0
0
7e-04
3.9093
0
0
0
0
0
0
0.0061
1.0508
2.0343
0
11.4175
4.0711
0
1.0452
0
0
0.0104
0
0
0.0617
2.8554
0
0
0
0
0
1.2663
0
0.6815
0
10.0035
0
0
2e-04
0
0
0
1.1724
0.2672
0
0.7057
0
0
0.006
0
0.9752
2.4315
1.1618
0
0
0.0094
0
30.8544
2.6615
0
0
9.0742
10.8169
0.439
0
3.1915
0
0
5.4514
10.0955
0
0
0
0
0
0
0.0692
0
0.3006
4.9229
0
0
11.0746
5.6866
3.9476
1.1331
9e-04
0.6949
1.6126
1e-04
0
0.8013
0
0.6337
3.8234
0.3815
7.5357
5.3746
4.6666
13.5601
0
6.3545
0
0
0.0333
11.9046
0
0
0
0
0
0.9303
3.6913
0.4391
0
0
0
0.3139
2.5119
21.3181
0.1562
0
0.001
29.0682
0
0.5842
2.9212
0.6536
2.5021
0
0
0.1385
0
10.6726
8.2341
7.6006
0.0378
2.4411
10.1749
23.8569
7.9351
0.8489
0
0
0.1443
0
0.6193
0.001
0
0
0
0
0.5524
19.2347
2.1841
0
0
0.0042
0.3423
0.0192
0.1457
0
0
0
3.8449
0
0
0
8.2815
0
3e-04
1.5847
1.0378
0.7389
0.0398
1.0277
0
0
2.5625
0
0.7662
3.4852
0.262
0.0055
0
0
0
42.7021
3.1394
0.2152
0.0145
0
0
0
0
1.9508
9.6076
4.328
4.543
0
0
0
0.3044
0
0
0
0
0.1102
0.6602
3.1195
0.5374
0
0.0439
12.9546
0
0
0.2652
60.3175
16.6105
0
0.418
0
3.8574
3.1484
0
0
0
0
10.7523
0
0
0
0
0
0
0
0
11.6452
0
1.5708
11.0168
1.9793
0.2416
0.8877
5.7579
0.1637
1e-04
0
0
0
0.8149
6.4646
4.4548
0.7646
0.6358
2.5845
0
6.3522
0
0
0
0
0
0
0
1.3919
0
0
4.7839
1.9794
0
0
2.9884
0.9176
5.3747
1.9601
0
0
0
1.2543
0.5866
0
0
0
0.8568
4.837
0
0
0
0
1.5423
4.4228
18.4321
0
0
0
0
0
0
0.9435
0
0
0
1.1373
13.7842
0
0
2.0524
0.0068
0
0
0
0
0
6.6235
0.4457
0
0
0
0
0
1.4119
9.6769
0.7554
0
0
7.455
0
0
0
0
0
20.0031
7.4854
0
2.9025
0.3505
0.008
0.0161
0
0.1268
8.1179
0
0
0
0
0
0.3378
0
1.8831
2.8665
0
0
0
3.2582
0.904
0
0
0.1674
0.2036
0
12.1171
4.2962
0
4.2437
1e-04
0
0
0
0.3651
0
0
0
0
0.1571
0
0
0
0.1589
0
0
2.9516
0
0
0
0
0.0289
0
0
11.7124
0
1.9319
0
0
0
0
0
0
1.1631
0.2085
0
3.2968
8.697
0
0
0
0
0
0.0018
0
0
1.4853
0
4.9815
12.7905
0
0
0.3421
0.0571
0.2178
0.1565
6.6333
4.441
0
0
1.1875
14.6063
1.1876
16.7958
0.9141
0.4059
0
4.3761
0
0
0.2524
0
0
7.6329
8.8847
0.3529
0.1721
0
0
3.9598
0.0913
0
0
0
4.2205
2.542
0
0
0.3927
4.1601
0.1577
0
0
3.8708
2.4359
4.7861
0
0
0
7.2322
5.6727
2.0231
5.5379
0.9662
0
0.4606
0
0
0
0
11.7656
8.5637
0.6028
6.2891
14.0102
57.3172
0
0
0
0
0.2948
0
0.0466
7.6933
10.2887
1.147
4.4707
9.4947
15.9751
16.6593
7.3247
12.9695
4.0895
4.2214
1.2424
0.0019
0.6777
1.6366
0.0295
0.005
8.6351
5.8929
58.7487
25.0103
5.2072
1.767
0.0864
0
0
0
0
0
14.6643
2.4136
66.6089
0.7998
0
13.9427
4.7422
8.7836
0.4145
0.0211
13.2448
5.2397
9.0649
1.0719
0
0
0
0
0
0.2486
0.3291
0
2.2063
1.6704
0
0
0
23.8219
0
0
0
0
0
0
2.4884
0.0487
0
0
0
11.9444
0
1.7181
12.3452
0.4486
6.2511
0
0
8.6593
17.9838
0
0
0
0
0.5242
5.0071
0
0
1.3112
0.0067
4.6171
11.6266
0.4309
0
0
0.0191
0.0156
10.6353
3.3447
0.0116
0
0
0
0
0.1549
11.5982
2e-04
0
0
0
0
0
0
0
0
2.7868
0.1209
0
0
4.2865
0
0
0
0
1e-04
1.1169
0
0
0
0
0
0.0928
0.3198
0
0
0
0
0
0.7916
0.1282
3.3632
1.6897
0
0.029
39.8607
3e-04
0
0.3723
2.5646
8e-04
0
0
0
4.4831
0
0.4563
6e-04
6.1104
0
0.8186
0
0
0
0
0
5.5525
0.4911
0
2.616
0.1873
0
0
0
0
10.8083
5.49
5e-04
0
0.4837
2e-04
0
0
0
0
0
0
0
0
0
0.0012
4e-04
3.8172
1.1271
0
0
0
0
0
3.875
0.9993
4.7204
6.837
2e-04
7.6254
28.0945
31.9614
5.2932
0
0
0
0
0
0
0
0
0
5.9412
0.4419
27.7361
0
0.2258
0.0113
0.0244
5.0094
1.2802
6e-04
0
0
0.3649
0
0
0
0
0
0.2972
0
0
1e-04
0
0
0.6829
1.8976
15.5707
0.1836
0
0
0
0.1628
0.2752
0
4e-04
0.0093
0
0
0.2539
0
0
0
0
0
0
0
0
30.2878
3.6947
0
0
0
0.3167
9.3024
0.3529
1.9475
2.8262
1.4089
0
0
0
1.056
21.1071
1.4708
1e-04
11.4522
4.7867
0.1756
0.1394
0
0
0.0056
0
0
0
0
23.3162
0.2986
0
0
15.436
0
0.0063
14.9256
5.0351
2.8175
0.3561
0.6528
0
5.5748
15.3895
3.0487
3.7005
1.0043
4.8587
0
0
0.7397
0
0
0
0
0
0
6.0987
9.4927
0
0
0
8.3177
1.7305
8.7298
1.8883
10.3577
6.7139
16.011
0.6981
2.2993
3.8292
0
0.4964
0
1.8907
8.391
0.0314
3.0822
5.5564
3.9004
0
0
0.4766
2.6524
0
0
5.8855
0
0
0
0
0
0
4.3178
0.269
0
0
0.3613
0.2952
0
6.8839
26.939
1.8979
1.1506
0
0
3e-04
0
0
0
0.0753
12.1105
0.7686
0.5724
0
0
1e-04
1e-04
0
43.4176
2.3846
0
1.5164
0.8798
2e-04
0
0
1.5167
0
0
1e-04
2e-04
0
0.0474
0.041
2.6634
0
0
0
0.0564
10.204
0.0267
0.0119
0.0052
4.5369
2e-04
0
0.6274
0.0091
0
1.7426
0
0
0
0
1.0868
1.6208
1.0524
0
0
0
0
0.1551
0
0
0
2.0556
3.2909
12.6602
1.328
24.6343
2.0523
5.5256
11.1226
1.297
1.1437
2.9399
6.3615
1.3746
0
0
1.5783
5.4257
0.1545
9.7612
0.0198
0.1054
0.2323
2.7676
0.0902
0
0
0
0
0.0105
0
0.1103
0.4464
28.2318
0
0
0
8.2268
0.0048
0
30.8665
0.6861
0
0
0
0
0
0
0
7.7836
0
6.7973
8.6788
10.0976
4.0324
1.4736
0
0
0
6e-04
0
0
0
0
0
0
5.1009
0.603
0
3.9757
0
0.0145
0.5193
23.8936
9.6501
0
0
0
0
2.6498
2.62
0
0
6.6894
0
0
0
3.2225
0
0
0
0
3.912
0
0
0
0
0
0
0
0
0
0
1.334
0
0
0
4.3815
5.0754
0
6e-04
0
6.703
5.5574
0.2431
0
0
0
1.8061
3.1237
8.6331
0
0
0
0
7.3846
3.234
0
0
0
1e-04
4.2871
0.9326
0.2668
0
0
0
0.0659
0.6926
0
3.9075
2.0717
0
2.7263
0.0102
0
0
0
16.6088
6.5469
0.2625
0
0
0.0123
0
6.626
3.192
21.8999
0
0
0
0.1702
6.7506
0
0.02
15.0809
0
0.8864
5.2426
3.0187
0.8057
0
0.0068
0
0
0
3.2762
0
0
0
0
0
0
24.1949
1.8147
0.6294
0
0
7.0095
0
0
0
0
0
0
0
0
8e-04
0
0
7.7582
3.7606
0
0
0.2817
5.1313
0.5425
0
0
0
0.2331
4.7276
0
0
0.4474
0
0
0.6922
0
0
0
4.5775
1e-04
0
2.1177
0.1323
0
0
1.2846
0
5.8026
2.9503
1.3353
0
15.2205
10.9086
8e-04
4.2643
1.6423
4.8741
2.9598
14.5442
5.3425
0
0
0.7291
4.8322
0
2e-04
0
0.0352
0
0
0
0.7562
4.4117
4.7264
0.0012
0
0
0
0
2.517
2.5023
14.5129
17.7828
7.3043
3.689
3e-04
30.9984
30.1172
1.3284
0
0
0
0
16.5902
0
0
0
0
0
0
0.9928
16.079
6.7644
7.7264
0
0
2.4215
7.2286
0.4475
15.489
6.2687
6.0723
9e-04
0.2593
0
0
0
0.3324
1.451
0
0.3817
0
0.0309
4e-04
0
0
16.037
9.4182
0.5611
5.6729
7.14
4.6351
0.7528
0.3119
0.1526
0.3356
19.2272
0.0239
0
2.3398
1.7939
0.0044
2.5681
44.6184
12.5487
0
5.4483
0
0
0
18.8469
0
0
39.9544
8.8345
4.8736
58.2642
6e-04
0
9.506
1.1708
0
0
0
0
13.9206
0.9996
0.0558
0
0
0.1804
0.1892
0
0
0
0.4907
0.0028
1.49
6.0827
0.6099
2e-04
0
0
0
0
0.143
4e-04
0
0
0
0
13.8691
0
1.1373
0.0014
15.3924
3.241
0
0
0
0
0
1.6513
14.6852
0.3162
0
0
0.0037
0.2356
0.0116
22.2535
1.3988
7.8784
0.1871
0
0
0
0.024
1.7623
2.6302
0
0
0.0016
0.6575
23.5422
0.6638
0
0
0
0
0
0
0
0
0.091
0
0
0
0
0.8931
0.5113
1.4594
1.5168
5.6053
4.5798
0
8.1383
0.6017
0
0.0335
0.8279
0.0632
0
0
0
0
0
0
6.6456
7.2617
0.2416
0
2.0174
10.8691
0
1.0607
0
4e-04
14.5957
4.1567
0.393
36.016
4.2371
0.0128
0
0
0
0
1.3866
2.4381
0
6.0018
0.001
0
59.4546
2.8837
0
0.1043
0.1746
0
0
0
0
0
0
0
2.104
0
0
0
0
1.0112
0
0
0
0.3426
0.0112
0.0024
0.0047
0.4266
1.309
0
0
2e-04
0
0
0
0
0.4251
8.8056
2.9624
0.9478
0.1753
0
0
0.0585
0.5238
0
0
0
8e-04
0
0
0
0
1.1985
0
0.5516
0.761
14.8597
0.0329
0
0.4603
3.4765
0
0
0
0
0
1.9046
6.287
0.438
0
0
3.8151
0
0.6331
0
0
0
0
0
3.0604
0.9428
2.2708
0.5339
0
1.7988
0.01
0.2811
0
0
0.3424
5.4859
6.5656
0.0152
1.166
23.4592
5.7725
9.564
4.0902
1.4738
6.1391
12.1151
0
0
1.6095
26.2301
2.4817
0
0
0
0.5512
1.0472
0
0
0
0
7e-04
0.4124
0
0
0
1.7138
0
0
0
0.7104
0
0
0
0
0
9.7309
3.4047
21.0888
3.839
0.0484
0.0223
1.1818
17.1757
3.7326
0
1.2544
0
0
0.0012
0.0175
0
0.2749
0
15.3253
25.3935
0
0.3423
0.156
1.1186
0
0
0
3e-04
4.726
2.2708
0
0.0281
2.7754
0
0
0
0
19.2124
0.0724
0
1.0416
0
0
1.0898
8.074
0.7344
0.2509
13.8946
6.1746
4.5643
0
0
2.3577
5.1829
1e-04
2.9993
1.2899
0
0
0
3.1148
0
0
0
7.2536
7.1626
6.0961
0
0
0
3.5977
0
0
5.7634
22.3464
14.7918
14.4542
3.9165
1.855
0
0
3.6486
0.1536
0.0716
2.5996
2.4986
2.4814
14.7577
16.2598
0.1155
0
0.2992
20.3905
0
0
0
0.0107
0.0205
0.1125
6.5582
9.9826
0
0
0
0
7.8574
0.0605
0
0
0
0
4.7949
0.0071
0
0
9.9158
6.4506
1.7588
0
0.0056
0
2.6765
3e-04
0
0
2.4953
8.3239
5.7742
0.3429
0
0
0
0.8
27.1348
5.3995
0.004
5.8333
0.0108
1.8981
0
0
0.4965
13.3372
11.8739
6.2772
0
3.2267
33.3932
0.666
0
0
12.8644
1.8271
0
0
1.2377
0
0
0.3601
0.004
0.0323
0.0675
0
0.0482
2.7109
12.504
12.0937
4.6789
6e-04
0
0
0
0
0
0
0
1.7493
0.0044
1e-04
0
0
1.5328
10.7614
8.6419
0
0
0
0
0
0
0
0.2264
14.7227
12.6556
11.188
0
0
0.4124
0.5485
0.5794
1.0559
0.0195
0.4127
0
0
0
0.0207
0.8463
0
0
0
0
0
1.4765
6.574
20.9748
0.3549
0
1.1469
27.4635
11.1047
1.0642
0.0654
1.4099
2.7635
0
0
5.7748
0.7989
0
0.0012
0.0312
0
9.8571
0.1429
0
2.2751
8e-04
0.3055
0
0
0
6.0916
0
9.4143
0.3131
0
0.0439
0.0382
9.3371
1.9418
1.3085
0
1e-04
8e-04
0
0
0
0
0
0
0
0.2139
1.1928
4.3539
0
0
0
3.6225
14.7327
0
0
0
0
0
3.5097
2.3371
0
0
24.7103
1.7063
0
0
0
0
0
0.3345
1.803
0.1339
0
0
1.5889
0.7392
0
0
0
1.2361
0.1689
3.5644
1.1782
0
0
12.7362
0.854
0
0
2.4407
1.5623
0.1301
0
0
0.9141
0
0
2.9646
0.7195
16.4232
9.4849
0.1212
0
2.9042
1.2638
17.3205
0
0
0.045
0
0.4773
2e-04
0
9.2623
0.2877
0
7e-04
7.9927
0
0
0
0
0
0
0.9388
0
0
0
0
0
8.2027
19.2598
0
0
0.214
15.7278
0.0032
0.2592
0.977
5e-04
0
0.9447
8.4026
0.0176
0
0.1437
0.8421
0
0
0.2957
4.6564
19.2279
9.6937
0
0
0
0.7614
0.1862
0
0.4229
0.8643
0
7e-04
0.0311
6.748
0
13.1606
0.4011
0
3e-04
2.5007
11.8411
20.1727
0
0
0.1874
0
6.0462
47.8469
3.8802
7.7573
6.7954
4.5565
5.0615
4.6818
4.13
0.8986
0
0
0
0
9.9177
4.4266
0.0617
6.0012
9.9673
0
0
0
9.0039
6.0252
16.1751
4.6855
1.2702
2.052
4.8309
1e-04
5.3229
11.4968
0.4444
15.351
1.3484
1.0366
0
17.8232
43.0697
0.0132
0
8.4392
0.0988
0
0
2.3381
8.1975
0.2107
0
7.3823
3.6613
8.4025
14.9161
0
0.245
0.1404
23.4566
0.2311
0
8e-04
0.0168
0
0
0.0466
0
0
0
0
3.2567
18.8281
1.733
1.1157
2.9476
9.4376
0
0
0.5048
4.1401
0
0
8.2311
4.6211
9.2387
21.5958
7.0409
0
0.0482
2.0131
14.6361
0.0307
0.6105
0
0
0
0.0536
2.0611
3.1997
0
0
0
0
0
0
6.2478
0
0
0
0
0
2.2299
12.2066
0.3926
0.9711
9e-04
0.2278
17.492
21.0667
0.9981
0.0093
27.5756
0
0
0
4.7029
3.4225
0
0
0.0423
0
12.0423
0
0.0016
0.4696
0
0.0012
0
0.1465
0
0
0.0538
1.107
10.4777
3.1473
0
0
0
0
0
0
0.6335
0.0219
3.6154
0.0019
0.0525
0
2.7107
10.9266
1.2115
4.1216
5.734
1.6721
0.4146
0
0
4.743
3.1695
0
0
0
5.1765
3.1661
0
0
0
6.3913
0
0
0
0
3.0932
1.4139
0
0
0
21.5734
3.768
0
0
17.9447
20.3824
1.6857
0.3332
0
0
0
0
2e-04
0
0
0
3.5963
0.5993
0
0
0
0
0
0
0
0
0.7736
0.0534
1.7919
0.8008
0
0
6.73
0
0
0.001
2.5349
2.7101
0
0
0
0
0
0
10.4264
0.158
0
0
0
2.511
0
0.5799
1.1547
0.7696
0.4516
0
0
0
0
0
0
0
0
0
10.1084
14.8623
3.4293
0
0
2.3194
1.5786
0
0
0
0
0
24.3219
20.2557
10.8489
1.0484
0
0.7714
0
0
17.3025
0
0
0
0
0
7.1539
1.5072
0
0
0
1e-04
0
0
0.0572
0
0
3.0352
0.5659
4.1847
0.0662
2.9654
1.4975
4.8761
0.0541
0.4536
5.9467
0
0
0
0.1272
3.3469
0
0
0
0
0
1.5655
7.1735
3.4286
0.2342
0
0
0
6.9098
0.9661
0.0056
0
0.6129
0
0
0
3.4677
0
0
5.2834
0.2394
0.122
0
0
17.0402
12.9469
3.4506
0
0.5425
2.9424
0
0
1.3998
1.5825
16.3938
6.1356
2.0271
0.0527
0.0138
3e-04
0
0
0.0448
0.0076
6.3843
6.2194
0.7382
0
0
0.0534
3.1889
0
1.0441
0
6.4074
0
0
0
2.5836
0.2877
0.7576
0.3807
0
4.8415
0
1.6892
0.7118
1.0607
2.0913
0
0
0
0.2435
0.0186
0
0
0
5.0345
1.6572
0
0
12.682
15.7732
0.0112
3.0009
21.103
27.2164
0.006
0.4132
0.6572
0.1139
0
2.2253
2.6712
0.2515
2.4741
4.4703
0.0517
0
0
0
0
1.8418
0.0076
0
0
0
0
11.0402
0.8147
0
3.2603
0
0
0
0
0
0
0.0251
0.9336
0.5397
12.9814
0.0254
0
0.8416
1.6807
0.3065
0
0
0
0
0
0.1592
0
0
0.1874
1.5122
0.1255
3.4331
0.1747
0
0
0
0
0.0324
0.7405
0
0.0326
0
0.724
16.6748
1.6998
0
0
0
14.4443
2.7629
0
0
0
18.8759
1.1273
0.0062
0.3443
0
0
0
0
0
0
0.5142
0
0
2.0301
2.5476
1.5676
0
0
0
0
0
0
0
0.3075
6e-04
0
0.3388
43.2502
12.1579
2.1757
0.1853
0
2.7653
0
0
0
0
19.3966
9.7521
0
0
0
0
5.535
0
0
0
0
0
0
0
0
0
0
0
0
0
0
4.1096
2e-04
0.8565
0.5252
2e-04
0
4.2189
0
0
0
0
0
0
0
0
2.9791
0
0.7613
0
0
0
6.557
4.7084
27.1175
10.2615
1.9608
0.009
0
0.472
1e-04
0.9944
10.7802
0
0
0.6373
0
0
0
0
0
0
0
0
0
1.4366
0
0
0
8.8118
0
0.0068
0
0
0
0
18.3396
0.1784
0
7.0671
10.0797
0
0
0
7.0414
3.0751
0.0064
0.0024
0.7035
0
0
0
0
0
0
0
4.0118
0
0
0
0.1925
0.4018
0.415
0
1.488
0.4725
0
0.9835
0.9914
1e-04
0
0
1.9147
0
4.9483
2.1043
