1980 1 1
0.1516
0.4669
0.4586
0.7406
1.5686
0.2066
0.1999
0
0.0011
0
13.8386
0.1295
0
0.441
0
0
0
0
0
0
0
0
0.5744
0.803
1.939
0
0
0
0
0.0475
0.0567
2e-04
0
0
0
0
0.0852
0
0
0.1216
0
0.1565
0
0.2478
0
5.0507
2.9016
0
0
0.001
0
0.6219
13.507
0.0427
0.0084
0.8673
2.8405
0.206
0.9554
0.2421
0
0
0
0.0452
5.3644
0.0575
2.1784
16.2293
0.0982
0.0702
0.1787
0
0.9347
0.9467
0
0.562
12.5348
0.7348
0
0.2481
32.5044
0.0807
0
10.1216
0.503
0
0.6797
3.4318
6.9627
1.5317
9.5955
0.0335
0.1234
1.2558
8.2751
0.0175
0
2.4667
7.0844
6.4351
1.3475
0.6598
5.468
0.4964
17.6683
1.1583
0.7055
0
0
0
0
0.2528
0
0
0
0.1928
0.269
2.5187
3.7824
0
0
0
0
0
0
0
0
0
0.3671
0.048
1.119
4.7484
9.756
7.2094
1.4111
0
0.3418
17.5511
11.719
2.1876
0.031
0
0.0996
0.7182
4.0153
0.4536
0
0
1e-04
1.8822
4.9637
6.4256
9.4897
9.6996
2.9627
0.3937
0.5937
13.1616
9.1908
3.0202
0.9384
0.1557
0
0
0.3746
13.1162
7.4946
4.1256
0
0.1378
8.1216
1.5918
0
0
0.025
3.5803
0
0
0
0.0738
0.6335
0.0699
0.6176
0
4.0974
16.2006
11.859
0.5811
6e-04
6.0014
5.714
0.9623
0.8473
2.7371
1.0418
0
1.7995
1.2366
0.4751
0
0.1121
0.9644
7.4154
23.9695
3.3351
0
0
0.1751
3.4081
11.3276
3.9325
0.9488
1.4272
1.0548
15.7724
9.8676
0.7207
3.3032
0.3661
0.0075
0.0117
1.1536
8.563
13.3841
4.994
0.0502
4.9715
1.2214
1.5516
11.153
6.3927
2.0706
26.2935
8.8234
2.793
0
0
0
0
0
0.3241
1.4225
4.6438
5.9921
4.8811
1.7562
0.0284
9.9153
0.6327
0.0162
0.008
0.068
3.6837
1.0301
0
1.2962
9.7093
2.3659
0.0227
0.1314
10.4651
0.025
0
0.2612
0.3726
3.4458
7.2538
0
1.55
1.7394
0
0
0
0
0
6.2513
0.4899
0.0871
0
0
0
0
0
0.2678
0.04
0.0448
0
0.2881
0.8933
0.5114
2.301
7.7628
0.1187
0.0298
0
0
0
1.2751
8.7226
8e-04
0.0216
7.4443
0
0
0
0
0
0.2687
0.2015
0
0
0
1.3323
0
0
0
0.025
1.1044
3.9166
0.1363
0
3.3145
1.0782
0
0
0.0011
0
0.304
2.8472
0.1101
0
9.4548
1.0656
0.7881
0.7654
0.0355
3.6672
0.221
0
0.0081
0.847
6.9015
5.7361
4.335
0.2299
0.0011
0.4833
0
0.0012
0.5354
0.3051
0
0.3542
0.2245
4e-04
0.0011
0
0
7.2518
0
0
0
0.0416
9.4981
0.5814
4.8191
1.3481
1.5665
1.489
0.1366
0.6201
3.3914
2.7276
0
0
0.0264
0
0
0
0
0.0229
1.2743
0.1559
0
0
0
0
0
0
0.2503
0
0.1313
0.36
0
0.0946
0
0
9.2632
1.2159
0.0548
0.4606
0.1278
1.0695
0.01
0
0
9.3398
9.6742
0.0133
0
0
0
2.639
0.3973
0.0095
11.7541
6.0123
0.1945
0.4297
5.2595
0.1974
2e-04
0
0.0032
1.1257
0.136
0
0
0.2999
0.7243
4e-04
4e-04
0
0
0
0
0
0
0
0
2.0683
7e-04
0.403
0.8955
0.6543
0.0416
0
0
0
0.0053
4.7743
5.7503
0
0.0138
3.008
0
0.4049
0
1.5983
2.2918
0.6875
0
0
0.135
3.914
1.3329
4.646
13.8883
4.3736
23.5698
0
0.5652
8.8975
3.229
0.2396
0.9791
0.5128
0.5526
6.8876
0.7763
0.0433
0.2881
0.1169
15.3359
11.5428
0.2339
0
0
0
0.2454
2.4862
6.8653
0
0
1.1448
14.0935
11.8056
0.269
0
11.7091
6.6997
0.1984
0
0
0
0
0
0.0351
0
0.0552
0.0501
0.9926
10.6092
6.3938
0.1871
5.5094
0.0174
0
0.0185
6.0372
4.468
2.3684
2.8824
0
11.5928
47.2588
6.9044
0
7.2553
33.83
6.6898
0.2709
1.148
0.0805
0
0
0
15.2591
27.9098
0
1.8629
25.1487
0.0185
9e-04
0
0.0818
0.2851
1.4199
1.1137
1.0414
2.8048
2.9587
5e-04
0
0
1.3904
3.4272
0
0.0341
2.8905
1.2013
0.2084
0.0073
0
0
6.7653
23.8593
1.8217
0.0386
0
0
0
8.8337
1.6435
12.2723
0.2038
0
0
0.6336
0.4991
5.2393
2.2415
0.218
0.7378
5.0409
1.9506
0.0393
1.1718
11.1272
0.038
0.0338
0.4357
5.5583
3e-04
0
0
0
0
0
0
0
0
0
0.0108
1.5159
11.5853
16.3863
23.5873
9.098
7.7694
30.0058
16.9306
7.8868
1.907
0.9442
0.1144
3.4547
0
0.1774
0
0
0.8368
7.3017
8.0808
8.2797
30.9277
12.8638
3.5282
0.7521
1.2264
1.6053
0
0
0.2201
1.2641
4.5911
0
1.0216
6.2143
2.6461
0.1274
0
0
0.6607
14.457
0.0315
0
0
0
0
0
0
0
0
0.1483
0.1749
8.5902
1.2832
0.0532
4.4437
2.0739
3.0508
0
0.051
9.7514
12.0107
0.6932
0
0
0
0
0
0
0
3.588
1.9832
0.0874
0
0.0011
0
0
0
0
0
0.0072
0.0356
0.1459
0.3049
4.4944
20.635
1.3015
0
0.1731
1.0362
0
0.5816
1.2937
0
0
0
9.6211
0.479
0
6.3079
0.6182
0
0.0012
2.8957
0.1795
0
0
0
0
0
0.229
0.342
6.986
0.3585
0.0685
0.2796
3.8989
6.038
28.1116
0
0
0
5.2404
5.1752
1.1266
0.7418
2.2986
0.969
0
1.971
9.2878
1.783
0.5957
2.9112
0.3001
1.8585
0.3056
0.6614
0.675
2.843
0.2594
0.8351
2.3041
0.1297
0.0514
0.1563
0.0821
1.129
1.2136
14.1755
0.5085
0.4517
0.2434
0
2.1597
0
32.4934
13.0499
3.8835
2.2425
5.8361
1.8489
0.3649
0.6467
0.2382
0
4.8078
0.0025
0.5832
0
0.305
0.3675
9e-04
0.2238
2.2591
0.398
3.5868
0.5099
0.288
0.0106
0.1839
5.2278
0
0
0
0
5.6997
2.7386
2.0575
17.2896
0.5001
0.0423
0.2004
0.8746
1.4782
2.0165
4.958
0.5373
6.6178
0.0501
4.9641
14.4416
0.8719
0
2.0794
5.1475
0.5442
0
0
2.8785
2.7103
2.6501
1.0414
0
0.1017
5.4077
14.9534
0.0486
0.0246
7.2329
2.1673
1.0627
12.6172
0.459
0
2.9466
1.1688
0.5205
0
0
0
2.1882
4.4714
5.7458
0.0584
0
1.3031
0.42
0
0
0
0.1606
0.6316
0
0
0.0962
3e-04
0.3299
0.0541
0
0
0.5563
2.6532
4.5097
5.02
0
0
0
0
0.1151
0
0
0
0
0.9789
5.1845
4.1556
5.3589
10.7158
13.2395
0
0
6.923
22.7232
16.761
1.8974
2.4728
1.1033
2.9208
0
0.1059
0.0256
1.694
0.2486
0.2834
1.2136
2.3876
3.4283
0
0
0
0
10.4728
24.698
2.1087
0.1003
4.2987
1.2681
4.8734
9.6302
0.7014
0
0.2006
0.556
0.5263
22.7303
19.4865
0.3224
0
0
36.3826
0.2641
0.3458
0
2.9638
1.6055
1.6701
2.0208
1.1663
0.0093
0
0
0
2e-04
1.7407
4.0566
7.5782
1.7528
0
0.0012
3e-04
0
0
0.0012
0.3789
0.6198
0
0
0.5
0
1.7451
1.5808
6.198
1.4569
0
0.6038
5.9377
0.7672
0
0
0
0
0
0
0
0
2.013
0
10.4644
1.1723
0.0257
0.1354
0.285
1.0955
0
0
0
0
0.0076
0.0875
1.2766
2.3881
0.1281
0
0
4.0928
1.2532
0.2648
0
0
0
0
0.3017
4.8003
1.2103
0
1.1514
5.1059
1e-04
0.0926
0.2329
9.3395
6.225
0.9672
2.9368
1.9913
27.1377
0.4629
0
0
0
0
0
0
0.4319
0.8043
6.0433
1.7338
0.4989
0.0115
8e-04
0
1e-04
0.2153
0.6123
0.5284
0
0
0.0471
2.8806
0.0353
0
0
0
0
0
0
0
1.3844
0
28.1015
15.7164
22.244
8.8285
0.4835
0
0
0.3245
0
2.0171
1.5325
10.6992
6.3544
0.5084
0
0
0.0421
0
0
2.2779
18.7461
12.6903
3.2457
12.8618
4.4551
0
6.9647
0.1658
14.466
0.9724
0
0.1215
0.2904
1.0243
2.2141
4.6366
0.8991
0.3196
0.6439
0.3133
0.5792
1.4535
0
0
2.0083
8.5689
14.0873
0
0
9.1754
1.1851
0.1576
0.3492
6.7424
2.3005
8.9507
1.9723
12.2474
3.2234
0
0
0
0
0
0
0
0
0
0.0597
0
0
3.2224
0.651
0.0534
0.1341
0.2269
0.4534
0.1423
4e-04
7e-04
0
0
1.5355
6.9257
2.2222
0.0444
0
0
0
0
0.702
5.9783
0
0.1095
7.7821
0.7661
0.5968
0.3552
0.392
3.4897
0
0
0.0093
0.1338
0.0242
0
0
0
0
0
0
0.2694
0
0
0.077
0.1124
0
0.3166
0.1461
0
0
0
0
0
0.0331
0
2.5601
1.2424
3.2932
0.4716
2.9609
4.1402
0.0012
0
0
0
0.08
0.0191
2.6775
7.8532
1.658
8.0477
0.0064
0.0738
0
0.6261
0
5.6193
2.0382
0
0
0
0.5285
8.3051
4.665
0.5502
0.5562
2.7762
5.0031
6.47
7.0425
3.4372
0.6032
0.2705
10.8408
13.0149
3.58
0.2095
1.7601
0.1855
0.0255
0
0
0
0
0
0
0
0
12.1639
1.9647
17.6057
8.7462
15.7622
9.8078
2.6388
1.1517
2.1051
1.9491
11.4105
0.3432
0
0
0
0.5859
8.1895
6.5346
0.4474
0
0
5.2163
0.0828
2.2527
13.7518
0.2343
4.7981
2.5302
0.752
0
0.7393
7.6118
0.7469
0.4619
0.1228
1.3842
2.2104
2.7226
0.8253
17.3483
0
0
7e-04
2.3767
0.3493
0
0
2.9345
1.0162
1.5047
0
0.034
4.3343
0.3029
0
0
0
0
0
0
19.3771
30.2673
5.685
7.0921
5.1015
4.8845
5.6339
9.6011
1.6356
0
0
0
0
0
0
0
0
0
0
3.3139
10.3223
4.8556
6.2505
5.032
0.594
4.4785
4.0508
1.891
0
0
0
0.9808
8.3061
5.3998
14.1896
1.9762
0.3521
0
1.3629
0.567
0
0
5e-04
2.1767
0.024
18.4045
0.6685
0
0
0
0
0.0518
5e-04
0
0.7409
0.1155
1.0272
0
0
0.9171
0.3258
1.3577
2.904
2.0375
7.8315
5.5179
5e-04
0.3164
0
3.5569
4.3642
8.0697
18.0567
0
0
0
0.018
0.0468
0
0
0.2418
12.0386
0.8336
0.0012
0.4077
9.2616
20.1654
0.0569
0.0472
0.3115
0.1798
0.0274
0
0
0
0
0
0
3.6574
17.2579
17.3315
0.187
0
5.3562
1.3794
0.2531
0.0437
3.6261
34.5469
0.9313
0
0
0.1383
2.3088
0.248
1.2443
2.3114
14.0239
4.2976
0.3731
1.0471
0.6974
0.8174
0
0
0
0.0928
12.2285
7.9937
9.8131
1e-04
0
0.0435
3e-04
0
0
8.7694
37.1194
0.1353
0
0.5997
9.4171
10.2562
0.4402
0
9.3986
1.4423
0.6286
0
12.7307
0.0401
0
6e-04
2.7147
22.8549
0.0508
0.0099
0.7977
1.0422
0.7828
20.0277
0.9858
26.0769
1.066
1.7456
1.0085
0.3977
4.0642
7.6738
0.0216
0.8989
0.3484
0.0276
0.0308
0.029
0.5845
2.3925
2.3859
11.8309
0.0096
0.5897
0.0536
0
0.8975
8.0394
0.3411
0.9453
0
0
0
0
0.1821
0
0.0871
0
1.8743
0.8225
2.2397
0
0
0.1117
1.119
3e-04
6e-04
0.05
0.7812
0.0338
0
0
0
0.3789
6.617
0
0
0
0
2.289
4.8798
0.3866
0.3317
0.4762
5.2337
0.1957
0.9469
0.0951
0.0255
0
0
1.7879
2.4341
1.6585
8.0385
12.9194
0
0.0699
1.6827
0.5438
1.2051
0.037
0
0
0
0.2096
5.6873
1.2314
2.824
9.4627
1.2818
0
0
0
0.02
6.8122
0.2611
1.3007
3.0608
0.2521
0.0573
0.0566
0
6.3876
0.6636
0.31
8.5792
0.0098
1.0337
0.3913
14.3817
23.1853
2.2736
0.0502
0.0044
0.4773
0.8226
3.395
2.154
1.7164
0.0722
0
0
2.1807
1.4222
3.196
5.6264
0.9286
0
0
0.0449
0
0
0.3165
6.1871
3.7587
5.9193
2.5972
6.9937
5.0312
0.2755
0.0615
4.0766
25.5873
8.4253
6.0813
0.8478
0
11.1956
0.0613
0.1154
1.932
0.3372
1.4432
3.9884
4.2269
0.2456
0.3252
3.3307
5.1465
0.0561
1.8067
1.1484
8.3775
5.2867
0.6643
0
0
0
3.4692
4.5822
32.6604
8.5118
4.0483
17.1077
0
2.1071
4.3431
0.1288
13.9904
2.6106
1.3337
0
0
0.203
4.0497
0
2.0011
2.8849
0.0088
0
0
0
0
0
5.032
19.4894
0
0.0025
3.1355
2.8126
3.6497
3.9786
0.0852
0.4492
2.0747
4.0127
0
0.029
0.764
0.6558
0.0666
0.0736
1.5047
0.0043
0.495
5.3462
19.223
8.2539
1.3115
0
6.5208
1.3385
0.6222
0.5818
1.0904
0
0.3223
0.0426
1.0199
2.4662
0.0473
0.041
0.1948
0
0
4.031
2.2247
8.5392
14.6226
0.1841
0.1186
0.0012
0
0.6162
4.0126
9.4219
4.5911
1.3361
0.0546
13.3044
7.1949
7.6289
0.7833
1.0175
0.1375
0.0668
0
0
0
0
2.4861
5.454
0
0
2.9696
1.5063
0
0
0
0.0064
1.0014
1.5872
16.77
0.8152
0.6836
0.8592
11.0696
0.6026
0.8824
0
0.8978
0.0837
3.1769
7.9212
2.3037
0.8584
1.3686
4.3541
1.4066
0
0.0019
0.0014
0
0
0
0.3008
6.4464
1.3485
4.8502
6.7666
0.0788
1.346
0
1.137
10.2782
0.2766
0
0
0
0
8.2408
5.1078
1.0734
0
0
0
0.0083
1.2064
0.3269
1.8425
0.0289
0.2386
0.3294
0.3138
6.1164
0.687
0.1794
0.0346
0.4451
0.136
0.0088
2.5069
1.5609
0
0.4053
8.2916
4.8767
0
17.0145
2.0734
0.5836
0
0
6.3335
4.6925
9.0708
0.1912
0
0
3.7704
0.0018
0
0.0553
0.1985
0
0
0
0
0
0
0
0.0853
12.1225
0.1073
0.155
3.0233
0
3.8962
0.1593
0.0772
5.7425
0.2567
0
0.2803
3.0155
0.0131
2.0619
3.9195
7.8856
0
0
0
0.2434
2.7642
0
6.8742
3.3686
0.0745
0.7506
0.4914
2.4527
4.7916
4.1991
7.9961
10.6232
2.4548
14.4008
0.0115
0
0.0138
0.0095
0.2271
0.4329
0
0
1.9691
1.7975
0
0
0.761
0.4782
0
6.1603
1.2254
0.109
0.1254
0.5612
1.0777
0.5899
0.2218
2.0726
0.2551
0.3803
0.1172
0.1002
0
1.0474
0.2192
0.8198
0.212
0
1.5802
1.2614
0.0251
0
0
1.7333
10.0372
12.3439
6.5047
1.0484
0
0
0
0
0
0
0.5406
5.28
13.0335
1.3052
0.092
3.2868
2.195
0
0.275
0.3616
0
16.772
4.0953
0.1367
0.19
1.1564
0
0
5.4465
5.7448
0.1483
0.13
0
0.0267
0
0
0.0906
0.039
0
0.9946
5.0147
2.9952
1.4084
0.3082
3.9316
13.7581
18.7213
17.0492
15.3186
0.6794
0.5826
5.5768
0.7023
6.3686
10.0085
0.9077
1.7616
1.3155
0
0.0961
0.1707
0.0117
0.0618
0.0801
0.1383
0.0935
0.4523
0
0
0.0942
0.0125
0
0.1118
7e-04
0
0.0136
0.0361
0
0
5.3589
6.4089
0.1328
0
0.0425
0.3725
0.2995
0
0
0
0
0
0.0754
2.1893
9.9764
7.7709
16.9793
1.7683
1.3864
4.1419
7.1903
0.0509
0.2941
0
0.3048
1.3427
3.4994
19.7595
0.3392
0.0166
0.9612
0
5.9294
5.7177
1.7604
3.6895
0
0
1.4351
8.4085
2.6541
6.3629
9.4264
3.076
1.2367
2.5955
6.4835
4.743
1.8071
0.7634
0.2085
0
2.4694
1.5532
0.0744
0
0
0
0
0
0.5782
7.1392
11.8735
2.2324
0.4282
7.9846
1.7969
0
0
0
23.6138
0.0108
0
0.2032
9.286
9.2195
0.4685
0.4798
0
0
0.2451
0.7216
3.0364
0
0
0.3921
7.6029
0.0261
0
0
0.4632
20.077
0.9049
0
0.0242
0.059
2.6384
9.0852
15.3414
5.0866
0.0563
0.2623
0.2738
0
4.0557
8.3117
19.004
2.5318
0.2347
3.9792
1.0264
0.0076
0
0
2.1931
11.0948
14.0016
7.3589
0.4046
0
0.6061
18.8797
1.3227
0
0
0
1.619
0.7535
0.9978
0
3.826
12.3116
2.375
0.1186
0
0
0
0
0
0
0
0
0
0
0
4.7672
5.0641
0.6103
0.8147
0.0359
0
0.6348
1.4519
3.2377
0
0.0248
0.2407
0.7174
0.6341
0
0.0359
0.2236
2.4193
2.7015
2.8309
3.7095
5.9911
21.2558
0.3342
1.5727
2.6178
23.0073
6.4566
0.7123
0
0.3118
7.8671
0.7549
1.9067
0
0
0.3559
1.1897
0.9281
0.1202
8.1006
23.9738
12.7166
10.474
0.1871
6.7501
0.3444
5.086
11.3341
2.8917
2.7137
5.8848
5.0814
2.6833
16.4919
0.89
0.056
0.7561
4.0947
0
6.2864
0.0602
0
1.2165
21.2573
5.3828
7.5532
0.281
0.2428
3.1753
0.6328
0
0
2.5654
1.6693
0.1692
0.1642
0
12.3619
16.8484
1.2684
1.9919
0.1702
0.2926
0.1866
0.6628
0
0
0.4737
0.1838
1.1671
0.7807
1.2197
0.1263
0.1037
1.9497
0.3178
0.1424
0.1563
0.2089
0
0
1.992
0
1.1164
0
0
0
0
0.4086
0.2971
0.0352
1.4483
0.3917
0.0112
0
1.8131
0.2663
7.9877
3.233
0.0403
0
0
0
2.1104
0.4743
2.3032
0.6747
2.5804
0
1.0522
0.4312
0.3219
1.4263
15.6026
4.1152
0.9834
9.5447
0.1169
0
0
0
0.0347
0
1.3089
0.3848
1.2191
5.1936
0.4836
5.4377
0.1056
10.993
0.3302
0
0.9833
0.1376
2.8021
0.7648
0
0
0.2938
0.9591
0.6732
0.0503
4.6736
0.0722
0
5.1076
2.2589
5.2372
3.4215
11.6908
0.6573
0.1513
0
2.9914
0.2956
15.1259
0.0044
0.0216
0
0.3721
0
0
1.6897
2.4203
0
0
0
1.147
1.1822
1.0726
0
9.1673
4.1669
2.181
0
0.6548
0.4342
1.1574
1.9737
0.9143
7.336
0.2858
10.8607
1.8484
1.5045
0.0425
0.5139
19.411
10.2932
0.8828
0
0
0
0.004
0.1766
0.4045
0.1017
3.3232
0.7366
0
0
0
0
3.4202
13.0622
0
0
0
0
0.0526
0.8041
2.3623
2.422
29.3253
3.7619
15.9571
6.3202
1.1411
2.1857
1.9037
0.8446
0.7996
0
1.2299
13.3816
0.4563
1.5717
5.6297
0.6161
0.3831
0.1059
1.4869
0.315
20.6271
6.0121
4.5764
2.0238
1.2905
3.4774
8.5891
1.5604
0.2894
0.0609
8.7923
6.5062
6.8555
0.6116
7.4073
3.3677
0.0021
0.9011
0.5702
0
0
1.1443
5.4376
6.6208
3e-04
7.8777
0.9551
10.5093
0.1777
0
0
0
0
1.2701
25.0218
1.8837
18.477
6.9133
3.8884
0.3429
0.3939
15.585
0.0037
0
0.0028
0.008
0.002
0
0
0.6317
1.6118
4.4294
0.0167
0.5623
1.0661
0
0.857
3.3605
0
0
0
1.1637
1.1514
14.2663
1.0352
0.5745
18.4584
1.6759
0
0.0423
2.0608
0.7152
5.0941
0.9071
2e-04
0
0.0048
0.0032
0
1.7884
0.0995
0.104
18.8932
8.1657
0.0139
0
0
0
0
0
0
2.9869
0.1523
0
3e-04
0
0
2.1714
12.3951
13.1452
0
0
0.1444
0.3656
0.1972
12.8498
0.0032
0
0.0098
6.3313
5.8867
2.1939
15.7653
4.9449
19.5801
1.972
3.9099
11.8802
15.143
0.4567
31.5453
6.6014
0.4859
0.4601
0.0261
0
1.3427
0
0.0207
0.7567
9.6003
12.2093
0
0
0
0
0
0.096
0.0012
0
0.1674
0.0154
4.8837
5.8186
2.6814
0.1935
0
0
0
0.3987
1.0194
0.0211
0.5631
0.4108
0.0657
0.0185
1.9795
2.6015
0.0206
4.9744
0.1356
0.2865
0
0.1116
0
4.5893
10.1232
7.3339
5.8152
2.1346
0.0518
0.1789
0.3531
0.3433
26.8285
0.2234
0.019
0.0659
0
0.8904
18.6842
3.3157
1e-04
3e-04
0.1035
8.2207
6.6301
8.1983
0.2293
0
0.2706
0.0615
0
1e-04
0.9667
0.4081
4.1976
1.0856
0
0
0
0
7.9025
10.5333
0
0
0.6772
0
0
0.2655
0.5572
2.924
0.3037
0
0
0
0
0
0.1536
7.2277
0.6295
0
0
0.0362
1.2959
0
0
6.1461
10.6644
0.0011
0
0.5962
0.2131
1e-04
0.0085
2.1739
0
0.3057
3.332
9.944
0.2156
0.0239
0
0
0
0
0
0
0.4867
0.4606
0
0
0.9169
0.0933
0.0248
0
0
0
0
0
0
0
0
0
0
0
0
0.6308
3.4478
6.5877
0.1527
1.2746
0
2.2108
0
0
0
0
0
0
0
0
11.8248
0.3232
0
0
0
0
0
0
0.3505
0
0.0159
2.1277
0.4317
4.3439
0
1.8886
32.7742
6.0412
0.1023
2.8651
0.1668
9.4619
13.1523
0.9792
1.272
0
0
0
0.3291
7.1432
0
0.1319
1.2466
0.8523
0.1351
0
0
0
0
0.4208
5.1752
1.1388
0.029
2.7415
2.4553
1.5438
0
0
0.2724
13.8042
6.3123
0.1524
0.0012
0
0
0
0
0
0
1.8113
0.3719
0.3647
1.4315
0.2583
0
14.2986
3.4179
0.543
0.6382
2.5171
0
0
0.4143
3.0573
1.7087
0.0199
0
14.6159
18.1785
15.6181
7.3462
17.8113
0
0
3.2699
2.8892
0.1898
4.8232
0
0.0174
11.36
0.2022
0
0
0
0
0
3.4995
44.6869
7.351
9.7618
1.1168
0
1.2856
5.9987
0.0733
0.0725
10.6937
22.6078
6.0866
10.163
2.752
10.4786
2.714
4.1389
3.3137
3.0865
0.2473
0.2369
0.7454
0.012
6.5697
15.8061
0.2527
0.5707
0
0
0
0
0
0.2369
0
9.3309
1.4939
0.7423
0
0
0
0.001
0.0563
1.0679
9.6595
13.4661
0.044
2.615
0
1.4105
2.792
5.8508
0.5785
0
0
0
0
0
6e-04
0.0025
2e-04
5e-04
0
16.5255
11.9524
1.0103
0
1.8734
18.2919
23.3748
13.1869
0.4507
0.3165
5.9474
0.1125
0.4973
0
0
0
0
0
0
0
0
7.2111
5.39
1.5765
1.5082
11.1338
0.9885
5.337
10.4768
0.4789
0.4329
0.4773
5.221
0.2738
0.182
0.0012
0
0
0
1.8663
1.3778
1.4005
0.5318
1.9216
0
0
2.2586
3.462
1.016
1.152
0.9248
3.9977
0
0
0
0.3363
0.1075
3.2265
0.0013
0.0412
0.7083
0.7035
0.064
5.4955
3.4937
1.4664
0
10.5267
0.1535
0.4002
0
0
1.0594
0
0
0
0
0
0
3.1167
6.9242
0.0019
0.3305
0
0
0
0.039
0.2748
1.439
0.315
0.3408
4.2028
0.0153
0
0.8601
0.4008
24.9585
1.0141
0.8895
0.625
6.2727
1.8097
3.911
6.6335
4.8515
3.7906
0.0013
0
0.2941
0.5336
1.415
0
2.6043
6.4606
0.0444
0.8152
17.4451
0.3926
0.0749
1.3293
0.6939
8.2951
1.2986
0.029
0.0221
0.2853
2.7891
1.0194
1.0777
6.834
1.228
0.0012
0.0721
0.0048
0
0
0.1276
0
0
0
0
0
0
0
0
0.2431
0.0309
0
0
3.7711
5.2601
1.5313
4.711
0.4031
0
0.579
0.1298
0.8051
3.5674
0
0.0395
0.3344
2.8319
2.6868
5.1431
4.2234
1.122
10.916
0
0
0.0212
0.1218
0.3445
0.262
4.4272
7.5938
0.001
0
1.2502
0
0
0
8.1858
3.8935
1.2943
0
4.3784
0.0415
4e-04
0
0
0
0
0
0.3419
2.6599
1.5966
0
0
0
0.2361
0.7089
0.0117
0
2.8717
1.1525
1.572
0.7772
0.1704
0.64
0.3844
0.0141
4.8805
0
0.7149
0.0012
16.8755
5.5526
1.1556
0.4664
0
0.1307
0.9907
1.0392
0.8436
3.4458
12.7549
4.2004
0
6.5424
4.8581
0
0
0
0
0
0
0.1714
0.871
0
0
1.0617
0.7188
0.8354
1.6585
0.0295
0.5193
0.001
0
0
2.2159
4.3669
0.5607
0.0799
0
0
0
0.0135
0.1813
0.03
0.171
0.0403
3.5383
1.0767
0.4417
0
0.547
0.2543
0.2663
8.9094
0.1966
0.0422
0.4249
0.8243
0
0
0.1596
0.1863
0
0.9304
0
0
0
0
0
0.9385
5.0661
0.1653
0
0
0
0
3e-04
0.005
0
0
0
0
0
0
1.0152
0.0569
0
0
0
0
0.6831
2.8036
0
3e-04
3e-04
0.1705
0.305
0.0604
0
0
0
0
0
0
0
0
0
0.8498
5.146
7.6321
0
0
0
0
0.8721
11.4998
1.907
3.5125
2.0394
6.8311
0.1392
4.3063
0.1621
7.4109
11.4117
0
0
0
15.0098
6.3411
0.3329
0
3.3962
2.6239
4.7669
4.6564
0
0
0
1.9878
1.9383
0.6441
0.1016
1.2319
5.2902
0.193
1.1159
14.3948
18.1449
0.0247
0
2.5347
12.6937
0.3583
0
4.4906
0.7131
26.3623
3.9938
0.333
0
0.1617
0.841
15.5451
7.2075
2.1613
1e-04
0
0
0
0.3346
3.42
1.3398
3.1868
0
0
0.0619
0.4584
0
2.9745
2.5962
0
0.1469
0.562
0
0
0
0
0
0
0
1.0542
2.9072
0.312
0
0
0
0
0
0.4191
0.2639
0.3739
0.0292
0
0
0
3.5615
3.2552
43.4262
0.3926
0
5.563
3.1274
3.0067
1.031
0.0852
0.2698
0.1031
1.229
0
0.2697
0
1e-04
0.003
0.0191
11.8512
19.9594
2.7923
1.0467
3.4543
0.1925
16.7969
1.5886
0.0084
8.8634
0
1.1609
1.263
0.0388
0
1.9121
23.8455
0.7143
0
0
0
0
0.0676
2.3015
0.0266
0.1755
0
0.8695
0.2502
0
0
0
0
0
0
0.1563
1.5002
0.7317
0.0139
1.4672
0.233
0.1686
0.0582
0.1412
0.066
0.6594
0.5197
0.2372
0.1247
7.8411
1.0884
0.045
0.1115
10.2818
19.5789
0.0061
0
0
0
0
2.7373
0.863
0.0165
11.8233
0.0204
3.3493
0
0.2
0.0127
2.1071
1.7583
1.2341
1.3941
0
0
0
0
0.1728
0
0
0
0.3157
0.6723
17.7787
0.2421
0
3.141
1.6306
0
0
0.2505
2.3447
0
2.6157
0.8966
0.0426
0
0.0426
0
0
0
0.5596
1.6286
0.7206
0.0642
0
0.2871
0.0444
1.1568
10.3338
0
0.1621
0
0.1993
1.4171
0.0801
0
0
0.3314
0
2.1283
3.717
0.0364
0.3154
0
0
0
0
0
0
0.0027
0.3325
0
0.4018
12.4805
5.5891
1.7423
1.2944
0
0
0
0
0
2.0214
14.825
3.6261
12.6092
2.1513
1.0369
2.0454
14.7987
17.9521
2.7984
1.0495
2.4264
2.733
1.4221
0.211
2e-04
1.0289
4.0036
3.9504
4.944
2.1151
2.5741
7.0706
1.3649
0
0.0531
0
0
0
9.0451
1.6628
0.3598
1.0882
1.379
0.1611
0.4818
0.6711
0.3537
0.2069
11.678
5.9215
5.3683
0.4546
3.7695
3.3479
2.8714
3.723
5.0571
0.1861
0.0683
0.0146
0
0
3.9513
6.2862
2.3128
1.3243
21.582
1.7115
8.8185
26.7954
0.0042
0
2e-04
0.0765
30.2732
5.6444
13.8373
6.8608
8.4764
1.815
0.0504
0
0
3.9601
1.0403
0.3073
9.4296
8.5004
8.7888
7.7319
4.8716
1.1387
1.6273
0.0244
0.0104
0.0526
0.247
0.0766
0.282
0
4.87
4.0891
3.5464
0
0
0
0.0143
1.7551
1.723
0.8437
0.001
0
0.22
0.933
0.2691
0.3025
0.2655
0.2104
0
0
0
0
0
9.4221
11.0926
0.6688
0.0021
0.001
0.0012
2.4369
10.0853
9.9611
9.5349
0.1721
6.2391
1.1449
0
0
0
3.571
2.5617
0
0
0
0
0
0
9e-04
1e-04
0
1.0128
0.6589
0
0.1065
0.3054
11.3758
1.252
0.6335
0.0328
8e-04
1e-04
0
0
4.2508
1.3174
0.4409
0
19.882
0.0909
0
0
0
0.9109
5.3706
6.774
3.3436
14.3296
0.1928
0
7.4862
12.4848
3.4631
9.5986
1.7101
0
0
0
0.4046
2.1626
1.3179
0
0
0
0
0
0
0.3739
3e-04
0.3431
0
0
0
0
0
0
0
8.2608
0.4599
0
0
0
0
2.9995
12.8939
0.8195
27.8396
2.8786
3.0473
0.1433
0
0
0
0
0
0
0
2.3079
3.4132
0.2693
0.2577
0.5551
0
0.4359
3.8359
9.294
2.8162
2.1213
0.1722
0
0
0.2292
7.1821
17.2042
14.799
0.642
0.0288
0.0015
0
0.0714
0.2286
0
0.0016
0
1.6615
0.8298
3.7459
0
0
0.0011
0.3283
0.6753
0
0
0.3428
0.0407
0
0
0
2.7179
0
0
1.2125
2.5957
0.4995
0
0.2658
1.7703
0.7907
0.3744
0.3708
0
0
0.2992
2.1943
0.0555
0.8515
1.669
4.9074
10.0809
0.0754
0
0.4755
5.1302
0
0
0
1.085
1.3132
2.9464
0.39
0.2701
0.0076
0
0
0.1099
4.9048
3.7782
0.0136
8.5721
2.0212
8e-04
0.0086
0.3849
1.9093
0.102
0
0.0055
4.0218
0.6014
0
3.8406
17.0632
2.3767
7.5758
0.0073
0
0.6718
0.0068
1.3799
0.0022
0
0
1.4823
8.1397
24.1994
5.1989
0.1417
0
0
0
0
27.3728
3.567
1.6814
0.4587
0
0
0
0
0
0
0.0826
0
0.3937
0.2822
0.2103
8.3698
1.3486
2.0887
0
0
0
0.0921
5.0275
1.9077
0.0393
3.9419
0.2915
0.0282
0.8577
0.4411
0
0
0
0
0.2004
0.7415
3.6267
2.1204
5.9853
2.2271
1.5622
1.2566
0.3423
0.2203
0.4279
0.7187
0
26.7329
3.6366
0.9215
0
4.47
0.1025
0
1.1558
0.3654
0
7.9755
10.4548
0
0
0
0
0
0
0
0
0
0
1.025
4.955
27.1265
6.3806
0.1587
0
0
0.0223
1.7507
3.5489
5.1517
15.0693
2.2246
4.2795
20.3016
2.9984
0.1764
0.0152
4.0516
1.5263
0
0
0.8218
1.8471
13.0332
0.0046
0.502
1.4241
0.0067
0
3.966
4.7962
18.9668
4.0608
0.2453
0.6587
1.439
23.1793
3.3714
0
0
0.0026
0
6.4564
0.8761
0
0
0
0
0.5634
1.1209
3.7474
3.4319
1.3458
0.4433
7e-04
2.1351
4.0321
4.926
0.0478
0.2539
0
0
0
0
0
0
0.0432
8.6385
2.5536
27.5374
24.2267
6.7198
25.4998
1.4359
0.002
0.0988
0
0.0071
4.2166
9.3586
21.5534
3.9485
0
0
0
0
0
0
2.8545
2.2498
0.3713
0
0
10.7289
13.0666
1.9913
2.2712
0
0
0
0
2.6451
38.4028
0.0842
0.0406
0
0.0363
3.5655
15.3157
3.072
7.5072
1.4387
0.0811
0
0
0
0
0.0186
0.4993
0
0
0
0
0
0
2.7448
3.6144
17.3558
2.7299
46.8444
0.1049
0.3986
0.1484
0.0221
11.4098
4.6206
5.8332
0
0.0078
5.8307
1.1699
2.8535
3.6725
1.9336
0.4093
0
0
0
0
3.0679
2.9882
0.0108
0
0.149
22.3691
0.1908
0
1.0193
1.8891
18.5717
15.6744
3.365
2.4934
0.3433
0.0061
0.0871
0
0.3154
14.2789
0.066
0
0
12.2463
0.2214
0
0.0786
0.0057
0
0.0928
0
0
0
0
0
0.0587
0.8303
15.2071
2.0822
0.201
0.5877
2.0203
4.6179
0
0.8565
0
0
0.0052
0.1866
1.4929
0
0
0
0.7736
10.2524
2.2541
0.3893
0.389
0
3.3732
4.0217
0.4157
0
0
0.0245
35.9546
2.7856
0.1921
0
0
0
0
0
0
0
0.0472
0
14.566
0.8516
1.2714
16.2514
1.1605
0
17.7292
4.1339
19.5331
2.0816
0
0.2782
0.3694
3.6298
17.675
37.2012
0.6692
0
0
0
0.0033
2.0951
0.2958
0
0.1441
0.0284
0.3198
9.76
0.9556
0
0.24
0
10.6533
0.9903
0.0228
0.2397
2.6439
3.8958
0
0
0
0
1.1224
0.3131
0.8172
0.1043
6.1659
0
0
0
0
0
0.1885
0.886
0.654
0.0021
0
0
0
2.1052
4.0229
11.5616
2.5987
4.3655
0.5654
2.5718
2.1804
1.7634
0
0
0
0
0
0
3.6269
0.4151
0.531
3.1367
0.4758
2.5227
6.1731
4.8945
0.6283
0
0.5426
0.0631
0
0
0
0
0
0.0011
0.218
7.9925
0.8484
0
0.0315
3.9401
6.8638
0.5339
0.6768
1.4989
2.4543
2.1662
0.0349
0.0318
0
0.2106
0
0.1748
0.5654
3.3992
0
0
2.6502
4.3569
0.5224
0.4648
0.0109
9.1904
3.9129
3.2574
0.0265
11.0692
0.0477
20.5276
17.0439
1.19
0.953
0.0665
6.0288
0.0012
0.0013
8e-04
0.5483
1.3158
0.0226
0.2657
0.0107
0
0
8.3107
3.6843
0
0
1.3898
0
0
0.5444
3.8744
5.6062
0
0.42
4.8427
0.0013
0
0
0
0
3.7396
5.8394
2.7843
22.7286
1.4914
0.0621
0.0379
5.7656
12.2801
6.9977
10.7383
1.0096
0
0
0
0
0
0.0011
0.5138
4.7469
2.9375
0
0
1.504
8.5585
0.2319
0.0821
0
0
0
0.3444
0.3838
0
0
0
0
0
0
2.3903
2.661
2.7689
1.0162
5.3624
0.7175
0.0067
0.5032
1.3148
0
0
0
6.3652
4.3482
0.1996
0
0
0
0
0
0
3.4731
7.847
4.1036
0.295
0
0
0
1e-04
2.601
0.8759
0
0
0.2082
5.8562
1.1515
0
0
0
8.6939
6.2254
0.0048
0
0.2916
0.7858
0.3953
0
3.3204
3.2513
11.1277
22.6118
14.9668
0.222
0
7e-04
0
0
0
0
0
0
2.0306
0.0864
0
0
10.1242
15.6778
0.0503
0
0
1.2577
4.5619
1.1464
0
0
0
0
0
0.093
0.8661
0.0011
0.0596
0.0355
9e-04
0.4071
8.3749
0.0995
0.7836
0.6646
0.2922
0
0
0
0
0.0083
0.6016
15.1247
1.7829
0.3102
0.7386
0
0
5.642
1.863
1.1502
2.3075
1.105
2.4298
0
0
0
4.8936
0
0
0
2.098
12.2481
14.2587
22.3506
3.7969
0.1777
0
5.3041
3.2307
2.682
0.3313
0
0
0
0.5982
1.5652
0.015
0
0
1.6887
1.3392
0.5742
0.1246
3.2544
1.9185
0
8.0241
5.8781
10.467
5.3812
1.3732
0.0695
1.8088
0.2525
1.0263
0.8361
1.2788
0.6898
0.5072
2.0862
2.858
12.0878
0.9622
0
9e-04
5e-04
0.0054
0.0421
0
2.4656
1.2648
1.0462
0.4211
0.2069
0.2222
0.2016
0.1457
0
0.3717
4.1687
0
2.0712
0.0016
0
0
0.0039
0.7878
4.2791
0.6621
0
0
0.1702
4.6757
0.2626
0
0.0961
0.0015
0.1714
1.2673
0.3654
0.2774
0
4.7976
27.5446
1.4156
1.1128
0.1374
0.3605
0.1289
1.5633
0.0031
0
2.5145
1.5313
1.8173
0.2066
0
0
0
0
0.0942
0.5126
0.1859
0
0
0
0.31
0.7685
0.9791
0
0.0338
0.4169
0
1.5719
0.1327
13.9091
3.0455
0
5.2078
7.8113
0.5902
0.4351
0.2647
0.1687
0.1126
0.419
0
0
2.4288
1.2351
0
0
0
0
0.3983
6.9004
5.5387
1.4518
0.1693
9.1976
2.5155
1e-04
0
0.1733
0.0585
0.1811
6.632
4.0265
6.2195
0.0178
0.9263
8.8313
1e-04
0
2.3359
2.7967
2.8228
0
0.0758
4.9941
1.0753
5.3187
0.2327
0
0.0555
0
0
0.0501
0.02
0.721
0.5072
2.0651
0.8103
0
0
0.1276
8.6689
21.3786
10.473
0.7012
4.4467
10.3063
4.5382
1.6286
5.8339
3.4849
0.8758
0.3872
0.0256
0.633
3.0851
0.4246
0.5752
0.8496
0.1487
1.7118
6e-04
0
1.0237
4.7761
0
0
7e-04
0.0932
0.1434
0.6226
0.9626
8.9229
9.1782
0.0477
0
0
1.1737
6.579
22.6599
0
2.1857
0.2024
0.656
1.1037
17.9409
1.5642
0.4542
0
0
1.1321
2.9213
0.5107
2.4807
0.1788
0
0
0
0
0
0.9926
0
0
0.4851
40.0794
3.1468
0.1345
0.1141
1.8227
1.6943
7.6228
2.1075
1.621
0.2557
0
0
0
0.007
0.0207
0.7535
0.0788
4.2792
0.0145
0.3045
0.3588
1.3598
11.3501
0.2226
12.7227
35.1628
15.7312
23.0955
2.0409
21.8548
1.2983
4.0748
6.942
2.7237
0.7254
14.3255
3.293
0.1463
7.1346
1.208
0.0975
4.4907
10.3341
14.6391
0.6556
0.0574
4.1075
1.6214
0
0
0.0066
4.5875
1.8423
0.2235
10.935
0.0708
10.7325
9.9691
10.5316
1.4449
1e-04
1.5643
7.6696
1e-04
0
0.047
0
2.4305
5.4244
2.0436
13.3927
15.4531
0.0636
0.331
0
0
0.5793
8.1982
2.3387
0.4455
25.3769
9.6225
7.5708
5.9295
15.6883
0.0214
0
0
0.339
0.2218
0.1542
1.1246
9.3136
5.9862
0.2293
33.7979
7.0895
0
0
0
0.0183
0.4805
1e-04
0
0
0
0.0176
0.0208
0
0.0337
0
0.3809
0.7563
7.5632
0.9457
1.3839
0.7078
0
12.7186
12.1963
4.3227
0.1201
0.4376
2.2628
0.807
0.2452
0
0
0.0893
0
0
0
0
0.4908
0.0946
0.0298
10.4845
19.0676
1.0483
4.067
0.7023
0.5518
0.6514
0.255
1.9754
3.1898
12.0577
24.724
4.3973
0.3719
0.0646
0
4e-04
0.0573
0.0092
0.0131
9.0895
8.482
8.6313
0.3981
3.0903
0.0276
0.0507
0.0423
0
0
0.2822
0.5073
0.6448
0.0029
0.0241
0
0
0
0
7.4592
0.873
0.0252
0
0
0
0
0
0
0.538
7.1996
0
0
0
0
0
0
0
0
9.0719
21.2729
18.6853
0.1681
1.5735
7.2932
20.3124
13.6441
0
0.0183
0.6312
0
6.8926
0.6055
3.4538
13.4122
0
3e-04
0
0
0
0
0
9.6043
2.9511
0.0361
7.9111
0.0558
0
0
0.7864
0
0
0
0
0
0
0
0
0.6577
0
0
0
0
0.2167
13.4931
1.7176
0.0033
0
7.9215
0.0946
0.0065
0
0
9.9133
7.2564
1.6982
0.4706
0.1285
2.0246
0.0596
0
2e-04
0
0
20.8539
4.2382
0.1284
0
2.7445
0.7671
4.3074
1.7576
0.5094
0.8472
0.3274
0.5876
2.771
7.3639
0
0.5781
4.4902
1.2886
0.1385
16.2983
2.0839
0.0173
0.0089
0.1945
0.3073
1e-04
0
4.1733
17.9617
0.2152
0.1153
0
0.01
0.0669
0
0
14.7453
11.0068
0.781
1.1834
0.1912
1.3405
1.143
8.5038
0.2373
0
3.5334
6.6981
6.0122
0
0
3.7527
12.9305
5.2402
0
0
0.7959
2.1057
0.4115
0.0064
0.5535
3.9317
2.9288
0.0087
0
0.328
0
0
0
0.4641
0.5197
0
0
0.0205
0.016
0.7468
0.8802
0
0.2131
0.0424
2.6195
2.6477
0.3983
0
0
0.7271
4.5101
0.7357
8.6881
0.0641
0.7867
0.005
4.9649
6.9606
0
11.7197
32.2179
15.3036
1.0551
0
0
0
4.0091
0.2312
0
0
1.9528
0.7053
5.326
15.7774
0.3497
0
0.0454
11.7593
18.0268
0.5581
4.6374
0.4513
0.6988
1.4227
5.0033
5.1342
1e-04
0
2.3843
2.5926
3.7447
0.1522
4.5563
4.3985
12.056
0
0.6357
0.1034
0
0
0.0711
2.5332
0.0088
0
0
6e-04
0.0398
2.9901
0.1687
3.5409
0.1107
1.0212
0.0922
0
0
1.7261
2.4272
5.298
0
0.1726
0.9108
0
0.1399
2.6488
2.7551
0.4669
0.8863
0
0.023
0.7011
0.0556
0
0.0012
0.9806
0
0
0
0.003
0.0399
0
0.0024
0.0234
0.9374
0.144
2.2013
10.0861
7.9374
12.8945
1.3821
0
7.4196
0.7085
2e-04
0.1367
0.6098
0
0.1298
0.0242
0.8625
4.6357
0.5263
0
0
0.2517
0.1159
0.5503
0.0091
2.7238
0.7316
6.3542
14.902
3.0175
2.1625
4.5041
3.9306
0.0247
2.0302
0.3411
0
0
0
0.2812
0.5968
10.0422
0.161
0
1e-04
0
0
0.0086
8.6536
11.2467
1e-04
0.8124
2.8008
5.9281
0
0
0
0
0
0
0
0
6.671
5.205
1.2173
0
3.5682
0.1903
3.0603
0.1588
0
0
0
0
0
0
11.5396
10.5603
2.5638
0
25.2632
1.085
0.0343
0.0071
0
0
0.3084
1.6968
0.386
2.3548
17.43
1.0527
0.3166
0
0.7635
1.8835
1.5188
18.9755
4.1754
0.1702
0.0953
0
0
0.3741
0.0054
0
0
0.807
1.0755
0
0
1.1843
0.6109
0.9858
4.2803
0.0681
0.3219
0
1.66
0.2518
0
0
0.1437
0.084
0.057
0.317
0.2507
0.1296
2.913
1.1265
4.4336
4.5422
0.2163
0
0
0.9682
0.2216
0.0978
0.5801
0.1752
0.3247
6.8332
0
0
0.256
0
0.0832
0.9891
0.3027
5.1045
1.4454
10.0773
12.1337
0.3478
0.3946
0
0.2414
0
0.0265
0
0
0
0.0879
5.3269
1.8866
0
0
0.0705
0.3623
0.8437
0.1705
0
0
0
0
0.0735
0.4836
0.0146
9.238
1.2713
2.0725
3.3132
0
0
0.2079
0
0
0
0
1.7271
2.2339
1.0877
2.5498
4.6943
0.0016
0
4.6455
0.3089
0.1437
0
0
1.0119
0.0152
0
7.6839
0.1347
0
0.3716
0
0
3.4789
0.6017
2.1014
0.3367
0
0
9e-04
7.3639
0.0516
1.3072
13.6793
3.0929
0
0.2732
11.1761
5.5486
19.7541
4.3139
0.049
0.7181
0.2342
0
0
0.0258
0
0
0
0
0
0
0.6381
5.8729
1.7268
2.5001
5.6601
4.1518
0
0.0134
0.0296
0.0834
0.6593
4.0931
1.2174
0.0223
0.0012
0.9832
5.0624
0
0.1255
1.8404
0.3304
0
0
0
0
0
0
0
0.7401
3.8647
6.6623
0
0
0
0
0
4.8151
0
0
0
0
0
0
0.2513
0
0
0.2498
2.1486
5.3397
0.6233
0.1491
0.5944
0.3641
0
0
7.0168
8.4732
6e-04
3.3305
35.6546
12.2415
14.0674
4.873
0.2574
8.3497
0.6485
0
0.2669
0.3981
0
4.2086
0.234
0.8796
5.6257
4.5812
0
0
0
0.6451
1.1311
0.121
0
0.166
0.1059
2e-04
0.0342
5.4894
10.7379
0.3113
0.2372
1.9615
1.0276
2.9566
12.1077
0.6852
0.4591
0
9e-04
1.9765
2.1762
6.4029
5.489
0
0
0.1965
0.2151
0.2397
3.5298
2.0071
29.7496
13.8902
0
0
0
0
0.8738
7.5121
6.6958
0.5836
0
0.3323
2.9301
0.1198
0.1383
1.3289
2.1204
0.2108
0.9277
1e-04
0
0
0
0
0.0514
0.107
0.0127
3.7796
0
0
0
0
1.1049
0
0.292
2.0986
0.1288
0
0
0
0
0.0341
0.8493
12.1211
4.1882
1.4772
0.7746
0.4816
0
2.4835
0.1494
0
0
0
0
0.2508
0.7016
4.003
0.0068
0
0
1e-04
0
0
0
0
0.0032
2.803
0.0258
0
0
0
0.3379
1.3456
0
0
0
0
0
1.8861
6.9789
0.3194
0
4.5042
4.1614
5.1622
0.0101
0
14.7856
3.1828
0
0
0
0.2039
0.0092
0.3697
0
0
0
0
0.5185
0
0
0
0
0
7.3428
5.8692
0
0
0
0
0
0.182
3.6245
1.0531
16.7363
1.5103
9.4477
3.9427
2.6179
0.889
0
0
1.5436
3.1733
9.4066
0
0.3477
0
0.1204
0.2272
0
0.3476
0.1595
0.1895
0
0.3476
0
0
2.0951
3.2875
4e-04
0
0
1.1741
2.4082
5.7923
0
0
0
0.9772
1.1408
1.717
4.7457
20.307
8.2757
0.2621
0.031
2.58
30.1923
4.914
1.41
0.6601
0.3819
0
0.0417
0
0
0
0
0
0.3961
0
0
0.4417
0
0
0
0.0265
0
3e-04
0
0
0
0
1.9876
0.8414
0
0
0
0.0153
0.0505
3e-04
1.1718
0.6368
0.0264
0.6086
9.7772
7.7052
0
0
0
0
0.9614
1.3775
18.1342
14.2742
0.0011
6e-04
0
0
0
0
0
0
0
0
0
0.7914
1.1217
0
0.0262
0
0
0
0.6983
1.7269
0.0205
0.0319
0.0016
0.0096
0.0679
0.2246
1.9589
0.2186
0.2472
0
17.5693
18.4183
10.7984
0.1708
11.6998
0.5277
0.0243
0.1551
0
3.0157
8.6025
1.2249
1.9662
31.7093
0.0256
0
0.0097
1.4785
0.0041
0.0219
0
0
2.9312
0.0372
0.4919
0.0059
0.4362
4.4926
0
0
0
11.0616
7.72
6.9271
0
0.2404
5.5216
0
0.019
4.7104
11.5654
5.0026
0.0222
0.142
0
0.8794
21.539
10.4303
0.1156
0.0845
21.5675
10.0986
0.0018
0.0217
8.1801
8.4137
6.8281
0.0943
0
0.2706
0.5636
1.0339
0
11.4505
1.3926
0.2776
0
0.5931
0.7757
0
0
0
0
0
1.9683
1.4966
0.4509
2.0161
1.6741
4.8405
19.736
4.9794
12.9945
5.2598
1.1814
0
0
0.2265
6.8087
3.122
0.1714
0
0.0389
0.0305
0
0
0.36
14.2395
2.6581
9.7719
14.4183
0
0
2.3212
7.7374
2.7332
22.7475
0.8656
7.2155
10.9587
4.8672
3.3494
0
0
0
8.0503
5.0123
2.1986
5.6909
9.886
2.2898
0.3266
18.3508
7.3991
1.1087
0
1.5717
0.174
3.5152
5.1288
0.7243
19.9831
11.0886
0
0
0
0
0
0
0
0
0
0
0
0
0
0
0
0
0
0
0
0.2028
4.3508
0.5958
0
0.6715
3.177
0.6714
6.1415
1e-04
0.0796
3.1062
0
0
13.8887
1.0791
3.3313
0
0
0
0
0
0
0
0
0
0
19.5419
5.2875
45.2121
12.326
0.0236
0
0
0
0
0
0
1.7418
0.1251
0
0
0
0.1488
2.845
1.9551
1.0974
0
0.0855
0.0426
0.0087
6.9433
0.7461
0.3853
0.3184
3.4804
1.5645
14.5512
0.5316
0
0
0.4496
15.9344
0.0144
0.0143
3.0143
24.01
0.3827
0.5733
0.0896
0.031
0.3416
1.3446
3.9393
0
0.0448
0.1289
0.0381
0.0256
0
0
0.315
0.0672
0.1304
0
0.0134
0.2032
0.695
0.1989
0
2e-04
0
0
0.39
1.6674
0
0
0.7324
2.7523
9.7744
0.0026
0
0
3.8447
6.4398
0.2122
0.1183
0.1731
0
1.1347
0.6664
0.0158
0.035
0
0
0.3726
0.1449
0.2871
2.4614
7.2186
1e-04
0.001
7e-04
0.333
0.2137
2.1929
0.6765
0.5264
3.6917
0.0034
0
0.0018
0.215
4.2028
1.7272
9.8117
0
0
0
5.3266
9.2287
0.0011
0.0312
1.5779
0.0229
0.006
0.4321
0.5086
0
0
0
0
0
0
0.5512
2.9847
0.2931
0.0014
0.2766
0.2883
0
2.3382
0.1325
0
0.0337
0.5876
0.0241
0.371
0.0829
0.0811
0
0
0
3.8552
18.9347
6.8258
3e-04
0
3e-04
1.0455
0.3861
10.2662
4.1076
0.4981
0.0297
0.248
0
0
0
0
0
0.8875
0
0
0.4838
22.5986
19.4057
1.2934
2e-04
0
0.3799
0.2743
0.0108
0
0.1118
0.1562
0.504
2.3602
13.9545
0
0
2.8551
1.524
0.0355
0.1221
7e-04
0.0366
0.0676
0
3.5609
6.2088
0.4196
5.0093
2.3992
0.7814
0
0.9261
9.4083
0.0036
14.4795
29.3418
0.7136
0.8087
4.405
0.4412
0.8643
10.4652
17.1979
1.5591
0.5876
2.2296
7.3858
2.4434
1.3685
0.0438
1.6466
10.9765
18.1717
11.0686
0.8395
0.7646
0
4.9119
1.6767
4.7524
0.0041
0
0.693
1.1673
5e-04
0.0476
0.6826
0.2867
1.3018
8.588
0.3428
0.0393
0
0
0.1976
5.5981
2.3887
3.7232
2.325
13.718
20.484
3.4671
3.8636
1.8045
10.9834
5.3099
1.4446
2.3976
0
0.2521
1.9224
10.123
10.229
4.8075
0
3e-04
0.0873
9.229
0.349
0
0
0
0
0
0
0.0518
0.1618
0
0
0
0.002
2.7379
0.061
1.852
0
0
0.2658
13.8442
21.1683
0.8093
2.2619
6.3939
0.3483
0.0944
2e-04
0.0302
0.6653
3.6276
5.8144
0.0301
0
7.0088
6.3017
16.876
2.985
3.1815
6e-04
0
0
0
0
0
0.1585
0
0.6922
0
0
0.1322
2.7947
0.0071
0.0016
0
0
0.091
0.7136
0.8796
0.1099
0.1114
0.002
0
0
0.0522
0.069
0
0
0
0
0
0
2e-04
0
3.5946
41.1522
0.1267
10.4889
2.1722
0.2171
10.5091
0.2945
1.544
6.2603
2.2443
9.75
0.1536
0
0
4.6162
17.1862
0.2178
0.0011
0
0.6506
13.909
34.2814
0
0
0
7e-04
0
0
0
0
0.314
0
8.3805
1.1492
0
0
0
0
0
0.3136
0.684
21.2517
2.9586
1.9202
0.7435
0
6.9859
0.6634
0
0.6554
0
1.4043
1.7876
12.2392
0.1963
0
0
0
0
0.034
1.1333
4.6453
8.7797
3.3525
4.2245
1.2788
0
0.0011
0
0
0.2225
1.1596
0.2697
0
0
0
0
0
0.532
15.1144
13.106
0
4.2759
0.5472
3.7044
8.8962
0.2464
0.4258
0.4834
0.4741
0.7191
9e-04
0
1.2463
0
27.3616
8.2215
1.4129
0
0
5.262
27.1272
0.1163
0
0
0
0.4784
3.8202
8.6316
0
0.2957
0.1005
0
0
0
0
0.248
0.7528
0.433
0.0536
5.3323
0
0
0
3.3703
0.5177
0.024
0
0
0.3199
1.625
6.3444
0
0
0
0
0
8.3921
0.2236
3.7008
3.8431
4e-04
7.0945
5.4106
0
0
0.0344
0
0
0
18.0804
2.5309
0
0.2058
0.6291
0
0.4475
1.9403
0.644
0.2725
0.9033
0.3684
3.0833
0
0.0011
1.0872
3.569
2.0694
0.0022
0.0011
0
0
1.5671
44.3012
0.002
2.2637
10.9212
0.0927
0
5.3758
6.0821
0
0.0077
2.2101
2.744
0
0
0
25.133
0
0
0
0.8612
0
0
0
0.9726
1.4686
0
8.3664
2.2825
0
1.3596
8.3034
4.3981
0.9563
0
0
0.0025
2.256
5.4318
0
0
0.0358
0.0326
0
0
20.418
0.9215
0
0
3.4065
2.3014
0
0
0
0.0547
2.384
0
6e-04
0.036
0
0.0029
6.8529
0
6e-04
3.8579
10.6032
19.7756
3.1749
9.5104
1.4479
0
4.4329
2.7454
0.665
6e-04
1.5474
0.2209
0.2524
4.05
0
0.4836
19.0968
7.4772
1e-04
0.1697
0
0
0
40.6344
0
0
0
9.5457
5.2821
28.0314
32.9001
13.9472
0.8218
0
0
0
0.4362
2.7659
0
0
0
5.4783
0.0844
0.441
1.101
0.8956
0.0145
14.9736
0
0
0
17.2084
0
2.7423
0.3231
25.0123
0.1056
0
7.4732
2.7893
0.0818
0
0.2837
0
0
0
4.2105
0.575
19.8902
0
0
0
0
0.8109
4.0109
0
0.1229
0.0122
0.3213
2.4515
2.3793
4.4197
1.3227
0.7181
0
14.642
1.2452
0.1589
0
0
0
0
2.8481
0.0618
16.0048
1.1722
0
0
0
0
0
3.0256
3.2089
15.2498
0
12.3064
24.4126
17.1416
0.6846
0
0.6506
3.7758
3.5493
4.3839
11.7746
0.1575
0
0
0
0
0
1.0585
1e-04
0
5.2327
0
0
0.5228
0
0.0118
3.8149
19.6042
0
0.1478
0
0
0
0
1.5157
0.5256
1.6161
45.9796
0
0.3504
1.2395
0
0
0
0.3504
0
0.4703
0.7699
1.1075
0
0.4875
0
1.8639
0
0
0
0.8049
0.4595
0
0
0.0012
6.6372
0
0
0
0
0
0
0
0
0
2.4569
0.9062
17.0845
5.2171
0
0
0
0.1248
0.7797
1.5341
1.5465
0.4025
0
0.3501
0.1301
0.1054
0.0016
0.1167
0.3469
0.0199
0.0039
11.4459
1.6119
0.9461
0
0
0
1.2646
0.0934
11.0789
0.0214
0
0.3503
0.6007
0
18.2906
1.2758
0.5738
1e-04
2.2574
1.1472
5.1797
0.6795
2.8335
0.0217
0
0.4355
16.8698
0.2921
0
0
0
0
0
0
0
0
0
0
8.7164
3.5182
5.0508
8.9953
0.6505
0.0224
0.1563
0.6712
0.7667
0
0
0
0.6239
13.7029
0.0048
7.2941
34.4506
16.5716
2.8892
0
0
0.0234
1.4425
0
2.9268
0
0.3641
0.4259
0.1993
0
0
1.643
6.1289
0.3639
0
0
0
7e-04
0.0086
0.4091
0
0
0
0
6e-04
0
0
0
0
0
1.2908
3.2664
4.3367
0
0
1.1685
17.0458
20.8762
15.3797
1.8337
2.3349
0.6064
0
0.1173
0.464
0
0
0.62
0.5061
1.3757
0
2.8499
0.4359
0
0
0
7.8467
13.6761
2.706
0.5388
0
0
0.438
0
0
2.6117
7.3181
0.4148
9.5503
17.7546
2e-04
0
1e-04
0
0
0
11.6239
1.1409
0
0
7.6193
0.7189
0
0
0
0.0021
3e-04
17.0833
19.4643
1.4573
0
0
0
10.2697
1e-04
25.2729
5.2569
0
8.4499
0.4257
0.0916
0.1385
0
0.3978
0
21.2757
0
0
3.1186
4.0081
4.4803
6.1672
3.1141
1.4091
0.3121
0
0.5563
2.9062
0.7369
0
0.1423
0
0
0
0
0
0
0
0
0
0
0
0.3486
1.6451
0.0061
0
0.1579
0
0.0641
4e-04
1.1749
0.0029
0.3167
0.1965
0.3216
2.1639
0
0
0
0.3946
10.8356
2.9382
27.5177
27.853
0.6497
1.2622
2.4832
0.5031
0
7.2337
0
0.105
0.65
0.0848
0
6.9404
13.1842
14.7847
16.1712
7.6856
13.1462
0.0738
0
0
3.7077
0
0
7.3466
0.7646
1.2158
0
0
0
0
0.3561
2.36
1.9744
0.3101
0
1.8985
3.9189
20.4783
31.1374
11.149
0
0
0.0376
0
0
0
0
0
0
0.2936
0
1.2047
36.5082
0.6214
20.9387
0
7.1595
5.3121
0.0101
0
0
0
0
1.5697
0
3.6561
0
0
0.2835
0.5446
0.0309
25.0222
55.977
0.2112
0
7e-04
2.9523
0.0011
0
0.0056
0.088
0
0.0028
0
0
11.0454
2.4657
0.0096
0.0011
0
0
0
0
0.557
0.1782
0
0
0.0012
0.0022
11.1317
0.1065
0
0
0.041
0
0.0926
0
0
0.1511
0.0556
1.2287
8.6801
0.3373
0.3476
3.1063
8.4327
1.5107
0
0
0
0
0.0933
0
0
0
8e-04
4.0473
0.1051
0.4348
3.1811
2.6621
0
0
0
0
1e-04
0.1575
9e-04
5.9837
1.4176
0
0
0
0
0
0
0
0
0
22.8934
0.197
0
0.0471
0
0
0
0
0
0
0.5637
0
0
0
0
2.4858
4.8028
0
0
0
0.0032
1.0897
0
0.2805
0
0.0124
0
2.3876
0
0
0
0.2805
0
0.0011
0
0
0.252
0.6836
1e-04
0.3565
2.3791
10.1005
9.9561
0
0
0
0
0
0
3.2857
0.0168
0.1662
0.0402
6.123
12.3895
0
0.0321
0.3335
1.6508
0.8394
7.4637
0.4507
0.0038
7.2042
7.1384
1.4435
0
0
0.5522
5.6269
0.0675
0
3.6686
6.9514
3.2622
0.3805
2.2513
0
9e-04
0.2171
0
1.988
0
6.7807
1.2155
0.1395
1.091
0
0.3801
9.6928
0.1692
0
0
0
6.9702
0.2336
0
0
0.1767
2.5703
0
1.0279
0.4466
0.3555
0
0
0.0026
2.7292
2e-04
7.543
4.6857
1.2581
2.6367
19.9792
0
0
18.1686
0.5099
4.5993
3.2084
0
0
0
0
0
0
0
0
0
0
0
0
0
0
0
0
0
0
0
0
0
0
4.9164
0
1.9126
4.6058
0
0.4421
0
0
29.7388
0
11.7406
2.2404
0
0
7.6413
13.8758
4.8597
1.5267
1.3484
1.1805
1.7884
3.0963
20.5577
0.3126
0
0
0
0
0
0
0
0
0
0
0.0242
0.439
0
1.9707
1.0556
0
0
0.0063
2.5496
0.5499
0
0
0
1.0692
0.0599
0
0.2363
9.7502
6.1182
10.0862
0.2167
0
0
0
0
0
12.0652
6.6928
5.7482
0
0.0497
0
0
0
0
0
1.3335
10.1503
17.1453
0.1928
15.5073
0
0
3.8541
0
0
0
0
0
0
0
0
1.2787
10.0495
3.1188
0.1492
0
1.8662
4.4558
0
0
0
14.3097
0.1827
0
5.4392
9.3976
0
0
0
0.1296
0
0
0.131
6.9797
5.4271
4.5498
5.5705
4.3802
1.6466
9.9747
0.7578
0.0785
0.5149
4.0011
0.0776
0.255
1.4193
5.2663
0.0467
0
1.9822
0.0107
2.128
4.22
12.3771
0
2.6506
0
0
3.5051
9.9875
0
0
0
0
2.9588
0.0286
0.0284
0.0316
0.7026
7.4192
4.1478
6.2553
1.2764
1.6317
3e-04
0
0
0
0
0.0375
0
0
4.5628
0.0666
0.2801
1.6052
0
0
0
2.4302
0
0
0
0
1.698
0
3.7609
0.1674
0
0
4.08
0
0.7744
2.1842
0.1963
28.1971
3.6111
0
0.0516
0.0667
16.9492
0
0
0
2.4168
10.5741
1.1869
0
0
14.4183
0.0429
0
3e-04
12.0442
0.3573
0
0
0
0
0.7459
0.0747
0.0517
0
0
0
0
0
0
8e-04
34.9904
7.8779
0.0737
0.0293
0
0
0.3328
0
0
0.4405
0
0
0
0
0
0
0
0.0264
2.0955
0
0
0
0.2879
0.1255
10.9993
0.062
0
0
0
0
0.0481
0.9158
0.1088
10.9597
1.2289
0.1168
0
0
14.9223
0
0.318
4.5478
21.4924
1.5369
0.9327
0
0
0
0.2452
0
0
0
0
0
0
0
0.0883
0
0.0615
0
0
0
9.0537
11.4093
0.0546
0
0
0
0
1.7838
0
0
1.0078
0
0
0
0
1.678
2.9852
2.1918
0.0578
0
0.9546
0
0.0455
2e-04
0
0
0
5.9602
0
0
0
4.0586
0.6844
0
0
0
0
0
8.6707
8.2226
0
2.4779
3.1593
0.0388
4e-04
0
8.0067
0.1671
0
0
0
0.5645
0.049
8.181
0
7.5652
0
0
0.3015
0
0
0
0
0
0
0
0
0
8.7216
0.4482
0
0
0
7.0924
0.0148
0
4.4817
10.1961
0.4121
0
0
0
0.4312
0.0012
10.9704
4.4101
0.676
0
0
0
1.4895
8.1133
1.7002
0.3644
0
11.8337
26.1049
0
0
0.9083
0
1.1822
0.0051
0
0
1.0366
0.3481
2.4626
5.5
9.5467
0.0977
0
0
0
0
0
0
0
0
9.7982
13.7382
0
1e-04
5.1983
0.5812
0.0099
0.68
0.2667
12.4508
0
0.2121
1.5066
0
0
0.3652
0.0398
0.2925
33.9889
0
0
0
8.6055
0.7052
0
0.004
2.443
34.4116
2.2692
2.4514
0
0
0
0
0
29.8358
4.6952
0
0
0
0.0015
0.4714
9.0296
14.8076
1.6738
20.9657
9.9269
3.3065
19.0777
3e-04
0.0096
20.6644
1.2922
0
7.3292
16.0086
0.0248
0.4871
0.4509
1.52
0
0
0
27.3744
0.2338
0
0
0
0
0
7.4058
3.5506
0.0089
0
12.427
2.6322
2.323
0.0326
0.0397
0.0647
0
0
0
0
0
0
0
0.3078
1.7798
29.9248
5.0788
12.1585
2.0909
5.3238
7.1878
0.0171
0
30.1811
26.306
0
0.8583
0
0
0
0
0
0.06
0
5.3726
0.8347
0.7963
0
0
0
17.772
9.0827
0
0
7.3383
0
0
0
0
0
0
0.0276
4.086
0
0
0
0
0
29.0571
3.9633
6.2128
0.006
1.7986
3.7744
0.009
0
0
0
4.6137
13.5192
0
22.9591
9.1012
1.4697
0.3251
0
0
0
0
0
0
0
11.5263
22.9599
4.9365
0.0561
1.5348
0.1946
0
0
0
0
0
1.7516
0
4.2972
0
1e-04
0
0
0
0
12.0984
0.3642
0
0.1938
0.2516
0
0
0
0
0.001
1.3494
0
0
0
5.6484
0.4204
6.2789
8.1518
0.0555
0
0.7777
0
0.6829
0.0936
0.0936
0
0
0.3127
0.5219
0
0
0
5.7722
1.9408
2.2224
0.036
2.2058
0.6891
4e-04
0
0
0
0.1145
0.1066
3.7255
2.5062
0
0.2147
9.299
5.8053
0.3524
10.3399
0
14.9699
4.9545
0
1.3637
0.0671
0.195
0.1759
0
0.1225
0.0214
0.1318
0.2893
0.2893
2.1408
3.0271
0
4e-04
0
0.4268
0.4267
1.912
0
0
0.2183
0
0
0
0
0
0.4163
0.5446
0
0
0
0.1575
0
0
0
0
0
0.4179
0
3.37
0.1371
0.3016
8.2008
1.8388
0
0.175
0
0.1217
0.8215
1.5936
0
2.0598
9.4608
7.5291
0
0
0.0136
11.4525
3.6174
0.9242
0
0
0
0.0296
0
0.9258
0.2147
1.5833
1.5352
0
0
0
0
0.0485
0
2e-04
0.0514
2.3837
0
0
0.3626
0
0.8472
1.6268
10.4796
0.0978
0
9.2292
1.7626
0
0
0.0244
0.4892
0
0
0
0
1.4013
0.2986
0.0388
0
0
0
5.0674
0.4974
0.4974
0
0
35.812
0.0592
0.7625
4.9059
2.5695
6.1439
0.0663
0
0
11.0169
0.6673
1.1496
0
0
12.1268
1.0243
6.7581
0
0.1474
0
0
0.0725
0
0
0
0.3548
0.0233
0
0
0
0
0
7.2237
0
0
4e-04
11.4738
0
0
20.5417
11.1897
0.4208
2.6276
0.0728
0
8.639
3.3656
0.4032
4.1702
5.8455
5.9575
9.3301
0
2.1538
0
0
6.8893
7.1371
0.2719
0.7941
0.5729
16.081
0.7167
0
0
0
0.0012
0
0
0
0.0436
6.9336
0
0.0944
0
0.6469
5.7152
4.5261
2.9859
0
0
0
1.56
1.2826
1.6148
1.3908
4.7081
0
1.5925
2.6827
8e-04
0
0
0.001
1.6021
2.0959
0.1442
0
0
0
0
0
0.0246
4.0451
2.3547
0.5293
7.0516
10.4287
3e-04
0
30.5266
0.326
0
0
3.6382
1.988
0.1731
0
0.7444
23.5456
0.2829
0.054
0
0
0
11.8295
3.0146
0
12.3169
0
0
0
1.1199
0.408
0.0048
7.2184
0.435
1e-04
5.8579
12.2737
1e-04
0.2216
2.4388
4.0024
0.0565
0
0
2.1838
0
0
0
0.0909
0
0
3.384
2.711
2.0728
26.7296
0
0.1365
0.6489
3.9384
0
0
0
3.432
13.8581
0.3813
13.2519
0.9463
0.0796
12.638
0.7644
2.1682
0.666
0.1653
0.1699
0
0
0
0
0.6699
22.6454
18.0509
0
0
0
0
1.3425
24.2434
0.6138
18.8439
0.8432
17.1869
0.8169
0
0
0
7.7538
9.3145
7.2158
7.1291
10.039
0.3277
0.3598
0.1508
0
0
0.1322
0
3.8629
0.131
0
0
0
0
3.2619
0.217
0
0
0
0
0.0643
1.7882
0
0
0
4.1128
0.1816
0
0
0
0.605
3.9625
8e-04
4.1973
6.9504
11.2004
13.6058
0.1078
0
0
0.3623
0.028
0.2003
0.0034
0.1557
0.0242
0
0
6e-04
4.3486
17.6385
0.6567
1.1713
20.1498
4.8095
0.3613
0.2935
0
0
2.0911
0.26
0
0.2273
0.325
2.7228
0.3988
0.0474
0.0936
0
0
0
0
0
5.464
1.3551
0
0
0
0
0.8137
1.2918
0
0.4724
0
0
0
6e-04
0
0.0729
0
0.3044
5.0306
0
0
0
0
0.5776
21.0683
8.2794
13.9585
0
0
0
0
0
0
0
0
5.4041
4.7313
0
0.0939
0
0
0.0681
0.7778
0
0.5312
7.4226
2.1288
0.0463
0
0
0
6.9722
0
1.4871
0
1.2542
9.8791
0.0224
0.0215
0.0965
0
0.0544
8.0835
0
0
0.2138
0
0
0.8769
4.4725
0
0
0
3.9088
0.9183
0.0676
0.4641
4.4361
5.4732
6.9076
0.0316
0.0361
4.3813
10.8787
0
3.1736
4.6777
11.9232
0
0.2353
1.29
0.0656
10.5304
11.0359
0
0
4.1308
21.8191
7.7234
2e-04
0
0
0
0.4066
10.0474
4.5187
0.7258
0.032
0
1.067
0.012
0.99
10.0465
0
0.178
0
17.8148
0
0
0
4.024
1.8252
7.8545
1.956
0
0.9438
17.3665
16.173
0.5928
1.0413
2.0821
7.6249
1.6286
0.5851
1.3575
0
0
0.0997
0.8781
4.8481
5.5806
0
1.6557
3.5686
3.0441
0.0018
0
0
7.4699
24.4494
6.7086
12.7649
0
0
0.0401
0
3e-04
6.6839
0.2269
8.0935
0.6257
0.7694
0.3153
0.4619
0.1847
0
2.2227
0
0
0
0.1817
3.1849
0.0094
0
0
0
0
0
0
3.7469
0
0
0
0
4.1697
1.8235
0
0
0
0
0
0
0
9e-04
0.6473
0.0028
0.2538
0.18
10.0558
0
0
7.0791
5.1411
0.6564
12.5334
2.7203
0
0
0
0
2.3182
7.0605
0
0
0
0
0
0
3.5249
0
3.7568
2.1282
4.7166
0.0659
0
12.1668
0.3261
0
17.0527
10.8875
13.2275
0
0.036
0
0
0
0.0361
0
0
2.5785
0.4808
0
0
0
0
0
0
0
0
0
0
14.0265
3.6613
0
0
0.5199
2.0413
17.2775
8.866
0.1512
0.0956
0
0
0
39.3062
0.0832
0
0
0
0
0
4.4269
0.1353
0
0
0
0
0
0.0422
0
0.3023
0
0
0.1981
0
0.0709
10.8737
0
0
0
0.7307
0.1596
18.7737
1.2665
5e-04
0
3.1115
0.0721
0.1436
0
0
0
1.1239
6.1053
1.2108
6e-04
0
0
11.5395
16.9656
0.0348
0
0.0111
0.6062
3.7856
0.386
0
3.6638
0
2.2672
11.8473
0.3356
0.3908
0.1416
2.2538
1.7529
0
0
0.8862
0.0715
1.1217
0.5078
0
0.1906
0
0
0
0
0
1.3961
0
0.8259
5.5528
0
0
0.1823
2.0829
19.542
3.9148
0.8499
0.1583
0
0.0515
7.1637
0
0
0.2508
0.0012
7.7236
7.6793
3.2176
4.7441
4e-04
0.748
0.8255
2.1929
0
0
0
0.0854
0
0
0
0
0
0
0
0
0
0.4153
0
0
0.2703
0.0702
0
1.845
0
1.5174
3.2276
0.1825
0.455
0.5238
8e-04
0.0295
3.6262
1.0865
0
0.1143
0
0.1445
0.6148
0
0.0892
0
0
0.0026
0
2.4297
0.1802
0.9503
0
0
17.9225
4.3432
1.3395
0.0504
0
0
0
0
0.9552
0
9e-04
5.243
1.0267
0
0.0803
3.9236
0
0
0.675
20.7478
0
0
0
0
0
1.2479
1.178
6.6106
0
0
0
0.9224
6.3779
0
0
13.5321
0
0.2558
1.3993
0
0
12.5471
21.6384
0
14.0874
0.2245
0
0
0
0
0
0
0
0
0.49
0.4949
0.8339
0.8598
3.7026
0.1507
0
0
0
0.7988
0
0
1.3336
0.3317
5.2256
12.3544
0.1524
0.1362
17.7141
0.0786
9.7339
15.5614
21.4289
12.4469
2.9173
6.7335
0.4193
0
4.4662
0.2362
0.158
0.1214
0
11.292
0.1349
0
0
0.0495
0
0.0384
0.9691
3.0224
0.2642
0.4031
16.1424
0
0
5.4046
1.1085
8e-04
0.2845
1.6995
23.6312
0.1023
0.0204
4.3967
33.5102
2.1596
3.7915
0.7187
0
2.3474
0.1775
1.8097
0
0
0
0
0
0
7.1666
5.3921
4e-04
1.2091
5.4789
18.2833
0.7402
0
2.9244
3.0068
0.8662
22.4773
27.3329
16.3316
5.2756
3.6673
0.1688
0.3366
0.2505
0.3631
0.2741
0.0094
0.3531
0
0.3142
33.4609
2.9669
1.5809
0
0
0
22.5734
2.4598
0
0
0
0.1817
16.5355
10.546
8.6094
3.1402
2.2852
5.7384
0.8038
1e-04
0.0447
0
0.1235
0
0
6.5993
4.3942
2.9017
0.0442
0.0369
0
0
4.0752
0
0
0
2.2134
6.8889
0
0.0554
2.5444
3.9944
42.4492
2.8176
0.7985
0
0
0
0
0
0
0.2202
0.039
0
0
1.354
4.877
0.0217
0
0
23.0791
0.0826
0
15.6373
1.1473
0.5425
4.515
0.5402
35.0663
1.6047
2.0161
0.7606
0.2206
0
1.2916
4.802
0
0
0
0
0
2.0252
0
0
0
19.8391
5.8549
0.6467
0.3732
0
0
0
0
0.5851
0
0
3.4109
18.4001
0.3709
1.5268
2.0211
0.0388
0
2.8567
0.1243
6e-04
0.1364
0.0323
0.1787
0
0
0
0
3.9407
7.4748
1.4027
0
1.8146
0.6119
1.8636
4.7175
5.041
0
0
0
0
5.114
0
0
18.3438
14.8415
0.08
0.0216
0
0
0
0
11.8052
0.9804
4e-04
0.1423
0.7854
11.3347
0.6169
0.067
0
6.5999
0
2.9418
0.1569
0.1424
0.3321
1.4929
0
0
18.8093
2.0369
1.3957
0
0
0
3.9705
11.4877
0
0.0442
3.717
1.7402
20.2957
3.372
0.1685
0
0
0
0
0
0.0806
0.1638
0.872
0.9029
0
2.341
0
0.1755
0
0
4e-04
1.0319
0.7496
0.2567
4.3501
4.0161
0.0304
0.0248
0.3275
0
0
0
6.578
0
1.681
1.1712
0.0032
0.1565
0
0
0
0
0
0
0
0
0
0
0
2.8414
1.1629
0
0.5572
1.1516
0
0
0
0
0
5.7455
0.5005
0
6.9462
7.6853
0.0016
0.7833
0.4619
0.0826
0
0.3817
0.1578
0
1.5209
0
2.8999
1.0476
2.0248
1.1421
5.8427
4e-04
1.0364
0
3.045
3.3365
8.215
5.011
0
1.1926
20.6396
3.7357
2.5335
7.0603
0.2803
0.5593
0
0
0
2.9526
0
0
0.0758
2.5207
5.4026
2.9117
0
0
2.1669
0.3118
0.0353
0.148
3.5025
0.9948
2.3795
6e-04
4.6372
0.73
0.9793
0
0
6.1813
3.9273
21.1687
6e-04
0
0.0563
0
9.084
0
0
2.0687
2.1274
3.8698
1.6663
6.6915
8.9004
0.0214
4.0606
9.0048
2.9549
0.7791
38.4367
9.5314
7e-04
6.7722
0.2233
0.0135
0.0014
0.2034
0
1.2584
26.5146
0.3562
2.649
0.0449
0
0
0
0
0
4.5223
12.0721
35.634
4.9906
0
15.4456
0.9919
3.7955
6.4793
1.0706
0.1728
0
0
0.3321
0
1.9663
6.7635
0.0137
0
7.9214
0.0357
0
0
0
0
5.4224
0.4695
0.559
6.3401
0
0
0
0.5567
5.2358
0.0914
0.0482
2.4843
0.0167
8.2331
6.5525
0.1365
2.407
0.0122
7.3042
3.9013
0
5.0949
3.3687
3.3756
0
0
0.5895
14.2265
0.3147
0
0
11.7162
1.0977
0
1.6463
0
0
0
0
0
0
0
4.7453
0.0151
0
5.7769
13.6728
14.7337
0.1873
0.6387
0
0
0
1.432
11.7187
5.7
7.7258
0.0465
0
0.0648
0
1.5336
0.5525
0.2039
0
1.0125
22.7502
4.1242
0
0
0.0503
0.0646
2e-04
0
4.1203
7.6925
0.0484
0
0
0
0
0
0
0
0
0
0
0.4428
0.0327
0
1.3515
0
0
0
0
0
0
0
0
0
0.0036
5.6574
0.0458
13.3296
3.5843
0.0122
11.4828
1.4895
0.404
0.1653
0
4.0756
4.5742
0
0
0
0.0535
9.4283
1.6754
0
9e-04
16.9701
0.3571
16.0349
0.1414
0
0
0
0
0
0.1329
0.155
0
0
0
3.4624
4.2734
0.6128
13.4999
2.2813
0.2226
1.8912
0
13.9406
5.7882
0.0759
0.1517
1.4253
0.6917
5.6118
7.5949
0
0
0
0
1.6821
6.9585
2.0729
1.6235
2.6081
1.6364
1.0103
2.2769
0.7798
0.0025
0.001
0.3187
0.1138
0.8839
0
0
8.3014
21.8501
0
0
0.1185
0.2531
0
0
0
3.7672
0
4.1541
16.0445
3.3811
21.9
15.4955
0.0228
7.434
0.0069
0
12.883
27.5647
9.6312
6.1983
0
0.7051
0
0
1.5356
0.2268
1e-04
7.8005
0.3206
8e-04
0
0.001
0
0
1.542
0.7795
0.0543
0
0.0062
0.0684
0
0
0
5.2611
6.2686
5.0677
0.4067
0
0
0.2757
2.3666
0.0372
8.8138
0.0379
0.022
0.0462
4.4525
3.8261
0.3818
0.0682
0.0729
0.0167
0.1324
0
4.4275
1.5984
0.1371
1.4318
0
0
0
0.9405
0
0.3138
0.1263
2.4481
1.325
0
0
0
0
0
0
3.3064
1.5582
0
0
7.5703
0.1705
3.2297
1.3789
0.5123
1.9673
0
0
0
0.6132
25.232
1.9968
0
0
0
2.9559
0
0.0039
0
0
2.9653
0
0
0
0
3.1054
0
2.95
8.9834
2.7872
8.15
26.3367
9.6576
3.6261
11.4983
2.82
0.2437
0.4212
2.5253
0.0899
0
0
0
0
0
0
0
0.0498
1.0549
2.2638
1.0368
1.6751
11.3092
0
0
0
0
4.9358
1.8785
7e-04
0.9912
7.6812
2.0381
0
0
0.115
5.1851
0
1.6564
0.0415
0.1609
0
0.5749
0
0
5.0926
0
0.5219
7.3706
1.7934
0.0175
0.0902
0.5063
0.2418
0.7064
3.1134
4.3048
0
0
0
0
2.9677
0
0
5.2723
3.3949
0
2.4953
8.1794
7.9102
5.6021
0
0.1434
0
4.7
0
0.0029
1.0351
0.8087
0
3e-04
5.5834
8.8284
10.1522
1.3913
15.965
3.267
0.8843
8.7016
0
25.6838
2.5619
0
2.3302
5.2055
4.1404
38.9631
0.0062
1.8915
0
0
6e-04
1.7607
1.7613
1e-04
3.6036
0
0
0
0
12.929
0.0184
0.0756
4.6932
10.8202
0.8178
0.024
0
0.2099
1.4856
3.4547
0.1486
0
0
0
0
0.0012
3.9944
0.0512
0
32.8582
21.95
0.0075
0
0
0
0
0
0
10.1935
1.7688
0.0012
0
0
0.2937
0.6793
1.1771
22.7949
1.8823
0.3312
0
0
0
0.0917
22.8273
2.1954
4.895
35.8901
0
0
5.523
0.1418
0
0
0
0
0
0
7.0936
7.1383
0.1465
0.5001
0.7659
0
0
0.2721
0
0
0.3649
0.5493
0
1.5701
1.1416
6.1746
0.3104
22.7149
8.321
0.3519
0
0
0
0
0
4.7912
0.0074
0
0
0
3.7461
0
0.94
4.1719
0.062
0
0
0.7888
0
19.1468
2.4418
0.001
0
0
0
0
0.0498
1.0713
1.4461
0
0.0926
1.5955
0.2499
13.9869
0.0738
0.2082
0.2992
0
5.3707
0
0
0.0422
0.8065
3.195
0
0.1006
0.0269
0
0.4765
7.7274
0.0871
0
0
0
0
0
0
0
0
13.2999
1.0058
0
6.0635
5.9949
0
5.0073
0.0052
20.5242
1.9308
0.2356
1.5479
0.2691
0
0
0
0.2966
1.8143
0
4.4888
2.1524
0
0
8.8745
15.8527
0
0
2.3991
0
0.1775
0.7056
0.553
0
0
0
6.1074
0.154
0.0953
0
4.6342
8.9917
16.8756
2.8962
0.1885
0.0345
0.2813
0.0112
0.0011
0.0033
0
0
0
0.008
7.8159
6.5593
0.0292
0.0305
0
0
0
0
0
0
0
0.4444
0.3138
0.0074
1.9607
0.0594
0
0
0.0342
0
0.0718
5.8483
2.5993
0.5992
16.1469
9.4914
0.5853
1e-04
0.394
0.8811
0
0
0
0
0
0
0.4409
0.3233
0.402
0
0.4197
0
0
1.1059
6.827
0.5703
9.135
0
0.0582
0
12.1052
0.0383
0
0
0
1.3762
0.002
6.1035
0.0497
0.0491
5.1327
0
0
0
2.3982
6.8768
3.1361
2.8836
3.4329
0
0
0
0.2699
0.0305
0.1321
8.6841
1.8646
1e-04
0
0
0
0
0
3.8906
15.2917
8.2301
9.1354
6.8383
15.4874
9.5847
2.8132
11.4981
1.3315
0.0242
1.1141
0
0
4e-04
21.2483
15.1865
2.494
0
0
1.7919
0.6288
5.8662
16.5078
1.787
1.5108
0.4145
0
5.9225
1.3493
2.546
0
0
0
0
0
0
0
0
0.1726
13.4339
10.6727
8.9434
88.6117
0.7266
0.0013
0
1.2843
0.2072
2.2021
0.7386
0
0
6.2721
4.8275
12.6594
2.104
0
0
0
0
9.6396
4.2459
20.4221
2.6694
16.9993
3.4866
0
0
0
0
0.1916
0.044
6.9504
0.0454
0
0
0.4652
2.21
24.0853
0.0379
6.7624
0.4953
4.8109
0
7.2304
0.2115
0
0
0.4614
0
0
0
0
0
0
2.9769
1.7698
0
0
0.0108
4.3152
0
0
0
0
4.1995
8e-04
0.1534
14.8925
5.061
27.8721
0
0.2082
0.688
3.3173
0.1078
0.0409
3e-04
4.8984
0.0302
0
0.8445
0
0
13.1323
10.7643
0.0495
0.3497
0
0
5.529
11.0964
0.1416
0
0.2599
2.1947
1.0295
0
0
2.0414
11.7789
5e-04
9.7945
4.9873
2.2924
0.8775
2.4872
0.0311
0
0
0.0446
0
0
13.648
1.0941
0.005
0
0
1.6808
51.9363
0.2165
2.2578
6.6571
0
1.0897
0.1996
0.2503
0
1.3351
18.1823
12.9994
0.0591
0
2.3065
0.3868
0
0
0
0
0
6.1467
0.0212
0.375
0
5.3928
0.4275
0
0
8.1767
22.9111
1.7096
0
1.6771
0.7351
0
0
0
0
0
0
0
0
0.462
17.586
54.8776
0
0
0
0
0
1.6014
0
0
0
0
2.5637
4.9488
0
0.2811
0
0.2644
5.8529
0
0.4598
2.4419
13.0228
1.8966
0.0048
8.7654
5.0754
0
0
0
1.0132
6.8867
6.9404
0
0
0.7389
24.8853
21.718
1.989
1.3869
1e-04
0.0975
0
1.576
20.3693
7.1222
26.7217
0.1457
0.1614
0
0.2295
0.0297
0.7706
0.262
0.026
0.4155
0.8683
0
0
0.6531
0.3675
1.2099
0.0064
0.0012
0.0383
0
0
0
0.4254
0.2127
0
0
0
0
0.9599
9.3609
12.7091
0
0
0.567
0.6395
0.0469
1.1568
0.091
0.0708
0
0
5.3693
0.3994
0.2213
0
17.8364
9.1342
5e-04
1e-04
0
0
4.4683
0
0
0.5442
0
0
0
5.7535
28.5886
5e-04
0.3404
0
4.6865
0.0765
0.5959
5.6385
10.3386
1.6156
0.0045
0.1248
0.3081
0.0627
0
0.0147
0.7171
5.5712
0
0.0489
0.5664
0.6465
0.263
1.0717
1e-04
0
0
11.9816
7.5242
0.0828
1.3318
2.2546
0
0
0
0
0
0
0
0.3005
0.0183
21.513
17.9881
9.2342
1.0901
1.6774
0.2988
15.9985
5.9477
0
0
0
0
0
0
0.6549
0.8892
0
0
0
0
0
14.1774
1.1492
0.0821
0.0256
0.0532
0
0
0
0
0.598
8.9954
0.4024
0.0329
3e-04
0.0424
0.0037
3.3554
5.8107
16.6834
10.0582
1.8077
1.1673
0
10.5095
0.0818
0
0
0
0
2e-04
0
0
2.679
0.0467
11.4302
0
3.2444
0.0191
0
0.81
0
0
3e-04
9.0305
0.1028
0
0
0
0
0.1117
9.4526
0.432
0
0
0
2.1221
4.4308
0
0.4868
0.1518
2.7962
0.5841
2.5833
0.0283
22.3713
0.1089
0
0
0
0.8059
2.9923
2.1449
34.0686
0.5006
0.2805
0.059
0
0
0.4998
0.0394
0.0019
23.5676
2.0148
11.6377
9.4407
29.3688
0.6342
0
0.165
0.0242
0.0253
0.9357
8.7739
0
0.0096
16.1857
110.0365
15.3476
1.7177
0.7481
0.0282
4.2694
1.5982
0.2074
0
0.2929
0.5303
0
0.0596
0
0.0383
0
0.0296
0
2.2929
9.095
34.5078
0.7401
12.5811
8e-04
5.7569
0.1227
0
0
0
0.0429
0
0
0
0
8e-04
0.0289
0.4858
16.7784
2.1397
0.3311
0.0072
0
7.5358
2.4614
0.1953
6e-04
0
0.0962
3e-04
0.0341
0.0855
0.0334
4.7858
0.6763
2e-04
0
0.0907
2.8384
0.0915
1.9858
0.5911
0.039
0
1.0455
46.9635
1.1542
7e-04
1.2993
1.3719
0.0997
0
0
0
0.3305
0
0
0
0.3307
0
0
0
0.002
0.3818
0.3447
8e-04
1.2674
1.1662
3.2211
0.2264
19.7167
0.1299
0
1.0744
0.9838
2.2103
0.0684
0
5.2284
24.5517
0.05
0
0
21.5725
0
0.2562
0.1555
0
3.3926
0
0.5342
1.1762
3.6724
0.3656
0.4043
0.5156
8.5092
0
8.2285
27.4871
3.0691
0
14.3301
2.2198
0.888
0
0
0
0
0
4.5578
0
0
1.1256
0
2.041
0.9856
0.0013
0
1.0074
0.164
0
8.6222
27.4035
1.32
1.3844
0
1.4424
1.7229
2.3091
0
0.1289
0.1645
0
0
0
0.7565
0
0.5463
0
0.8689
0.7604
0.0924
0.6163
3.2266
0
6.9762
0
0
2.9231
31.5576
50.0389
0.4619
0.4273
0.6176
0.9931
0
5.7391
2.0357
0.2435
0
4e-04
8.496
3.0455
0.2162
0.4344
0.0716
4.4113
0.5285
0
0
14.1948
0.9844
0.6978
2.6269
0.1878
0
3.0902
21.2985
19.572
0.4105
3.0638
13.8276
0.0856
0.1643
0.0344
0
0
2.9191
0
0
0.0706
4.7437
28.5059
0.7356
0.986
3.9406
0
0
0
0
5.537
18.9089
0
0.1879
3.1229
4.8731
0
0.4577
16.8605
1e-04
0
0
0
0.6726
1.1081
11.5194
3.9049
2.713
0
0.1297
0
0
0
0.6466
4.5303
0
0
0
0
3.9523
2.056
0
3.3734
5.7085
0.0305
0
18.1095
10.8164
0
1.9928
2.0838
5.2359
7.5601
0.6807
2.7224
15.5645
1.4257
0.0192
5.6627
0.2029
4.442
0.9456
8.3824
0.8993
0
0.154
0.4454
0
0.0024
0
0.9098
0.2547
0.135
0
0
16.1555
1.0105
0
22.982
7.9277
0.4727
0
0.4534
1.9805
0.8559
23.6596
0
0
15.3302
3.8401
0.0015
5.3189
0.3274
0.1664
0.1311
0.035
5.7155
13.1148
2.2401
0.0048
1.0684
34.5029
4.7943
16.8288
1.5408
2.0042
0.0092
2.755
34.3984
0.1977
1.5143
2.2744
0
17.0827
8.8402
0
2.3268
6.1822
4.2907
2e-04
1.9521
0
2.7736
0.9734
2.6747
7.485
3.4043
1.4209
1.2895
0
2.1254
1.5712
0
1.3043
0.6418
2.0285
0
2.1713
1.8652
0.3093
1.1144
1.4613
0.9328
2.0362
1.4906
0.4694
4.8954
1.3142
1.2414
0.0081
1.6268
3.6893
0.3627
0.5248
2.126
0.4159
0.9379
1.8216
0
0.9215
5.464
2.6604
0
0.4842
0.7572
0.5037
0.213
0
0
0
0
0.6048
6.5865
0.0852
3.6039
0
9.5059
0.8279
0.8277
58.5578
22.9663
2.7144
0.9252
3e-04
0
1.6556
0
0.8826
0.8871
0.8566
0.9389
0
0
1.0782
0.4668
1.4338
0.0048
10.623
1.145
0.5982
1.2472
2.5288
0.0718
0.8136
0.8053
5.5921
0.4338
0.8362
0.9949
1.6079
0.9814
0
4.1534
19.5077
0.9075
2.535
0.7861
0
2.1359
0.6984
1.2175
6.9973
2.6187
1.6563
3.0861
1.2027
1.5626
0.8455
0.4171
1.2509
0
1.6339
0.7917
0.8046
0
4.0889
1.4885
0.7163
2.7027
0
2.616
11.8592
3.8616
25.8331
3.9294
1.9182
2.8241
0
0.053
1.7356
0.2018
0
2.5331
1.9627
0.0411
0
0
1.0821
7.0789
5.3431
2.8821
0.1198
1.5345
1.4131
1.1127
0.3318
1.0983
20.9125
8.8222
0
0.4078
0.003
4.325
2.9325
1.3899
2.2604
0
31.4715
0
0.2168
0
1.2106
19.184
0
10.2666
4.4072
5.3429
0
0
0.6986
0
0
0
0.4214
0.0045
1.6767
1.5776
0.4277
2.1341
10.4263
0.5111
1.7887
1.8182
3.4337
0
0.0824
0.3145
0.5595
0
3e-04
0
0
0
0
0.0412
0
1.4722
18.0071
0
0.0011
0
0
0
0.161
0.7048
0
0
0
0.0355
0
3.1748
29.2994
12.0027
0
0.5761
0.9919
0.03
0
7.438
0.3875
0.372
2.3195
0.5721
0.1584
0
0
0.7691
7.8539
0
0.1049
0.2803
0
0
0
0
1.0036
53.0571
2.6515
12.0197
6.7141
0
0
0
0
0
0
0.9948
1.5721
0
0
0
0
0.0232
1.7701
0.1249
0.0928
0
7.1604
0.6554
0.0296
1.0678
0.4179
10.6235
0
1.6236
13.9293
0.2666
0
0
2.9234
0.0384
0
4.2418
15.5988
1.8611
0.3652
0
0
2.0651
16.4054
2.2265
1.6003
0
0
0
0
0
8.3978
1.0198
14.6085
2.274
2.5078
0
0
0
5.1643
2.3414
5.185
1.0426
0.0529
0.1976
0
4.7701
16.6727
0.2141
3.7513
0
0
0
0
0
0
0
0
0
5.7276
32.4005
8.3265
0.1034
0.0556
0.0035
5.1153
6.0238
4.3831
0
0
0
0
1.8975
0.0535
0.6467
5.5571
0.1282
0.7818
0.2033
0
0.118
10.6846
0.2083
27.1031
10.2799
0.0081
0
0
0.1972
11.0647
5.3161
0
0.635
0.4232
0
0.1767
1.4926
0.0853
0
0
0
0
0
0
0
12.7919
0
0.2881
0
0
0
1.9583
0
0.1561
0
1.9243
8.0367
15.244
1.7653
5.4799
0.0286
0.5121
0.215
18.0203
0.168
14.8193
0.1382
3.1013
0
0.0015
0.1506
0
0
3.2295
0
2.4085
7.1923
0.8845
0
0
0
0
8.5263
0.0672
0.004
13.7278
0
3.0913
0.0754
0
0
0
0.3478
23.7287
4.1828
0
0
0
0
0
0
0
0.0258
2.5161
12.6417
0.2666
0
0
0
0
0
0.9431
0
0
0
0
0.1107
4.3475
0
0.4136
0.2674
0.2462
2.0779
2.5848
9.2593
0.6041
0.1106
1.3939
26.6275
0.0843
0.0381
0
0.0708
4.1418
1.7979
13.5246
1.8895
0
0.1668
0.0028
1.2021
3.3938
2.6896
0.2666
0
0
0
0
0
10.951
0.3381
0
0.0984
0.9235
8.0924
0.4001
0
14.4945
0
0
0
0.2439
0.4847
0
0
0
0
0.0127
0.0211
0
0
0
0
0.6546
0.0225
0.1019
3.5146
0.0759
8e-04
0
0.3361
0
0.4624
1.4142
1.7687
0
1.0456
4.7567
0
7.2468
7.0983
0
0
0
0
0.4815
13.5192
0
0
0
8.4448
8e-04
0.2845
0
0
0.2334
2.707
0.1865
0.7551
0.5825
0.4963
0.0206
12.0957
0.8799
1.0626
1.8961
0.0365
0.03
1.7864
0.2867
0.1855
0
1.9908
0.3447
0.0104
4.5134
4e-04
0.251
0
1.6028
0.0146
0
0
0
0
0
0
2e-04
0
0
0.4439
0
10.9198
3.4599
0.6024
0
1.7439
0
0
0
0
0.073
0.1259
0
1.3762
6.7899
0
0.0145
8.5789
4.2505
0.0011
0.1921
2e-04
0
0.2086
2.6396
1.2305
0
0
0
0.0133
5.6688
0
1.0199
1.3891
5.2118
2.2663
0.2036
0.0049
0
0
0
0
0
0
0
0
0.358
0.0926
1.9317
7.1835
7.2184
1.0639
0
0
0
0
0
0
11.7348
0.4496
0
6.3658
1.2618
0
11.6434
3.7968
0
0
0
0
0
0
0.6651
0.1452
8.433
16.8057
0.0396
0
0
0
2.3106
0.0234
0
0.9251
0.0814
0
0
0
0
0
0.2427
4.342
25.2849
12.1811
0
0
0
0
3.1496
4.1855
3.331
2.9434
2.7469
1.5659
1.0473
6.742
0.3118
0
20.8717
8.3995
0.5661
9.7296
0.0464
0.1101
17.1915
4.7884
0.002
0.0511
6.9423
1.1551
0.1702
0
0
0
0.262
6.4622
0.1537
0
24.0339
8.5543
1.1066
0.2605
3.7017
11.3628
13.36
0.4076
0.6333
17.6855
0
3.0074
2.3116
27.9026
4.3339
4.6554
0.3962
0.3745
0
0.6777
0
0.0069
7.9049
13.22
3.3815
0.0019
0.9478
15.5197
15.9262
0
0
0
0
0
0
0
0
0
1.6952
25.5346
0.3025
0.2662
2.6075
0.7084
0.0849
0
3.1465
0.0047
2.5971
4.8685
0.0961
0.013
0.7714
11.774
20.5917
17.4008
0.0244
0
2.3746
0.3758
0
0
0
0
2.4723
0.6013
12.8135
0.6348
0
0
0
0.5966
16.747
0.4353
0
11.3507
5.1198
4.033
0
0
0
0
22.0793
0.2196
0.4827
1.0476
0.3223
0
0
0
0
0
0
0
0.1782
1.0911
0.4478
0
0.0348
0.8663
0
0
0
6.1267
0.0086
0.6837
0
0
21.1341
0.2173
0.032
0.5181
0.0861
0
0.3571
1.578
0
0
0
1.4371
33.1035
0.0055
7e-04
0
8.1194
14.4999
9.5939
2.1337
0.9424
1e-04
0
0
0
0.066
0
0.3933
12.2168
0.0278
0
0
0.3068
0.0017
4e-04
0.3259
0
1e-04
2.1456
0.2402
14.0629
3e-04
0
5e-04
0
1e-04
0.0274
0
0.6827
1.19
2.4237
0.0887
2e-04
0
0
0
0.0657
0
0.0756
0.3678
0
12.5174
9.0482
0.1133
0.0611
0
0
4.219
4.0507
0.0101
34.2506
8.8448
0
0
0
19.2447
1.1144
0.0233
0.111
0
0.2488
0.0628
0.8597
0.1195
0
0.6974
0
15.1272
0.3746
0
0
1e-04
0.0411
0
0
0
0.0283
0.3727
2e-04
0
0.1742
0.7067
0.0019
0
0
0.876
0.0616
4.3982
0
0
0
0
4.5746
0
2.6454
0.1509
0
10.8336
0.5942
0
1.056
0.1349
0
0
1.8361
0.7294
3.3197
0.2986
0.0209
0.1835
0.9858
0.0209
0.0213
1.2142
1.1489
0.3678
0.2718
0
9.3747
9.6182
0
0.3366
1.7157
0.0519
0.4602
0
0
0
0
0.5116
0.2797
0
0
0
0
0
0
3.0788
11.1858
2.2822
0
1.7637
8.721
0.0731
0
53.7415
0
0
0
3.7457
24.8548
6.7101
0
0.0428
19.0971
4.8365
6.3373
0.047
0
0
6.0612
0.5093
0
0
0
0.0873
1.5194
1.1012
6.6295
0
0
0
0
0
0
3.1267
0.2507
0
1.9454
0.477
27.2685
0.2592
0.3125
1e-04
12.3814
0
1e-04
2.9462
0
0
1e-04
0.1057
9.7005
0.9483
4.4212
15.3691
12.2443
0
8.5749
10.9302
3.5899
31.4337
8.0564
4.2865
3.9481
1.4909
0
1.9562
9.045
19.0799
1e-04
0.0425
1.0573
2.8272
0.0168
1e-04
2.0876
0.0991
4.2023
1.2353
17.2676
3.869
9.7172
5.6695
4.7349
0.942
0.2822
0
1.0353
5.7928
5.2846
27.7807
38.2984
5.6495
0
10.244
0.9507
0
0
0
0
0
3.3413
0
4.8537
0
3.2355
12.0995
3.1703
0.6782
0.0283
0
0.001
4.7382
0.5565
1.6792
14.8843
1.7265
0.2195
9.2992
4.8714
3.6486
0.0127
0.0235
0
0
0
0
0
8.5598
0.0012
0
0
0.9464
0.0818
1.199
0.0028
0
15.1901
6e-04
0.0322
0
0
0
0
13.2835
3.283
0.03
0
7.0501
55.1501
10.3169
0.5558
0.0345
0
4.2775
3.9486
4.803
0
1.7473
9.4873
6.0963
0.4538
0.0382
2.0799
14.3597
0.0087
8.5598
3.1516
0
0
0.1215
17.6146
6.8797
0.2392
5e-04
1e-04
0.9331
0.0593
4.8135
0
0.338
16.6122
14.9169
0
0
0.0225
0.0218
0.0069
0.2486
2.5585
0.0183
0.1241
17.263
0.8008
0
15.0623
23.1176
8.7818
3.402
1.3004
0.2206
1e-04
0
5.3206
0
0.1354
0
8.8032
0.4078
14.493
0.9965
20.9911
0.0113
0.1766
32.4138
2.3391
1.6299
7.9191
5.3087
10.9505
0.9019
3.6389
0.6519
0
0
0
0
0
0
0.2023
4.8602
0.1198
1.8785
0.3548
3.0046
0
1.7316
36.763
18.6198
2.2099
0
0.0197
3.2514
1.8153
6.6839
10.285
0.0264
0.4248
0.4051
1.4035
0.323
0
0
2e-04
0
0
0.6957
5e-04
3.7238
0
0
0.0438
0
21.1852
10.2188
0
1e-04
0
0.5864
0.0264
3.5232
29.2263
7.5731
0.0772
0
0
10.8921
13.3949
30.4969
2.9705
0
0
0
3.4617
22.6087
7.8881
0.1029
0.0144
0.4403
0.01
0
0
0.2387
4.5886
9.3686
0
1.5175
0.4238
1e-04
3.6531
20.0413
0.6551
3.2816
0.0059
0
0
9.7527
0.9757
0.2698
4.4397
1.4189
0.418
1.486
0.8383
0
0
0
0
0.0261
0
0
5.2123
1.9457
2.0161
0.9365
0.4046
0.0088
18.3555
0.0153
1.2885
0
6.9519
0.6807
9.7095
0
0.2608
6.1726
14.1851
5.332
0.4858
0
0
2.9457
0
0
3.4561
0.6259
0
0
0.1724
0
0.2072
6.7286
0
0
2.3238
0
0.8591
0
0.36
0
0
2.3566
1.5835
1.5727
12.7453
0.4128
0
0
0
17.9279
1.56
13.5415
0.0163
3.9695
4.228
0
0
3.4469
0
0.1297
0
5.7127
10.2215
9e-04
7.9272
29.6494
0.1786
12.0219
1.7496
0
0
0
0.8194
9.5221
0
0
0
0
0
1.5306
0.5144
0.0146
0
6.0482
0
0
0
0.0119
0
0
0
0
0
0.0017
6.2515
0.4929
0
0
0
0
0.0465
7.646
0
0
0
0.5288
3.46
0
3.489
0
1.2205
11.6291
1.3708
0.0391
16.6142
0.1512
0.0149
19.279
10.4901
2.4698
2.601
0
0
0
0
0
8e-04
0
0
0
0
15.4158
0.0138
0
0
0.3827
2.3364
0.3466
0.0161
4.1939
0
0
12.1453
0.0188
0.0013
0
2.8685
0
0
0
0
0
1.6003
0.0234
0
0
0
0.0177
8.8409
22.6988
0
0
0
3.2332
0
0
0
0
0
0
1.4349
9.0925
12.5203
4.6981
1.1966
0.0389
1.8266
0.6199
0.036
0.0133
0.0058
0.2202
0
0
0
0
3.2406
0.2234
0
0.0016
10.4558
5.4568
0
0
0.0607
0.3171
0
1.0912
1.3817
15.108
0.002
0
2e-04
0
0
0
0
24.5072
0
0
0.0061
1.3009
23.2142
2.6347
0.1238
0.7084
17.5079
0.6055
0.2401
0.2165
0
0.0614
0.1306
3.3112
0.0107
0
0
0
0
26.7666
1.0288
0
0
0
5.4692
8.107
0.0081
6.301
0.2005
1e-04
19.9529
28.3439
0.3602
0
0
0
0
3.083
0.6838
0.0039
1e-04
15.5268
0.0204
0
3.2938
20.7953
0.018
0
1.2012
11.1804
2.1201
0.0145
0
0
0
7.6612
2.7335
0
7.2869
11.3099
0.04
2e-04
0
0.1186
0.001
0
1.5628
2.6304
0.4046
0
1.8933
2.8661
3.9019
1.7977
0.6619
0
3.8109
0.3911
0
7.7648
10.7765
10.2593
24.2564
51.2975
6.3607
0.7049
0.0073
0
0
0
0
0
0
0
3.1268
1.5579
10.6979
0
0
0
0
0
0
0
0
0
0
0.3694
0.0099
9e-04
0
4e-04
0
0
0
0
5.7857
0
7.1793
0.3803
0
0.1927
5.6681
5.5599
6.9368
0.0175
0.1606
0.1898
0
0.9524
0
0
4.0019
1.083
12.0146
4.9534
0.1232
0.2877
1.6
0.0092
9.6557
22.0832
0
8.9747
0.4806
1.6718
0.3691
0
0
0
0
0.0037
0
0
0
1e-04
11.4682
0
24.3784
4.6825
0
0
0
0
0
0
0.3578
1.0982
0
10.7521
1.1952
0.5455
0.3467
5.2439
1.9093
8.5702
0.4489
0
2.4849
4.2727
2.4349
0
0.7988
0
4.8848
0
0
0
0
0
0
0.0558
0.0189
0.004
0
2.776
0.0141
0
4.1699
0
0
0
25.9853
16.6625
2.219
0.5384
0.8065
0.2278
0
0.003
0.048
0
4e-04
0
0
13.3777
0.0525
2e-04
0
0
2.8911
0
4.0424
0.1713
0
0
0
0
0.5765
8.3738
0.9093
0
0
0
0
0
0
0
0
0
0
0
0
0.0164
0.5342
16.1002
31.7514
17.3703
0.2156
0
0
8.6404
0.4708
0.0052
6.3576
0.1463
0
0
0.0432
23.9714
0.5626
0
0
10.1481
2.8372
0
0
0
0
0
0
0
0
0
0
5.8031
3.5724
2.4907
0
0
0.0456
0.0389
0.5379
0.2308
0
0
0
0.2765
7.1906
0.4237
0.036
0
3.1648
10.4173
8e-04
0.2808
11.5001
3.9349
13.0858
0.0013
0
0
1.0238
0
0
0
12.5016
9.6192
0.5028
27.9659
0
1.5266
8.249
0.0073
0.0011
0
0
0
0.0068
0.189
1.5652
3.1768
6.3136
13.0449
14.5948
5.7478
3e-04
27.8706
0.033
1.1641
13.4437
7.02
10.7726
1.0524
17.3936
37.8676
38.8935
0
0
0
0
0
2.8338
0.54
0.0804
1.4736
54.1388
0.154
5.099
0.0381
0
0
0
11.5662
0
2.0669
0
0.0219
7.4915
0.3586
10.7726
0.083
0
0
21.1771
0.0234
3.991
0
0.1215
0
2.8578
0
0
0
0
0
0
0
0
1.3275
9.2795
0.0437
0
0
11.3138
7.3189
0.0077
0
22.5369
0.2661
0.2108
0
0
0
0
0.2501
0.6746
0.4312
0
0.7926
3.8416
4.4722
0
0.0476
1.4481
0
0
0
4.9932
32.1174
0.2086
0.0018
0
0
0
0
0
0.959
0.4218
0
0
2.5569
6.0955
18.7762
12.5003
17.2809
0.0034
0
0
0
0
0
0
0
6.4031
3.1118
0
3.544
0
0.2481
0.8845
0.2447
0.0921
0.0946
0
0.0376
0
0
0
11.8786
11.4127
5.1881
0.1893
0
0
2.3848
3.212
0.3533
0
0
1.703
6.4338
0
0
0
0
4.9908
11.9257
0
0
3.3439
2.2366
0.5053
0.676
0
1e-04
1.1963
0.0055
0
0
0
0
6e-04
1.5947
0.023
2.6102
0.7516
0.1651
0.4289
0
1.0207
1e-04
0.0107
1.9836
1.6193
0.2241
2.9476
0
0.5862
2.8626
27.2473
50.3257
0.2403
0
8e-04
0
0
0
0.0907
0.0031
0.0317
2.0285
9.8062
0
0
4.3032
4.9931
0
0
0.807
4.4657
10.2972
0
0.0037
0.0134
0
0.9008
2.2068
0
1.085
0.8532
2.0473
0.5329
0.5337
0
2.6135
1.6885
1.0766
0
0
0
0.5995
6.4009
14.7863
0
3.1358
13.9627
0
0
0
7.332
0
0
0
0
0
0
0.3129
0.6766
6.3133
0
18.7912
8.8107
0.0052
0.368
0
0.83
0.7306
4.8452
0
0
3.1827
0
0
0
0
0
1.1822
0.0514
0.5794
0.0014
18.6164
0
0.0214
0.0027
0
0
0
3.3699
0.0054
0.5513
0
0
0
2.1182
0.058
1.0516
4.2035
4.7241
2e-04
0
0.0229
0
29.9132
4.0473
0.0115
0
12.16
10.1506
0.0031
0
5.2852
0
0
4.624
15.5364
0
0
0
0
0
0
0.1799
0
0
7.0425
0.0394
0
7.6127
13.7438
15.6307
0.1754
0
0.6581
0.3501
0
0
8.4255
3e-04
0.1534
6.0252
0.0255
8.5944
7.2832
11.5432
22.6325
0.0882
1.4885
0.47
0
0.3601
0.8481
4.0306
0
0
0
0
0.1872
17.9854
0.1935
0.001
0
0
0.4327
3.0951
19.1285
1.4665
0
0
16.5881
0.0043
0.3041
3.0107
0.2882
0.1297
0
0
0.7161
0
5.1258
20.1315
11.9559
0.5411
0
16.4835
9.0387
20.0446
0.2638
0
1e-04
14.0192
0
1.0654
0.4006
0.1583
0
0
0
0.0018
18.9164
1.0798
0.0364
0
0
0.3904
1e-04
0.1979
0
0.0421
0
2.8847
0
0
0
13.4436
0
0
6.3481
2.2545
1.2095
0
2.2659
1.457
1.385
10.7017
0
0
0.4632
1.0522
0
0
0
0
17.1812
3.9967
0.1395
0
0
0
0.2919
0.0052
0.0301
4.9249
7e-04
9e-04
0
0
5e-04
8e-04
1e-04
0
0
0
0.2991
1.3437
2.3435
0.2674
0
0.0159
33.8131
2.1087
0
0
23.7288
36.8525
0.0291
0.63
0.2947
2.7663
3.5537
1e-04
0
0
0
3.748
6.314
3e-04
0
0
0
0
0
0
9.0154
0
0.154
10.1089
0.963
0.0082
2.4234
6.5128
0.5034
0.0685
0
0
0
2.0677
1.8476
7.1717
4.6294
0.0795
1.1874
0
3.0224
1.179
2.1732
0.0066
0.0354
1e-04
0
0
3.4901
0
0
5.9698
7.4807
0.0203
0
0.5228
2.0345
5.0182
4.2436
0
0
0
0.1079
0.8625
0
0
0
0.1666
6.4679
0.07
0
0
0
0.8661
2.4792
12.2922
0
0
0.2279
0.4837
0.0064
0
3.6546
0.0221
0
0
0.6003
13.8465
0
0
0.8474
4e-04
0
0
0
0
0
6.8369
0.2325
0
0
0
0
0
0.7638
5.0241
2.6739
0
4e-04
5.9731
0.0011
0
0.016
0
0
25.3184
9.5355
0.063
3.8382
0.4419
0
1.8942
0
0.6539
11.199
0.1197
0
0
0
0.399
0.2667
0.0302
3.2295
6.7321
0.0848
0
0
3.6569
4.0416
0
0
1.0435
3.1121
5e-04
12.1026
7.8472
0
7.998
0.8783
0
0
0
0.3113
0
0
1.3942
0
5.8467
0
0
0
0.9097
0.082
0.0436
6.0779
0.1073
0.0379
0.0093
0
1.5047
0
0
6.2887
0
3.0104
0.3321
0
0
0
0
0.1821
1.7096
0.602
0
4.8896
10.541
0
0.0011
0
0
0
0.059
0
0
0.1178
0.2348
2.9701
11.0486
0.2789
0.258
2e-04
6e-04
0.5788
0
4.8729
7.8489
1.129
0
0.7777
10.6094
2.1153
19.4533
4.2164
0.3458
0
6.274
0.8142
0
0.681
0.7164
0
3.7821
6.544
0
0.4704
0
0
2.1264
0.1123
0
0
0
11.991
0.0515
0
0
1.891
2.1963
0.2671
0
0
1.1208
0.0629
1.9846
0.2527
0
0
5.8696
2.545
0.2007
0.0435
0
0
4e-04
0
0
0
0
3.4859
13.0323
4.486
0.7907
5.2676
59.9697
9e-04
0
0
0
0.3219
0.0062
0.0802
8.0863
2.5395
1.609
8.0456
7.1066
1.6001
7.6618
8.2954
24.7195
0.5918
3.0111
3.0646
0.1848
0.0797
1.0774
0.337
0
3.5858
0.0678
38.1022
91.4578
11.9901
1.1772
5.1585
0
0
0
0
0
17.5407
0.1773
31.7104
0.7473
0
12.1303
0.9309
14.2077
1.1942
0.186
7.3605
0.244
1.1861
0
0.0591
0
0
0
0
0.0242
0
0
7.6763
0.4114
0
0
0.1117
17.7763
3.0267
0
0
0
0
0.099
11.0005
3.394
0.3242
0
0
0.6289
0.8167
3.108
11.5791
10.0252
3.1218
0
0
0.0905
3.7436
0
0
0
0
0.0211
1.6305
0.4256
0
0.0576
3.4048
57.2635
11.0729
0
0
0.0858
0.1386
0.1105
5.6524
12.3686
0.6058
0
8e-04
0
0
0
9.6843
0.2087
0
1e-04
0
0
0
0
0
0
1.1311
4.4031
2e-04
0
3.2444
4.5047
0
0
0
0
0.8102
0
0
0
0
0
0.0144
4.7667
0
0
0
0
0
0.001
0
4.4916
2.7413
0
0.0013
42.2421
1.1145
0
0.1579
2.4047
0
2e-04
0
0
7.1788
0
0
0
17.0784
0.3721
2.1813
4e-04
0
0
0.0021
0
5.8857
2.431
0
1.6604
0.0941
3e-04
0
0
2e-04
9.1547
7.4717
0
6e-04
0.9896
0.6349
0.8297
0
0
0
0
0
0
0
0
0.0046
2.2338
1.9526
0.3814
0
0.0138
0
0
0
5.462
3.6929
0.8004
7.917
0
5.0345
30.1325
21.394
4.818
0
0
0
0
0
0.0577
0
0
0
5.4951
1.1607
11.5006
0
5.6854
1.0155
2.3003
1.9558
3.1746
0.321
0
0
0.8718
0
0
0
0
0
0
0
0
0.3499
0
0
0.1378
0.2341
11.1183
0
0
0
0
2.4211
0.4051
1.2724
0.4679
0.0661
0.0284
0.0488
0.3115
0.6298
0.1539
0
0
0
0
0
0
36.0871
2.8688
0.1242
0
0
0.8735
7.3449
1.4791
1.0472
4.1507
1.3739
0.0863
0
0.0168
0.1108
21.467
2.9138
0
7.0628
12.6092
11.2135
0.2554
0
0
0
0
0
0
0
8.9041
7.4013
0
0
10.6695
0.0011
0
17.1487
3.6928
2.1324
0.7355
0.0174
0
8.7657
21.3819
1.123
7.8226
0.3999
5.2194
0
0
0
0
0
0
0
0
0
2.979
2.5028
0
0
0
12.8877
0.0018
7.4713
1.1413
6.2344
7.7813
18.9378
0
1.0929
2.7258
0
2.009
0.4344
1.1308
4.2502
0.3609
14.8762
10.9509
2.3179
0.0303
0
0.3469
0.5556
0
0
3.2403
0.0886
0
0
0
0
0
0.8524
0.6959
2.7089
0.0014
0
0.7351
0.0234
3.6152
14.2759
0
0.6267
0.0058
1e-04
0
0
0.0324
0
0
1.4087
7.5186
1.3568
0
1.06
0
0
0
16.0562
0
0
4e-04
5.3735
0.0017
0
0
3.2362
0
0
0.0521
0.0066
0.058
0.0637
1.1976
1.9479
0
0
0
0
4.0255
0.5066
0.0312
0
7.4241
1.5798
0
0
0.4293
0
6.0685
0.0114
0
0
0.7661
3.0541
1.8603
6.1314
0
0
0
0
2.0036
0.3254
0
0
0
4.3847
3.6851
4.032
46.0265
6.9702
1.2153
5.4628
0.2213
0.5068
0
4.5144
2.6123
0.0402
6e-04
0.031
5.4025
0
14.7184
4.7552
0.0075
0
0.1174
0
0
0
0
0
0
0
2.2488
2.3207
27.9378
3.4218
0
0
6.0147
0.0032
0
15.8053
2.1401
0
0
0
0
0
0
0
8.492
0
7.4115
3.9299
3.7472
3.3068
6.9768
0.2133
0.0581
0
0
0
0
0
0
0
0
4.2333
0.2162
0
0.7941
0.2507
0.4914
1.5131
13.992
23.4832
0
0
0
0
1.5154
2.56
0
0
6.9096
0
0
0
2.6744
0.741
0
0
0
2.5555
0.7134
0
0
0
0
0
0
0
0
0
2.8875
0.3505
0
0
2.3316
1.3478
0
0.0424
0
2.6792
5.5373
0.4875
1.3921
0.0398
0
0.5095
2.6834
11.163
0
0.0097
0
0.6659
4.9538
3.6568
0
0
0
20.8858
4.0206
7.1427
0
0
0
0
0.0812
4.597
0
0.2032
3.9127
0
2.7342
3.4796
0
0
0.054
11.7882
10.3055
1.074
0.0556
0
0.0765
0
6.8859
2.4497
25.6633
0.1366
0.3988
0
0.4051
8.052
0.0026
0
17.762
0
0.0033
15.2343
1.8048
0.3413
0.2798
0.1377
0.0266
0.1388
0.0935
2.3339
0.0066
1e-04
0
0
0
0
18.8504
2.1767
1.7328
0
0.5506
2.7724
0
0
0
0
0
0
0
0
0
1e-04
0
2.0462
10.949
0
0
0.0246
13.6091
0.4594
0.0034
0
0
0.1641
6.3083
0.1544
0
1.1794
1e-04
0
1.0922
4.0281
0
0
2.7216
0.2512
0.0242
2.5415
0.032
0
0.159
7.0247
0.2479
8.6592
2.9352
0.7222
0
11.3912
3.5882
1.1265
0
0.3825
7.1773
0.0818
15.5103
14.4136
0
0
0
3.2257
0
0
0
1.9271
0.2698
2e-04
0
5.2594
20.4575
2.9011
0
0
0
0
0
0.0175
1.531
11.5694
7.5925
20.7939
2.092
0.4639
26.0628
25.9638
3.6697
1.2156
0
0
0.0454
11.2911
0.003
0.4333
0.0088
0
0
0
0.043
5.1293
1.7541
6.2875
2.6084
7e-04
0.4648
5.9575
2.093
8.5514
1.3251
3.592
0.1674
0.9576
0
0
0
0.9851
0.058
0.0439
2.2651
0
0.2222
0.088
0
0
3.2241
2.0246
0.144
0
2.576
1.6007
0.8657
0.0218
0.8467
3.3228
27.8151
0.0286
0
0.0282
2.1603
0
5.7227
42.0589
15.5021
0
0.093
0
0
0.003
3.9661
0.0291
0
36.3602
9.7433
20.0805
18.0503
0
0.143
0.6303
1.7962
0
0
8e-04
0
8.4377
6.2736
4.353
0
0
1.3768
3.0181
0.0275
0
0
0
14.2631
0.0927
9.7928
0.2408
3.7825
0.1663
0
0
0
1.0815
6.5277
0
0
1e-04
0
2.6151
0
5.5933
0
8.0578
2.442
0.3807
0.0525
0
0
0
0.4173
5.6959
0.2458
6e-04
0
0.4346
0.5595
0
4.992
1.2402
3.1052
0.3637
0
0
0
0.0068
0.7196
3.8035
0.4156
0
0.1399
0.0469
9.977
0.0169
0
0
0
0
0
0
0
0
0.0835
0.004
0
0
0
0.6011
1.0381
1.9015
0.541
34.1744
14.1886
0.4502
9.8725
1.4288
0
0
0.9095
0
0
0
0
0
0
0
3.2842
12.0612
0.1351
0
0
12.3562
0.0283
2.3374
0.01
0.0023
15.1045
6.5183
0
40.0781
13.8504
0
0
0
0
0
0.8375
3.7909
0
4.3958
0.0387
0
55.6223
2.2959
0
0
0.5741
0.0972
0
0.1272
0
0
0
0
1.3659
0
0
0
0
1.3599
0.0827
0
0
0.3478
0.4646
0
1.7041
2.6543
3.8882
0
0.0793
0.053
0.0953
0.0025
0
0
0.814
6.6548
1.5112
2.1674
0
0
0
0.0447
0.2571
0
0
0
0
0.1101
0
0
0
4.7675
0
0.122
5.5818
18.2531
1.0665
3.0251
1.3703
0
0
0
0
0.0114
0.5774
4.048
8.9081
0
0.0612
0
1.8383
0.0269
1.4954
0.1053
0.1193
0
0
0
3.3667
2.3475
3.0232
0.8586
0
3.913
0.7226
0.829
0
0
0.7053
3.9872
9.0865
0
0.7728
14.1298
4.4619
6.833
6.8223
0.4197
8.1044
8.32
0
0
1.265
40.6619
5.4424
0.0219
0.6639
0
0.0317
0.7338
0.0603
0.0163
0
0
0.0097
2.209
1.0524
0
0
0.0879
0
0
0
1.3942
0
0
0
0
0
11.2044
5.3527
18.2291
5.4323
0.3252
0.0244
0.6402
16.2481
3.6411
0.1706
0.6504
5.2099
0
0
0
0
1.0327
0.2049
10.9224
31.1833
2.0585
0.72
0.1345
2.9203
0
0
0
0.007
3.6536
3.0747
0
0.1372
5.9161
0
0
0
0.0477
15.391
2.1975
0
5.2718
0.0521
0.0357
0.3486
4.3922
0.5739
0.3871
14.2798
7.4708
3.4281
0
0
1e-04
2.9254
0.9455
0.1937
18.9797
0
0
0
6.911
0.009
0
0
0.486
3.3131
9.8324
0.046
0.8451
0
0.0024
0
0
3.0605
2.9252
25.4853
12.3406
2.6959
12.9434
0.5599
0
0
0
0.2286
8.8033
0.52
0
2.9469
10.5981
0.6317
0
2e-04
20.014
0.2063
0.054
0
0
0.9871
11.1128
0.9012
4.802
0.2592
0
0
0
3.3596
0
0
0
0
0.1675
0.0133
0.0621
0
0
2.299
6.2833
0.9056
2.5438
0.875
4e-04
8.6227
0.4794
0
0
0.1077
3.1714
0.8129
0
0
0
0
0.3037
19.9169
1.7598
0.5464
2.534
0
0.0271
0
0
0
8.9809
10.2058
13.5654
0
0
31.3954
1.6365
0.0179
0.0345
6.4148
12.5949
0
0
7.3009
0.0067
0
0.1512
0.0103
0.3284
0.1033
0.0164
10.5265
0.0278
10.614
18.1213
4.0506
1.1674
0
0
0
0
0
0
0
3.7242
0
3.5938
0
0
6.1071
19.6519
11.3096
0
0
0
0
0
0.1838
0
3.6795
3.6437
4.6167
4.1541
0.0018
0.8342
0
2.7281
0.4747
2.8241
0
0.0495
0
0
0
0.0187
1.7499
2.8715
0
0
0
0
1.5119
7.6825
20.2243
0.6329
0.028
2.7815
38.3448
19.1506
14.2127
0
3.9453
3.9417
0
0
2.3909
2.2322
0.2265
0.0024
0.0107
0
9.753
0.0716
0.2109
7.1254
0.7264
0.0171
0
0
0
11.2531
0.0327
16.9374
1.5666
0
0.2699
2.0568
8.6081
4.6581
1.1489
0.236
0.0163
0.3101
0
0
0
0
0
0
0
0.4324
2.1044
5.3673
0
0
0
0.8535
20.594
7.0675
0
0
0
0
1.8621
2.3577
0
0
16.8429
5.3579
0.9369
4e-04
0
0
0
0.6516
4.9655
0.1866
0
0
1.9447
1.6963
0
0.3825
0
0.5541
1.3368
8.2633
6.817
0
0
24.6885
3.0972
0.2192
0.7993
12.3882
0.163
0.4476
0.0743
0.403
1.6124
0
0
2.094
1.1781
13.6453
8.3571
0.2134
0
3.1886
1.5491
16.8828
0.5352
0.0357
0.0074
0
0.1706
0.1585
1.021
11.032
0.4957
0
0
4.2785
0
0
0
0
0
0
0.3897
0
0.001
0.0273
0
0
1.9297
17.8281
0
0
0.0309
8.0208
4.3764
4.5196
0
0.4716
0
0.0395
13.9732
4e-04
0
0.0086
0.2275
0
0
1.2499
9.6152
16.6149
10.6625
0
0
0
0.3745
0.1445
0
1.1316
1.2788
0
0
0.3737
2.115
0
12.9987
1.2244
4e-04
0
3.5087
15.6028
23.6218
0
0
2e-04
0
5.2081
53.7219
1.6044
13.0947
8.6748
3.6419
4.954
11.4744
3.0588
1.2464
0
0
0
0
7.5917
3.5587
0.0018
7.5107
5.7073
0
0
0
1.2263
2.9632
6.3265
2.198
0.5293
0.4359
4.5175
0.1441
3.3637
4.1987
0.0726
8.7611
1.4216
4.9325
0.6641
11.0338
15.1634
0.7877
0
28.1691
3.0823
0.166
0
0
15.3387
0.0239
0
17.1387
7.3362
12.844
24.3384
1.7057
1.9841
0.0168
21.5558
0.5248
0
0
1.1688
1.5114
0
0.1591
0.0109
0.0325
0.1024
0
3.5172
5.6945
2.1614
2.504
7.1752
0.0111
0
0
3e-04
3.0541
0
0
0.1787
0.0532
13.1867
8.8488
8.2683
0
0.1012
3.5669
29.15
0
0.2755
0
0
0
0
0.1788
3.811
0.0371
0
0
0
0.3502
0.0069
37.6767
0.7212
0.0013
0
0
0
3.3795
6.6369
0.0503
1.1689
1.5372
4.153
8.7075
13.8423
16.3869
2.5107
33.9057
0
0.0356
0
2.7899
18.6204
0
0
0.8355
0.4646
9.7959
2.4737
0.3975
0
0
0
0
0.0411
0
0
3.4768
5.5338
3.4534
4.4927
0
2.1537
0
0
0
0
0.1153
0.0135
4.2536
0
0.2595
1.0431
0.1238
1.63
1.1172
34.7594
0.1307
2.0366
1.5498
0.0178
0
0.5938
1.0496
0
0
0
0.5746
2.5938
0
1.0488
0
3.8422
1.3347
0
0.0353
0
0.8897
4.7496
0
0
0
14.0178
6.8519
0.0674
0
17.677
24.015
0.1133
1.0334
0
0.12
0.0815
0
0.624
0
0
0
22.342
15.7565
0
0.9391
0
0
0
0
0
0.0175
0.3053
0.2895
0.3336
2.9626
0.1611
0.0304
8.1363
0.2346
0
0
8.3917
0.9965
0.5107
0
0
0
2.0988
0
8.1247
0.8457
0.8247
0
0.0677
6.7267
0.0253
0.5609
1.5252
0.0329
0.0012
0
0
0
0
2.0327
0.4463
0
0
0
8.5501
4.722
0.3971
3.1457
0
3.2762
17.4336
0.1973
0
0
2.0713
0
12.371
11.5871
3.9428
1.4112
0
2.3943
0.053
0
30.0948
0.0488
0.0348
1.0253
0
0
8.1063
12.0849
1.0927
0
0
0.5211
0
0
0.1576
0.5656
0
3.986
0.6675
8.0667
2.2428
0
1.1831
6.383
0.0699
0.1332
7.0634
0.054
0
0
0.027
8.2212
0
0
0
0
0
0.0409
7.3098
7.5936
2.7374
0
0
0.0114
6.233
4.1872
0.144
0
0.5698
0
0
0
4.9625
0.0808
0
6.4915
0.138
0.2711
0.1781
0.1371
14.6649
11.5601
7.9553
0
0.2374
4.7867
0
4.4619
0.5795
2.4614
26.2326
22.5141
2.2653
0.3703
0.0841
0.0014
0
0
0.0155
0.0181
4.7272
18.9644
0.994
0.0269
0
0.283
7.1922
0
0.3154
0.0301
7.7632
0.4947
0
0
0.1926
0.1711
0.2879
2.5409
0
8.5723
0
0.6274
3.3055
2.2695
1.1997
0.1425
0
0
0.348
1.1753
0
1.067
0.0026
6.6954
3.1317
0
0
17.4117
16.5462
0.034
0.7997
6.9344
14.5653
0.1954
1.2013
3.3313
0
0
3.5942
0.8415
0
1.5494
16.3663
0
0
0
0.0186
0.3257
1.5799
0.092
0
0
0
0.0044
11.4491
0.0376
0
9.9909
0
0
0
0
0.0179
1.4385
0
0.2965
5.6424
10.8726
0
0.0198
0.3172
14.1531
9.0614
0
0
0
0
0
0.1091
0
0
0.0051
1.7145
0.7053
16.5881
4.0737
0
0.2866
0
0
0.2227
0
0
8.3898
0.0151
0.2907
3.779
7.549
0
0
0
14.295
0.9879
0
0
0
21.8357
9.2477
6.1836
0.4995
0.0019
0
0
0
0
0
0
0
0
0.1975
0
1.3553
0
0
0
0
0
0
3.2315
0
0.0297
0.2791
0
32.7673
15.2557
0
0
0
9.8282
0
0
0
1e-04
32.4661
3.7934
0
4e-04
0
0
5.0427
0
0.0086
0
0
0
0
0
0
0
0
0
0
0
0.0012
9.2282
1.2329
0.2348
2.1602
0.3806
0
4.6082
0.4424
0
0.9863
0
0
0
9e-04
0
3.1381
0
1.8873
0.0281
0
0.2252
16.3973
10.6944
15.5941
14.4565
6.0226
1.3669
0.0591
0.435
2.5361
5.1541
14.2883
0.0536
0
0.2401
0
0.0373
0
0
0
0
0
0
0
2.6686
0
0.0359
0
9.22
7e-04
0.0124
0
0
0
0
14.9155
0.0353
0.6339
4.6634
8.1263
0.006
0.0349
0
13.9066
8.6437
0.0395
0
8e-04
0
0
0.0985
0
0
0.0187
0.0214
8.2177
0
0
0
1.3136
2.4904
0.318
0.7695
1.0481
0.4093
1.3748
0.5308
2.0608
5.4505
0.1459
0
0.8625
0
5.5951
3.1456
