1980 1 1
0.881
0.911
0.911
0.876
0.904
0.91
0.865
0.852
0.862
0.944
0.944
0.697
0.833
0.853
0.911
0.966
0.925
0.885
0.854
0.815
0.738
0.863
0.83
0.843
0.957
0.868
0.866
0.843
0.807
0.615
0.732
0.718
0.582
0.681
0.694
0.634
0.853
0.855
0.82
0.901
0.853
0.914
0.812
0.793
0.748
0.843
0.869
0.556
0.672
0.842
0.87
0.953
0.965
0.925
0.828
0.874
0.788
0.86
0.833
0.77
0.7
0.699
0.779
0.776
0.932
0.639
0.807
0.968
0.853
0.858
0.565
0.502
0.889
0.852
0.836
0.832
0.933
0.771
0.661
0.806
0.921
0.703
0.739
0.928
0.829
0.756
0.743
0.85
0.936
0.889
0.918
0.869
0.858
0.859
0.957
0.725
0.639
0.722
0.817
0.836
0.866
0.783
0.848
0.679
0.905
0.83
0.72
0.605
0.645
0.673
0.646
0.606
0.535
0.695
0.715
0.785
0.682
0.724
0.905
0.793
0.718
0.68
0.646
0.58
0.526
0.557
0.593
0.611
0.654
0.691
0.608
0.719
0.861
0.79
0.797
0.703
0.677
0.948
0.844
0.757
0.704
0.674
0.621
0.655
0.763
0.687
0.656
0.553
0.523
0.645
0.754
0.745
0.896
0.837
0.797
0.745
0.688
0.752
0.751
0.805
0.71
0.677
0.625
0.603
0.602
0.723
0.756
0.784
0.694
0.681
0.707
0.756
0.704
0.619
0.655
0.744
0.702
0.689
0.741
0.783
0.737
0.749
0.714
0.733
0.764
0.839
0.86
0.775
0.757
0.812
0.791
0.774
0.738
0.807
0.813
0.732
0.777
0.797
0.779
0.753
0.735
0.74
0.777
0.833
0.822
0.744
0.738
0.748
0.779
0.913
0.832
0.761
0.809
0.833
0.85
0.86
0.807
0.845
0.827
0.817
0.857
0.808
0.862
0.857
0.845
0.852
0.844
0.887
0.849
0.924
0.909
0.835
0.842
0.866
0.838
0.768
0.769
0.776
0.726
0.746
0.764
0.767
0.793
0.841
0.845
0.844
0.78
0.825
0.8
0.753
0.718
0.762
0.803
0.812
0.782
0.774
0.821
0.833
0.865
0.903
0.916
0.75
0.761
0.79
0.809
0.842
0.805
0.684
0.761
0.766
0.682
0.719
0.704
0.635
0.758
0.763
0.741
0.766
0.7
0.63
0.709
0.664
0.741
0.744
0.778
0.772
0.698
0.653
0.609
0.697
0.879
0.774
0.758
0.71
0.665
0.682
0.69
0.809
0.855
0.723
0.641
0.772
0.596
0.606
0.658
0.68
0.597
0.602
0.705
0.672
0.59
0.693
0.782
0.691
0.658
0.638
0.641
0.535
0.7
0.805
0.72
0.791
0.805
0.759
0.76
0.741
0.682
0.792
0.941
0.701
0.649
0.905
0.952
0.924
0.878
0.862
0.843
0.742
0.83
0.902
0.872
0.961
0.977
0.903
0.83
0.747
0.901
0.874
0.699
0.82
0.897
0.834
0.908
0.805
0.766
0.867
0.873
0.909
0.932
0.797
0.933
0.88
0.882
0.936
0.992
1
0.978
0.873
0.872
0.737
0.917
0.98
0.899
0.827
0.849
0.858
0.858
0.868
0.914
0.901
0.948
0.945
0.897
0.98
1.039
0.998
0.989
1.004
1.008
1.004
0.957
0.888
0.896
0.855
0.783
0.677
0.797
0.941
0.932
0.742
0.82
0.865
0.931
0.933
0.91
0.887
0.954
1.049
0.817
0.918
0.85
0.878
0.944
0.967
0.973
0.886
0.881
0.817
0.878
0.861
0.821
0.764
0.722
0.765
0.792
0.793
0.723
0.515
0.798
0.899
0.797
0.756
0.844
0.819
0.75
0.712
0.672
0.705
0.524
0.635
0.727
0.645
0.556
0.701
0.869
0.852
0.69
0.732
0.597
0.607
0.647
0.751
0.638
0.717
0.791
0.677
0.559
0.591
0.542
0.797
0.803
0.555
0.54
0.627
0.714
0.819
0.814
0.857
0.931
0.853
0.631
0.615
0.77
0.716
0.722
0.787
0.607
0.846
0.809
0.818
0.716
0.689
0.712
0.728
0.818
0.732
0.705
0.615
0.583
0.596
0.785
0.83
0.686
0.628
0.769
0.912
0.923
0.729
0.628
0.846
0.945
0.715
0.659
0.658
0.63
0.517
0.483
0.557
0.623
0.655
0.7
0.728
0.786
0.88
0.748
0.763
0.694
0.636
0.784
0.753
0.787
0.755
0.714
0.613
0.737
0.794
0.834
0.698
0.81
0.899
0.833
0.796
0.795
0.747
0.664
0.728
0.739
0.775
0.802
0.761
0.792
0.781
0.697
0.607
0.656
0.732
0.777
0.8
0.812
0.775
0.808
0.832
0.747
0.701
0.793
0.832
0.709
0.602
0.67
0.815
0.754
0.782
0.793
0.758
0.694
0.787
0.886
0.861
0.801
0.705
0.782
0.76
0.787
0.91
0.894
0.844
0.688
0.695
0.775
0.755
0.804
0.819
0.82
0.826
0.817
0.865
0.858
0.848
0.838
0.84
0.835
0.863
0.886
0.842
0.798
0.698
0.766
0.782
0.742
0.732
0.702
0.778
0.772
0.767
0.811
0.803
0.807
0.846
0.815
0.815
0.846
0.941
0.933
0.877
0.838
0.797
0.832
0.775
0.793
0.847
0.808
0.803
0.812
0.84
0.858
0.88
0.867
0.792
0.793
0.8
0.831
0.744
0.661
0.676
0.733
0.77
0.729
0.815
0.87
0.815
0.747
0.697
0.721
0.767
0.806
0.718
0.682
0.697
0.778
0.755
0.75
0.726
0.61
0.781
0.746
0.616
0.832
0.709
0.653
0.751
0.947
0.831
0.652
0.626
0.888
0.979
0.847
0.833
0.832
0.773
0.733
0.796
0.826
0.711
0.744
0.784
0.702
0.748
0.701
0.665
0.766
0.766
0.762
0.723
0.679
0.685
0.759
0.835
0.791
0.901
0.818
0.843
0.93
0.918
0.83
0.861
0.864
0.815
0.784
0.716
0.875
0.839
0.761
0.862
0.807
0.805
0.845
0.906
0.583
0.717
0.891
0.89
0.893
0.916
0.917
0.879
0.948
0.859
0.89
0.898
0.969
0.993
0.982
0.977
0.983
0.962
0.969
0.987
0.971
0.96
0.864
0.978
0.925
0.966
0.948
0.879
0.899
0.884
0.87
0.873
0.753
0.812
0.843
0.898
0.91
0.875
0.964
0.774
0.877
0.91
0.932
0.924
0.94
0.976
0.769
0.897
0.892
0.893
0.882
0.841
0.924
0.974
0.916
1.001
0.96
0.896
0.947
0.891
1.049
0.961
0.904
0.936
0.891
0.956
0.912
0.949
0.949
1.007
0.978
0.974
0.974
0.994
0.995
0.887
0.872
0.928
0.828
0.804
0.816
0.872
0.853
0.903
0.846
1.03
0.925
0.924
0.919
0.788
0.785
0.76
0.987
0.937
0.815
0.67
0.783
0.939
0.881
0.793
0.866
0.91
0.875
0.791
0.722
0.714
0.822
0.779
0.672
0.707
0.646
0.761
0.733
0.685
0.635
0.82
0.799
0.886
0.871
0.778
0.827
0.89
0.899
0.829
0.785
0.747
0.75
0.715
0.765
0.811
0.632
0.545
0.831
0.627
0.514
0.538
0.578
0.55
0.718
0.734
0.653
0.6
0.666
0.646
0.556
0.563
0.506
0.565
0.581
0.792
0.757
0.642
0.645
0.636
0.623
0.567
0.633
0.663
0.659
0.629
0.646
0.686
0.723
0.856
0.851
0.796
0.774
0.767
0.804
0.841
0.776
0.812
0.794
0.793
0.83
0.708
0.78
0.85
0.874
0.79
0.743
0.716
0.764
0.773
0.649
0.639
0.7
0.623
0.787
0.922
0.78
0.694
0.842
0.786
0.77
0.744
0.721
0.612
0.654
0.715
0.769
0.74
0.787
0.751
0.705
0.723
0.932
0.844
0.79
0.778
0.787
0.77
0.735
0.764
0.811
0.795
0.726
0.72
0.714
0.728
0.792
0.815
0.815
0.755
0.722
0.774
0.792
0.729
0.703
0.764
0.778
0.801
0.713
0.672
0.754
0.763
0.813
0.783
0.815
0.791
0.87
0.853
0.828
0.814
0.808
0.782
0.669
0.661
0.694
0.708
0.707
0.755
0.742
0.722
0.854
0.756
0.737
0.853
0.794
0.78
0.733
0.778
0.751
0.681
0.748
0.814
0.844
0.794
0.755
0.686
0.607
0.777
0.853
0.738
0.648
0.653
0.718
0.675
0.71
0.766
0.772
0.727
0.677
0.729
0.597
0.626
0.7
0.808
0.727
0.746
0.774
0.736
0.898
0.778
0.703
0.679
0.64
0.667
0.648
0.644
0.687
0.641
0.673
0.635
0.741
0.756
0.627
0.658
0.56
0.615
0.62
0.606
0.547
0.479
0.502
0.691
0.599
0.591
0.569
0.6
0.621
0.527
0.426
0.45
0.507
0.621
0.838
0.865
0.784
0.827
0.646
0.602
0.72
0.667
0.64
0.827
0.747
0.84
0.821
0.749
0.72
0.798
0.74
0.67
0.791
0.878
0.918
0.92
0.812
0.957
0.817
0.711
0.865
0.882
0.963
0.966
0.876
0.847
0.71
0.718
0.767
0.905
0.747
0.771
0.789
0.688
0.84
0.898
0.808
0.881
0.87
0.967
0.949
0.764
0.702
0.945
0.881
0.874
0.883
0.902
0.864
0.815
0.884
0.95
0.91
0.678
0.519
0.737
0.83
0.878
0.752
0.67
0.76
0.818
0.836
0.753
0.777
0.897
0.873
0.767
0.87
0.878
0.942
0.938
0.891
0.864
0.846
0.967
0.924
0.955
1.002
0.987
0.946
0.908
0.878
0.93
0.956
0.997
0.983
0.968
1.015
0.978
0.855
0.899
0.894
0.933
0.871
0.905
0.898
0.907
0.898
0.828
0.854
0.924
0.89
0.873
0.815
0.76
0.7
0.668
0.782
0.794
0.787
0.839
0.772
0.758
0.651
0.63
0.581
0.692
0.754
0.749
0.831
0.795
0.717
0.846
0.758
0.834
0.757
0.705
0.754
0.724
0.736
0.783
0.91
0.961
0.816
0.937
0.829
0.824
0.735
0.772
0.807
0.907
0.906
0.764
0.603
0.689
0.768
0.954
0.85
0.83
0.808
0.885
0.853
0.805
0.926
0.846
0.849
0.762
0.894
0.869
0.81
0.756
0.784
0.665
0.71
0.683
0.688
0.646
0.628
0.7
0.632
0.62
0.648
0.79
0.856
0.927
0.955
0.824
0.919
0.778
0.743
0.709
0.705
0.821
0.661
0.643
0.568
0.611
0.723
0.79
0.894
0.725
0.624
0.68
0.848
0.753
0.815
0.834
0.8
0.72
0.729
0.741
0.638
0.736
0.832
0.747
0.742
0.719
0.662
0.87
0.828
0.748
0.831
0.723
0.655
0.63
0.602
0.581
0.583
0.572
0.579
0.62
0.681
0.633
0.671
0.811
0.776
0.717
0.716
0.711
0.655
0.629
0.606
0.702
0.836
0.909
0.858
0.807
0.773
0.769
0.801
0.773
0.755
0.665
0.693
0.773
0.772
0.718
0.775
0.713
0.648
0.752
0.764
0.816
0.834
0.826
0.757
0.78
0.777
0.803
0.796
0.777
0.686
0.628
0.717
0.792
0.794
0.79
0.794
0.794
0.742
0.78
0.817
0.783
0.734
0.764
0.785
0.866
0.805
0.824
0.681
0.694
0.69
0.693
0.789
0.821
0.747
0.781
0.743
0.75
0.783
0.774
0.712
0.709
0.724
0.748
0.689
0.693
0.78
0.76
0.679
0.646
0.626
0.701
0.733
0.719
0.609
0.575
0.584
0.632
0.665
0.73
0.602
0.548
0.744
0.723
0.624
0.624
0.713
0.851
0.644
0.657
0.564
0.538
0.721
0.648
0.566
0.662
0.682
0.785
0.582
0.537
0.735
0.813
0.634
0.536
0.68
0.813
0.744
0.706
0.869
0.954
0.691
0.668
0.688
0.722
0.732
0.721
0.804
0.845
0.93
0.948
0.926
0.832
0.774
0.701
0.708
0.696
0.626
0.684
0.835
0.831
0.9
0.657
0.692
0.713
0.708
0.637
0.598
0.879
0.96
0.739
0.778
0.775
0.907
0.888
0.796
0.762
0.871
0.887
0.81
0.799
0.907
0.821
0.679
0.76
0.825
0.89
0.741
0.825
0.825
0.935
0.934
0.986
0.969
0.964
0.813
0.912
0.94
0.928
0.96
0.94
0.95
0.974
0.809
0.852
0.821
0.816
0.836
0.872
0.951
0.989
0.842
0.808
0.785
0.84
0.917
0.948
0.935
0.867
0.926
0.883
0.919
0.982
0.991
1.009
0.978
0.895
0.909
0.921
0.896
0.81
0.857
0.935
0.912
0.869
0.905
0.9
0.878
0.869
0.827
0.819
0.859
0.829
0.969
1.016
0.965
0.928
0.901
0.94
0.935
0.851
0.912
0.941
0.942
0.955
0.938
0.837
0.84
0.926
0.983
0.916
0.979
0.985
0.895
0.863
0.728
0.843
0.924
0.881
0.826
0.803
0.765
0.679
0.674
0.77
0.811
0.751
0.853
0.912
0.8
0.799
0.866
0.852
0.824
0.943
0.872
0.79
0.862
0.841
0.85
0.841
0.832
0.955
0.937
0.918
0.886
0.816
0.881
0.878
0.957
0.917
0.892
0.798
0.696
0.812
0.745
0.851
0.867
0.785
0.753
0.68
0.621
0.684
0.754
0.953
0.938
0.864
0.705
0.647
0.663
0.651
0.58
0.719
0.791
0.734
0.815
0.827
0.884
0.868
0.803
0.748
0.734
0.894
0.921
0.882
0.778
0.678
0.725
0.699
0.61
0.754
0.689
0.655
0.868
0.933
0.845
0.725
0.806
0.827
0.81
0.813
0.77
0.725
0.806
0.776
0.691
0.608
0.57
0.665
0.773
0.904
0.94
0.806
0.761
0.697
0.842
0.826
0.776
0.918
0.892
0.803
0.686
0.68
0.692
0.711
0.587
0.667
0.743
0.707
0.733
0.698
0.677
0.687
0.639
0.714
0.701
0.762
0.789
0.763
0.767
0.747
0.719
0.754
0.714
0.805
0.742
0.649
0.613
0.725
0.717
0.687
0.761
0.739
0.68
0.739
0.773
0.782
0.786
0.723
0.653
0.755
0.803
0.794
0.783
0.727
0.722
0.76
0.76
0.75
0.794
0.728
0.737
0.756
0.71
0.656
0.826
0.828
0.918
0.857
0.718
0.68
0.677
0.722
0.839
0.853
0.845
0.801
0.843
0.856
0.873
0.845
0.837
0.787
0.813
0.83
0.772
0.743
0.818
0.799
0.764
0.77
0.818
0.777
0.743
0.811
0.793
0.778
0.689
0.689
0.727
0.751
0.828
0.817
0.672
0.797
0.784
0.867
0.773
0.722
0.638
0.825
0.735
0.759
0.845
0.787
0.739
0.811
0.897
0.839
0.707
0.624
0.604
0.697
0.726
0.729
0.706
0.77
0.855
0.822
0.816
0.708
0.748
0.718
0.693
0.635
0.568
0.592
0.604
0.645
0.749
0.848
0.823
0.76
0.778
0.792
0.782
0.773
0.878
0.805
0.741
0.739
0.675
0.782
0.65
0.839
0.804
0.722
0.629
0.766
0.841
0.731
0.76
0.651
0.711
0.842
0.841
0.736
0.594
0.868
0.821
0.694
0.643
0.6
0.841
0.912
0.952
0.868
0.869
0.753
0.79
0.622
0.622
0.634
0.699
0.46
0.571
0.604
0.693
0.77
0.72
0.626
0.646
0.88
0.72
0.762
0.818
0.726
0.753
0.616
0.575
0.908
0.834
0.966
0.93
0.94
0.94
0.986
0.951
0.911
0.909
0.848
0.854
0.845
0.826
0.812
0.943
0.891
0.653
0.865
0.833
0.862
0.923
0.981
0.833
0.913
0.953
0.958
0.723
0.657
0.704
0.836
0.897
0.935
0.88
0.854
0.913
0.896
0.908
0.921
0.966
0.777
0.876
0.929
0.951
0.925
0.777
0.872
0.914
0.978
0.971
0.92
0.867
0.945
0.883
0.83
0.861
0.934
0.863
0.832
0.852
0.884
0.943
0.919
0.895
0.84
0.917
0.898
0.98
0.996
0.914
0.885
0.89
1.022
0.962
0.977
0.938
0.894
0.858
0.931
0.898
0.856
0.844
0.784
0.816
0.707
0.715
0.838
0.661
0.964
0.766
0.645
0.774
0.89
0.745
0.691
0.851
0.896
0.752
0.755
0.676
0.609
0.71
0.491
0.624
0.736
0.562
0.725
0.932
0.824
0.716
0.603
0.798
0.88
0.759
0.896
0.935
0.765
0.75
0.701
0.812
0.849
0.86
0.707
0.716
0.671
0.713
0.768
0.734
0.733
0.673
0.692
0.679
0.654
0.717
0.714
0.647
0.618
0.543
0.518
0.678
0.681
0.58
0.642
0.706
0.597
0.531
0.704
0.766
0.6
0.531
0.662
0.748
0.686
0.591
0.582
0.628
0.707
0.684
0.657
0.614
0.727
0.722
0.872
0.72
0.683
0.67
0.762
0.624
0.632
0.549
0.47
0.703
0.742
0.833
0.69
0.703
0.699
0.653
0.72
0.725
0.728
0.801
0.628
0.668
0.714
0.699
0.614
0.796
0.86
0.728
0.663
0.821
0.808
0.759
0.741
0.702
0.695
0.659
0.707
0.696
0.703
0.626
0.618
0.675
0.692
0.618
0.695
0.792
0.773
0.735
0.665
0.746
0.781
0.765
0.735
0.698
0.687
0.725
0.689
0.691
0.812
0.794
0.711
0.706
0.687
0.704
0.788
0.771
0.771
0.685
0.709
0.746
0.791
0.678
0.632
0.675
0.712
0.857
0.853
0.727
0.678
0.668
0.805
0.875
0.828
0.767
0.676
0.746
0.806
0.794
0.837
0.817
0.83
0.821
0.807
0.809
0.819
0.818
0.767
0.768
0.804
0.915
0.82
0.796
0.787
0.765
0.746
0.807
0.802
0.794
0.782
0.756
0.782
0.811
0.826
0.783
0.793
0.84
0.797
0.782
0.716
0.753
0.659
0.619
0.627
0.64
0.669
0.658
0.62
0.696
0.678
0.737
0.785
0.631
0.746
0.728
0.606
0.568
0.753
0.761
0.57
0.617
0.749
0.793
0.692
0.556
0.527
0.581
0.809
0.849
0.849
0.814
0.798
0.809
0.649
0.602
0.856
0.858
0.839
0.799
0.778
0.778
0.76
0.599
0.488
0.572
0.741
0.657
0.671
0.82
0.828
0.915
0.95
0.883
0.897
0.802
0.798
0.717
0.826
0.939
0.9
0.941
0.949
0.931
0.851
0.903
0.725
0.889
0.895
0.832
0.664
0.855
0.814
0.75
0.856
0.943
0.89
0.905
0.859
0.887
0.924
0.781
0.839
0.884
0.914
0.932
0.905
0.91
0.901
0.942
0.972
0.888
0.868
0.823
0.945
0.969
0.863
0.823
0.852
0.882
0.881
0.999
0.972
0.944
0.81
0.835
0.902
0.832
0.912
0.959
0.904
0.896
0.908
0.915
0.978
0.9
0.858
0.745
0.793
0.881
0.922
0.987
0.944
0.874
0.927
0.845
0.895
0.869
0.929
0.961
0.882
0.878
0.876
0.772
0.729
0.825
0.797
0.792
0.673
0.882
0.829
0.887
0.919
0.922
0.926
0.984
0.963
0.879
0.934
0.921
0.891
0.862
0.818
0.818
0.812
0.893
0.867
0.931
0.962
0.989
1
0.962
0.966
0.922
0.892
0.879
0.826
0.882
0.897
0.831
0.885
0.827
0.904
0.957
0.914
0.918
0.809
0.833
0.905
0.901
0.911
0.951
0.92
0.867
0.865
0.829
0.777
0.841
0.924
0.662
0.552
0.714
0.666
0.717
0.668
0.764
0.822
0.677
0.627
0.609
0.552
0.571
0.692
0.649
0.767
0.882
0.826
0.748
0.698
0.73
0.777
0.727
0.667
0.767
0.795
0.829
0.818
0.83
0.711
0.791
0.964
0.861
0.754
0.611
0.545
0.595
0.673
0.645
0.63
0.695
0.8
0.755
0.675
0.614
0.645
0.716
0.778
0.753
0.731
0.741
0.748
0.665
0.631
0.652
0.734
0.713
0.768
0.755
0.754
0.832
0.841
0.868
0.845
0.779
0.699
0.732
0.751
0.807
0.754
0.691
0.733
0.735
0.711
0.75
0.672
0.689
0.854
0.933
0.861
0.775
0.714
0.808
0.796
0.806
0.817
0.748
0.739
0.768
0.74
0.663
0.814
0.766
0.702
0.722
0.734
0.718
0.686
0.711
0.803
0.775
0.738
0.894
0.892
0.843
0.741
0.681
0.755
0.752
0.759
0.774
0.813
0.833
0.933
0.862
0.8
0.811
0.801
0.822
0.816
0.8
0.803
0.84
0.806
0.769
0.712
0.728
0.809
0.77
0.754
0.756
0.824
0.776
0.797
0.8
0.813
0.778
0.77
0.74
0.772
0.833
0.842
0.809
0.792
0.818
0.699
0.713
0.836
0.844
0.847
0.829
0.81
0.783
0.825
0.803
0.839
0.851
0.777
0.688
0.88
0.87
0.73
0.699
0.633
0.682
0.737
0.775
0.814
0.833
0.777
0.758
0.733
0.726
0.694
0.795
0.848
0.849
0.786
0.789
0.816
0.815
0.736
0.881
0.856
0.812
0.845
0.855
0.816
0.911
0.915
0.82
0.818
0.774
0.774
0.837
0.916
0.834
0.888
0.918
0.823
0.742
0.673
0.737
0.827
0.749
0.832
0.876
0.895
0.867
0.77
0.699
0.765
0.747
0.698
0.67
0.777
0.775
0.782
0.815
0.927
0.878
0.863
0.799
0.829
0.769
0.775
0.75
0.802
0.728
0.781
0.788
0.771
0.818
0.851
0.765
0.659
0.77
0.775
0.737
0.855
0.939
0.92
0.879
0.913
0.861
0.951
0.923
0.875
0.873
0.89
0.88
0.97
0.933
0.887
0.9
0.892
0.81
0.924
0.912
0.727
0.803
0.894
0.922
0.974
0.984
0.72
0.767
0.865
0.735
0.866
0.886
0.924
0.944
0.921
0.924
0.929
0.908
0.935
0.979
0.995
0.998
0.981
0.876
0.829
0.844
0.891
0.893
0.831
0.944
0.961
0.898
0.868
0.884
0.933
0.882
0.922
0.974
0.93
0.935
0.975
0.945
0.956
0.702
0.625
0.91
0.956
0.954
0.944
0.956
0.89
0.85
0.883
0.876
0.938
0.945
0.953
0.971
0.864
0.907
0.948
0.92
0.84
0.744
0.777
0.869
0.845
0.621
0.741
0.691
0.847
0.691
0.818
0.836
0.876
0.911
0.904
0.868
0.864
0.907
0.846
0.819
0.722
0.642
0.623
0.776
0.945
0.926
0.777
0.725
0.616
0.715
0.722
0.659
0.624
0.683
0.495
0.561
0.589
0.625
0.801
0.825
0.68
0.634
0.589
0.642
0.556
0.605
0.68
0.701
0.686
0.699
0.795
0.788
0.753
0.739
0.823
0.752
0.801
0.786
0.686
0.758
0.864
0.897
0.726
0.681
0.647
0.576
0.647
0.759
0.726
0.769
0.804
0.908
0.874
0.787
0.736
0.728
0.621
0.809
0.791
0.716
0.626
0.557
0.605
0.627
0.62
0.684
0.572
0.823
0.911
0.731
0.651
0.564
0.626
0.568
0.515
0.598
0.603
0.696
0.678
0.68
0.694
0.577
0.541
0.718
0.883
0.812
0.726
0.672
0.723
0.726
0.75
0.805
0.704
0.706
0.66
0.672
0.76
0.755
0.782
0.76
0.667
0.649
0.655
0.669
0.702
0.726
0.63
0.629
0.781
0.708
0.61
0.64
0.613
0.537
0.616
0.611
0.764
0.787
0.795
0.842
0.698
0.645
0.704
0.677
0.68
0.769
0.82
0.868
0.888
0.803
0.802
0.81
0.802
0.784
0.794
0.792
0.808
0.795
0.779
0.789
0.788
0.803
0.811
0.754
0.754
0.734
0.807
0.759
0.772
0.731
0.766
0.796
0.786
0.781
0.684
0.705
0.789
0.767
0.805
0.828
0.778
0.771
0.801
0.722
0.726
0.877
0.874
0.868
0.806
0.833
0.816
0.793
0.741
0.761
0.766
0.721
0.696
0.662
0.738
0.804
0.737
0.7
0.822
0.965
0.934
0.969
0.824
0.748
0.798
0.759
0.744
0.787
0.754
0.744
0.745
0.739
0.786
0.754
0.7
0.737
0.745
0.733
0.733
0.866
0.856
0.776
0.881
0.783
0.632
0.718
0.766
0.77
0.702
0.697
0.569
0.488
0.516
0.649
0.696
0.634
0.64
0.69
0.62
0.523
0.773
0.828
0.681
0.654
0.704
0.804
0.691
0.54
0.524
0.465
0.436
0.579
0.656
0.605
0.745
0.678
0.66
0.562
0.821
0.77
0.59
0.707
0.651
0.624
0.622
0.715
0.809
0.76
0.578
0.649
0.723
0.499
0.467
0.547
0.785
0.658
0.716
0.687
0.687
0.705
0.684
0.516
0.686
0.693
0.601
0.59
0.573
0.642
0.704
0.825
0.967
0.844
0.9
0.918
0.882
0.826
0.893
0.9
0.95
0.904
0.883
0.876
0.912
0.866
0.853
0.895
0.86
0.86
0.668
0.703
0.885
0.882
0.857
0.869
0.948
0.921
0.806
0.717
0.931
0.925
0.899
0.715
0.663
0.913
0.892
0.862
0.91
0.657
0.542
0.508
0.765
0.681
0.762
0.817
0.882
0.879
0.854
0.897
0.796
0.756
0.686
0.853
0.662
0.8
0.939
0.878
0.954
0.888
0.826
0.905
0.892
0.934
0.873
0.866
0.933
0.932
0.907
0.924
0.968
0.967
0.918
0.882
0.823
0.748
0.921
0.854
0.91
0.884
0.913
0.896
0.862
1.087
0.943
0.855
0.845
0.803
0.903
0.934
0.605
0.746
0.84
0.574
0.595
0.734
0.743
0.752
0.779
0.75
0.768
0.808
0.776
0.754
0.816
0.848
0.854
0.737
0.73
0.598
0.788
0.83
0.63
0.839
0.784
0.702
0.794
0.714
0.823
0.805
0.686
0.74
0.795
0.748
0.724
0.745
0.696
0.674
0.751
0.693
0.859
0.908
0.834
0.765
0.664
0.787
0.832
0.722
0.677
0.563
0.568
0.668
0.631
0.643
0.623
0.678
0.631
0.711
0.555
0.555
0.711
0.569
0.613
0.681
0.551
0.491
0.665
0.727
0.632
0.627
0.486
0.48
0.612
0.643
0.591
0.541
0.46
0.49
0.63
0.643
0.627
0.526
0.608
0.621
0.59
0.588
0.658
0.684
0.772
0.8
0.633
0.606
0.65
0.629
0.634
0.556
0.511
0.518
0.492
0.494
0.48
0.51
0.69
0.649
0.573
0.519
0.588
0.529
0.54
0.608
0.528
0.468
0.463
0.467
0.489
0.488
0.58
0.571
0.517
0.464
0.511
0.57
0.533
0.598
0.458
0.443
0.603
0.502
0.509
0.602
0.503
0.465
0.41
0.345
0.305
0.313
0.295
0.273
0.318
0.322
0.414
0.617
0.464
0.447
0.534
0.372
0.42
0.648
0.697
0.764
0.812
0.848
0.713
0.743
0.652
0.642
0.693
0.629
0.565
0.585
0.735
0.772
0.65
0.692
0.612
0.635
0.704
0.726
0.565
0.516
0.574
0.712
0.754
0.702
0.651
0.695
0.727
0.617
0.53
0.709
0.819
0.774
0.635
0.765
0.876
0.748
0.637
0.656
0.593
0.804
0.662
0.63
0.599
0.561
0.669
0.794
0.802
0.824
0.68
0.614
0.598
0.65
0.538
0.5
0.818
0.78
0.642
0.652
0.661
0.709
0.719
0.83
0.736
0.719
0.7
0.705
0.594
0.57
0.544
0.548
0.649
0.704
0.616
0.633
0.832
0.714
0.576
0.632
0.508
0.491
0.51
0.643
0.662
0.679
0.607
0.527
0.502
0.521
0.711
0.834
0.827
0.723
0.694
0.776
0.842
0.86
0.836
0.694
0.671
0.572
0.598
0.558
0.62
0.573
0.62
0.735
0.635
0.947
0.978
0.846
0.803
0.813
0.841
0.864
0.735
0.695
0.77
0.81
0.748
0.776
0.627
0.667
0.809
0.973
0.789
0.636
0.677
0.73
0.708
0.813
0.839
0.709
0.737
0.74
0.734
0.862
0.892
0.774
0.717
0.796
0.838
0.675
0.499
0.677
0.576
0.506
0.892
0.866
0.757
0.462
0.819
0.719
0.901
0.835
0.935
0.807
0.852
0.824
0.909
0.747
0.948
0.94
0.716
0.909
0.962
0.99
0.973
0.978
0.845
0.923
0.99
0.997
0.849
0.504
0.701
0.826
0.937
0.715
0.755
0.925
0.838
0.718
0.882
0.897
0.848
0.555
0.67
0.742
0.781
0.947
0.965
0.759
0.778
0.918
0.881
0.865
0.834
0.763
0.868
0.761
0.828
0.855
0.812
0.833
0.737
0.855
0.903
0.859
0.91
0.89
0.869
0.744
0.595
0.795
0.881
0.911
0.971
0.871
0.703
0.702
0.683
0.908
0.812
0.839
0.536
0.561
0.757
0.905
0.898
0.655
0.52
0.611
0.664
0.632
0.675
0.776
0.659
0.757
0.849
0.593
0.624
0.864
0.568
0.825
0.784
0.571
0.606
0.782
0.76
0.724
0.749
0.767
0.798
0.839
0.764
0.76
0.777
0.827
0.78
0.753
0.719
0.67
0.666
0.631
0.645
0.703
0.675
0.688
0.573
0.698
0.64
0.688
0.846
0.68
0.509
0.656
0.644
0.619
0.566
0.712
0.797
0.711
0.803
0.8
0.682
0.679
0.707
0.713
0.589
0.769
0.729
0.705
0.722
0.792
0.72
0.685
0.838
0.875
0.771
0.716
0.671
0.6
0.543
0.705
0.77
0.671
0.572
0.764
0.674
0.779
0.759
0.702
0.63
0.764
0.793
0.765
0.752
0.773
0.801
0.747
0.758
0.735
0.64
0.602
0.726
0.784
0.691
0.853
0.856
0.797
0.769
0.752
0.684
0.75
0.785
0.782
0.805
0.72
0.7
0.693
0.71
0.688
0.686
0.732
0.754
0.717
0.685
0.772
0.793
0.773
0.766
0.772
0.737
0.683
0.733
0.78
0.785
0.797
0.784
0.735
0.672
0.652
0.655
0.659
0.78
0.858
0.839
0.817
0.821
0.783
0.76
0.789
0.821
0.828
0.781
0.872
0.844
0.774
0.716
0.835
0.866
0.842
0.814
0.792
0.763
0.777
0.754
0.736
0.736
0.779
0.748
0.805
0.812
0.773
0.795
0.816
0.88
0.841
0.843
0.87
0.852
0.815
0.775
0.772
0.827
0.842
0.769
0.727
0.842
0.801
0.712
0.74
0.788
0.792
0.824
0.841
0.823
0.865
0.809
0.781
0.883
0.972
0.872
0.938
0.813
0.708
0.78
0.768
0.78
0.825
0.779
0.674
0.647
0.693
0.67
0.635
0.689
0.66
0.808
0.835
0.757
0.648
0.694
0.737
0.63
0.659
0.551
0.642
0.649
0.623
0.53
0.572
0.64
0.713
0.889
0.742
0.886
0.878
0.849
0.717
0.659
0.765
0.693
0.654
0.652
0.595
0.528
0.54
0.744
0.619
0.708
0.605
0.561
0.596
0.729
0.814
0.936
0.797
0.697
0.639
0.691
0.76
0.801
0.959
0.883
0.607
0.587
0.621
0.827
0.533
0.551
0.563
0.598
0.673
0.825
0.808
0.887
0.588
0.702
0.795
0.809
0.661
0.772
0.763
0.844
0.604
0.62
0.706
0.714
0.885
0.816
0.774
0.864
0.857
0.846
0.866
0.844
0.871
0.884
0.82
0.853
0.864
0.73
0.908
0.872
0.975
0.953
0.972
0.996
1.003
0.921
0.941
0.876
0.946
0.871
0.848
0.868
0.901
0.881
0.917
0.815
0.716
0.817
0.885
0.851
0.884
0.98
0.935
0.708
0.939
0.97
0.936
0.873
0.814
0.868
0.635
0.672
0.62
0.796
0.863
0.833
0.914
0.966
0.896
0.919
0.878
0.828
0.839
0.828
0.817
0.619
0.577
0.646
0.702
0.909
0.972
0.923
0.645
0.704
0.703
0.543
0.47
0.898
0.928
0.894
0.666
0.738
0.801
0.767
0.597
0.679
0.708
0.527
0.704
0.747
0.587
0.779
0.939
0.912
0.868
0.761
0.789
0.726
0.681
0.817
0.706
0.61
0.805
0.646
0.675
0.703
0.77
0.488
0.56
0.623
0.556
0.507
0.699
0.92
0.907
0.832
0.754
0.807
0.726
0.707
0.599
0.641
0.542
0.519
0.884
0.724
0.626
0.648
0.798
0.765
0.703
0.717
0.537
0.514
0.846
0.82
0.602
0.542
0.571
0.651
0.634
0.55
0.561
0.742
0.652
0.585
0.54
0.709
0.957
0.865
0.706
0.657
0.651
0.703
0.805
0.665
0.761
0.907
0.726
0.822
0.805
0.779
0.667
0.673
0.797
0.812
0.725
0.607
0.655
0.831
0.931
0.818
0.737
0.778
0.67
0.538
0.607
0.808
0.699
0.781
0.664
0.786
0.716
0.757
0.737
0.747
0.683
0.62
0.677
0.721
0.672
0.63
0.72
0.717
0.723
0.78
0.722
0.706
0.82
0.764
0.654
0.67
0.724
0.787
0.744
0.795
0.749
0.709
0.641
0.736
0.767
0.753
0.677
0.727
0.767
0.724
0.89
0.962
0.919
0.924
0.804
0.794
0.745
0.747
0.767
0.808
0.854
0.931
0.872
0.779
0.693
0.687
0.744
0.731
0.726
0.818
0.771
0.674
0.676
0.741
0.92
0.846
0.817
0.794
0.739
0.721
0.725
0.79
0.816
0.848
0.77
0.765
0.812
0.796
0.843
0.835
0.918
0.919
0.937
0.907
0.857
0.793
0.789
0.812
0.814
0.764
0.72
0.734
0.742
0.784
0.756
0.775
0.794
0.752
0.814
0.838
0.864
0.767
0.743
0.791
0.771
0.867
0.82
0.822
0.703
0.713
0.904
0.801
0.795
0.814
0.845
0.756
0.763
0.776
0.65
0.666
0.746
0.768
0.702
0.669
0.658
0.742
0.712
0.67
0.8
0.903
0.956
0.962
0.815
0.865
0.762
0.678
0.685
0.595
0.666
0.853
0.698
0.678
0.726
0.806
0.713
0.717
0.747
0.595
0.6
0.638
0.617
0.659
0.664
0.624
0.618
0.66
0.744
0.95
0.772
0.738
0.621
0.675
0.777
0.729
0.724
0.688
0.627
0.797
0.823
0.665
0.674
0.709
0.616
0.78
0.883
0.76
0.621
0.723
0.745
0.881
0.896
0.674
0.697
0.674
0.698
0.899
0.779
0.692
0.808
0.832
0.773
0.85
0.844
0.741
0.869
0.862
0.637
0.921
0.871
0.893
0.966
0.86
0.815
0.971
0.952
0.929
0.908
0.962
0.929
0.941
0.968
0.963
0.923
0.718
0.906
0.931
0.898
0.895
0.941
0.944
0.888
0.945
0.96
0.928
0.971
0.98
0.918
0.964
0.974
0.992
0.92
0.918
0.875
0.957
0.848
0.736
0.884
0.705
0.64
0.838
0.951
0.935
0.901
0.946
0.88
0.938
0.871
0.883
0.836
0.937
0.922
0.889
0.843
0.881
0.772
0.505
0.482
0.798
0.975
0.815
0.789
0.882
0.966
0.913
0.866
0.819
0.806
0.537
0.636
0.617
0.505
0.83
0.852
0.805
0.841
0.861
0.657
0.711
0.814
0.708
0.549
0.612
0.773
0.689
0.585
0.692
0.702
0.702
0.624
0.647
0.92
0.787
0.732
0.77
0.83
0.747
0.765
0.701
0.825
0.852
0.719
0.704
0.535
0.657
0.759
0.591
0.54
0.701
0.823
0.716
0.719
0.742
0.792
0.748
0.617
0.612
0.878
0.928
0.819
0.739
0.766
0.724
0.925
0.925
0.901
0.799
0.68
0.789
0.692
0.719
0.742
0.739
0.78
0.69
0.765
0.664
0.7
0.743
0.891
0.831
0.736
0.7
0.791
0.732
0.687
0.719
0.701
0.678
0.596
0.593
0.74
0.808
0.761
0.753
0.669
0.673
0.638
0.716
0.755
0.763
0.789
0.729
0.708
0.752
0.79
0.758
0.806
0.756
0.731
0.724
0.651
0.567
0.545
0.548
0.574
0.719
0.691
0.656
0.66
0.714
0.727
0.674
0.667
0.702
0.606
0.598
0.698
0.757
0.71
0.699
0.622
0.666
0.68
0.784
0.745
0.812
0.769
0.69
0.726
0.764
0.694
0.743
0.746
0.711
0.674
0.656
0.752
0.818
0.781
0.661
0.629
0.68
0.721
0.699
0.719
0.763
0.75
0.751
0.687
0.678
0.68
0.661
0.648
0.772
0.76
0.668
0.655
0.59
0.735
0.735
0.687
0.636
0.62
0.8
0.89
0.695
0.613
0.579
0.537
0.624
0.624
0.644
0.737
0.765
0.849
0.81
0.741
0.695
0.714
0.738
0.712
0.638
0.639
0.634
0.619
0.627
0.644
0.569
0.53
0.667
0.756
0.557
0.54
0.523
0.544
0.635
0.724
0.68
0.779
0.722
0.665
0.607
0.56
0.548
0.523
0.571
0.526
0.429
0.643
0.67
0.555
0.585
0.594
0.486
0.506
0.487
0.491
0.499
0.45
0.584
0.678
0.695
0.622
0.651
0.54
0.533
0.648
0.634
0.732
0.619
0.701
0.665
0.489
0.442
0.496
0.711
0.53
0.481
0.52
0.696
0.784
0.809
0.843
0.861
0.839
0.66
0.741
0.846
0.83
0.731
0.501
0.428
0.464
0.635
0.787
0.679
0.67
0.723
0.782
0.883
0.873
0.811
0.891
0.854
0.754
0.905
0.937
0.954
0.854
0.781
0.848
0.692
0.785
0.857
0.852
0.937
0.855
0.789
0.787
0.818
0.923
0.795
0.633
0.725
0.878
0.882
0.895
0.817
0.885
0.868
0.865
0.782
0.596
0.555
0.726
0.663
0.568
0.604
0.813
0.878
0.949
0.804
0.856
0.823
0.857
0.891
0.959
0.912
0.885
0.887
0.905
0.987
0.942
0.888
0.889
0.888
0.863
0.878
0.883
0.827
0.765
0.918
0.943
0.904
0.855
0.887
0.784
0.87
0.887
0.986
0.975
0.945
0.84
0.882
0.872
0.905
0.909
0.914
0.921
0.927
0.881
0.849
0.885
0.881
0.692
0.705
0.839
0.835
0.606
0.711
0.81
0.594
0.912
0.936
0.943
0.92
0.872
0.928
0.946
0.838
0.776
0.847
0.858
0.843
0.852
0.739
0.765
0.792
0.639
0.679
0.714
0.78
0.775
0.784
0.892
0.877
0.84
0.776
0.873
0.746
0.625
0.572
0.596
0.478
0.499
0.762
0.733
0.777
0.713
0.697
0.904
0.773
0.664
0.699
0.783
0.799
0.631
0.615
0.836
0.698
0.756
0.718
0.619
0.74
0.605
0.542
0.583
0.618
0.631
0.7
0.712
0.721
0.589
0.711
0.737
0.822
0.906
0.946
0.829
0.755
0.782
0.793
0.776
0.85
0.858
0.806
0.765
0.629
0.657
0.789
0.703
0.723
0.654
0.717
0.717
0.66
0.575
0.755
0.895
0.71
0.637
0.603
0.695
0.658
0.64
0.626
0.667
0.756
0.698
0.692
0.641
0.612
0.741
0.836
0.733
0.759
0.65
0.518
0.606
0.877
0.876
0.715
0.667
0.641
0.779
0.794
0.727
0.721
0.693
0.68
0.609
0.537
0.548
0.572
0.669
0.643
0.642
0.722
0.765
0.782
0.775
0.727
0.674
0.794
0.776
0.725
0.692
0.753
0.629
0.637
0.672
0.763
0.781
0.773
0.751
0.763
0.711
0.683
0.761
0.745
0.741
0.774
0.79
0.872
0.816
0.904
0.819
0.826
0.823
0.799
0.816
0.845
0.858
0.926
0.878
0.847
0.864
0.836
0.766
0.827
0.866
0.927
0.801
0.819
0.813
0.798
0.775
0.721
0.814
0.858
0.838
0.857
0.847
0.805
0.843
0.839
0.87
0.848
0.723
0.744
0.817
0.711
0.713
0.754
0.836
0.828
0.84
0.828
0.893
0.915
0.827
0.817
0.82
0.783
0.815
0.837
0.823
0.838
0.837
0.845
0.848
0.835
0.82
0.785
0.714
0.742
0.77
0.8
0.778
0.816
0.841
0.785
0.728
0.851
0.86
0.766
0.793
0.792
0.917
0.848
0.769
0.779
0.692
0.665
0.742
0.756
0.734
0.771
0.732
0.717
0.717
0.769
0.769
0.874
0.744
0.686
0.725
0.823
0.88
0.673
0.76
0.734
0.72
0.761
0.719
0.74
0.823
0.691
0.768
0.716
0.7
0.797
0.796
0.752
0.905
0.932
0.759
0.795
0.761
0.754
0.701
0.739
0.74
0.816
0.959
1
0.804
0.661
0.644
0.694
0.801
0.839
0.786
0.79
0.84
0.987
0.926
0.887
0.918
0.916
0.801
0.777
0.761
0.863
0.836
0.844
0.767
0.774
0.72
0.666
0.762
0.912
0.775
0.951
0.969
0.95
0.948
0.929
0.896
0.844
0.907
0.864
0.851
0.846
0.673
0.821
0.854
0.62
0.714
0.545
0.54
0.812
0.972
0.981
0.947
0.776
0.874
0.932
0.887
0.889
0.805
0.789
0.899
0.905
0.918
0.943
0.963
0.973
0.913
0.914
0.919
0.942
0.862
0.832
0.936
0.973
0.968
0.915
0.915
0.823
0.765
0.803
0.868
0.685
0.496
0.597
0.734
0.617
0.648
0.691
0.619
0.74
0.774
0.799
0.861
0.822
0.85
0.964
0.921
0.916
0.865
0.928
0.862
0.703
0.806
0.897
0.97
0.946
0.859
0.814
0.842
0.885
0.838
0.877
0.959
0.955
0.884
0.968
0.954
0.958
0.88
0.937
0.862
0.887
0.878
0.832
0.6
0.581
0.542
0.74
0.869
0.46
0.6
0.872
0.882
0.812
0.952
0.927
0.843
0.796
0.755
0.755
0.758
0.788
0.898
0.97
0.864
0.76
0.714
0.763
0.809
0.766
0.783
0.916
0.808
0.738
0.842
0.719
0.858
0.889
0.87
0.805
0.707
0.818
0.781
0.782
0.593
0.578
0.757
0.909
0.808
0.687
0.711
0.715
0.79
0.644
0.773
0.732
0.799
0.813
0.744
0.608
0.674
0.692
0.63
0.623
0.7
0.713
0.643
0.684
0.666
0.607
0.671
0.736
0.633
0.62
0.591
0.826
0.85
0.778
0.686
0.683
0.734
0.767
0.699
0.851
0.728
0.721
0.802
0.907
0.862
0.707
0.78
0.875
0.791
0.764
0.718
0.734
0.76
0.734
0.772
0.727
0.683
0.714
0.701
0.75
0.85
0.787
0.75
0.724
0.747
0.72
0.724
0.747
0.776
0.868
0.915
0.859
0.773
0.762
0.739
0.785
0.793
0.776
0.767
0.801
0.786
0.805
0.717
0.813
0.818
0.732
0.737
0.833
0.823
0.767
0.737
0.705
0.665
0.713
0.822
0.773
0.775
0.764
0.813
0.807
0.749
0.75
0.815
0.796
0.822
0.736
0.794
0.803
0.719
0.706
0.811
0.806
0.766
0.798
0.742
0.744
0.823
0.812
0.783
0.76
0.856
0.777
0.703
0.729
0.816
0.749
0.714
0.768
0.762
0.782
0.756
0.796
0.89
0.833
0.877
0.804
0.756
0.825
0.822
0.69
0.74
0.779
0.666
0.724
0.682
0.763
0.835
0.763
0.769
0.73
0.834
0.796
0.836
0.766
0.829
0.738
0.861
0.881
0.901
0.792
0.817
0.708
0.649
0.681
0.644
0.743
0.678
0.557
0.668
0.682
0.828
0.631
0.622
0.725
0.648
0.583
0.54
0.766
0.908
0.774
0.803
0.914
0.792
0.654
0.592
0.607
0.591
0.61
0.717
0.692
0.613
0.664
0.788
0.663
0.594
0.724
0.793
0.812
0.731
0.675
0.599
0.594
0.6
0.722
0.723
0.893
0.976
0.848
0.748
0.92
0.813
0.87
0.591
0.623
0.648
0.663
0.731
0.802
0.827
0.852
0.728
0.803
0.728
0.758
0.883
0.906
0.967
0.91
0.902
0.792
0.733
0.769
0.869
0.621
0.644
0.55
0.831
0.904
0.891
0.874
0.895
0.825
0.81
0.874
0.912
0.846
0.823
0.882
0.74
0.777
0.794
0.878
0.766
0.926
0.893
0.936
0.931
0.899
0.826
0.955
0.941
0.881
0.889
0.904
0.907
0.971
0.999
0.856
0.739
0.801
0.876
0.743
0.75
0.855
0.898
0.95
0.984
0.976
0.987
0.909
1.027
0.988
0.888
0.87
0.677
0.685
0.857
0.811
0.896
0.873
0.942
0.878
0.879
0.846
0.848
0.933
1.015
0.939
0.962
0.89
0.914
0.805
0.712
0.773
0.811
0.878
0.73
0.96
0.916
0.868
0.854
0.823
0.85
0.889
0.742
0.767
0.91
0.886
0.835
0.895
0.712
0.701
0.858
0.648
0.694
0.795
0.73
0.757
0.559
0.427
0.735
0.692
0.664
0.836
0.724
0.603
0.632
0.673
0.653
0.818
0.725
0.727
0.689
0.619
0.592
0.599
0.703
0.64
0.742
0.904
0.7
0.641
0.647
0.842
0.767
0.924
0.838
0.768
0.698
0.683
0.611
0.657
0.613
0.535
0.522
0.508
0.452
0.568
0.66
0.667
0.76
0.796
0.834
0.863
0.823
0.621
0.513
0.742
0.701
0.669
0.808
0.742
0.659
0.549
0.662
0.735
0.559
0.618
0.837
0.76
0.707
0.665
0.671
0.633
0.514
0.498
0.557
0.601
0.706
0.791
0.656
0.577
0.591
0.617
0.69
0.683
0.578
0.572
0.526
0.505
0.661
0.655
0.689
0.58
0.462
0.544
0.634
0.689
0.679
0.658
0.609
0.596
0.614
0.616
0.666
0.71
0.635
0.793
0.879
0.919
0.783
0.785
0.703
0.775
0.822
0.733
0.736
0.81
0.797
0.755
0.752
0.726
0.754
0.769
0.751
0.675
0.729
0.734
0.81
0.759
0.713
0.679
0.726
0.69
0.716
0.752
0.804
0.846
0.781
0.764
0.752
0.756
0.781
0.727
0.688
0.71
0.703
0.761
0.73
0.828
0.791
0.668
0.694
0.664
0.745
0.754
0.904
0.826
0.857
0.816
0.786
0.729
0.762
0.745
0.741
0.799
0.857
0.761
0.686
0.717
0.74
0.721
0.726
0.771
0.736
0.632
0.741
0.674
0.582
0.604
0.58
0.702
0.723
0.649
0.575
0.605
0.596
0.617
0.537
0.566
0.576
0.515
0.539
0.595
0.544
0.479
0.459
0.419
0.494
0.523
0.703
0.733
0.771
0.925
0.757
0.724
0.584
0.72
0.711
0.669
0.737
0.64
0.55
0.575
0.639
0.704
0.598
0.588
0.574
0.653
0.697
0.712
0.64
0.553
0.505
0.835
0.776
0.635
0.562
0.557
0.667
0.703
0.683
0.581
0.569
0.522
0.57
0.759
0.962
0.737
0.637
0.857
0.919
0.858
0.619
0.64
0.902
0.803
0.751
0.726
0.758
0.877
0.821
0.75
0.833
0.737
0.664
0.654
0.554
0.577
0.609
0.593
0.683
0.532
0.92
0.816
0.661
0.726
0.68
0.616
0.654
0.824
0.924
0.926
0.933
0.826
0.958
0.964
0.913
0.849
0.928
0.959
0.992
0.97
0.964
0.939
0.874
0.804
0.772
0.781
0.876
0.91
0.848
0.863
0.833
0.898
0.824
0.671
0.787
0.946
0.751
0.854
0.719
0.785
0.967
0.941
0.929
0.95
0.936
0.996
0.931
0.847
0.806
0.933
0.873
0.879
0.936
0.985
0.977
0.904
0.867
0.892
0.909
0.914
0.937
0.942
0.92
0.939
0.889
0.971
0.954
0.887
0.842
0.88
0.674
0.758
0.841
0.821
0.9
0.929
0.77
0.698
0.817
0.836
0.957
0.891
0.837
0.76
0.764
0.84
0.838
0.734
0.816
0.735
0.706
0.853
0.953
0.946
0.765
0.438
0.47
0.564
0.841
0.91
1.006
0.873
0.573
0.552
0.753
0.666
0.525
0.545
0.605
0.575
0.675
0.704
0.747
0.651
0.752
0.714
0.714
0.612
0.507
0.531
0.686
0.875
0.885
0.796
0.702
0.731
0.713
0.668
0.774
0.426
0.598
0.665
0.816
0.949
0.883
0.889
0.777
0.813
0.72
0.6
0.645
0.793
0.864
0.752
0.841
0.835
0.78
0.661
0.671
0.691
0.621
0.707
0.704
0.59
0.797
0.74
0.702
0.629
0.691
0.812
0.652
0.571
0.631
0.834
0.798
0.828
0.728
0.752
0.745
0.677
0.635
0.798
0.894
0.726
0.643
0.62
0.572
0.7
0.841
0.917
0.795
0.742
0.836
0.869
0.793
0.632
0.776
0.848
0.797
0.811
0.74
0.742
0.735
0.843
0.814
0.819
0.806
0.759
0.618
0.615
0.566
0.596
0.591
0.611
0.678
0.697
0.723
0.714
0.721
0.711
0.762
0.783
0.759
0.756
0.774
0.812
0.759
0.703
0.653
0.726
0.778
0.8
0.768
0.728
0.717
0.702
0.71
0.704
0.746
0.779
0.777
0.734
0.79
0.76
0.735
0.794
0.861
0.766
0.793
0.79
0.799
0.815
0.791
0.794
0.771
0.711
0.734
0.734
0.826
0.841
0.829
0.844
0.782
0.826
0.888
0.881
0.804
0.842
0.839
0.806
0.817
0.836
0.8
0.806
0.867
0.854
0.794
0.768
0.739
0.719
0.795
0.814
0.769
0.712
0.8
0.771
0.788
0.748
0.74
0.606
0.584
0.635
0.567
0.565
0.761
0.926
0.776
0.615
0.528
0.716
0.701
0.621
0.61
0.627
0.731
0.556
0.548
0.791
0.823
0.788
0.562
0.59
0.626
0.58
0.538
0.517
0.546
0.55
0.606
0.556
0.782
0.818
0.953
0.916
0.773
0.724
0.665
0.647
0.594
0.66
0.63
0.746
0.601
0.589
0.504
0.547
0.601
0.808
0.785
0.681
0.579
0.639
0.622
0.67
0.782
0.804
0.759
0.744
0.899
0.924
0.921
0.804
0.615
0.594
0.75
0.81
0.73
0.574
0.779
0.923
0.741
0.853
0.824
0.824
0.923
0.924
0.941
0.914
0.927
0.901
0.879
0.874
0.814
0.872
0.899
0.909
0.84
0.664
0.823
0.819
0.849
0.835
0.888
0.873
0.586
0.659
0.666
0.886
0.778
0.825
0.829
0.928
0.97
0.981
0.948
0.938
0.981
0.952
0.946
0.879
0.958
0.945
0.928
0.93
0.892
0.883
0.923
0.967
0.989
0.972
0.997
0.983
0.893
0.934
0.914
0.9
0.884
0.943
0.958
0.834
0.884
0.94
1.005
1.034
0.962
1.102
1.012
0.934
1.023
0.837
0.928
0.981
0.975
0.963
0.868
0.847
0.93
0.87
0.869
0.845
0.805
0.84
0.813
0.756
0.695
0.829
0.903
0.938
0.973
0.961
0.92
0.902
0.766
0.849
0.915
0.88
0.872
0.931
0.821
0.882
0.888
0.951
0.931
0.978
0.738
0.676
0.8
1.013
0.931
0.739
0.806
0.818
0.652
0.759
0.88
0.951
0.798
0.63
0.658
0.67
0.7
0.717
0.659
0.678
0.784
0.706
0.65
0.662
0.83
0.896
0.859
0.865
0.923
0.756
0.863
0.504
0.674
0.821
0.827
0.753
0.876
0.756
0.679
0.679
0.855
0.716
0.639
0.672
0.655
0.707
0.655
0.556
0.661
0.801
0.766
0.891
0.813
0.694
0.631
0.679
0.728
0.755
0.853
0.929
0.797
0.758
0.781
0.661
0.719
0.958
0.918
0.76
0.627
0.689
0.898
0.871
0.831
0.844
0.963
0.866
0.805
0.957
0.719
0.624
0.552
0.83
0.915
0.872
0.808
0.764
0.767
0.794
0.651
0.75
0.909
0.73
0.831
0.956
0.891
0.775
0.684
0.582
0.659
0.841
0.774
0.772
0.764
0.808
0.822
0.843
0.843
0.789
0.736
0.795
0.785
0.761
0.709
0.706
0.811
0.785
0.815
0.829
0.79
0.798
0.74
0.77
0.8
0.667
0.669
0.727
0.731
0.777
0.721
0.708
0.769
0.668
0.634
0.62
0.718
0.745
0.765
0.701
0.585
0.694
0.752
0.746
0.799
0.824
0.802
0.817
0.849
0.783
0.708
0.853
0.78
0.792
0.802
0.794
0.725
0.785
0.835
0.864
0.825
0.849
0.814
0.778
0.757
0.801
0.802
0.82
0.832
0.788
0.738
0.776
0.776
0.789
0.807
0.825
0.831
0.743
0.76
0.811
0.806
0.813
0.809
0.831
0.762
0.71
0.731
0.762
0.791
0.737
0.717
0.698
0.657
0.698
0.667
0.706
0.689
0.846
0.847
0.823
0.803
0.787
0.743
0.781
0.863
0.906
0.902
0.905
0.824
0.736
0.664
0.609
0.818
0.825
0.781
0.774
0.697
0.827
0.881
0.858
0.694
0.703
0.693
0.755
0.703
0.685
0.638
0.639
0.691
0.819
0.922
0.845
0.705
0.695
0.64
0.668
0.724
0.727
0.737
0.854
0.664
0.757
0.749
0.804
0.894
0.785
0.665
0.82
0.849
0.699
0.806
0.814
0.612
0.637
0.608
0.756
0.75
0.69
0.856
0.956
0.815
0.789
0.831
0.898
0.856
0.848
0.817
0.855
0.814
0.844
0.849
0.821
0.782
0.847
0.83
0.813
0.885
0.922
0.888
0.799
0.886
0.86
0.904
0.951
0.73
0.853
0.839
0.792
0.88
0.894
0.935
0.873
0.837
0.959
0.967
0.88
0.824
0.839
0.914
0.942
0.887
0.744
0.813
0.874
0.9
0.959
0.935
0.728
0.889
0.94
0.912
0.937
0.912
0.91
0.94
1.015
0.978
0.977
0.972
0.616
0.645
0.829
0.951
0.912
0.822
0.786
0.828
0.857
0.911
0.941
0.791
0.842
0.951
0.993
0.983
0.93
0.892
0.871
0.951
0.834
0.967
0.935
0.894
0.955
0.951
0.961
0.93
0.878
0.98
0.907
0.889
0.869
0.89
0.791
0.835
0.873
0.907
0.78
0.887
0.872
0.876
0.813
0.787
0.916
0.852
0.923
0.883
0.874
0.851
0.86
0.936
0.947
0.821
0.921
0.889
0.774
0.852
0.903
0.809
0.672
0.805
0.827
0.775
0.74
0.597
0.653
0.918
0.571
0.547
0.616
0.831
0.676
0.709
0.769
0.818
0.758
0.673
0.877
0.827
0.742
0.762
0.957
0.905
0.732
0.587
0.487
0.66
0.703
0.776
0.763
0.638
0.667
0.484
0.526
0.692
0.936
0.89
0.671
0.563
0.735
0.789
0.681
0.532
0.557
0.671
0.745
0.759
0.721
0.707
0.608
0.725
0.796
0.6
0.622
0.777
0.734
0.949
0.742
0.719
0.731
0.59
0.802
0.885
0.728
0.667
0.739
0.62
0.717
0.732
0.709
0.673
0.771
0.788
0.746
0.664
0.625
0.589
0.605
0.971
0.815
0.718
0.768
0.923
0.824
0.933
0.967
0.957
0.935
0.774
0.679
0.701
0.728
0.774
0.704
0.605
0.611
0.776
0.777
0.712
0.638
0.74
0.791
0.822
0.747
0.741
0.771
0.753
0.656
0.722
0.757
0.783
0.683
0.671
0.732
0.794
0.839
0.823
0.829
0.81
0.745
0.726
0.776
0.773
0.864
0.779
0.694
0.697
0.734
0.785
0.802
0.782
0.774
0.826
0.775
0.716
0.788
0.937
0.87
0.844
0.757
0.827
0.813
0.796
0.787
0.747
0.656
0.726
0.809
0.833
0.822
0.772
0.675
0.719
0.678
0.769
0.842
0.887
0.937
0.921
0.797
0.876
0.877
0.872
0.945
0.83
0.908
0.898
0.871
0.829
0.919
0.878
0.851
0.802
0.831
0.859
0.809
0.824
0.803
0.789
0.825
0.74
0.745
0.785
0.816
0.846
0.883
0.876
0.857
0.83
0.787
0.767
0.812
0.764
0.836
0.735
0.728
0.919
0.781
0.719
0.856
0.799
0.787
0.783
0.751
0.786
0.72
0.78
0.763
0.67
0.723
0.745
0.705
0.706
0.693
0.658
0.713
0.747
0.643
0.706
0.809
0.778
0.671
0.683
0.733
0.663
0.621
0.709
0.651
0.704
0.651
0.663
0.917
0.955
0.856
0.745
0.761
0.703
0.782
0.872
0.9
0.787
0.815
0.773
0.775
0.87
0.79
0.819
0.83
0.667
0.646
0.635
0.905
0.934
0.918
0.86
0.983
0.952
0.944
0.934
0.934
0.784
0.616
0.777
0.878
0.798
0.907
0.983
0.955
0.812
0.715
0.882
0.914
0.809
0.771
0.919
0.924
0.957
0.986
0.94
0.938
0.93
0.965
0.93
0.882
0.885
0.859
0.949
0.912
0.881
0.966
0.953
0.986
0.983
0.94
0.872
0.73
0.745
0.863
0.749
0.832
0.872
0.942
0.962
0.951
0.958
0.989
0.964
0.933
0.81
0.631
0.831
0.916
0.716
0.939
0.943
0.954
0.914
0.881
0.867
0.879
0.935
0.974
0.965
0.922
0.887
0.949
0.896
0.905
0.9
0.884
0.772
0.792
0.798
0.747
0.741
0.832
0.899
0.873
0.791
0.762
0.95
0.926
0.804
0.831
0.742
0.908
0.989
1.012
0.965
0.936
0.886
0.814
0.862
0.853
0.844
0.817
0.849
0.785
0.836
0.828
0.884
0.862
0.817
0.782
0.771
0.931
0.974
0.623
0.493
0.588
0.639
0.719
0.59
0.573
0.852
0.993
0.965
0.964
0.922
0.822
0.784
0.687
0.685
0.814
0.746
0.782
0.826
0.775
0.813
0.806
0.784
0.749
0.804
0.671
0.63
0.618
0.822
0.955
0.73
0.61
0.611
0.601
0.876
0.844
0.877
0.774
0.642
0.765
0.761
0.628
0.759
0.641
0.616
0.636
0.901
0.75
0.715
0.837
0.894
0.855
0.835
0.851
0.828
0.719
0.703
0.777
0.911
0.808
0.827
0.826
0.778
0.766
0.72
0.61
0.7
0.614
0.515
0.599
0.654
0.636
0.669
0.682
0.833
0.811
0.705
0.617
0.652
0.7
0.657
0.735
0.68
0.669
0.756
0.679
0.712
0.636
0.655
0.585
0.841
0.832
0.866
0.823
0.768
0.79
0.779
0.789
0.791
0.735
0.742
0.734
0.751
0.735
0.742
0.698
0.71
0.752
0.738
0.753
0.756
0.79
0.769
0.685
0.677
0.789
0.774
0.789
0.805
0.799
0.766
0.733
0.683
0.639
0.64
0.696
0.778
0.85
0.775
0.686
0.761
0.811
0.826
0.842
0.81
0.765
0.707
0.698
0.744
0.816
0.816
0.724
0.751
0.696
0.656
0.767
0.898
0.909
0.865
0.85
0.808
0.822
0.853
0.81
0.844
0.814
0.813
0.818
0.795
0.802
0.813
0.807
0.765
0.838
0.831
0.83
0.898
0.861
0.793
0.732
0.779
0.825
0.835
0.738
0.697
0.784
0.731
0.718
0.684
0.778
0.829
0.759
0.723
0.695
0.73
0.76
0.73
0.677
0.74
0.869
0.822
0.753
0.734
0.803
0.798
0.797
0.676
0.685
0.794
0.78
0.781
0.752
0.593
0.641
0.679
0.638
0.874
0.847
0.809
0.787
0.892
0.852
0.782
0.682
0.679
0.702
0.683
0.733
0.671
0.657
0.727
0.782
0.775
0.7
0.781
0.664
0.698
0.66
0.652
0.596
0.668
0.827
0.785
0.837
0.805
0.767
0.726
0.77
0.688
0.598
0.616
0.671
0.686
0.721
0.926
0.665
0.696
0.704
0.72
0.805
0.758
0.773
0.681
0.739
0.7
0.654
0.673
0.724
0.741
0.656
0.82
0.747
0.775
0.883
0.877
0.813
0.742
0.889
0.908
0.889
0.904
0.851
0.738
0.738
0.751
0.804
0.715
0.725
0.824
0.773
0.854
0.808
0.759
0.824
0.879
0.956
0.823
0.757
0.842
0.867
0.855
0.891
0.947
0.968
0.733
0.829
0.672
0.789
0.94
0.877
0.875
1.038
0.995
0.968
0.903
0.95
0.887
0.982
0.949
0.865
0.908
1.002
0.997
0.948
0.886
0.885
0.959
0.994
0.842
0.902
0.921
0.893
0.885
0.94
0.859
0.872
0.914
0.879
0.975
0.886
0.873
0.839
0.839
0.932
0.982
0.954
0.81
0.937
0.908
0.561
0.619
0.622
0.731
0.878
0.722
0.627
0.591
0.502
0.486
0.547
0.74
0.864
0.828
0.902
0.93
0.82
0.752
0.912
0.711
0.699
0.92
0.805
0.858
0.925
0.854
0.818
0.79
0.788
0.808
0.818
0.877
0.894
0.843
0.765
0.641
0.704
0.706
0.655
0.678
0.656
0.684
0.628
0.564
0.65
0.54
0.55
0.879
0.822
0.758
0.789
0.785
0.752
0.69
0.717
0.887
0.754
0.842
0.745
0.634
0.545
0.684
0.935
0.877
0.84
0.759
0.775
0.829
0.83
0.897
0.691
0.602
0.548
0.625
0.742
0.688
0.587
0.55
0.568
0.56
0.545
0.732
0.769
0.632
0.747
0.786
0.605
0.67
0.691
0.779
0.866
0.74
0.689
0.693
0.727
0.721
0.581
0.608
0.71
0.856
0.842
0.711
0.721
0.599
0.588
0.599
0.533
0.707
0.781
0.776
0.78
0.664
0.701
0.713
0.675
0.673
0.554
0.61
0.631
0.617
0.72
0.751
0.686
0.676
0.668
0.611
0.592
0.633
0.635
0.629
0.6
0.707
0.739
0.679
0.754
0.785
0.767
0.675
0.807
0.779
0.753
0.761
0.761
0.775
0.704
0.669
0.737
0.762
0.628
0.63
0.722
0.679
0.686
0.713
0.757
0.788
0.776
0.795
0.838
0.797
0.767
0.802
0.72
0.688
0.742
0.757
0.76
0.771
0.747
0.78
0.727
0.678
0.734
0.745
0.695
0.764
0.818
0.711
0.755
0.775
0.81
0.853
0.874
0.707
0.701
0.774
0.772
0.817
0.798
0.683
0.65
0.718
0.841
0.856
0.827
0.784
0.746
0.658
0.699
0.678
0.599
0.566
0.523
0.521
0.616
0.74
0.722
0.542
0.551
0.495
0.415
0.463
0.537
0.486
0.399
0.502
0.521
0.436
0.422
0.589
0.566
0.437
0.382
0.45
0.589
0.471
0.435
0.671
0.853
0.749
0.603
0.586
0.853
0.858
0.684
0.699
0.662
0.811
0.949
0.905
0.696
0.523
0.73
0.719
0.6
0.728
0.893
0.748
0.615
0.621
0.558
0.641
0.752
0.69
0.625
0.557
0.635
0.654
0.588
0.538
0.672
0.648
0.783
0.669
0.582
0.639
0.653
0.531
0.544
0.694
0.729
0.758
0.735
0.733
0.724
0.598
0.683
0.602
0.548
0.627
0.804
0.731
0.738
0.703
0.721
0.737
0.892
0.834
0.758
0.724
0.586
0.73
0.783
0.705
0.831
0.927
0.816
0.749
0.711
0.712
0.812
0.745
0.838
0.882
0.943
0.919
0.828
0.919
0.876
0.955
0.948
0.62
0.842
0.844
0.836
0.839
0.9
0.749
0.824
0.968
0.962
0.941
0.879
0.962
0.972
0.973
0.785
0.822
0.903
0.873
0.887
0.963
0.846
0.781
0.877
0.616
0.644
0.782
0.612
0.823
0.824
0.905
0.802
0.843
0.936
0.848
0.865
0.698
0.64
0.692
0.746
0.954
0.832
0.74
0.576
0.814
0.883
0.641
0.64
0.744
0.669
0.703
0.863
0.919
0.649
0.777
0.926
0.8
0.841
0.58
0.887
0.932
0.971
0.914
0.813
0.766
0.814
0.887
0.826
0.843
0.659
0.529
0.636
0.645
0.577
0.533
0.624
0.555
0.56
0.629
0.63
0.731
0.73
0.689
0.563
0.589
0.594
0.733
0.587
0.488
0.836
0.924
0.881
0.766
0.693
0.714
0.675
0.536
0.657
0.643
0.745
0.592
0.531
0.461
0.745
0.795
0.698
0.522
0.545
0.769
0.854
0.623
0.596
0.723
0.696
0.583
0.667
0.702
0.668
0.806
0.797
0.816
0.853
0.882
0.805
0.614
0.632
0.588
0.519
0.473
0.583
0.497
0.563
0.731
0.776
0.648
0.716
0.727
0.685
0.679
0.743
0.742
0.747
0.61
0.743
0.758
0.618
0.546
0.649
0.745
0.708
0.901
0.761
0.687
0.678
0.735
0.67
0.583
0.593
0.851
0.945
0.806
0.719
0.732
0.696
0.703
0.695
0.697
0.903
0.73
0.611
0.629
0.623
0.662
0.71
0.812
0.763
0.733
0.771
0.752
0.77
0.9
0.722
0.734
0.789
0.729
0.718
0.768
0.794
0.747
0.766
0.667
0.763
0.714
0.693
0.714
0.803
0.828
0.806
0.764
0.73
0.662
0.731
0.797
0.781
0.724
0.749
0.769
0.816
0.824
0.781
0.803
0.847
0.79
0.793
0.75
0.72
0.743
0.737
0.766
0.745
0.734
0.775
0.825
0.832
0.832
0.842
0.826
0.822
0.731
0.914
0.818
0.833
0.872
0.83
0.793
0.764
0.739
0.771
0.844
0.809
0.88
0.919
0.778
0.737
0.766
0.815
0.862
0.807
0.755
0.762
0.826
0.843
0.824
0.811
0.828
0.811
0.796
0.826
0.847
0.774
0.78
0.742
0.8
0.833
0.87
0.885
0.812
0.735
0.811
0.831
0.743
0.743
0.732
0.673
0.754
0.809
0.803
0.913
0.913
0.839
0.771
0.745
0.765
0.646
0.639
0.672
0.711
0.744
0.861
0.969
0.879
0.707
0.756
0.7
0.678
0.656
0.61
0.586
0.628
0.796
0.79
0.871
0.744
0.694
0.664
0.668
0.709
0.747
0.847
0.879
0.801
0.747
0.776
0.739
0.646
0.583
0.609
0.533
0.63
0.652
0.626
0.651
0.876
0.898
0.944
0.883
0.733
0.814
0.92
0.783
0.679
0.738
0.754
0.806
0.765
0.679
0.831
0.85
0.816
0.809
0.917
0.952
0.934
0.878
0.908
0.91
0.84
0.689
0.837
0.79
0.754
0.611
0.851
0.926
0.637
0.76
0.984
0.92
0.944
0.942
0.911
0.986
0.981
0.836
0.9
0.894
0.85
0.802
0.896
0.847
0.831
0.894
0.923
0.867
0.93
0.941
0.945
0.945
0.93
0.965
0.969
0.97
0.966
0.984
0.919
0.873
0.977
0.992
0.962
0.988
0.998
1.004
0.966
0.96
0.969
0.957
0.863
0.921
0.95
0.981
0.978
0.824
0.884
0.893
0.929
0.945
0.964
0.947
0.887
0.836
0.815
0.869
0.959
0.937
0.828
0.844
0.961
0.816
0.579
0.73
0.818
0.957
0.895
0.874
0.553
0.543
0.596
0.847
0.642
0.836
0.904
0.899
0.898
0.732
0.745
0.503
0.583
0.82
0.806
0.745
0.698
0.638
0.74
0.728
0.756
0.625
0.704
0.79
0.905
0.752
0.733
0.866
0.908
0.777
0.661
0.763
0.756
0.658
0.659
0.682
0.615
0.623
0.57
0.584
0.727
0.802
0.756
0.794
0.638
0.653
0.686
0.657
0.911
0.803
0.712
0.684
0.819
0.875
0.711
0.721
0.639
0.847
0.857
0.684
0.641
0.572
0.834
0.843
0.809
0.747
0.748
0.548
0.528
0.599
0.595
0.529
0.497
0.52
0.613
0.598
0.59
0.758
0.689
0.768
0.712
0.575
0.593
0.669
0.745
0.586
0.615
0.905
0.866
0.807
0.761
0.707
0.665
0.79
0.831
0.639
0.771
0.764
0.82
0.848
0.837
0.791
0.702
0.639
0.807
0.854
0.868
0.786
0.851
0.951
0.823
0.656
0.606
0.686
0.736
0.681
0.662
0.706
0.684
0.73
0.62
0.595
0.656
0.72
0.76
0.815
0.731
0.659
0.597
0.672
0.643
0.651
0.675
0.759
0.781
0.697
0.8
0.839
0.743
0.637
0.748
0.779
0.681
0.698
0.722
0.707
0.679
0.685
0.613
0.645
0.731
0.805
0.808
0.784
0.765
0.781
0.759
0.773
0.788
0.825
0.718
0.845
0.893
0.791
0.751
0.716
0.796
0.821
0.756
0.685
0.714
0.794
0.803
0.822
0.839
0.826
0.831
0.778
0.704
0.626
0.781
0.798
0.8
0.796
0.853
0.709
0.842
0.876
0.808
0.817
0.839
0.774
0.753
0.691
0.728
0.794
0.754
0.655
0.672
0.74
0.692
0.645
0.674
0.757
0.835
0.806
0.717
0.614
0.722
0.751
0.706
0.63
0.694
0.874
0.948
0.821
0.758
0.825
0.781
0.923
0.908
0.82
0.806
0.782
0.768
0.669
0.663
0.685
0.64
0.735
0.96
0.781
0.645
0.638
0.614
0.755
0.918
0.936
0.879
0.901
0.731
0.861
0.736
0.645
0.696
0.694
0.739
0.868
0.863
0.91
0.797
0.685
0.724
0.633
0.662
0.69
0.64
0.628
0.784
0.707
0.635
0.672
0.609
0.646
0.746
0.74
0.772
0.731
0.623
0.607
0.785
0.762
0.791
0.808
0.752
0.881
0.756
0.648
0.656
0.667
0.8
0.846
0.752
0.843
0.812
0.95
0.939
0.84
0.811
0.81
0.805
0.762
0.725
0.837
0.82
0.805
0.711
0.762
0.936
0.944
0.951
0.86
0.911
0.976
0.904
0.931
0.678
0.681
0.696
0.851
0.591
0.678
0.815
0.904
0.911
0.707
0.808
0.843
0.922
0.853
0.845
0.925
0.9
0.933
0.893
0.891
0.927
0.944
0.937
0.925
0.914
0.869
0.914
0.769
0.84
0.803
0.867
0.925
0.933
0.9
0.901
0.95
0.753
0.705
0.746
0.823
0.896
0.964
0.962
0.948
0.807
0.867
0.863
0.89
0.919
0.883
0.897
0.857
0.957
0.847
0.823
0.793
0.73
0.755
0.869
0.765
0.737
0.771
0.939
0.865
0.839
0.732
0.716
0.735
0.934
0.695
0.534
0.76
0.84
0.893
0.56
0.81
0.78
0.809
0.837
0.87
0.54
0.482
0.718
0.791
0.81
0.848
0.803
0.747
0.831
0.826
0.903
0.835
0.41
0.661
0.746
0.904
0.942
0.957
0.928
0.913
0.815
0.718
0.714
0.911
0.874
0.666
0.686
0.632
0.598
0.877
0.919
0.766
0.76
0.773
0.871
0.869
0.84
0.774
0.784
0.776
0.776
0.857
0.824
0.892
0.739
0.708
0.72
0.67
0.769
0.908
0.835
0.735
0.698
0.873
0.669
0.646
0.652
0.846
0.864
0.939
0.888
0.686
0.757
0.924
0.956
0.779
0.735
0.867
0.888
0.819
0.702
0.716
0.692
0.612
0.716
0.817
0.881
0.807
0.706
0.764
0.765
0.807
0.764
0.715
0.685
0.808
0.878
0.812
0.896
0.792
0.722
0.711
0.717
0.737
0.771
0.78
0.793
0.808
0.746
0.702
0.657
0.664
0.744
0.658
0.67
0.657
0.684
0.664
0.774
0.804
0.765
0.621
0.75
0.826
0.766
0.741
0.743
0.733
0.714
0.636
0.653
0.763
0.758
0.684
0.607
0.644
0.632
0.664
0.755
0.758
0.783
0.765
0.737
0.737
0.778
0.82
0.781
0.75
0.804
0.822
0.814
0.838
0.813
0.724
0.715
0.774
0.759
0.792
0.778
0.799
0.76
0.721
0.642
0.614
0.699
0.763
0.711
0.739
0.782
0.737
0.726
0.751
0.884
0.798
0.697
0.826
0.858
0.888
0.776
0.689
0.697
0.779
0.779
0.685
0.699
0.73
0.692
0.712
0.626
0.588
0.57
0.515
0.419
0.403
0.488
0.584
0.446
0.375
0.488
0.727
0.627
0.464
0.566
0.722
0.829
0.796
0.724
0.687
0.579
0.614
0.802
0.935
0.799
0.705
0.705
0.738
0.739
0.772
0.801
0.772
0.612
0.614
0.534
0.543
0.598
0.706
0.784
0.685
0.491
0.546
0.658
0.541
0.691
0.772
0.606
0.632
0.607
0.762
0.71
0.855
0.909
0.778
0.651
0.765
0.75
0.683
0.643
0.575
0.635
0.741
0.71
0.854
0.693
0.719
0.842
0.936
0.853
0.789
0.707
0.743
0.838
0.843
0.794
0.731
0.792
0.671
0.815
0.825
0.866
0.876
0.774
0.732
0.849
0.839
0.771
0.822
0.653
0.706
0.822
0.855
0.923
0.902
0.963
0.931
0.832
0.932
0.894
0.939
0.926
0.944
0.936
0.831
0.926
0.947
0.98
0.861
0.737
0.777
0.673
0.82
0.943
0.938
0.976
0.98
1.009
0.954
0.945
0.896
0.913
0.945
0.945
0.963
0.933
0.934
0.978
0.978
0.887
0.795
0.855
0.824
0.814
0.784
0.906
0.853
0.851
0.847
0.863
0.818
0.823
0.729
0.842
0.89
0.884
0.734
0.922
0.935
0.934
0.989
0.979
0.995
0.975
0.905
0.673
0.853
0.847
0.781
0.812
0.925
0.761
0.761
0.814
0.922
0.889
0.866
0.942
0.958
0.982
0.986
0.956
0.995
0.9
0.882
0.755
0.843
0.98
0.968
0.977
0.97
0.816
0.956
0.942
0.876
0.967
0.9
0.814
0.708
0.83
0.849
0.934
0.906
0.778
0.858
0.745
0.888
0.931
0.868
0.893
0.821
0.783
0.676
0.812
0.726
0.6
0.694
0.855
0.591
0.712
0.771
0.751
0.778
0.939
0.894
0.67
0.916
0.913
0.859
0.812
0.722
0.646
0.679
0.626
0.621
0.62
0.786
0.888
0.778
0.733
0.816
0.821
0.647
0.476
0.648
0.671
0.469
0.567
0.638
0.682
0.728
0.902
0.814
0.669
0.816
0.761
0.8
0.86
0.883
0.823
0.846
0.864
0.686
0.656
0.863
0.833
0.828
0.875
0.86
0.87
0.757
0.706
0.78
0.766
0.765
0.753
0.706
0.686
0.719
0.782
0.887
0.732
0.603
0.825
0.908
0.805
0.67
0.831
0.772
0.741
0.678
0.788
0.89
0.873
0.755
0.725
0.788
0.846
0.79
0.747
0.735
0.677
0.62
0.618
0.63
0.688
0.762
0.752
0.666
0.748
0.733
0.717
0.689
0.677
0.781
0.836
0.8
0.812
0.833
0.867
0.864
0.824
0.78
0.691
0.687
0.782
0.788
0.735
0.823
0.736
0.718
0.846
0.839
0.817
0.761
0.768
0.82
0.865
0.877
0.741
0.69
0.767
0.775
0.831
0.813
0.824
0.845
0.822
0.828
0.81
0.825
0.805
0.816
0.839
0.837
0.81
0.844
0.869
0.82
0.775
0.717
0.767
0.843
0.873
0.748
0.713
0.859
0.875
0.818
0.827
0.843
0.803
0.795
0.972
0.939
0.884
0.837
0.755
0.712
0.751
0.823
0.845
0.836
0.807
0.79
0.788
0.817
0.813
0.716
0.642
0.742
0.852
0.766
0.664
0.896
0.795
0.822
0.772
0.716
0.819
0.796
0.813
0.732
0.668
0.645
0.686
0.83
0.722
0.64
0.639
0.69
0.659
0.764
0.758
0.72
0.59
0.749
0.748
0.816
0.713
0.601
0.75
0.705
0.765
0.732
0.706
0.644
0.81
0.845
0.717
0.768
0.803
0.72
0.771
0.848
0.855
0.83
0.76
0.857
0.833
0.688
0.608
0.573
0.576
0.88
0.901
0.7
0.599
0.754
0.918
0.856
0.923
0.845
0.78
0.817
0.888
0.804
0.872
0.614
0.796
0.881
0.863
0.812
0.752
0.747
0.647
0.591
0.716
0.918
0.941
0.875
0.89
0.889
0.978
0.887
0.668
0.797
0.925
0.951
0.908
0.87
0.822
0.886
0.843
0.825
0.874
0.949
0.945
0.903
0.925
0.883
0.764
0.94
0.841
0.769
0.797
0.951
0.952
0.902
0.936
0.877
0.793
0.9
0.884
0.798
0.892
0.945
0.925
0.859
0.887
0.855
0.937
0.948
0.848
0.765
0.87
0.863
0.789
0.871
0.874
0.955
0.962
0.883
0.871
0.878
0.88
0.959
0.995
0.963
0.927
0.935
0.977
0.926
0.919
0.926
0.936
0.847
0.9
0.915
0.923
0.882
0.864
0.879
0.895
0.889
0.935
0.869
0.818
0.875
0.922
0.885
0.866
0.838
0.742
0.703
0.807
0.853
0.826
0.924
0.907
0.85
0.743
0.761
0.752
0.706
0.731
0.532
0.522
0.762
0.735
0.851
0.855
0.911
0.856
0.917
0.734
0.568
0.658
0.839
0.896
0.908
0.876
0.852
0.846
0.934
0.892
0.854
0.803
0.751
0.707
0.556
0.607
0.752
0.755
0.734
0.663
0.72
0.778
0.829
0.678
0.592
0.643
0.753
0.701
0.695
0.805
0.772
0.853
0.812
0.627
0.759
0.705
0.719
0.635
0.634
0.758
0.834
0.883
0.67
0.675
0.756
0.688
0.814
0.751
0.72
0.718
0.737
0.696
0.708
0.772
0.866
0.759
0.755
0.78
0.77
0.805
0.814
0.775
0.757
0.769
0.807
0.778
0.791
0.801
0.739
0.803
0.813
0.696
0.69
0.692
0.657
0.639
0.636
0.702
0.744
0.742
0.821
0.929
0.891
0.808
0.829
0.762
0.788
0.798
0.8
0.764
0.646
0.728
0.754
0.698
0.721
0.866
0.702
0.699
0.728
0.724
0.683
0.707
0.715
0.806
0.808
0.798
0.785
0.773
0.804
0.776
0.776
0.783
0.849
0.816
0.823
0.79
0.758
0.782
0.828
0.773
0.773
0.785
0.821
0.804
0.762
0.806
0.89
0.92
0.842
0.775
0.818
0.848
0.796
0.744
0.824
0.855
0.863
0.766
0.757
0.739
0.767
0.835
0.844
0.83
0.804
0.772
0.748
0.742
0.747
0.858
0.89
0.931
0.863
0.792
0.831
0.815
0.802
0.817
0.843
0.857
0.885
0.882
0.764
0.74
0.762
0.829
0.797
0.785
0.776
0.83
0.901
0.857
0.709
0.692
0.739
0.747
0.731
0.763
0.804
0.816
0.743
0.725
0.719
0.631
0.596
0.628
0.685
0.745
0.697
0.673
0.705
0.856
0.68
0.637
0.752
0.574
0.63
0.64
0.584
0.563
0.664
0.711
0.617
0.72
0.722
0.86
0.812
0.846
0.779
0.597
0.819
0.929
0.906
0.848
0.81
0.885
0.838
0.675
0.638
0.784
0.776
0.843
0.79
0.642
0.774
0.926
0.783
0.909
0.738
0.731
0.775
0.645
0.57
0.605
0.775
0.75
0.732
0.694
0.595
0.777
0.904
0.947
0.967
0.914
0.81
0.786
0.908
0.986
0.903
0.787
0.752
0.82
0.795
0.871
0.847
0.83
0.841
0.8
0.884
0.932
0.982
0.871
0.877
0.976
0.837
0.907
0.864
0.793
0.747
0.746
0.794
0.807
0.892
0.761
0.897
0.908
0.909
0.93
0.968
0.926
0.932
0.931
0.971
0.977
0.977
0.91
0.997
0.98
0.917
0.958
0.961
0.94
0.96
0.969
0.982
0.994
0.981
0.929
0.882
0.795
0.812
0.727
0.666
0.912
0.875
0.866
0.878
0.838
1.019
0.974
0.967
0.918
0.939
1.012
0.965
0.965
0.943
0.967
0.965
0.971
0.939
0.887
0.876
0.938
0.964
0.87
0.901
0.897
0.829
0.909
0.953
0.85
0.673
0.56
0.773
0.877
0.921
0.946
0.851
0.883
0.893
0.862
0.893
0.957
0.898
0.792
0.863
0.956
0.927
0.88
0.898
0.591
0.572
0.707
0.92
0.877
0.708
0.677
0.736
0.749
0.777
0.822
0.927
0.895
0.821
0.811
0.914
0.826
0.811
0.821
0.77
0.85
0.744
0.697
0.789
0.805
0.837
0.695
0.691
0.672
0.724
0.843
0.811
0.741
0.72
0.728
0.778
0.731
0.651
0.702
0.664
0.579
0.606
0.619
0.72
0.828
0.913
0.931
0.824
0.712
0.851
0.807
0.727
0.768
0.815
0.708
0.719
0.812
0.631
0.631
0.598
0.611
0.662
0.646
0.694
0.706
0.866
0.808
0.809
0.788
0.746
0.673
0.666
0.822
0.846
0.666
0.71
0.796
0.804
0.782
0.666
0.678
0.684
0.679
0.597
0.612
0.654
0.8
0.863
0.796
0.706
0.665
0.622
0.641
0.656
0.678
0.727
0.762
0.821
0.764
0.781
0.76
0.721
0.783
0.777
0.71
0.622
0.721
0.634
0.632
0.665
0.619
0.681
0.682
0.727
0.717
0.779
0.757
0.749
0.7
0.754
0.744
0.752
0.758
0.694
0.636
0.623
0.765
0.789
0.856
0.804
0.848
0.812
0.823
0.805
0.729
0.782
0.766
0.757
0.786
0.832
0.767
0.895
0.769
0.713
0.711
0.722
0.697
0.721
0.707
0.747
0.834
0.797
0.772
0.733
0.758
0.774
0.806
0.795
0.818
0.906
0.88
0.804
0.746
0.797
0.777
0.842
0.805
0.765
0.783
0.775
0.758
0.798
0.835
0.714
0.651
0.856
0.844
0.719
0.659
0.663
0.575
0.675
0.684
0.644
0.682
0.724
0.691
0.614
0.514
0.547
0.634
0.653
0.88
0.899
0.75
0.713
0.727
0.566
0.648
0.85
0.866
0.811
0.832
0.775
0.662
0.734
0.607
0.639
0.7
0.716
0.686
0.675
0.715
0.728
0.76
0.776
0.858
0.878
0.839
0.848
0.754
0.663
0.661
0.617
0.634
0.616
0.809
0.841
0.751
0.679
0.88
0.803
0.64
0.658
0.618
0.543
0.624
0.707
0.778
0.661
0.609
0.631
0.764
0.793
0.762
0.77
0.83
0.601
0.638
0.569
0.656
0.621
0.948
0.897
0.725
0.838
0.772
0.747
0.815
0.751
0.692
0.836
0.724
0.653
0.836
0.887
0.88
0.719
0.823
0.811
0.811
0.948
0.912
0.892
0.865
0.934
0.935
0.98
0.961
0.912
0.917
0.913
0.976
0.963
0.882
0.919
0.903
0.936
0.95
0.996
0.964
0.958
0.986
0.944
0.968
0.932
0.959
0.955
0.974
0.931
0.895
0.955
0.93
0.922
0.716
0.729
0.859
0.85
0.833
0.92
0.833
0.902
0.852
0.72
0.738
0.939
0.898
0.843
0.922
0.897
0.751
0.867
0.82
0.859
0.782
0.755
0.793
0.891
0.87
0.804
0.789
0.877
0.965
0.948
0.881
0.825
0.825
0.79
0.724
0.871
0.9
0.852
0.812
0.824
0.808
0.847
0.87
0.511
0.489
0.512
0.656
0.784
0.815
0.824
0.783
0.614
0.772
0.785
0.73
0.886
0.739
0.748
0.779
0.886
0.818
0.789
0.963
0.907
0.849
0.897
0.836
0.757
0.656
0.636
0.749
0.617
0.678
0.71
0.586
0.678
0.779
0.726
0.728
0.773
0.673
0.805
0.759
0.64
0.73
0.786
0.824
0.828
0.738
0.746
0.666
0.823
0.802
0.681
0.628
0.605
0.714
0.715
0.726
0.763
0.714
0.783
0.763
0.716
0.636
0.615
0.607
0.679
0.744
0.773
0.651
0.606
0.62
0.668
0.766
0.809
0.753
0.753
0.716
0.736
0.744
0.594
0.546
0.629
0.729
0.864
0.88
0.847
0.88
0.925
0.831
0.779
0.763
0.837
0.748
0.729
0.682
0.582
0.567
0.737
0.838
0.766
0.702
0.671
0.622
0.704
0.776
0.804
0.739
0.76
0.593
0.534
0.628
0.74
0.733
0.777
0.692
0.742
0.731
0.668
0.583
0.552
0.648
0.737
0.762
0.7
0.763
0.808
0.82
0.714
0.669
0.761
0.767
0.743
0.737
0.678
0.663
0.745
0.789
0.793
0.759
0.68
0.649
0.637
0.762
0.809
0.753
0.834
0.806
0.802
0.831
0.782
0.757
0.808
0.809
0.812
0.795
0.806
0.725
0.739
0.775
0.784
0.838
0.845
0.819
0.813
0.805
0.807
0.823
0.863
0.81
0.742
0.825
0.834
0.828
0.828
0.828
0.839
0.788
0.752
0.817
0.799
0.731
0.758
0.825
0.84
0.829
0.718
0.736
0.786
0.773
0.749
0.754
0.778
0.922
0.951
0.899
0.856
0.862
0.815
0.844
0.744
0.721
0.736
0.691
0.707
0.728
0.837
0.846
0.821
0.743
0.753
0.739
0.735
0.661
0.786
0.782
0.78
0.675
0.819
0.821
0.818
0.706
0.605
0.586
0.745
0.663
0.756
0.722
0.68
0.785
0.799
0.788
0.641
0.687
0.661
0.623
0.72
0.791
0.644
0.683
0.707
0.598
0.616
0.955
0.869
0.911
0.785
0.713
0.831
0.831
0.79
0.739
0.682
0.907
0.8
0.652
0.717
0.794
0.697
0.637
0.754
0.701
0.668
0.687
0.845
0.916
0.831
0.831
0.955
0.785
0.807
0.796
0.867
0.978
0.854
0.81
0.87
0.727
0.668
0.728
0.784
0.674
0.665
0.795
0.796
0.696
0.829
0.904
0.925
0.752
0.718
0.646
0.669
0.72
0.771
0.571
0.394
0.546
0.677
0.765
0.879
0.868
0.86
0.812
0.941
0.822
0.766
0.776
0.885
0.981
0.907
0.897
0.911
0.937
0.908
0.838
0.823
0.857
0.874
0.901
0.836
0.84
0.89
0.982
0.938
0.894
0.858
0.852
0.678
0.774
0.898
0.972
0.93
0.933
0.811
0.558
0.698
0.859
0.737
0.893
0.957
0.912
0.938
0.811
0.829
0.927
0.886
0.843
0.898
0.85
0.916
0.904
0.737
0.676
0.722
0.794
0.862
0.886
0.891
0.886
0.898
0.931
0.94
0.852
0.885
0.893
0.963
0.873
0.96
0.906
0.943
0.928
0.809
0.893
0.967
0.961
0.918
0.864
0.91
0.842
0.842
0.828
0.791
0.5
0.819
0.85
0.833
0.802
0.708
0.661
0.831
0.868
0.868
0.677
0.656
0.574
0.705
0.828
0.864
0.869
0.944
0.915
0.82
0.757
0.782
0.823
0.662
0.722
0.794
0.831
0.73
0.738
0.936
0.689
0.623
0.615
0.788
0.801
0.686
0.863
0.927
0.777
0.672
0.75
0.684
0.707
0.752
0.804
0.681
0.521
0.54
0.694
0.776
0.894
0.913
0.909
0.808
0.715
0.776
0.819
0.818
0.752
0.792
0.812
0.681
0.66
0.682
0.703
0.713
0.635
0.791
0.735
0.603
0.696
0.78
0.794
0.644
0.618
0.755
0.768
0.722
0.575
0.569
0.696
0.689
0.74
0.703
0.672
0.644
0.544
0.588
0.662
0.682
0.779
0.837
0.691
0.664
0.743
0.711
0.557
0.542
0.623
0.624
0.61
0.652
0.505
0.613
0.582
0.701
0.653
0.649
0.64
0.609
0.681
0.702
0.678
0.709
0.773
0.703
0.607
0.605
0.659
0.601
0.683
0.76
0.662
0.621
0.673
0.726
0.712
0.737
0.672
0.713
0.625
0.716
0.601
0.691
0.782
0.808
0.758
0.623
0.601
0.629
0.722
0.706
0.726
0.802
0.765
0.797
0.752
0.614
0.651
0.677
0.714
0.647
0.87
0.822
0.828
0.806
0.771
0.809
0.729
0.684
0.693
0.58
0.673
0.756
0.653
0.608
0.86
0.983
0.923
0.872
0.794
0.805
0.857
0.804
0.755
0.755
0.687
0.817
0.78
0.724
0.714
0.706
0.774
0.684
0.71
0.755
0.857
0.892
0.815
0.829
0.782
0.673
0.724
0.719
0.625
0.659
0.697
0.709
0.772
0.724
0.663
0.596
0.695
0.661
0.79
0.775
0.678
0.602
0.591
0.697
0.798
0.728
0.649
0.714
0.697
0.716
0.617
0.64
0.762
0.865
0.722
0.629
0.629
0.631
0.757
0.734
0.747
0.731
0.574
0.507
0.577
0.935
0.762
0.734
0.796
0.895
0.684
0.55
0.599
0.648
0.669
0.566
0.567
0.595
0.668
0.625
0.745
0.58
0.635
0.688
0.783
0.861
0.821
0.774
0.626
0.645
0.662
0.864
0.791
0.878
0.913
0.886
0.79
0.849
0.882
0.934
0.85
0.831
0.802
0.842
0.911
0.924
0.884
0.734
0.882
0.905
0.96
0.949
0.953
0.961
0.976
0.935
0.946
0.868
0.862
0.949
0.938
1.002
0.964
0.984
1.01
0.928
0.928
0.816
0.899
0.834
0.934
0.965
0.912
0.937
0.918
0.917
0.884
0.879
0.894
0.903
0.981
0.956
0.934
0.909
0.828
0.911
0.825
0.861
0.832
0.882
0.904
0.908
0.849
0.818
0.682
0.838
0.901
0.891
0.862
0.842
0.913
0.936
0.902
0.819
0.81
0.827
0.961
0.946
0.97
0.964
0.999
0.98
0.907
0.88
0.842
0.832
0.568
0.889
0.903
0.922
0.901
0.876
0.947
0.886
0.469
0.48
0.713
0.928
0.893
0.882
0.91
0.941
0.809
0.724
0.911
0.881
0.816
0.909
0.941
0.932
0.919
0.875
0.868
0.821
0.884
0.864
0.849
0.842
0.829
0.759
0.745
0.703
0.917
0.976
0.748
0.81
0.901
0.846
0.755
0.672
0.769
0.779
0.843
0.711
0.838
0.925
0.898
0.666
0.689
0.93
0.786
0.751
0.758
0.759
0.776
0.868
0.868
0.854
0.882
0.754
0.581
0.63
0.699
0.68
0.699
0.851
0.786
0.721
0.667
0.655
0.698
0.727
0.662
0.702
0.728
0.642
0.755
0.795
0.798
0.729
0.606
0.589
0.743
0.962
0.833
0.74
0.835
0.853
0.757
0.86
0.809
0.779
0.72
0.734
0.689
0.655
0.727
0.74
0.701
0.715
0.63
0.747
0.841
0.727
0.588
0.597
0.761
0.715
0.605
0.68
0.81
0.787
0.76
0.776
0.764
0.746
0.834
0.69
0.698
0.758
0.74
0.644
0.738
0.74
0.72
0.729
0.633
0.708
0.723
0.719
0.736
0.748
0.824
0.801
0.818
0.775
0.796
0.692
0.737
0.879
0.817
0.788
0.801
0.774
0.831
0.795
0.766
0.787
0.782
0.798
0.771
0.691
0.78
0.8
0.742
0.781
0.838
0.817
0.806
0.797
0.72
0.773
0.837
0.757
0.747
0.731
0.791
0.809
0.82
0.815
0.752
0.788
0.833
0.83
0.793
0.785
0.754
0.8
0.814
0.739
0.758
0.775
0.769
0.719
0.799
0.797
0.814
0.803
0.808
0.813
0.745
0.765
0.791
0.764
0.821
0.857
0.801
0.708
0.59
0.62
0.699
0.644
0.676
0.767
0.703
0.683
0.678
0.71
0.574
0.624
0.781
0.878
0.847
0.837
0.739
0.712
0.758
0.728
0.63
0.661
0.742
0.713
0.681
0.628
0.73
0.805
0.75
0.738
0.773
0.751
0.735
0.711
0.621
0.59
0.701
0.662
0.772
0.677
0.492
0.628
0.577
0.469
0.665
0.73
0.805
0.653
0.604
0.556
0.505
0.7
0.639
0.664
0.786
0.835
0.711
0.662
0.697
0.665
0.553
0.605
0.744
0.755
0.708
0.599
0.496
0.571
0.759
0.648
0.793
0.773
0.731
0.734
0.85
0.914
0.992
0.76
0.73
0.715
0.566
0.759
0.727
0.647
0.584
0.828
0.896
0.801
0.782
0.812
0.806
0.928
0.944
0.874
0.815
0.843
0.62
0.701
0.783
0.844
0.851
0.929
0.814
0.819
0.667
0.741
0.874
0.773
0.937
0.958
0.986
0.979
0.946
0.836
0.939
0.98
0.897
0.958
1.019
0.942
0.801
0.809
0.779
0.68
0.765
0.898
0.913
0.737
0.873
0.965
0.881
0.925
0.955
0.929
0.935
0.927
0.888
0.897
0.846
0.971
0.917
0.949
0.912
0.945
1.008
1.003
0.816
0.86
0.887
0.893
0.933
0.971
0.708
0.824
0.906
0.755
0.832
0.832
0.738
0.909
0.904
0.891
0.837
0.918
0.966
0.826
0.808
0.921
0.882
0.729
0.553
0.847
0.803
0.687
0.788
0.841
0.766
0.694
0.755
0.899
0.957
0.639
0.718
0.586
0.471
0.344
0.614
0.852
0.856
0.967
0.83
0.912
0.905
0.429
0.617
0.638
0.628
0.713
0.692
0.791
0.748
0.612
0.577
0.57
0.694
0.636
0.834
0.805
0.656
0.773
0.874
0.75
0.736
0.671
0.597
0.88
0.712
0.773
0.872
0.756
0.633
0.599
0.663
0.726
0.632
0.77
0.945
0.895
0.686
0.553
0.558
0.709
0.953
0.843
0.766
0.673
0.693
0.702
0.655
0.625
0.794
0.859
0.869
0.815
0.707
0.581
0.555
0.697
0.727
0.824
0.756
0.791
0.756
0.662
0.525
0.735
0.747
0.676
0.829
0.629
0.516
0.494
0.516
0.582
0.622
0.747
0.681
0.745
0.827
0.857
0.9
0.797
0.658
0.646
0.742
0.857
0.846
0.707
0.653
0.594
0.613
0.795
0.803
0.842
0.93
0.825
0.682
0.678
0.649
0.675
0.824
0.806
0.788
0.762
0.76
0.736
0.712
0.642
0.645
0.767
0.71
0.64
0.697
0.855
0.866
0.897
0.85
0.828
0.804
0.697
0.689
0.701
0.726
0.703
0.799
0.724
0.681
0.651
0.692
0.789
0.737
0.819
0.788
0.756
0.78
0.867
0.872
0.787
0.845
0.811
0.783
0.77
0.849
0.734
0.778
0.732
0.781
0.734
0.806
0.795
0.659
0.641
0.828
0.812
0.839
0.844
0.769
0.734
0.712
0.639
0.629
0.725
0.815
0.74
0.805
0.715
0.795
0.761
0.659
0.556
0.664
0.722
0.898
0.819
0.731
0.667
0.653
0.645
0.655
0.642
0.585
0.594
0.807
0.925
0.864
0.772
0.724
0.727
0.616
0.633
0.664
0.688
0.702
0.574
0.625
0.692
0.841
0.788
0.771
0.685
0.65
0.768
0.735
0.622
0.648
0.618
0.504
0.806
0.706
0.766
0.667
0.746
0.717
0.776
0.956
0.784
0.67
0.729
0.727
0.768
0.881
0.839
0.684
0.598
0.624
0.691
0.679
0.733
0.959
0.911
0.777
0.611
0.698
0.832
0.734
0.823
0.848
0.602
0.655
0.741
0.601
0.633
0.637
0.63
0.761
0.725
0.786
0.742
0.769
0.76
0.745
0.757
0.763
0.762
0.862
0.86
0.798
0.804
0.801
0.857
0.836
0.825
0.808
0.782
0.736
0.802
0.809
0.667
0.804
0.884
0.654
0.585
0.545
0.749
0.809
0.88
0.596
0.645
0.645
0.81
0.937
0.901
0.649
0.754
0.777
0.943
0.9
0.932
0.931
0.926
0.947
0.932
0.851
0.784
0.898
0.755
0.894
0.964
0.891
0.784
0.756
0.86
0.917
0.933
0.913
0.914
0.822
0.911
0.927
0.922
0.952
0.973
0.955
0.965
0.984
0.986
0.981
0.941
0.97
0.963
0.945
0.935
0.943
0.768
0.729
0.806
0.6
0.739
0.838
0.895
0.937
0.939
0.874
0.901
0.888
0.916
0.868
0.953
0.929
0.923
0.982
0.956
0.95
0.974
0.943
0.954
0.956
0.976
0.965
0.896
0.982
0.959
0.948
0.881
0.881
0.921
0.948
0.928
0.883
0.911
0.878
0.827
0.794
0.759
0.756
0.783
0.885
0.833
0.884
1.005
0.951
0.892
0.688
0.524
0.525
0.685
0.708
0.804
0.872
0.789
0.607
0.746
0.625
0.727
0.93
0.826
0.686
0.588
0.651
0.619
0.618
0.62
0.571
0.636
0.66
0.85
0.714
0.606
0.624
0.557
0.73
0.669
0.54
0.693
0.583
0.64
0.655
0.575
0.513
0.547
0.622
0.761
0.832
0.916
0.698
0.576
0.524
0.662
0.739
0.805
0.722
0.622
0.61
0.687
0.721
0.82
0.648
0.495
0.847
0.908
0.857
0.748
0.667
0.681
0.905
0.954
0.825
0.625
0.667
0.806
0.717
0.735
0.724
0.7
0.667
0.714
0.702
0.612
0.674
0.769
0.668
0.771
0.744
0.798
0.824
0.701
0.611
0.86
0.712
0.714
0.764
0.793
0.817
0.865
0.762
0.741
0.758
0.76
0.735
0.704
0.732
0.769
0.76
0.691
0.65
0.795
0.812
0.732
0.639
0.603
0.575
0.561
0.674
0.751
0.699
0.699
0.681
0.801
0.692
0.639
0.76
0.795
0.797
0.759
0.763
0.75
0.815
0.796
0.779
0.799
0.729
0.802
0.8
0.835
0.729
0.675
0.809
0.809
0.656
0.746
0.798
0.8
0.794
0.832
0.825
0.782
0.705
0.706
0.717
0.73
0.82
0.789
0.799
0.805
0.772
0.744
0.656
0.657
0.584
0.617
0.714
0.75
0.774
0.811
0.739
0.643
0.534
0.467
0.532
0.518
0.465
0.475
0.547
0.584
0.573
0.481
0.383
0.39
0.497
0.563
0.565
0.708
0.722
0.478
0.493
0.496
0.637
0.768
0.541
0.678
0.692
0.506
0.539
0.565
0.481
0.571
0.617
0.806
0.933
0.807
0.693
0.664
0.701
0.755
0.708
0.616
0.572
0.525
0.49
0.419
0.575
0.491
0.577
0.621
0.664
0.538
0.586
0.533
0.524
0.519
0.469
0.512
0.476
0.409
0.448
0.677
0.764
0.533
0.503
0.606
0.473
0.56
0.584
0.663
0.616
0.588
0.624
0.669
0.475
0.452
0.543
0.711
0.717
0.597
0.622
0.747
0.574
0.623
0.773
0.764
0.643
0.786
0.813
0.779
0.814
0.703
0.932
0.771
0.862
0.887
0.822
0.934
0.768
0.667
0.724
0.636
0.764
0.822
0.774
0.885
0.897
0.874
0.897
0.917
0.83
0.819
0.894
0.938
0.932
0.936
0.956
0.965
0.946
0.948
0.933
0.878
0.9
0.91
0.885
0.962
0.98
0.946
0.951
0.958
0.594
0.712
0.763
0.603
0.832
0.805
0.872
0.909
0.856
0.938
0.885
0.877
0.902
0.926
0.802
0.887
0.979
0.928
0.88
0.808
0.854
0.778
0.932
0.962
0.954
0.943
0.945
0.949
0.936
0.91
0.939
0.934
0.918
0.988
0.972
1.013
0.976
0.882
0.888
0.919
0.972
0.907
0.944
0.91
0.9
0.893
0.85
0.754
0.689
0.621
0.924
0.901
0.956
0.922
0.908
0.914
0.889
0.892
0.773
0.814
0.789
0.824
0.89
0.833
0.83
0.798
0.961
0.943
0.796
0.803
0.789
0.762
0.907
0.85
0.781
0.759
0.74
0.718
0.794
0.866
0.912
0.775
0.577
0.511
0.531
0.59
0.561
0.648
0.749
0.625
0.753
0.734
0.903
0.718
0.649
0.784
0.911
0.851
0.813
0.799
0.736
0.615
0.562
0.777
0.8
0.697
0.811
0.912
0.935
0.767
0.866
0.827
0.825
0.933
0.798
0.784
0.777
0.753
0.637
0.749
0.765
0.853
0.755
0.608
0.703
0.682
0.769
0.717
0.757
0.833
0.808
0.766
0.791
0.919
0.897
0.934
0.883
0.86
0.844
0.729
0.679
0.735
0.75
0.805
0.791
0.925
0.83
0.855
0.725
0.702
0.686
0.668
0.686
0.682
0.727
0.655
0.695
0.703
0.748
0.776
0.796
0.788
0.706
0.66
0.75
0.743
0.743
0.773
0.754
0.833
0.802
0.768
0.829
0.885
0.79
0.698
0.715
0.777
0.75
0.647
0.658
0.731
0.776
0.696
0.663
0.65
0.679
0.729
0.65
0.675
0.754
0.794
0.772
0.756
0.78
0.799
0.792
0.815
0.828
0.783
0.773
0.791
0.78
0.789
0.783
0.758
0.776
0.771
0.788
0.709
0.651
0.705
0.806
0.821
0.822
0.82
0.791
0.829
0.831
0.816
0.795
0.715
0.634
0.705
0.811
0.809
0.711
0.631
0.689
0.686
0.644
0.769
0.691
0.573
0.693
0.764
0.755
0.734
0.762
0.666
0.555
0.668
0.638
0.571
0.508
0.685
0.75
0.78
0.916
0.934
0.882
0.822
0.756
0.726
0.695
0.799
0.733
0.609
0.777
0.774
0.827
0.837
0.812
0.724
0.89
0.797
0.862
0.854
0.788
0.778
0.863
0.871
0.83
0.707
0.701
0.697
0.671
0.719
0.728
0.699
0.613
0.648
0.68
0.755
0.831
0.746
0.614
0.739
0.653
0.717
0.965
0.977
0.814
0.712
0.631
0.711
0.654
0.738
0.879
0.733
0.654
0.677
0.696
0.709
0.591
0.667
0.795
0.698
0.621
0.843
0.805
0.799
0.714
0.676
0.639
0.702
0.862
0.844
0.781
0.57
0.506
0.607
0.804
0.793
0.92
0.843
0.844
0.805
0.802
0.907
0.896
0.971
0.882
0.901
0.903
0.845
0.888
0.985
0.902
0.855
0.848
0.908
0.846
0.795
0.793
0.846
0.931
0.95
0.753
0.88
0.896
0.904
0.945
0.953
0.927
0.842
0.817
0.836
0.86
0.908
0.83
0.88
0.948
0.91
0.924
0.649
0.559
0.645
0.913
0.893
0.886
0.844
0.786
0.86
0.869
0.978
0.798
0.731
0.643
0.841
0.963
0.636
0.732
0.549
0.901
0.902
0.949
0.824
0.848
0.949
0.926
0.887
0.849
0.876
0.839
0.892
0.831
0.792
0.911
0.906
0.859
0.896
0.825
0.809
0.829
0.765
0.807
0.922
0.939
0.925
0.916
0.882
0.83
0.763
0.829
0.892
0.891
0.87
0.93
0.799
0.728
0.75
0.779
0.895
0.831
0.902
0.84
0.807
0.818
0.694
0.71
0.854
0.685
0.65
0.698
0.805
0.811
0.734
0.809
0.825
0.76
0.768
0.758
0.737
0.716
0.719
0.742
0.815
0.856
0.816
0.661
0.73
0.722
0.852
0.868
0.85
0.795
0.813
0.785
0.763
0.692
0.584
0.548
0.568
0.687
0.704
0.656
0.581
0.746
0.805
0.745
0.676
0.646
0.643
0.686
0.819
0.75
0.6
0.577
0.63
0.849
0.623
0.677
0.684
0.749
0.81
0.837
0.727
0.753
0.838
0.781
0.837
0.782
0.681
0.673
0.523
0.517
0.652
0.696
0.554
0.599
0.612
0.622
0.63
0.567
0.583
0.746
0.673
0.65
0.652
0.696
0.717
0.622
0.684
0.621
0.747
0.924
0.689
0.648
0.652
0.74
0.658
0.538
0.521
0.526
0.529
0.702
0.714
0.642
0.625
0.655
0.633
0.71
0.706
0.654
0.633
0.656
0.724
0.609
0.52
0.621
0.6
0.501
0.572
0.642
0.64
0.637
0.665
0.638
0.643
0.606
0.605
0.579
0.706
0.68
0.558
0.628
0.622
0.603
0.659
0.679
0.553
0.47
0.564
0.702
0.822
0.701
0.547
0.579
0.647
0.593
0.551
0.621
0.7
0.564
0.451
0.444
0.557
0.373
0.328
0.515
0.744
0.627
0.525
0.59
0.674
0.836
0.873
0.728
0.65
0.8
0.68
0.646
0.729
0.612
0.518
0.53
0.509
0.453
0.387
0.364
0.412
0.419
0.656
0.698
0.652
0.58
0.5
0.637
0.774
0.739
0.783
0.745
0.641
0.596
0.754
0.71
0.573
0.53
0.564
0.602
0.709
0.569
0.477
0.504
0.807
0.574
0.535
0.548
0.78
0.708
0.604
0.67
0.843
0.839
0.81
0.652
0.643
0.716
0.918
0.844
0.696
0.859
0.777
0.723
0.618
0.662
0.703
0.598
0.641
0.744
0.818
0.79
0.702
0.629
0.681
0.678
0.817
0.727
0.68
0.761
0.759
0.688
0.794
0.762
0.722
0.651
0.778
0.875
0.757
0.702
0.701
0.678
0.629
0.674
0.755
0.758
0.693
0.659
0.58
0.749
0.658
0.612
0.773
0.702
0.711
0.766
0.71
0.676
0.705
0.71
0.745
0.674
0.611
0.752
0.633
0.629
0.689
0.692
0.845
0.845
0.891
0.905
0.782
0.769
0.857
0.938
0.929
0.901
0.721
0.708
0.687
0.725
0.776
0.872
0.877
0.817
0.768
0.848
0.841
0.745
0.815
0.929
0.908
0.936
0.911
0.945
0.973
0.929
0.947
0.935
0.904
0.948
0.915
0.975
0.952
0.93
0.927
0.903
0.871
0.886
0.917
0.956
0.766
0.645
0.619
0.72
0.544
0.686
0.703
0.431
0.379
0.748
0.626
0.674
0.764
0.82
0.948
1.003
0.891
0.842
0.49
0.731
0.845
0.884
0.964
0.934
0.939
0.93
0.875
0.849
0.874
0.75
0.754
0.811
0.798
0.459
0.6
0.541
0.79
0.484
0.669
0.92
0.919
0.842
0.791
0.983
0.988
0.933
0.897
0.854
0.788
0.765
0.795
0.916
0.883
0.822
0.782
0.773
0.843
0.835
0.712
0.579
0.659
0.913
0.705
0.879
0.794
0.665
0.581
0.681
0.676
0.784
0.864
0.824
0.756
0.725
0.646
0.543
0.664
0.686
0.543
0.567
0.433
0.603
0.596
0.627
0.736
0.747
0.817
0.922
0.898
0.862
0.782
0.851
0.863
0.815
0.83
0.85
0.689
0.639
0.678
0.604
0.921
0.739
0.568
0.52
0.804
0.836
0.743
0.673
0.653
0.648
0.575
0.676
0.707
0.763
0.747
0.591
0.674
0.781
0.689
0.619
0.575
0.671
0.577
0.62
0.769
0.776
0.707
0.695
0.699
0.768
0.716
0.645
0.582
0.776
0.82
0.739
0.689
0.704
0.759
0.749
0.754
0.66
0.695
0.808
0.819
0.711
0.673
0.831
0.754
0.717
0.761
0.717
0.669
0.739
0.713
0.692
0.742
0.676
0.625
0.652
0.719
0.706
0.734
0.753
0.739
0.731
0.729
0.808
0.871
0.896
0.828
0.748
0.825
0.8
0.817
0.786
0.818
0.824
0.802
0.804
0.829
0.835
0.791
0.782
0.751
0.763
0.794
0.835
0.795
0.809
0.807
0.822
0.784
0.689
0.821
0.815
0.777
0.688
0.769
0.785
0.785
0.804
0.717
0.65
0.736
0.839
0.796
0.778
0.646
0.757
0.679
0.698
0.663
0.574
0.544
0.619
0.646
0.582
0.526
0.57
0.628
0.608
0.509
0.476
0.444
0.494
0.592
0.628
0.553
0.519
0.586
0.554
0.602
0.457
0.442
0.437
0.4
0.554
0.625
0.48
0.467
0.534
0.606
0.491
0.408
0.68
0.556
0.585
0.585
0.668
0.747
0.636
0.696
0.697
0.686
0.66
0.66
0.654
0.718
0.765
0.652
0.618
0.656
0.796
0.793
0.786
0.744
0.615
0.631
0.633
0.664
0.75
0.669
0.666
0.691
0.684
0.755
0.68
0.765
0.613
0.588
0.61
0.62
0.582
0.626
0.577
0.641
0.61
0.697
0.739
0.908
0.807
0.825
0.715
0.584
0.683
0.752
0.778
0.589
0.567
0.663
0.677
0.603
0.684
0.52
0.52
0.786
0.845
0.693
0.568
0.632
0.676
0.933
0.739
0.478
0.638
0.753
0.65
0.696
0.721
0.756
0.816
0.844
0.875
0.865
0.857
0.776
0.794
0.813
0.927
0.862
0.911
0.852
0.945
0.982
0.955
0.934
0.978
0.945
0.967
0.946
0.919
0.948
0.846
0.577
0.785
0.911
0.868
0.826
0.855
0.721
0.783
0.936
0.942
0.691
0.851
0.942
1.028
0.73
0.921
0.963
0.964
0.938
0.932
0.882
0.918
0.835
0.712
0.946
0.867
0.95
0.963
0.84
0.816
0.855
0.652
0.83
0.761
0.896
0.751
0.718
0.84
0.889
0.934
0.941
0.779
0.876
0.927
0.902
0.847
0.888
0.927
0.686
0.777
0.903
0.951
0.918
0.801
0.889
0.9
0.911
0.859
0.894
0.821
0.829
0.848
0.881
0.89
0.812
0.799
0.8
0.885
0.909
0.844
0.88
0.867
0.926
0.991
0.911
0.916
0.857
0.858
0.941
0.844
0.891
0.86
0.822
0.74
0.832
0.875
0.843
0.792
0.765
0.637
0.406
0.589
0.424
0.523
0.801
0.853
0.708
0.538
0.609
0.665
0.846
0.941
0.731
0.575
0.809
0.833
0.738
0.645
0.705
0.552
0.69
0.711
0.841
0.531
0.612
0.637
0.699
0.605
0.462
0.677
0.655
0.528
0.734
0.633
0.693
0.759
0.766
0.782
0.769
0.809
0.72
0.613
0.628
0.699
0.702
0.676
0.676
0.687
0.565
0.674
0.706
0.786
0.877
0.757
0.672
0.539
0.485
0.581
0.676
0.644
0.646
0.598
0.5
0.538
0.672
0.751
0.771
0.691
0.624
0.621
0.689
0.711
0.752
0.749
0.596
0.544
0.74
0.726
0.741
0.805
0.769
0.686
0.635
0.631
0.638
0.596
0.698
0.769
0.783
0.79
0.698
0.698
0.74
0.741
0.71
0.71
0.704
0.741
0.756
0.725
0.718
0.794
0.664
0.541
0.649
0.745
0.761
0.688
0.698
0.683
0.591
0.74
0.673
0.681
0.672
0.578
0.473
0.756
0.746
0.668
0.605
0.565
0.555
0.466
0.409
0.687
0.716
0.619
0.66
0.469
0.374
0.525
0.483
0.448
0.562
0.654
0.491
0.413
0.481
0.533
0.779
0.816
0.7
0.601
0.514
0.536
0.749
0.7
0.622
0.61
0.563
0.681
0.642
0.613
0.572
0.498
0.527
0.565
0.484
0.473
0.67
0.643
0.632
0.496
0.442
0.503
0.665
0.479
0.474
0.498
0.6
0.756
0.681
0.683
0.529
0.563
0.719
0.485
0.508
0.545
0.469
0.624
0.607
0.518
0.512
0.489
0.537
0.568
0.568
0.451
0.593
0.539
0.533
0.664
0.749
0.583
0.605
0.8
0.688
0.621
0.662
0.632
0.607
0.722
0.766
0.903
0.848
0.731
0.742
0.636
0.686
0.818
0.701
0.71
0.602
0.607
0.548
0.525
0.606
0.565
0.639
0.665
0.715
0.605
0.442
0.667
0.734
0.763
0.793
0.709
0.671
0.558
0.67
0.739
0.657
0.593
0.547
0.659
0.905
0.758
0.88
0.804
0.773
0.936
0.917
0.935
0.677
0.684
0.75
0.665
0.615
0.884
0.846
0.592
0.793
0.682
0.84
0.884
0.826
0.666
0.889
0.807
0.694
0.838
0.881
0.916
0.851
0.927
0.796
0.72
0.797
0.713
0.718
0.717
0.906
0.99
0.821
0.834
0.9
0.883
0.661
0.573
0.468
0.442
0.556
0.876
0.966
0.664
0.795
0.788
0.819
0.819
0.801
0.927
0.954
0.932
0.921
0.977
0.972
0.967
0.954
0.913
0.954
0.976
0.933
0.927
0.939
0.967
0.896
0.902
0.931
0.898
0.829
0.848
0.952
0.927
0.964
0.961
0.807
0.954
0.961
0.941
0.957
0.936
1.015
0.885
0.82
0.883
0.69
0.87
0.928
0.867
0.785
0.746
0.92
0.92
0.771
0.925
0.875
0.884
0.767
0.751
0.946
0.904
0.944
0.942
0.758
0.88
1.006
0.987
0.955
0.915
0.882
0.749
0.933
0.837
0.771
0.769
0.771
0.522
0.552
0.725
0.7
0.611
0.567
0.718
0.831
0.881
0.679
0.402
0.502
0.686
0.695
0.656
0.732
0.888
0.681
0.636
0.75
0.934
0.909
0.866
0.781
0.68
0.563
0.673
0.61
0.499
0.79
0.708
0.51
0.73
0.871
0.608
0.721
0.659
0.581
0.723
0.702
0.747
0.711
0.613
0.724
0.686
0.552
0.518
0.634
0.763
0.797
0.679
0.61
0.627
0.658
0.688
0.778
0.693
0.632
0.72
0.797
0.763
0.708
0.731
0.721
0.636
0.584
0.505
0.488
0.654
0.72
0.72
0.727
0.763
0.742
0.928
0.814
0.783
0.761
0.737
0.685
0.768
0.746
0.751
0.722
0.677
0.712
0.693
0.791
0.757
0.793
0.798
0.855
0.83
0.808
0.801
0.789
0.732
0.759
0.71
0.753
0.787
0.947
0.831
0.766
0.776
0.815
0.807
0.792
0.752
0.661
0.766
0.83
0.894
0.929
0.829
0.77
0.83
0.883
0.851
0.845
0.785
0.848
0.85
0.839
0.821
0.826
0.756
0.671
0.715
0.76
0.8
0.752
0.78
0.809
0.786
0.744
0.757
0.822
0.831
0.806
0.795
0.814
0.823
0.852
0.847
0.848
0.831
0.824
0.816
0.85
0.835
0.793
0.836
0.827
0.824
0.84
0.762
0.671
0.805
0.836
0.828
0.848
0.783
0.735
0.78
0.836
0.799
0.805
0.819
0.799
0.818
0.798
0.757
0.732
0.768
0.785
0.697
0.72
0.78
0.742
0.715
0.68
0.609
0.649
0.779
0.847
0.725
0.719
0.72
0.695
0.75
0.732
0.727
0.713
0.805
0.855
0.76
0.712
0.749
0.841
0.842
0.79
0.784
0.679
0.649
0.762
0.674
0.62
0.65
0.734
0.687
0.594
0.666
0.613
0.607
0.484
0.485
0.519
0.657
0.704
0.718
0.701
0.597
0.703
0.937
0.745
0.771
0.697
0.757
0.631
0.592
0.731
0.763
0.748
0.663
0.612
0.583
0.799
0.766
0.794
0.596
0.604
0.631
0.636
0.608
0.602
0.796
0.522
0.564
0.798
0.846
0.913
0.753
0.713
0.891
0.91
0.804
0.865
0.901
0.858
0.756
0.787
0.777
0.714
0.781
0.817
0.875
0.832
0.775
0.815
0.847
0.784
0.849
0.813
0.832
0.654
0.52
0.591
0.817
0.911
0.96
0.81
0.652
0.875
0.957
0.91
0.884
0.901
0.83
0.733
0.714
0.821
0.6
0.513
0.478
0.511
0.833
0.942
0.989
0.844
0.868
0.855
0.979
0.965
0.923
0.688
0.486
0.495
0.771
0.863
0.822
0.664
0.742
0.76
0.893
0.735
0.766
0.777
0.73
0.937
0.892
0.776
0.881
0.79
0.609
0.656
0.7
0.846
0.825
0.662
0.5
0.585
0.477
0.488
0.875
0.888
0.816
0.702
0.722
0.682
0.795
0.741
0.706
0.937
0.895
0.769
0.738
0.79
0.761
0.85
0.689
0.645
0.869
0.884
0.841
0.783
0.776
0.815
0.972
0.843
0.743
0.833
0.858
0.801
0.727
0.583
0.627
0.748
0.617
0.65
0.655
0.75
0.873
0.822
0.745
0.787
0.871
0.707
0.649
0.883
0.831
0.739
0.585
0.811
0.561
0.656
0.857
0.745
0.734
0.673
0.913
0.662
0.666
0.718
0.719
0.654
0.607
0.565
0.561
0.646
0.746
0.787
0.739
0.659
0.693
0.765
0.792
0.841
0.874
0.88
0.861
0.912
0.788
0.734
0.792
0.692
0.66
0.655
0.728
0.908
0.866
0.806
0.765
0.831
0.714
0.622
0.767
0.705
0.591
0.597
0.775
0.638
0.614
0.519
0.583
0.724
0.717
0.656
0.704
0.658
0.574
0.645
0.646
0.601
0.714
0.814
0.682
0.714
0.651
0.578
0.632
0.694
0.655
0.629
0.621
0.778
0.767
0.692
0.613
0.586
0.717
0.678
0.664
0.838
0.723
0.6
0.651
0.695
0.733
0.671
0.579
0.677
0.686
0.626
0.811
0.79
0.777
0.773
0.738
0.759
0.719
0.656
0.698
0.764
0.759
0.749
0.769
0.712
0.742
0.703
0.61
0.662
0.773
0.747
0.735
0.734
0.666
0.621
0.621
0.681
0.777
0.71
0.647
0.659
0.608
0.592
0.582
0.537
0.454
0.455
0.541
0.558
0.775
0.73
0.796
0.858
0.853
0.87
0.831
0.789
0.762
0.769
0.806
0.728
0.619
0.675
0.803
0.708
0.721
0.755
0.716
0.633
0.681
0.752
0.718
0.658
0.602
0.593
0.645
0.627
0.666
0.651
0.757
0.72
0.562
0.574
0.81
0.729
0.686
0.827
0.796
0.7
0.621
0.583
0.6
0.673
0.715
0.677
0.72
0.595
0.751
0.87
0.911
0.833
0.725
0.736
0.669
0.645
0.65
0.603
0.661
0.649
0.667
0.62
0.605
0.716
0.581
0.642
0.819
0.747
0.731
0.687
0.85
0.834
0.686
0.719
0.747
0.674
0.78
0.83
0.761
0.766
0.874
0.706
0.714
0.672
0.739
0.693
0.679
0.719
0.654
0.768
0.785
0.694
0.713
0.673
0.696
0.724
0.703
0.789
0.694
0.67
0.791
0.655
0.687
0.678
0.656
0.849
0.831
0.765
0.762
0.819
0.876
0.837
0.715
0.757
0.758
0.719
0.827
0.918
0.788
0.6
0.69
0.574
0.897
0.95
0.956
0.923
0.859
0.883
0.958
0.933
0.915
0.989
0.977
0.871
0.921
0.894
0.948
1.027
0.893
0.772
0.864
0.741
0.648
0.853
0.923
0.989
0.845
0.721
0.578
0.41
0.698
0.848
0.874
0.893
0.971
0.672
0.59
0.681
0.761
0.974
0.923
0.885
0.954
0.86
0.878
0.983
0.912
0.87
0.818
0.788
0.708
0.714
0.594
0.851
0.858
0.614
0.52
0.492
0.52
0.8
0.947
0.898
0.657
0.641
0.837
0.885
0.659
0.668
0.754
0.645
0.662
0.77
0.787
0.725
0.807
0.829
0.827
0.784
0.817
0.487
0.626
0.807
0.85
0.696
0.513
0.429
0.549
0.766
0.843
0.553
0.586
0.514
0.363
0.415
0.495
0.798
0.571
0.528
0.584
0.916
0.809
0.785
0.756
0.532
0.471
0.794
0.819
0.905
0.849
0.854
0.748
0.853
0.94
0.78
0.636
0.788
0.891
0.847
0.943
0.72
0.635
0.562
0.66
0.72
0.727
0.68
0.695
0.661
0.706
0.608
0.535
0.673
0.751
0.783
0.716
0.614
0.595
0.774
0.726
0.69
0.766
0.905
0.833
0.793
0.808
0.72
0.867
0.971
0.763
0.71
0.639
0.612
0.73
0.851
0.793
0.706
0.716
0.688
0.69
0.715
0.668
0.798
0.892
0.825
0.724
0.622
0.812
0.823
0.748
0.847
0.818
0.728
0.672
0.67
0.673
0.599
0.584
0.603
0.751
0.743
0.742
0.641
0.617
0.662
0.699
0.723
0.729
0.703
0.716
0.655
0.624
0.73
0.721
0.705
0.697
0.678
0.895
0.761
0.707
0.674
0.701
0.638
0.769
0.822
0.815
0.735
0.76
0.738
0.774
0.795
0.815
0.793
0.688
0.793
0.847
0.833
0.844
0.83
0.83
0.803
0.797
0.807
0.777
0.796
0.803
0.784
0.825
0.822
0.8
0.772
0.752
0.814
0.789
0.71
0.683
0.706
0.731
0.815
0.811
0.825
0.808
0.778
0.738
0.755
0.749
0.807
0.844
0.805
0.784
0.797
0.825
0.873
0.851
0.807
0.754
0.792
0.833
0.808
0.734
0.646
0.628
0.744
0.866
0.817
0.785
0.804
0.764
0.849
0.761
0.747
0.821
0.788
0.815
0.781
0.717
0.699
0.732
0.723
0.883
0.884
0.747
0.725
0.688
0.724
0.822
0.767
0.73
0.712
0.641
0.623
0.617
0.595
0.646
0.7
0.627
0.656
0.55
0.528
0.575
0.711
0.803
0.871
0.736
0.726
0.841
0.75
0.861
0.87
0.749
0.639
0.8
0.692
0.571
0.607
0.639
0.564
0.582
0.594
0.72
0.845
0.765
0.675
0.708
0.789
0.799
0.746
0.609
0.631
0.879
0.824
0.812
0.911
0.886
0.763
0.73
0.69
0.538
0.496
0.63
0.825
0.751
0.855
0.867
0.768
0.952
0.858
0.655
0.702
0.699
0.659
0.712
0.754
0.713
0.779
0.694
0.697
0.823
0.805
0.768
0.796
0.722
0.75
0.556
0.608
0.54
0.644
0.715
0.737
0.744
0.625
0.878
0.924
0.912
0.852
0.921
0.878
0.806
0.742
0.886
0.867
0.893
0.87
0.799
0.809
0.739
0.851
0.878
0.849
0.857
0.864
0.9
0.84
0.728
0.766
0.843
0.945
1.003
0.986
0.987
1.021
0.735
0.698
0.88
0.889
0.875
0.909
0.939
0.914
0.939
0.968
0.948
0.874
0.861
0.751
0.874
0.864
0.915
0.508
0.548
0.769
0.401
0.449
0.74
0.865
0.886
0.901
0.842
0.943
0.928
0.952
0.891
0.944
0.924
0.934
0.906
0.712
0.826
0.953
0.93
0.956
0.874
0.962
0.951
0.822
0.674
0.611
0.825
0.963
0.785
0.713
0.693
0.699
0.743
0.788
0.559
0.6
0.591
0.616
0.651
0.663
0.576
0.695
0.562
0.598
0.593
0.572
0.647
0.681
0.586
0.602
0.666
0.593
0.653
0.862
0.9
0.95
0.827
0.765
0.78
0.643
0.921
0.907
0.605
0.69
0.508
0.554
0.642
0.738
0.686
0.778
0.75
0.879
0.963
0.876
0.759
0.774
0.765
0.654
0.565
0.597
0.75
0.859
0.862
0.724
0.618
0.774
0.593
0.569
0.636
0.71
0.806
0.764
0.674
0.678
0.713
0.581
0.638
0.745
0.809
0.887
0.9
0.846
0.775
0.801
0.745
0.814
0.817
0.799
0.807
0.828
0.775
0.65
0.544
0.672
0.69
0.585
0.649
0.777
0.822
0.76
0.846
0.817
0.702
0.692
0.714
0.66
0.682
0.77
0.842
0.885
0.792
0.774
0.636
0.579
0.684
0.67
0.702
0.799
0.849
0.836
0.906
0.932
0.785
0.799
0.798
0.797
0.782
0.682
0.749
0.727
0.763
0.702
0.733
0.702
0.761
0.699
0.733
0.722
0.749
0.744
0.689
0.706
0.678
0.708
0.767
0.764
0.753
0.683
0.798
0.845
0.848
0.891
0.807
0.764
0.764
0.785
0.771
0.698
0.694
0.815
0.835
0.784
0.746
0.77
0.746
0.783
0.815
0.825
0.819
0.814
0.739
0.736
0.721
0.788
0.829
0.84
0.859
0.831
0.805
0.81
0.845
0.816
0.77
0.727
0.829
0.858
0.804
0.796
0.808
0.818
0.801
0.766
0.771
0.759
0.75
0.678
0.799
0.816
0.902
0.946
0.937
0.823
0.744
0.799
0.774
0.781
0.788
0.762
0.753
0.743
0.764
0.715
0.732
0.673
0.873
0.847
0.798
0.608
0.685
0.678
0.654
0.689
0.748
0.765
0.787
0.901
0.848
0.832
0.775
0.694
0.747
0.849
0.742
0.754
0.635
0.801
0.635
0.68
0.575
0.645
0.694
0.615
0.654
0.712
0.644
0.61
0.697
0.934
0.918
0.796
0.653
0.801
0.949
0.874
0.735
0.696
0.787
0.805
0.691
0.653
0.819
0.673
0.63
0.71
0.775
0.635
0.846
0.927
0.927
0.888
0.943
0.86
0.745
0.614
0.686
0.862
0.885
0.923
0.785
0.714
0.825
0.896
0.969
0.856
0.812
0.709
0.741
0.753
0.596
0.497
0.615
0.809
0.81
0.819
0.856
0.868
0.869
0.856
0.857
0.828
0.783
0.921
0.978
0.833
0.81
0.764
0.775
0.816
0.867
0.89
0.8
0.729
0.911
0.93
0.882
0.767
0.79
0.805
0.875
0.846
0.912
0.69
0.49
0.633
0.69
0.935
0.941
0.963
0.935
0.94
0.947
0.929
0.872
0.752
0.882
0.936
0.919
0.694
0.79
0.86
0.954
0.865
0.75
0.791
0.883
1.021
0.912
0.962
0.954
0.937
1.015
0.808
0.455
0.557
0.91
0.972
0.725
0.81
0.851
0.66
0.755
0.875
0.759
0.93
0.849
0.722
0.831
0.917
0.549
0.447
0.618
0.583
0.599
0.719
0.707
0.596
0.479
0.465
0.598
0.482
0.733
0.888
0.749
0.638
0.69
0.885
0.863
0.784
0.673
0.679
0.596
0.572
0.835
0.798
0.645
0.654
0.783
0.563
0.502
0.703
0.9
0.967
0.756
0.613
0.609
0.651
0.623
0.808
0.805
0.765
0.738
0.628
0.673
0.727
0.762
0.671
0.847
0.758
0.719
0.777
0.785
0.962
0.938
0.755
0.617
0.728
0.728
0.761
0.871
0.753
0.799
0.853
0.918
0.873
0.793
0.823
0.898
0.747
0.647
0.773
0.83
0.828
0.835
0.776
0.917
0.903
0.709
0.654
0.693
0.793
0.807
0.762
0.824
0.799
0.828
0.749
0.787
0.785
0.786
0.791
0.826
0.83
0.779
0.703
0.709
0.774
0.68
0.67
0.774
0.819
0.793
0.806
0.84
0.854
0.69
0.575
0.816
0.74
0.839
0.903
0.882
0.901
0.803
0.856
0.792
0.737
0.75
0.765
0.757
0.744
0.676
0.708
0.747
0.778
0.731
0.773
0.79
0.767
0.76
0.804
0.847
0.78
0.803
0.81
0.786
0.817
0.768
0.77
0.776
0.839
0.887
0.838
0.837
0.82
0.833
0.883
0.75
0.768
0.708
0.701
0.744
0.784
0.807
0.834
0.819
0.838
0.809
0.756
0.777
0.762
0.819
0.818
0.8
0.778
0.763
0.71
0.817
0.87
0.827
0.869
0.804
0.812
0.857
0.842
0.809
0.837
0.84
0.802
0.82
0.793
0.911
0.899
0.778
0.785
0.782
0.743
0.886
0.853
0.792
0.825
0.8
0.821
0.825
0.827
0.808
0.783
0.763
0.818
0.842
0.794
0.715
0.796
0.834
0.779
0.767
0.779
0.719
0.659
0.738
0.733
0.663
0.668
0.587
0.753
0.877
0.836
0.746
0.785
0.84
0.802
0.749
0.707
0.599
0.556
0.689
0.764
0.838
0.77
0.556
0.662
0.588
0.797
0.777
0.707
0.649
0.625
0.76
0.729
0.586
0.623
0.714
0.869
0.81
0.716
0.765
0.918
0.944
0.746
0.734
0.649
0.655
0.739
0.64
0.711
0.529
0.489
0.711
0.868
0.808
0.837
0.876
0.939
0.912
0.916
0.869
0.899
0.838
0.893
0.825
0.755
0.828
0.854
0.846
0.842
0.752
0.818
0.783
0.796
0.851
0.817
0.818
0.762
0.769
0.666
0.721
0.968
0.823
0.481
0.551
0.733
0.86
0.755
0.775
0.865
0.852
0.824
0.941
0.907
0.88
0.856
0.885
0.847
0.923
0.908
0.868
0.973
0.944
0.83
0.903
0.885
0.916
0.937
0.797
0.774
0.638
0.69
0.547
0.932
0.966
0.939
0.881
0.904
0.875
0.856
0.522
0.902
0.871
0.876
0.928
0.935
0.838
0.939
0.973
0.934
0.954
0.907
0.82
0.811
0.804
0.881
0.851
0.872
0.887
0.674
0.937
0.843
0.898
0.864
0.901
0.908
0.807
0.878
0.743
0.808
0.892
0.887
0.897
0.801
0.632
0.508
0.542
0.656
0.886
0.971
0.913
0.669
0.515
0.752
0.841
0.863
0.908
0.818
0.71
0.843
0.719
0.67
0.735
0.837
0.822
0.786
0.82
0.692
0.706
0.732
0.772
0.81
0.937
0.901
0.646
0.673
0.862
0.754
0.795
0.771
0.888
0.934
0.865
0.779
0.882
0.875
0.722
0.59
0.721
0.838
0.722
0.838
0.78
0.666
0.663
0.668
0.735
0.875
0.571
0.676
0.589
0.726
0.76
0.742
0.715
0.732
0.644
0.836
0.873
0.798
0.805
0.608
0.756
0.811
0.881
0.782
0.658
0.69
0.689
0.737
0.649
0.627
0.694
0.588
0.66
0.797
0.668
0.527
0.799
0.811
0.771
0.843
0.859
0.949
0.789
0.857
0.919
0.794
0.753
0.707
0.674
0.745
0.823
0.789
0.742
0.674
0.571
0.703
0.761
0.696
0.659
0.66
0.674
0.628
0.678
0.738
0.684
0.643
0.742
0.685
0.758
0.698
0.639
0.615
0.64
0.587
0.621
0.687
0.754
0.723
0.667
0.705
0.789
0.773
0.718
0.695
0.742
0.676
0.583
0.674
0.6
0.619
0.631
0.703
0.66
0.68
0.767
0.756
0.757
0.705
0.678
0.769
0.743
0.637
0.771
0.767
0.734
0.798
0.784
0.751
0.74
0.697
0.801
0.765
0.659
0.728
0.742
0.889
0.887
0.766
0.771
0.702
0.593
0.623
0.61
0.701
0.705
0.715
0.597
0.601
0.703
0.74
0.707
0.609
0.578
0.548
0.454
0.453
0.443
0.516
0.542
0.519
0.484
0.546
0.668
0.805
0.712
0.683
0.698
0.748
0.576
0.621
0.533
0.588
0.762
0.791
0.804
0.849
0.813
0.796
0.776
0.72
0.646
0.555
0.651
0.633
0.629
0.556
0.548
0.502
0.57
0.593
0.573
0.597
0.666
0.796
0.737
0.601
0.668
0.695
0.525
0.715
0.728
0.585
0.562
0.541
0.475
0.639
0.723
0.778
0.62
0.472
0.659
0.584
0.404
0.428
0.849
0.868
0.839
0.845
0.801
0.784
0.764
0.77
0.703
0.745
0.786
0.744
0.583
0.721
0.548
0.594
0.679
0.681
0.708
0.67
0.588
0.657
0.719
0.77
0.747
0.723
0.68
0.76
0.571
0.64
0.62
0.502
0.578
0.667
0.838
0.806
0.676
0.875
0.912
0.861
0.8
0.688
0.774
0.722
0.8
0.669
0.805
0.787
0.673
0.724
0.669
0.769
0.804
0.79
0.929
0.821
0.729
0.52
0.842
0.951
0.915
0.857
0.904
0.923
0.822
0.741
0.735
0.556
0.604
0.864
0.847
0.651
0.877
0.855
