1980 1 1
0.933
0.95
0.924
0.896
0.923
0.92
0.882
0.879
0.881
0.957
0.948
0.729
0.86
0.863
0.911
0.94
0.918
0.882
0.855
0.806
0.737
0.821
0.835
0.833
0.962
0.867
0.86
0.864
0.842
0.748
0.803
0.809
0.731
0.73
0.798
0.748
0.885
0.89
0.818
0.886
0.872
0.933
0.844
0.824
0.871
0.891
0.902
0.729
0.809
0.866
0.897
0.987
0.98
0.939
0.832
0.873
0.821
0.873
0.851
0.791
0.76
0.754
0.855
0.852
0.956
0.789
0.862
0.971
0.917
0.868
0.594
0.492
0.838
0.85
0.822
0.819
0.937
0.798
0.649
0.843
0.944
0.716
0.733
0.918
0.847
0.77
0.741
0.823
0.954
0.904
0.926
0.889
0.885
0.864
0.95
0.736
0.662
0.736
0.832
0.822
0.877
0.796
0.86
0.71
0.91
0.836
0.75
0.619
0.648
0.67
0.639
0.601
0.547
0.7
0.708
0.805
0.695
0.726
0.873
0.782
0.725
0.701
0.66
0.596
0.528
0.551
0.597
0.619
0.675
0.706
0.63
0.743
0.865
0.803
0.807
0.7
0.664
0.942
0.854
0.77
0.719
0.687
0.621
0.633
0.761
0.703
0.661
0.547
0.532
0.638
0.758
0.75
0.87
0.834
0.805
0.755
0.667
0.768
0.755
0.821
0.717
0.689
0.64
0.607
0.632
0.754
0.766
0.792
0.704
0.682
0.708
0.757
0.698
0.635
0.663
0.74
0.723
0.719
0.74
0.779
0.76
0.759
0.711
0.752
0.761
0.826
0.851
0.794
0.725
0.817
0.769
0.776
0.755
0.799
0.784
0.726
0.791
0.795
0.782
0.763
0.744
0.738
0.77
0.834
0.824
0.746
0.744
0.745
0.781
0.887
0.846
0.772
0.807
0.849
0.86
0.863
0.8
0.853
0.816
0.832
0.854
0.814
0.855
0.852
0.852
0.837
0.841
0.884
0.823
0.913
0.91
0.843
0.86
0.875
0.855
0.801
0.778
0.785
0.756
0.781
0.794
0.798
0.814
0.86
0.858
0.842
0.779
0.834
0.798
0.754
0.723
0.754
0.817
0.831
0.792
0.79
0.849
0.85
0.889
0.916
0.935
0.761
0.763
0.801
0.825
0.845
0.829
0.686
0.742
0.774
0.683
0.728
0.704
0.673
0.789
0.77
0.74
0.775
0.719
0.652
0.719
0.665
0.748
0.729
0.762
0.787
0.718
0.679
0.65
0.703
0.874
0.78
0.753
0.712
0.655
0.7
0.685
0.776
0.844
0.735
0.644
0.784
0.612
0.622
0.658
0.689
0.607
0.611
0.706
0.685
0.571
0.672
0.79
0.698
0.665
0.656
0.684
0.536
0.688
0.818
0.755
0.806
0.873
0.84
0.833
0.812
0.754
0.813
0.963
0.76
0.687
0.899
0.954
0.918
0.889
0.863
0.857
0.771
0.835
0.88
0.881
0.953
0.982
0.909
0.835
0.731
0.909
0.878
0.708
0.847
0.931
0.863
0.909
0.82
0.697
0.822
0.856
0.866
0.934
0.765
0.915
0.867
0.872
0.918
0.997
1.002
0.987
0.894
0.88
0.755
0.909
0.962
0.913
0.836
0.828
0.855
0.852
0.878
0.929
0.896
0.936
0.944
0.898
0.976
1.039
0.993
0.996
1.005
1.007
1
0.958
0.921
0.937
0.904
0.827
0.752
0.822
0.941
0.944
0.748
0.814
0.86
0.936
0.927
0.918
0.876
0.939
1.035
0.793
0.9
0.84
0.842
0.922
0.964
0.974
0.86
0.907
0.854
0.891
0.876
0.834
0.773
0.726
0.758
0.797
0.816
0.762
0.516
0.792
0.91
0.835
0.804
0.878
0.839
0.78
0.737
0.687
0.714
0.534
0.64
0.774
0.681
0.609
0.76
0.902
0.869
0.704
0.777
0.622
0.621
0.656
0.772
0.645
0.7
0.772
0.676
0.557
0.606
0.52
0.803
0.845
0.576
0.546
0.625
0.723
0.776
0.823
0.886
0.925
0.842
0.644
0.629
0.792
0.722
0.69
0.797
0.624
0.821
0.821
0.835
0.727
0.688
0.689
0.735
0.821
0.753
0.704
0.633
0.598
0.604
0.75
0.861
0.698
0.616
0.751
0.908
0.931
0.764
0.647
0.846
0.959
0.746
0.654
0.661
0.635
0.532
0.478
0.555
0.616
0.656
0.721
0.727
0.775
0.915
0.768
0.78
0.706
0.62
0.786
0.767
0.785
0.745
0.719
0.642
0.685
0.797
0.853
0.71
0.799
0.895
0.833
0.792
0.787
0.762
0.675
0.726
0.735
0.787
0.811
0.769
0.803
0.788
0.714
0.611
0.658
0.758
0.771
0.795
0.801
0.786
0.808
0.816
0.739
0.697
0.791
0.821
0.722
0.602
0.673
0.815
0.764
0.76
0.766
0.747
0.691
0.796
0.891
0.874
0.81
0.691
0.772
0.756
0.8
0.911
0.884
0.856
0.706
0.707
0.785
0.779
0.808
0.819
0.82
0.815
0.825
0.869
0.86
0.849
0.844
0.83
0.834
0.853
0.882
0.843
0.773
0.692
0.753
0.776
0.717
0.714
0.723
0.787
0.777
0.754
0.819
0.842
0.835
0.868
0.843
0.842
0.857
0.919
0.944
0.899
0.856
0.797
0.832
0.78
0.794
0.863
0.814
0.814
0.833
0.87
0.868
0.918
0.898
0.819
0.81
0.825
0.868
0.795
0.692
0.702
0.765
0.785
0.759
0.805
0.889
0.83
0.792
0.739
0.739
0.783
0.821
0.76
0.745
0.716
0.772
0.772
0.763
0.73
0.639
0.768
0.78
0.622
0.802
0.736
0.642
0.756
0.945
0.842
0.665
0.652
0.902
0.981
0.868
0.83
0.815
0.774
0.746
0.8
0.81
0.679
0.733
0.803
0.719
0.751
0.729
0.688
0.773
0.775
0.744
0.663
0.655
0.687
0.767
0.848
0.799
0.914
0.822
0.82
0.892
0.908
0.887
0.853
0.874
0.818
0.796
0.721
0.907
0.872
0.766
0.874
0.83
0.824
0.853
0.907
0.575
0.735
0.914
0.896
0.893
0.897
0.928
0.888
0.949
0.875
0.891
0.896
0.951
0.992
0.996
0.955
0.957
0.935
0.965
0.986
0.974
0.958
0.865
0.978
0.918
0.943
0.955
0.867
0.845
0.883
0.836
0.849
0.698
0.818
0.859
0.912
0.917
0.882
0.964
0.765
0.875
0.888
0.941
0.929
0.959
0.981
0.77
0.896
0.913
0.902
0.896
0.913
0.957
0.978
0.913
0.987
0.954
0.907
0.951
0.896
0.97
0.936
0.906
0.934
0.872
0.948
0.911
0.943
0.94
1.003
0.982
0.962
0.964
0.981
0.992
0.888
0.87
0.913
0.834
0.793
0.787
0.872
0.816
0.898
0.863
1.062
0.924
0.918
0.924
0.811
0.812
0.859
0.963
0.922
0.774
0.682
0.775
0.931
0.88
0.806
0.864
0.91
0.869
0.802
0.723
0.721
0.838
0.808
0.702
0.71
0.666
0.793
0.821
0.68
0.642
0.818
0.778
0.859
0.887
0.803
0.821
0.885
0.907
0.846
0.8
0.779
0.769
0.701
0.76
0.817
0.642
0.539
0.843
0.659
0.545
0.549
0.573
0.53
0.706
0.744
0.654
0.553
0.573
0.633
0.563
0.57
0.509
0.551
0.589
0.77
0.769
0.637
0.607
0.636
0.627
0.584
0.633
0.633
0.621
0.604
0.635
0.681
0.731
0.847
0.858
0.808
0.787
0.778
0.794
0.826
0.791
0.816
0.808
0.797
0.847
0.72
0.784
0.852
0.912
0.848
0.762
0.744
0.764
0.782
0.674
0.663
0.709
0.642
0.796
0.927
0.808
0.699
0.844
0.793
0.77
0.746
0.738
0.625
0.661
0.711
0.764
0.767
0.798
0.762
0.719
0.69
0.927
0.847
0.786
0.788
0.792
0.78
0.762
0.754
0.822
0.794
0.72
0.712
0.717
0.74
0.79
0.819
0.818
0.763
0.706
0.762
0.792
0.715
0.713
0.763
0.782
0.815
0.724
0.676
0.764
0.783
0.81
0.787
0.826
0.802
0.86
0.837
0.832
0.826
0.819
0.795
0.673
0.661
0.688
0.716
0.715
0.752
0.74
0.727
0.856
0.773
0.729
0.848
0.793
0.803
0.742
0.797
0.765
0.677
0.752
0.835
0.853
0.822
0.768
0.692
0.616
0.79
0.856
0.739
0.67
0.685
0.745
0.69
0.717
0.781
0.776
0.735
0.676
0.715
0.577
0.613
0.699
0.877
0.822
0.8
0.809
0.771
0.908
0.813
0.747
0.702
0.668
0.687
0.658
0.66
0.69
0.683
0.706
0.661
0.739
0.772
0.655
0.657
0.574
0.648
0.637
0.631
0.569
0.496
0.497
0.676
0.615
0.609
0.601
0.622
0.64
0.544
0.453
0.485
0.525
0.634
0.85
0.857
0.771
0.838
0.677
0.602
0.703
0.645
0.638
0.821
0.736
0.821
0.84
0.764
0.683
0.767
0.704
0.693
0.79
0.841
0.923
0.931
0.825
0.963
0.847
0.661
0.808
0.862
0.942
0.952
0.873
0.848
0.72
0.692
0.749
0.914
0.767
0.753
0.767
0.715
0.864
0.912
0.849
0.869
0.88
0.947
0.96
0.82
0.759
0.946
0.894
0.894
0.909
0.928
0.898
0.843
0.863
0.976
0.916
0.705
0.534
0.677
0.77
0.866
0.751
0.671
0.741
0.804
0.85
0.762
0.766
0.916
0.888
0.797
0.862
0.879
0.948
0.93
0.895
0.869
0.893
0.945
0.882
0.929
0.987
0.97
0.921
0.891
0.869
0.909
0.955
0.975
0.929
0.897
0.988
0.971
0.862
0.9
0.883
0.946
0.867
0.893
0.885
0.912
0.916
0.875
0.916
0.954
0.923
0.911
0.842
0.794
0.737
0.717
0.773
0.816
0.787
0.818
0.751
0.756
0.624
0.595
0.583
0.681
0.758
0.732
0.82
0.815
0.721
0.858
0.801
0.877
0.834
0.767
0.773
0.767
0.775
0.785
0.896
0.969
0.844
0.942
0.834
0.86
0.795
0.829
0.855
0.904
0.904
0.798
0.592
0.674
0.74
0.93
0.865
0.841
0.803
0.893
0.885
0.83
0.933
0.854
0.861
0.784
0.902
0.879
0.841
0.769
0.805
0.724
0.743
0.693
0.69
0.645
0.614
0.719
0.669
0.619
0.643
0.791
0.859
0.948
0.96
0.832
0.913
0.79
0.745
0.703
0.702
0.841
0.681
0.65
0.561
0.583
0.702
0.805
0.911
0.738
0.624
0.668
0.849
0.765
0.805
0.84
0.808
0.753
0.739
0.777
0.655
0.727
0.84
0.738
0.728
0.718
0.668
0.864
0.847
0.75
0.833
0.731
0.671
0.626
0.619
0.587
0.604
0.598
0.615
0.633
0.691
0.641
0.658
0.823
0.796
0.719
0.721
0.716
0.661
0.636
0.63
0.708
0.85
0.913
0.859
0.811
0.778
0.772
0.808
0.783
0.761
0.667
0.714
0.763
0.755
0.721
0.779
0.722
0.654
0.757
0.763
0.814
0.837
0.82
0.771
0.784
0.772
0.789
0.809
0.768
0.679
0.64
0.756
0.811
0.806
0.8
0.819
0.815
0.762
0.791
0.816
0.777
0.738
0.764
0.793
0.847
0.818
0.828
0.689
0.706
0.703
0.723
0.788
0.829
0.752
0.784
0.745
0.776
0.8
0.766
0.731
0.744
0.749
0.779
0.728
0.748
0.792
0.78
0.693
0.664
0.689
0.749
0.756
0.729
0.636
0.608
0.623
0.667
0.713
0.765
0.654
0.574
0.798
0.763
0.652
0.638
0.73
0.886
0.68
0.678
0.601
0.581
0.73
0.679
0.594
0.679
0.695
0.807
0.62
0.58
0.774
0.861
0.671
0.581
0.702
0.838
0.773
0.723
0.882
0.966
0.709
0.689
0.676
0.716
0.761
0.727
0.79
0.85
0.905
0.949
0.944
0.857
0.791
0.733
0.706
0.733
0.653
0.691
0.848
0.834
0.92
0.7
0.762
0.718
0.713
0.642
0.596
0.858
0.968
0.787
0.768
0.791
0.902
0.901
0.817
0.787
0.811
0.854
0.811
0.791
0.904
0.84
0.677
0.752
0.816
0.907
0.743
0.781
0.796
0.903
0.936
0.981
0.974
0.961
0.828
0.906
0.93
0.932
0.929
0.943
0.951
0.972
0.823
0.832
0.826
0.842
0.862
0.866
0.935
0.985
0.84
0.813
0.787
0.84
0.91
0.958
0.946
0.87
0.915
0.864
0.909
0.984
0.986
1.015
0.984
0.936
0.914
0.923
0.916
0.833
0.843
0.94
0.919
0.886
0.894
0.899
0.888
0.873
0.825
0.832
0.874
0.835
0.965
1.002
0.971
0.934
0.921
0.948
0.953
0.857
0.925
0.953
0.928
0.934
0.946
0.864
0.849
0.922
0.97
0.898
0.972
0.97
0.93
0.873
0.725
0.838
0.907
0.897
0.83
0.81
0.764
0.675
0.662
0.756
0.809
0.76
0.869
0.936
0.831
0.811
0.867
0.861
0.828
0.959
0.897
0.859
0.87
0.852
0.84
0.844
0.853
0.964
0.95
0.945
0.906
0.805
0.888
0.887
0.981
0.935
0.896
0.814
0.749
0.824
0.759
0.836
0.9
0.849
0.794
0.719
0.639
0.684
0.757
0.948
0.957
0.912
0.759
0.663
0.691
0.681
0.621
0.728
0.799
0.757
0.809
0.813
0.897
0.872
0.809
0.758
0.724
0.854
0.924
0.907
0.782
0.667
0.734
0.712
0.589
0.742
0.689
0.677
0.875
0.94
0.848
0.722
0.813
0.841
0.804
0.804
0.766
0.73
0.816
0.78
0.719
0.624
0.582
0.679
0.765
0.904
0.934
0.819
0.785
0.707
0.839
0.823
0.782
0.915
0.921
0.809
0.687
0.676
0.671
0.718
0.594
0.678
0.742
0.713
0.733
0.698
0.678
0.688
0.634
0.707
0.72
0.752
0.768
0.785
0.766
0.755
0.732
0.742
0.702
0.815
0.756
0.674
0.627
0.734
0.73
0.698
0.774
0.762
0.687
0.74
0.787
0.809
0.799
0.747
0.666
0.787
0.815
0.797
0.789
0.726
0.73
0.761
0.772
0.738
0.803
0.734
0.741
0.76
0.712
0.678
0.817
0.807
0.908
0.856
0.717
0.684
0.69
0.739
0.85
0.862
0.859
0.812
0.841
0.866
0.881
0.84
0.845
0.787
0.812
0.84
0.791
0.764
0.809
0.798
0.754
0.774
0.836
0.776
0.736
0.846
0.828
0.791
0.701
0.726
0.767
0.784
0.852
0.869
0.735
0.823
0.809
0.872
0.785
0.726
0.654
0.812
0.747
0.774
0.859
0.816
0.758
0.818
0.889
0.875
0.735
0.636
0.62
0.704
0.73
0.744
0.713
0.799
0.865
0.823
0.832
0.731
0.775
0.755
0.736
0.722
0.597
0.603
0.638
0.633
0.758
0.879
0.83
0.781
0.789
0.799
0.792
0.755
0.873
0.807
0.755
0.761
0.69
0.785
0.631
0.805
0.83
0.738
0.642
0.744
0.843
0.73
0.792
0.729
0.732
0.842
0.833
0.761
0.601
0.872
0.841
0.725
0.621
0.613
0.836
0.917
0.963
0.845
0.835
0.736
0.795
0.663
0.618
0.629
0.749
0.514
0.631
0.654
0.697
0.769
0.725
0.632
0.595
0.874
0.671
0.758
0.835
0.729
0.754
0.609
0.571
0.919
0.849
0.964
0.962
0.936
0.949
0.99
0.958
0.916
0.912
0.853
0.82
0.835
0.836
0.811
0.934
0.893
0.624
0.856
0.797
0.759
0.907
0.995
0.836
0.908
0.938
0.981
0.735
0.668
0.739
0.829
0.862
0.932
0.883
0.867
0.898
0.904
0.911
0.917
0.967
0.805
0.892
0.935
0.948
0.933
0.783
0.86
0.911
0.967
0.966
0.926
0.873
0.94
0.886
0.831
0.857
0.931
0.886
0.839
0.85
0.853
0.93
0.924
0.887
0.857
0.914
0.886
0.973
0.981
0.941
0.89
0.89
1.004
0.949
0.949
0.927
0.885
0.854
0.922
0.889
0.844
0.854
0.793
0.828
0.685
0.681
0.835
0.658
0.953
0.788
0.638
0.765
0.851
0.75
0.679
0.844
0.918
0.763
0.753
0.697
0.603
0.735
0.529
0.621
0.743
0.549
0.721
0.931
0.821
0.727
0.582
0.782
0.881
0.782
0.898
0.953
0.765
0.761
0.712
0.798
0.811
0.859
0.714
0.72
0.68
0.693
0.781
0.749
0.718
0.684
0.708
0.692
0.639
0.706
0.693
0.633
0.603
0.546
0.504
0.654
0.671
0.565
0.634
0.676
0.592
0.518
0.71
0.801
0.621
0.537
0.656
0.755
0.71
0.605
0.572
0.622
0.716
0.688
0.656
0.598
0.73
0.724
0.891
0.74
0.714
0.674
0.773
0.637
0.666
0.576
0.49
0.704
0.733
0.851
0.691
0.729
0.721
0.664
0.723
0.733
0.725
0.815
0.643
0.657
0.735
0.719
0.66
0.78
0.877
0.74
0.666
0.823
0.823
0.788
0.739
0.704
0.706
0.674
0.725
0.696
0.708
0.61
0.603
0.671
0.692
0.629
0.684
0.791
0.785
0.747
0.68
0.754
0.783
0.775
0.745
0.704
0.687
0.729
0.707
0.698
0.818
0.797
0.744
0.705
0.685
0.717
0.789
0.78
0.784
0.69
0.715
0.765
0.807
0.696
0.653
0.706
0.725
0.869
0.862
0.748
0.689
0.682
0.811
0.87
0.847
0.783
0.679
0.75
0.821
0.792
0.838
0.812
0.841
0.848
0.809
0.829
0.819
0.827
0.791
0.78
0.804
0.925
0.842
0.815
0.81
0.793
0.781
0.829
0.83
0.812
0.809
0.785
0.802
0.819
0.826
0.798
0.801
0.832
0.812
0.809
0.734
0.773
0.67
0.616
0.639
0.688
0.685
0.668
0.648
0.71
0.682
0.735
0.797
0.637
0.728
0.762
0.636
0.614
0.763
0.785
0.589
0.631
0.745
0.786
0.707
0.565
0.547
0.577
0.794
0.841
0.846
0.82
0.83
0.828
0.664
0.598
0.777
0.858
0.866
0.807
0.806
0.789
0.779
0.622
0.496
0.579
0.765
0.648
0.667
0.826
0.791
0.925
0.952
0.939
0.942
0.839
0.845
0.736
0.835
0.936
0.913
0.952
0.95
0.948
0.877
0.936
0.752
0.856
0.871
0.819
0.678
0.856
0.821
0.737
0.818
0.919
0.901
0.902
0.871
0.896
0.937
0.833
0.828
0.878
0.91
0.945
0.914
0.907
0.899
0.961
0.986
0.895
0.893
0.816
0.932
0.961
0.861
0.815
0.844
0.883
0.884
0.983
0.975
0.947
0.811
0.827
0.898
0.828
0.905
0.942
0.895
0.872
0.885
0.925
0.968
0.907
0.826
0.694
0.746
0.775
0.866
0.968
0.905
0.886
0.915
0.838
0.883
0.846
0.934
0.948
0.916
0.9
0.895
0.824
0.791
0.839
0.86
0.833
0.709
0.895
0.841
0.882
0.931
0.928
0.905
0.992
0.975
0.891
0.943
0.917
0.896
0.865
0.83
0.821
0.819
0.905
0.883
0.93
0.972
0.978
0.992
0.965
0.987
0.914
0.882
0.896
0.857
0.891
0.915
0.861
0.886
0.818
0.899
0.954
0.883
0.927
0.829
0.824
0.902
0.865
0.887
0.936
0.911
0.868
0.855
0.841
0.785
0.809
0.917
0.664
0.591
0.724
0.65
0.729
0.649
0.738
0.837
0.681
0.593
0.568
0.539
0.548
0.694
0.629
0.733
0.854
0.818
0.757
0.694
0.761
0.812
0.78
0.684
0.75
0.733
0.828
0.806
0.846
0.694
0.751
0.964
0.858
0.79
0.643
0.568
0.585
0.642
0.627
0.627
0.711
0.78
0.754
0.708
0.66
0.643
0.672
0.772
0.748
0.709
0.74
0.736
0.63
0.589
0.636
0.755
0.734
0.788
0.767
0.76
0.821
0.853
0.863
0.842
0.785
0.725
0.734
0.741
0.807
0.78
0.704
0.734
0.745
0.717
0.766
0.685
0.724
0.872
0.941
0.852
0.793
0.701
0.796
0.803
0.808
0.829
0.763
0.74
0.77
0.767
0.67
0.8
0.772
0.687
0.734
0.735
0.724
0.701
0.7
0.804
0.778
0.757
0.899
0.894
0.857
0.758
0.682
0.749
0.754
0.76
0.771
0.816
0.801
0.935
0.865
0.804
0.81
0.799
0.819
0.81
0.792
0.801
0.833
0.812
0.747
0.699
0.73
0.796
0.767
0.756
0.752
0.844
0.794
0.798
0.812
0.817
0.785
0.763
0.739
0.767
0.839
0.842
0.814
0.798
0.818
0.7
0.708
0.828
0.843
0.841
0.81
0.807
0.784
0.834
0.799
0.834
0.852
0.792
0.689
0.884
0.874
0.757
0.7
0.653
0.674
0.716
0.76
0.807
0.845
0.782
0.754
0.735
0.704
0.687
0.809
0.861
0.863
0.79
0.788
0.8
0.812
0.713
0.875
0.855
0.82
0.865
0.853
0.823
0.915
0.903
0.819
0.824
0.783
0.792
0.836
0.928
0.85
0.884
0.913
0.825
0.752
0.688
0.725
0.832
0.745
0.789
0.855
0.894
0.886
0.775
0.691
0.774
0.752
0.677
0.66
0.764
0.766
0.765
0.8
0.91
0.896
0.882
0.806
0.823
0.795
0.765
0.75
0.814
0.727
0.785
0.798
0.789
0.835
0.873
0.782
0.655
0.796
0.785
0.728
0.806
0.903
0.911
0.894
0.921
0.833
0.915
0.904
0.861
0.877
0.891
0.881
0.961
0.921
0.874
0.891
0.889
0.751
0.919
0.924
0.727
0.775
0.873
0.898
0.971
0.987
0.746
0.675
0.806
0.617
0.828
0.872
0.928
0.935
0.931
0.923
0.934
0.901
0.933
0.964
0.98
0.993
0.97
0.879
0.894
0.885
0.919
0.906
0.874
0.954
0.939
0.857
0.821
0.828
0.917
0.857
0.889
0.962
0.933
0.926
0.946
0.921
0.955
0.712
0.639
0.913
0.963
0.945
0.903
0.947
0.898
0.817
0.835
0.876
0.91
0.923
0.937
0.979
0.881
0.906
0.941
0.918
0.827
0.731
0.74
0.859
0.848
0.703
0.782
0.697
0.838
0.729
0.793
0.769
0.768
0.848
0.797
0.734
0.696
0.741
0.824
0.835
0.732
0.628
0.604
0.733
0.926
0.929
0.799
0.737
0.628
0.771
0.701
0.651
0.614
0.694
0.538
0.581
0.609
0.612
0.821
0.846
0.685
0.638
0.586
0.618
0.558
0.629
0.652
0.667
0.614
0.677
0.785
0.788
0.758
0.721
0.852
0.815
0.811
0.79
0.716
0.827
0.908
0.882
0.754
0.715
0.661
0.589
0.647
0.773
0.749
0.744
0.82
0.9
0.876
0.8
0.74
0.726
0.627
0.794
0.773
0.741
0.631
0.559
0.61
0.677
0.627
0.704
0.587
0.832
0.9
0.734
0.637
0.551
0.638
0.565
0.51
0.584
0.592
0.694
0.661
0.689
0.707
0.571
0.546
0.728
0.884
0.812
0.749
0.692
0.732
0.742
0.766
0.803
0.711
0.714
0.682
0.677
0.773
0.768
0.789
0.787
0.693
0.667
0.673
0.693
0.699
0.749
0.645
0.633
0.786
0.725
0.624
0.654
0.604
0.548
0.611
0.617
0.788
0.806
0.799
0.86
0.699
0.652
0.728
0.692
0.696
0.779
0.813
0.883
0.893
0.813
0.81
0.804
0.817
0.792
0.795
0.793
0.811
0.803
0.781
0.799
0.823
0.805
0.797
0.764
0.768
0.743
0.805
0.759
0.773
0.734
0.771
0.799
0.788
0.787
0.686
0.711
0.805
0.781
0.828
0.844
0.797
0.784
0.828
0.752
0.748
0.872
0.881
0.878
0.808
0.839
0.812
0.79
0.752
0.768
0.782
0.74
0.71
0.695
0.746
0.823
0.781
0.728
0.812
0.967
0.922
0.971
0.845
0.773
0.816
0.788
0.759
0.785
0.741
0.737
0.8
0.778
0.797
0.773
0.719
0.799
0.791
0.771
0.756
0.853
0.858
0.807
0.885
0.812
0.662
0.736
0.776
0.802
0.738
0.711
0.603
0.524
0.571
0.686
0.745
0.688
0.651
0.736
0.634
0.529
0.74
0.844
0.717
0.679
0.74
0.825
0.705
0.585
0.589
0.523
0.482
0.609
0.675
0.621
0.753
0.709
0.655
0.542
0.807
0.782
0.596
0.738
0.674
0.652
0.654
0.733
0.814
0.758
0.585
0.631
0.726
0.516
0.456
0.52
0.801
0.72
0.754
0.699
0.668
0.704
0.669
0.539
0.728
0.708
0.608
0.606
0.521
0.573
0.696
0.815
0.958
0.873
0.896
0.912
0.878
0.818
0.899
0.904
0.936
0.922
0.887
0.863
0.88
0.824
0.827
0.879
0.861
0.86
0.687
0.706
0.881
0.861
0.848
0.877
0.94
0.928
0.772
0.673
0.936
0.894
0.866
0.743
0.68
0.925
0.903
0.863
0.912
0.726
0.54
0.501
0.694
0.586
0.675
0.733
0.881
0.869
0.848
0.895
0.803
0.795
0.646
0.843
0.764
0.795
0.95
0.877
0.956
0.877
0.818
0.913
0.901
0.925
0.892
0.864
0.915
0.912
0.898
0.913
0.976
0.971
0.925
0.903
0.837
0.75
0.902
0.845
0.912
0.893
0.925
0.914
0.859
1.065
0.939
0.847
0.835
0.809
0.884
0.938
0.657
0.74
0.85
0.579
0.661
0.768
0.765
0.782
0.769
0.755
0.776
0.844
0.839
0.778
0.834
0.849
0.845
0.743
0.759
0.609
0.82
0.856
0.727
0.847
0.856
0.726
0.8
0.742
0.839
0.795
0.799
0.757
0.806
0.775
0.725
0.742
0.691
0.644
0.722
0.675
0.816
0.921
0.864
0.769
0.672
0.799
0.894
0.757
0.697
0.58
0.57
0.671
0.629
0.648
0.64
0.701
0.626
0.72
0.591
0.539
0.726
0.573
0.607
0.706
0.572
0.497
0.638
0.749
0.674
0.666
0.497
0.495
0.627
0.675
0.668
0.599
0.494
0.492
0.625
0.634
0.659
0.542
0.606
0.625
0.606
0.596
0.67
0.705
0.801
0.8
0.662
0.626
0.651
0.631
0.662
0.56
0.507
0.518
0.492
0.497
0.481
0.513
0.691
0.656
0.588
0.521
0.601
0.537
0.576
0.635
0.559
0.479
0.462
0.467
0.491
0.48
0.598
0.597
0.54
0.485
0.511
0.572
0.525
0.607
0.473
0.475
0.629
0.536
0.502
0.619
0.533
0.506
0.453
0.369
0.335
0.333
0.312
0.281
0.32
0.321
0.398
0.609
0.478
0.46
0.529
0.384
0.398
0.634
0.658
0.757
0.811
0.852
0.713
0.727
0.647
0.658
0.716
0.67
0.597
0.598
0.742
0.77
0.659
0.687
0.614
0.64
0.708
0.738
0.567
0.518
0.53
0.62
0.691
0.63
0.581
0.619
0.659
0.545
0.491
0.715
0.817
0.759
0.636
0.726
0.851
0.767
0.651
0.669
0.607
0.801
0.74
0.662
0.618
0.601
0.664
0.802
0.831
0.845
0.697
0.62
0.639
0.669
0.569
0.534
0.823
0.797
0.673
0.677
0.676
0.745
0.76
0.809
0.724
0.715
0.691
0.713
0.62
0.594
0.555
0.557
0.652
0.709
0.61
0.629
0.843
0.716
0.565
0.628
0.521
0.502
0.499
0.616
0.651
0.678
0.593
0.541
0.509
0.513
0.687
0.819
0.824
0.715
0.7
0.786
0.875
0.845
0.818
0.678
0.672
0.583
0.621
0.585
0.655
0.583
0.616
0.752
0.64
0.928
0.974
0.845
0.82
0.814
0.831
0.87
0.752
0.69
0.773
0.801
0.739
0.772
0.649
0.662
0.783
0.974
0.81
0.645
0.694
0.725
0.711
0.801
0.826
0.708
0.718
0.732
0.738
0.853
0.873
0.771
0.7
0.752
0.819
0.688
0.639
0.731
0.682
0.642
0.909
0.885
0.828
0.463
0.821
0.732
0.899
0.845
0.937
0.811
0.843
0.796
0.902
0.754
0.934
0.952
0.816
0.921
0.952
0.981
0.972
0.98
0.854
0.911
0.986
0.988
0.86
0.485
0.711
0.817
0.953
0.777
0.788
0.929
0.822
0.686
0.874
0.898
0.849
0.57
0.679
0.705
0.765
0.929
0.97
0.774
0.76
0.903
0.883
0.853
0.828
0.786
0.884
0.747
0.823
0.855
0.809
0.818
0.732
0.853
0.895
0.852
0.917
0.909
0.889
0.794
0.661
0.753
0.778
0.868
0.979
0.854
0.67
0.662
0.76
0.913
0.815
0.797
0.548
0.555
0.734
0.957
0.936
0.729
0.643
0.755
0.693
0.615
0.672
0.775
0.657
0.778
0.854
0.616
0.622
0.864
0.586
0.802
0.815
0.581
0.631
0.777
0.797
0.73
0.76
0.764
0.808
0.871
0.786
0.789
0.788
0.801
0.799
0.753
0.728
0.698
0.684
0.668
0.683
0.708
0.661
0.705
0.585
0.719
0.658
0.673
0.831
0.69
0.52
0.651
0.602
0.587
0.535
0.701
0.796
0.691
0.774
0.796
0.696
0.711
0.743
0.732
0.596
0.779
0.766
0.706
0.743
0.807
0.8
0.706
0.877
0.872
0.779
0.724
0.681
0.602
0.528
0.695
0.77
0.677
0.566
0.822
0.737
0.809
0.781
0.721
0.657
0.765
0.794
0.772
0.756
0.764
0.795
0.757
0.765
0.733
0.652
0.621
0.725
0.801
0.707
0.839
0.858
0.795
0.78
0.758
0.697
0.744
0.801
0.785
0.818
0.745
0.711
0.69
0.702
0.707
0.693
0.762
0.762
0.708
0.682
0.763
0.787
0.781
0.777
0.783
0.741
0.684
0.726
0.775
0.788
0.772
0.773
0.726
0.673
0.638
0.646
0.66
0.78
0.851
0.836
0.816
0.808
0.775
0.75
0.787
0.825
0.841
0.768
0.87
0.852
0.772
0.723
0.836
0.866
0.848
0.819
0.805
0.766
0.772
0.752
0.723
0.726
0.771
0.743
0.796
0.812
0.774
0.775
0.816
0.885
0.839
0.845
0.862
0.845
0.809
0.767
0.766
0.83
0.857
0.786
0.734
0.851
0.812
0.72
0.715
0.793
0.789
0.824
0.833
0.816
0.887
0.823
0.773
0.883
0.977
0.896
0.921
0.831
0.707
0.771
0.758
0.784
0.86
0.809
0.705
0.68
0.692
0.676
0.649
0.686
0.665
0.819
0.844
0.765
0.643
0.665
0.732
0.652
0.675
0.56
0.693
0.659
0.63
0.538
0.582
0.644
0.716
0.892
0.785
0.887
0.874
0.87
0.726
0.69
0.764
0.711
0.655
0.653
0.61
0.537
0.594
0.834
0.674
0.728
0.62
0.584
0.599
0.724
0.838
0.964
0.816
0.709
0.644
0.705
0.722
0.771
0.959
0.918
0.636
0.571
0.614
0.835
0.553
0.563
0.587
0.585
0.676
0.835
0.795
0.898
0.591
0.687
0.789
0.802
0.738
0.799
0.805
0.871
0.617
0.608
0.686
0.699
0.887
0.825
0.692
0.85
0.853
0.851
0.856
0.833
0.865
0.886
0.816
0.85
0.856
0.792
0.912
0.907
0.987
0.955
0.973
0.998
0.992
0.918
0.916
0.877
0.961
0.882
0.839
0.855
0.868
0.86
0.937
0.845
0.771
0.823
0.882
0.852
0.923
0.981
0.952
0.716
0.93
0.975
0.929
0.872
0.825
0.871
0.643
0.653
0.638
0.832
0.892
0.858
0.925
0.964
0.913
0.937
0.893
0.823
0.859
0.842
0.837
0.645
0.59
0.664
0.701
0.903
0.969
0.961
0.708
0.734
0.703
0.568
0.476
0.878
0.934
0.91
0.693
0.74
0.814
0.777
0.596
0.655
0.718
0.536
0.704
0.779
0.575
0.723
0.94
0.902
0.88
0.772
0.794
0.725
0.685
0.854
0.734
0.635
0.778
0.706
0.695
0.68
0.786
0.503
0.558
0.668
0.589
0.512
0.673
0.926
0.922
0.833
0.739
0.821
0.742
0.708
0.613
0.668
0.544
0.504
0.885
0.754
0.639
0.657
0.804
0.757
0.703
0.732
0.562
0.523
0.823
0.84
0.607
0.541
0.575
0.647
0.626
0.552
0.585
0.756
0.658
0.611
0.56
0.7
0.958
0.888
0.708
0.651
0.646
0.7
0.8
0.684
0.783
0.921
0.731
0.823
0.812
0.787
0.673
0.686
0.781
0.83
0.741
0.614
0.662
0.811
0.94
0.82
0.751
0.835
0.68
0.542
0.65
0.804
0.704
0.79
0.668
0.782
0.715
0.767
0.744
0.771
0.704
0.638
0.692
0.73
0.683
0.615
0.741
0.726
0.749
0.777
0.734
0.712
0.804
0.784
0.643
0.66
0.719
0.786
0.76
0.798
0.762
0.705
0.651
0.736
0.769
0.768
0.666
0.72
0.758
0.74
0.899
0.969
0.911
0.935
0.812
0.802
0.751
0.75
0.769
0.806
0.855
0.923
0.872
0.772
0.696
0.682
0.733
0.733
0.729
0.804
0.801
0.701
0.684
0.735
0.909
0.868
0.825
0.817
0.742
0.729
0.726
0.782
0.817
0.852
0.777
0.76
0.81
0.79
0.842
0.841
0.919
0.912
0.942
0.924
0.876
0.812
0.799
0.832
0.827
0.796
0.754
0.742
0.773
0.793
0.764
0.785
0.816
0.772
0.814
0.847
0.876
0.782
0.764
0.795
0.794
0.89
0.836
0.845
0.741
0.697
0.886
0.826
0.786
0.824
0.852
0.772
0.748
0.78
0.666
0.687
0.787
0.821
0.71
0.677
0.662
0.767
0.701
0.672
0.77
0.921
0.963
0.937
0.823
0.896
0.81
0.707
0.692
0.617
0.666
0.853
0.703
0.68
0.734
0.845
0.757
0.734
0.765
0.663
0.627
0.665
0.641
0.678
0.655
0.62
0.608
0.634
0.729
0.945
0.78
0.765
0.659
0.69
0.807
0.734
0.71
0.704
0.634
0.79
0.803
0.709
0.695
0.7
0.623
0.759
0.894
0.773
0.601
0.723
0.739
0.86
0.877
0.681
0.68
0.64
0.702
0.902
0.81
0.724
0.827
0.839
0.761
0.846
0.842
0.737
0.863
0.87
0.655
0.912
0.884
0.899
0.971
0.865
0.801
0.976
0.968
0.943
0.896
0.927
0.907
0.925
0.964
0.963
0.92
0.767
0.897
0.921
0.909
0.885
0.927
0.952
0.896
0.933
0.961
0.931
0.969
0.971
0.899
0.952
0.953
0.994
0.928
0.917
0.849
0.94
0.872
0.741
0.885
0.755
0.658
0.85
0.945
0.926
0.884
0.957
0.882
0.918
0.839
0.853
0.798
0.938
0.95
0.915
0.859
0.883
0.787
0.504
0.559
0.797
0.992
0.843
0.793
0.885
0.963
0.931
0.888
0.821
0.804
0.558
0.612
0.645
0.523
0.803
0.836
0.795
0.836
0.903
0.775
0.765
0.859
0.754
0.564
0.64
0.804
0.696
0.59
0.723
0.778
0.754
0.639
0.625
0.935
0.812
0.741
0.779
0.865
0.755
0.778
0.726
0.815
0.856
0.737
0.721
0.556
0.648
0.766
0.623
0.538
0.645
0.828
0.715
0.711
0.743
0.799
0.769
0.656
0.622
0.88
0.945
0.829
0.744
0.768
0.719
0.919
0.93
0.922
0.818
0.681
0.828
0.701
0.713
0.729
0.772
0.782
0.697
0.746
0.682
0.72
0.736
0.881
0.821
0.738
0.701
0.783
0.718
0.666
0.715
0.698
0.684
0.605
0.602
0.755
0.815
0.771
0.759
0.686
0.665
0.645
0.731
0.765
0.787
0.795
0.745
0.709
0.763
0.788
0.767
0.803
0.746
0.74
0.725
0.643
0.562
0.533
0.549
0.582
0.718
0.705
0.653
0.643
0.719
0.741
0.697
0.68
0.709
0.613
0.595
0.705
0.76
0.712
0.682
0.632
0.673
0.701
0.779
0.739
0.791
0.769
0.711
0.755
0.771
0.702
0.74
0.741
0.7
0.668
0.655
0.749
0.824
0.794
0.653
0.624
0.678
0.719
0.692
0.709
0.748
0.751
0.737
0.693
0.666
0.693
0.657
0.622
0.753
0.75
0.661
0.643
0.574
0.711
0.722
0.663
0.582
0.581
0.766
0.874
0.685
0.584
0.553
0.51
0.573
0.55
0.593
0.701
0.764
0.843
0.827
0.74
0.699
0.743
0.75
0.727
0.653
0.673
0.658
0.618
0.636
0.687
0.585
0.531
0.671
0.775
0.578
0.56
0.548
0.599
0.654
0.76
0.715
0.761
0.726
0.682
0.617
0.556
0.564
0.536
0.578
0.528
0.45
0.654
0.689
0.583
0.624
0.601
0.505
0.523
0.52
0.512
0.509
0.46
0.558
0.667
0.673
0.594
0.656
0.53
0.506
0.651
0.656
0.757
0.67
0.775
0.699
0.518
0.452
0.498
0.733
0.55
0.504
0.523
0.703
0.773
0.773
0.796
0.865
0.85
0.618
0.678
0.828
0.73
0.724
0.517
0.435
0.458
0.609
0.805
0.694
0.665
0.71
0.83
0.861
0.859
0.781
0.862
0.861
0.761
0.858
0.921
0.946
0.872
0.801
0.836
0.712
0.776
0.844
0.847
0.932
0.837
0.791
0.78
0.802
0.916
0.827
0.699
0.747
0.861
0.85
0.9
0.813
0.868
0.833
0.868
0.814
0.597
0.592
0.791
0.745
0.689
0.708
0.837
0.881
0.958
0.802
0.862
0.83
0.864
0.873
0.977
0.938
0.89
0.893
0.904
0.986
0.96
0.908
0.898
0.89
0.858
0.884
0.9
0.837
0.763
0.909
0.96
0.898
0.867
0.891
0.777
0.852
0.884
0.971
0.95
0.938
0.842
0.868
0.871
0.912
0.915
0.924
0.914
0.928
0.88
0.839
0.874
0.89
0.697
0.691
0.858
0.858
0.68
0.767
0.835
0.67
0.92
0.937
0.932
0.925
0.88
0.949
0.957
0.854
0.781
0.832
0.836
0.851
0.879
0.773
0.768
0.784
0.636
0.669
0.716
0.766
0.75
0.746
0.858
0.867
0.842
0.748
0.875
0.776
0.693
0.641
0.685
0.49
0.504
0.772
0.738
0.807
0.686
0.719
0.893
0.797
0.673
0.706
0.778
0.802
0.654
0.572
0.814
0.689
0.756
0.755
0.684
0.761
0.645
0.538
0.579
0.617
0.637
0.692
0.706
0.756
0.57
0.69
0.7
0.796
0.911
0.943
0.82
0.751
0.805
0.791
0.765
0.842
0.871
0.822
0.759
0.621
0.64
0.802
0.721
0.722
0.667
0.741
0.737
0.671
0.573
0.748
0.892
0.72
0.646
0.611
0.703
0.641
0.626
0.616
0.678
0.76
0.696
0.687
0.613
0.601
0.723
0.86
0.75
0.758
0.656
0.525
0.59
0.851
0.881
0.735
0.665
0.637
0.769
0.812
0.748
0.731
0.718
0.67
0.593
0.524
0.539
0.559
0.651
0.622
0.613
0.728
0.782
0.806
0.791
0.737
0.697
0.77
0.794
0.729
0.714
0.771
0.644
0.658
0.675
0.757
0.788
0.787
0.757
0.762
0.734
0.682
0.749
0.743
0.737
0.782
0.78
0.876
0.815
0.898
0.821
0.828
0.834
0.793
0.812
0.854
0.835
0.911
0.881
0.812
0.877
0.838
0.771
0.832
0.865
0.936
0.824
0.816
0.814
0.809
0.783
0.707
0.784
0.867
0.84
0.862
0.846
0.801
0.838
0.835
0.873
0.863
0.725
0.736
0.822
0.715
0.711
0.742
0.823
0.845
0.848
0.837
0.898
0.936
0.846
0.836
0.829
0.795
0.811
0.845
0.835
0.831
0.869
0.853
0.866
0.839
0.829
0.794
0.708
0.749
0.794
0.808
0.793
0.818
0.841
0.788
0.718
0.859
0.871
0.807
0.776
0.749
0.892
0.847
0.759
0.803
0.702
0.674
0.737
0.743
0.725
0.749
0.729
0.681
0.715
0.761
0.74
0.86
0.727
0.675
0.757
0.822
0.871
0.679
0.731
0.743
0.698
0.765
0.698
0.742
0.82
0.713
0.77
0.711
0.694
0.799
0.805
0.776
0.915
0.939
0.759
0.777
0.756
0.777
0.757
0.74
0.737
0.785
0.959
1
0.807
0.655
0.652
0.677
0.808
0.854
0.779
0.782
0.854
0.983
0.909
0.892
0.919
0.902
0.808
0.803
0.751
0.853
0.829
0.844
0.799
0.825
0.781
0.759
0.82
0.909
0.84
0.952
0.991
0.969
0.953
0.924
0.881
0.839
0.893
0.838
0.847
0.862
0.671
0.815
0.866
0.631
0.604
0.535
0.561
0.796
0.968
0.987
0.953
0.769
0.869
0.925
0.883
0.864
0.836
0.84
0.901
0.888
0.912
0.947
0.963
0.978
0.909
0.897
0.897
0.934
0.842
0.824
0.876
0.954
0.964
0.913
0.92
0.851
0.8
0.829
0.878
0.688
0.492
0.601
0.744
0.631
0.655
0.695
0.587
0.743
0.79
0.794
0.809
0.833
0.852
0.97
0.924
0.901
0.841
0.927
0.88
0.714
0.802
0.894
0.968
0.952
0.864
0.83
0.827
0.884
0.863
0.857
0.931
0.942
0.878
0.97
0.967
0.97
0.898
0.937
0.876
0.873
0.879
0.848
0.749
0.679
0.701
0.764
0.894
0.608
0.73
0.874
0.909
0.842
0.964
0.947
0.87
0.81
0.768
0.79
0.793
0.783
0.875
0.985
0.903
0.782
0.75
0.768
0.803
0.743
0.739
0.876
0.815
0.746
0.847
0.722
0.82
0.846
0.859
0.828
0.708
0.806
0.799
0.809
0.625
0.589
0.763
0.91
0.817
0.681
0.692
0.692
0.802
0.645
0.749
0.73
0.81
0.817
0.757
0.602
0.643
0.646
0.583
0.585
0.699
0.717
0.648
0.691
0.694
0.622
0.682
0.771
0.651
0.624
0.601
0.812
0.86
0.796
0.697
0.681
0.731
0.784
0.676
0.839
0.732
0.71
0.798
0.892
0.873
0.699
0.786
0.861
0.788
0.755
0.728
0.711
0.746
0.755
0.765
0.733
0.685
0.714
0.703
0.735
0.832
0.799
0.741
0.703
0.748
0.725
0.712
0.748
0.791
0.826
0.883
0.842
0.77
0.777
0.742
0.787
0.794
0.772
0.756
0.785
0.781
0.808
0.733
0.806
0.815
0.699
0.691
0.807
0.826
0.774
0.753
0.699
0.641
0.684
0.795
0.778
0.77
0.778
0.825
0.827
0.773
0.765
0.816
0.787
0.826
0.74
0.768
0.793
0.702
0.691
0.807
0.81
0.76
0.786
0.725
0.728
0.816
0.813
0.769
0.738
0.851
0.768
0.667
0.691
0.791
0.73
0.69
0.744
0.725
0.735
0.706
0.749
0.879
0.811
0.865
0.783
0.712
0.794
0.814
0.661
0.701
0.764
0.641
0.663
0.618
0.719
0.827
0.748
0.746
0.691
0.804
0.712
0.819
0.742
0.803
0.778
0.838
0.888
0.865
0.793
0.827
0.736
0.633
0.708
0.636
0.713
0.68
0.558
0.665
0.685
0.821
0.662
0.617
0.703
0.686
0.608
0.555
0.773
0.904
0.792
0.809
0.928
0.8
0.654
0.602
0.584
0.589
0.623
0.726
0.711
0.618
0.731
0.857
0.74
0.692
0.783
0.814
0.828
0.751
0.728
0.675
0.595
0.606
0.711
0.72
0.895
0.977
0.861
0.774
0.928
0.828
0.872
0.618
0.619
0.626
0.64
0.715
0.817
0.819
0.893
0.754
0.844
0.783
0.803
0.881
0.907
0.971
0.926
0.923
0.804
0.747
0.763
0.867
0.647
0.639
0.565
0.773
0.907
0.89
0.879
0.91
0.847
0.808
0.889
0.895
0.867
0.833
0.892
0.743
0.796
0.818
0.886
0.775
0.931
0.891
0.942
0.933
0.919
0.848
0.957
0.954
0.898
0.881
0.887
0.919
0.971
1.005
0.887
0.747
0.807
0.885
0.76
0.755
0.858
0.898
0.943
1
0.992
0.988
0.917
1.039
0.983
0.854
0.869
0.674
0.692
0.824
0.812
0.879
0.851
0.906
0.885
0.879
0.86
0.858
0.944
1.032
0.951
0.952
0.889
0.924
0.805
0.717
0.775
0.784
0.88
0.76
0.957
0.922
0.847
0.876
0.832
0.807
0.868
0.855
0.84
0.914
0.884
0.843
0.886
0.702
0.704
0.885
0.646
0.731
0.809
0.78
0.77
0.582
0.457
0.784
0.725
0.678
0.854
0.755
0.621
0.655
0.711
0.653
0.843
0.753
0.757
0.71
0.636
0.591
0.6
0.732
0.674
0.762
0.912
0.723
0.644
0.67
0.869
0.742
0.935
0.838
0.774
0.71
0.701
0.622
0.663
0.619
0.563
0.547
0.512
0.461
0.564
0.656
0.67
0.761
0.795
0.847
0.862
0.856
0.645
0.524
0.779
0.75
0.695
0.803
0.758
0.675
0.572
0.673
0.753
0.581
0.596
0.832
0.795
0.742
0.704
0.707
0.65
0.515
0.509
0.58
0.606
0.726
0.794
0.671
0.57
0.593
0.629
0.693
0.698
0.608
0.592
0.538
0.514
0.679
0.667
0.707
0.591
0.474
0.556
0.638
0.697
0.685
0.673
0.636
0.602
0.611
0.622
0.664
0.721
0.64
0.77
0.876
0.935
0.814
0.834
0.722
0.782
0.834
0.748
0.743
0.82
0.8
0.761
0.752
0.735
0.766
0.773
0.757
0.684
0.731
0.743
0.818
0.785
0.742
0.685
0.736
0.688
0.729
0.758
0.797
0.858
0.782
0.772
0.765
0.756
0.793
0.728
0.708
0.736
0.73
0.773
0.735
0.835
0.806
0.665
0.69
0.663
0.762
0.772
0.907
0.842
0.865
0.821
0.793
0.732
0.764
0.751
0.756
0.803
0.867
0.796
0.7
0.752
0.767
0.745
0.763
0.795
0.769
0.667
0.769
0.732
0.637
0.639
0.63
0.703
0.721
0.68
0.601
0.638
0.644
0.657
0.575
0.59
0.613
0.565
0.558
0.674
0.609
0.507
0.485
0.462
0.536
0.583
0.748
0.762
0.741
0.898
0.757
0.752
0.595
0.747
0.724
0.676
0.746
0.66
0.564
0.598
0.639
0.687
0.614
0.588
0.559
0.617
0.694
0.713
0.621
0.504
0.476
0.813
0.775
0.643
0.566
0.585
0.647
0.714
0.677
0.594
0.56
0.515
0.578
0.774
0.97
0.735
0.635
0.846
0.912
0.852
0.628
0.631
0.897
0.816
0.748
0.721
0.755
0.854
0.851
0.782
0.83
0.753
0.685
0.648
0.539
0.589
0.606
0.642
0.687
0.557
0.892
0.819
0.638
0.723
0.673
0.592
0.639
0.821
0.92
0.94
0.936
0.843
0.943
0.972
0.92
0.837
0.907
0.95
0.989
0.957
0.957
0.942
0.874
0.791
0.767
0.744
0.87
0.919
0.873
0.879
0.824
0.888
0.846
0.635
0.715
0.953
0.704
0.838
0.729
0.782
0.958
0.952
0.92
0.944
0.929
0.986
0.94
0.86
0.822
0.971
0.908
0.92
0.914
0.962
0.982
0.921
0.876
0.902
0.924
0.926
0.946
0.945
0.913
0.951
0.9
0.972
0.969
0.904
0.833
0.898
0.704
0.77
0.851
0.853
0.895
0.935
0.801
0.706
0.819
0.838
0.963
0.895
0.839
0.77
0.769
0.841
0.863
0.752
0.826
0.784
0.761
0.888
0.956
0.947
0.778
0.464
0.501
0.58
0.843
0.926
0.98
0.904
0.629
0.622
0.734
0.669
0.555
0.541
0.593
0.605
0.708
0.72
0.748
0.681
0.769
0.738
0.717
0.643
0.528
0.504
0.647
0.866
0.872
0.802
0.721
0.759
0.718
0.664
0.793
0.431
0.612
0.681
0.82
0.948
0.865
0.888
0.789
0.825
0.751
0.598
0.613
0.75
0.87
0.767
0.842
0.865
0.81
0.677
0.692
0.715
0.633
0.695
0.726
0.608
0.783
0.758
0.74
0.652
0.678
0.84
0.683
0.582
0.605
0.825
0.823
0.847
0.756
0.759
0.753
0.698
0.634
0.811
0.914
0.75
0.652
0.63
0.614
0.709
0.835
0.929
0.808
0.735
0.845
0.863
0.815
0.658
0.824
0.855
0.798
0.83
0.744
0.754
0.757
0.865
0.83
0.829
0.802
0.774
0.637
0.638
0.578
0.598
0.617
0.611
0.676
0.703
0.729
0.717
0.73
0.737
0.763
0.774
0.784
0.781
0.786
0.814
0.776
0.729
0.654
0.738
0.793
0.81
0.77
0.758
0.726
0.717
0.721
0.71
0.766
0.79
0.787
0.739
0.807
0.786
0.755
0.797
0.859
0.799
0.803
0.784
0.807
0.834
0.806
0.818
0.796
0.74
0.749
0.763
0.838
0.846
0.838
0.86
0.814
0.826
0.897
0.894
0.831
0.844
0.852
0.815
0.822
0.831
0.804
0.809
0.869
0.849
0.797
0.776
0.773
0.736
0.809
0.816
0.779
0.752
0.826
0.802
0.821
0.791
0.799
0.67
0.637
0.68
0.615
0.626
0.8
0.937
0.808
0.684
0.584
0.785
0.758
0.703
0.681
0.697
0.801
0.648
0.615
0.85
0.876
0.84
0.609
0.617
0.649
0.63
0.574
0.572
0.596
0.607
0.655
0.591
0.773
0.825
0.952
0.924
0.796
0.751
0.689
0.668
0.608
0.666
0.651
0.786
0.636
0.615
0.531
0.554
0.631
0.803
0.778
0.672
0.595
0.636
0.629
0.665
0.812
0.808
0.771
0.763
0.903
0.9
0.901
0.827
0.623
0.617
0.739
0.824
0.74
0.57
0.76
0.932
0.74
0.862
0.87
0.853
0.923
0.925
0.944
0.911
0.925
0.904
0.877
0.871
0.832
0.876
0.897
0.914
0.838
0.749
0.817
0.824
0.864
0.843
0.894
0.867
0.578
0.609
0.666
0.874
0.774
0.77
0.801
0.919
0.969
0.984
0.959
0.938
0.971
0.959
0.943
0.9
0.967
0.949
0.931
0.935
0.904
0.891
0.925
0.963
0.993
0.973
0.994
0.988
0.902
0.933
0.922
0.898
0.884
0.943
0.948
0.862
0.886
0.939
1.004
1.032
0.959
1.088
1.004
0.925
1.026
0.851
0.923
0.982
0.974
0.969
0.855
0.859
0.932
0.866
0.873
0.854
0.808
0.842
0.817
0.77
0.712
0.825
0.895
0.942
0.977
0.97
0.929
0.917
0.793
0.855
0.926
0.89
0.877
0.937
0.858
0.893
0.901
0.968
0.943
0.979
0.758
0.65
0.781
1.001
0.956
0.735
0.782
0.781
0.633
0.755
0.89
0.965
0.841
0.668
0.704
0.709
0.709
0.693
0.634
0.718
0.808
0.725
0.666
0.69
0.846
0.928
0.889
0.884
0.911
0.759
0.848
0.534
0.651
0.819
0.842
0.753
0.865
0.802
0.706
0.726
0.849
0.741
0.656
0.71
0.676
0.727
0.698
0.569
0.657
0.839
0.8
0.906
0.826
0.702
0.624
0.664
0.739
0.757
0.831
0.955
0.796
0.768
0.791
0.685
0.714
0.961
0.93
0.771
0.65
0.712
0.914
0.868
0.846
0.838
0.961
0.876
0.807
0.978
0.761
0.653
0.56
0.83
0.918
0.878
0.819
0.765
0.766
0.808
0.668
0.738
0.9
0.727
0.796
0.944
0.888
0.779
0.677
0.578
0.643
0.85
0.804
0.771
0.768
0.827
0.843
0.854
0.861
0.802
0.757
0.798
0.784
0.769
0.712
0.706
0.796
0.819
0.821
0.838
0.8
0.804
0.754
0.781
0.824
0.671
0.671
0.735
0.739
0.778
0.733
0.722
0.78
0.696
0.636
0.641
0.724
0.751
0.772
0.713
0.597
0.704
0.768
0.749
0.795
0.831
0.795
0.816
0.857
0.777
0.686
0.845
0.778
0.786
0.8
0.801
0.734
0.761
0.838
0.854
0.828
0.849
0.807
0.756
0.751
0.793
0.824
0.832
0.833
0.807
0.739
0.741
0.79
0.795
0.789
0.818
0.836
0.744
0.738
0.765
0.802
0.804
0.797
0.819
0.764
0.699
0.744
0.759
0.804
0.74
0.721
0.705
0.665
0.69
0.667
0.718
0.71
0.88
0.894
0.834
0.799
0.8
0.734
0.785
0.872
0.923
0.917
0.917
0.85
0.757
0.707
0.611
0.843
0.839
0.801
0.783
0.712
0.815
0.882
0.899
0.708
0.717
0.74
0.781
0.734
0.687
0.657
0.667
0.709
0.826
0.953
0.87
0.737
0.699
0.654
0.695
0.739
0.733
0.746
0.897
0.724
0.808
0.809
0.834
0.878
0.787
0.676
0.831
0.858
0.742
0.802
0.832
0.63
0.645
0.615
0.765
0.743
0.709
0.851
0.95
0.84
0.794
0.833
0.901
0.845
0.83
0.82
0.844
0.821
0.814
0.841
0.769
0.676
0.828
0.834
0.796
0.867
0.919
0.905
0.807
0.892
0.871
0.912
0.938
0.734
0.855
0.86
0.78
0.868
0.886
0.934
0.887
0.836
0.943
0.969
0.891
0.831
0.826
0.92
0.934
0.88
0.658
0.8
0.868
0.898
0.957
0.947
0.695
0.874
0.927
0.907
0.938
0.922
0.918
0.938
1.013
0.978
0.99
0.967
0.638
0.638
0.848
0.949
0.906
0.825
0.795
0.827
0.851
0.911
0.941
0.781
0.825
0.935
0.984
0.967
0.932
0.879
0.886
0.954
0.845
0.963
0.94
0.892
0.943
0.927
0.955
0.928
0.887
0.969
0.927
0.889
0.871
0.897
0.802
0.799
0.858
0.9
0.774
0.9
0.875
0.873
0.837
0.768
0.897
0.853
0.933
0.897
0.864
0.839
0.824
0.892
0.939
0.822
0.944
0.91
0.79
0.858
0.916
0.838
0.697
0.819
0.818
0.776
0.734
0.626
0.638
0.894
0.585
0.566
0.603
0.845
0.7
0.703
0.78
0.843
0.794
0.651
0.864
0.839
0.727
0.752
0.956
0.918
0.753
0.61
0.481
0.64
0.715
0.797
0.756
0.662
0.669
0.493
0.551
0.677
0.923
0.907
0.682
0.561
0.739
0.839
0.71
0.552
0.538
0.631
0.745
0.788
0.754
0.723
0.625
0.696
0.821
0.608
0.612
0.795
0.741
0.957
0.758
0.717
0.743
0.614
0.799
0.886
0.767
0.67
0.738
0.621
0.72
0.731
0.72
0.681
0.772
0.787
0.764
0.681
0.656
0.602
0.626
0.972
0.817
0.703
0.726
0.884
0.848
0.941
0.972
0.954
0.928
0.764
0.659
0.692
0.716
0.756
0.689
0.598
0.605
0.762
0.785
0.721
0.633
0.76
0.81
0.84
0.771
0.75
0.764
0.755
0.646
0.72
0.75
0.794
0.698
0.672
0.761
0.802
0.837
0.822
0.831
0.816
0.755
0.712
0.763
0.772
0.86
0.766
0.69
0.702
0.733
0.776
0.792
0.786
0.769
0.82
0.773
0.692
0.798
0.92
0.859
0.833
0.756
0.837
0.818
0.803
0.791
0.739
0.655
0.752
0.812
0.82
0.818
0.775
0.686
0.707
0.679
0.755
0.843
0.882
0.923
0.919
0.793
0.879
0.871
0.869
0.939
0.811
0.902
0.903
0.887
0.831
0.904
0.889
0.857
0.823
0.844
0.872
0.816
0.851
0.822
0.794
0.831
0.756
0.731
0.77
0.812
0.852
0.871
0.881
0.874
0.838
0.81
0.761
0.82
0.771
0.841
0.716
0.716
0.914
0.787
0.707
0.856
0.79
0.784
0.799
0.723
0.776
0.713
0.781
0.778
0.664
0.702
0.723
0.699
0.694
0.697
0.666
0.715
0.742
0.652
0.669
0.818
0.776
0.682
0.707
0.735
0.658
0.611
0.706
0.639
0.684
0.613
0.634
0.913
0.934
0.881
0.743
0.758
0.707
0.779
0.841
0.886
0.774
0.78
0.754
0.742
0.873
0.805
0.828
0.852
0.677
0.648
0.605
0.901
0.936
0.908
0.848
0.962
0.904
0.904
0.899
0.936
0.787
0.68
0.804
0.863
0.784
0.898
0.977
0.956
0.827
0.73
0.891
0.918
0.795
0.818
0.929
0.92
0.947
0.972
0.95
0.908
0.879
0.946
0.918
0.787
0.843
0.794
0.937
0.919
0.841
0.946
0.958
0.981
0.978
0.896
0.857
0.705
0.743
0.88
0.748
0.836
0.864
0.905
0.956
0.947
0.96
0.995
0.966
0.943
0.807
0.605
0.789
0.926
0.866
0.946
0.948
0.954
0.926
0.881
0.873
0.864
0.929
0.966
0.968
0.904
0.871
0.917
0.873
0.918
0.9
0.835
0.721
0.749
0.799
0.76
0.751
0.836
0.906
0.884
0.78
0.76
0.929
0.928
0.793
0.801
0.736
0.833
0.984
1.008
0.973
0.932
0.892
0.81
0.842
0.853
0.851
0.794
0.825
0.778
0.825
0.819
0.887
0.877
0.825
0.762
0.758
0.926
0.977
0.623
0.628
0.689
0.778
0.75
0.652
0.59
0.82
0.981
0.971
0.977
0.943
0.849
0.773
0.677
0.649
0.805
0.739
0.762
0.808
0.77
0.799
0.801
0.771
0.757
0.814
0.679
0.608
0.567
0.81
0.96
0.752
0.614
0.604
0.595
0.865
0.846
0.887
0.799
0.642
0.81
0.786
0.617
0.728
0.641
0.61
0.653
0.9
0.75
0.693
0.804
0.9
0.865
0.856
0.861
0.845
0.728
0.728
0.773
0.9
0.813
0.841
0.88
0.828
0.797
0.735
0.623
0.712
0.62
0.509
0.585
0.654
0.642
0.659
0.668
0.815
0.824
0.724
0.606
0.652
0.691
0.651
0.736
0.687
0.655
0.754
0.682
0.715
0.65
0.66
0.589
0.799
0.842
0.876
0.828
0.77
0.802
0.794
0.797
0.808
0.736
0.762
0.738
0.767
0.744
0.739
0.712
0.722
0.757
0.762
0.777
0.764
0.792
0.782
0.689
0.676
0.778
0.787
0.763
0.811
0.811
0.773
0.735
0.664
0.633
0.642
0.694
0.786
0.857
0.796
0.686
0.765
0.803
0.837
0.837
0.817
0.768
0.712
0.702
0.74
0.815
0.823
0.733
0.765
0.689
0.65
0.735
0.892
0.903
0.88
0.853
0.81
0.844
0.85
0.815
0.845
0.8
0.78
0.811
0.798
0.807
0.814
0.794
0.746
0.824
0.833
0.828
0.889
0.872
0.82
0.749
0.776
0.83
0.85
0.78
0.705
0.786
0.725
0.728
0.685
0.785
0.83
0.778
0.76
0.696
0.73
0.761
0.731
0.699
0.757
0.886
0.824
0.723
0.72
0.782
0.801
0.823
0.682
0.683
0.781
0.785
0.761
0.759
0.599
0.646
0.689
0.633
0.864
0.841
0.81
0.794
0.89
0.861
0.793
0.688
0.679
0.683
0.68
0.743
0.685
0.649
0.735
0.773
0.771
0.689
0.778
0.68
0.689
0.634
0.629
0.582
0.658
0.806
0.771
0.848
0.8
0.757
0.726
0.756
0.717
0.626
0.614
0.67
0.687
0.726
0.925
0.676
0.673
0.687
0.702
0.804
0.77
0.8
0.708
0.776
0.722
0.667
0.678
0.721
0.73
0.607
0.817
0.747
0.746
0.869
0.863
0.813
0.685
0.858
0.908
0.891
0.904
0.848
0.73
0.728
0.73
0.793
0.693
0.638
0.84
0.739
0.816
0.799
0.825
0.83
0.887
0.963
0.871
0.541
0.677
0.747
0.743
0.85
0.923
0.963
0.749
0.766
0.654
0.742
0.941
0.866
0.863
1.015
0.976
0.974
0.911
0.927
0.878
0.977
0.958
0.873
0.9
0.997
0.975
0.922
0.86
0.868
0.94
0.971
0.843
0.892
0.932
0.897
0.89
0.945
0.882
0.877
0.892
0.864
0.973
0.879
0.882
0.851
0.844
0.933
0.981
0.928
0.789
0.913
0.89
0.631
0.695
0.626
0.717
0.882
0.738
0.644
0.619
0.527
0.515
0.698
0.852
0.913
0.853
0.911
0.935
0.845
0.76
0.919
0.754
0.708
0.918
0.817
0.836
0.911
0.865
0.845
0.825
0.816
0.831
0.83
0.848
0.872
0.846
0.785
0.65
0.713
0.724
0.652
0.681
0.676
0.68
0.631
0.544
0.629
0.507
0.53
0.875
0.828
0.758
0.807
0.79
0.737
0.68
0.701
0.868
0.744
0.839
0.754
0.645
0.547
0.663
0.935
0.884
0.85
0.761
0.781
0.831
0.85
0.9
0.69
0.584
0.551
0.605
0.74
0.683
0.574
0.546
0.553
0.543
0.512
0.687
0.77
0.635
0.72
0.792
0.596
0.651
0.682
0.767
0.884
0.713
0.681
0.697
0.722
0.732
0.581
0.57
0.7
0.869
0.861
0.722
0.749
0.611
0.575
0.589
0.528
0.684
0.773
0.773
0.78
0.665
0.689
0.711
0.67
0.666
0.553
0.608
0.637
0.638
0.713
0.764
0.697
0.664
0.688
0.615
0.585
0.627
0.62
0.615
0.591
0.703
0.751
0.672
0.766
0.805
0.78
0.675
0.809
0.786
0.76
0.76
0.761
0.766
0.717
0.67
0.74
0.774
0.643
0.632
0.727
0.704
0.681
0.71
0.739
0.786
0.792
0.808
0.838
0.8
0.76
0.793
0.723
0.701
0.73
0.754
0.762
0.763
0.744
0.808
0.737
0.701
0.734
0.758
0.693
0.762
0.824
0.716
0.763
0.781
0.786
0.837
0.898
0.728
0.692
0.758
0.785
0.796
0.796
0.689
0.644
0.686
0.822
0.876
0.846
0.805
0.762
0.687
0.702
0.677
0.61
0.605
0.547
0.522
0.639
0.761
0.747
0.571
0.562
0.515
0.43
0.466
0.562
0.514
0.41
0.561
0.568
0.465
0.456
0.633
0.665
0.471
0.392
0.485
0.633
0.477
0.46
0.68
0.838
0.746
0.593
0.572
0.827
0.871
0.683
0.699
0.655
0.808
0.941
0.912
0.71
0.528
0.751
0.752
0.632
0.725
0.904
0.778
0.625
0.616
0.559
0.638
0.761
0.698
0.62
0.545
0.674
0.66
0.609
0.565
0.675
0.652
0.827
0.714
0.596
0.634
0.672
0.597
0.569
0.701
0.731
0.795
0.743
0.741
0.73
0.632
0.696
0.646
0.585
0.611
0.802
0.741
0.752
0.712
0.726
0.747
0.906
0.827
0.772
0.733
0.65
0.741
0.815
0.704
0.811
0.927
0.854
0.763
0.716
0.712
0.829
0.755
0.817
0.911
0.952
0.934
0.816
0.811
0.772
0.893
0.92
0.588
0.833
0.839
0.746
0.821
0.899
0.799
0.83
0.966
0.969
0.944
0.874
0.976
0.98
0.987
0.787
0.813
0.889
0.795
0.865
0.94
0.831
0.774
0.861
0.719
0.79
0.829
0.728
0.826
0.8
0.893
0.795
0.793
0.919
0.753
0.647
0.68
0.619
0.682
0.735
0.95
0.848
0.787
0.607
0.831
0.928
0.684
0.657
0.737
0.655
0.697
0.855
0.925
0.653
0.793
0.948
0.812
0.854
0.605
0.881
0.932
0.95
0.87
0.829
0.771
0.825
0.895
0.846
0.849
0.681
0.539
0.667
0.677
0.598
0.538
0.638
0.559
0.576
0.627
0.623
0.771
0.783
0.776
0.636
0.616
0.617
0.767
0.655
0.524
0.805
0.926
0.883
0.783
0.713
0.711
0.687
0.547
0.681
0.654
0.753
0.618
0.545
0.478
0.773
0.823
0.784
0.546
0.574
0.785
0.891
0.668
0.646
0.739
0.728
0.602
0.682
0.719
0.69
0.822
0.827
0.819
0.85
0.871
0.843
0.649
0.636
0.602
0.537
0.487
0.581
0.497
0.569
0.748
0.807
0.663
0.724
0.732
0.692
0.685
0.753
0.748
0.763
0.612
0.742
0.772
0.648
0.55
0.638
0.707
0.718
0.918
0.777
0.69
0.686
0.752
0.692
0.624
0.611
0.837
0.958
0.823
0.751
0.757
0.71
0.712
0.725
0.688
0.883
0.762
0.625
0.642
0.62
0.668
0.718
0.818
0.774
0.734
0.772
0.774
0.803
0.902
0.746
0.736
0.794
0.731
0.735
0.776
0.795
0.766
0.764
0.689
0.765
0.72
0.695
0.725
0.81
0.848
0.791
0.747
0.715
0.651
0.742
0.801
0.799
0.703
0.733
0.773
0.832
0.837
0.794
0.814
0.84
0.786
0.799
0.767
0.721
0.733
0.735
0.77
0.746
0.752
0.8
0.848
0.846
0.841
0.844
0.831
0.822
0.725
0.913
0.825
0.834
0.875
0.85
0.814
0.79
0.75
0.777
0.849
0.825
0.873
0.934
0.792
0.751
0.75
0.793
0.873
0.826
0.778
0.786
0.846
0.861
0.838
0.833
0.837
0.834
0.81
0.83
0.871
0.775
0.764
0.726
0.811
0.835
0.872
0.885
0.836
0.768
0.827
0.854
0.775
0.748
0.732
0.696
0.742
0.829
0.777
0.907
0.93
0.838
0.788
0.748
0.781
0.66
0.688
0.701
0.719
0.755
0.86
0.961
0.901
0.735
0.783
0.719
0.694
0.662
0.608
0.602
0.626
0.798
0.81
0.884
0.769
0.701
0.671
0.67
0.721
0.697
0.857
0.893
0.793
0.773
0.799
0.753
0.675
0.598
0.6
0.553
0.63
0.682
0.651
0.645
0.876
0.933
0.945
0.895
0.759
0.835
0.902
0.792
0.719
0.739
0.775
0.746
0.701
0.675
0.837
0.846
0.792
0.803
0.88
0.945
0.94
0.868
0.901
0.9
0.827
0.707
0.831
0.755
0.755
0.564
0.871
0.94
0.818
0.894
0.978
0.902
0.9
0.946
0.914
0.979
0.981
0.822
0.885
0.883
0.855
0.794
0.874
0.841
0.815
0.875
0.916
0.869
0.938
0.939
0.94
0.944
0.929
0.932
0.963
0.971
0.965
0.983
0.942
0.912
0.962
0.966
0.95
0.985
0.992
1.001
0.968
0.944
0.96
0.956
0.869
0.898
0.948
0.96
0.973
0.842
0.882
0.906
0.919
0.939
0.955
0.948
0.875
0.816
0.809
0.853
0.958
0.938
0.864
0.84
0.973
0.851
0.595
0.733
0.827
0.962
0.908
0.878
0.58
0.573
0.634
0.846
0.669
0.817
0.903
0.88
0.898
0.736
0.753
0.535
0.584
0.817
0.817
0.743
0.738
0.676
0.837
0.77
0.858
0.746
0.76
0.842
0.917
0.774
0.748
0.891
0.929
0.799
0.651
0.69
0.712
0.702
0.66
0.685
0.636
0.706
0.714
0.589
0.687
0.822
0.77
0.792
0.646
0.644
0.684
0.644
0.916
0.81
0.716
0.691
0.821
0.891
0.733
0.737
0.639
0.838
0.868
0.693
0.673
0.576
0.836
0.863
0.814
0.756
0.773
0.572
0.54
0.611
0.593
0.513
0.506
0.563
0.629
0.619
0.597
0.772
0.681
0.764
0.752
0.578
0.595
0.681
0.785
0.611
0.61
0.922
0.879
0.824
0.765
0.705
0.657
0.799
0.879
0.665
0.788
0.786
0.812
0.835
0.839
0.799
0.719
0.631
0.805
0.847
0.869
0.793
0.834
0.944
0.815
0.647
0.605
0.683
0.733
0.685
0.661
0.702
0.702
0.734
0.629
0.592
0.652
0.713
0.774
0.841
0.746
0.662
0.597
0.67
0.67
0.668
0.67
0.755
0.776
0.704
0.789
0.834
0.755
0.651
0.745
0.779
0.669
0.696
0.737
0.717
0.676
0.703
0.611
0.642
0.733
0.792
0.799
0.776
0.792
0.8
0.773
0.778
0.806
0.821
0.704
0.808
0.886
0.8
0.772
0.731
0.811
0.823
0.774
0.682
0.717
0.796
0.802
0.83
0.85
0.825
0.827
0.796
0.721
0.629
0.779
0.813
0.824
0.823
0.873
0.727
0.855
0.87
0.815
0.805
0.85
0.792
0.763
0.692
0.717
0.812
0.761
0.649
0.689
0.737
0.685
0.629
0.695
0.758
0.834
0.815
0.723
0.62
0.73
0.765
0.697
0.633
0.679
0.832
0.926
0.824
0.775
0.831
0.779
0.919
0.904
0.81
0.811
0.811
0.788
0.683
0.666
0.684
0.622
0.703
0.949
0.799
0.664
0.626
0.623
0.734
0.88
0.947
0.887
0.892
0.739
0.849
0.743
0.64
0.685
0.687
0.733
0.867
0.872
0.925
0.807
0.688
0.738
0.647
0.659
0.709
0.632
0.618
0.773
0.719
0.636
0.709
0.624
0.625
0.716
0.752
0.756
0.741
0.634
0.624
0.758
0.738
0.79
0.801
0.75
0.881
0.779
0.651
0.639
0.659
0.799
0.849
0.752
0.856
0.832
0.957
0.937
0.841
0.808
0.796
0.795
0.73
0.72
0.841
0.837
0.817
0.732
0.758
0.915
0.937
0.966
0.862
0.865
0.968
0.91
0.915
0.698
0.693
0.699
0.863
0.609
0.686
0.83
0.905
0.906
0.861
0.822
0.825
0.925
0.845
0.854
0.919
0.872
0.926
0.918
0.895
0.936
0.944
0.946
0.92
0.915
0.871
0.917
0.749
0.815
0.75
0.86
0.915
0.941
0.892
0.895
0.965
0.76
0.675
0.719
0.823
0.917
0.969
0.962
0.968
0.706
0.851
0.854
0.876
0.893
0.854
0.859
0.838
0.919
0.883
0.848
0.79
0.729
0.752
0.864
0.806
0.758
0.772
0.94
0.879
0.875
0.758
0.735
0.728
0.946
0.688
0.534
0.747
0.818
0.91
0.555
0.779
0.768
0.81
0.813
0.853
0.552
0.475
0.717
0.808
0.819
0.873
0.85
0.75
0.85
0.835
0.917
0.854
0.53
0.673
0.735
0.911
0.952
0.945
0.892
0.857
0.818
0.716
0.726
0.882
0.899
0.688
0.699
0.701
0.663
0.877
0.926
0.779
0.735
0.779
0.886
0.891
0.853
0.774
0.783
0.773
0.779
0.872
0.82
0.909
0.759
0.711
0.724
0.686
0.755
0.916
0.852
0.739
0.701
0.89
0.695
0.628
0.647
0.841
0.873
0.94
0.88
0.696
0.731
0.92
0.964
0.79
0.746
0.859
0.894
0.824
0.717
0.717
0.703
0.626
0.722
0.822
0.884
0.809
0.71
0.748
0.78
0.813
0.772
0.722
0.686
0.81
0.874
0.815
0.924
0.795
0.735
0.704
0.717
0.736
0.778
0.798
0.807
0.824
0.766
0.715
0.666
0.679
0.744
0.681
0.69
0.673
0.681
0.658
0.757
0.787
0.783
0.641
0.749
0.82
0.77
0.749
0.751
0.74
0.704
0.63
0.649
0.758
0.77
0.674
0.6
0.637
0.64
0.671
0.753
0.745
0.779
0.767
0.735
0.725
0.775
0.831
0.783
0.742
0.794
0.819
0.821
0.837
0.825
0.741
0.736
0.777
0.749
0.782
0.768
0.792
0.761
0.717
0.628
0.603
0.677
0.758
0.702
0.737
0.786
0.737
0.739
0.74
0.861
0.792
0.657
0.822
0.864
0.882
0.794
0.7
0.695
0.792
0.794
0.694
0.703
0.729
0.69
0.71
0.63
0.618
0.577
0.505
0.415
0.381
0.449
0.588
0.47
0.364
0.533
0.772
0.684
0.48
0.571
0.743
0.835
0.801
0.711
0.699
0.584
0.626
0.826
0.961
0.818
0.722
0.726
0.751
0.749
0.786
0.802
0.791
0.625
0.651
0.556
0.567
0.613
0.732
0.797
0.717
0.535
0.61
0.733
0.591
0.703
0.78
0.641
0.648
0.628
0.787
0.719
0.85
0.919
0.805
0.693
0.783
0.799
0.732
0.663
0.571
0.633
0.738
0.727
0.876
0.702
0.72
0.855
0.942
0.85
0.801
0.715
0.746
0.855
0.856
0.847
0.73
0.808
0.669
0.828
0.9
0.872
0.859
0.775
0.737
0.867
0.86
0.852
0.839
0.615
0.723
0.896
0.86
0.922
0.9
0.955
0.938
0.848
0.926
0.876
0.948
0.94
0.958
0.932
0.875
0.908
0.933
0.979
0.878
0.717
0.796
0.68
0.808
0.949
0.939
0.963
0.971
0.998
0.955
0.956
0.929
0.924
0.947
0.937
0.949
0.942
0.93
0.976
0.957
0.896
0.764
0.817
0.8
0.699
0.726
0.886
0.866
0.838
0.84
0.857
0.817
0.802
0.729
0.853
0.872
0.887
0.745
0.922
0.945
0.929
0.983
0.98
0.993
0.968
0.942
0.693
0.843
0.851
0.77
0.798
0.92
0.766
0.796
0.823
0.922
0.891
0.878
0.93
0.958
0.983
0.978
0.929
0.988
0.918
0.896
0.788
0.824
0.976
0.972
0.974
0.976
0.824
0.947
0.939
0.882
0.943
0.906
0.814
0.718
0.829
0.851
0.946
0.922
0.761
0.827
0.765
0.891
0.91
0.862
0.918
0.835
0.773
0.679
0.799
0.773
0.632
0.7
0.865
0.613
0.7
0.775
0.743
0.799
0.951
0.934
0.681
0.903
0.917
0.862
0.822
0.747
0.67
0.695
0.61
0.617
0.617
0.812
0.893
0.796
0.741
0.804
0.843
0.68
0.481
0.597
0.67
0.464
0.558
0.65
0.662
0.735
0.915
0.823
0.673
0.817
0.758
0.835
0.874
0.891
0.834
0.841
0.879
0.699
0.647
0.858
0.845
0.826
0.875
0.842
0.856
0.787
0.719
0.804
0.776
0.777
0.759
0.724
0.713
0.707
0.787
0.894
0.759
0.613
0.811
0.916
0.822
0.682
0.804
0.787
0.759
0.691
0.808
0.91
0.894
0.772
0.71
0.792
0.855
0.804
0.761
0.757
0.688
0.621
0.61
0.621
0.701
0.756
0.755
0.672
0.746
0.735
0.713
0.698
0.678
0.775
0.815
0.797
0.806
0.82
0.877
0.871
0.83
0.783
0.689
0.686
0.789
0.794
0.733
0.82
0.717
0.716
0.848
0.841
0.827
0.769
0.762
0.819
0.859
0.88
0.744
0.708
0.796
0.806
0.829
0.823
0.828
0.842
0.828
0.824
0.8
0.819
0.815
0.822
0.829
0.834
0.799
0.833
0.863
0.823
0.767
0.711
0.761
0.851
0.877
0.75
0.7
0.864
0.883
0.833
0.83
0.848
0.821
0.783
0.968
0.944
0.883
0.844
0.782
0.708
0.746
0.818
0.844
0.835
0.799
0.78
0.804
0.835
0.842
0.713
0.658
0.723
0.861
0.767
0.675
0.899
0.808
0.83
0.763
0.683
0.814
0.782
0.831
0.734
0.681
0.664
0.654
0.834
0.725
0.634
0.646
0.697
0.667
0.758
0.749
0.735
0.603
0.756
0.762
0.819
0.725
0.601
0.756
0.708
0.768
0.759
0.721
0.646
0.812
0.863
0.746
0.775
0.809
0.728
0.778
0.87
0.853
0.827
0.759
0.863
0.854
0.688
0.635
0.567
0.568
0.882
0.907
0.733
0.596
0.753
0.92
0.853
0.922
0.869
0.784
0.809
0.867
0.797
0.844
0.596
0.791
0.902
0.903
0.821
0.779
0.752
0.613
0.597
0.695
0.863
0.94
0.874
0.885
0.906
0.939
0.892
0.657
0.649
0.9
0.954
0.921
0.882
0.885
0.914
0.857
0.856
0.87
0.946
0.956
0.911
0.927
0.87
0.762
0.912
0.863
0.776
0.808
0.957
0.953
0.933
0.944
0.872
0.783
0.864
0.869
0.778
0.875
0.945
0.915
0.849
0.904
0.843
0.918
0.95
0.849
0.784
0.854
0.857
0.783
0.884
0.869
0.952
0.967
0.884
0.862
0.876
0.875
0.95
0.955
0.956
0.926
0.921
0.967
0.928
0.907
0.909
0.927
0.826
0.893
0.92
0.918
0.869
0.84
0.843
0.877
0.872
0.923
0.881
0.818
0.838
0.914
0.859
0.841
0.805
0.693
0.682
0.842
0.862
0.831
0.926
0.907
0.858
0.76
0.78
0.84
0.719
0.77
0.569
0.544
0.795
0.735
0.858
0.876
0.903
0.868
0.864
0.759
0.609
0.668
0.8
0.891
0.901
0.884
0.85
0.845
0.946
0.932
0.886
0.868
0.781
0.738
0.596
0.607
0.763
0.759
0.752
0.691
0.719
0.793
0.88
0.719
0.595
0.642
0.75
0.718
0.713
0.82
0.786
0.861
0.836
0.654
0.776
0.722
0.736
0.654
0.639
0.793
0.832
0.922
0.713
0.687
0.763
0.712
0.817
0.747
0.731
0.717
0.74
0.72
0.725
0.782
0.896
0.792
0.77
0.786
0.799
0.827
0.847
0.793
0.772
0.775
0.825
0.797
0.797
0.825
0.762
0.785
0.827
0.692
0.687
0.715
0.666
0.637
0.66
0.707
0.751
0.754
0.855
0.949
0.886
0.818
0.814
0.764
0.788
0.813
0.81
0.776
0.662
0.733
0.759
0.702
0.714
0.883
0.71
0.703
0.756
0.734
0.675
0.724
0.719
0.815
0.814
0.799
0.787
0.785
0.81
0.779
0.77
0.785
0.858
0.823
0.83
0.801
0.76
0.759
0.823
0.775
0.769
0.786
0.831
0.817
0.758
0.785
0.902
0.923
0.862
0.793
0.838
0.856
0.807
0.742
0.817
0.86
0.868
0.774
0.763
0.729
0.769
0.842
0.849
0.821
0.801
0.776
0.742
0.733
0.739
0.841
0.88
0.939
0.851
0.781
0.822
0.815
0.818
0.838
0.858
0.863
0.883
0.898
0.774
0.754
0.76
0.806
0.804
0.779
0.778
0.841
0.92
0.873
0.729
0.691
0.755
0.756
0.754
0.779
0.808
0.85
0.772
0.719
0.7
0.648
0.599
0.626
0.705
0.731
0.694
0.671
0.724
0.84
0.671
0.642
0.754
0.545
0.594
0.631
0.573
0.553
0.675
0.688
0.649
0.73
0.71
0.854
0.823
0.866
0.789
0.595
0.807
0.933
0.92
0.861
0.816
0.88
0.847
0.684
0.647
0.778
0.782
0.854
0.801
0.645
0.78
0.925
0.806
0.901
0.736
0.702
0.773
0.647
0.581
0.594
0.774
0.776
0.738
0.675
0.588
0.775
0.91
0.945
0.964
0.916
0.82
0.798
0.935
0.992
0.882
0.739
0.694
0.796
0.787
0.836
0.844
0.818
0.817
0.777
0.868
0.921
0.979
0.864
0.86
0.968
0.846
0.891
0.856
0.824
0.884
0.867
0.865
0.888
0.921
0.792
0.906
0.94
0.933
0.919
0.97
0.931
0.943
0.906
0.96
0.978
0.972
0.913
0.976
0.978
0.913
0.947
0.962
0.93
0.959
0.978
0.973
0.986
1.008
0.917
0.905
0.766
0.815
0.735
0.691
0.917
0.876
0.87
0.883
0.847
0.981
0.966
0.963
0.912
0.917
0.923
0.964
0.966
0.947
0.962
0.959
0.945
0.911
0.833
0.835
0.948
0.967
0.882
0.905
0.895
0.805
0.924
0.943
0.87
0.686
0.541
0.728
0.858
0.917
0.949
0.865
0.872
0.889
0.868
0.871
0.935
0.917
0.815
0.866
0.945
0.922
0.869
0.864
0.648
0.595
0.724
0.926
0.884
0.774
0.697
0.73
0.773
0.778
0.811
0.888
0.921
0.842
0.816
0.93
0.858
0.809
0.821
0.773
0.879
0.792
0.699
0.786
0.806
0.865
0.731
0.701
0.657
0.723
0.839
0.834
0.734
0.677
0.69
0.745
0.726
0.647
0.69
0.619
0.594
0.601
0.623
0.714
0.845
0.907
0.951
0.852
0.731
0.842
0.814
0.732
0.787
0.848
0.724
0.728
0.823
0.651
0.618
0.566
0.631
0.648
0.612
0.704
0.706
0.872
0.797
0.8
0.787
0.754
0.673
0.655
0.791
0.853
0.646
0.7
0.822
0.838
0.799
0.672
0.672
0.678
0.694
0.604
0.614
0.642
0.781
0.858
0.796
0.731
0.672
0.614
0.644
0.683
0.701
0.748
0.783
0.833
0.764
0.78
0.785
0.749
0.779
0.773
0.715
0.624
0.733
0.634
0.642
0.667
0.625
0.673
0.683
0.73
0.724
0.788
0.781
0.75
0.724
0.76
0.757
0.75
0.756
0.685
0.626
0.602
0.749
0.786
0.849
0.822
0.853
0.814
0.816
0.801
0.734
0.789
0.779
0.753
0.772
0.822
0.765
0.915
0.794
0.724
0.716
0.723
0.724
0.72
0.702
0.745
0.831
0.792
0.783
0.741
0.791
0.793
0.816
0.804
0.817
0.894
0.88
0.8
0.741
0.78
0.802
0.847
0.819
0.774
0.805
0.772
0.755
0.799
0.885
0.761
0.695
0.919
0.878
0.755
0.696
0.717
0.615
0.707
0.703
0.695
0.734
0.771
0.724
0.652
0.609
0.632
0.696
0.732
0.882
0.938
0.785
0.733
0.745
0.595
0.693
0.866
0.84
0.801
0.848
0.798
0.675
0.747
0.624
0.664
0.729
0.747
0.715
0.7
0.737
0.839
0.858
0.836
0.882
0.888
0.858
0.84
0.761
0.669
0.692
0.626
0.631
0.607
0.784
0.833
0.803
0.689
0.896
0.86
0.692
0.675
0.668
0.581
0.641
0.726
0.775
0.674
0.605
0.638
0.777
0.803
0.759
0.776
0.848
0.624
0.639
0.573
0.689
0.637
0.954
0.894
0.629
0.688
0.632
0.684
0.795
0.764
0.738
0.867
0.784
0.792
0.801
0.854
0.886
0.741
0.774
0.819
0.813
0.942
0.923
0.902
0.866
0.921
0.928
0.956
0.955
0.924
0.911
0.894
0.962
0.955
0.861
0.911
0.895
0.921
0.94
0.984
0.948
0.941
0.966
0.958
0.95
0.926
0.972
0.957
0.97
0.919
0.894
0.96
0.928
0.924
0.77
0.81
0.873
0.848
0.836
0.915
0.82
0.871
0.868
0.747
0.82
0.966
0.905
0.844
0.917
0.894
0.74
0.851
0.793
0.838
0.747
0.753
0.774
0.883
0.841
0.814
0.804
0.867
0.964
0.948
0.888
0.833
0.846
0.813
0.793
0.901
0.9
0.863
0.853
0.847
0.81
0.886
0.855
0.494
0.614
0.672
0.729
0.773
0.814
0.807
0.771
0.626
0.769
0.824
0.742
0.896
0.813
0.765
0.791
0.871
0.849
0.787
0.968
0.906
0.856
0.909
0.851
0.787
0.677
0.657
0.757
0.616
0.682
0.721
0.577
0.672
0.784
0.72
0.715
0.778
0.672
0.784
0.8
0.684
0.752
0.794
0.792
0.815
0.74
0.744
0.665
0.839
0.826
0.696
0.634
0.609
0.704
0.711
0.723
0.763
0.694
0.79
0.755
0.678
0.593
0.638
0.623
0.676
0.762
0.774
0.648
0.603
0.626
0.642
0.699
0.773
0.718
0.765
0.714
0.728
0.767
0.585
0.528
0.638
0.722
0.836
0.875
0.842
0.85
0.927
0.848
0.78
0.764
0.858
0.765
0.73
0.703
0.595
0.57
0.753
0.831
0.777
0.707
0.675
0.625
0.694
0.782
0.821
0.757
0.773
0.6
0.53
0.616
0.729
0.746
0.761
0.689
0.743
0.727
0.669
0.582
0.561
0.658
0.739
0.761
0.706
0.768
0.811
0.838
0.728
0.66
0.781
0.785
0.746
0.744
0.686
0.69
0.733
0.783
0.792
0.779
0.689
0.653
0.647
0.753
0.805
0.777
0.836
0.814
0.811
0.831
0.776
0.747
0.804
0.789
0.801
0.794
0.821
0.722
0.731
0.772
0.777
0.837
0.849
0.824
0.826
0.818
0.828
0.832
0.864
0.826
0.745
0.806
0.841
0.837
0.802
0.826
0.837
0.75
0.713
0.812
0.804
0.75
0.752
0.81
0.845
0.846
0.734
0.735
0.789
0.787
0.781
0.782
0.818
0.925
0.952
0.893
0.863
0.829
0.84
0.877
0.757
0.724
0.747
0.71
0.717
0.729
0.838
0.85
0.828
0.77
0.769
0.766
0.756
0.696
0.767
0.785
0.784
0.684
0.825
0.836
0.813
0.705
0.603
0.593
0.768
0.683
0.782
0.743
0.692
0.783
0.805
0.807
0.656
0.685
0.681
0.64
0.737
0.793
0.68
0.603
0.655
0.593
0.615
0.953
0.872
0.928
0.822
0.71
0.841
0.82
0.794
0.734
0.634
0.892
0.831
0.656
0.743
0.815
0.739
0.644
0.749
0.707
0.688
0.677
0.838
0.919
0.829
0.841
0.96
0.817
0.82
0.796
0.864
0.982
0.867
0.816
0.891
0.754
0.678
0.738
0.789
0.665
0.685
0.787
0.792
0.702
0.839
0.905
0.946
0.761
0.77
0.635
0.771
0.79
0.835
0.568
0.398
0.532
0.666
0.767
0.879
0.857
0.851
0.807
0.929
0.84
0.771
0.772
0.871
0.98
0.916
0.901
0.909
0.951
0.864
0.803
0.827
0.857
0.93
0.899
0.829
0.822
0.871
0.982
0.951
0.889
0.865
0.833
0.672
0.777
0.898
0.979
0.933
0.945
0.834
0.699
0.731
0.848
0.773
0.883
0.963
0.909
0.942
0.828
0.856
0.927
0.895
0.841
0.896
0.852
0.911
0.91
0.732
0.673
0.724
0.785
0.854
0.88
0.884
0.882
0.889
0.911
0.932
0.871
0.894
0.892
0.954
0.887
0.954
0.91
0.952
0.948
0.844
0.896
0.962
0.961
0.928
0.871
0.922
0.842
0.83
0.817
0.807
0.576
0.819
0.846
0.824
0.823
0.731
0.659
0.802
0.863
0.828
0.719
0.766
0.681
0.808
0.862
0.87
0.88
0.954
0.928
0.819
0.757
0.777
0.821
0.634
0.636
0.734
0.851
0.734
0.731
0.936
0.745
0.712
0.73
0.833
0.827
0.707
0.849
0.939
0.785
0.681
0.779
0.719
0.757
0.758
0.83
0.683
0.502
0.542
0.696
0.795
0.88
0.898
0.913
0.825
0.72
0.738
0.816
0.834
0.761
0.777
0.787
0.651
0.617
0.679
0.673
0.707
0.634
0.804
0.728
0.593
0.689
0.784
0.824
0.671
0.62
0.768
0.772
0.711
0.609
0.587
0.695
0.694
0.735
0.701
0.658
0.636
0.561
0.591
0.677
0.704
0.771
0.857
0.709
0.663
0.744
0.744
0.564
0.536
0.613
0.628
0.611
0.635
0.52
0.634
0.607
0.702
0.674
0.641
0.666
0.591
0.66
0.717
0.694
0.705
0.789
0.715
0.601
0.614
0.647
0.591
0.71
0.773
0.681
0.624
0.67
0.722
0.724
0.766
0.68
0.726
0.636
0.726
0.615
0.696
0.789
0.816
0.773
0.648
0.611
0.614
0.714
0.712
0.748
0.804
0.77
0.809
0.761
0.625
0.669
0.697
0.713
0.693
0.864
0.825
0.829
0.81
0.771
0.83
0.727
0.694
0.708
0.585
0.672
0.75
0.678
0.637
0.822
0.978
0.933
0.881
0.792
0.791
0.851
0.828
0.765
0.749
0.722
0.834
0.802
0.743
0.704
0.707
0.768
0.688
0.685
0.724
0.843
0.889
0.842
0.854
0.789
0.687
0.745
0.751
0.638
0.664
0.689
0.717
0.777
0.722
0.689
0.62
0.683
0.669
0.792
0.806
0.7
0.638
0.615
0.682
0.796
0.74
0.646
0.699
0.709
0.717
0.643
0.64
0.766
0.882
0.75
0.641
0.644
0.641
0.767
0.755
0.767
0.737
0.589
0.494
0.549
0.955
0.78
0.762
0.823
0.921
0.696
0.57
0.61
0.651
0.679
0.585
0.577
0.608
0.658
0.644
0.742
0.592
0.636
0.714
0.805
0.86
0.827
0.798
0.66
0.664
0.675
0.841
0.786
0.88
0.905
0.914
0.775
0.819
0.869
0.927
0.852
0.831
0.781
0.823
0.892
0.919
0.89
0.783
0.898
0.897
0.958
0.948
0.953
0.961
0.964
0.933
0.941
0.882
0.899
0.957
0.927
0.996
0.952
0.979
0.952
0.885
0.932
0.739
0.853
0.824
0.909
0.946
0.896
0.882
0.892
0.909
0.892
0.886
0.89
0.901
0.916
0.945
0.918
0.915
0.805
0.925
0.811
0.838
0.849
0.893
0.911
0.909
0.851
0.748
0.601
0.738
0.877
0.882
0.859
0.837
0.904
0.935
0.913
0.834
0.828
0.724
0.931
0.933
0.951
0.938
0.999
1
0.931
0.902
0.851
0.841
0.659
0.887
0.915
0.932
0.911
0.886
0.943
0.904
0.488
0.492
0.703
0.926
0.909
0.903
0.919
0.966
0.838
0.747
0.918
0.899
0.841
0.909
0.963
0.942
0.934
0.902
0.902
0.84
0.912
0.912
0.879
0.841
0.848
0.808
0.815
0.778
0.852
0.974
0.776
0.83
0.889
0.843
0.759
0.665
0.769
0.772
0.866
0.697
0.753
0.916
0.894
0.684
0.672
0.928
0.788
0.732
0.76
0.766
0.777
0.864
0.871
0.875
0.882
0.766
0.586
0.608
0.682
0.672
0.674
0.865
0.792
0.727
0.691
0.629
0.689
0.729
0.648
0.746
0.737
0.65
0.75
0.8
0.811
0.74
0.607
0.583
0.737
0.957
0.846
0.757
0.827
0.896
0.765
0.869
0.83
0.789
0.726
0.761
0.713
0.662
0.744
0.768
0.703
0.724
0.624
0.758
0.855
0.733
0.587
0.601
0.77
0.73
0.615
0.709
0.838
0.806
0.765
0.774
0.767
0.746
0.823
0.69
0.705
0.752
0.753
0.642
0.735
0.755
0.744
0.744
0.643
0.688
0.724
0.714
0.741
0.735
0.822
0.799
0.825
0.774
0.806
0.709
0.734
0.862
0.817
0.784
0.792
0.783
0.819
0.806
0.771
0.79
0.781
0.808
0.776
0.694
0.776
0.802
0.746
0.769
0.836
0.82
0.8
0.808
0.732
0.759
0.842
0.758
0.745
0.745
0.803
0.824
0.835
0.832
0.772
0.784
0.835
0.834
0.8
0.799
0.75
0.809
0.826
0.737
0.761
0.779
0.765
0.724
0.791
0.789
0.819
0.786
0.78
0.777
0.727
0.771
0.818
0.77
0.829
0.897
0.837
0.75
0.596
0.615
0.695
0.635
0.655
0.784
0.727
0.691
0.667
0.725
0.596
0.634
0.808
0.892
0.841
0.851
0.757
0.71
0.762
0.714
0.645
0.667
0.751
0.709
0.661
0.615
0.72
0.816
0.785
0.758
0.795
0.785
0.74
0.692
0.611
0.582
0.708
0.659
0.805
0.674
0.505
0.595
0.543
0.48
0.67
0.749
0.803
0.688
0.625
0.57
0.506
0.709
0.667
0.657
0.745
0.842
0.707
0.696
0.735
0.693
0.584
0.594
0.742
0.79
0.735
0.613
0.518
0.575
0.795
0.707
0.803
0.798
0.748
0.73
0.847
0.907
0.999
0.791
0.804
0.778
0.76
0.851
0.788
0.712
0.754
0.879
0.911
0.864
0.842
0.843
0.839
0.922
0.941
0.849
0.749
0.83
0.573
0.618
0.797
0.854
0.85
0.929
0.827
0.834
0.776
0.761
0.887
0.716
0.903
0.925
0.985
0.967
0.897
0.827
0.9
0.971
0.895
0.911
1.026
0.94
0.784
0.8
0.838
0.782
0.812
0.919
0.904
0.753
0.764
0.963
0.892
0.918
0.956
0.943
0.942
0.942
0.892
0.901
0.852
0.955
0.908
0.947
0.925
0.957
0.994
1.006
0.85
0.856
0.889
0.903
0.936
0.962
0.697
0.825
0.904
0.742
0.818
0.866
0.764
0.929
0.913
0.894
0.844
0.93
0.978
0.85
0.806
0.907
0.87
0.773
0.542
0.842
0.829
0.681
0.811
0.847
0.807
0.762
0.771
0.885
0.957
0.692
0.761
0.616
0.495
0.356
0.607
0.845
0.861
0.968
0.843
0.882
0.899
0.458
0.671
0.649
0.616
0.684
0.689
0.776
0.77
0.625
0.575
0.567
0.664
0.589
0.814
0.828
0.665
0.774
0.867
0.762
0.723
0.651
0.575
0.891
0.734
0.748
0.875
0.8
0.666
0.59
0.681
0.751
0.637
0.717
0.946
0.903
0.669
0.53
0.536
0.685
0.948
0.802
0.769
0.69
0.687
0.689
0.633
0.614
0.778
0.865
0.845
0.806
0.727
0.586
0.563
0.678
0.744
0.842
0.76
0.799
0.776
0.662
0.534
0.707
0.751
0.641
0.815
0.642
0.528
0.505
0.507
0.575
0.611
0.718
0.688
0.748
0.819
0.87
0.905
0.812
0.659
0.641
0.727
0.869
0.849
0.707
0.662
0.578
0.626
0.779
0.805
0.836
0.924
0.834
0.671
0.656
0.641
0.645
0.831
0.817
0.783
0.785
0.774
0.735
0.704
0.64
0.641
0.772
0.704
0.651
0.705
0.842
0.853
0.896
0.863
0.823
0.8
0.698
0.697
0.712
0.723
0.684
0.801
0.742
0.689
0.674
0.675
0.788
0.754
0.812
0.784
0.729
0.764
0.856
0.874
0.803
0.839
0.819
0.78
0.765
0.87
0.765
0.814
0.748
0.798
0.721
0.803
0.803
0.676
0.615
0.779
0.802
0.823
0.81
0.758
0.713
0.682
0.613
0.618
0.675
0.814
0.766
0.819
0.698
0.763
0.76
0.668
0.565
0.666
0.73
0.868
0.821
0.754
0.695
0.656
0.635
0.639
0.638
0.576
0.594
0.819
0.923
0.87
0.777
0.73
0.738
0.647
0.671
0.695
0.725
0.724
0.599
0.644
0.709
0.888
0.828
0.814
0.726
0.682
0.839
0.79
0.661
0.684
0.678
0.549
0.812
0.696
0.75
0.675
0.729
0.738
0.751
0.956
0.791
0.673
0.711
0.747
0.8
0.893
0.889
0.748
0.64
0.618
0.682
0.66
0.712
0.945
0.922
0.758
0.631
0.714
0.849
0.763
0.824
0.856
0.631
0.673
0.743
0.62
0.65
0.64
0.626
0.762
0.714
0.792
0.745
0.763
0.738
0.742
0.779
0.778
0.748
0.828
0.874
0.79
0.814
0.81
0.831
0.846
0.811
0.777
0.797
0.738
0.798
0.815
0.67
0.812
0.896
0.661
0.571
0.54
0.764
0.806
0.891
0.597
0.594
0.558
0.829
0.946
0.912
0.66
0.746
0.753
0.931
0.898
0.926
0.926
0.899
0.928
0.914
0.86
0.781
0.901
0.764
0.893
0.962
0.906
0.79
0.774
0.874
0.925
0.944
0.918
0.924
0.867
0.927
0.928
0.936
0.952
0.966
0.948
0.963
0.984
0.977
0.971
0.936
0.933
0.96
0.934
0.934
0.937
0.771
0.728
0.788
0.587
0.746
0.84
0.872
0.918
0.942
0.882
0.887
0.905
0.924
0.865
0.95
0.935
0.922
0.967
0.949
0.952
0.968
0.946
0.958
0.961
0.978
0.967
0.887
0.969
0.973
0.951
0.908
0.898
0.954
0.973
0.954
0.926
0.937
0.909
0.886
0.837
0.787
0.762
0.778
0.862
0.812
0.886
0.978
0.956
0.914
0.719
0.528
0.529
0.684
0.712
0.82
0.897
0.839
0.638
0.729
0.653
0.729
0.891
0.864
0.721
0.62
0.666
0.625
0.618
0.623
0.58
0.639
0.647
0.844
0.738
0.623
0.629
0.529
0.717
0.658
0.55
0.679
0.616
0.682
0.67
0.564
0.51
0.559
0.629
0.746
0.85
0.931
0.735
0.604
0.532
0.669
0.745
0.816
0.738
0.619
0.597
0.691
0.696
0.838
0.669
0.523
0.826
0.902
0.869
0.752
0.678
0.684
0.889
0.95
0.84
0.632
0.673
0.782
0.732
0.742
0.736
0.704
0.677
0.731
0.705
0.603
0.674
0.766
0.679
0.771
0.755
0.802
0.832
0.716
0.612
0.861
0.717
0.699
0.769
0.8
0.828
0.875
0.765
0.767
0.756
0.761
0.746
0.695
0.744
0.773
0.767
0.708
0.657
0.799
0.822
0.761
0.651
0.621
0.567
0.574
0.691
0.747
0.703
0.695
0.669
0.806
0.71
0.647
0.769
0.807
0.795
0.767
0.768
0.748
0.812
0.8
0.78
0.801
0.738
0.803
0.795
0.841
0.709
0.647
0.81
0.825
0.664
0.727
0.796
0.788
0.8
0.836
0.832
0.791
0.721
0.69
0.699
0.721
0.8
0.803
0.796
0.771
0.774
0.737
0.629
0.641
0.562
0.612
0.739
0.785
0.807
0.823
0.767
0.682
0.559
0.495
0.566
0.537
0.473
0.475
0.497
0.534
0.566
0.475
0.381
0.402
0.501
0.56
0.584
0.679
0.735
0.477
0.513
0.523
0.675
0.801
0.578
0.713
0.72
0.542
0.565
0.582
0.493
0.599
0.656
0.865
0.958
0.788
0.69
0.707
0.73
0.856
0.795
0.712
0.653
0.585
0.534
0.454
0.595
0.52
0.647
0.643
0.699
0.575
0.619
0.55
0.58
0.564
0.487
0.549
0.52
0.435
0.463
0.681
0.775
0.583
0.531
0.641
0.493
0.595
0.643
0.667
0.607
0.601
0.686
0.667
0.497
0.474
0.552
0.709
0.701
0.569
0.576
0.71
0.568
0.658
0.801
0.782
0.672
0.796
0.808
0.757
0.806
0.72
0.841
0.751
0.847
0.878
0.812
0.956
0.82
0.688
0.78
0.796
0.783
0.804
0.78
0.878
0.881
0.884
0.896
0.91
0.852
0.828
0.892
0.928
0.933
0.926
0.949
0.958
0.93
0.932
0.93
0.891
0.919
0.918
0.897
0.95
0.963
0.959
0.931
0.96
0.615
0.685
0.734
0.588
0.84
0.817
0.882
0.919
0.847
0.93
0.899
0.881
0.89
0.931
0.826
0.885
0.98
0.943
0.882
0.82
0.846
0.789
0.914
0.963
0.963
0.942
0.942
0.953
0.939
0.902
0.941
0.944
0.916
0.947
0.948
0.999
0.983
0.895
0.874
0.906
0.945
0.901
0.93
0.906
0.894
0.868
0.866
0.785
0.691
0.639
0.931
0.895
0.947
0.924
0.927
0.937
0.914
0.904
0.797
0.814
0.755
0.818
0.9
0.836
0.848
0.801
0.94
0.952
0.827
0.824
0.829
0.811
0.899
0.868
0.784
0.768
0.773
0.719
0.81
0.87
0.923
0.777
0.608
0.545
0.574
0.616
0.574
0.686
0.813
0.681
0.746
0.752
0.909
0.755
0.666
0.808
0.916
0.872
0.838
0.799
0.78
0.645
0.562
0.779
0.795
0.714
0.82
0.927
0.925
0.78
0.842
0.841
0.856
0.938
0.801
0.779
0.783
0.766
0.645
0.769
0.82
0.905
0.789
0.621
0.694
0.683
0.769
0.708
0.739
0.808
0.798
0.779
0.79
0.934
0.932
0.948
0.893
0.82
0.853
0.728
0.692
0.748
0.762
0.827
0.787
0.918
0.827
0.843
0.737
0.714
0.693
0.685
0.673
0.697
0.746
0.664
0.704
0.698
0.744
0.8
0.8
0.807
0.729
0.706
0.734
0.748
0.769
0.775
0.77
0.835
0.809
0.772
0.813
0.868
0.802
0.708
0.735
0.777
0.768
0.65
0.639
0.745
0.786
0.712
0.683
0.65
0.702
0.73
0.656
0.698
0.783
0.795
0.781
0.751
0.748
0.786
0.81
0.818
0.85
0.798
0.779
0.779
0.779
0.802
0.795
0.762
0.766
0.787
0.802
0.734
0.678
0.751
0.844
0.844
0.854
0.838
0.808
0.836
0.853
0.832
0.807
0.732
0.646
0.73
0.815
0.831
0.75
0.662
0.719
0.717
0.678
0.783
0.728
0.612
0.747
0.791
0.796
0.786
0.804
0.696
0.602
0.687
0.689
0.602
0.554
0.72
0.819
0.848
0.936
0.907
0.865
0.818
0.766
0.751
0.712
0.813
0.765
0.652
0.772
0.761
0.812
0.844
0.864
0.773
0.914
0.834
0.854
0.859
0.789
0.791
0.857
0.902
0.88
0.755
0.772
0.751
0.698
0.74
0.733
0.705
0.633
0.624
0.611
0.787
0.859
0.77
0.65
0.73
0.656
0.709
0.962
0.974
0.835
0.716
0.659
0.725
0.658
0.757
0.906
0.76
0.665
0.687
0.727
0.733
0.6
0.668
0.811
0.676
0.623
0.82
0.785
0.813
0.727
0.686
0.638
0.703
0.884
0.868
0.818
0.617
0.512
0.621
0.824
0.832
0.921
0.861
0.839
0.797
0.79
0.896
0.936
0.969
0.854
0.885
0.9
0.847
0.853
0.984
0.927
0.87
0.841
0.891
0.776
0.749
0.761
0.837
0.944
0.954
0.765
0.867
0.906
0.882
0.931
0.956
0.928
0.864
0.819
0.838
0.857
0.916
0.841
0.878
0.948
0.919
0.937
0.66
0.541
0.618
0.908
0.879
0.881
0.84
0.765
0.85
0.871
0.979
0.777
0.695
0.557
0.783
0.969
0.636
0.736
0.662
0.912
0.952
0.922
0.828
0.849
0.942
0.934
0.872
0.822
0.851
0.828
0.888
0.849
0.792
0.906
0.906
0.858
0.892
0.827
0.798
0.814
0.807
0.813
0.91
0.936
0.923
0.926
0.88
0.825
0.67
0.801
0.864
0.879
0.836
0.926
0.764
0.705
0.728
0.741
0.916
0.849
0.901
0.858
0.812
0.826
0.651
0.714
0.871
0.695
0.658
0.675
0.825
0.823
0.731
0.82
0.833
0.787
0.776
0.781
0.763
0.707
0.702
0.733
0.819
0.888
0.84
0.645
0.73
0.745
0.848
0.881
0.86
0.805
0.786
0.773
0.759
0.705
0.58
0.551
0.573
0.719
0.73
0.655
0.58
0.753
0.808
0.745
0.681
0.648
0.643
0.686
0.84
0.79
0.638
0.597
0.591
0.853
0.639
0.659
0.672
0.74
0.802
0.834
0.736
0.764
0.872
0.778
0.83
0.819
0.694
0.71
0.535
0.508
0.659
0.734
0.588
0.603
0.621
0.637
0.617
0.554
0.587
0.772
0.719
0.706
0.684
0.726
0.717
0.661
0.67
0.608
0.735
0.893
0.679
0.636
0.691
0.745
0.662
0.545
0.521
0.515
0.527
0.717
0.73
0.666
0.63
0.654
0.653
0.735
0.724
0.668
0.643
0.655
0.726
0.633
0.537
0.65
0.621
0.52
0.584
0.664
0.654
0.654
0.664
0.636
0.653
0.658
0.637
0.605
0.738
0.705
0.598
0.636
0.615
0.624
0.688
0.694
0.58
0.506
0.593
0.714
0.818
0.707
0.546
0.567
0.62
0.553
0.514
0.635
0.737
0.604
0.468
0.461
0.612
0.415
0.365
0.546
0.745
0.641
0.514
0.568
0.701
0.815
0.875
0.732
0.639
0.77
0.687
0.629
0.72
0.626
0.528
0.556
0.528
0.457
0.409
0.394
0.436
0.439
0.703
0.747
0.697
0.592
0.515
0.663
0.823
0.791
0.857
0.799
0.7
0.675
0.796
0.722
0.621
0.581
0.618
0.638
0.766
0.616
0.524
0.559
0.841
0.611
0.553
0.579
0.808
0.738
0.635
0.671
0.86
0.87
0.829
0.68
0.69
0.731
0.925
0.839
0.692
0.863
0.794
0.759
0.663
0.682
0.711
0.603
0.663
0.705
0.816
0.804
0.719
0.641
0.656
0.671
0.829
0.718
0.698
0.743
0.746
0.677
0.811
0.839
0.806
0.762
0.853
0.897
0.777
0.733
0.73
0.722
0.683
0.705
0.761
0.785
0.714
0.708
0.583
0.75
0.668
0.626
0.786
0.735
0.737
0.738
0.68
0.676
0.688
0.708
0.752
0.669
0.614
0.758
0.66
0.635
0.682
0.715
0.814
0.864
0.907
0.911
0.812
0.769
0.89
0.955
0.94
0.909
0.725
0.709
0.698
0.723
0.75
0.856
0.888
0.844
0.792
0.838
0.848
0.75
0.824
0.924
0.945
0.942
0.935
0.951
0.97
0.932
0.923
0.931
0.907
0.942
0.915
0.968
0.953
0.935
0.919
0.898
0.879
0.91
0.942
0.955
0.813
0.66
0.65
0.723
0.548
0.672
0.712
0.437
0.378
0.744
0.704
0.694
0.802
0.837
0.953
0.921
0.846
0.838
0.518
0.726
0.852
0.876
0.958
0.926
0.921
0.939
0.916
0.854
0.866
0.776
0.764
0.81
0.816
0.472
0.607
0.53
0.799
0.477
0.583
0.922
0.943
0.84
0.793
0.945
0.973
0.941
0.89
0.823
0.728
0.759
0.694
0.913
0.898
0.836
0.77
0.772
0.857
0.864
0.739
0.66
0.666
0.926
0.703
0.871
0.816
0.667
0.571
0.714
0.711
0.78
0.879
0.855
0.796
0.72
0.651
0.543
0.692
0.707
0.558
0.596
0.434
0.604
0.589
0.636
0.728
0.762
0.847
0.968
0.913
0.851
0.777
0.821
0.862
0.834
0.828
0.826
0.687
0.646
0.66
0.592
0.895
0.742
0.582
0.52
0.813
0.856
0.764
0.703
0.667
0.638
0.583
0.646
0.667
0.754
0.764
0.611
0.685
0.803
0.701
0.639
0.595
0.68
0.598
0.635
0.767
0.781
0.733
0.704
0.709
0.761
0.757
0.685
0.6
0.746
0.804
0.734
0.686
0.7
0.762
0.753
0.778
0.673
0.707
0.844
0.843
0.737
0.686
0.859
0.779
0.718
0.789
0.744
0.678
0.747
0.732
0.707
0.749
0.668
0.619
0.672
0.714
0.697
0.732
0.759
0.774
0.773
0.773
0.811
0.883
0.898
0.829
0.76
0.838
0.824
0.831
0.794
0.82
0.83
0.829
0.823
0.831
0.833
0.802
0.778
0.761
0.767
0.792
0.836
0.817
0.812
0.816
0.843
0.81
0.698
0.841
0.823
0.792
0.703
0.762
0.81
0.783
0.811
0.744
0.668
0.746
0.859
0.821
0.806
0.672
0.784
0.722
0.732
0.714
0.614
0.584
0.652
0.693
0.663
0.567
0.616
0.682
0.675
0.587
0.546
0.497
0.561
0.647
0.682
0.592
0.552
0.61
0.599
0.63
0.466
0.484
0.47
0.428
0.588
0.652
0.496
0.489
0.552
0.647
0.534
0.436
0.666
0.585
0.598
0.633
0.646
0.771
0.71
0.775
0.729
0.711
0.704
0.705
0.679
0.75
0.811
0.69
0.635
0.662
0.791
0.799
0.797
0.811
0.637
0.628
0.607
0.693
0.765
0.725
0.72
0.739
0.709
0.772
0.683
0.79
0.63
0.599
0.639
0.642
0.617
0.658
0.587
0.675
0.642
0.72
0.748
0.9
0.813
0.827
0.743
0.591
0.671
0.732
0.809
0.594
0.572
0.666
0.667
0.646
0.691
0.519
0.531
0.81
0.878
0.728
0.594
0.63
0.662
0.925
0.756
0.456
0.593
0.733
0.728
0.669
0.769
0.777
0.824
0.852
0.866
0.884
0.851
0.793
0.809
0.879
0.936
0.858
0.902
0.857
0.929
0.972
0.968
0.926
0.969
0.942
0.949
0.964
1.005
0.929
0.859
0.594
0.792
0.904
0.852
0.802
0.842
0.749
0.754
0.914
0.948
0.786
0.867
0.92
1.048
0.741
0.926
0.962
0.968
0.945
0.931
0.887
0.921
0.81
0.75
0.947
0.88
0.941
0.962
0.892
0.833
0.856
0.819
0.854
0.761
0.907
0.758
0.763
0.835
0.751
0.917
0.961
0.909
0.917
0.936
0.912
0.866
0.892
0.933
0.839
0.809
0.822
0.935
0.907
0.855
0.912
0.899
0.909
0.871
0.882
0.855
0.767
0.827
0.81
0.82
0.713
0.674
0.665
0.665
0.901
0.848
0.876
0.858
0.858
0.823
0.857
0.852
0.814
0.874
0.961
0.869
0.826
0.85
0.721
0.643
0.772
0.927
0.856
0.771
0.77
0.674
0.406
0.581
0.482
0.523
0.809
0.89
0.776
0.56
0.629
0.685
0.853
0.945
0.756
0.575
0.773
0.83
0.732
0.629
0.737
0.575
0.692
0.704
0.896
0.57
0.595
0.628
0.695
0.581
0.481
0.66
0.675
0.506
0.748
0.655
0.692
0.756
0.802
0.854
0.782
0.808
0.737
0.624
0.633
0.695
0.689
0.683
0.671
0.713
0.573
0.673
0.703
0.768
0.829
0.761
0.675
0.543
0.482
0.588
0.699
0.662
0.662
0.622
0.512
0.547
0.673
0.771
0.782
0.697
0.612
0.608
0.7
0.716
0.759
0.761
0.601
0.545
0.709
0.761
0.745
0.789
0.77
0.703
0.659
0.632
0.665
0.622
0.692
0.782
0.793
0.79
0.705
0.714
0.742
0.766
0.73
0.716
0.697
0.747
0.76
0.736
0.704
0.781
0.682
0.55
0.638
0.746
0.763
0.699
0.717
0.698
0.608
0.743
0.688
0.692
0.69
0.611
0.492
0.797
0.774
0.708
0.64
0.617
0.634
0.503
0.451
0.703
0.751
0.668
0.706
0.517
0.422
0.578
0.549
0.51
0.571
0.661
0.523
0.434
0.497
0.552
0.803
0.824
0.721
0.624
0.543
0.535
0.75
0.714
0.618
0.6
0.576
0.675
0.655
0.637
0.585
0.507
0.549
0.605
0.497
0.472
0.696
0.65
0.63
0.501
0.442
0.499
0.676
0.502
0.49
0.526
0.6
0.764
0.7
0.714
0.553
0.568
0.727
0.498
0.536
0.564
0.514
0.609
0.622
0.522
0.522
0.476
0.553
0.584
0.563
0.474
0.621
0.608
0.526
0.645
0.766
0.581
0.607
0.798
0.688
0.605
0.679
0.632
0.607
0.744
0.787
0.881
0.844
0.725
0.766
0.64
0.71
0.851
0.755
0.746
0.615
0.608
0.581
0.537
0.625
0.603
0.665
0.701
0.775
0.636
0.446
0.625
0.727
0.795
0.808
0.702
0.689
0.565
0.65
0.766
0.67
0.607
0.578
0.653
0.919
0.763
0.863
0.814
0.81
0.951
0.874
0.929
0.691
0.691
0.777
0.718
0.613
0.886
0.871
0.633
0.809
0.697
0.835
0.902
0.838
0.593
0.879
0.838
0.705
0.84
0.877
0.921
0.86
0.932
0.819
0.732
0.829
0.781
0.744
0.74
0.918
0.984
0.844
0.837
0.891
0.902
0.686
0.588
0.468
0.445
0.567
0.88
0.969
0.673
0.793
0.797
0.825
0.821
0.794
0.899
0.956
0.928
0.911
0.964
0.949
0.963
0.958
0.941
0.958
0.971
0.945
0.942
0.935
0.965
0.907
0.92
0.933
0.907
0.87
0.874
0.944
0.945
0.954
0.958
0.839
0.933
0.942
0.919
0.963
0.936
1.001
0.909
0.828
0.88
0.713
0.873
0.924
0.876
0.807
0.745
0.937
0.936
0.801
0.9
0.874
0.889
0.794
0.746
0.947
0.904
0.935
0.954
0.772
0.861
0.982
0.986
0.941
0.898
0.885
0.754
0.851
0.896
0.794
0.776
0.794
0.578
0.566
0.718
0.698
0.627
0.559
0.681
0.833
0.889
0.72
0.543
0.505
0.699
0.728
0.678
0.74
0.913
0.717
0.631
0.703
0.949
0.91
0.873
0.808
0.718
0.588
0.676
0.626
0.5
0.75
0.737
0.523
0.707
0.883
0.616
0.731
0.674
0.616
0.689
0.709
0.779
0.726
0.621
0.792
0.73
0.57
0.532
0.631
0.769
0.81
0.678
0.619
0.618
0.638
0.662
0.765
0.712
0.64
0.716
0.788
0.768
0.718
0.733
0.741
0.632
0.59
0.507
0.513
0.667
0.716
0.716
0.735
0.746
0.733
0.94
0.835
0.802
0.774
0.735
0.681
0.786
0.744
0.745
0.727
0.661
0.709
0.702
0.794
0.762
0.776
0.819
0.843
0.831
0.81
0.792
0.792
0.731
0.767
0.718
0.745
0.775
0.909
0.871
0.788
0.777
0.819
0.819
0.783
0.748
0.664
0.753
0.814
0.896
0.928
0.847
0.767
0.812
0.847
0.844
0.855
0.761
0.849
0.836
0.83
0.817
0.824
0.766
0.672
0.718
0.753
0.804
0.728
0.753
0.788
0.796
0.758
0.774
0.809
0.835
0.806
0.804
0.786
0.807
0.833
0.823
0.838
0.843
0.83
0.805
0.833
0.825
0.777
0.821
0.828
0.828
0.833
0.739
0.65
0.76
0.828
0.831
0.872
0.813
0.738
0.75
0.827
0.794
0.796
0.815
0.784
0.794
0.796
0.748
0.721
0.736
0.782
0.701
0.729
0.811
0.769
0.71
0.674
0.624
0.644
0.753
0.835
0.747
0.705
0.722
0.699
0.734
0.694
0.687
0.71
0.815
0.854
0.799
0.735
0.749
0.826
0.831
0.774
0.784
0.713
0.651
0.752
0.702
0.591
0.619
0.748
0.712
0.584
0.663
0.607
0.628
0.48
0.461
0.495
0.627
0.702
0.723
0.729
0.606
0.672
0.941
0.759
0.787
0.72
0.762
0.631
0.598
0.697
0.761
0.751
0.672
0.619
0.582
0.836
0.77
0.826
0.623
0.63
0.636
0.65
0.622
0.604
0.819
0.517
0.553
0.767
0.675
0.839
0.707
0.666
0.859
0.928
0.828
0.856
0.913
0.853
0.763
0.774
0.768
0.71
0.791
0.832
0.895
0.845
0.778
0.836
0.858
0.782
0.849
0.812
0.817
0.673
0.523
0.58
0.797
0.909
0.957
0.807
0.673
0.861
0.984
0.911
0.89
0.903
0.848
0.74
0.707
0.82
0.634
0.543
0.513
0.527
0.781
0.95
0.966
0.812
0.871
0.85
0.976
0.959
0.929
0.711
0.548
0.54
0.781
0.889
0.889
0.758
0.846
0.775
0.89
0.756
0.756
0.816
0.728
0.927
0.897
0.775
0.877
0.813
0.632
0.654
0.684
0.837
0.897
0.72
0.643
0.726
0.598
0.65
0.91
0.925
0.853
0.781
0.757
0.7
0.825
0.784
0.736
0.959
0.934
0.809
0.819
0.807
0.765
0.844
0.708
0.612
0.878
0.889
0.853
0.785
0.776
0.789
0.965
0.869
0.732
0.83
0.88
0.847
0.745
0.594
0.657
0.764
0.633
0.683
0.659
0.742
0.858
0.845
0.757
0.778
0.885
0.735
0.616
0.867
0.827
0.746
0.594
0.825
0.572
0.641
0.876
0.755
0.799
0.72
0.932
0.708
0.654
0.713
0.701
0.606
0.571
0.528
0.584
0.623
0.707
0.781
0.764
0.636
0.653
0.772
0.805
0.851
0.89
0.868
0.883
0.923
0.807
0.699
0.796
0.706
0.659
0.676
0.709
0.907
0.866
0.8
0.774
0.83
0.721
0.632
0.752
0.72
0.593
0.587
0.8
0.664
0.62
0.539
0.603
0.733
0.721
0.665
0.701
0.671
0.599
0.643
0.673
0.627
0.683
0.804
0.685
0.714
0.664
0.6
0.625
0.692
0.671
0.637
0.625
0.744
0.766
0.721
0.583
0.55
0.712
0.692
0.656
0.838
0.719
0.592
0.672
0.693
0.745
0.69
0.576
0.683
0.69
0.611
0.801
0.798
0.763
0.767
0.735
0.759
0.726
0.661
0.713
0.753
0.753
0.741
0.789
0.703
0.734
0.699
0.629
0.66
0.759
0.727
0.719
0.712
0.66
0.597
0.625
0.662
0.746
0.71
0.672
0.638
0.583
0.585
0.59
0.565
0.474
0.478
0.558
0.581
0.727
0.733
0.783
0.868
0.865
0.878
0.844
0.794
0.767
0.772
0.809
0.738
0.624
0.687
0.803
0.727
0.7
0.766
0.716
0.609
0.663
0.753
0.707
0.638
0.578
0.547
0.626
0.613
0.645
0.69
0.772
0.743
0.566
0.583
0.821
0.719
0.675
0.819
0.788
0.713
0.609
0.581
0.598
0.664
0.726
0.64
0.702
0.556
0.789
0.868
0.906
0.827
0.741
0.736
0.684
0.647
0.672
0.626
0.668
0.682
0.663
0.61
0.597
0.726
0.588
0.651
0.775
0.726
0.718
0.699
0.852
0.862
0.725
0.707
0.757
0.692
0.749
0.838
0.786
0.767
0.885
0.752
0.728
0.66
0.743
0.723
0.678
0.716
0.62
0.748
0.808
0.687
0.726
0.702
0.669
0.696
0.698
0.782
0.709
0.663
0.789
0.659
0.698
0.702
0.629
0.839
0.837
0.781
0.74
0.744
0.878
0.844
0.726
0.757
0.771
0.732
0.808
0.88
0.802
0.606
0.728
0.633
0.884
0.927
0.871
0.896
0.845
0.885
0.957
0.943
0.905
0.899
0.864
0.849
0.858
0.888
0.938
1.026
0.909
0.767
0.879
0.792
0.648
0.845
0.926
0.988
0.863
0.689
0.689
0.635
0.677
0.83
0.896
0.898
0.982
0.717
0.645
0.686
0.745
0.942
0.927
0.876
0.946
0.88
0.877
0.994
0.928
0.883
0.847
0.814
0.739
0.79
0.673
0.878
0.851
0.64
0.621
0.508
0.508
0.813
0.952
0.911
0.744
0.685
0.816
0.889
0.665
0.647
0.777
0.642
0.649
0.744
0.779
0.716
0.759
0.832
0.842
0.783
0.821
0.5
0.616
0.808
0.854
0.702
0.542
0.445
0.544
0.776
0.875
0.568
0.593
0.557
0.367
0.425
0.513
0.83
0.596
0.563
0.585
0.916
0.83
0.807
0.771
0.553
0.483
0.784
0.83
0.938
0.853
0.864
0.775
0.839
0.932
0.802
0.629
0.759
0.9
0.809
0.95
0.751
0.636
0.558
0.653
0.715
0.738
0.679
0.675
0.636
0.693
0.631
0.534
0.682
0.748
0.784
0.74
0.605
0.593
0.774
0.736
0.685
0.732
0.912
0.841
0.787
0.812
0.741
0.857
0.989
0.798
0.725
0.658
0.602
0.703
0.854
0.808
0.7
0.72
0.667
0.661
0.714
0.67
0.791
0.874
0.825
0.745
0.636
0.799
0.836
0.777
0.844
0.811
0.715
0.654
0.649
0.67
0.599
0.583
0.573
0.745
0.763
0.771
0.647
0.617
0.641
0.688
0.722
0.721
0.697
0.71
0.646
0.616
0.718
0.723
0.702
0.685
0.673
0.891
0.767
0.698
0.673
0.696
0.635
0.759
0.811
0.828
0.726
0.745
0.725
0.754
0.778
0.797
0.793
0.675
0.801
0.855
0.827
0.839
0.824
0.849
0.798
0.788
0.8
0.791
0.783
0.802
0.782
0.831
0.831
0.81
0.757
0.764
0.834
0.79
0.744
0.7
0.716
0.746
0.815
0.817
0.819
0.811
0.8
0.753
0.738
0.737
0.814
0.851
0.8
0.755
0.788
0.812
0.855
0.845
0.825
0.752
0.772
0.819
0.799
0.737
0.663
0.638
0.741
0.859
0.817
0.792
0.816
0.746
0.837
0.767
0.713
0.812
0.78
0.797
0.762
0.72
0.682
0.715
0.703
0.863
0.902
0.771
0.728
0.683
0.714
0.791
0.743
0.697
0.674
0.602
0.59
0.59
0.562
0.6
0.685
0.595
0.657
0.521
0.476
0.544
0.635
0.783
0.874
0.708
0.728
0.858
0.772
0.852
0.864
0.75
0.665
0.809
0.7
0.551
0.595
0.631
0.549
0.596
0.587
0.718
0.832
0.755
0.669
0.683
0.832
0.81
0.764
0.65
0.659
0.88
0.863
0.799
0.896
0.9
0.771
0.758
0.69
0.566
0.505
0.623
0.829
0.758
0.847
0.882
0.777
0.956
0.889
0.656
0.69
0.719
0.679
0.711
0.756
0.733
0.776
0.687
0.705
0.83
0.813
0.779
0.806
0.716
0.764
0.552
0.61
0.529
0.594
0.725
0.715
0.791
0.592
0.888
0.911
0.884
0.862
0.933
0.871
0.816
0.732
0.887
0.899
0.862
0.851
0.766
0.788
0.728
0.839
0.874
0.845
0.854
0.86
0.884
0.825
0.711
0.767
0.831
0.937
0.993
0.984
0.988
1.032
0.75
0.696
0.894
0.887
0.868
0.897
0.931
0.917
0.945
0.977
0.948
0.881
0.773
0.757
0.863
0.859
0.915
0.529
0.593
0.769
0.401
0.459
0.735
0.872
0.884
0.902
0.85
0.933
0.955
0.96
0.844
0.92
0.921
0.977
0.946
0.715
0.822
0.931
0.922
0.964
0.889
0.961
0.961
0.824
0.682
0.597
0.811
0.97
0.797
0.747
0.721
0.696
0.75
0.815
0.576
0.615
0.611
0.647
0.664
0.706
0.625
0.695
0.592
0.603
0.62
0.586
0.68
0.737
0.623
0.653
0.683
0.59
0.634
0.855
0.912
0.96
0.859
0.755
0.791
0.678
0.929
0.922
0.61
0.699
0.56
0.571
0.618
0.727
0.689
0.781
0.75
0.875
0.98
0.89
0.777
0.784
0.79
0.684
0.552
0.582
0.719
0.868
0.885
0.742
0.612
0.808
0.632
0.57
0.645
0.717
0.814
0.774
0.67
0.686
0.735
0.604
0.635
0.747
0.826
0.887
0.896
0.844
0.789
0.797
0.754
0.804
0.81
0.808
0.795
0.828
0.797
0.661
0.562
0.672
0.714
0.608
0.648
0.765
0.827
0.77
0.871
0.825
0.722
0.698
0.727
0.681
0.689
0.771
0.863
0.877
0.8
0.787
0.664
0.578
0.681
0.694
0.707
0.822
0.834
0.822
0.867
0.902
0.797
0.808
0.784
0.807
0.803
0.708
0.756
0.748
0.764
0.711
0.737
0.707
0.78
0.69
0.717
0.736
0.754
0.756
0.668
0.687
0.694
0.713
0.763
0.777
0.745
0.663
0.787
0.828
0.838
0.883
0.804
0.774
0.758
0.785
0.783
0.707
0.697
0.806
0.838
0.781
0.768
0.759
0.745
0.778
0.813
0.815
0.817
0.814
0.735
0.729
0.711
0.768
0.819
0.838
0.863
0.832
0.789
0.788
0.852
0.817
0.755
0.714
0.818
0.867
0.811
0.799
0.808
0.843
0.805
0.759
0.763
0.744
0.727
0.675
0.791
0.797
0.883
0.94
0.934
0.847
0.775
0.848
0.809
0.807
0.781
0.776
0.758
0.749
0.748
0.721
0.758
0.666
0.875
0.852
0.797
0.619
0.687
0.697
0.675
0.706
0.752
0.767
0.811
0.899
0.843
0.835
0.773
0.703
0.743
0.846
0.752
0.765
0.653
0.818
0.631
0.671
0.594
0.623
0.685
0.645
0.634
0.713
0.66
0.606
0.705
0.944
0.935
0.819
0.672
0.824
0.958
0.9
0.786
0.704
0.8
0.817
0.703
0.683
0.83
0.677
0.647
0.693
0.789
0.623
0.835
0.928
0.924
0.889
0.947
0.873
0.754
0.634
0.7
0.885
0.888
0.929
0.751
0.768
0.816
0.907
0.953
0.858
0.833
0.736
0.739
0.741
0.675
0.62
0.685
0.866
0.843
0.848
0.867
0.866
0.894
0.886
0.866
0.838
0.797
0.925
0.987
0.873
0.832
0.748
0.732
0.767
0.833
0.908
0.821
0.751
0.915
0.952
0.886
0.787
0.79
0.817
0.884
0.82
0.915
0.731
0.509
0.683
0.702
0.931
0.915
0.948
0.932
0.92
0.942
0.922
0.891
0.772
0.887
0.941
0.937
0.771
0.82
0.869
0.944
0.874
0.744
0.786
0.876
1.02
0.911
0.936
0.927
0.985
1.029
0.848
0.454
0.572
0.911
0.97
0.732
0.737
0.859
0.669
0.771
0.854
0.657
0.9
0.856
0.736
0.83
0.923
0.562
0.454
0.631
0.618
0.621
0.755
0.728
0.64
0.504
0.525
0.591
0.511
0.701
0.89
0.754
0.661
0.65
0.883
0.877
0.8
0.676
0.695
0.6
0.584
0.842
0.83
0.663
0.643
0.796
0.589
0.511
0.696
0.906
0.969
0.776
0.604
0.61
0.656
0.63
0.829
0.824
0.765
0.749
0.643
0.703
0.758
0.783
0.677
0.852
0.802
0.729
0.797
0.786
0.967
0.951
0.793
0.648
0.738
0.763
0.778
0.898
0.764
0.817
0.833
0.934
0.882
0.824
0.874
0.922
0.777
0.656
0.785
0.841
0.837
0.849
0.797
0.925
0.926
0.733
0.65
0.693
0.805
0.829
0.754
0.82
0.802
0.81
0.762
0.8
0.789
0.79
0.802
0.824
0.832
0.795
0.715
0.71
0.81
0.687
0.668
0.793
0.848
0.801
0.809
0.827
0.875
0.71
0.592
0.822
0.748
0.833
0.914
0.9
0.903
0.813
0.858
0.811
0.732
0.726
0.77
0.764
0.745
0.682
0.713
0.752
0.788
0.732
0.777
0.793
0.778
0.756
0.795
0.85
0.79
0.797
0.796
0.793
0.83
0.771
0.779
0.748
0.83
0.889
0.845
0.839
0.816
0.836
0.883
0.773
0.773
0.704
0.712
0.764
0.781
0.803
0.821
0.816
0.855
0.818
0.765
0.775
0.763
0.818
0.826
0.796
0.792
0.777
0.71
0.804
0.86
0.83
0.839
0.817
0.827
0.839
0.838
0.799
0.832
0.857
0.805
0.809
0.773
0.883
0.922
0.801
0.796
0.806
0.761
0.87
0.864
0.799
0.824
0.81
0.807
0.832
0.828
0.796
0.778
0.765
0.835
0.84
0.811
0.723
0.799
0.848
0.76
0.74
0.789
0.749
0.677
0.755
0.75
0.646
0.668
0.582
0.753
0.873
0.824
0.748
0.793
0.846
0.817
0.753
0.735
0.632
0.573
0.671
0.735
0.789
0.769
0.553
0.666
0.591
0.795
0.786
0.715
0.648
0.654
0.709
0.718
0.557
0.6
0.737
0.869
0.825
0.718
0.774
0.935
0.949
0.759
0.73
0.661
0.648
0.731
0.636
0.724
0.55
0.488
0.696
0.877
0.823
0.815
0.895
0.933
0.9
0.837
0.828
0.884
0.849
0.856
0.844
0.765
0.823
0.846
0.841
0.84
0.776
0.845
0.77
0.798
0.863
0.827
0.822
0.768
0.774
0.726
0.728
0.958
0.847
0.491
0.58
0.731
0.883
0.778
0.785
0.884
0.859
0.825
0.929
0.896
0.9
0.852
0.893
0.865
0.939
0.91
0.879
0.967
0.94
0.848
0.91
0.883
0.957
0.953
0.807
0.789
0.642
0.736
0.547
0.925
0.961
0.94
0.882
0.898
0.865
0.867
0.531
0.892
0.887
0.89
0.931
0.927
0.84
0.911
0.976
0.936
0.946
0.915
0.826
0.827
0.79
0.863
0.857
0.881
0.925
0.703
0.949
0.909
0.885
0.856
0.894
0.916
0.778
0.895
0.722
0.699
0.819
0.867
0.898
0.794
0.635
0.502
0.519
0.628
0.863
0.971
0.92
0.693
0.59
0.744
0.826
0.863
0.934
0.824
0.718
0.854
0.747
0.664
0.714
0.848
0.84
0.795
0.819
0.703
0.728
0.731
0.793
0.789
0.926
0.898
0.671
0.668
0.873
0.771
0.78
0.754
0.894
0.945
0.867
0.798
0.894
0.879
0.729
0.605
0.695
0.86
0.713
0.824
0.799
0.712
0.688
0.684
0.738
0.88
0.586
0.656
0.609
0.721
0.767
0.736
0.709
0.731
0.658
0.828
0.889
0.77
0.857
0.646
0.749
0.832
0.876
0.816
0.683
0.713
0.722
0.744
0.676
0.631
0.722
0.61
0.662
0.833
0.689
0.545
0.792
0.8
0.781
0.811
0.835
0.93
0.772
0.838
0.928
0.811
0.773
0.724
0.681
0.744
0.831
0.796
0.758
0.691
0.572
0.706
0.758
0.701
0.678
0.669
0.687
0.614
0.657
0.742
0.696
0.645
0.741
0.665
0.759
0.692
0.628
0.594
0.656
0.598
0.635
0.696
0.768
0.733
0.669
0.695
0.8
0.794
0.722
0.676
0.723
0.65
0.585
0.688
0.597
0.612
0.642
0.693
0.655
0.701
0.779
0.769
0.771
0.714
0.683
0.775
0.753
0.645
0.766
0.768
0.758
0.804
0.797
0.772
0.737
0.714
0.801
0.78
0.674
0.747
0.773
0.885
0.925
0.802
0.795
0.741
0.629
0.67
0.646
0.747
0.745
0.763
0.702
0.701
0.744
0.74
0.766
0.644
0.635
0.601
0.511
0.486
0.476
0.552
0.586
0.557
0.514
0.557
0.664
0.829
0.74
0.686
0.745
0.772
0.616
0.644
0.548
0.623
0.785
0.812
0.819
0.866
0.838
0.815
0.802
0.75
0.654
0.616
0.682
0.68
0.631
0.558
0.554
0.548
0.6
0.619
0.615
0.643
0.685
0.786
0.749
0.64
0.677
0.692
0.532
0.71
0.748
0.594
0.558
0.573
0.476
0.63
0.756
0.802
0.659
0.486
0.698
0.624
0.407
0.461
0.869
0.892
0.854
0.854
0.807
0.823
0.78
0.82
0.759
0.779
0.846
0.809
0.627
0.741
0.573
0.597
0.675
0.674
0.704
0.669
0.608
0.649
0.726
0.785
0.785
0.749
0.695
0.767
0.594
0.664
0.604
0.512
0.581
0.715
0.859
0.817
0.677
0.87
0.912
0.856
0.806
0.671
0.805
0.789
0.815
0.628
0.803
0.845
0.74
0.762
0.702
0.801
0.817
0.818
0.921
0.843
0.746
0.542
0.763
0.943
0.922
0.878
0.914
0.917
0.859
0.757
0.766
0.69
0.727
0.891
0.885
0.686
0.867
0.875
