1980 1 1
0.872
0.922
0.869
0.746
0.838
0.891
0.837
0.714
0.765
0.831
0.942
0.555
0.76
0.843
0.896
0.949
0.933
0.88
0.837
0.779
0.722
0.788
0.802
0.816
0.932
0.83
0.85
0.84
0.82
0.785
0.782
0.736
0.501
0.598
0.569
0.625
0.765
0.812
0.805
0.895
0.763
0.825
0.715
0.664
0.754
0.846
0.863
0.62
0.846
0.869
0.893
0.936
0.96
0.914
0.801
0.775
0.751
0.829
0.779
0.726
0.63
0.602
0.611
0.758
0.919
0.66
0.793
0.954
0.902
0.855
0.541
0.581
0.869
0.84
0.825
0.86
0.925
0.784
0.687
0.853
0.928
0.688
0.744
0.934
0.81
0.76
0.737
0.816
0.922
0.862
0.916
0.882
0.892
0.856
0.944
0.722
0.65
0.739
0.83
0.834
0.864
0.782
0.847
0.679
0.897
0.856
0.71
0.61
0.646
0.65
0.648
0.595
0.541
0.665
0.713
0.771
0.668
0.72
0.894
0.771
0.726
0.683
0.653
0.572
0.512
0.542
0.563
0.598
0.642
0.696
0.628
0.725
0.832
0.778
0.761
0.687
0.661
0.957
0.849
0.738
0.693
0.655
0.593
0.608
0.755
0.68
0.612
0.547
0.522
0.636
0.762
0.743
0.886
0.834
0.799
0.744
0.688
0.772
0.758
0.788
0.719
0.651
0.618
0.609
0.625
0.751
0.777
0.77
0.698
0.673
0.715
0.737
0.687
0.628
0.652
0.732
0.715
0.698
0.737
0.78
0.717
0.74
0.707
0.732
0.747
0.826
0.859
0.744
0.736
0.8
0.799
0.778
0.731
0.773
0.786
0.727
0.79
0.794
0.757
0.744
0.744
0.74
0.773
0.821
0.792
0.738
0.748
0.746
0.785
0.916
0.834
0.744
0.812
0.813
0.842
0.84
0.775
0.851
0.818
0.809
0.843
0.796
0.869
0.849
0.83
0.84
0.849
0.829
0.818
0.916
0.917
0.834
0.861
0.87
0.801
0.734
0.734
0.754
0.737
0.754
0.771
0.781
0.797
0.848
0.857
0.832
0.772
0.829
0.792
0.726
0.7
0.744
0.796
0.776
0.772
0.792
0.847
0.839
0.846
0.897
0.918
0.742
0.768
0.794
0.814
0.845
0.772
0.676
0.745
0.721
0.676
0.713
0.72
0.652
0.766
0.767
0.754
0.757
0.7
0.642
0.714
0.669
0.734
0.74
0.782
0.786
0.71
0.676
0.678
0.748
0.87
0.765
0.749
0.713
0.649
0.671
0.693
0.815
0.851
0.731
0.65
0.733
0.611
0.612
0.641
0.665
0.594
0.606
0.714
0.648
0.585
0.714
0.788
0.696
0.629
0.651
0.654
0.547
0.696
0.788
0.721
0.757
0.739
0.688
0.753
0.744
0.674
0.796
0.916
0.683
0.659
0.91
0.958
0.93
0.87
0.889
0.907
0.588
0.648
0.847
0.898
0.96
0.965
0.881
0.847
0.67
0.893
0.843
0.651
0.672
0.778
0.675
0.76
0.655
0.685
0.794
0.848
0.914
0.92
0.767
0.905
0.866
0.891
0.946
0.991
0.994
0.975
0.862
0.864
0.749
0.914
0.982
0.885
0.803
0.866
0.832
0.816
0.851
0.935
0.916
0.943
0.926
0.886
0.988
1.044
0.999
0.991
1.014
1.009
1.003
0.994
0.941
0.932
0.895
0.765
0.617
0.814
0.965
0.927
0.74
0.767
0.825
0.92
0.933
0.877
0.837
0.94
1.026
0.779
0.911
0.877
0.912
0.951
0.951
0.963
0.954
0.892
0.822
0.881
0.874
0.825
0.754
0.723
0.761
0.808
0.795
0.697
0.501
0.814
0.872
0.71
0.654
0.782
0.754
0.706
0.675
0.639
0.678
0.488
0.61
0.698
0.627
0.51
0.608
0.857
0.834
0.676
0.73
0.597
0.594
0.65
0.734
0.633
0.726
0.793
0.677
0.574
0.589
0.522
0.795
0.75
0.53
0.533
0.625
0.693
0.791
0.816
0.867
0.917
0.845
0.616
0.622
0.772
0.699
0.706
0.766
0.603
0.841
0.811
0.793
0.695
0.683
0.691
0.744
0.824
0.724
0.693
0.601
0.6
0.613
0.788
0.808
0.662
0.602
0.777
0.924
0.909
0.716
0.62
0.826
0.928
0.711
0.661
0.607
0.611
0.512
0.485
0.556
0.626
0.668
0.707
0.731
0.8
0.818
0.735
0.772
0.667
0.613
0.784
0.762
0.769
0.725
0.684
0.599
0.722
0.783
0.824
0.68
0.812
0.91
0.836
0.803
0.804
0.73
0.668
0.718
0.725
0.773
0.797
0.739
0.808
0.771
0.661
0.605
0.658
0.74
0.772
0.776
0.806
0.794
0.813
0.811
0.732
0.681
0.782
0.811
0.681
0.604
0.676
0.804
0.71
0.774
0.77
0.735
0.687
0.795
0.92
0.859
0.777
0.687
0.769
0.75
0.797
0.895
0.905
0.827
0.684
0.685
0.774
0.761
0.797
0.805
0.792
0.796
0.815
0.845
0.846
0.847
0.824
0.831
0.837
0.858
0.879
0.819
0.769
0.686
0.73
0.751
0.723
0.702
0.696
0.759
0.764
0.76
0.831
0.826
0.815
0.845
0.824
0.83
0.832
0.943
0.933
0.884
0.824
0.788
0.808
0.739
0.807
0.846
0.801
0.798
0.798
0.827
0.845
0.881
0.843
0.785
0.761
0.848
0.844
0.746
0.666
0.697
0.76
0.76
0.675
0.799
0.898
0.853
0.762
0.71
0.741
0.773
0.81
0.709
0.694
0.694
0.773
0.751
0.737
0.742
0.674
0.793
0.747
0.638
0.837
0.72
0.659
0.825
0.94
0.834
0.675
0.635
0.885
0.972
0.844
0.847
0.854
0.808
0.768
0.79
0.803
0.711
0.758
0.781
0.707
0.761
0.69
0.664
0.762
0.76
0.769
0.744
0.697
0.699
0.757
0.825
0.807
0.895
0.794
0.748
0.898
0.888
0.832
0.881
0.853
0.81
0.794
0.723
0.895
0.854
0.754
0.859
0.813
0.791
0.85
0.87
0.543
0.588
0.76
0.75
0.797
0.869
0.858
0.784
0.903
0.812
0.857
0.859
0.936
0.99
0.969
0.933
0.966
0.961
0.968
0.976
0.954
0.947
0.887
0.948
0.914
0.964
0.953
0.888
0.936
0.875
0.864
0.842
0.762
0.835
0.863
0.913
0.915
0.876
0.935
0.773
0.872
0.904
0.918
0.902
0.92
0.961
0.764
0.879
0.902
0.921
0.893
0.874
0.958
0.958
0.894
0.984
0.951
0.882
0.921
0.873
1.032
0.953
0.895
0.921
0.89
0.948
0.903
0.944
0.955
1.002
0.952
0.966
0.972
1.005
1
0.9
0.899
0.909
0.827
0.789
0.824
0.91
0.898
0.91
0.835
1.019
0.918
0.926
0.92
0.821
0.838
0.905
0.958
0.933
0.809
0.65
0.766
0.933
0.867
0.801
0.837
0.899
0.877
0.786
0.721
0.736
0.797
0.812
0.667
0.707
0.679
0.833
0.809
0.667
0.633
0.83
0.793
0.869
0.85
0.772
0.809
0.851
0.857
0.827
0.799
0.786
0.734
0.706
0.787
0.822
0.618
0.568
0.825
0.604
0.497
0.544
0.574
0.526
0.663
0.68
0.6
0.563
0.619
0.62
0.528
0.547
0.5
0.589
0.605
0.794
0.743
0.63
0.644
0.663
0.636
0.594
0.678
0.675
0.665
0.642
0.668
0.692
0.73
0.871
0.866
0.821
0.783
0.791
0.818
0.855
0.78
0.805
0.808
0.788
0.826
0.698
0.764
0.824
0.861
0.797
0.757
0.734
0.769
0.775
0.654
0.659
0.703
0.63
0.8
0.896
0.776
0.717
0.84
0.778
0.757
0.727
0.722
0.613
0.688
0.737
0.782
0.757
0.798
0.734
0.689
0.705
0.925
0.833
0.784
0.795
0.779
0.744
0.708
0.761
0.813
0.774
0.708
0.721
0.723
0.743
0.797
0.818
0.807
0.739
0.708
0.746
0.762
0.713
0.697
0.765
0.789
0.782
0.706
0.673
0.749
0.762
0.802
0.773
0.797
0.772
0.841
0.827
0.826
0.803
0.777
0.748
0.647
0.642
0.688
0.72
0.718
0.74
0.724
0.72
0.837
0.717
0.737
0.828
0.747
0.757
0.711
0.757
0.708
0.672
0.739
0.793
0.81
0.752
0.687
0.636
0.586
0.774
0.79
0.682
0.605
0.618
0.684
0.628
0.673
0.74
0.752
0.695
0.685
0.729
0.582
0.624
0.666
0.824
0.757
0.762
0.777
0.74
0.898
0.786
0.732
0.704
0.656
0.664
0.666
0.635
0.692
0.658
0.681
0.612
0.717
0.746
0.632
0.657
0.573
0.643
0.62
0.578
0.555
0.485
0.506
0.704
0.615
0.604
0.576
0.6
0.615
0.523
0.45
0.5
0.517
0.617
0.864
0.891
0.818
0.825
0.653
0.621
0.779
0.758
0.685
0.827
0.767
0.868
0.845
0.751
0.675
0.829
0.76
0.704
0.81
0.903
0.939
0.894
0.796
0.958
0.808
0.761
0.879
0.863
0.962
0.964
0.901
0.866
0.89
0.885
0.886
0.915
0.763
0.764
0.776
0.665
0.835
0.869
0.823
0.875
0.901
0.956
0.936
0.86
0.835
0.952
0.905
0.87
0.902
0.93
0.918
0.852
0.837
0.957
0.936
0.67
0.542
0.764
0.866
0.87
0.719
0.655
0.756
0.816
0.849
0.776
0.81
0.915
0.877
0.832
0.881
0.911
0.929
0.92
0.877
0.836
0.857
0.936
0.896
0.939
1.001
0.985
0.925
0.87
0.852
0.914
0.977
0.996
0.955
0.946
1.006
0.98
0.84
0.871
0.882
0.929
0.861
0.899
0.864
0.892
0.891
0.861
0.889
0.927
0.903
0.873
0.82
0.791
0.732
0.703
0.786
0.808
0.788
0.814
0.764
0.762
0.654
0.603
0.581
0.697
0.799
0.784
0.896
0.845
0.756
0.828
0.772
0.818
0.714
0.693
0.774
0.731
0.729
0.777
0.896
0.947
0.789
0.92
0.826
0.848
0.754
0.772
0.803
0.901
0.906
0.766
0.617
0.671
0.763
0.912
0.857
0.822
0.781
0.873
0.853
0.789
0.917
0.854
0.844
0.764
0.902
0.868
0.768
0.741
0.79
0.717
0.686
0.658
0.666
0.637
0.627
0.693
0.631
0.614
0.653
0.793
0.835
0.957
0.953
0.829
0.908
0.769
0.71
0.738
0.733
0.813
0.662
0.649
0.576
0.611
0.728
0.793
0.855
0.709
0.628
0.685
0.856
0.769
0.818
0.844
0.792
0.727
0.736
0.749
0.645
0.751
0.825
0.735
0.753
0.722
0.661
0.882
0.831
0.745
0.857
0.727
0.665
0.668
0.639
0.595
0.602
0.597
0.622
0.652
0.685
0.619
0.648
0.759
0.748
0.698
0.694
0.707
0.647
0.64
0.632
0.73
0.887
0.896
0.865
0.812
0.773
0.777
0.807
0.751
0.721
0.667
0.722
0.776
0.771
0.742
0.775
0.686
0.661
0.758
0.762
0.805
0.818
0.806
0.753
0.776
0.762
0.804
0.779
0.758
0.672
0.636
0.749
0.815
0.803
0.794
0.802
0.78
0.74
0.786
0.81
0.765
0.733
0.76
0.761
0.86
0.831
0.814
0.682
0.701
0.71
0.724
0.806
0.818
0.759
0.779
0.764
0.785
0.772
0.757
0.743
0.761
0.74
0.751
0.696
0.716
0.784
0.76
0.684
0.667
0.685
0.731
0.742
0.703
0.615
0.606
0.616
0.634
0.666
0.721
0.609
0.573
0.742
0.739
0.672
0.679
0.717
0.857
0.66
0.667
0.594
0.587
0.717
0.663
0.587
0.69
0.697
0.782
0.613
0.564
0.725
0.783
0.61
0.541
0.671
0.779
0.706
0.724
0.87
0.95
0.694
0.68
0.72
0.71
0.674
0.701
0.737
0.8
0.908
0.951
0.898
0.828
0.765
0.71
0.723
0.667
0.638
0.728
0.867
0.846
0.878
0.651
0.665
0.709
0.715
0.666
0.623
0.9
0.924
0.755
0.768
0.782
0.908
0.859
0.792
0.772
0.883
0.921
0.786
0.795
0.914
0.819
0.659
0.757
0.811
0.889
0.725
0.741
0.809
0.93
0.938
0.986
0.998
0.972
0.853
0.901
0.952
0.932
0.954
0.959
0.952
0.982
0.828
0.842
0.812
0.799
0.817
0.857
0.935
0.97
0.818
0.8
0.799
0.823
0.904
0.955
0.913
0.854
0.903
0.874
0.923
0.976
0.986
1.001
0.964
0.881
0.903
0.898
0.894
0.794
0.847
0.918
0.905
0.852
0.897
0.887
0.855
0.846
0.805
0.797
0.856
0.863
0.971
0.991
0.968
0.925
0.899
0.937
0.93
0.826
0.918
0.978
0.951
0.976
0.935
0.821
0.83
0.9
0.967
0.951
0.95
0.967
0.878
0.852
0.723
0.841
0.913
0.883
0.848
0.791
0.752
0.687
0.685
0.757
0.704
0.579
0.714
0.89
0.796
0.781
0.842
0.836
0.815
0.902
0.814
0.66
0.806
0.801
0.822
0.782
0.756
0.927
0.911
0.911
0.885
0.768
0.869
0.869
0.956
0.916
0.9
0.799
0.72
0.79
0.741
0.813
0.833
0.757
0.724
0.654
0.597
0.654
0.699
0.921
0.938
0.869
0.692
0.623
0.624
0.622
0.574
0.713
0.779
0.76
0.816
0.827
0.869
0.848
0.762
0.717
0.694
0.866
0.941
0.887
0.757
0.65
0.715
0.655
0.559
0.749
0.649
0.613
0.824
0.904
0.825
0.711
0.796
0.798
0.79
0.784
0.777
0.699
0.793
0.758
0.672
0.607
0.586
0.709
0.773
0.898
0.939
0.827
0.761
0.694
0.867
0.827
0.747
0.905
0.884
0.804
0.683
0.691
0.697
0.701
0.597
0.682
0.755
0.724
0.742
0.711
0.695
0.685
0.647
0.727
0.706
0.753
0.775
0.784
0.776
0.725
0.722
0.73
0.703
0.79
0.738
0.652
0.619
0.731
0.723
0.691
0.758
0.728
0.674
0.734
0.769
0.759
0.776
0.703
0.643
0.774
0.813
0.789
0.768
0.705
0.723
0.766
0.735
0.754
0.767
0.712
0.745
0.755
0.717
0.664
0.806
0.781
0.894
0.83
0.698
0.661
0.637
0.699
0.86
0.845
0.845
0.809
0.829
0.852
0.869
0.837
0.819
0.782
0.791
0.809
0.763
0.716
0.804
0.791
0.756
0.787
0.778
0.735
0.717
0.781
0.724
0.737
0.655
0.692
0.728
0.751
0.818
0.806
0.606
0.782
0.788
0.833
0.736
0.666
0.624
0.829
0.728
0.768
0.849
0.786
0.761
0.83
0.866
0.822
0.695
0.619
0.607
0.702
0.723
0.714
0.715
0.778
0.856
0.828
0.803
0.698
0.74
0.718
0.675
0.623
0.562
0.591
0.592
0.641
0.765
0.863
0.828
0.762
0.786
0.79
0.781
0.768
0.89
0.829
0.782
0.77
0.684
0.796
0.647
0.839
0.794
0.716
0.624
0.753
0.848
0.742
0.735
0.619
0.737
0.807
0.841
0.715
0.613
0.88
0.826
0.695
0.632
0.62
0.847
0.93
0.938
0.85
0.824
0.744
0.803
0.627
0.641
0.645
0.691
0.478
0.576
0.601
0.697
0.784
0.748
0.679
0.644
0.874
0.687
0.767
0.803
0.715
0.757
0.597
0.638
0.888
0.822
0.955
0.939
0.949
0.936
0.993
0.933
0.888
0.909
0.866
0.841
0.809
0.821
0.821
0.944
0.879
0.625
0.865
0.79
0.87
0.938
0.924
0.829
0.895
0.95
0.967
0.766
0.723
0.756
0.852
0.903
0.935
0.86
0.829
0.885
0.882
0.89
0.901
0.961
0.766
0.877
0.929
0.94
0.908
0.794
0.875
0.919
0.973
0.957
0.926
0.871
0.945
0.863
0.824
0.858
0.93
0.869
0.827
0.859
0.886
0.922
0.914
0.886
0.825
0.912
0.89
0.975
0.989
0.912
0.886
0.888
1.036
0.943
0.971
0.931
0.907
0.911
0.954
0.924
0.88
0.855
0.812
0.821
0.697
0.733
0.83
0.701
0.957
0.778
0.644
0.792
0.869
0.742
0.703
0.864
0.883
0.746
0.751
0.646
0.614
0.692
0.538
0.635
0.715
0.54
0.667
0.904
0.839
0.691
0.613
0.844
0.904
0.784
0.853
0.916
0.754
0.738
0.71
0.799
0.874
0.845
0.707
0.688
0.669
0.715
0.782
0.743
0.735
0.697
0.711
0.676
0.647
0.771
0.726
0.667
0.638
0.576
0.539
0.686
0.679
0.582
0.632
0.698
0.619
0.544
0.646
0.704
0.586
0.549
0.68
0.771
0.666
0.605
0.603
0.632
0.707
0.685
0.649
0.61
0.733
0.726
0.849
0.712
0.709
0.687
0.741
0.63
0.629
0.547
0.488
0.715
0.758
0.817
0.677
0.717
0.705
0.627
0.71
0.709
0.701
0.771
0.612
0.662
0.698
0.697
0.626
0.79
0.838
0.725
0.663
0.826
0.819
0.789
0.736
0.686
0.68
0.667
0.708
0.686
0.691
0.606
0.62
0.692
0.688
0.629
0.7
0.776
0.769
0.717
0.659
0.749
0.766
0.745
0.731
0.681
0.676
0.709
0.684
0.7
0.823
0.794
0.697
0.704
0.683
0.724
0.797
0.757
0.729
0.673
0.704
0.768
0.775
0.671
0.648
0.691
0.71
0.862
0.795
0.702
0.651
0.653
0.802
0.874
0.829
0.741
0.659
0.75
0.771
0.775
0.845
0.804
0.856
0.818
0.801
0.823
0.775
0.779
0.762
0.76
0.789
0.909
0.818
0.798
0.781
0.76
0.756
0.799
0.791
0.795
0.779
0.766
0.777
0.83
0.821
0.775
0.779
0.826
0.799
0.745
0.697
0.724
0.642
0.598
0.617
0.666
0.682
0.659
0.631
0.709
0.682
0.744
0.771
0.635
0.764
0.742
0.614
0.597
0.782
0.747
0.56
0.609
0.798
0.802
0.687
0.568
0.551
0.594
0.817
0.822
0.845
0.813
0.806
0.796
0.635
0.607
0.877
0.9
0.804
0.804
0.782
0.794
0.77
0.565
0.514
0.591
0.705
0.687
0.664
0.816
0.815
0.927
0.945
0.873
0.885
0.812
0.802
0.731
0.848
0.946
0.89
0.933
0.941
0.919
0.852
0.901
0.692
0.911
0.927
0.848
0.652
0.883
0.821
0.729
0.822
0.956
0.888
0.89
0.875
0.89
0.911
0.781
0.826
0.877
0.912
0.929
0.902
0.913
0.903
0.94
0.964
0.878
0.862
0.793
0.926
0.941
0.828
0.806
0.851
0.886
0.883
0.993
0.975
0.931
0.818
0.836
0.87
0.776
0.904
0.94
0.898
0.862
0.921
0.933
0.976
0.904
0.81
0.662
0.756
0.755
0.871
0.943
0.896
0.85
0.908
0.839
0.915
0.891
0.949
0.951
0.875
0.897
0.878
0.771
0.745
0.857
0.825
0.8
0.752
0.894
0.83
0.876
0.943
0.921
0.919
0.973
0.976
0.877
0.899
0.901
0.884
0.827
0.803
0.81
0.805
0.894
0.868
0.924
0.987
0.985
0.988
0.99
0.942
0.842
0.823
0.806
0.749
0.827
0.843
0.722
0.8
0.779
0.904
0.925
0.858
0.882
0.723
0.77
0.888
0.863
0.856
0.905
0.951
0.908
0.843
0.805
0.768
0.834
0.926
0.601
0.493
0.656
0.655
0.657
0.655
0.765
0.796
0.676
0.63
0.613
0.534
0.612
0.699
0.66
0.796
0.885
0.818
0.701
0.653
0.705
0.764
0.703
0.631
0.711
0.745
0.823
0.813
0.799
0.686
0.784
0.958
0.861
0.744
0.594
0.562
0.586
0.642
0.631
0.621
0.665
0.797
0.752
0.679
0.609
0.643
0.728
0.795
0.731
0.718
0.723
0.737
0.649
0.613
0.632
0.739
0.71
0.766
0.767
0.761
0.87
0.847
0.873
0.845
0.77
0.72
0.737
0.733
0.807
0.764
0.681
0.718
0.733
0.707
0.707
0.663
0.694
0.859
0.947
0.869
0.768
0.69
0.829
0.812
0.82
0.801
0.743
0.77
0.777
0.711
0.656
0.819
0.751
0.695
0.74
0.712
0.705
0.682
0.713
0.816
0.751
0.724
0.869
0.887
0.842
0.722
0.689
0.759
0.755
0.744
0.775
0.801
0.802
0.933
0.868
0.778
0.801
0.801
0.815
0.804
0.789
0.794
0.812
0.783
0.744
0.705
0.73
0.808
0.757
0.742
0.747
0.803
0.757
0.778
0.784
0.776
0.724
0.739
0.729
0.757
0.831
0.827
0.788
0.789
0.784
0.684
0.699
0.822
0.845
0.844
0.811
0.774
0.759
0.8
0.759
0.809
0.822
0.72
0.689
0.894
0.837
0.693
0.691
0.633
0.664
0.707
0.741
0.82
0.833
0.752
0.719
0.692
0.698
0.677
0.801
0.86
0.829
0.772
0.775
0.802
0.767
0.72
0.862
0.842
0.805
0.855
0.864
0.814
0.908
0.915
0.829
0.81
0.771
0.788
0.844
0.927
0.849
0.898
0.899
0.804
0.716
0.668
0.745
0.824
0.744
0.823
0.881
0.886
0.868
0.771
0.705
0.763
0.746
0.689
0.674
0.777
0.769
0.788
0.795
0.893
0.902
0.868
0.802
0.84
0.756
0.771
0.758
0.793
0.714
0.719
0.758
0.75
0.821
0.855
0.749
0.62
0.758
0.73
0.728
0.831
0.937
0.92
0.879
0.866
0.84
0.946
0.924
0.904
0.846
0.858
0.892
0.965
0.923
0.892
0.899
0.882
0.768
0.914
0.913
0.728
0.8
0.898
0.926
0.964
0.974
0.728
0.739
0.85
0.75
0.891
0.908
0.933
0.948
0.918
0.878
0.902
0.877
0.921
0.961
0.984
0.964
0.931
0.834
0.848
0.865
0.92
0.891
0.834
0.942
0.934
0.875
0.852
0.891
0.906
0.83
0.886
0.975
0.92
0.937
0.982
0.972
0.944
0.709
0.67
0.909
0.941
0.945
0.917
0.971
0.877
0.826
0.87
0.863
0.915
0.944
0.955
0.964
0.878
0.934
0.984
0.927
0.846
0.788
0.824
0.869
0.842
0.686
0.744
0.722
0.855
0.739
0.884
0.829
0.876
0.895
0.874
0.825
0.806
0.884
0.881
0.833
0.75
0.652
0.63
0.742
0.933
0.933
0.773
0.708
0.608
0.746
0.745
0.673
0.63
0.667
0.497
0.581
0.577
0.587
0.856
0.814
0.678
0.654
0.601
0.61
0.537
0.614
0.656
0.694
0.68
0.704
0.785
0.8
0.742
0.726
0.777
0.654
0.784
0.794
0.682
0.741
0.871
0.876
0.7
0.69
0.649
0.586
0.671
0.782
0.736
0.783
0.827
0.907
0.856
0.787
0.727
0.732
0.64
0.789
0.778
0.705
0.605
0.541
0.608
0.623
0.623
0.625
0.579
0.826
0.896
0.719
0.639
0.563
0.616
0.564
0.527
0.611
0.614
0.685
0.674
0.692
0.684
0.591
0.565
0.731
0.899
0.831
0.761
0.697
0.722
0.756
0.761
0.808
0.716
0.707
0.67
0.669
0.749
0.759
0.779
0.751
0.638
0.645
0.663
0.679
0.704
0.7
0.626
0.641
0.782
0.702
0.608
0.633
0.604
0.545
0.61
0.59
0.77
0.803
0.803
0.819
0.685
0.648
0.704
0.666
0.686
0.786
0.81
0.833
0.883
0.797
0.766
0.796
0.816
0.783
0.786
0.786
0.811
0.794
0.779
0.768
0.757
0.782
0.805
0.754
0.765
0.736
0.804
0.74
0.746
0.725
0.764
0.794
0.771
0.737
0.664
0.696
0.783
0.768
0.823
0.826
0.737
0.749
0.741
0.693
0.704
0.867
0.86
0.824
0.778
0.811
0.809
0.795
0.746
0.752
0.741
0.673
0.655
0.6
0.762
0.803
0.709
0.664
0.808
0.964
0.954
0.951
0.814
0.766
0.789
0.737
0.746
0.775
0.745
0.755
0.764
0.757
0.778
0.739
0.71
0.79
0.76
0.742
0.727
0.869
0.868
0.796
0.885
0.796
0.654
0.734
0.759
0.779
0.712
0.675
0.61
0.544
0.568
0.683
0.698
0.66
0.659
0.699
0.633
0.557
0.784
0.815
0.688
0.682
0.679
0.79
0.697
0.563
0.568
0.498
0.478
0.597
0.669
0.643
0.778
0.718
0.715
0.599
0.829
0.765
0.606
0.734
0.681
0.64
0.649
0.74
0.869
0.803
0.614
0.673
0.674
0.523
0.483
0.559
0.773
0.64
0.664
0.703
0.707
0.718
0.731
0.609
0.699
0.708
0.61
0.584
0.487
0.567
0.716
0.812
0.956
0.828
0.908
0.914
0.894
0.84
0.886
0.894
0.938
0.89
0.86
0.834
0.885
0.866
0.802
0.876
0.886
0.865
0.691
0.704
0.894
0.878
0.82
0.849
0.934
0.928
0.77
0.706
0.94
0.945
0.901
0.696
0.642
0.911
0.883
0.857
0.918
0.771
0.608
0.582
0.719
0.668
0.741
0.786
0.868
0.862
0.838
0.914
0.848
0.814
0.65
0.849
0.81
0.831
0.941
0.872
0.944
0.823
0.8
0.894
0.896
0.911
0.879
0.853
0.908
0.919
0.917
0.907
0.942
0.922
0.897
0.866
0.813
0.741
0.907
0.797
0.897
0.847
0.888
0.879
0.85
1.081
0.938
0.835
0.852
0.816
0.915
0.942
0.675
0.776
0.794
0.519
0.612
0.775
0.759
0.76
0.784
0.733
0.793
0.723
0.564
0.731
0.803
0.841
0.864
0.807
0.718
0.605
0.852
0.811
0.648
0.82
0.87
0.702
0.813
0.722
0.808
0.788
0.668
0.793
0.903
0.822
0.739
0.68
0.732
0.748
0.76
0.669
0.774
0.914
0.871
0.758
0.685
0.82
0.823
0.722
0.672
0.574
0.578
0.664
0.624
0.654
0.617
0.689
0.635
0.716
0.547
0.551
0.714
0.558
0.622
0.692
0.558
0.514
0.675
0.734
0.641
0.645
0.497
0.5
0.639
0.623
0.574
0.529
0.481
0.525
0.624
0.639
0.628
0.542
0.612
0.62
0.611
0.598
0.659
0.683
0.791
0.813
0.662
0.64
0.687
0.651
0.648
0.56
0.52
0.527
0.501
0.5
0.483
0.514
0.675
0.63
0.573
0.527
0.598
0.534
0.574
0.609
0.539
0.485
0.48
0.487
0.516
0.516
0.587
0.595
0.548
0.483
0.519
0.57
0.544
0.579
0.476
0.477
0.594
0.512
0.516
0.591
0.51
0.48
0.433
0.347
0.324
0.338
0.302
0.272
0.315
0.314
0.397
0.595
0.449
0.452
0.532
0.375
0.458
0.641
0.655
0.721
0.766
0.816
0.68
0.727
0.634
0.643
0.69
0.616
0.578
0.575
0.74
0.764
0.666
0.683
0.609
0.638
0.709
0.721
0.561
0.528
0.594
0.705
0.756
0.702
0.658
0.704
0.719
0.624
0.564
0.751
0.825
0.761
0.64
0.764
0.866
0.754
0.644
0.654
0.62
0.791
0.648
0.627
0.609
0.587
0.694
0.804
0.816
0.82
0.685
0.627
0.634
0.671
0.541
0.542
0.832
0.769
0.639
0.66
0.684
0.748
0.742
0.834
0.75
0.713
0.782
0.731
0.614
0.598
0.587
0.601
0.684
0.742
0.674
0.66
0.854
0.721
0.607
0.652
0.546
0.535
0.555
0.72
0.712
0.661
0.615
0.561
0.544
0.56
0.721
0.847
0.843
0.762
0.713
0.786
0.841
0.882
0.823
0.713
0.709
0.623
0.61
0.569
0.617
0.587
0.652
0.752
0.654
0.945
0.988
0.841
0.822
0.824
0.846
0.877
0.728
0.715
0.785
0.814
0.758
0.802
0.629
0.699
0.827
0.971
0.791
0.654
0.691
0.756
0.743
0.825
0.843
0.71
0.748
0.754
0.801
0.856
0.89
0.758
0.748
0.814
0.841
0.639
0.524
0.797
0.709
0.721
0.922
0.89
0.763
0.531
0.816
0.831
0.938
0.856
0.921
0.796
0.844
0.84
0.878
0.758
0.952
0.929
0.867
0.943
0.957
0.983
0.956
0.972
0.843
0.91
0.98
0.992
0.852
0.563
0.815
0.845
0.923
0.751
0.805
0.928
0.912
0.754
0.905
0.902
0.847
0.559
0.655
0.745
0.809
0.928
0.957
0.732
0.787
0.921
0.881
0.87
0.838
0.72
0.836
0.727
0.821
0.847
0.815
0.808
0.713
0.834
0.862
0.821
0.921
0.895
0.862
0.78
0.706
0.765
0.837
0.903
0.972
0.849
0.634
0.666
0.81
0.911
0.807
0.803
0.544
0.591
0.867
0.917
0.872
0.592
0.509
0.584
0.656
0.633
0.725
0.76
0.647
0.769
0.852
0.572
0.658
0.904
0.564
0.826
0.764
0.639
0.65
0.798
0.802
0.755
0.798
0.795
0.799
0.782
0.741
0.755
0.79
0.851
0.791
0.754
0.728
0.681
0.673
0.636
0.628
0.68
0.693
0.68
0.612
0.699
0.686
0.711
0.816
0.654
0.51
0.673
0.624
0.613
0.568
0.73
0.8
0.698
0.745
0.784
0.701
0.681
0.726
0.714
0.597
0.755
0.672
0.685
0.722
0.777
0.735
0.634
0.835
0.871
0.775
0.709
0.66
0.592
0.533
0.712
0.781
0.656
0.558
0.703
0.689
0.788
0.749
0.663
0.62
0.757
0.793
0.785
0.76
0.762
0.818
0.747
0.729
0.74
0.661
0.611
0.738
0.796
0.696
0.858
0.858
0.801
0.776
0.762
0.7
0.754
0.809
0.803
0.812
0.739
0.702
0.705
0.705
0.705
0.705
0.734
0.753
0.699
0.678
0.77
0.781
0.768
0.766
0.768
0.727
0.679
0.739
0.789
0.776
0.776
0.748
0.712
0.675
0.64
0.649
0.67
0.795
0.861
0.843
0.828
0.812
0.774
0.755
0.796
0.815
0.81
0.765
0.869
0.843
0.764
0.716
0.834
0.856
0.83
0.802
0.774
0.756
0.779
0.774
0.75
0.732
0.78
0.754
0.812
0.8
0.766
0.778
0.806
0.892
0.817
0.827
0.847
0.802
0.799
0.76
0.77
0.826
0.85
0.77
0.733
0.85
0.789
0.718
0.739
0.799
0.808
0.848
0.845
0.829
0.862
0.809
0.779
0.874
0.959
0.847
0.943
0.812
0.709
0.782
0.76
0.761
0.827
0.774
0.683
0.662
0.694
0.67
0.647
0.704
0.675
0.814
0.846
0.753
0.641
0.706
0.753
0.629
0.676
0.56
0.68
0.674
0.632
0.533
0.59
0.649
0.724
0.885
0.739
0.857
0.887
0.856
0.713
0.695
0.78
0.717
0.669
0.674
0.626
0.553
0.591
0.775
0.627
0.695
0.598
0.573
0.605
0.724
0.831
0.936
0.801
0.711
0.637
0.672
0.823
0.834
0.971
0.87
0.651
0.646
0.737
0.837
0.546
0.536
0.572
0.603
0.677
0.808
0.804
0.885
0.554
0.739
0.823
0.828
0.783
0.825
0.866
0.894
0.66
0.682
0.784
0.793
0.867
0.8
0.75
0.865
0.825
0.861
0.844
0.838
0.881
0.867
0.795
0.86
0.869
0.835
0.909
0.887
0.966
0.947
0.982
0.98
0.995
0.904
0.932
0.919
0.929
0.861
0.862
0.882
0.934
0.906
0.911
0.813
0.751
0.792
0.9
0.865
0.924
0.978
0.912
0.685
0.927
0.974
0.934
0.904
0.856
0.874
0.659
0.692
0.619
0.779
0.821
0.812
0.928
0.96
0.894
0.915
0.873
0.842
0.864
0.855
0.823
0.578
0.581
0.666
0.737
0.884
0.96
0.933
0.699
0.713
0.73
0.58
0.531
0.889
0.945
0.907
0.644
0.686
0.802
0.739
0.647
0.694
0.703
0.559
0.704
0.768
0.71
0.77
0.957
0.927
0.905
0.785
0.817
0.755
0.718
0.82
0.73
0.62
0.796
0.675
0.693
0.748
0.752
0.456
0.543
0.672
0.547
0.521
0.695
0.904
0.892
0.839
0.778
0.806
0.737
0.703
0.601
0.62
0.549
0.536
0.888
0.736
0.618
0.656
0.821
0.785
0.707
0.713
0.558
0.538
0.845
0.807
0.61
0.557
0.6
0.665
0.647
0.575
0.584
0.76
0.674
0.611
0.542
0.694
0.946
0.82
0.673
0.658
0.661
0.716
0.809
0.651
0.774
0.889
0.718
0.848
0.828
0.792
0.658
0.683
0.824
0.808
0.736
0.642
0.683
0.831
0.938
0.793
0.704
0.763
0.645
0.55
0.626
0.807
0.693
0.771
0.661
0.782
0.684
0.774
0.72
0.732
0.688
0.647
0.706
0.741
0.676
0.642
0.74
0.721
0.711
0.774
0.726
0.716
0.835
0.768
0.654
0.706
0.75
0.809
0.774
0.795
0.733
0.705
0.653
0.748
0.754
0.737
0.68
0.734
0.773
0.72
0.894
0.93
0.839
0.92
0.807
0.795
0.756
0.759
0.769
0.791
0.81
0.917
0.842
0.767
0.683
0.668
0.727
0.723
0.724
0.804
0.741
0.656
0.653
0.724
0.916
0.832
0.781
0.77
0.706
0.707
0.7
0.773
0.816
0.838
0.751
0.776
0.816
0.799
0.842
0.832
0.909
0.905
0.917
0.886
0.834
0.79
0.791
0.808
0.807
0.742
0.713
0.737
0.747
0.759
0.728
0.768
0.773
0.741
0.802
0.803
0.848
0.767
0.733
0.76
0.762
0.871
0.797
0.816
0.7
0.71
0.879
0.783
0.798
0.794
0.812
0.75
0.758
0.761
0.647
0.676
0.741
0.76
0.702
0.667
0.654
0.737
0.696
0.662
0.797
0.882
0.942
0.96
0.808
0.821
0.736
0.673
0.674
0.601
0.652
0.858
0.7
0.676
0.73
0.777
0.689
0.698
0.713
0.605
0.619
0.641
0.617
0.676
0.666
0.618
0.619
0.66
0.762
0.965
0.783
0.761
0.634
0.685
0.761
0.677
0.708
0.666
0.642
0.815
0.823
0.665
0.689
0.712
0.63
0.813
0.873
0.767
0.583
0.698
0.748
0.895
0.896
0.678
0.704
0.668
0.687
0.891
0.792
0.814
0.881
0.837
0.782
0.852
0.835
0.727
0.888
0.854
0.609
0.905
0.855
0.881
0.935
0.822
0.801
0.973
0.931
0.898
0.888
0.946
0.874
0.927
0.963
0.976
0.939
0.815
0.905
0.927
0.882
0.874
0.932
0.931
0.852
0.924
0.959
0.91
0.957
0.969
0.912
0.961
0.99
0.999
0.915
0.889
0.872
0.955
0.815
0.743
0.866
0.665
0.642
0.833
0.94
0.912
0.9
0.929
0.849
0.92
0.871
0.867
0.843
0.93
0.91
0.887
0.836
0.876
0.75
0.464
0.527
0.748
0.966
0.806
0.779
0.885
0.964
0.922
0.851
0.836
0.816
0.515
0.7
0.615
0.523
0.802
0.862
0.817
0.879
0.837
0.658
0.712
0.837
0.699
0.555
0.639
0.76
0.677
0.567
0.638
0.667
0.655
0.586
0.591
0.9
0.77
0.717
0.773
0.833
0.74
0.747
0.69
0.836
0.865
0.714
0.675
0.534
0.64
0.759
0.58
0.533
0.701
0.811
0.714
0.709
0.737
0.79
0.753
0.616
0.593
0.858
0.933
0.843
0.726
0.735
0.707
0.907
0.915
0.895
0.765
0.685
0.794
0.668
0.719
0.747
0.746
0.786
0.689
0.772
0.652
0.673
0.72
0.891
0.836
0.729
0.685
0.793
0.712
0.686
0.721
0.692
0.665
0.598
0.621
0.765
0.799
0.74
0.757
0.678
0.666
0.654
0.735
0.773
0.789
0.802
0.75
0.713
0.754
0.785
0.754
0.808
0.751
0.699
0.72
0.649
0.569
0.545
0.561
0.587
0.747
0.704
0.677
0.696
0.734
0.73
0.677
0.668
0.683
0.597
0.61
0.721
0.726
0.695
0.708
0.638
0.687
0.692
0.793
0.746
0.791
0.76
0.69
0.739
0.764
0.692
0.741
0.731
0.682
0.663
0.652
0.773
0.824
0.767
0.647
0.627
0.691
0.722
0.694
0.712
0.752
0.741
0.722
0.646
0.648
0.646
0.64
0.614
0.752
0.731
0.634
0.604
0.537
0.706
0.685
0.631
0.564
0.558
0.782
0.856
0.673
0.578
0.551
0.515
0.557
0.615
0.594
0.699
0.732
0.857
0.817
0.733
0.71
0.71
0.739
0.737
0.68
0.68
0.658
0.642
0.637
0.655
0.6
0.573
0.708
0.7
0.529
0.524
0.513
0.577
0.699
0.726
0.663
0.76
0.695
0.683
0.61
0.552
0.535
0.539
0.573
0.53
0.428
0.651
0.653
0.545
0.597
0.599
0.486
0.503
0.479
0.51
0.504
0.459
0.605
0.73
0.719
0.626
0.669
0.563
0.554
0.623
0.627
0.732
0.621
0.714
0.666
0.508
0.464
0.512
0.712
0.55
0.516
0.551
0.743
0.815
0.837
0.859
0.869
0.846
0.667
0.81
0.832
0.807
0.742
0.497
0.447
0.479
0.659
0.678
0.62
0.619
0.687
0.763
0.864
0.871
0.834
0.901
0.821
0.768
0.929
0.942
0.96
0.848
0.816
0.859
0.7
0.843
0.866
0.874
0.959
0.92
0.796
0.795
0.794
0.924
0.863
0.809
0.841
0.879
0.819
0.88
0.828
0.897
0.906
0.875
0.799
0.733
0.743
0.859
0.761
0.766
0.806
0.87
0.913
0.958
0.774
0.85
0.845
0.873
0.878
0.953
0.933
0.947
0.946
0.957
0.986
0.949
0.893
0.895
0.899
0.881
0.928
0.885
0.762
0.773
0.92
0.934
0.892
0.835
0.886
0.732
0.829
0.875
0.96
0.969
0.954
0.832
0.871
0.863
0.905
0.904
0.923
0.939
0.941
0.858
0.838
0.892
0.884
0.692
0.735
0.833
0.823
0.602
0.726
0.771
0.497
0.894
0.92
0.978
0.91
0.888
0.943
0.928
0.845
0.758
0.864
0.852
0.824
0.854
0.751
0.766
0.805
0.581
0.688
0.748
0.811
0.78
0.815
0.893
0.9
0.84
0.798
0.896
0.682
0.7
0.5
0.558
0.462
0.481
0.767
0.691
0.728
0.632
0.73
0.903
0.846
0.732
0.735
0.789
0.791
0.619
0.611
0.826
0.687
0.743
0.598
0.606
0.746
0.603
0.549
0.604
0.597
0.64
0.696
0.747
0.717
0.55
0.688
0.701
0.832
0.898
0.943
0.852
0.786
0.801
0.786
0.786
0.897
0.857
0.805
0.757
0.618
0.684
0.814
0.727
0.732
0.645
0.742
0.707
0.639
0.567
0.727
0.88
0.722
0.665
0.63
0.69
0.632
0.636
0.613
0.693
0.733
0.691
0.687
0.66
0.638
0.751
0.82
0.734
0.733
0.614
0.513
0.569
0.91
0.881
0.713
0.671
0.649
0.782
0.815
0.749
0.733
0.693
0.674
0.608
0.541
0.546
0.56
0.651
0.639
0.638
0.758
0.769
0.768
0.768
0.72
0.663
0.78
0.778
0.727
0.705
0.743
0.631
0.652
0.673
0.748
0.799
0.783
0.733
0.746
0.698
0.71
0.76
0.732
0.742
0.759
0.791
0.867
0.817
0.9
0.816
0.815
0.816
0.784
0.823
0.799
0.823
0.918
0.871
0.828
0.87
0.808
0.75
0.809
0.841
0.919
0.8
0.807
0.792
0.764
0.747
0.695
0.782
0.841
0.822
0.84
0.81
0.777
0.836
0.808
0.847
0.831
0.704
0.747
0.779
0.689
0.692
0.726
0.828
0.823
0.837
0.831
0.9
0.916
0.82
0.801
0.796
0.764
0.816
0.828
0.779
0.825
0.842
0.841
0.84
0.809
0.811
0.752
0.701
0.739
0.785
0.824
0.788
0.818
0.834
0.744
0.706
0.859
0.853
0.729
0.78
0.782
0.917
0.833
0.76
0.75
0.683
0.666
0.742
0.755
0.696
0.743
0.716
0.711
0.731
0.773
0.759
0.871
0.741
0.621
0.751
0.875
0.876
0.662
0.763
0.724
0.726
0.759
0.707
0.765
0.812
0.683
0.763
0.688
0.694
0.781
0.771
0.711
0.887
0.939
0.742
0.791
0.751
0.744
0.672
0.72
0.748
0.816
0.947
0.992
0.784
0.669
0.672
0.699
0.818
0.819
0.743
0.789
0.869
0.975
0.925
0.876
0.906
0.915
0.795
0.775
0.746
0.855
0.883
0.908
0.838
0.861
0.826
0.834
0.877
0.927
0.873
0.974
0.977
0.968
0.95
0.928
0.919
0.876
0.893
0.77
0.84
0.82
0.64
0.838
0.868
0.66
0.69
0.693
0.778
0.874
0.985
0.986
0.939
0.766
0.852
0.939
0.919
0.857
0.865
0.889
0.886
0.863
0.88
0.927
0.958
0.964
0.901
0.908
0.909
0.931
0.838
0.801
0.891
0.99
0.981
0.94
0.907
0.829
0.805
0.832
0.886
0.675
0.519
0.623
0.706
0.574
0.603
0.703
0.617
0.704
0.81
0.826
0.856
0.83
0.808
0.952
0.908
0.888
0.841
0.907
0.85
0.692
0.805
0.897
0.959
0.942
0.83
0.802
0.816
0.827
0.823
0.836
0.87
0.935
0.867
0.946
0.94
0.941
0.891
0.937
0.828
0.88
0.866
0.767
0.653
0.652
0.657
0.801
0.824
0.435
0.595
0.88
0.869
0.808
0.915
0.922
0.84
0.784
0.737
0.743
0.756
0.759
0.884
0.947
0.851
0.749
0.706
0.764
0.778
0.755
0.774
0.912
0.799
0.742
0.829
0.683
0.794
0.896
0.878
0.798
0.713
0.841
0.821
0.751
0.584
0.552
0.791
0.91
0.785
0.69
0.729
0.751
0.782
0.64
0.778
0.787
0.813
0.832
0.737
0.628
0.688
0.684
0.614
0.61
0.682
0.677
0.652
0.683
0.639
0.61
0.667
0.75
0.647
0.633
0.611
0.84
0.856
0.766
0.685
0.706
0.751
0.729
0.694
0.842
0.719
0.704
0.791
0.878
0.861
0.702
0.815
0.886
0.782
0.747
0.713
0.735
0.765
0.766
0.773
0.738
0.707
0.728
0.72
0.753
0.844
0.779
0.741
0.734
0.759
0.71
0.746
0.753
0.761
0.83
0.858
0.846
0.764
0.764
0.741
0.779
0.789
0.783
0.767
0.789
0.792
0.782
0.692
0.804
0.791
0.705
0.711
0.832
0.826
0.748
0.716
0.675
0.651
0.709
0.841
0.775
0.767
0.775
0.791
0.785
0.731
0.757
0.793
0.778
0.793
0.709
0.781
0.788
0.701
0.696
0.818
0.811
0.766
0.78
0.731
0.74
0.821
0.79
0.773
0.735
0.835
0.741
0.668
0.711
0.795
0.722
0.691
0.755
0.728
0.797
0.772
0.816
0.89
0.84
0.897
0.797
0.767
0.854
0.79
0.677
0.737
0.758
0.677
0.732
0.7
0.784
0.845
0.785
0.789
0.748
0.833
0.802
0.866
0.785
0.815
0.717
0.844
0.908
0.921
0.799
0.813
0.71
0.677
0.672
0.654
0.755
0.652
0.584
0.686
0.703
0.83
0.646
0.637
0.749
0.655
0.615
0.592
0.795
0.921
0.775
0.799
0.914
0.785
0.643
0.616
0.628
0.617
0.676
0.731
0.687
0.633
0.68
0.782
0.668
0.603
0.721
0.791
0.816
0.716
0.673
0.608
0.623
0.629
0.744
0.716
0.895
0.963
0.846
0.749
0.914
0.802
0.882
0.575
0.618
0.649
0.696
0.753
0.801
0.844
0.836
0.721
0.796
0.713
0.77
0.899
0.905
0.962
0.919
0.918
0.801
0.744
0.77
0.877
0.609
0.652
0.573
0.806
0.855
0.865
0.872
0.889
0.814
0.857
0.884
0.892
0.835
0.798
0.852
0.721
0.752
0.804
0.871
0.762
0.928
0.918
0.897
0.901
0.89
0.811
0.936
0.927
0.881
0.888
0.908
0.929
0.965
0.986
0.837
0.745
0.803
0.868
0.731
0.755
0.864
0.898
0.938
0.991
0.977
0.97
0.877
1.009
0.99
0.883
0.84
0.677
0.622
0.815
0.79
0.859
0.839
0.907
0.836
0.833
0.833
0.84
0.931
0.989
0.929
0.952
0.91
0.913
0.839
0.744
0.823
0.832
0.868
0.701
0.952
0.909
0.886
0.881
0.79
0.826
0.818
0.767
0.843
0.919
0.871
0.831
0.86
0.619
0.673
0.798
0.613
0.716
0.778
0.738
0.768
0.542
0.439
0.786
0.699
0.655
0.871
0.755
0.643
0.665
0.671
0.649
0.829
0.749
0.73
0.698
0.627
0.603
0.611
0.669
0.645
0.756
0.893
0.71
0.662
0.666
0.793
0.73
0.95
0.857
0.778
0.729
0.67
0.585
0.663
0.603
0.514
0.485
0.492
0.458
0.585
0.661
0.672
0.774
0.77
0.846
0.832
0.832
0.637
0.529
0.744
0.703
0.644
0.797
0.732
0.656
0.544
0.682
0.739
0.556
0.617
0.824
0.749
0.715
0.686
0.68
0.643
0.526
0.513
0.568
0.632
0.711
0.795
0.649
0.576
0.598
0.62
0.691
0.641
0.569
0.584
0.529
0.51
0.667
0.665
0.667
0.571
0.458
0.576
0.652
0.727
0.714
0.685
0.643
0.609
0.616
0.623
0.687
0.727
0.623
0.814
0.894
0.928
0.785
0.775
0.716
0.783
0.805
0.741
0.743
0.786
0.804
0.763
0.756
0.74
0.77
0.769
0.753
0.688
0.741
0.735
0.802
0.762
0.714
0.684
0.719
0.704
0.732
0.77
0.805
0.831
0.77
0.737
0.738
0.724
0.77
0.702
0.678
0.721
0.711
0.753
0.718
0.807
0.752
0.646
0.666
0.654
0.718
0.753
0.927
0.825
0.853
0.798
0.769
0.727
0.73
0.733
0.75
0.791
0.816
0.735
0.663
0.716
0.719
0.692
0.695
0.744
0.677
0.593
0.705
0.632
0.557
0.552
0.535
0.655
0.667
0.591
0.551
0.569
0.59
0.611
0.535
0.552
0.578
0.52
0.528
0.57
0.548
0.493
0.464
0.418
0.542
0.562
0.732
0.762
0.778
0.926
0.784
0.762
0.602
0.802
0.74
0.693
0.753
0.66
0.574
0.612
0.661
0.709
0.632
0.607
0.616
0.672
0.701
0.736
0.679
0.611
0.546
0.847
0.776
0.666
0.59
0.598
0.676
0.675
0.689
0.606
0.595
0.531
0.565
0.738
0.959
0.744
0.666
0.869
0.922
0.872
0.639
0.663
0.903
0.786
0.764
0.774
0.775
0.884
0.788
0.75
0.843
0.75
0.65
0.675
0.59
0.576
0.601
0.59
0.675
0.544
0.91
0.812
0.641
0.731
0.696
0.632
0.672
0.825
0.924
0.901
0.931
0.912
0.964
0.967
0.903
0.836
0.925
0.953
1
0.988
0.963
0.948
0.864
0.814
0.791
0.783
0.871
0.91
0.845
0.881
0.854
0.903
0.79
0.664
0.841
0.947
0.723
0.814
0.681
0.771
0.953
0.931
0.904
0.939
0.916
0.991
0.992
0.933
0.877
0.861
0.852
0.89
0.935
0.972
0.981
0.907
0.875
0.899
0.923
0.913
0.932
0.933
0.904
0.927
0.88
0.957
0.946
0.844
0.795
0.849
0.588
0.736
0.833
0.797
0.884
0.933
0.67
0.673
0.781
0.762
0.943
0.828
0.783
0.75
0.776
0.848
0.819
0.738
0.821
0.683
0.698
0.876
0.963
0.942
0.734
0.434
0.467
0.579
0.843
0.91
1.016
0.829
0.583
0.547
0.773
0.703
0.579
0.578
0.6
0.578
0.675
0.693
0.756
0.685
0.731
0.687
0.695
0.609
0.507
0.532
0.655
0.841
0.88
0.772
0.695
0.712
0.715
0.72
0.758
0.419
0.62
0.646
0.817
0.918
0.805
0.906
0.791
0.81
0.696
0.596
0.635
0.759
0.887
0.744
0.828
0.838
0.758
0.653
0.66
0.714
0.665
0.771
0.697
0.595
0.768
0.726
0.697
0.628
0.677
0.797
0.646
0.579
0.619
0.807
0.834
0.823
0.725
0.768
0.75
0.679
0.639
0.813
0.85
0.702
0.639
0.619
0.589
0.724
0.89
0.918
0.774
0.719
0.841
0.859
0.783
0.641
0.774
0.851
0.801
0.789
0.707
0.74
0.751
0.834
0.801
0.826
0.788
0.754
0.615
0.63
0.596
0.616
0.609
0.608
0.677
0.683
0.705
0.688
0.713
0.734
0.767
0.794
0.801
0.784
0.79
0.817
0.743
0.685
0.657
0.738
0.791
0.802
0.763
0.727
0.729
0.714
0.71
0.707
0.76
0.779
0.779
0.747
0.782
0.754
0.731
0.805
0.838
0.77
0.797
0.792
0.808
0.819
0.792
0.806
0.758
0.689
0.734
0.736
0.81
0.854
0.816
0.843
0.778
0.817
0.893
0.881
0.82
0.843
0.847
0.802
0.83
0.833
0.802
0.815
0.873
0.841
0.786
0.744
0.724
0.722
0.79
0.821
0.774
0.731
0.818
0.786
0.803
0.779
0.713
0.641
0.635
0.665
0.615
0.618
0.778
0.89
0.743
0.644
0.569
0.751
0.728
0.655
0.657
0.685
0.752
0.598
0.571
0.83
0.842
0.8
0.586
0.593
0.651
0.61
0.569
0.55
0.615
0.59
0.632
0.585
0.806
0.826
0.948
0.909
0.764
0.727
0.675
0.646
0.595
0.665
0.649
0.749
0.625
0.554
0.516
0.549
0.621
0.822
0.799
0.682
0.605
0.644
0.627
0.689
0.814
0.803
0.752
0.753
0.893
0.924
0.928
0.805
0.636
0.57
0.75
0.802
0.718
0.601
0.829
0.918
0.756
0.884
0.832
0.814
0.92
0.911
0.946
0.91
0.933
0.89
0.877
0.867
0.792
0.871
0.918
0.951
0.853
0.685
0.822
0.839
0.843
0.844
0.878
0.869
0.588
0.629
0.754
0.894
0.785
0.805
0.809
0.893
0.98
0.985
0.947
0.935
0.968
0.918
0.914
0.865
0.945
0.951
0.925
0.92
0.883
0.878
0.905
0.957
0.988
0.977
0.999
0.962
0.876
0.92
0.895
0.889
0.887
0.938
0.944
0.828
0.87
0.938
1.01
1.035
0.953
1.082
0.997
0.938
0.998
0.82
0.93
0.982
0.986
0.96
0.86
0.898
0.938
0.868
0.883
0.819
0.793
0.827
0.782
0.755
0.678
0.818
0.882
0.946
0.971
0.96
0.929
0.884
0.749
0.853
0.911
0.875
0.859
0.935
0.827
0.905
0.908
0.966
0.92
0.977
0.734
0.683
0.808
1.002
0.892
0.717
0.806
0.823
0.63
0.738
0.911
0.927
0.81
0.667
0.71
0.737
0.749
0.746
0.684
0.722
0.778
0.697
0.61
0.68
0.807
0.876
0.85
0.873
0.903
0.803
0.835
0.503
0.564
0.8
0.803
0.739
0.858
0.718
0.686
0.72
0.888
0.693
0.622
0.701
0.667
0.732
0.674
0.569
0.676
0.861
0.77
0.896
0.807
0.665
0.631
0.66
0.732
0.732
0.856
0.9
0.781
0.777
0.791
0.649
0.636
0.924
0.925
0.758
0.598
0.69
0.876
0.841
0.813
0.812
0.946
0.887
0.809
0.923
0.707
0.603
0.562
0.817
0.921
0.896
0.817
0.764
0.767
0.781
0.65
0.747
0.858
0.687
0.774
0.922
0.865
0.73
0.653
0.569
0.64
0.833
0.782
0.747
0.761
0.834
0.833
0.822
0.843
0.799
0.748
0.796
0.778
0.753
0.702
0.71
0.842
0.851
0.838
0.825
0.793
0.796
0.727
0.787
0.796
0.662
0.683
0.736
0.741
0.767
0.704
0.682
0.75
0.662
0.634
0.632
0.722
0.715
0.743
0.703
0.604
0.686
0.744
0.739
0.783
0.81
0.784
0.797
0.836
0.754
0.684
0.81
0.76
0.776
0.8
0.782
0.708
0.755
0.839
0.849
0.804
0.832
0.797
0.761
0.745
0.792
0.802
0.814
0.812
0.751
0.717
0.753
0.764
0.784
0.78
0.814
0.798
0.715
0.739
0.794
0.8
0.779
0.785
0.805
0.701
0.687
0.725
0.733
0.772
0.693
0.672
0.662
0.614
0.649
0.627
0.645
0.63
0.792
0.86
0.785
0.761
0.73
0.69
0.746
0.856
0.935
0.896
0.85
0.777
0.691
0.628
0.577
0.816
0.823
0.767
0.769
0.666
0.83
0.897
0.839
0.695
0.703
0.714
0.757
0.68
0.663
0.63
0.668
0.71
0.832
0.892
0.843
0.698
0.7
0.645
0.657
0.72
0.741
0.773
0.853
0.64
0.76
0.757
0.822
0.893
0.787
0.681
0.819
0.855
0.681
0.841
0.823
0.601
0.628
0.605
0.753
0.77
0.722
0.868
0.972
0.804
0.746
0.805
0.887
0.854
0.832
0.802
0.846
0.841
0.846
0.828
0.74
0.663
0.816
0.786
0.834
0.879
0.904
0.877
0.809
0.891
0.885
0.917
0.959
0.721
0.858
0.895
0.868
0.902
0.921
0.951
0.882
0.854
0.953
0.956
0.876
0.841
0.871
0.9
0.935
0.867
0.72
0.814
0.883
0.911
0.97
0.901
0.732
0.877
0.942
0.946
0.949
0.9
0.929
0.954
1.004
0.981
0.989
0.97
0.606
0.663
0.841
0.954
0.915
0.837
0.799
0.833
0.854
0.925
0.937
0.793
0.833
0.935
0.981
0.975
0.952
0.881
0.882
0.944
0.832
0.955
0.909
0.875
0.935
0.957
0.95
0.927
0.874
0.98
0.911
0.918
0.901
0.88
0.827
0.845
0.881
0.885
0.771
0.881
0.847
0.865
0.828
0.794
0.916
0.858
0.966
0.891
0.871
0.823
0.847
0.949
0.949
0.829
0.917
0.874
0.757
0.857
0.882
0.825
0.672
0.813
0.813
0.763
0.73
0.588
0.631
0.932
0.581
0.551
0.615
0.805
0.641
0.674
0.753
0.773
0.804
0.659
0.893
0.789
0.742
0.775
0.956
0.895
0.71
0.582
0.492
0.679
0.747
0.821
0.776
0.626
0.615
0.465
0.538
0.683
0.899
0.847
0.651
0.581
0.746
0.8
0.669
0.534
0.561
0.661
0.745
0.759
0.729
0.7
0.595
0.693
0.788
0.617
0.647
0.786
0.742
0.948
0.733
0.729
0.713
0.581
0.821
0.872
0.733
0.672
0.753
0.628
0.723
0.745
0.719
0.698
0.797
0.801
0.764
0.675
0.639
0.616
0.649
0.951
0.775
0.703
0.752
0.918
0.835
0.913
0.96
0.962
0.905
0.762
0.666
0.722
0.739
0.76
0.696
0.599
0.614
0.773
0.772
0.713
0.669
0.786
0.796
0.828
0.757
0.756
0.787
0.753
0.665
0.738
0.761
0.75
0.687
0.68
0.757
0.8
0.827
0.826
0.794
0.791
0.728
0.724
0.768
0.778
0.846
0.76
0.683
0.689
0.731
0.78
0.789
0.77
0.762
0.81
0.737
0.712
0.797
0.9
0.857
0.823
0.756
0.841
0.789
0.775
0.742
0.719
0.642
0.744
0.798
0.784
0.794
0.732
0.663
0.707
0.678
0.749
0.833
0.901
0.924
0.91
0.767
0.88
0.875
0.887
0.918
0.785
0.902
0.877
0.846
0.794
0.903
0.872
0.852
0.804
0.807
0.842
0.798
0.847
0.806
0.777
0.788
0.72
0.727
0.781
0.798
0.832
0.875
0.876
0.847
0.835
0.789
0.76
0.808
0.759
0.847
0.735
0.743
0.892
0.751
0.718
0.825
0.781
0.796
0.766
0.743
0.798
0.718
0.736
0.729
0.68
0.741
0.762
0.706
0.707
0.698
0.677
0.733
0.73
0.667
0.73
0.835
0.772
0.624
0.664
0.701
0.654
0.609
0.697
0.641
0.686
0.659
0.673
0.887
0.937
0.842
0.76
0.768
0.711
0.808
0.893
0.899
0.775
0.813
0.776
0.783
0.849
0.773
0.811
0.812
0.651
0.68
0.626
0.908
0.94
0.909
0.85
0.987
0.967
0.944
0.94
0.902
0.776
0.624
0.809
0.891
0.789
0.91
0.976
0.931
0.8
0.715
0.902
0.906
0.834
0.781
0.912
0.897
0.941
0.958
0.929
0.936
0.92
0.974
0.942
0.898
0.865
0.823
0.944
0.913
0.827
0.95
0.951
0.972
0.982
0.906
0.856
0.727
0.785
0.853
0.682
0.808
0.882
0.941
0.975
0.973
0.957
0.987
0.95
0.939
0.823
0.71
0.882
0.902
0.759
0.939
0.936
0.955
0.922
0.895
0.868
0.872
0.93
0.966
0.962
0.907
0.909
0.965
0.913
0.94
0.891
0.884
0.811
0.802
0.828
0.804
0.733
0.803
0.897
0.859
0.775
0.761
0.944
0.915
0.861
0.846
0.818
0.924
0.976
0.993
0.94
0.924
0.881
0.809
0.85
0.845
0.835
0.824
0.875
0.779
0.834
0.823
0.885
0.848
0.801
0.787
0.768
0.898
0.981
0.644
0.603
0.684
0.767
0.766
0.685
0.659
0.877
0.97
0.971
0.926
0.914
0.824
0.745
0.649
0.676
0.821
0.757
0.798
0.821
0.792
0.82
0.809
0.773
0.763
0.801
0.674
0.621
0.602
0.824
0.962
0.719
0.604
0.629
0.629
0.875
0.833
0.864
0.756
0.635
0.766
0.757
0.625
0.736
0.612
0.592
0.648
0.909
0.727
0.706
0.825
0.914
0.895
0.839
0.845
0.843
0.727
0.734
0.784
0.912
0.788
0.819
0.837
0.803
0.81
0.742
0.629
0.709
0.614
0.535
0.603
0.65
0.621
0.67
0.681
0.833
0.826
0.696
0.605
0.656
0.7
0.642
0.736
0.665
0.662
0.723
0.64
0.681
0.627
0.649
0.574
0.8
0.842
0.868
0.818
0.756
0.794
0.767
0.788
0.788
0.717
0.737
0.726
0.764
0.731
0.733
0.696
0.723
0.753
0.742
0.762
0.749
0.783
0.746
0.657
0.679
0.77
0.748
0.78
0.808
0.788
0.739
0.708
0.67
0.627
0.635
0.696
0.778
0.843
0.756
0.669
0.765
0.773
0.819
0.831
0.78
0.735
0.683
0.675
0.739
0.806
0.776
0.671
0.716
0.665
0.629
0.719
0.895
0.9
0.879
0.849
0.819
0.826
0.835
0.786
0.82
0.777
0.785
0.819
0.782
0.811
0.791
0.784
0.745
0.837
0.808
0.822
0.892
0.854
0.771
0.713
0.771
0.812
0.819
0.698
0.678
0.773
0.721
0.707
0.682
0.79
0.807
0.702
0.699
0.661
0.722
0.755
0.74
0.703
0.774
0.869
0.802
0.734
0.725
0.794
0.778
0.741
0.637
0.686
0.79
0.788
0.775
0.689
0.591
0.639
0.659
0.616
0.873
0.829
0.82
0.806
0.906
0.843
0.758
0.673
0.676
0.7
0.677
0.705
0.671
0.683
0.757
0.781
0.753
0.689
0.762
0.655
0.686
0.657
0.659
0.607
0.697
0.829
0.748
0.837
0.774
0.752
0.694
0.745
0.67
0.601
0.605
0.678
0.7
0.721
0.936
0.644
0.679
0.711
0.751
0.775
0.767
0.762
0.689
0.742
0.681
0.658
0.686
0.715
0.702
0.673
0.815
0.739
0.79
0.895
0.894
0.786
0.75
0.89
0.919
0.909
0.915
0.846
0.701
0.732
0.76
0.799
0.724
0.669
0.83
0.768
0.848
0.845
0.782
0.84
0.824
0.937
0.773
0.611
0.686
0.727
0.786
0.872
0.924
0.956
0.603
0.68
0.587
0.757
0.935
0.868
0.875
1.027
0.949
0.973
0.891
0.938
0.871
0.957
0.924
0.846
0.901
1.006
1.003
0.95
0.87
0.902
0.971
1.006
0.923
0.905
0.938
0.905
0.917
0.941
0.858
0.885
0.912
0.924
0.987
0.897
0.883
0.834
0.851
0.932
0.972
0.932
0.795
0.981
0.892
0.577
0.619
0.629
0.765
0.866
0.695
0.593
0.561
0.487
0.489
0.524
0.68
0.887
0.83
0.908
0.931
0.811
0.733
0.911
0.718
0.704
0.897
0.705
0.721
0.876
0.806
0.738
0.712
0.665
0.758
0.774
0.862
0.907
0.821
0.726
0.643
0.722
0.698
0.629
0.668
0.65
0.674
0.62
0.552
0.629
0.53
0.558
0.869
0.83
0.767
0.828
0.762
0.779
0.674
0.699
0.876
0.736
0.865
0.739
0.62
0.535
0.68
0.941
0.885
0.817
0.744
0.768
0.84
0.917
0.942
0.679
0.609
0.567
0.631
0.71
0.662
0.587
0.547
0.574
0.575
0.559
0.757
0.789
0.648
0.755
0.779
0.61
0.68
0.69
0.755
0.852
0.752
0.72
0.726
0.738
0.73
0.615
0.634
0.748
0.9
0.863
0.716
0.703
0.6
0.599
0.608
0.545
0.719
0.799
0.791
0.771
0.675
0.735
0.731
0.693
0.675
0.581
0.645
0.664
0.652
0.734
0.771
0.683
0.687
0.678
0.617
0.594
0.656
0.645
0.648
0.628
0.72
0.747
0.673
0.777
0.806
0.782
0.696
0.835
0.786
0.763
0.767
0.766
0.772
0.665
0.662
0.746
0.745
0.639
0.627
0.733
0.703
0.696
0.725
0.768
0.802
0.778
0.792
0.855
0.801
0.762
0.805
0.717
0.696
0.732
0.747
0.752
0.76
0.751
0.752
0.707
0.664
0.74
0.728
0.695
0.766
0.812
0.702
0.776
0.765
0.796
0.859
0.835
0.701
0.7
0.77
0.749
0.797
0.775
0.667
0.641
0.717
0.816
0.856
0.846
0.773
0.735
0.645
0.699
0.68
0.617
0.572
0.528
0.525
0.633
0.744
0.708
0.549
0.55
0.499
0.427
0.49
0.541
0.498
0.424
0.526
0.536
0.452
0.457
0.608
0.59
0.46
0.398
0.516
0.61
0.51
0.449
0.68
0.882
0.746
0.607
0.608
0.823
0.833
0.675
0.695
0.677
0.85
0.909
0.876
0.668
0.536
0.748
0.727
0.626
0.752
0.848
0.741
0.626
0.627
0.561
0.653
0.755
0.694
0.628
0.551
0.648
0.688
0.625
0.58
0.662
0.65
0.782
0.657
0.586
0.66
0.626
0.51
0.561
0.705
0.762
0.78
0.749
0.753
0.73
0.635
0.691
0.596
0.581
0.699
0.805
0.749
0.749
0.706
0.715
0.734
0.888
0.842
0.734
0.712
0.63
0.75
0.822
0.727
0.836
0.944
0.819
0.748
0.731
0.744
0.81
0.74
0.823
0.86
0.936
0.938
0.838
0.893
0.85
0.958
0.943
0.654
0.832
0.82
0.807
0.838
0.885
0.821
0.835
0.976
0.973
0.947
0.897
0.969
0.97
0.955
0.742
0.779
0.893
0.884
0.911
0.973
0.85
0.765
0.895
0.8
0.85
0.865
0.809
0.877
0.87
0.9
0.793
0.822
0.934
0.838
0.858
0.834
0.815
0.809
0.828
0.957
0.886
0.796
0.648
0.868
0.926
0.725
0.701
0.792
0.7
0.739
0.875
0.922
0.654
0.783
0.919
0.791
0.834
0.604
0.826
0.92
0.956
0.899
0.834
0.81
0.865
0.899
0.893
0.873
0.67
0.569
0.693
0.658
0.582
0.534
0.631
0.585
0.621
0.645
0.643
0.748
0.698
0.675
0.582
0.607
0.654
0.764
0.575
0.517
0.869
0.941
0.887
0.765
0.701
0.719
0.676
0.506
0.642
0.648
0.733
0.594
0.524
0.471
0.716
0.787
0.676
0.52
0.555
0.759
0.828
0.614
0.574
0.703
0.697
0.585
0.675
0.711
0.672
0.754
0.764
0.831
0.899
0.916
0.798
0.645
0.629
0.569
0.525
0.487
0.587
0.508
0.591
0.752
0.786
0.666
0.74
0.734
0.694
0.69
0.764
0.742
0.762
0.64
0.761
0.751
0.609
0.545
0.696
0.754
0.749
0.923
0.77
0.679
0.705
0.763
0.68
0.596
0.606
0.846
0.95
0.805
0.741
0.757
0.714
0.712
0.703
0.692
0.888
0.724
0.621
0.657
0.644
0.685
0.73
0.843
0.807
0.759
0.791
0.778
0.749
0.865
0.734
0.754
0.8
0.731
0.719
0.791
0.815
0.766
0.745
0.676
0.769
0.717
0.707
0.738
0.802
0.811
0.812
0.772
0.706
0.667
0.754
0.804
0.773
0.714
0.735
0.765
0.803
0.823
0.788
0.776
0.819
0.755
0.779
0.752
0.717
0.732
0.732
0.785
0.774
0.75
0.79
0.843
0.834
0.847
0.842
0.81
0.784
0.739
0.926
0.818
0.829
0.874
0.82
0.784
0.763
0.729
0.773
0.863
0.797
0.875
0.92
0.751
0.733
0.751
0.802
0.854
0.785
0.747
0.79
0.834
0.847
0.849
0.828
0.837
0.826
0.804
0.835
0.84
0.75
0.772
0.759
0.811
0.834
0.871
0.89
0.823
0.726
0.847
0.821
0.739
0.76
0.751
0.711
0.766
0.8
0.795
0.909
0.886
0.775
0.748
0.749
0.748
0.657
0.689
0.704
0.728
0.735
0.842
0.956
0.873
0.712
0.745
0.716
0.679
0.659
0.621
0.611
0.657
0.817
0.803
0.879
0.738
0.703
0.687
0.688
0.725
0.783
0.867
0.889
0.828
0.784
0.755
0.737
0.656
0.608
0.652
0.628
0.634
0.645
0.629
0.678
0.878
0.898
0.948
0.889
0.744
0.826
0.936
0.782
0.701
0.749
0.776
0.813
0.739
0.691
0.842
0.829
0.783
0.804
0.913
0.964
0.932
0.894
0.923
0.917
0.823
0.66
0.834
0.867
0.826
0.659
0.875
0.93
0.737
0.842
0.98
0.906
0.933
0.941
0.905
0.998
0.991
0.842
0.902
0.912
0.874
0.809
0.909
0.85
0.849
0.9
0.918
0.861
0.935
0.937
0.932
0.947
0.935
0.974
0.962
0.974
0.942
0.986
0.914
0.898
0.97
0.994
0.965
0.987
0.998
1.001
0.956
0.948
0.966
0.952
0.848
0.914
0.954
0.984
0.977
0.828
0.907
0.893
0.923
0.957
0.99
0.956
0.884
0.83
0.835
0.888
0.964
0.932
0.831
0.893
1.002
0.798
0.739
0.887
0.829
0.965
0.873
0.844
0.548
0.651
0.71
0.868
0.691
0.833
0.89
0.897
0.925
0.724
0.713
0.496
0.553
0.815
0.807
0.747
0.727
0.651
0.782
0.755
0.818
0.635
0.719
0.806
0.906
0.739
0.742
0.828
0.89
0.751
0.641
0.739
0.738
0.652
0.63
0.648
0.613
0.667
0.643
0.617
0.787
0.814
0.782
0.815
0.644
0.682
0.682
0.663
0.924
0.816
0.717
0.713
0.831
0.888
0.74
0.687
0.652
0.822
0.867
0.684
0.634
0.575
0.849
0.882
0.833
0.79
0.739
0.571
0.572
0.622
0.607
0.557
0.549
0.577
0.65
0.633
0.614
0.753
0.686
0.793
0.724
0.603
0.616
0.697
0.743
0.599
0.619
0.922
0.891
0.832
0.76
0.7
0.673
0.811
0.835
0.666
0.792
0.78
0.817
0.859
0.835
0.783
0.688
0.635
0.817
0.875
0.88
0.779
0.842
0.941
0.805
0.637
0.611
0.7
0.747
0.697
0.684
0.741
0.727
0.744
0.647
0.629
0.683
0.725
0.784
0.829
0.733
0.675
0.614
0.69
0.664
0.675
0.688
0.772
0.787
0.675
0.794
0.835
0.719
0.632
0.765
0.778
0.664
0.697
0.699
0.698
0.66
0.677
0.607
0.648
0.736
0.8
0.812
0.776
0.785
0.794
0.775
0.771
0.785
0.794
0.706
0.817
0.883
0.794
0.764
0.735
0.798
0.795
0.738
0.658
0.706
0.797
0.793
0.817
0.824
0.806
0.813
0.758
0.674
0.612
0.807
0.813
0.82
0.806
0.857
0.709
0.847
0.875
0.806
0.822
0.852
0.769
0.751
0.684
0.73
0.787
0.729
0.663
0.698
0.732
0.701
0.643
0.703
0.766
0.839
0.796
0.711
0.626
0.73
0.75
0.706
0.627
0.68
0.857
0.947
0.828
0.765
0.823
0.805
0.917
0.897
0.835
0.813
0.783
0.771
0.673
0.668
0.69
0.651
0.773
0.952
0.791
0.632
0.641
0.643
0.783
0.939
0.954
0.901
0.91
0.743
0.867
0.737
0.658
0.715
0.704
0.76
0.856
0.864
0.928
0.797
0.709
0.756
0.65
0.679
0.696
0.656
0.645
0.797
0.682
0.642
0.64
0.63
0.652
0.735
0.749
0.784
0.698
0.639
0.654
0.798
0.794
0.807
0.827
0.792
0.879
0.747
0.661
0.687
0.7
0.827
0.865
0.747
0.856
0.808
0.951
0.938
0.837
0.82
0.833
0.833
0.79
0.706
0.806
0.806
0.798
0.742
0.783
0.954
0.949
0.933
0.864
0.907
0.974
0.896
0.939
0.675
0.653
0.688
0.854
0.575
0.722
0.824
0.891
0.892
0.838
0.83
0.835
0.913
0.839
0.85
0.928
0.906
0.942
0.882
0.884
0.929
0.953
0.938
0.933
0.912
0.924
0.935
0.852
0.841
0.778
0.845
0.932
0.938
0.916
0.894
0.941
0.735
0.709
0.748
0.827
0.887
0.95
0.96
0.942
0.864
0.9
0.863
0.897
0.952
0.915
0.917
0.879
0.961
0.854
0.831
0.73
0.742
0.763
0.871
0.764
0.768
0.798
0.956
0.848
0.825
0.742
0.746
0.784
0.927
0.739
0.559
0.743
0.86
0.903
0.585
0.81
0.803
0.815
0.866
0.881
0.55
0.528
0.732
0.808
0.809
0.873
0.765
0.71
0.829
0.823
0.887
0.828
0.451
0.66
0.731
0.854
0.907
0.906
0.874
0.87
0.802
0.703
0.684
0.895
0.853
0.676
0.687
0.676
0.691
0.893
0.92
0.761
0.78
0.79
0.874
0.877
0.848
0.783
0.788
0.788
0.774
0.838
0.782
0.877
0.731
0.722
0.712
0.627
0.76
0.922
0.84
0.726
0.685
0.868
0.671
0.631
0.667
0.865
0.861
0.915
0.908
0.646
0.75
0.931
0.925
0.767
0.722
0.871
0.858
0.793
0.711
0.711
0.703
0.638
0.741
0.839
0.876
0.795
0.714
0.77
0.777
0.806
0.75
0.694
0.664
0.829
0.883
0.83
0.887
0.781
0.73
0.691
0.728
0.745
0.772
0.79
0.802
0.816
0.751
0.713
0.649
0.69
0.762
0.685
0.697
0.68
0.679
0.676
0.77
0.812
0.767
0.639
0.756
0.823
0.764
0.737
0.736
0.71
0.702
0.628
0.674
0.77
0.746
0.685
0.582
0.609
0.597
0.654
0.749
0.746
0.777
0.755
0.727
0.744
0.78
0.798
0.76
0.742
0.817
0.836
0.823
0.843
0.809
0.739
0.728
0.772
0.74
0.8
0.773
0.77
0.76
0.727
0.644
0.619
0.723
0.785
0.762
0.777
0.815
0.79
0.776
0.776
0.858
0.789
0.696
0.816
0.85
0.853
0.754
0.678
0.676
0.756
0.765
0.679
0.693
0.73
0.694
0.7
0.588
0.594
0.568
0.539
0.423
0.402
0.476
0.573
0.456
0.384
0.503
0.745
0.627
0.45
0.55
0.725
0.83
0.796
0.734
0.692
0.593
0.625
0.78
0.931
0.795
0.729
0.716
0.741
0.741
0.802
0.817
0.759
0.617
0.618
0.551
0.587
0.595
0.705
0.798
0.7
0.503
0.568
0.669
0.571
0.703
0.779
0.631
0.631
0.63
0.738
0.68
0.848
0.907
0.779
0.659
0.739
0.678
0.696
0.632
0.574
0.61
0.733
0.704
0.848
0.694
0.717
0.842
0.93
0.857
0.778
0.708
0.778
0.864
0.797
0.792
0.723
0.796
0.687
0.811
0.842
0.858
0.886
0.774
0.789
0.858
0.74
0.783
0.815
0.608
0.79
0.882
0.856
0.915
0.894
0.958
0.912
0.819
0.939
0.896
0.939
0.939
0.94
0.927
0.838
0.918
0.946
0.99
0.868
0.749
0.854
0.693
0.844
0.932
0.935
0.967
0.98
0.996
0.984
0.931
0.819
0.871
0.929
0.937
0.962
0.921
0.936
0.979
0.961
0.856
0.786
0.854
0.788
0.77
0.692
0.851
0.791
0.797
0.821
0.822
0.807
0.794
0.692
0.842
0.87
0.861
0.715
0.915
0.925
0.913
1.001
0.983
0.997
1
0.891
0.704
0.831
0.754
0.725
0.78
0.916
0.741
0.779
0.803
0.917
0.871
0.843
0.925
0.949
0.966
0.969
0.954
0.989
0.885
0.867
0.748
0.829
0.96
0.957
0.966
0.961
0.806
0.964
0.953
0.852
0.959
0.928
0.847
0.738
0.848
0.854
0.929
0.91
0.8
0.876
0.782
0.901
0.899
0.89
0.915
0.804
0.759
0.701
0.794
0.69
0.636
0.769
0.857
0.591
0.716
0.79
0.754
0.815
0.941
0.901
0.704
0.884
0.906
0.848
0.81
0.723
0.643
0.656
0.63
0.625
0.622
0.75
0.895
0.798
0.755
0.811
0.818
0.632
0.484
0.619
0.637
0.468
0.569
0.616
0.723
0.779
0.9
0.787
0.651
0.815
0.752
0.803
0.872
0.888
0.827
0.849
0.861
0.667
0.623
0.873
0.847
0.832
0.847
0.834
0.862
0.749
0.701
0.775
0.797
0.778
0.756
0.703
0.684
0.73
0.768
0.883
0.742
0.601
0.77
0.898
0.819
0.67
0.805
0.779
0.735
0.685
0.799
0.909
0.881
0.759
0.741
0.79
0.853
0.78
0.727
0.714
0.663
0.6
0.598
0.628
0.686
0.767
0.738
0.685
0.749
0.709
0.685
0.676
0.659
0.776
0.833
0.787
0.794
0.825
0.865
0.861
0.825
0.752
0.668
0.676
0.797
0.75
0.721
0.798
0.7
0.718
0.838
0.823
0.788
0.726
0.754
0.813
0.847
0.821
0.703
0.674
0.754
0.78
0.82
0.798
0.815
0.833
0.793
0.791
0.789
0.801
0.77
0.794
0.832
0.82
0.793
0.838
0.853
0.792
0.745
0.693
0.749
0.834
0.828
0.683
0.676
0.844
0.864
0.778
0.792
0.846
0.747
0.745
0.958
0.926
0.866
0.811
0.735
0.689
0.74
0.807
0.805
0.811
0.802
0.785
0.782
0.821
0.803
0.697
0.648
0.734
0.826
0.71
0.653
0.903
0.776
0.818
0.763
0.698
0.794
0.79
0.798
0.716
0.638
0.626
0.683
0.83
0.69
0.613
0.637
0.694
0.657
0.765
0.765
0.715
0.582
0.771
0.733
0.765
0.669
0.599
0.739
0.711
0.754
0.731
0.688
0.644
0.834
0.837
0.728
0.779
0.817
0.73
0.781
0.818
0.862
0.884
0.811
0.843
0.814
0.675
0.547
0.555
0.582
0.906
0.893
0.682
0.586
0.745
0.918
0.845
0.955
0.849
0.758
0.816
0.891
0.806
0.878
0.693
0.813
0.89
0.87
0.81
0.783
0.712
0.551
0.582
0.742
0.877
0.882
0.794
0.862
0.915
0.954
0.842
0.68
0.691
0.901
0.948
0.927
0.904
0.913
0.926
0.853
0.881
0.893
0.968
0.949
0.911
0.924
0.904
0.813
0.947
0.846
0.768
0.764
0.965
0.941
0.838
0.925
0.866
0.796
0.897
0.861
0.788
0.897
0.945
0.891
0.842
0.888
0.848
0.934
0.928
0.832
0.779
0.874
0.847
0.799
0.873
0.862
0.922
0.958
0.885
0.854
0.881
0.892
0.951
0.976
0.962
0.927
0.918
0.973
0.916
0.914
0.924
0.926
0.853
0.911
0.908
0.924
0.871
0.849
0.882
0.892
0.906
0.976
0.851
0.82
0.893
0.92
0.911
0.883
0.849
0.783
0.751
0.877
0.859
0.825
0.905
0.92
0.823
0.761
0.778
0.817
0.69
0.721
0.532
0.526
0.796
0.676
0.821
0.853
0.902
0.865
0.876
0.693
0.496
0.622
0.83
0.908
0.917
0.862
0.854
0.851
0.939
0.875
0.849
0.796
0.744
0.695
0.541
0.612
0.751
0.771
0.725
0.671
0.726
0.744
0.809
0.655
0.576
0.686
0.758
0.709
0.683
0.799
0.796
0.802
0.776
0.616
0.757
0.687
0.67
0.644
0.638
0.762
0.89
0.872
0.679
0.685
0.751
0.71
0.786
0.731
0.742
0.728
0.746
0.725
0.725
0.785
0.845
0.76
0.779
0.78
0.767
0.822
0.827
0.794
0.77
0.799
0.843
0.785
0.778
0.792
0.752
0.8
0.828
0.691
0.693
0.692
0.656
0.632
0.657
0.711
0.756
0.749
0.849
0.941
0.883
0.834
0.828
0.753
0.797
0.808
0.802
0.748
0.639
0.733
0.749
0.695
0.729
0.831
0.681
0.698
0.731
0.722
0.686
0.715
0.708
0.809
0.825
0.785
0.793
0.787
0.794
0.76
0.782
0.794
0.849
0.799
0.805
0.778
0.743
0.768
0.812
0.761
0.777
0.802
0.818
0.773
0.744
0.779
0.863
0.913
0.836
0.782
0.838
0.851
0.783
0.743
0.805
0.871
0.841
0.746
0.735
0.724
0.771
0.826
0.834
0.812
0.787
0.757
0.736
0.729
0.753
0.863
0.902
0.912
0.84
0.764
0.829
0.815
0.811
0.823
0.843
0.841
0.893
0.861
0.75
0.731
0.765
0.822
0.79
0.803
0.787
0.807
0.842
0.832
0.695
0.686
0.746
0.744
0.75
0.775
0.797
0.78
0.733
0.709
0.694
0.64
0.589
0.614
0.696
0.725
0.672
0.636
0.701
0.797
0.641
0.633
0.726
0.564
0.622
0.613
0.58
0.558
0.684
0.7
0.607
0.716
0.715
0.851
0.808
0.857
0.795
0.628
0.831
0.925
0.894
0.833
0.809
0.897
0.842
0.68
0.652
0.788
0.789
0.875
0.79
0.635
0.752
0.921
0.781
0.907
0.705
0.715
0.767
0.58
0.561
0.615
0.758
0.718
0.713
0.69
0.601
0.772
0.896
0.921
0.946
0.921
0.776
0.754
0.915
0.955
0.876
0.884
0.801
0.826
0.798
0.852
0.846
0.894
0.895
0.878
0.902
0.908
0.981
0.858
0.878
0.975
0.838
0.914
0.855
0.794
0.86
0.863
0.825
0.89
0.878
0.804
0.915
0.89
0.893
0.919
0.948
0.923
0.926
0.925
0.967
0.985
0.983
0.872
0.996
0.968
0.9
0.927
0.946
0.927
0.957
0.973
0.988
0.991
1.005
0.967
0.858
0.741
0.782
0.687
0.627
0.9
0.855
0.849
0.879
0.844
1.04
0.967
0.956
0.916
0.926
1.006
0.962
0.962
0.943
0.965
0.968
0.975
0.976
0.932
0.91
0.946
0.968
0.867
0.905
0.89
0.828
0.917
0.965
0.866
0.632
0.518
0.743
0.889
0.931
0.954
0.843
0.864
0.909
0.857
0.899
0.963
0.903
0.807
0.853
0.954
0.92
0.878
0.867
0.59
0.605
0.714
0.923
0.873
0.692
0.685
0.735
0.732
0.782
0.833
0.899
0.89
0.83
0.805
0.887
0.829
0.794
0.797
0.762
0.857
0.765
0.746
0.816
0.774
0.829
0.667
0.646
0.675
0.744
0.838
0.795
0.729
0.726
0.722
0.741
0.684
0.63
0.691
0.669
0.611
0.626
0.634
0.729
0.778
0.91
0.913
0.831
0.708
0.863
0.811
0.709
0.724
0.791
0.702
0.697
0.805
0.633
0.657
0.612
0.638
0.672
0.666
0.701
0.715
0.829
0.796
0.808
0.758
0.755
0.687
0.688
0.839
0.821
0.641
0.715
0.82
0.818
0.787
0.662
0.672
0.665
0.67
0.593
0.615
0.648
0.773
0.866
0.805
0.723
0.668
0.624
0.645
0.678
0.707
0.745
0.782
0.853
0.778
0.79
0.772
0.726
0.795
0.786
0.716
0.631
0.715
0.648
0.658
0.681
0.628
0.702
0.697
0.735
0.722
0.776
0.754
0.745
0.705
0.749
0.75
0.748
0.747
0.671
0.622
0.61
0.756
0.781
0.834
0.801
0.862
0.809
0.818
0.793
0.719
0.769
0.757
0.745
0.792
0.821
0.773
0.864
0.756
0.711
0.704
0.713
0.707
0.713
0.697
0.742
0.811
0.771
0.765
0.738
0.767
0.783
0.795
0.81
0.801
0.889
0.838
0.781
0.73
0.793
0.766
0.825
0.763
0.723
0.759
0.74
0.744
0.775
0.834
0.687
0.648
0.853
0.808
0.683
0.62
0.626
0.555
0.652
0.658
0.625
0.656
0.694
0.652
0.595
0.509
0.53
0.617
0.626
0.843
0.891
0.737
0.711
0.697
0.554
0.666
0.802
0.832
0.816
0.825
0.753
0.662
0.713
0.607
0.652
0.713
0.752
0.71
0.699
0.737
0.681
0.737
0.753
0.872
0.86
0.845
0.874
0.763
0.65
0.642
0.619
0.628
0.619
0.734
0.783
0.678
0.67
0.827
0.789
0.631
0.646
0.634
0.544
0.622
0.71
0.753
0.646
0.599
0.629
0.759
0.823
0.752
0.753
0.827
0.601
0.623
0.577
0.638
0.565
0.944
0.903
0.672
0.778
0.744
0.738
0.816
0.754
0.699
0.855
0.821
0.84
0.875
0.937
0.895
0.728
0.818
0.814
0.813
0.943
0.9
0.906
0.869
0.931
0.945
0.972
0.96
0.912
0.921
0.918
0.98
0.964
0.862
0.914
0.894
0.935
0.947
1
0.969
0.985
0.997
0.945
0.96
0.971
0.963
0.951
0.977
0.93
0.924
0.935
0.887
0.904
0.675
0.766
0.887
0.86
0.824
0.919
0.837
0.925
0.83
0.702
0.837
0.958
0.907
0.868
0.916
0.894
0.824
0.896
0.887
0.854
0.752
0.791
0.82
0.932
0.881
0.796
0.787
0.858
0.966
0.952
0.879
0.838
0.851
0.79
0.8
0.909
0.918
0.861
0.844
0.85
0.824
0.851
0.83
0.636
0.662
0.705
0.746
0.787
0.815
0.784
0.787
0.603
0.771
0.788
0.738
0.9
0.778
0.769
0.793
0.891
0.834
0.824
0.99
0.909
0.835
0.897
0.865
0.744
0.654
0.601
0.763
0.677
0.683
0.689
0.545
0.689
0.793
0.729
0.729
0.77
0.678
0.804
0.782
0.684
0.733
0.786
0.825
0.858
0.736
0.726
0.663
0.774
0.8
0.7
0.66
0.653
0.756
0.715
0.736
0.742
0.719
0.771
0.763
0.717
0.643
0.643
0.596
0.684
0.75
0.772
0.642
0.615
0.641
0.699
0.787
0.821
0.79
0.772
0.719
0.719
0.738
0.602
0.562
0.662
0.742
0.895
0.877
0.88
0.847
0.872
0.825
0.78
0.764
0.846
0.747
0.74
0.705
0.596
0.597
0.753
0.841
0.771
0.734
0.691
0.647
0.704
0.755
0.76
0.718
0.751
0.586
0.53
0.63
0.714
0.73
0.751
0.691
0.75
0.739
0.677
0.592
0.584
0.678
0.751
0.762
0.682
0.769
0.807
0.768
0.696
0.658
0.767
0.778
0.742
0.744
0.679
0.685
0.743
0.779
0.797
0.735
0.673
0.654
0.651
0.769
0.817
0.773
0.84
0.786
0.813
0.817
0.773
0.765
0.806
0.797
0.812
0.788
0.775
0.709
0.734
0.779
0.794
0.844
0.85
0.823
0.821
0.818
0.817
0.817
0.86
0.796
0.726
0.819
0.817
0.788
0.812
0.809
0.827
0.772
0.729
0.811
0.77
0.697
0.746
0.825
0.842
0.804
0.708
0.735
0.766
0.77
0.776
0.8
0.812
0.914
0.947
0.88
0.849
0.845
0.832
0.854
0.76
0.734
0.733
0.712
0.72
0.734
0.832
0.848
0.844
0.77
0.756
0.74
0.743
0.713
0.833
0.775
0.791
0.684
0.843
0.85
0.824
0.725
0.64
0.637
0.746
0.665
0.771
0.731
0.708
0.805
0.839
0.759
0.656
0.701
0.677
0.636
0.736
0.833
0.67
0.685
0.678
0.586
0.637
0.953
0.87
0.893
0.784
0.729
0.846
0.841
0.785
0.74
0.664
0.911
0.817
0.649
0.749
0.79
0.663
0.645
0.767
0.723
0.685
0.701
0.858
0.918
0.835
0.825
0.939
0.791
0.818
0.806
0.862
0.964
0.851
0.814
0.879
0.761
0.686
0.751
0.794
0.693
0.721
0.818
0.821
0.724
0.84
0.927
0.914
0.79
0.819
0.718
0.788
0.82
0.798
0.559
0.398
0.554
0.714
0.784
0.887
0.889
0.865
0.819
0.941
0.77
0.747
0.773
0.875
0.989
0.892
0.886
0.912
0.918
0.903
0.854
0.844
0.868
0.874
0.907
0.827
0.839
0.887
0.977
0.931
0.876
0.869
0.844
0.655
0.791
0.901
0.952
0.918
0.925
0.831
0.683
0.869
0.896
0.783
0.901
0.952
0.913
0.931
0.801
0.878
0.939
0.88
0.848
0.906
0.865
0.908
0.887
0.733
0.685
0.737
0.793
0.846
0.88
0.887
0.875
0.897
0.931
0.917
0.851
0.874
0.891
0.961
0.863
0.959
0.954
0.964
0.932
0.813
0.889
0.967
0.962
0.946
0.877
0.93
0.865
0.801
0.798
0.782
0.588
0.812
0.845
0.865
0.827
0.697
0.68
0.851
0.866
0.787
0.668
0.714
0.604
0.804
0.819
0.893
0.892
0.885
0.907
0.823
0.775
0.777
0.81
0.608
0.671
0.699
0.808
0.682
0.734
0.914
0.691
0.68
0.666
0.806
0.787
0.692
0.865
0.903
0.752
0.637
0.749
0.681
0.683
0.76
0.81
0.669
0.519
0.564
0.702
0.741
0.882
0.928
0.915
0.805
0.694
0.743
0.826
0.815
0.753
0.771
0.775
0.67
0.683
0.723
0.749
0.706
0.627
0.8
0.721
0.64
0.708
0.772
0.8
0.639
0.644
0.78
0.779
0.758
0.63
0.598
0.721
0.711
0.748
0.679
0.684
0.665
0.568
0.611
0.676
0.716
0.782
0.834
0.695
0.694
0.742
0.711
0.571
0.557
0.646
0.635
0.625
0.681
0.543
0.655
0.608
0.706
0.633
0.658
0.629
0.596
0.681
0.715
0.691
0.72
0.776
0.702
0.603
0.627
0.665
0.609
0.726
0.748
0.655
0.625
0.689
0.732
0.721
0.741
0.667
0.688
0.641
0.696
0.594
0.719
0.785
0.796
0.713
0.62
0.59
0.617
0.733
0.707
0.734
0.808
0.764
0.794
0.723
0.61
0.669
0.686
0.696
0.617
0.865
0.812
0.837
0.81
0.767
0.796
0.736
0.711
0.681
0.64
0.745
0.758
0.632
0.601
0.868
0.971
0.918
0.88
0.812
0.812
0.86
0.784
0.749
0.766
0.716
0.793
0.755
0.711
0.695
0.723
0.778
0.705
0.719
0.762
0.839
0.88
0.806
0.815
0.754
0.675
0.741
0.7
0.625
0.666
0.724
0.74
0.751
0.733
0.666
0.578
0.711
0.684
0.794
0.745
0.654
0.607
0.618
0.75
0.825
0.729
0.643
0.74
0.717
0.725
0.639
0.642
0.764
0.877
0.721
0.642
0.649
0.669
0.824
0.745
0.78
0.745
0.573
0.526
0.58
0.906
0.747
0.721
0.831
0.9
0.661
0.562
0.614
0.659
0.662
0.582
0.573
0.588
0.67
0.636
0.731
0.587
0.643
0.69
0.778
0.882
0.805
0.761
0.61
0.65
0.654
0.8
0.787
0.88
0.931
0.852
0.793
0.828
0.887
0.936
0.877
0.838
0.806
0.824
0.876
0.931
0.882
0.808
0.876
0.886
0.949
0.938
0.938
0.941
0.972
0.942
0.929
0.828
0.884
0.928
0.928
1.018
0.962
0.982
0.992
0.968
0.931
0.737
0.854
0.858
0.945
0.961
0.904
0.918
0.925
0.935
0.883
0.889
0.902
0.915
0.949
0.978
0.953
0.91
0.83
0.916
0.834
0.869
0.873
0.894
0.918
0.916
0.854
0.81
0.714
0.842
0.912
0.878
0.846
0.847
0.922
0.941
0.938
0.834
0.792
0.812
0.94
0.94
0.958
0.977
0.985
0.96
0.927
0.93
0.891
0.866
0.696
0.874
0.9
0.93
0.903
0.882
0.984
0.863
0.522
0.506
0.689
0.902
0.885
0.891
0.923
0.951
0.808
0.736
0.929
0.871
0.843
0.941
0.872
0.919
0.907
0.847
0.855
0.797
0.885
0.86
0.842
0.858
0.831
0.75
0.763
0.764
0.9
0.94
0.737
0.797
0.874
0.851
0.752
0.707
0.77
0.788
0.842
0.732
0.831
0.931
0.905
0.636
0.651
0.911
0.765
0.732
0.776
0.715
0.779
0.855
0.869
0.842
0.879
0.734
0.577
0.649
0.719
0.692
0.689
0.833
0.797
0.751
0.694
0.65
0.731
0.731
0.653
0.698
0.713
0.62
0.796
0.836
0.791
0.71
0.611
0.571
0.779
0.897
0.805
0.709
0.843
0.855
0.757
0.87
0.79
0.764
0.706
0.732
0.678
0.623
0.708
0.739
0.712
0.718
0.635
0.756
0.834
0.701
0.583
0.602
0.754
0.692
0.602
0.691
0.82
0.788
0.758
0.764
0.767
0.757
0.821
0.698
0.737
0.768
0.739
0.658
0.738
0.735
0.721
0.734
0.638
0.697
0.716
0.711
0.722
0.746
0.818
0.795
0.813
0.786
0.783
0.674
0.744
0.86
0.805
0.754
0.798
0.792
0.828
0.789
0.77
0.799
0.793
0.78
0.75
0.682
0.787
0.797
0.753
0.785
0.837
0.809
0.788
0.788
0.707
0.762
0.832
0.729
0.748
0.735
0.788
0.802
0.796
0.78
0.733
0.778
0.819
0.795
0.764
0.762
0.726
0.766
0.799
0.73
0.755
0.746
0.771
0.712
0.784
0.797
0.803
0.792
0.784
0.82
0.75
0.747
0.775
0.761
0.797
0.856
0.821
0.684
0.582
0.621
0.693
0.654
0.739
0.772
0.684
0.667
0.689
0.706
0.584
0.64
0.76
0.893
0.857
0.833
0.721
0.727
0.746
0.729
0.654
0.676
0.753
0.727
0.711
0.666
0.735
0.799
0.749
0.773
0.777
0.75
0.759
0.698
0.616
0.592
0.737
0.697
0.807
0.683
0.495
0.663
0.627
0.527
0.663
0.745
0.799
0.645
0.602
0.57
0.548
0.713
0.654
0.706
0.836
0.851
0.699
0.661
0.717
0.714
0.584
0.636
0.748
0.812
0.755
0.643
0.536
0.61
0.796
0.651
0.799
0.802
0.755
0.759
0.868
0.926
0.968
0.778
0.781
0.734
0.733
0.8
0.765
0.769
0.746
0.901
0.903
0.87
0.872
0.855
0.874
0.945
0.963
0.88
0.844
0.892
0.729
0.782
0.784
0.855
0.901
0.924
0.92
0.891
0.831
0.843
0.874
0.75
0.925
0.952
0.983
0.965
0.945
0.858
0.973
0.984
0.907
0.97
0.97
0.937
0.794
0.789
0.83
0.799
0.843
0.901
0.915
0.812
0.864
0.961
0.889
0.916
0.945
0.932
0.932
0.926
0.881
0.888
0.845
0.989
0.905
0.948
0.908
0.96
1.009
1.019
0.818
0.864
0.887
0.891
0.928
0.964
0.673
0.827
0.86
0.721
0.814
0.828
0.772
0.941
0.919
0.879
0.856
0.957
0.989
0.856
0.811
0.931
0.883
0.773
0.647
0.871
0.727
0.582
0.804
0.828
0.793
0.767
0.799
0.899
0.955
0.612
0.71
0.558
0.478
0.356
0.63
0.858
0.865
0.986
0.832
0.945
0.911
0.438
0.513
0.597
0.62
0.706
0.716
0.828
0.712
0.591
0.593
0.596
0.665
0.637
0.872
0.806
0.671
0.771
0.884
0.763
0.783
0.701
0.628
0.883
0.722
0.779
0.866
0.783
0.659
0.601
0.636
0.711
0.639
0.744
0.916
0.867
0.674
0.555
0.569
0.721
0.956
0.85
0.776
0.657
0.732
0.72
0.693
0.656
0.811
0.841
0.88
0.821
0.698
0.6
0.556
0.71
0.751
0.829
0.767
0.813
0.771
0.664
0.517
0.767
0.755
0.673
0.837
0.626
0.521
0.546
0.564
0.616
0.644
0.751
0.712
0.744
0.836
0.9
0.912
0.789
0.641
0.639
0.771
0.859
0.825
0.701
0.644
0.61
0.666
0.833
0.815
0.838
0.934
0.802
0.684
0.679
0.643
0.688
0.848
0.817
0.803
0.781
0.762
0.753
0.722
0.658
0.66
0.766
0.723
0.667
0.726
0.842
0.862
0.891
0.845
0.803
0.792
0.691
0.682
0.712
0.732
0.738
0.801
0.699
0.66
0.627
0.705
0.775
0.726
0.814
0.775
0.751
0.787
0.871
0.859
0.782
0.852
0.802
0.789
0.782
0.84
0.711
0.756
0.735
0.756
0.727
0.81
0.786
0.631
0.623
0.822
0.836
0.833
0.839
0.769
0.755
0.736
0.677
0.661
0.787
0.817
0.726
0.827
0.721
0.804
0.791
0.687
0.594
0.76
0.756
0.895
0.811
0.726
0.671
0.651
0.653
0.673
0.675
0.613
0.634
0.814
0.917
0.858
0.777
0.744
0.728
0.62
0.64
0.657
0.681
0.705
0.582
0.64
0.683
0.833
0.785
0.755
0.656
0.67
0.754
0.726
0.62
0.658
0.619
0.5
0.8
0.713
0.765
0.668
0.732
0.703
0.741
0.958
0.777
0.64
0.731
0.727
0.772
0.84
0.807
0.689
0.604
0.635
0.703
0.697
0.747
0.948
0.905
0.792
0.653
0.716
0.837
0.747
0.853
0.852
0.61
0.661
0.731
0.604
0.643
0.625
0.643
0.778
0.748
0.765
0.732
0.782
0.772
0.771
0.754
0.738
0.749
0.842
0.874
0.809
0.815
0.817
0.843
0.83
0.84
0.812
0.786
0.747
0.835
0.811
0.678
0.797
0.879
0.664
0.683
0.673
0.799
0.839
0.898
0.656
0.663
0.757
0.851
0.95
0.9
0.658
0.774
0.783
0.934
0.903
0.929
0.926
0.895
0.944
0.938
0.859
0.77
0.86
0.737
0.903
0.962
0.873
0.761
0.765
0.858
0.914
0.936
0.919
0.921
0.837
0.912
0.922
0.923
0.954
0.982
0.962
0.975
0.991
0.98
0.978
0.925
0.946
0.959
0.947
0.967
0.933
0.765
0.701
0.723
0.565
0.706
0.835
0.886
0.933
0.951
0.885
0.903
0.858
0.896
0.86
0.936
0.919
0.911
0.962
0.941
0.95
0.961
0.932
0.939
0.917
0.935
0.944
0.874
0.971
0.959
0.954
0.889
0.88
0.939
0.95
0.931
0.9
0.909
0.876
0.84
0.798
0.773
0.765
0.791
0.915
0.857
0.923
0.986
0.948
0.888
0.676
0.509
0.535
0.704
0.725
0.808
0.865
0.795
0.596
0.743
0.61
0.736
0.96
0.823
0.705
0.632
0.686
0.643
0.641
0.641
0.58
0.661
0.698
0.879
0.732
0.63
0.65
0.553
0.745
0.692
0.592
0.708
0.606
0.684
0.671
0.583
0.528
0.592
0.656
0.803
0.92
0.888
0.687
0.595
0.553
0.714
0.768
0.824
0.744
0.637
0.646
0.654
0.764
0.831
0.661
0.511
0.87
0.887
0.885
0.745
0.658
0.698
0.886
0.942
0.814
0.641
0.699
0.825
0.756
0.788
0.777
0.739
0.682
0.711
0.707
0.622
0.7
0.771
0.707
0.784
0.76
0.813
0.839
0.717
0.649
0.85
0.713
0.744
0.799
0.791
0.841
0.882
0.786
0.763
0.779
0.767
0.719
0.708
0.762
0.772
0.763
0.694
0.682
0.805
0.806
0.709
0.632
0.6
0.589
0.582
0.684
0.754
0.715
0.704
0.696
0.796
0.687
0.663
0.775
0.787
0.786
0.782
0.754
0.749
0.804
0.791
0.776
0.793
0.723
0.812
0.808
0.84
0.721
0.683
0.818
0.779
0.659
0.752
0.812
0.805
0.807
0.833
0.811
0.752
0.711
0.735
0.754
0.752
0.825
0.809
0.838
0.837
0.793
0.742
0.691
0.672
0.632
0.679
0.793
0.762
0.787
0.839
0.763
0.65
0.577
0.549
0.632
0.602
0.534
0.53
0.655
0.649
0.62
0.523
0.424
0.42
0.513
0.55
0.56
0.734
0.734
0.497
0.504
0.522
0.704
0.777
0.596
0.737
0.693
0.541
0.553
0.581
0.503
0.571
0.641
0.802
0.932
0.762
0.693
0.643
0.738
0.743
0.697
0.606
0.579
0.535
0.493
0.434
0.614
0.508
0.621
0.655
0.675
0.532
0.583
0.534
0.525
0.513
0.474
0.533
0.495
0.43
0.465
0.684
0.773
0.54
0.5
0.624
0.487
0.579
0.582
0.672
0.617
0.606
0.636
0.684
0.483
0.465
0.582
0.753
0.75
0.633
0.654
0.738
0.636
0.624
0.771
0.743
0.699
0.797
0.836
0.799
0.836
0.724
0.914
0.737
0.843
0.89
0.854
0.958
0.769
0.679
0.742
0.782
0.747
0.771
0.735
0.865
0.866
0.898
0.92
0.938
0.824
0.82
0.894
0.935
0.932
0.929
0.949
0.957
0.94
0.94
0.907
0.876
0.907
0.914
0.883
0.954
0.977
0.967
0.929
0.943
0.54
0.711
0.786
0.649
0.861
0.825
0.868
0.902
0.854
0.936
0.877
0.879
0.907
0.921
0.788
0.884
0.981
0.913
0.881
0.8
0.845
0.776
0.924
0.961
0.952
0.941
0.95
0.956
0.925
0.896
0.91
0.928
0.905
0.967
0.985
1.001
0.972
0.859
0.874
0.918
0.979
0.882
0.945
0.909
0.887
0.922
0.848
0.775
0.63
0.666
0.932
0.894
0.991
0.971
0.915
0.938
0.925
0.906
0.818
0.826
0.812
0.881
0.914
0.847
0.859
0.822
0.941
0.931
0.822
0.83
0.814
0.779
0.919
0.865
0.804
0.766
0.733
0.751
0.832
0.855
0.917
0.758
0.638
0.595
0.632
0.662
0.615
0.721
0.777
0.675
0.742
0.769
0.915
0.724
0.722
0.814
0.912
0.879
0.857
0.797
0.74
0.628
0.598
0.796
0.83
0.713
0.791
0.907
0.885
0.75
0.864
0.836
0.802
0.924
0.826
0.809
0.832
0.751
0.685
0.812
0.724
0.835
0.768
0.615
0.717
0.691
0.761
0.744
0.781
0.849
0.845
0.808
0.814
0.952
0.889
0.928
0.892
0.901
0.857
0.76
0.729
0.762
0.762
0.862
0.835
0.921
0.847
0.868
0.76
0.725
0.675
0.656
0.719
0.74
0.736
0.679
0.731
0.722
0.758
0.808
0.833
0.806
0.715
0.698
0.768
0.784
0.775
0.802
0.787
0.855
0.831
0.786
0.84
0.881
0.789
0.711
0.741
0.796
0.769
0.654
0.681
0.76
0.766
0.681
0.669
0.674
0.686
0.733
0.655
0.714
0.78
0.796
0.749
0.765
0.801
0.8
0.774
0.812
0.831
0.796
0.781
0.776
0.775
0.786
0.777
0.752
0.782
0.798
0.806
0.703
0.671
0.737
0.817
0.827
0.837
0.837
0.824
0.824
0.823
0.812
0.772
0.715
0.664
0.73
0.822
0.804
0.718
0.653
0.721
0.675
0.659
0.754
0.684
0.593
0.74
0.749
0.753
0.74
0.76
0.668
0.574
0.694
0.692
0.602
0.541
0.691
0.763
0.762
0.913
0.912
0.88
0.82
0.761
0.749
0.73
0.781
0.734
0.623
0.794
0.797
0.854
0.828
0.84
0.716
0.894
0.8
0.86
0.872
0.803
0.799
0.884
0.875
0.82
0.717
0.696
0.703
0.672
0.744
0.75
0.723
0.657
0.674
0.691
0.766
0.849
0.745
0.627
0.765
0.66
0.716
0.953
0.965
0.807
0.712
0.663
0.713
0.665
0.773
0.865
0.743
0.69
0.701
0.719
0.736
0.614
0.696
0.774
0.71
0.673
0.849
0.829
0.822
0.723
0.7
0.66
0.728
0.912
0.844
0.782
0.574
0.514
0.614
0.794
0.761
0.924
0.84
0.851
0.82
0.822
0.922
0.86
0.968
0.855
0.904
0.91
0.869
0.915
0.98
0.894
0.869
0.833
0.904
0.726
0.791
0.809
0.856
0.937
0.945
0.738
0.877
0.907
0.893
0.924
0.961
0.913
0.856
0.827
0.841
0.857
0.93
0.815
0.876
0.964
0.919
0.93
0.664
0.538
0.679
0.909
0.897
0.883
0.815
0.798
0.873
0.88
0.981
0.782
0.758
0.686
0.858
0.952
0.603
0.706
0.532
0.888
0.962
0.944
0.808
0.849
0.946
0.917
0.875
0.758
0.823
0.851
0.884
0.831
0.794
0.899
0.898
0.848
0.856
0.792
0.795
0.83
0.806
0.827
0.916
0.943
0.928
0.918
0.88
0.836
0.78
0.866
0.946
0.908
0.865
0.92
0.818
0.717
0.753
0.768
0.851
0.828
0.9
0.84
0.794
0.822
0.7
0.733
0.86
0.67
0.651
0.707
0.843
0.809
0.748
0.83
0.841
0.796
0.799
0.782
0.785
0.756
0.748
0.777
0.85
0.875
0.776
0.666
0.744
0.736
0.867
0.857
0.839
0.794
0.849
0.777
0.762
0.69
0.595
0.56
0.577
0.651
0.716
0.65
0.587
0.766
0.82
0.754
0.661
0.668
0.665
0.705
0.805
0.745
0.598
0.545
0.601
0.837
0.618
0.69
0.682
0.768
0.799
0.829
0.732
0.757
0.848
0.778
0.837
0.779
0.67
0.667
0.525
0.543
0.693
0.718
0.566
0.615
0.621
0.65
0.659
0.61
0.635
0.747
0.701
0.716
0.678
0.707
0.726
0.654
0.659
0.603
0.751
0.914
0.673
0.633
0.641
0.743
0.652
0.537
0.522
0.532
0.535
0.732
0.725
0.65
0.654
0.692
0.687
0.724
0.72
0.668
0.643
0.674
0.722
0.606
0.538
0.626
0.598
0.518
0.603
0.635
0.621
0.616
0.666
0.653
0.643
0.616
0.624
0.595
0.682
0.674
0.589
0.628
0.595
0.599
0.626
0.636
0.489
0.443
0.544
0.718
0.804
0.702
0.577
0.593
0.596
0.58
0.565
0.63
0.715
0.575
0.476
0.496
0.54
0.392
0.343
0.555
0.733
0.584
0.522
0.593
0.718
0.836
0.873
0.713
0.658
0.786
0.69
0.67
0.701
0.592
0.51
0.529
0.504
0.457
0.402
0.404
0.46
0.478
0.704
0.701
0.677
0.62
0.542
0.641
0.796
0.76
0.765
0.766
0.645
0.568
0.72
0.657
0.546
0.528
0.572
0.58
0.684
0.559
0.487
0.529
0.797
0.555
0.546
0.534
0.795
0.706
0.593
0.652
0.789
0.769
0.779
0.624
0.637
0.685
0.89
0.833
0.667
0.8
0.761
0.711
0.585
0.651
0.688
0.551
0.597
0.759
0.822
0.774
0.691
0.624
0.7
0.692
0.821
0.723
0.696
0.755
0.773
0.701
0.753
0.724
0.709
0.637
0.774
0.855
0.731
0.678
0.698
0.673
0.634
0.666
0.758
0.753
0.702
0.673
0.58
0.748
0.612
0.601
0.776
0.69
0.71
0.785
0.729
0.704
0.713
0.724
0.739
0.65
0.606
0.749
0.621
0.633
0.687
0.72
0.856
0.854
0.905
0.908
0.74
0.784
0.865
0.934
0.912
0.884
0.695
0.692
0.703
0.736
0.804
0.876
0.846
0.8
0.765
0.849
0.84
0.727
0.803
0.924
0.907
0.931
0.903
0.936
0.969
0.924
0.941
0.908
0.901
0.938
0.904
0.967
0.95
0.921
0.935
0.903
0.882
0.935
0.92
0.948
0.74
0.634
0.607
0.733
0.529
0.704
0.683
0.425
0.467
0.772
0.804
0.827
0.865
0.849
0.949
0.936
0.851
0.827
0.494
0.776
0.828
0.864
0.951
0.914
0.941
0.94
0.914
0.932
0.882
0.767
0.779
0.85
0.788
0.485
0.602
0.628
0.807
0.514
0.603
0.922
0.934
0.879
0.818
0.97
0.991
0.929
0.888
0.848
0.702
0.749
0.709
0.888
0.868
0.817
0.775
0.803
0.859
0.837
0.678
0.563
0.656
0.891
0.748
0.902
0.811
0.657
0.71
0.712
0.722
0.813
0.839
0.816
0.739
0.651
0.62
0.521
0.671
0.641
0.519
0.538
0.448
0.597
0.595
0.631
0.747
0.747
0.849
0.926
0.879
0.846
0.745
0.862
0.847
0.753
0.839
0.871
0.661
0.627
0.684
0.635
0.913
0.732
0.559
0.536
0.838
0.832
0.75
0.697
0.685
0.676
0.615
0.681
0.692
0.741
0.732
0.573
0.668
0.762
0.674
0.604
0.573
0.664
0.541
0.636
0.751
0.777
0.719
0.699
0.707
0.775
0.721
0.662
0.581
0.792
0.821
0.74
0.691
0.705
0.768
0.751
0.741
0.647
0.692
0.803
0.817
0.718
0.703
0.863
0.772
0.717
0.761
0.725
0.686
0.755
0.696
0.7
0.739
0.681
0.653
0.68
0.732
0.709
0.742
0.76
0.762
0.742
0.756
0.814
0.865
0.899
0.836
0.758
0.811
0.796
0.822
0.778
0.795
0.822
0.781
0.799
0.822
0.837
0.812
0.773
0.754
0.749
0.788
0.823
0.771
0.8
0.798
0.793
0.767
0.692
0.8
0.797
0.776
0.662
0.76
0.766
0.732
0.755
0.651
0.61
0.714
0.829
0.783
0.715
0.587
0.703
0.638
0.636
0.571
0.514
0.463
0.548
0.586
0.522
0.468
0.496
0.573
0.554
0.493
0.482
0.433
0.497
0.63
0.642
0.578
0.55
0.618
0.557
0.596
0.458
0.45
0.456
0.439
0.572
0.644
0.478
0.463
0.527
0.583
0.487
0.428
0.663
0.57
0.59
0.6
0.66
0.718
0.597
0.678
0.689
0.683
0.652
0.664
0.658
0.775
0.773
0.653
0.593
0.672
0.796
0.794
0.785
0.754
0.614
0.64
0.652
0.674
0.752
0.663
0.657
0.739
0.679
0.764
0.689
0.752
0.621
0.596
0.568
0.585
0.579
0.633
0.557
0.659
0.634
0.687
0.745
0.911
0.807
0.828
0.713
0.618
0.696
0.796
0.766
0.577
0.574
0.621
0.697
0.572
0.671
0.513
0.529
0.799
0.861
0.693
0.578
0.649
0.705
0.939
0.737
0.469
0.646
0.746
0.665
0.686
0.695
0.766
0.838
0.851
0.894
0.884
0.82
0.702
0.706
0.849
0.924
0.841
0.883
0.823
0.935
0.974
0.939
0.911
0.974
0.941
0.974
0.971
0.997
0.933
0.833
0.555
0.792
0.901
0.881
0.827
0.857
0.698
0.767
0.903
0.912
0.87
0.895
0.954
0.989
0.742
0.943
0.955
0.979
0.982
0.924
0.896
0.952
0.812
0.796
0.934
0.871
0.947
0.944
0.87
0.871
0.86
0.753
0.848
0.792
0.882
0.734
0.792
0.878
0.898
0.955
0.922
0.9
0.904
0.923
0.889
0.859
0.915
0.92
0.83
0.808
0.888
0.946
0.927
0.885
0.904
0.921
0.925
0.919
0.958
0.851
0.824
0.869
0.896
0.896
0.799
0.778
0.796
0.901
0.888
0.83
0.873
0.86
0.911
1.01
0.918
0.928
0.872
0.883
0.931
0.859
0.892
0.856
0.798
0.839
0.856
0.909
0.855
0.791
0.811
0.641
0.438
0.621
0.47
0.597
0.831
0.858
0.714
0.568
0.671
0.644
0.831
0.955
0.731
0.578
0.802
0.83
0.709
0.672
0.674
0.556
0.705
0.743
0.841
0.567
0.642
0.671
0.694
0.633
0.513
0.68
0.659
0.538
0.791
0.653
0.715
0.743
0.787
0.82
0.783
0.829
0.753
0.614
0.636
0.706
0.725
0.731
0.698
0.661
0.56
0.692
0.719
0.798
0.898
0.76
0.678
0.562
0.516
0.625
0.712
0.664
0.659
0.617
0.522
0.569
0.685
0.793
0.773
0.699
0.619
0.643
0.706
0.722
0.783
0.738
0.6
0.556
0.719
0.712
0.729
0.8
0.793
0.695
0.663
0.667
0.663
0.617
0.707
0.766
0.798
0.781
0.706
0.726
0.752
0.748
0.729
0.733
0.735
0.76
0.769
0.734
0.718
0.801
0.663
0.545
0.647
0.746
0.761
0.693
0.717
0.707
0.621
0.722
0.674
0.679
0.687
0.585
0.487
0.757
0.757
0.71
0.638
0.601
0.582
0.487
0.451
0.662
0.686
0.642
0.692
0.476
0.4
0.521
0.503
0.497
0.617
0.673
0.513
0.456
0.508
0.557
0.836
0.823
0.687
0.574
0.519
0.552
0.748
0.7
0.636
0.606
0.53
0.644
0.62
0.626
0.595
0.496
0.547
0.574
0.524
0.537
0.634
0.624
0.612
0.487
0.451
0.5
0.666
0.493
0.507
0.551
0.669
0.747
0.684
0.688
0.555
0.592
0.706
0.504
0.517
0.563
0.517
0.652
0.627
0.528
0.547
0.534
0.578
0.594
0.595
0.471
0.608
0.593
0.579
0.675
0.748
0.614
0.627
0.805
0.697
0.599
0.655
0.623
0.613
0.735
0.781
0.906
0.831
0.743
0.746
0.645
0.672
0.803
0.702
0.722
0.612
0.604
0.518
0.551
0.621
0.555
0.659
0.681
0.706
0.61
0.446
0.663
0.728
0.774
0.789
0.717
0.666
0.568
0.676
0.74
0.676
0.637
0.625
0.685
0.901
0.765
0.9
0.798
0.811
0.96
0.922
0.95
0.683
0.708
0.758
0.649
0.613
0.884
0.803
0.606
0.79
0.674
0.803
0.873
0.824
0.679
0.873
0.8
0.689
0.841
0.875
0.909
0.864
0.938
0.784
0.71
0.8
0.709
0.722
0.717
0.897
0.995
0.807
0.819
0.92
0.85
0.647
0.544
0.459
0.419
0.55
0.887
0.964
0.643
0.793
0.775
0.813
0.823
0.803
0.914
0.947
0.905
0.923
0.968
0.951
0.97
0.955
0.937
0.958
0.959
0.918
0.943
0.968
0.956
0.877
0.905
0.924
0.913
0.819
0.867
0.952
0.907
0.971
0.957
0.806
0.977
0.979
0.969
0.949
0.937
1.001
0.862
0.841
0.867
0.69
0.852
0.928
0.833
0.788
0.736
0.924
0.91
0.745
0.919
0.851
0.871
0.771
0.772
0.93
0.882
0.935
0.918
0.748
0.871
0.994
0.987
0.954
0.92
0.878
0.739
0.902
0.848
0.759
0.779
0.756
0.516
0.558
0.711
0.701
0.573
0.563
0.615
0.82
0.846
0.679
0.418
0.506
0.666
0.729
0.674
0.76
0.854
0.644
0.64
0.727
0.938
0.892
0.875
0.801
0.693
0.582
0.69
0.553
0.471
0.799
0.703
0.499
0.728
0.889
0.609
0.69
0.643
0.584
0.693
0.672
0.753
0.703
0.623
0.757
0.679
0.546
0.516
0.643
0.783
0.809
0.695
0.635
0.639
0.667
0.698
0.752
0.701
0.637
0.742
0.788
0.773
0.705
0.716
0.718
0.62
0.573
0.519
0.507
0.68
0.721
0.718
0.701
0.759
0.738
0.913
0.79
0.768
0.756
0.752
0.695
0.752
0.746
0.745
0.706
0.685
0.718
0.739
0.813
0.785
0.787
0.787
0.82
0.822
0.779
0.776
0.774
0.725
0.751
0.698
0.76
0.773
0.927
0.828
0.781
0.777
0.79
0.789
0.759
0.726
0.667
0.774
0.837
0.845
0.918
0.808
0.766
0.819
0.868
0.837
0.824
0.766
0.856
0.828
0.821
0.785
0.798
0.729
0.672
0.704
0.757
0.783
0.73
0.741
0.801
0.757
0.727
0.729
0.803
0.805
0.772
0.764
0.792
0.79
0.837
0.843
0.855
0.809
0.796
0.796
0.842
0.817
0.796
0.821
0.83
0.835
0.813
0.736
0.662
0.786
0.785
0.799
0.838
0.767
0.718
0.786
0.85
0.791
0.798
0.822
0.775
0.801
0.815
0.749
0.727
0.75
0.748
0.645
0.696
0.738
0.7
0.679
0.666
0.61
0.642
0.787
0.858
0.702
0.701
0.703
0.673
0.743
0.739
0.731
0.754
0.817
0.843
0.726
0.684
0.719
0.814
0.857
0.794
0.799
0.663
0.646
0.758
0.666
0.62
0.655
0.711
0.69
0.595
0.632
0.626
0.614
0.493
0.465
0.514
0.631
0.708
0.724
0.696
0.601
0.707
0.929
0.745
0.766
0.705
0.759
0.646
0.618
0.729
0.765
0.737
0.625
0.593
0.591
0.802
0.766
0.819
0.625
0.618
0.645
0.656
0.657
0.632
0.807
0.5
0.587
0.818
0.865
0.913
0.803
0.768
0.895
0.849
0.783
0.882
0.905
0.858
0.762
0.796
0.787
0.744
0.796
0.84
0.886
0.847
0.779
0.807
0.869
0.815
0.847
0.825
0.806
0.642
0.549
0.615
0.826
0.91
0.971
0.79
0.638
0.866
0.926
0.902
0.895
0.897
0.818
0.719
0.71
0.794
0.594
0.516
0.489
0.535
0.87
0.941
0.965
0.785
0.852
0.849
0.97
0.983
0.913
0.666
0.544
0.535
0.77
0.899
0.845
0.713
0.796
0.824
0.894
0.754
0.775
0.757
0.726
0.967
0.879
0.784
0.893
0.806
0.628
0.675
0.712
0.855
0.872
0.691
0.596
0.661
0.623
0.683
0.908
0.915
0.845
0.78
0.768
0.671
0.8
0.749
0.699
0.931
0.891
0.774
0.82
0.826
0.772
0.815
0.718
0.789
0.868
0.888
0.863
0.797
0.792
0.833
0.961
0.828
0.721
0.819
0.874
0.816
0.725
0.564
0.635
0.743
0.574
0.632
0.65
0.768
0.923
0.799
0.755
0.8
0.886
0.701
0.668
0.894
0.827
0.725
0.58
0.818
0.531
0.691
0.862
0.733
0.747
0.705
0.846
0.637
0.691
0.714
0.733
0.682
0.624
0.567
0.582
0.652
0.783
0.787
0.739
0.659
0.715
0.772
0.771
0.819
0.859
0.847
0.872
0.914
0.77
0.745
0.77
0.672
0.667
0.638
0.681
0.885
0.866
0.819
0.746
0.829
0.704
0.636
0.767
0.68
0.586
0.59
0.728
0.634
0.616
0.536
0.605
0.729
0.719
0.655
0.701
0.646
0.572
0.653
0.671
0.6
0.707
0.815
0.664
0.678
0.643
0.585
0.633
0.692
0.656
0.647
0.658
0.802
0.775
0.684
0.586
0.574
0.707
0.647
0.641
0.829
0.684
0.583
0.67
0.686
0.723
0.676
0.571
0.672
0.657
0.6
0.753
0.766
0.763
0.763
0.735
0.727
0.713
0.683
0.717
0.75
0.744
0.737
0.767
0.71
0.731
0.675
0.618
0.691
0.763
0.708
0.752
0.725
0.644
0.599
0.626
0.703
0.781
0.757
0.682
0.686
0.636
0.636
0.654
0.568
0.478
0.472
0.55
0.456
0.735
0.677
0.782
0.843
0.841
0.861
0.827
0.788
0.755
0.766
0.79
0.716
0.62
0.682
0.794
0.69
0.744
0.774
0.73
0.673
0.71
0.771
0.749
0.694
0.649
0.658
0.666
0.668
0.71
0.672
0.777
0.709
0.572
0.594
0.803
0.721
0.694
0.837
0.782
0.672
0.632
0.6
0.61
0.675
0.701
0.677
0.73
0.586
0.755
0.893
0.903
0.848
0.736
0.74
0.703
0.686
0.683
0.65
0.667
0.657
0.685
0.65
0.641
0.717
0.599
0.673
0.825
0.773
0.75
0.694
0.834
0.827
0.69
0.733
0.73
0.681
0.83
0.861
0.795
0.79
0.868
0.7
0.741
0.701
0.749
0.709
0.702
0.738
0.679
0.785
0.77
0.697
0.701
0.681
0.711
0.748
0.738
0.79
0.715
0.69
0.793
0.649
0.742
0.695
0.702
0.859
0.831
0.775
0.775
0.867
0.879
0.848
0.733
0.776
0.761
0.724
0.828
0.916
0.786
0.616
0.733
0.636
0.893
0.94
0.962
0.912
0.852
0.88
0.953
0.904
0.9
0.984
0.973
0.934
0.975
0.945
0.964
0.958
0.828
0.74
0.867
0.746
0.639
0.818
0.924
0.988
0.808
0.658
0.603
0.406
0.604
0.748
0.909
0.88
0.969
0.728
0.599
0.66
0.752
0.911
0.906
0.894
0.959
0.918
0.898
0.979
0.916
0.88
0.825
0.81
0.707
0.756
0.639
0.898
0.883
0.682
0.654
0.67
0.688
0.85
0.954
0.868
0.607
0.581
0.84
0.885
0.647
0.686
0.741
0.617
0.681
0.79
0.787
0.753
0.871
0.852
0.833
0.81
0.815
0.499
0.641
0.828
0.863
0.689
0.507
0.434
0.578
0.81
0.851
0.548
0.557
0.517
0.36
0.419
0.627
0.795
0.646
0.59
0.636
0.917
0.82
0.821
0.761
0.536
0.496
0.835
0.866
0.942
0.876
0.855
0.763
0.855
0.942
0.773
0.644
0.839
0.923
0.86
0.947
0.731
0.643
0.607
0.701
0.741
0.715
0.692
0.724
0.722
0.714
0.608
0.579
0.729
0.783
0.779
0.723
0.627
0.613
0.824
0.773
0.729
0.751
0.891
0.859
0.823
0.834
0.728
0.875
0.963
0.778
0.676
0.625
0.605
0.731
0.84
0.787
0.703
0.722
0.7
0.716
0.74
0.685
0.796
0.876
0.841
0.713
0.651
0.826
0.847
0.773
0.839
0.83
0.718
0.67
0.671
0.669
0.601
0.587
0.626
0.755
0.745
0.744
0.637
0.656
0.678
0.713
0.74
0.739
0.746
0.745
0.672
0.646
0.725
0.72
0.702
0.701
0.685
0.889
0.745
0.701
0.676
0.695
0.657
0.773
0.823
0.809
0.731
0.751
0.723
0.754
0.777
0.787
0.77
0.667
0.821
0.849
0.836
0.835
0.825
0.808
0.796
0.775
0.798
0.781
0.779
0.779
0.772
0.811
0.793
0.777
0.755
0.757
0.797
0.762
0.699
0.666
0.704
0.734
0.808
0.793
0.799
0.801
0.767
0.704
0.729
0.733
0.805
0.813
0.786
0.786
0.791
0.802
0.889
0.832
0.791
0.733
0.757
0.806
0.731
0.664
0.611
0.598
0.704
0.839
0.806
0.767
0.758
0.737
0.799
0.718
0.709
0.784
0.732
0.764
0.743
0.679
0.669
0.698
0.682
0.844
0.821
0.728
0.694
0.674
0.718
0.822
0.772
0.739
0.71
0.624
0.614
0.62
0.567
0.604
0.628
0.589
0.62
0.528
0.525
0.608
0.69
0.706
0.835
0.761
0.703
0.822
0.744
0.881
0.87
0.77
0.686
0.813
0.696
0.578
0.617
0.635
0.552
0.61
0.613
0.734
0.863
0.782
0.683
0.745
0.781
0.805
0.738
0.593
0.61
0.882
0.828
0.824
0.955
0.865
0.721
0.721
0.701
0.513
0.511
0.628
0.811
0.76
0.871
0.856
0.792
0.946
0.847
0.657
0.697
0.68
0.655
0.722
0.759
0.722
0.786
0.715
0.69
0.843
0.789
0.786
0.809
0.743
0.754
0.53
0.597
0.539
0.725
0.731
0.753
0.786
0.749
0.902
0.922
0.923
0.918
0.945
0.892
0.777
0.763
0.9
0.873
0.879
0.865
0.767
0.785
0.748
0.838
0.866
0.863
0.842
0.866
0.885
0.829
0.738
0.768
0.853
0.942
0.998
1.015
0.981
0.989
0.634
0.675
0.868
0.892
0.873
0.894
0.942
0.921
0.955
0.985
0.929
0.84
0.782
0.762
0.855
0.845
0.904
0.487
0.539
0.757
0.39
0.479
0.783
0.85
0.871
0.891
0.832
0.965
0.942
0.945
0.889
0.925
0.963
0.951
0.897
0.783
0.838
0.907
0.929
0.945
0.833
0.899
0.905
0.822
0.659
0.625
0.831
0.96
0.793
0.727
0.691
0.7
0.755
0.817
0.575
0.615
0.589
0.599
0.677
0.674
0.582
0.694
0.545
0.581
0.605
0.588
0.63
0.628
0.583
0.605
0.674
0.579
0.657
0.875
0.886
0.948
0.81
0.777
0.754
0.575
0.896
0.903
0.58
0.704
0.534
0.539
0.637
0.742
0.7
0.799
0.763
0.918
0.946
0.877
0.746
0.761
0.767
0.635
0.565
0.594
0.731
0.86
0.86
0.722
0.615
0.769
0.604
0.583
0.663
0.726
0.825
0.789
0.698
0.715
0.693
0.586
0.649
0.756
0.807
0.9
0.917
0.865
0.79
0.801
0.748
0.796
0.822
0.814
0.825
0.842
0.784
0.665
0.581
0.695
0.71
0.6
0.652
0.784
0.822
0.759
0.848
0.827
0.701
0.704
0.711
0.691
0.709
0.795
0.884
0.856
0.818
0.796
0.653
0.61
0.711
0.693
0.715
0.808
0.875
0.805
0.886
0.919
0.796
0.803
0.803
0.811
0.794
0.709
0.766
0.749
0.772
0.716
0.76
0.711
0.727
0.694
0.715
0.708
0.749
0.735
0.66
0.689
0.692
0.714
0.769
0.736
0.733
0.669
0.803
0.841
0.855
0.875
0.8
0.741
0.757
0.754
0.755
0.685
0.673
0.787
0.824
0.767
0.754
0.736
0.738
0.783
0.813
0.809
0.807
0.805
0.719
0.727
0.722
0.783
0.83
0.854
0.864
0.815
0.808
0.801
0.848
0.757
0.735
0.709
0.827
0.852
0.801
0.791
0.801
0.791
0.781
0.784
0.773
0.764
0.758
0.689
0.777
0.761
0.854
0.926
0.936
0.804
0.728
0.807
0.766
0.772
0.789
0.756
0.728
0.727
0.762
0.707
0.69
0.653
0.847
0.857
0.78
0.601
0.68
0.668
0.679
0.695
0.744
0.783
0.777
0.905
0.853
0.849
0.782
0.708
0.77
0.85
0.75
0.766
0.648
0.787
0.614
0.681
0.579
0.663
0.71
0.637
0.667
0.714
0.663
0.611
0.712
0.934
0.943
0.801
0.676
0.805
0.933
0.859
0.739
0.716
0.809
0.833
0.684
0.66
0.818
0.704
0.654
0.751
0.795
0.63
0.834
0.925
0.927
0.879
0.914
0.852
0.729
0.575
0.685
0.896
0.883
0.905
0.73
0.733
0.82
0.9
0.963
0.874
0.796
0.701
0.783
0.748
0.586
0.494
0.631
0.81
0.815
0.827
0.846
0.87
0.852
0.835
0.829
0.829
0.8
0.928
0.964
0.829
0.797
0.706
0.691
0.758
0.863
0.891
0.781
0.711
0.888
0.928
0.872
0.753
0.783
0.797
0.861
0.836
0.921
0.66
0.491
0.615
0.655
0.884
0.915
0.948
0.908
0.9
0.907
0.891
0.853
0.761
0.895
0.957
0.91
0.758
0.756
0.848
0.961
0.868
0.736
0.792
0.872
1.052
0.951
0.968
0.918
0.962
1.004
0.776
0.463
0.58
0.909
0.963
0.754
0.841
0.856
0.708
0.769
0.867
0.785
0.92
0.867
0.713
0.812
0.915
0.563
0.483
0.663
0.555
0.607
0.755
0.749
0.567
0.479
0.564
0.603
0.484
0.676
0.881
0.711
0.62
0.711
0.944
0.853
0.766
0.637
0.644
0.609
0.591
0.826
0.771
0.642
0.656
0.729
0.54
0.498
0.694
0.879
0.967
0.73
0.591
0.639
0.639
0.607
0.783
0.814
0.78
0.712
0.611
0.671
0.72
0.804
0.647
0.826
0.745
0.724
0.805
0.813
0.942
0.935
0.753
0.647
0.741
0.723
0.755
0.856
0.677
0.772
0.855
0.938
0.869
0.813
0.85
0.873
0.731
0.65
0.801
0.815
0.841
0.826
0.753
0.899
0.905
0.693
0.644
0.687
0.798
0.824
0.769
0.819
0.782
0.823
0.753
0.768
0.805
0.784
0.788
0.823
0.828
0.779
0.704
0.72
0.77
0.648
0.68
0.781
0.81
0.792
0.801
0.849
0.867
0.692
0.595
0.838
0.747
0.864
0.927
0.911
0.899
0.8
0.89
0.784
0.731
0.74
0.786
0.745
0.741
0.673
0.707
0.759
0.762
0.735
0.774
0.781
0.797
0.764
0.805
0.833
0.762
0.776
0.821
0.79
0.812
0.774
0.744
0.759
0.833
0.868
0.825
0.843
0.813
0.824
0.847
0.737
0.748
0.699
0.722
0.763
0.787
0.809
0.826
0.802
0.806
0.758
0.716
0.764
0.749
0.817
0.794
0.783
0.742
0.745
0.711
0.822
0.869
0.819
0.861
0.812
0.814
0.866
0.833
0.801
0.814
0.812
0.772
0.792
0.779
0.914
0.904
0.761
0.781
0.781
0.717
0.864
0.844
0.796
0.809
0.792
0.805
0.803
0.8
0.804
0.802
0.771
0.84
0.842
0.764
0.749
0.806
0.831
0.779
0.776
0.801
0.739
0.682
0.734
0.735
0.685
0.666
0.615
0.788
0.892
0.851
0.769
0.835
0.851
0.799
0.754
0.723
0.595
0.571
0.706
0.785
0.864
0.784
0.592
0.678
0.612
0.802
0.777
0.719
0.681
0.674
0.785
0.745
0.598
0.648
0.719
0.868
0.841
0.753
0.815
0.911
0.946
0.754
0.728
0.666
0.672
0.747
0.652
0.709
0.545
0.495
0.722
0.84
0.802
0.825
0.895
0.944
0.922
0.897
0.864
0.894
0.854
0.926
0.826
0.766
0.826
0.869
0.869
0.867
0.778
0.832
0.786
0.824
0.866
0.836
0.834
0.788
0.784
0.693
0.736
0.973
0.825
0.482
0.551
0.737
0.848
0.748
0.724
0.776
0.763
0.771
0.934
0.898
0.877
0.859
0.889
0.875
0.932
0.903
0.863
0.985
0.952
0.839
0.903
0.896
0.937
0.929
0.796
0.763
0.636
0.644
0.531
0.919
0.991
0.916
0.887
0.909
0.883
0.842
0.516
0.898
0.876
0.889
0.934
0.95
0.88
0.961
0.979
0.942
0.946
0.916
0.821
0.842
0.81
0.899
0.864
0.864
0.911
0.647
0.924
0.851
0.877
0.863
0.899
0.907
0.824
0.888
0.717
0.789
0.883
0.885
0.9
0.788
0.668
0.574
0.593
0.664
0.884
0.937
0.908
0.699
0.514
0.759
0.855
0.865
0.907
0.799
0.689
0.829
0.712
0.678
0.746
0.856
0.831
0.804
0.804
0.621
0.696
0.721
0.766
0.77
0.933
0.907
0.622
0.652
0.831
0.759
0.794
0.782
0.878
0.93
0.874
0.774
0.881
0.877
0.724
0.583
0.754
0.827
0.723
0.848
0.772
0.675
0.659
0.68
0.768
0.872
0.557
0.688
0.59
0.701
0.754
0.743
0.689
0.724
0.629
0.85
0.862
0.817
0.765
0.597
0.755
0.848
0.875
0.783
0.676
0.672
0.68
0.724
0.638
0.619
0.649
0.591
0.664
0.798
0.661
0.517
0.828
0.811
0.778
0.857
0.901
0.955
0.764
0.852
0.917
0.825
0.798
0.728
0.676
0.755
0.826
0.798
0.732
0.656
0.578
0.722
0.756
0.692
0.645
0.672
0.68
0.637
0.678
0.746
0.674
0.655
0.743
0.678
0.758
0.719
0.655
0.608
0.634
0.581
0.641
0.687
0.748
0.714
0.663
0.702
0.794
0.776
0.741
0.701
0.741
0.659
0.592
0.68
0.601
0.625
0.632
0.697
0.654
0.708
0.781
0.744
0.751
0.714
0.692
0.802
0.741
0.655
0.781
0.76
0.752
0.807
0.779
0.762
0.735
0.709
0.794
0.748
0.669
0.719
0.731
0.877
0.9
0.776
0.77
0.687
0.59
0.614
0.605
0.708
0.708
0.713
0.581
0.602
0.694
0.735
0.714
0.605
0.578
0.562
0.471
0.465
0.441
0.502
0.53
0.514
0.486
0.527
0.63
0.784
0.673
0.663
0.699
0.718
0.532
0.568
0.515
0.573
0.708
0.789
0.824
0.837
0.786
0.779
0.764
0.698
0.638
0.571
0.65
0.602
0.613
0.544
0.542
0.509
0.56
0.584
0.561
0.6
0.655
0.799
0.732
0.599
0.674
0.654
0.52
0.732
0.718
0.596
0.562
0.542
0.483
0.641
0.718
0.787
0.623
0.489
0.623
0.558
0.413
0.421
0.849
0.834
0.825
0.851
0.82
0.775
0.76
0.735
0.718
0.741
0.742
0.732
0.571
0.715
0.547
0.578
0.679
0.686
0.711
0.68
0.611
0.672
0.728
0.774
0.749
0.732
0.692
0.781
0.588
0.632
0.594
0.51
0.586
0.652
0.847
0.805
0.68
0.878
0.903
0.859
0.786
0.699
0.771
0.72
0.789
0.656
0.795
0.765
0.67
0.72
0.676
0.763
0.81
0.821
0.939
0.798
0.767
0.525
0.758
0.935
0.917
0.881
0.908
0.924
0.822
0.768
0.734
0.584
0.618
0.891
0.863
0.644
0.868
0.893
