1980 1 1
0.0208
0.1595
0.7501
0.6952
0.5697
0.2285
0.5685
0
0
0
13.0278
0.0818
0
1.4802
0.008
0.0521
0.0312
0
0
0
0
0
1.3591
0.8844
1.4703
0
0
0
0
0.0463
0.0836
0
0
0
0
0
0.0712
0.0269
0
0.3698
0.1615
0.0511
0
0.2835
0
5.5652
2.059
0
0
0.027
0.0397
0.8179
11.2916
0.0427
0.0084
1.5829
1.0316
0.0562
1.0959
0.2049
0
0.0649
0.0288
0.0341
4.9808
0.0459
3.6392
15.2098
0.0567
0.011
0.0218
0
1.5374
0.8464
0
0.4015
13.9259
0.731
0
1.5482
30.6513
0.0433
0
10.6229
0.3874
0
0.3872
4.0269
8.225
2.4634
9.1305
0.4984
1.7592
1.8062
7.353
0
0
0.5846
8.566
4.3662
1.4495
0.4295
5.5871
0.4698
21.708
1.212
0.5396
0
0
0
0
0.2773
0
0
0.115
0.5772
0.3486
4.2987
9.4881
0.3056
0
0
0
0
0
0
0
0
0.3406
0.1309
1.4463
3.3511
8.2678
5.9321
1.3041
0
0.9767
25.6286
11.6151
1.453
0.1873
0
0.3737
1.0396
6.5109
0.5028
0
0
0
5.0365
7.1817
6.8774
14.2328
10.1816
2.2587
0.1258
0.3558
6.8542
9.8485
2.3049
0.0674
0.0776
0
0
0
14.0799
9.4875
4.3072
0
0.2755
7.9647
1.3851
0
0
0.2572
6.341
0
0
0.0055
0.1324
0.5808
0.2546
0.1622
0
4.5927
10.8674
10.3083
0.4974
0.1068
6.6319
6.2782
1.105
2.8882
6.9341
1.0584
1e-04
0.6016
0.6889
0.1865
0
0.6139
0.4964
5.4127
27.6687
3.4944
0
0
0.5352
3.957
10.3115
2.915
0.4434
1.6222
0.2563
8.7178
3.5439
0.2226
4.0283
0.7288
0.6593
2.2083
1.1113
9.4863
12.1224
3.6262
1.1166
9.0873
1.6921
2.5815
10.251
1.8319
1.8809
23.4355
9.3984
2.83
0
0
0
0
0
0.2207
1.9628
6.8433
11.6177
6.4124
2.504
0.0662
8.1927
0.422
0
0.0252
0.1408
2.2952
0.394
0
0.8381
1.0575
0.6615
0.0591
0.2561
11.3501
0.1447
0
0.2938
0.8983
2.8903
4.5968
0
1.5855
0.8385
0
0
0
0
0.1973
6.9176
1.169
0.1538
0.2988
0.2854
0
0
0
0.2938
0.0753
0.1149
0.1294
0.1052
0.4646
1.0094
2.3303
2.8524
0.4072
0.5155
0
0
0
2.571
5.5681
0.4825
0.3188
8.5307
0
0
0
0
0
0.285
0.0548
0
0
0
0.8388
0
0
0
0
0.8469
4.5022
0.149
0
3.6254
0.6228
0
0
0
0
0.4826
2.12
0.0791
0
8.1688
1.2004
1.546
0.3959
0.0315
5.0947
0.1264
0
0.0121
1.7682
8.4253
8.5666
4.3119
0.1504
0.3109
0.4899
0
0.3431
0.2917
0.1305
0
0.329
0.1038
0
0
0
0
5.4021
0
0
1.1535
0.0336
8.6275
0.3518
5.8888
1.0623
1.1197
0.9558
0.1326
1.1722
4.0487
2.8101
0
0
0.0251
0
0
0
0
0.0152
0.3411
0
0.1242
0
0
0
0
0
0.2521
0
0.3564
0.3968
0
0.025
0
0
9.2986
1.227
0.0754
0.0898
0.1076
1.0155
1e-04
0.0151
0.0119
12.1521
10.2916
0.0042
0
0
0
2.8224
0.2108
0.0285
8.6041
3.9486
0
1.7911
5.3688
0.3052
0
0
0.0056
0.7183
0
0.3426
0
0.7558
0.621
0
0
0
0
0
0
0
0
0
0
1.6185
0
0.1751
0.7965
0.8291
0
0
0
0
0
5.9202
3.5371
0.0462
0.3322
5.0497
0
0
0
3.1961
4.658
0.8309
1e-04
0
0.1844
5.9958
2.1025
3.7264
11.2977
5.5814
18.9075
0.4146
0.3188
7.5612
3.3044
0.3593
0.8305
1.4666
1.0666
5.6177
0.6679
0.012
0.7157
0.4584
18.8845
10.1372
0.1117
0.1138
0
0
0.2851
2.4461
6.3881
0
0
1.6385
19.3482
8.7552
1.8928
0
13.6026
6.8513
0.1435
0
0
0
0
0
4e-04
0
0.1756
0.1787
5.0583
11.2493
5.3605
0.2176
4.5614
0.0108
0
0.0164
4.7161
7.4641
3.2131
2.9295
0
13.0946
36.5758
10.2778
0
7.8628
31.379
6.1703
0.3591
2.0742
0.1827
0
0
2.3171
19.2688
24.1926
0.672
4.3863
25.0501
0
0
0
0.2725
0.1796
0.8029
2.0274
0.7611
0.0941
0.101
0
0
0
1.1454
4.325
0
0.1367
0.8276
0.1097
0
0
0
0
6.8623
19.2778
2.5937
0.2152
0
0
0
17.6432
2.7623
11.3076
0.1649
0
0
0
0.6634
6.8142
1.3388
0.3871
0.552
2.1738
1.3001
0.25
1.6897
8.1208
0.573
0.0164
0.2253
1.0589
0
0
0
0
0
0
0
0
0
0
0.0081
0.8649
12.2293
20.3764
34.3546
19.4727
11.3917
23.4493
18.2489
10.5706
0.9889
0.0702
0.2424
3.9258
0
0
0
0
0
8.7383
7.7003
6.8751
23.0523
7.2882
1.3711
0
0.9023
2.2915
0
0
0.4232
2.0581
5.6051
0
2.3714
9.2557
2.3659
0.0514
0
0
0.4411
14.1929
0.0047
0
0
0
0
0
0
0
0
0
0.7605
15.488
1.4184
2e-04
6.9289
4.8894
5.177
0.278
0.1379
10.9127
27.1651
2.2017
0
0
0
0
0.0507
0
0
3.5618
1.0256
0.3445
0
0
0
0
0
0
0
0
0.0316
0.1013
0.6054
6.6995
14.4486
0.9392
0
1.2197
2.8252
0
1.3199
1.5772
0
0
0
8.6842
0.4003
0
4.8931
0.5226
0
0.8076
2.2991
0.0135
0
0
0
0
0
0
0.2726
6.5464
0.2512
0
0.1153
6.1504
6.7323
22.381
0
0
0
6.8747
4.6963
0.7242
0.9596
0.828
0.3816
0
1.9682
9.9991
0.8327
0.6993
2.841
0.28
0.9709
0.2663
0.6455
0.5174
3.0418
0.3005
0.9229
1.9329
0.2637
0.1046
0.1533
0.0962
1.5321
1.0888
10.6327
2.8889
0.6126
0.2644
0
1.8352
0
28.9882
14.52
3.2615
4.5421
7.4476
1.3662
1.5082
0.5764
0.5022
0
4.5425
0.0015
0.6532
0
0.3704
0
0
0.352
3.0109
0.4815
3.1744
0
0.023
0.0024
0.0881
4.857
0
0
0
0
4.9075
2.5087
1.7394
18.8362
0.4953
0.0306
0.1776
1.5318
1.4941
3.3062
5.3632
0.4251
6.2693
0.1652
4.7269
14.6219
0.47
0
4.0226
5.0954
1.3787
0
0
3.7656
3.6872
1.05
0
0.0283
0
5.5736
10.5573
0.1122
0.0632
7.2587
3.7446
1.6304
10.1268
0.7221
0
4.0592
1.0905
0.4504
0
0
0
3.349
4.148
3.7026
0.0172
1.2279
1.2753
0.627
0.1398
0.3079
0.1692
0.5529
0.6782
0
0
0.0873
0
0.3279
0
0
0
0.4982
2.2903
5.6563
2.7703
0
1.1644
0
0
1.892
0
0
0
0
2.0899
2.0005
1.9576
8.2543
9.7126
8.9548
1.3339
0.0292
14.0728
28.5714
12.3113
3.0443
2.4376
1.0205
3.445
2e-04
0.1072
0.0038
0.292
0.0576
0.293
4.1198
2.9095
1.9336
0
0
0
0
12.6972
19.0652
0.9659
0.083
7.1492
1.8045
4.2836
5.8169
0.1073
0
0
0
0.8579
19.9703
8.0423
0.4488
0.0403
0.049
38.4125
0.1174
3.8511
0
4.1465
0.7045
2.7027
3.1305
3.8087
0.1602
0
0
0
0
1.491
3.0636
5.6356
0.7856
0
0.1727
0.0293
0
0
0
0
0
0
0
0.005
0
1.1767
0.4231
0.7119
0.1721
0
1.2689
11.4381
3.3951
0
0
0
0
0
0
0
0
0
1.4182
9.8114
0.5375
0.0683
0.6231
0.3173
0.629
0
0
0
0
0.0089
0.0639
1.8219
0.9207
0.0416
0
0
5.0224
0.4036
0.2632
0
0
0
0
0.9535
2.4322
0.3744
0
0.9665
2.807
0.2662
0.8771
0.2503
3.4339
2.4779
0.366
1.2449
1.0926
24.5484
0.3835
0
0
0
0
0
0
0.3967
1.8831
3.9133
0.485
0.3163
0.0052
0
0
0.0391
0.2206
0.1132
0.0426
0
0.3357
0.1106
4.3649
0
0
0
0
0
0
0
0
1.4452
0
23.6596
16.8318
33.1274
5.3147
0
0
0
0.5292
0.0071
1.344
1.1861
13.228
4.7503
0.2046
0
1.1562
0
0
0.007
2.0617
20.3377
14.2654
2.4893
14.4288
3.0753
0
8.1004
0.2203
15.1008
1.1383
0
0.3612
0.1883
1.2681
2.3907
3.2821
0.3133
0.0156
0.1432
1.3762
0.6799
0.6019
0
0
1.4714
9.6133
11.7678
0
0
7.7081
1.1253
1.0339
0.4129
4.4243
2.6966
9.9808
1.7009
10.7244
3.061
0
0
0
0
0
0
0
0.0945
0
0.123
0
0
1.805
0.59
0.075
0.1095
0.3826
0.8036
0.0448
0
0
0
0
1.2788
5.2358
1.9389
0.0612
0.0296
0
0
0
0.6504
2.8183
0.123
0.199
6.8092
0.4386
0.3504
0.7537
0.6892
3.3375
0
0.0271
0
0
0
0
0
0
0
0
0
0.0797
0
0
0.0923
0.2457
0
0.0766
0
0
0
0
0
0
0.0284
0
6.27
3.7314
2.9095
0.2735
1.52
1.8221
0
0.0048
0.0609
0
0.116
0.0276
2.6719
6.3462
2.0027
7.2922
0.1003
0.2791
0
0.5379
0
5.5133
2.3147
0
0
0
1.1135
8.1462
4.7749
0.4304
0.6595
3.7289
5.7973
7.2157
5.8264
2.034
0.9197
0.1796
12.1627
12.9366
3.2664
0.0918
1.4375
0.1417
0.0339
0
0
0
0
0
0
0
0
11.4505
1.7797
16.5001
8.117
20.237
5.8107
2.4341
0.9451
3.6808
1.3587
9.5724
0
0
0
0
0.2143
3.8867
5.9194
0.3655
0
0
5.9213
0.0893
1.7252
12.236
0.6358
0.2387
6.427
0.3422
0
1.6642
8.9823
0.2527
1.8174
0.7599
2.5328
2.4659
2.4284
0.9477
15.3203
0
0
0.4278
2.2965
0.001
0
0
1.519
1.2397
1.1109
0.2298
0.1682
4.3248
0.0884
0
0
0
0
0
0
21.183
31.3826
4.7257
12.2659
2.9896
3.3335
7.3521
11.3561
1.0949
0
0
0
2e-04
0
0
0
0
0
0
7.2888
12.3034
5.0298
7.507
2.6058
0.5632
5.3931
1.4657
1.347
0
0
0
0.2189
2.4468
5.635
10.4103
0.4509
0.3002
0
4.9455
0.479
0
0
0.7327
1.8564
0.0556
16.0718
0.5923
0
0
0
0
1.2461
0.0332
0
0.7837
0.167
0.985
0.1923
0.3285
0.9624
0.4965
2.0934
2.2981
0.6389
5.9193
4.4995
0
0.3268
0
2.9947
4.5087
13.6375
8.6394
0
0
0
0.0178
0.0371
0
0
0.1926
6.5287
0.3365
0
1.3946
7.5776
13.0583
0.1168
0.0733
0.3356
0.0559
0.0258
0
0
0
0
0
0
4.3572
12.1509
12.4833
0.0379
0
6.6562
0.4173
0.2589
0.0822
6.0615
43.1152
1.0609
0
0.3357
0
2.5938
0.0772
1.2658
3.1724
23.5704
2.3334
0.3441
0.2905
0.4679
0.3009
0
0
0
0.085
9.1431
8.5138
3.9269
0
0
0
0
0
0
13.7457
25.3498
0.0341
0.005
1.531
15.3809
9.3681
0.1262
0
10.7237
2.1476
0.553
0
11.7755
0.0398
0.0421
0.4378
7.1094
21.4526
0.0406
0.0086
0.7203
0.7373
0.5187
16.5216
0.6347
25.1017
0.8342
2.5715
0.5943
0.5181
9.2975
5.1624
0.0156
1.6797
0.2889
0.0906
0.0158
0.0158
0.3743
3.3569
4.2473
9.2395
0.0134
0.487
0
0
0.7869
9.2619
0.3797
0.8577
0.1536
0
0
0
0
0
0
0
1.3372
2.0368
2.7862
0
0
0.2453
0.5428
0
0.025
0.1964
0.8385
0.0288
0
0
0.4572
0.323
5.2023
0
0
0.1845
0
2.3614
5.9947
0.0412
0
0.1427
2.8492
0.1108
1.0247
0
0.0258
0
0.005
1.9919
2.0454
0.3654
4.6295
3.9914
0
0.0413
1.5116
0.2075
0.6273
0.0275
0
0
1.5959
0.258
6.8581
4.1611
2.0525
3.4191
0.191
0
0
0.5992
0.0554
5.8075
0.0305
2.1994
2.6099
0.2667
0.0879
0.5264
0
7.2124
0.0032
1.5778
7.617
0.0167
0.5541
0.1478
14.6852
12.1391
2.215
0.0455
0.0665
1.335
1.6984
2.1739
1.0858
0.986
0.0851
0
0
2.5371
2.5522
3.929
5.8992
0.3359
0
0
0
0
0
2.2464
10.1503
5.9378
3.0741
2.6595
5.1978
2.3048
0.1302
0.0413
6.6767
33.9721
6.8985
4.1096
0
0
15.7729
0.0174
0.1136
1.1348
0
3.7918
1.3333
1.2495
0.3093
0.385
2.3918
3.3681
0.0269
1.9265
1.41
6.0224
3.1774
0.1895
0
0
0
2.7845
3.1987
32.5176
6.7771
6.3821
16.4375
0
6.8612
8.7313
0.1155
14.8272
1.7025
0.1836
0
0.5029
0.1672
3.4688
0
0.6988
0.2185
0
0
0
0
0
0
5.9679
8.7545
0
0
1.8524
1.0123
0.9081
0
0
5.3237
8.9503
2.7355
0
0.0736
1.3616
0.8927
0.0122
0.0464
1.6113
0
0.9875
8.0264
23.6387
2.9192
0.1909
0
8.9456
0.676
0.1419
0
0
0
0
0
0.8095
1.0728
0.0592
0.0764
0.2268
1.7375
0
4.0662
3.0498
8.5136
6.7583
0.196
0.1482
0
0.1866
3.7841
8.957
8.6142
1.0648
0.0668
0.5211
19.7789
4.2337
7.634
0.8271
0.4227
0
0
0
0
0.5559
0.0786
3.3871
1.6683
0
0
4.8903
0.8211
0
0
0
0.0122
0.5465
0.2593
12.1938
2.7897
3.294
0.7557
9.194
0.3452
0.2681
0
2.8115
0.2524
3.088
4.0914
2.5337
0.8578
1.4311
4.459
1.7809
0
0
0
0
0
0
0.1383
4.7363
2.1067
4.7032
5.3312
0.0706
0.9267
0.0243
0
0.2573
0.026
0
0
1.4973
0
8.3742
2.4558
0.1242
0.2837
0
0
0.0334
6.2043
2.2214
3.9474
0.1764
0
2.0888
0.5404
4.817
0.5729
0.0085
0.4791
0.753
0.0829
0
1.062
0.9959
0
1.4501
9.5309
2.0085
0
12.0055
0.7818
0.0387
0
0
7.7697
2.5688
13.6193
0.5505
0
0
5.5503
0.0143
0
0
0.0896
0
0
0
0
0
0
0
0.7509
12.0198
0.874
0.0807
1.4463
0.1608
4.2237
0.6057
0.061
3.4145
0.2186
0
0.203
2.1233
0
2.3234
4.2479
8.4616
0
0
0
0.119
2.5359
0
6.6213
1.5798
0.1468
0.8468
0.404
2.7459
3.3066
7.1915
4.846
6.4898
2.7137
19.1885
0.08
0
0
0
0.0613
0.1169
0.0695
0
2.6243
1.2206
0
0
0.4989
0.4256
0
5.9086
1.1798
0.0688
0.075
0.3278
0.8322
0.8942
0.3499
2.3439
0.1367
0
0.0556
0
0
1.2543
0.0759
0.3397
0.0645
0
1.6817
0.742
0
0
0.4429
3.0755
12.6499
7.4579
3.1823
0.8783
0
0
0
0
0
0
0.82
5.4537
12.8668
1.0232
0.0392
3.3845
2.3475
0
0.1429
0.1707
0.2348
17.1916
1.729
0.1446
0.1829
0.8083
0
0
6.1762
2.7969
0.1363
0.0379
0
0.0266
0
0.2994
0.1288
0.0594
0
1.6039
4.8016
2.2412
0.0138
0.1384
4.3689
14.2398
14.5461
13.5538
17.6157
1.2099
1.2123
7.4079
1.9867
7.4688
6.4315
0.6924
1.2708
0.6288
0
0.4454
0
0
0.0045
0.1559
0.1506
0
0
0
0
0
0
0
1.0465
0.0662
0
0
0
0
0
7.0059
4.088
0.0437
0
0.0147
0.1364
0.0871
0
0
0
0
0
0.8214
2.1982
8.5411
3.628
8.5457
1.8349
3.5079
3.0724
4.5641
0
0.1585
0.1446
0.3409
2.0896
9.3815
16.1051
0.0032
0.129
0.1492
0.1765
7.33
5.4132
1.1605
2.1336
0.2268
0.0606
2.1904
12.8619
4.7562
8.3754
6.6299
1.3391
0.6756
4.6991
6.3395
6.7867
1.0406
0
0
0
2.3854
0.9507
0.2541
0
0
0
0
0
0.6037
9.5339
10.2232
1.9461
0.1304
5.9962
1.8183
0.0229
0.7417
0.8094
28.2751
0.006
0
1.0656
11.633
6.9154
0.7073
0.2677
0
0
0.6718
0.7783
2.0688
0
0
0.6236
8.102
0.0158
0
0
1.7287
16.8468
0.9089
0
0.0242
0.093
3.4795
3.3657
3.12
1.3629
0.057
0.1412
0.0664
0
10.6774
6.0846
14.4062
1.3356
0.238
2.5228
0.9141
0.0284
0
0
4.032
14.1046
13.9956
8.5444
0.223
0
0.5665
20.0842
0.8481
0
0
0
1.4951
2.0719
2.0925
0
10.5272
19.131
0.7742
0.0329
0
0
0
0
0
0
0
0
0
0
0
6.6462
2.38
0.359
0.8502
0
0
0.636
2.1492
2.1157
0
0
1.0357
1.1036
0.4545
0
0.0152
0.8652
3.1021
4.0933
5.4672
4.0792
7.7538
15.8621
0
4.1114
3.9494
23.4774
3.4977
0.2106
0
0.2898
7.4
0.6689
1.7152
0
0
0.0986
1.0921
1.3929
0.5883
7.6671
16.4244
6.8259
3.64
0.0532
5.1317
0.2639
7.2153
11.1455
3.4159
3.8892
6.973
6.9792
3.021
14.6338
0.1884
4.3383
4.3814
4.6995
0
4.9437
0.0334
0
3.3365
19.8423
4.0169
6.3405
0.3068
0.3058
3.3658
0.5704
0
0
2.7524
0.6907
0
0
0
12.6637
16.2874
0.8157
2.4078
0.0774
0.0735
0.3414
0.8289
0
0
0.3604
0.1797
1.0883
0.5906
0.8232
0.3615
0.203
1.9397
0.072
0.0287
0
0
0
1e-04
1.7241
0
1.0905
1e-04
0
0
0
0.03
0.3273
0.071
0.9077
1.5588
0
0
1.1824
0.3426
6.4774
2.1917
0.0404
0
0
0
2.0212
0.4863
1.5332
0.2997
2.0524
0
0.3761
0.3107
0.5785
2.2961
15.4496
3.4081
1.0918
11.146
0.1359
0
0
0
0
0
1.7195
0.4371
1.6674
5.3922
0.2027
4.4101
0.2742
8.9679
0
0.0016
1.0724
0.2153
3.6572
1.0006
0
0.0871
0.743
1.2196
0.4359
0.0974
3.3795
0.1095
0
3.0442
2.3977
5.9451
3.9046
8.5214
0.7467
0.1609
0
4.6427
0.5822
12.6925
0.0133
0.0132
0
0
0
0.2955
2.3987
2.0478
0
0
0
1.9318
1.4808
1.1717
0
9.8674
3.0199
1.6233
0
1e-04
0
0.7593
1.5734
0.6747
8.2089
0.6161
8.3772
1.4874
0.9703
2e-04
1.2734
19.2483
4.8584
0.3762
0
0
0
0
0.9542
2.7791
0.2843
4.6285
1.2278
0
0
0.4218
0
1.8394
9.2607
0
0
0
0
0.2234
0.5895
4.4013
2.6699
16.3739
8.3147
17.0881
4.2902
0.8672
1.5558
0.973
0.8603
0.8528
0.7169
2.0453
9.3694
0.1582
1.2814
4.9754
0.6002
0.4528
0.1192
0.0288
0.4672
20.9347
9.3979
6.2415
8.3888
2.669
6.9582
8.35
0.977
0.8139
0.1208
7.7069
11.711
2.2707
0.9759
7.8059
2.2119
0
0.8417
0.7087
0
0
1.0917
5.1045
6.9337
0
12.3677
0.8849
8.5696
0.2027
0
0.4012
0
0
2.8851
25.7458
2.5424
20.9496
8.3909
3.4756
0.3264
0.3512
19.3464
0
0
0.0524
0.0864
0.0076
0
0
0.9786
4.6425
5.435
0.1213
2.0187
0.053
0
1.6325
4.5952
0
0
0
2.8388
0.845
11.852
1.2493
0.3768
21.5887
0.8407
0.3116
0.236
2.6814
1.9028
4.4638
0
0
0
0
0
0
0.522
0.0899
0.1588
27.4816
8.4852
0
0
0
0
0
0
0
7.5704
0.0894
0
0.4201
0
0
3.5873
14.163
9.0874
0
0
0.6483
0
0.1027
12.9017
0.01
0.091
0.025
4.2482
4.7443
1.9388
17.3657
5.6492
14.816
0.6618
4.8735
11.3445
13.8148
0.2814
28.7432
4.7921
0.2826
0.61
0
0.0285
1.1229
0
0.0593
1.6299
10.0655
8.6115
0
0
0.1464
0
0
0
0
0
0
0.0806
6.0715
4.4285
2.1107
0.0357
0
0.0325
0
0.2796
1.4968
0.0253
0.3314
0.1211
0.0364
0.0147
1.4629
1.3297
0.047
2.5553
0.1135
0.2873
0
0.3525
0
4.7838
8.5097
0.5179
11.2529
1.6258
0.1851
0.0951
0.2381
0.6331
25.1375
0.0619
0.6958
0
0
2.4118
16.251
1.5242
0
0
0.2037
8.4516
5.7127
5.5706
0.0498
0
0
0
0
0.5632
0.9272
0.4356
3.3472
1.1973
0
0
0
0
4.3933
3.64
0
0
0.282
0
0
0.0017
0.3052
0.8101
0.0877
0
0.2965
0
0
0.5922
0.4387
7.9026
0.4132
0
0.0593
0.099
0.8817
0
0
5.8043
9.8065
0
0.0296
0.5271
0.1054
0
0.0733
1.9198
0
0.3528
4.8563
6.0914
0.1407
0
0
0
0
0
0
0
0.0748
0.0085
0
0
0.3888
0.209
1.2627
0
0.0558
0
0
0
0
0
0
0
0
0
0
1.7127
4.7291
5.9977
0.1343
0.4584
0
1.9559
0
0
0
0
0
0
0
0
5.9618
0.223
0.2457
0
0
0
0
0
0.5944
0
0.019
1.2901
0.6054
0.0815
0
1.0683
25.6956
2.7766
0.3588
3.7724
0.0669
6.6885
13.4435
0.6786
0.5057
0
0
0
1.4558
4.7257
0
0.3014
2.1685
0.8151
0
0
0.4372
0
0
0.6471
3.0854
0.2269
0.0056
2.0221
1.8381
0.7718
0
0
0.5265
16.4298
8.5205
0.1811
0
0
0
0
0
0
0
0.7416
0.1215
0.5325
1.6647
0.1482
0
16.5388
3.7096
0.4572
0.0421
0.0536
0
0
0.6531
2.5065
0.0971
0
0
17.4787
6.3978
18.8722
7.691
16.719
0
0
1.205
2.7998
0.2256
3.4379
0.2408
0.0502
15.0617
0.4341
0
0
0
0
0
6.1697
26.4155
3.9987
7.946
1.4109
0.7348
1.5415
3.8309
0.0565
0.0584
12.7238
23.7234
5.5414
5.0294
2.4616
7.679
4.2626
7.0517
2.6406
3.4963
0.0414
0
5.2332
0.0634
3.3569
8.0426
0
0.1841
0.2183
0
0
0
0
0.249
0
9.8354
0.6988
0.0534
0
0
0
0.0386
1.8115
4.0792
1.9428
6.066
0.0118
0.1742
0
1.9408
3.2692
7.7808
0.4557
0
0
0
0
0
0.307
1.3601
0
0
0
5.9549
10.5027
1.1833
0.2445
3.2083
27.0298
24.4718
10.5444
0.2311
1.2866
6.3705
0
0.0651
0
0
0
0
0
0
0
0
7.449
3.4165
1.0851
1.1748
11.1546
2.0246
4.8403
6.3212
0.5104
0.463
0.2176
1.7306
0.0646
0
0
0
0.3476
0
2.2513
1.3937
0.7291
0.1361
0.6195
0.4427
0
3.5396
2.8877
0.5
1.7037
0.5501
3.5919
0
0
0
0
0.5166
5.103
0
0.1536
1.2289
0.604
0.0968
6.3311
1.8359
0.6749
0
10.8345
0.1759
0.3881
0
0
0.4738
0.0132
0.0494
0
0
0
0.2509
3.3232
5.8888
0
0
0
0
0
0.0389
0.3045
1.0734
0.2752
0
1.0119
0.3198
0
1.8043
0.6382
25.616
0.9054
2.9628
1.175
4.3777
1.3997
4.2274
6.618
4.0466
2.7249
0.0636
0
1.5564
1.035
2.4054
0
4.3266
4.8242
0
1.7529
19.1794
0.5935
0.0826
2.6431
0.9158
6.1802
1.4445
0.0445
0.9604
0.2664
2.0777
0.8996
1.3812
7.7483
1.0565
0
0.0241
0.0015
0
0
0.1188
0
0
0
0
0
0
0
0
0.0503
0
1.6107
0
4.056
5.2538
1.2826
3.0162
0.3224
0
0.7903
1.9364
1.0069
2.6356
0
0.0299
0.2529
1.6752
1.5711
2.6175
5.7732
0.8576
8.8844
0
0
0
0.0506
0.3052
0.374
7.4053
4.3479
0
0
0.6055
0
0
0
7.5818
2.2726
1.5343
0
2.5089
0.0359
0
0.4561
0
0
0
0
1.0477
2.1508
0.7026
0
0
0
0.2664
0.2416
0.0062
0
5.4744
0.4861
0.8498
0.4498
0
0
0.4982
0.0554
4.4064
0
0.7404
0
18.0434
4.0735
0.3218
0.3839
0
0.2806
1.3567
1.4453
0.5834
3.4077
13.1845
1.9491
0
8.7292
3.4209
0
0
0
0
0
0
4e-04
0
0.7085
0
0.6508
1.0455
1.5633
1.5127
0.0309
0.7972
0
0
0
1.1738
2.6985
0.4862
0.1823
0
0
0
0.0115
0.0856
0.0128
0.3647
0.1643
6.0705
0.2683
0.0496
0
0.075
0.4107
0.6557
4.5237
0
0.6832
0.6866
0.6021
0
0
0.6544
0.693
0
0.8407
0
0
0
0
0
1.3556
4.7448
0.1498
0
0
0
0
0
0
0
0
0
0
0
0
0.3978
0.0446
0
0
0
0
0.7172
2.9444
0
0
0
0
0.0631
0.09
0
0
0
0
0
0
0
0
0
3.3244
4.3316
3.791
0
0
0
0.1206
0.6937
12.4751
1.475
3.8558
3.7907
6.9838
0.0866
2.695
0
14.8291
8.1274
0
0
0
12.7561
5.7017
0.1384
0
1.4475
4.2891
6.5053
5.7003
0
0
0.5863
4.4887
2.6938
1.0089
0.2174
2.3826
6.0157
0
1.9246
12.446
13.4381
0.4406
0
2.5563
11.999
0.5647
0.1664
3.9233
0.9143
22.0474
0.5801
0.2737
0
1.0518
2.043
16.565
5.6798
0.8862
0
0
0
0
0
8.1763
1.6817
2.9607
0
0
0.0644
0.2553
1.1882
4.7174
3.0499
0
0.5806
0.2789
0
0
0
0
0
0
0
1.5598
3.0562
0.1672
0
0
0
0
0
1.0712
0.1175
0.0249
0.0077
0
0
0
7.3363
5.6109
39.3075
0.7157
0
3.8983
2.6134
4.2251
0.9842
0.0279
0.6576
0.1174
2.1209
0
0.2964
0
0.0319
0.324
0.1143
19.6235
17.5014
8.2581
1.4265
4.2668
0.5594
17.3836
2.6442
0.0198
6.0073
0
2.2488
2.471
0.0205
0.0038
2.0953
21.7629
0.5432
0
0
0
0
0.3146
2.6725
0.4671
0.508
0
0.6515
0.27
0
0
0
0
0
0
0.4572
1.341
0.401
0.0154
0.7276
0.1971
0.1427
0.2096
0.2485
0.1131
1.1018
5e-04
0.316
0.1372
7.5666
0.7361
0.6292
0.2744
12.6165
15.6493
0.0012
0
0
0
0
2.1988
1.7073
0.0522
13.8727
0.0252
3.9886
0
0.3268
0.0614
3.3246
2.1894
0.8793
0.7077
0
0
0
0
0.2168
0
0
0
0.4004
1.2853
16.3273
0.0905
0
2.3413
1.7513
0
0.2885
0.5357
2.2613
0
2.3876
1.09
0
0
0
0
0
0
1.2019
0.755
0.408
0.0351
0
1e-04
0
1.8423
7.5058
0
0.2692
0.1463
0.1368
1.1826
0.0561
0
0
0.5665
0
2.2573
3.4099
0.4984
0.2794
0
0
0
0
0.1349
0.1598
0.0095
0.3798
0
0.9369
12.866
0.15
7.8447
0.6182
0
0
0
0.2956
0
6.5366
10.1544
1.4285
10.2657
1.0934
3.2829
2.4401
14.9474
15.8482
3.9358
0.7541
2.4516
2.4421
0.6271
0.1012
0
2.2411
2.7436
1.8055
3.558
2.8816
2.7681
4.3618
1.0799
0
0.0893
0
0
0
7.5725
0.9887
1.2612
2.8644
1.0686
0.1181
0.0841
0.7147
1.195
0.252
11.0941
3.8251
3.0417
1.0436
4.4146
0.878
1.4161
3.2772
6.8286
0.5436
1.9861
0.0113
0
0
3.2164
3.8649
1.6812
1.2062
16.0925
1.2563
16.7846
23.5103
0
0
1.1979
1.3112
25.5767
6.6787
17.3615
5.7773
5.6301
2.314
0.0121
1e-04
0
0.9237
0.5631
0
16.1257
8.2396
5.6483
2.5235
1.9172
1.4944
1.1875
6.8631
1.63
3.4135
2.0768
0.0662
0.2119
0.1238
1.1572
0.953
0.7735
0
0
2.4884
0.1675
7.7919
1.4209
0.5762
0.5803
0
0
1.1854
2.527
0.5111
0.4125
0.2826
0
0
0
0
0
19.2338
19.4854
0.7973
0.2896
0.0239
0.0172
3.7508
15.1148
4.801
3.9979
0.182
9.2914
0.4879
0
0
0
3.6594
2.6099
0
0
0
0
0
0
0
0
0
4.7458
0.7396
0
0
0.2087
13.509
2.5944
1.9688
0.259
0.0773
0
0
0
7.1413
1.8188
0.3948
0
18.2019
0.0134
0
0
0
2.7243
5.0209
3.1502
8.4173
11.7226
0.0619
0
10.367
8.1443
3.0689
12.6493
2.1131
0
0
0
0.1534
0.3282
0.1451
0
0
0
0
0
0
0
0
0.2928
0
0
0
0
0
0
0
6.9091
0.0811
0
0
0
0.1669
3.1207
8.5417
0.4091
28.0404
2.8043
2.6122
0.22
0
0
0
0
0
0
0
3.2264
2.164
0.0901
0.0945
0.2033
0
1.4024
3.2272
8.2222
1.8931
0.9245
0.2144
0
0
0.7886
8.5556
15.5988
10.0172
0.3838
0
0
0.0655
0.0425
0.0545
0
0.1312
0
1.1891
0.6075
2.4444
0
0
0.0331
0.0474
0.1716
0
0
0.5302
0.0473
0.3284
0.0994
0
2.7851
0
0
1.6118
1.7296
0.1823
0
0.1315
2.0218
0.5909
0.4457
0
0
0
0.6454
2.0375
0.13
1.9974
3.5627
6.8123
5.1303
0.3332
0
0.3248
7.102
0
0
0
3.1341
1.4256
1.7386
0.1488
0.066
0
0
0.4602
0.1261
7.0448
4.3402
0.07
7.8798
0.7904
0.0621
0.0124
0.1374
1.7614
0.0421
0
0.0205
4.3117
0.4034
0
5.1032
15.9655
1.9419
8.1642
0.3597
0
0.479
0.0102
1.2241
0
0
0
1.2316
7.9544
24.6964
3.5761
0
0
0
0
0
37.6182
3.7562
0.7425
0.0404
0
0
0
0
0
0
0.0466
0
0.9857
1.5337
0.5607
11.0609
0.7769
0.9034
0
0
0.3099
0.2271
7.9608
0.7567
0.1437
4.1658
0.0688
0.1921
1.329
1.0934
0
0
0
0
1.2876
2.0289
6.5322
2.3622
5.9081
2.2008
0.6687
0.5238
0.3714
0.2928
0.588
0.4227
0
24.6396
1.927
0.5762
0
3.9412
0.0117
0
0.3404
0
0
8.8109
6.6032
0
0
0
0
0
0
0
0
0
0
1.1093
10.4753
24.8525
2.9727
0.0453
0
0
0.1142
3.2248
5.4274
5.1595
9.9269
6.6384
4.8601
18.0361
3.4849
0.1244
0.0352
1.7551
0.2401
0
0
2.5217
5.4371
12.3264
0.07
0.1419
0.2867
0.3128
0
6.3267
3.104
11.9199
4.7498
0.0421
0.1764
1.6326
19.4842
5.4342
0
0
0
0
3.1202
0.6388
0
0
0
0
0.181
1.1327
3.9421
2.7874
1.0937
0.3829
3e-04
8.5883
5.7077
7.795
0
0
0
0
0
0
0
0
0.0807
3.2182
1.567
29.8648
16.5968
3.2915
14.4771
0.607
3e-04
0.0377
0
0.2526
17.8599
14.3335
24.4922
1.9687
0
0
0
0
0
0
3.5423
2.1558
0
0
0
10.2627
4.9769
0.4029
0.0604
0
0
0
2.9962
3.0993
31.9858
0.0448
0
0
0.0524
2.4912
8.7336
3.8719
3.8041
1.3503
0.7467
0
0
0
0
0.0653
0.2886
0
0
0
0
0
0
0
2.2305
11.9482
1.7647
31.1821
0.0631
0.2137
0
0
10.1098
1.5807
6.5973
0
0.024
6.9081
2.0364
2.752
1.6756
0.3356
0.2746
0
0
0
0
0.7317
1.0905
0.0179
0
0.2114
19.5479
0.2114
0.3372
2.32
2.5592
24.3363
18.8164
2.5227
2.249
0.3195
0.01
0.0921
0
0.6848
17.8716
0.0432
0
0.4281
9.6356
0.1198
0
0
0
0
0
0
0
0
0
0
0.0577
1.3822
16.3686
0.6962
0
1.333
2.1754
2.2521
0
0.3608
0
0
0.1618
0.06
0.3879
0
0
0
0.717
11.9469
1.2682
0.1179
0.1299
0
6.6131
5.4517
0.1181
0
0
0.0762
34.0102
1.4267
0.0633
0
0
0
0
0
0
0
0.0256
0
15.2206
1.6241
2.0757
13.2438
0.3329
0
19.9943
1.5996
17.3997
1.9405
0
0.9964
0.5081
3.6662
27.1962
26.1754
0.1395
0
0
0
0
2.4875
0.136
0
0.0278
0.0892
0.4132
11.7895
0.2313
0
0.69
0
8.3584
0.2388
0.0211
0.1642
3.8269
3.784
0
0
0
0
1.0829
0.5062
0.6806
0.0537
4.2064
0
0
0
0
0
0.6183
0.7419
0.2657
0
0
0
0
3.1277
3.8081
7.8431
1.3053
3.0325
0.599
2.0201
1.3286
1.1483
0
0
0
0
0
0.0787
3.5474
0.5971
0.5131
3.5385
0.1734
1.1064
4.2175
2.5917
0.0259
0
0.3004
0.0769
0
0
0
0
0
0
1.6009
7.042
1.0072
0
0.0509
4.5253
5.7815
0.4714
0.9786
3.9081
2.2246
2.0531
0
0.0546
0
6e-04
0
0.4851
1.0928
3.4468
0
0
3.2094
6.3323
1.0435
0.3753
0.127
8.5908
4.4121
2.6979
0.0212
8.3976
0
22.908
11.3621
0.6089
2.084
0.1465
5.6171
0.0612
0.0306
0.002
0.4353
0.6724
0.0269
2.9629
0.1287
0
0
10.1316
2.7851
0
0
2.9094
0
0
0.3545
2.3089
4.307
0.095
1.1982
4.858
1.6969
0
0
0
0
4.5406
8.3016
2.997
22.2923
1.3743
0.0336
0.5309
10.1173
19.4351
3.4582
3.8859
0.0774
4.8751
0
0
0
0
0.198
0.7941
3.5228
0.7946
0
0
2.635
7.6091
0.2256
0.0799
0
0
0.0245
0.3208
0.2271
0
0
0
0
0
4.5951
0.3406
3.6796
5.6819
2.6044
5.4586
0.6059
0.1716
0.3984
1.5917
0
0
0
9.5162
3.5167
0
0
0
0
0
0
0
1.4617
6.4279
0.8225
0.0477
0
0
0
0.1928
6.6863
1.4867
0.0821
0
0.2588
9.4317
0.6126
0
0
0
11.2589
3.4433
0.4033
0
0.2379
0.3277
0.4475
0.1396
5.5557
5.3143
13.5189
16.199
5.1191
0.0601
0
0
0.3743
0.0802
0
0
0
0
0.8776
0.0861
0.2105
0.2387
10.3834
10.378
0
0
0
1.2509
3.8302
0.8517
0
0.6414
0
0
0
0
0
0
0
0
0
1.0874
4.8707
0
0.0837
1.0756
0.2746
0
0
0
0
0.0069
0.9256
18.1829
1.6615
0.4039
0.45
0
0
6.8117
2.0574
0.8142
2.2595
0.7633
0.7034
0
0
0
5.5014
0
0
0
2.9552
30.4417
18.5932
19.1478
6.102
0.0176
0
5.512
1.4778
2.9705
0.1717
0
0
0.2869
1.8726
0.8935
0.0056
0
0
2.6896
0.5197
0.6106
0.0884
3.2588
1.1353
0
7.586
5.2465
12.7102
2.2973
4.3596
0.1307
0.5319
0.0586
1.7401
0.4148
1.2263
1.3333
0.8205
3.4168
3.6174
7.8002
0.6707
0
0
0
0.0062
0.0556
0
4.2339
1.732
0.9232
4e-04
0.0981
0.219
0.264
0.1821
0.5199
0.303
4.2222
0
2.1145
9e-04
0
0
0.5823
0.5172
4.0154
0.7953
0
0
0.4865
4.6433
0.0624
0
0
0
0.0705
0.9581
0.0984
0.6
0
4.2592
23.1215
0.6625
0.3561
0.0339
0
0.0448
0.5404
0
0
2.5716
2.0939
0.8173
0.1112
0
0
0
0
0.5899
0.6201
0.156
0
0
0
0.2763
0.4394
1.329
0
0
0
0
2.2126
0.041
15.2263
0.5879
0
6.8191
5.3339
0.3721
0.54
0.5039
0.1143
0.0372
0.7892
0
0
2.0214
0.2207
0
0
0
0
0.7171
11.1938
4.5448
1.3051
0.2962
12.1579
1.3094
0
0
0.0273
0.0642
0.1986
11.467
3.061
3.5152
0.0598
0.7591
8.8209
0
0
2.9897
1.5566
2.3312
0
0.7742
5.539
0.656
4.8573
0.1719
0
1.3237
0
0
0.0257
0.0073
0.9635
0.6004
1.8233
0.056
0
0.3531
0.4681
11.1668
16.6692
12.2988
0.5419
7.7073
9.4271
5.7529
1.3852
4.9502
2.1963
0.3943
1.1855
0.355
0.4384
3.0977
0.9597
0.5258
0.3434
0.9341
2.2423
0.0127
0
0.7425
5.5145
0.1599
0
0
0.1096
0.1493
0.4854
0.2055
11.86
3.9101
0
0
0.4468
4.9475
12.9785
19.1182
0
1.127
0.3692
1.8885
2.3377
21.0361
0.3317
0.2515
0
0
1.5323
3.5757
0.495
3.0935
0.0719
0
0
0
0
0
5.1116
0.3037
0
3.4412
29.4358
0.6373
0.1326
0
5.0502
2.0706
6.1104
0.5935
0.4729
0
0
0
0.0364
0.281
0.0429
0.4375
0.0292
2.2735
0.0647
0.2486
0.3205
0.7955
10.8009
0.0084
15.7707
28.0537
18.7309
30.3213
1.9457
17.6725
1.1621
4.2923
5.9942
0.8334
1.1238
20.9927
3.6355
0.2325
7.4445
1.1232
0.0582
4.1055
7.2119
9.8707
0.0895
1.7876
6.252
1.2472
0
0
0.0128
2.7032
0.4245
0.7846
8.9335
0.6133
13.3924
4.9566
3.4784
0.4423
0
1.968
6.3708
0
0
0
0
3.2069
1.2837
2.4086
14.1519
7.2497
0
0.0282
0
0
1.7043
6.8673
19.2869
0.7925
18.7379
20.7299
16.2431
4.7955
12.6141
0.0324
0
0
0.4291
0.1206
0.0902
2.8369
9.3556
2.0127
0.2157
38.583
5.1322
0
0
0
0.0215
0.2725
0
0
0
0
0
0
0
0
0
1.3541
2.032
11.6658
0.8358
0.9183
0.7586
0
13.4274
14.1706
3.0434
0.0115
2.5927
1.6055
0.4379
0.0928
0
0
0
0
0
0
0
0.718
0.1334
0.0038
20.8598
13.5575
0.5591
3.2198
0.2977
0.0831
0.3896
0.2349
3.6913
3.754
14.2708
23.8618
1.6575
0.0678
0.0873
0
0
1e-04
1e-04
0.0387
16.163
7.7533
8.232
0.332
2.1811
0.0281
0.0636
1e-04
0
0
1.5685
0.2099
0.2252
0.0916
0.0276
0.0229
0.0663
0.0312
0
9.0709
0.2394
0.0137
0
0
0
0.1474
5e-04
0
1.4443
4.8694
0
0
0
0.0294
0
0
0
0
20.3316
18.0891
8.6325
0
2.0658
10.9542
19.1059
5.9994
0
0.026
0.7608
0
6.8198
0.4698
5.07
7.2809
0
0
0
0
0
0
0
13.5505
1.3944
0.0099
5.3878
0.0036
0
0
0.357
0
0
0
0
0
0
0
0
0.0624
0
0
0
0.2848
0.8467
13.2024
1.042
0.0622
0
9.9649
0.1079
0.003
0
0
9.8788
3.9397
1.3074
0.2781
0.3389
2.1024
0
0
0
0.07
0.3073
21.553
3.9503
0.0858
0
1.8156
0.6433
5.4844
1.8079
0.4915
0.8268
0.1308
1.666
3.8436
6.1796
0.1145
0.4152
5.4406
1.4961
0.394
16.546
1.3328
0
0.0319
0.0225
0.1925
0
0
7.2022
16.038
0.098
0.1068
0
0.0065
0.0857
0.0212
0.1542
18.7808
7.3052
0.4982
0.5759
0.1763
3.4859
1.8884
7.6201
0.6155
0
4.868
3.5427
1.7865
0
0
6.3063
14.973
1.1583
0
0.0305
1.5133
3.0293
0.0296
0.0168
0.9633
3.3376
2.4841
0.0064
0
0
0
0
0.4262
0
0
0
0.0632
0
0
0.6097
0.6259
0
0
0
5.6985
2.8996
0.3786
0
0.1633
1.6245
3.5591
2.0211
8.9737
0.0868
0.1763
0.0032
2.8448
5.8392
0
15.5796
33.9422
13.2479
0.5601
0
0
0
8.1918
0.3301
0
0
0
1.1549
7.2279
10.8062
0.2812
0
0.024
6.4386
10.2898
0.6021
7.1431
1.2257
2.8886
1.893
3.7756
5.9669
0
0
0.1211
1.6667
4.2301
1.6639
5.2739
4.3701
5.6741
0
1.3155
0.051
0
1.3712
0.5206
4.0599
0.0012
0
0
0
0.1288
6.7743
0.3025
0.0288
0.0562
0.5096
0
0
0
3.1075
2.8596
3.851
0
0.3595
0.1409
0
0.36
3.2917
2.8216
1.8545
0.0025
0
0.0058
0.0566
0
0.0548
0.0036
1.3799
0
0
0.0057
0.0468
0
0
0.0028
0.2094
0.3241
0.3159
3.6923
10.8875
7.2031
8.822
0.7462
0
11.4842
0.4617
0.2738
0.8467
0.9136
0
0.1844
0.0098
1.5871
4.4123
0.4114
0
0
1.474
0.1117
0.6923
0.0159
1.998
2.3023
9.623
9.678
4.5164
1.744
3.514
1.5045
0.4446
0.0599
0
0
0
0
0
0.39
12.2126
0.0879
0
0
0
0
0.0872
12.8074
9.3679
0.0223
0.9634
3.2463
4.7342
0
0
0
0
0
0
0
0
6.9078
3.1928
0.5227
0
3.7661
0.2378
3.0422
0.0999
0
0
0
0
0
0
16.5669
13.1955
1.1294
0
28.0807
0.2029
0.3553
0
0
0
1.0167
2.0683
0.3999
3.9266
13.4847
0.5977
0.2202
0
2.6424
1.5535
0.7492
17.3268
1.9062
0.2259
0.0699
0
0
0.3326
0
0
0
1.7356
0.996
0
0
2.3861
2.7719
0.9106
4.205
0.1836
0.4856
0
2.1946
0.1309
0
0.1522
0.1713
0.0519
0.0664
0.1666
0.0663
0.1132
2.1197
1.7594
6.2924
2.8435
0.1121
4e-04
0
1.2431
0.6853
0.0878
0.5485
0.277
0.5567
5.8273
0.0258
0.004
0.0826
0
0
0.2869
1.3617
5.9315
0.728
15.4503
10.691
0.1903
0.487
0.1381
0.1122
0
0.1819
2e-04
0
0
0.0913
6.8507
1.6117
0
0
0.0842
0.4339
0
0
0
0
0
0
0.0274
0.0952
0.054
10.74
2.5051
1.5739
1.8413
0.03
0
0.0532
0
0
0
0.2986
3.5319
3.5104
0.3306
3.2701
3.4674
0
0
2.4307
0.163
0.1425
0
0
0.2458
0.3803
0
7.6558
0.3342
0
0.599
0.143
0
3.9939
0.8802
1.4297
1e-04
0
0
0
6.5156
2.6221
2.0672
17.6097
3.4912
0.9487
0.4307
17.7293
8.9943
24.5025
3.5177
0.1666
0
0
0.112
0
0.0336
0
0
0
0
0
0
0.5045
8.8241
1.8449
7.4638
3.4144
1.3656
0
0
0
0.2829
1.5966
5.1465
0.5002
0
0
2.4237
5.3226
0
0.1033
0.5415
0.0309
0
0
0
0
0
0
0
1.413
6.2044
3.7292
0
0
0
0
0.773
2.468
0
0
0
0
0.1056
0.0746
0.4106
0
0
0.0371
0.8836
2.8711
0.3698
0.1534
1.281
1.0826
0
0
5.3268
2.6565
0
10.2616
32.6855
9.4452
7.2372
3.0403
0.7112
9.7458
0.4384
0
0.5133
0.1192
0
2.4265
0.2329
1.1602
5.3943
5.5944
0
0
0
0.8661
1.5402
0.3034
0
0.2138
0.0558
0.0311
0.341
7.3363
13.104
0.2799
1.0391
2.3771
0.5006
1.5066
6.1935
0.4692
0.3434
0
1.3513
1.4379
0.056
11.6227
2.9786
0
0
0
0
0.8972
5.4191
1.6654
26.648
12.3304
0.0092
0
0
0
3.5314
11.5203
3.4268
0.5588
0
0.1083
0.292
0.2666
1.3915
2.9845
1.1152
0.9017
0.5168
0
0
0
0
2.3125
0.0713
0.0605
0.0144
0.9944
0
0
0
0
1.125
0
0.0735
1.0459
0.0474
0
0
0
0
0.1387
0.9839
6.92
3.3547
2.3734
1.3177
0.7861
0
0.4065
0
0
0
0
0
0.5342
0.7544
5.9293
0.0039
0
0
0
0
0
0
0.0345
0.0778
3.8964
0.0089
0
0
0.7922
0.7562
0.7174
0
0
0
0
0
4.0855
8.4033
0.1734
0
8.3281
4.8189
5.6135
0.012
0
17.4904
2.4141
0
0
0
0.2144
0
0
0
0
0
0
0.3263
0
0
0
0
0
13.4845
5.7249
0
0
0
0
1.8441
0.2727
6.2928
1.3002
17.3041
3.1103
10.6822
2.9801
1.6056
0
0
0
5.251
4.0408
6.2537
3e-04
0
0
0
0
0
0
0
0
0
0
0
0.002
1.7899
2.0704
0.0172
0
0
3.2595
1.6727
3.3331
0
0.0212
0.0085
1.2158
0.341
1.5949
5.1103
9.4366
1.8616
0
0.7287
8.6801
29.7722
4.6785
1.6996
0.2949
0.3274
0
0
0
0
0
0
0
0.1144
0
0
0.3433
0
0.0293
0
0.0312
0
0
0
0
0.2848
0
1.5309
0.1272
0
0
0
0.0824
0.2612
0
1.1485
0.4623
0.1491
0.8981
11.3714
4.7683
0
0
0
0
3.3204
1.1987
24.7773
7.784
0
0
0
0
0
0
0
0
0
0
0.3304
0.6381
0.4152
0
0.0318
0
0
0
2.3385
1.088
0.0472
0.0733
0
0.0095
0.4046
0.1875
1.167
0.0383
0.2512
0
19.7937
28.5904
8.5273
0.4593
10.1891
0.1581
0.0119
0
0
3.9792
10.096
0.6517
2.0244
20.8326
0.0324
0
0.0677
1.1186
0.0065
0.0261
0
0
5.1408
0.0359
0.2933
0
1.5471
5.2456
0
0
0
13.7073
4.3083
3.365
0
0.3316
4.3081
0
0.1159
7.4659
9.0822
3.7514
0
0
0
2.0999
25.0576
2.9736
0.0012
0.2772
22.8205
7.1403
0.0558
0.0485
6.1054
5.8026
2.6125
0.0104
0
0.2917
0
2.0563
0
7.6365
0.4423
0
0
3.4176
0.9373
0
0
0
0
0
2.4083
1.9775
3.481
3.4673
5.2255
9.6459
23.6923
2.4863
3.7406
2.5375
0.6193
0
0
0.7677
5.7139
0.4158
0.0134
0
0.0174
0.0136
0
0
1.2538
8.8649
0.3421
3.1235
2.2947
0.271
0.0242
1.4916
2.557
2.4504
11.5794
6.532
2.4191
2.7715
2.0768
2.0255
0
0
0
5.9309
2.9519
3.2499
6.3986
6.5066
1.0381
0.1876
7.6746
4.227
0.1892
0
2.2236
0
0
3.6309
1.3681
19.309
4.1419
0
0
0.0132
0
0
0
0
0
0
0
0.0015
0
0
0
0
0
0
0
0
0.1308
2.5878
0.2753
0.3106
0.274
0.8258
0.1149
0.1725
0
0.0687
1.3763
0.4287
0
15.4054
0.9553
2.1303
0
0
0
0
0
0
0
0.4287
0.3329
0
21.2084
4.6986
49.049
7.3684
0.0114
0
0
0
0
0
0
0.1524
0.031
0
0
0
0.3198
4.3387
1.6064
1.0808
0
1e-04
0.0328
0.0483
9.9753
0.9711
0.7012
0.7134
5.6893
2.0552
15.4759
0.2075
0
0
0.3261
16.0113
0.0272
0.0172
4.3894
20.6525
1.4781
5.0949
0.0166
0.3216
1.4614
1.7841
2.5773
1.5403
0.1077
0.2077
0.1336
0.0317
0
0
0.0276
0.0467
0.0837
0
0.4203
0.0553
0.8649
0.4143
0
0.3914
0.0312
0
0.4163
2.1275
0.1039
0.1348
1.0156
4.0191
8.1136
0.0098
0
0
6.1623
5.5392
0.0894
0
0.4961
0
1.3287
0.5143
0.1947
0.4119
0
0
0.5584
0.1377
0.5613
3.2683
6.5541
0
0
0.1045
0.5826
0.0525
3.2681
1.983
0.7326
2.8673
0.012
0
1.671
0.6569
4.3757
1.8496
9.1334
0
0
0
8.0647
7.9369
0.0634
0.212
1.3738
1.5194
0.8291
0.1881
0.2214
0
0
0
0
0
0
1.001
1.9346
0.0824
0.2846
0.0508
0.0953
0
2.2239
0.4516
0.3597
0.0534
0.2219
0.1339
0.5562
0.1015
0.0415
0
0
0
6.892
15.9646
3.7169
3e-04
0.2918
0
1.0995
0.866
11.1692
1.7476
0.3466
0
0.263
0
0
0
0
0
0.5907
0
0
0.5693
24.9643
12.1256
0.3764
0
0
3.194
2.9632
0
0
0.2077
0.3299
0.6969
1.5851
4.4888
0
0
3.2328
0.7948
0.1134
0.3902
0
0.2691
0
0
4.6026
3.556
0.1554
5.46
1.8759
0.0733
0
2.0792
4.2368
0
26.5321
16.8899
0.8395
0.4285
3.6663
1.4341
1.2892
10.9469
12.9088
1.3846
0.3353
0.8752
6.4698
2.8306
1.1689
0.0113
2.3366
10.6868
17.9255
6.7133
0.3475
0
0
10.3828
1.7903
3.4773
0
0
0.4059
1.7822
0
1.3265
1.0573
0.2736
4.0541
8.1519
0.1545
0.3042
0
0
0.1405
6.2637
3.2073
1.9161
0.5977
19.1293
12.6836
1.396
2.8189
2.2732
7.2316
6.5987
2.4074
3.0599
0
0.9794
4.9604
8.1229
3.6944
0.6387
0
0
0.1445
5.9574
0.1092
0
0
0
0
0
0
0
0
0
0
0
0
0.4794
0.1509
0.2108
0
0
1.3229
7.8741
17.1888
0.353
0.5905
8.2076
0.8558
0
0.0304
0.0441
1.3113
3.0421
2.0702
0
0.3256
12.5594
16.4723
9.6788
0.6614
0.6712
0
0
0
0
0
0
1.1242
0
0
0
0
0.3146
1e-04
0
0
0
0.4054
0.683
1.0546
1.0768
0.3068
0.337
1e-04
0
0
0.0592
0
0
0
0
0
0
0
0
0
1.1063
8.7314
0
5.4145
2e-04
0.354
6.274
1.058
2.4536
2.0609
2.6001
0.5853
0
0
0
10.2877
11.1424
0.3638
0.2111
0
5.447
15.7414
19.7734
0
0
0
0
0
0
0
0
0
0
7.4453
0.6466
0
0
0
0
0
0
0.6261
15.2881
1.1997
0.7108
0
0.0324
8.4643
0.2176
0.021
0.5873
2e-04
0.874
1.6691
10.5934
0
0
0.3168
0
0
0.5714
1.62
11.1442
8.004
2.1395
0.0073
1.8859
0
0
0
0
2.1939
0.7971
0.3666
0.371
0
0
0
1.6925
9.1893
7.8489
7.4859
3.5175
0.0948
0
6.1815
8.8477
0.8394
0.9832
0.494
2.6779
0.0033
0.4526
0
0.4376
0
25.3083
5.0315
3.2016
0
0.246
12.8883
15.0224
0.532
0.0616
0
0
0.0833
6.3667
5.4002
0.031
0.0813
0.1222
0
0.0616
0
0.161
1.2516
0.3045
0.4447
0.3841
5.279
0
0
0.4454
4.0005
0.3282
0
0
0
3.3792
1.1319
6.8899
0
0
0
0.6581
0
10.7779
0.0064
3.8435
2.3746
6e-04
9.2796
2.4853
0.1737
0.2758
0.0629
0.2373
0.4926
0
19.3099
1.2505
0
0.2136
0.6006
0
0
1.5995
0.3156
1.1483
0.082
1.1024
2.7933
0
0
2.4179
5.1683
3.0723
0.6589
0
0
0
8.2355
34.409
0.0152
2.8801
6.471
0.1328
0
6.2446
4.0392
0
2.0819
1.7829
1.1922
0
0
1.0749
28.7265
0.046
0
0
0.2032
0
0
0
0.7698
0.8613
0
8.6237
0.3539
0
3.1417
9.5228
0.641
1.4734
0
0
0
0.5122
8.4524
0
0
0
0
0
0.054
13.3801
0.6635
0
0
2.6769
0.8362
0
0
0
0
0
0
0.059
0.0026
0
0.7207
4.0837
0.1088
0.1149
3.9116
7.2269
14.657
5.952
7.8863
0.1257
0
4.6297
0.3355
1.0629
0.3966
1.402
0.8148
1.9968
5.1104
0
0.4183
18.9679
9.9094
0
0
0
0
1.6051
65.641
1e-04
0.0267
0.0612
14.7162
0.2732
23.7338
33.3817
14.7127
0.1343
0.1642
0
0
0
0
0
0
0
3.9295
0.4612
1.5388
0
3.0652
0.0176
12.0321
0
0
2.4721
5.423
0
4.8423
5.5026
15.9339
0.2506
0
3.1881
7.2116
6.5867
8e-04
0.3154
0
1.1802
0
11.7222
1.131
33.5688
0
0
0
0
0.1279
6.8638
0
0.4285
0
0
1.2422
5.2643
8.1697
4.024
0
0
1.5992
0.704
3.2225
0
0
0
0
2.1005
0.5111
6.3321
0.0052
0
0
0
0
0
8.6585
3.5842
8.5576
0
18.1837
20.2457
6.1773
0.8564
0.0426
0.2461
0.6187
0.7412
0.0097
17.1671
0.0419
7.354
0
0
0
0
0.7864
0
1.5437
1.8317
0
0
0.6002
0
2.1676
2.1829
7.2157
0.0011
1.9158
0
0
0
0
5.8185
0.1062
4.6776
33.8376
0
0
2.1018
0
0
0
0
0.1721
0.8746
0.5013
0.308
0
0.9255
0.0012
0.1415
0
0
0.8251
1.2323
0
0
0
0.782
7.0905
0.1187
0
0
0
0
1e-04
0.0597
0
0
2.3577
4.2281
13.3418
3.681
0
0
0
1.1956
1.3745
1.5964
0.9749
0.4458
0
0
0.2933
0
0.059
0
1e-04
0.4389
0.1526
7.3782
1.1228
0.2794
0
0
0.3936
3.3923
2.795
6.7004
2.7726
0
0.0597
0.2506
0
15.184
1.9232
0.3927
0
2.7404
4.1511
1.5496
0.6933
0.0027
0.6769
0
0.0017
15.4779
0.0723
0
0
0
0
0
0
0
0
0
0
7.8618
8.3084
6.8546
8.0857
0.6432
0
0
0
0.7041
0.3445
0
0
2.4558
15.7303
1.0159
6.432
14.5903
21.7854
0.0022
0
0.1108
0
3.1165
0
2.2536
0.0302
0.1063
0.2622
3e-04
0.0279
0
0.8541
4.3547
0.0577
0.0298
0
0
0.1229
3e-04
1e-04
0
0
0
0
0
0.2678
0
0
0
0
3.0127
6.2777
3.0782
0
0
0.0132
13.7312
31.557
10.5368
1.4848
2.7428
0.0782
0.2092
0.1037
0.7015
0
0
1.2023
3e-04
2.3063
1e-04
2.05
0.9045
0
0
0
7.0417
13.8747
0.4298
0
0
0
0.2657
0
0
4.0499
5.6842
0.2895
10.7338
3.4982
0.5159
0.2768
0.1034
0
0
0
11.3914
6e-04
0.2439
0
9.5383
0.9181
0
0
0
0
0.0012
21.9544
14.1477
2.924
0
0.1385
0
8.8678
0
19.3689
0.517
0
3.3214
0.187
0.0256
0.026
0
4e-04
0.2502
19.2087
0
0
5.7995
1.7833
5.1197
22.0474
10.4412
5.6549
0.0959
0
1.8705
1.9987
0.2959
0
0.3695
0
0.1396
0
0
0
0
0
0
0
0
0
0
5.4575
2e-04
0
0
0
0.0828
0
0.3537
0.1431
1.0978
0.1719
1.1463
1.1022
0
0
0
1.8283
17.5279
6.9577
27.725
7.507
1e-04
2.8591
1.9944
1e-04
0
8.8179
0
0.5445
0.9629
0.7998
0
0.2245
7.3355
16.7384
11.3122
9.6075
1.3988
0
0
0
6.9915
0
0
1.6291
0.8313
0.0855
0
0
0
0
0
2.9102
9.2492
0.0534
0
6.7409
2.5023
18.6379
33.0336
22.4909
0
0
0
0
0
0
0
0
0
0.262
0
22.9231
26.2278
20.7082
5.4691
1.0516
3.1487
3.5334
0.7971
0
0
0.0044
1.2363
6.6399
0
6.5043
0
0
1.2907
0.0943
1.1458
32.5708
33.6652
1e-04
0
0.1756
1.0468
0
0
0.0199
0.101
0.3937
0
0
0
5.0024
0.2383
0
0
0
0
0
0
0.0234
2.3552
0
0
0.9594
2.6066
13.6532
0.194
0
0
0
0.9391
0.7477
0
0
0.0192
0.3264
0.0875
8.9002
0.0133
0.2956
0.666
15.8452
0.033
0
0.222
0.0308
0
0
0
0
0
0
3.3796
0.0237
1.0218
1.6502
0.0027
0.6577
0
0
0
7e-04
2.029
0
8.6266
0.1877
1.1321
0
0.3128
0
0
0
0
0.2144
0
22.828
3e-04
0
0.0624
0
0
0
0
0
0
0.1437
0
0
0
0
6.4916
4.9665
0
0
0.0732
0.6845
0.3303
0.0308
0.8771
0
0
0
2.9157
0
0
0
0.2676
0
0
0
0
0.3354
0.0345
0
0.1803
1.8644
10.6761
3.1502
0
0
0
0.4226
0
0.4976
1.277
0
0.2006
0.1576
10.7681
6.8462
0.0452
0.0078
1.9974
0.006
3.6781
2.1479
0.487
1.604
2.505
4.4819
3.828
0
0
0
6.4122
0.1071
0
0.0042
13.6828
5.2501
0
3.6097
0
0
0.2443
0
2.2892
0
5.457
2.3738
0.1154
1.1405
0
0.8015
9.9914
0.7757
0
0
0
9.3783
0.5079
0
0
1.0591
1.5546
0
0
0.7809
0.0454
0
0
5e-04
3.4429
0
5.9942
9.1117
1.2582
1.6396
9.9692
0
0.0434
15.7938
0
0.0024
4.9952
0.2737
0
0
0
0
0
0
0
0
0
0
0
0
0
0
0
0
0
0
0
0
0
4.6005
0
0.4532
4.2483
0
0.1514
0
0
23.0991
0
9.7844
0.9034
0
0
3.5579
17.2192
1.4387
0.7038
0.6212
0.4609
0.4177
1.6938
20.3636
0.1221
0
0
0
0
0
0
0
0
0
0
0.16
0.0385
0
2.2077
4e-04
0
0
0.8081
1.6264
0.0014
0
0
0.0749
6.1366
0.0173
0
0.2306
14.6462
7.8742
7.6316
0.4647
0
0
0
0
0
11.9095
6.8819
3.1254
0
0
0
0
0
0
0.0424
0.0613
13.2002
22.2733
2.3607
12.8815
0
0.4802
1.7239
0
0
0
0
0
0.0563
0.3572
2.8006
0.0017
13.7719
0.1655
0.7035
0
4.9838
0.0504
0
0
0
9.1913
2e-04
0
3.8617
0.0028
0
0
0
0.2196
0
0
6.4391
8.375
4.0884
0.0156
4.562
15.5065
0.5013
13.3883
3.8379
0.4869
0.0152
2.658
0.0791
0.385
4.2709
0.971
0
0
0.7456
0.1305
1.7144
1.8693
5.7283
0.0327
3.7332
0
0.0707
6.2119
13.4854
0.0356
0
0
0
2.5367
0
0
0
0.8978
8.2227
12.8624
8.4171
1.6863
0
0
0
0
0
0
0.0092
0.0492
0
8.5464
0.2202
0.0584
0.668
0
0
0
1.8151
0
0
0
0
2.8993
0
0.9056
2e-04
0
0
4.3835
0
0
0.0912
0.2089
26.3137
2.4555
0
0
3.7071
16.239
0
0
0
3.2774
2.3666
1.4659
0
0
9.4879
0.132
0
0
15.5856
0.5553
0
0
0
0
0
0
0
0
0
0
0
0
0.0552
0.2134
23.9316
0.191
0
1e-04
0
0
0
0
0
1.3925
0
0
0
0
0
0
0
2.0626
4.6435
0.831
0.0014
0.4425
0.2055
0
11.3766
0
0
0
0
0
0
0.418
0.0955
10.2
1.9435
0
0
0
11.9199
0
4e-04
3.8513
18.58
2.5366
0.2314
0
0
0
2.7968
0
0
0
0
0
0
0
0.157
0
0
0
0
0
9.3086
3.6691
0
0
0
0
0
0.8236
0.0708
0
0.7687
0
0
0
0
0.8898
0.5935
2.4476
0.8541
0.7046
0.2728
0
0
0
0
0
0
2.1819
0
0
0
0.9274
0.5925
0
0
0
0
0
4.1756
6.5216
0
3.1826
1.0737
0
0
0
8.2868
0.6367
0
0
0
1.3266
4.4256
3.4566
0
6.3214
0
0
0
0
0
0
0
0
0
0
0
0
0.0041
4.5294
0
0.0708
0.2997
3.2783
0.0018
0
7.242
8.5807
0.1358
0
0
0
0.2022
0
12.7136
2.4272
1.8532
0
0
0
0.2949
4.7444
1.0751
0
0
7.7827
18.6665
0.0075
0
0.9903
0
0.0062
0
0
0
1.4611
0.0633
1.0273
18.7905
3.7487
0.1537
0
0
0
0
0
0
0
0
19.4903
4.5163
0
1.522
0.0036
0
0.4969
0.329
1.5026
12.79
0.0204
9.7202
0.8378
0
0
1.8266
0.1522
5.4702
19.1533
0.0016
0
0.5083
10.2328
0.2788
0
0.0022
2.7669
29.3923
1.5498
3.4158
0
0
0
0
0.0402
22.101
2.334
0
0
0
0
0.8167
12.3595
9.8005
12.6887
4.8837
2.6093
0.8452
18.7309
0
0.1356
22.9846
1.8742
0
0.585
29.4702
0.4539
0.516
0.0662
0.9885
4e-04
0
0
26.7013
0.0128
0
2.4707
0
0
0
1.3903
3.7757
4e-04
0
3.6578
4.9468
0.131
0
0
0.0764
0
0
0
0
0
0
0
0
2.1776
24.8114
25.5886
7.8323
0.4296
5.0424
3.4671
0.0674
0
27.3718
25.6568
0
0.0026
0
0
0
0
0
1e-04
0
5.3469
0.4327
0
0
0
0.0455
13.3706
1.1735
0.0054
0.3887
10.1343
0
0.0308
0
0
0.0372
0
3.6016
0.0437
0
0
0
0
7e-04
31.2155
0.8229
7.9118
0
7.0954
0.4084
0
0
0
0
9.2723
2.3565
0.1563
27.0163
3.2023
0.6295
0
0
0
0
0
0
0
0
17.0849
24.9755
7.4721
0.8167
0.098
0
0
0
0
0
0
2.0032
0.3428
3.6551
0.3476
0
0
0
0
0
6.8241
5.9334
0.1631
0.371
0.1882
0
0
0
0
4e-04
0.9577
0
0
0
6.8875
1.1118
7.1436
7.2312
0.0564
0
2.1179
0.1022
0.6209
0.0512
0.0516
0
0
0.1832
0.253
0
0
0
6.8122
2.1878
1.8237
1e-04
1.7336
0.3946
0.0427
0
0
0
0.089
0.0961
3.0665
1.9149
0
0.3
18.2468
5.7169
3.4908
8.4141
0
11.3259
5.9002
0
1.485
0
0.2273
0
0
0
0
0.032
0.2775
0.1814
0.2882
2.2042
2.176
0
0
0
0.1441
1.0173
0.1632
0
0.1138
0
0
0
0
0
1.2191
0.6597
0
0
0
0
0
0
0
0
0
0.1705
0
1.2252
3e-04
0.6931
9.5251
1.3644
0
0.1585
0
0.1594
0.0018
2.3704
0
0.2681
12.514
4.8139
0
0
0.0136
12.1559
1.9292
0.2339
0.0236
0
0
0
0
0.9465
0.2136
1.966
8.0639
0
0
0
0
0
0
0.0364
0
0.5405
0
0
0.1662
0
1.6978
3.5646
6.8595
0.0618
0
8.3978
1.996
0
0
0
0
0
0
0
0.375
0
0
0
0.0485
0
0
3.9585
0
0.992
0
0
30.3603
0.6578
0.4569
4.9009
3.0856
6.2634
1.3734
0
0
7.2931
0.6167
0.7187
0
0
13.2767
1.9276
4.4362
0
0.4409
0
0
0
0
0
0
3e-04
2e-04
0
0
0
0
0
11.5896
0
0
2.7129
5.7817
0
0.1107
28.5601
18.6702
0.7946
3.0584
1e-04
0
9.3606
0.9111
0.4285
4.7
8.6333
7.6151
14.4267
0
1.9705
0
0
2.5887
9.2842
0.27
0.4958
5.566
8.2608
7e-04
0
0
0.0024
0.3394
2.0199
0
0.3726
5.1099
0.8704
0
0.7545
0
0.6258
3.2266
2.6768
5.6921
0
0
0
0.2957
0.0632
0.491
0.8083
2.6778
0
1.8936
1.963
0.4256
0
0.7457
0.0842
0.3001
3.4095
1e-04
0
0
0
0
0
0.1883
0.6599
2.3389
0.9243
16.0608
0.3707
0.6445
0.5234
34.6046
0.1176
3.2295
0.0054
0.712
10.4158
0.2618
0
1.123
1.404
0
0.1882
0
0
0
10.6062
0.2092
0
7.5389
0.419
0.0029
0
0.9079
1e-04
1e-04
5.8102
0.4152
0
14.3922
10.6436
0.0584
0.7209
0.1536
0.0752
0
0
0
1.854
0
0
0
0
0
0.0342
1.7445
2.0906
8.8067
20.9183
0
0.1668
1.3517
2.3278
0
0
0.1139
3.4411
20.7157
0.3281
8.6327
0.1124
0.0683
14.0213
1.0522
1.0313
0.3538
0
0.071
0
0
0
0
3.0691
30.7887
8.6377
0
0
0
0.0846
12.3545
16.6169
1.8667
17.0619
3.2518
18.9313
0.3198
0
0
0
6.5662
9.26
7.8911
2.5828
15.9908
0.8272
0
0
0
0
0.5141
0
2.5675
1e-04
0
0
0
0
2.0081
0
0
0
0
0
0.2815
1.5262
0
0
0
2.6736
1e-04
0
0
0
0.3529
2.7194
0.1962
2.8074
4.358
11.9036
16.0601
1e-04
0
0
0.4601
0
0.2082
0.089
3e-04
0.2839
0
0
0.9468
4.5279
16.9905
0
5.7372
21.1193
1.2737
0.2129
1e-04
0
0.0105
1.9157
0.0738
0
0
0
0.3966
1e-04
0
0
0
0
0
0
0
3.8088
0.4794
0
0
0
0
1.37
0.4234
0.1082
0.4449
0
0.181
0
0
0
0
0
0.239
4.5686
0
0
0
0
2.3856
20.7212
13.384
19.1315
0
0
0
0
0
0
0
0
5.4567
4.3642
0
0
0
0
0.3676
0.1353
0
1.4597
12.023
0.3897
0.7016
0
0
0
9.7111
0.2999
0
0
1.8602
7.5975
0.3252
0.0765
0.0621
0.189
0
9.1478
0
0
0.2457
0
0
0.463
1.7796
0
0.0279
0
3.0647
0.3225
0
0.7905
3.2223
5.9767
13.2068
1.6485
7e-04
9.0314
3.5125
0
1.2375
12.8533
1.8681
0
0.1289
0
0
14.6374
11.2563
0
0
5.9115
21.8124
1.9914
0.1271
0
0.0303
0.0694
0.4671
8.0228
4.2243
0.5757
0
0
0.5701
0
3.1492
10.264
0.4472
0.4841
0
11.9526
0
0
0
4.6839
1.0711
7.0068
1.9096
0
3.9264
22.0516
11.7464
0.4764
0.5368
3.7109
4.1087
1.1665
0
0.9397
0
0
0.0456
0.09
10.671
0.8105
0
0.5018
7.6365
0.7556
2e-04
0
0.0291
8.5642
11.9536
11.9113
1.9115
0.0206
0
0.0583
0
0.0028
3.2818
0.162
3.7513
0.2024
0.1591
0.4987
0.5266
0.1634
0
2.7153
0
0
0
1.8639
0.8485
0.5549
0
0
0
0
0
0
1.5413
0
0
0
0
3.2139
0.3985
0
0
0
0
0
0
0
0.2643
0.3136
0.001
0.3047
3.8444
6.5377
0
0
5.9176
3.7077
1.9713
18.7675
1.5802
0
0.0104
0.0227
0
0.15
3.3551
0
0
0
0
0
0
1.3649
0
1.2955
0.3759
0.6833
0
0
11.2141
0.134
0
11.9166
21.5559
2.7684
0
0.0595
0
0
0
0.0248
0
0
1.9014
0
0
0
0
0
0
0
0
0
0
0
6.6995
1.5255
0
0.0261
0.5514
3.1333
15.9034
1.6959
0.3738
0.1725
0
0
0.1031
24.4549
0.1265
0
0
0
0
0.1612
4.7064
0.1139
0
0.799
0
0
0
0.0465
0
0.2998
0
0
0
0
0.528
9.0998
0
0
0
0
0.1544
18.2811
3.0178
0
0
1.5352
0
0
0
0
0
1.1289
6.5117
1.0184
0.1997
0
0
24.2127
5.2829
0.2583
0.1919
0.1505
3.2502
1.606
0.2577
0
2.8285
0
2.1541
11.7184
1.1022
0.8521
0.2821
1.7967
0.8528
0
0.4469
0.4453
0
2.5176
0.014
0
0.2696
0
0
0
0
0
0
0
0.3273
5.899
0
0.6346
4e-04
1.7496
22.3493
4.0408
0.2978
0.8495
0.1275
0.217
7.7471
0
0
0.4633
3e-04
5.2709
8.446
0.9773
3.289
0.2204
1.2335
0.9597
2.378
0
0
0
0.2312
0.0325
0
0
0
0.0287
0
0
0
0
0.0222
0
0
0
0
0
1.6478
0
0.2296
3.4552
0.5275
0.0987
1.7483
0
0.2627
3.0983
1.0266
0.1371
0
0
0
0.6957
0
0.0873
0
0
0.0039
0
2.8368
0.1909
1.0587
0
0
11.7421
4.199
1.4922
0.2451
0
0
0
0.0144
1.1266
0
0.0587
4.2319
1.1721
0
0.7187
2.7502
0.0718
0
0.2802
14.035
0
0
0
0
0
2.3585
1.7335
11.8448
0
0
0
2.2331
0.8204
0
0.1015
12.781
0
0.1775
1.5552
0
0
15.0985
21.0872
0.0147
12.8809
0.1918
0
0
0
0
0
0
0
0.0587
0.0677
1.5499
0.8687
2.2635
0.2616
0.3712
0
0
0.2268
1.4059
0
0
1.3662
1.4983
3.4592
18.0114
0.5048
0
24.0876
1.0851
7.984
9.4897
23.1186
14.5806
11.939
4.1074
0
0.3254
6.0263
0.2234
0.0663
0
0
10.3159
0
0
0
0.0553
0
0
1.2673
1.6276
0
0.1138
27.3782
0
0
5.0387
1.5552
0.0298
0.0529
1.1602
17.3952
0.1582
0.1125
8.8137
32.8101
0.5586
8.1661
0
0
9.9629
0.0579
1.4698
0
0
0
0
0
0
5.8035
3.6169
0.3855
1.0262
2.9665
0.4855
12.9593
0
4.0904
4.183
0.0665
25.2424
26.8439
4.3503
5.7447
1.0873
0.6465
0
0
0.8411
1e-04
0
1.0663
0
0.682
24.4873
10.1143
1.4029
2.6245
0
0
20.4167
0.3737
0.0127
0
0
0.2189
21.4041
18.0998
13.1972
2.804
0.1888
3.8374
1.2331
0
0
1.8074
3.6801
0
0
1.2861
3.6299
4e-04
0.0298
0.0104
0
0.0332
2.8265
0
0
0.0675
9.3192
2.2316
0
0.2583
0.1722
1.9092
42.74
5.4977
0.0013
0.0343
0
0
0
0
0
0.0794
0.0404
0
0
0.6948
6.1239
0
0
0
3.753
0.312
0
15.6207
1.3344
0.9001
7.6689
0.027
25.7114
1.9309
1.2184
0.1644
0
0
3.2397
2.8465
0
0
0
0
0
1.8292
0.0063
0
0
24.0002
5.8229
1.4346
0
0
0
0
0
0
0
0
5.823
10.6858
0
2.5856
2.0759
0.0694
0.1259
3.4695
0.1868
0.0262
0.0659
0.0264
0
0
0
0
0
4.7557
6.1458
0
0.044
1.1655
1.4442
0
4.9621
4.6
0
0
0
0
6.6458
0
0
22.7588
11.1866
0.0206
0.1995
0
0
0
0.0248
11.3162
1.1811
0
0.1664
0.3974
10.9792
0.5932
0
0.1539
3.8169
0
2.9467
0
0
0.4493
0.006
0
0
19.3902
3.656
0.149
0
0
0
7.1491
8.2716
0
0.0629
2.0033
0.6104
19.1626
2.2278
0.1516
0
0.1187
0
0
0
0.5977
0
0.9566
0.5356
0
1.5022
0
0.3986
0
0
0
0.2665
0.1637
0.1602
0.6951
3.7725
0
0
0.0892
0
0
0.2541
5.6687
0
1.3192
0.0338
1.1344
0.1667
0
0
0
0
0
0
0
0
0
0
0
3.3703
0.7489
0
0.3675
0.7512
0.0688
0
0
0
0
7.8372
0.5346
0
8.7523
6.9263
0
0.9395
0.1578
0.0693
0
0.2147
0
0
1.9236
0
2.2283
0.5839
1.7325
1.639
4.5998
0.081
0.3548
0
3.872
3.5438
8.2446
0.5764
0.1808
2.6756
7.3001
1.4521
0.3642
4.2692
0.0655
0.2674
0
0.1235
0.0017
1.6436
0
0
0.0704
1.1072
3.8972
0.0337
0
0
0
0
0
0
4.7431
0.7156
2.8243
0
3.9159
0.3758
0.6704
0
0
4.9256
3.5532
17.0045
0.1247
0
0
0
10.7529
0
0.0943
5.6049
2.3622
6.5115
2.7728
4.1977
9.6599
0
2.4619
4.6195
2.1152
0
19.5741
0.6466
0.6647
8.4198
0.7117
8e-04
0.101
0.7321
0.2046
11.0844
19.3331
0.6054
3.6017
0.1643
0
0
0
0
0
4.4601
7.1668
22.5322
11.4594
0.108
20.1407
1.0639
3.4113
9.5236
0.207
0.3742
0
0
0.4936
0
0.0441
7.7889
0.0664
0
8.0087
0.1654
0
0
0
0.1137
0.8162
1.294
0.8111
3.1931
0
0
0.0015
0.9851
1.0554
0.0024
0
0
0.0712
3.5113
6.4994
0
0.0179
0.6169
10.6158
5.0369
0
0.661
4.3099
4.3308
0
0
1.6305
18.5018
0
0
0
10.1295
0.8009
0
0
0
0
0.5052
0
0
0
0
6.1434
0.1236
0
0.579
12.8651
13.9624
0.0049
0.4571
0
0.1904
0
0.6209
28.203
11.3988
11.7731
0.0499
0
0.041
0
1.4027
2.1169
0.1707
0
2.3186
1.5401
0.4411
0.0975
0
0.0296
0
0
0
0
2.1026
0
0
0
0
0
0
0
0
0
0
0.0095
7.2395
0.0412
0
1.3118
0
0
0
0
0
0
0.0619
0
0
0.0664
1.5505
0.136
18.9547
0.9767
2.3417
12.5043
0.6354
0.4611
0.2371
0.0585
6.395
4.3086
0
0.0301
0
0
5.2524
2.9409
0
0
15.3279
0
18.7821
0
0
0
0
0
0
0.0287
0
0
0
0
2.4834
4.2514
0.3066
15.5838
1.9417
0
1.3725
0
15.3888
5.6345
0.1357
0.6293
3.0996
1.1011
4.0709
6.2845
0
0
0
0
2.3177
10.0269
0.8793
1.8251
1.6461
2.0642
0.1066
0.207
0.7827
0
0
0.3893
0
0.038
0
0
7.591
17.5312
0
0.0331
0
0.2598
0
0
0
3.762
0
4.4202
14.242
1.9377
20.8835
8.799
0.0104
6.7344
0.0071
0.4271
7.8592
25.2627
11.6093
3.1841
0
0.0281
0
0
1.9714
0.0317
0
4.4602
0.9875
1.4584
0.0263
0.0024
0
0
1.5414
0.866
0
0
0
0
0
0
0
8.7668
7.0735
2.8969
0.1366
0
0
0.4681
2.5649
0.0012
6.044
0.0228
2e-04
0.001
4.2062
3.5958
0.1037
0
0
0
0.0889
0
2.9147
2.7499
0
0.1872
0
0
0
0.6919
0
0
0
1.2488
1.3249
0
0
0
0
0
0
2.1546
1.1011
0
0
4.9228
0.271
4.2764
1.0325
0.1577
0.212
0
0
0.0554
0.9076
21.4898
1e-04
0
0
0
2.2194
0
0
0
0
2.1604
0
0
0
0
2.1483
1.137
1.137
5.142
10.0073
9.1742
20.1492
9.4029
0.8992
14.4802
0.606
0.1581
0.7972
2.2293
0.221
0
0
0
0
0
0.0375
0
0.0885
0.7946
2.112
0.2026
3.9602
7.6451
0
0
0
0
4.9825
2.8647
0
0.5516
4.1263
1.0046
0.3305
0
0.1459
5.778
0.2715
1.0881
0.0288
0.1363
0
0.1533
0
0
3.0896
0
0.8062
5.1964
2.3997
0.2196
0.0039
2.0467
1.0217
0
0.4477
0.2162
0
0
0
0
0.5009
0
0
0
1.0381
0
4.3064
10.5549
12.2901
3.2534
0
0.1861
0
4.6021
0
0.2235
0.7007
1.9831
0.0011
0
13.1055
5.0851
12.1507
10.5379
14.2386
7.8111
2.3995
6.6168
0
22.9881
1.8625
0
3.365
3.9662
3.4037
41.6664
1.5922
0
0.2203
0
0
1.1919
1.217
1.1883
0.0042
0
0
1.1894
1.5308
2.0881
1.9498
0.1384
6.8791
10.4874
0.1092
0
0
0
0.8335
6.3482
0.1296
0
0
0
0
0
3.5998
0.003
0
18.9544
15.1592
0.0022
0
0
0
0
0
0
9.5974
0.2193
0.3755
0
0
0.3565
1.6213
0
10.8437
0.896
0.1585
0.1905
0.0046
0
0.0555
23.2389
0.8967
2.6279
27.2965
0
0
5.6257
0.3439
0
0
0.0616
0
0
0
0.6496
3e-04
0
0.1534
0.6847
0.0575
0
0.3968
0
0
0.372
0.2188
0
1.323
1.3956
1.1941
4e-04
16.024
1.9134
0
0
0
0
0
0
5.4143
0
0
0
0
3.5704
0
0.8184
3.6733
0
0
0
1.5806
0
16.7044
8.7386
9e-04
0.1232
0
0
0
0.0887
2.4363
1.0311
0
0.1788
3.4066
2.6145
14.6792
0.2481
0.4181
0
0
3.3316
0
0.0281
0
1.2562
5.1414
0
0
0.1197
0
0.1876
7.9031
0.1314
0
0
0
0.0255
0
0
0
0
13.8531
2.69
0.7464
8.2416
6.2557
0.0839
5.2906
0
17.1634
5.9115
0.4707
0.6909
0.1703
0
2e-04
0
0.1746
1.5698
0
3.8523
2.5088
0
0
9.9957
8.4798
0
0.0063
3.6181
0
1e-04
0.1783
0.3995
0
0
0.01
8.1393
0.0081
6e-04
0
4.4335
8.6173
13.001
0.7136
0
0
5e-04
0
8e-04
0
0.1868
0
0
0.0044
6.2043
8.4332
0.1318
0.0013
0
0
0
0
0
0
0
0.1811
0
0.1357
1.8031
0
0
0
0.4147
0
0
5.0179
5.5489
0.0389
8.7782
12.1079
1e-04
0
0.5416
0.7003
0
0
0
0
0
0
7e-04
0.3022
0.3676
0
0.6247
0
0
1.3873
7.8454
2.7802
10.3801
0
0
0
10.6554
0.1221
0
0
0
1.3703
0
7.8866
3e-04
0.2012
3.9114
0
0
0
3.7702
0.2187
2.2955
1.4824
3.8707
0
0
0
0.1643
0.2903
0.5033
11.9438
0.2795
0.21
0
0
0
0
0
6.2956
20.8183
5.1625
11.3216
6.3785
14.2243
6.6291
3.1992
10.289
3.1839
0
1.3034
0
0
0
24.6552
12.3951
0.7876
0.0046
0
5.458
3.5622
1.1491
15.1709
2.9709
5.1106
0
0
13.0913
0.3063
0.302
0
0
0
0
0.0291
0
0
0
4.0706
11.8397
3.8103
19.3331
38.3136
1.6091
0.2151
0.0327
0
3.1634
3.6066
7e-04
0
0
3.9702
4.794
12.9531
1e-04
0
0
0
0
2.8404
2.7378
22.908
0.8347
23.2877
0.0046
0.0323
0
0.5959
0.7199
0.0031
8e-04
3.1911
0.1617
2e-04
0
1.1224
3.2524
26.3698
0.8526
4.6525
0
2.5484
0
6.8025
0.103
0
0
0.8268
0
0
0
0.0846
0
0
2.7663
0
0
0
0
7.1192
0
0.0339
0
0
4.0897
0
0.1365
9.5504
5.0104
31.1618
0.4809
0.3946
0.926
1.2687
0
0.0407
2.7715
3.0218
0.2633
0.0014
0.6902
0.2618
0.146
14.8134
4.0245
0
0
0
0
12.5151
4.5264
0.1097
0
0.067
4.8286
0.6166
0.0082
0
5.9092
6.887
0
11.7365
1.4388
7.8723
0.3126
3.6756
0.0012
0
0.0012
0.0886
0
0
11.2093
0.3455
0
0
0
1.0206
47.6146
3e-04
3.6933
2.3863
0
1.4931
0.0525
0.1484
0.189
3.294
16.9823
6.7219
0.6903
0.1704
1.4948
0
0
0
0.002
0.0264
0
9.6832
0.1463
0.7589
0
4.0816
0
0
0
6.1796
23.0961
1.0185
0.3308
0.8146
0
0
0
0
0
0
0
0
0
0.4698
18.1567
41.6995
0
0
0
0
0
0.0565
0
0
0
0.0228
6.4506
4.5076
0
0.2824
0
0.2914
5.7119
0.0338
0.0926
3.807
10.9669
0.2684
0.001
5.3271
7.0144
0
0
0
0.8015
9.6676
8.7644
0
0
1.0703
27.287
15.0985
1.983
0.7182
0
0.0514
0
2.5166
14.6527
5.4996
21.1735
0
0.0352
0.1249
0.0901
0
0.6371
3e-04
0.1057
0.3306
0.0461
0
0
0.3712
0
0.56
0
0
0
0
0
0
0.3502
0.0235
0
0
0.0259
0
0.299
5.3513
3.0965
0.7124
0
1.3009
0.0447
0.0316
0.6561
0.0332
0.0332
0
0
5.4016
0.0719
0.0643
0
11.8178
11.907
0.0011
0
0
0
5.2953
0
0
0.3362
0
0.0264
0
3.1466
17.1232
0
0
0
3.7177
0
2.1492
3.3783
9.7065
1.4171
0
0
0.4252
0.7729
0
0.0137
1.5924
6.5945
0.2016
0.0172
0.159
0.805
0
0.0487
0
0
8e-04
18.9321
3.129
0
0.7408
2.5082
0
0
0
0
0
0
0
0.0308
0
23.2341
25.1468
8.3464
0.0728
1.3603
1.0492
10.7565
5.8161
0
0
0
0
0
0
7.6487
1.1416
0
0
0
0
0.2602
8.2417
0.5394
0.0128
0.0519
0.0056
0
0
0
0
1.5044
8.5753
0.5478
0.0524
0
0.2731
0.2398
3.1371
3.506
2.5556
8.5862
0.0769
0.2468
0
19.0582
0
0
0
0
0
0
0
0
1e-04
0.205
7.5607
0
1.4184
0
0
0
0
1e-04
2.4232
10.1374
0
0
0
0
0
1.2251
4.3596
0.3111
0
0
0
5.5247
0.1802
0
1.7346
2e-04
1.4725
0
6.8697
0
22.4349
0
0
0
0
0.3651
6.2372
1.026
25.8963
4.5961
0
0
0
0
0.0014
4e-04
0
23.9272
9.6013
13.0939
5.6962
15.7821
2.5363
0
0.0416
0
0
0.5077
10.7785
0
0
13.0697
67.0742
42.8709
5.0315
0.1359
3.0418
8.5718
0
0.0448
0
0.0042
0.882
0
0
0
0
0
0
0.0013
3.1175
4.3771
26.8581
0.0104
0.9721
0
0
0.1371
0
0
0
0
0
0
0
0
0
0
0
8.8576
0
0
0
0
8.0453
4.4683
0.9695
0
0
0
0
0
0.3249
0
3.3416
0
0
0
0.0685
3.4534
0.316
3.0174
0.5431
0
0
2.6002
25.4295
0.3754
0
0
1.5188
0.0046
0
0
0
0.1618
0
0
0
0.1618
0
0
0
0
0.525
0.0527
0
0
0
5.1741
0.0667
15.0559
0.3575
0
0.9816
1.8445
2.0539
0
0.0716
8.4985
32.8963
0.0115
0
0
20.6762
0
0.1525
0.0423
0
4.3284
0.0132
0.6339
0.382
2.3915
0.6021
0.0704
0.123
11.5832
0
5.9249
26.0948
1.8299
0
13.1334
2.052
0.831
0.0051
0
0
0
0
7.8882
0
0
1.0134
0.0412
2.8016
1.7283
0
0
0.5169
0.0692
0.2013
12.8228
29.298
1.1504
1.2897
0
0.7925
1.0018
0
0
0.567
0.1106
0
0
0
0.7399
0
0.3531
0
0.7051
0.4877
0.2312
0.8251
3.9209
0
8.3009
0.0012
0
4.2055
27.0273
47.7147
0.5656
0.4653
1.3048
0.2267
0
2.9611
2.572
0.4463
0
0
9.4151
1.2478
0
0.0574
0.0708
4.2113
1.4557
0
0
15.2262
0
0.533
3.4061
0.0055
0
4.3195
14.5008
9.9779
0.445
1.4118
4.1126
0
4e-04
0
0
0
1.0692
2e-04
0
0.0988
5.4505
24.7379
0.5087
2.2
4.2453
0
1e-04
0.0698
0.0547
8.8419
19.9565
0
0.0325
2.5344
10.4689
0
0.1226
14.6467
0
0
0
0
0.7946
3.3209
12.7199
5.13
3.078
0
0.0855
0
0
0
2.2695
2.1093
0
0
0
0
5.1905
1.3745
0
1.2558
6.694
0
0
24.7362
4.5024
0
0
0
4.4943
4.0057
0.7149
1.7292
13.8574
2.957
0.0609
8.3714
0.2303
5.7197
0.2345
6.4977
0
0
0.0272
0.363
0
0
0
1.1141
0.4743
0.121
0
0
20.3861
0
0
16.3189
3.6712
0.2304
0
0.0523
1.8243
3.562
28.7931
0
0
14.2048
3.4448
0
3.5073
0
0
0
0
8.3468
4.8032
1.8881
0
5.6005
24.6108
1.9709
9.0929
2.7853
0.6249
2.3523
0.0168
37.1361
4e-04
0
0
0
17.0367
9.5077
0
1.6699
1.8319
5.2728
0
0.1223
0
2.3693
0
2.4635
2.1918
3.001
1.0811
0
0
0
0.1596
0
0
0
0
0.1107
7.1897
0.4426
0
0.3652
0.6815
0
0.1601
0.1311
2.5624
0.4982
0
0
0
1.6535
2.654
0
0
0.7883
0
0
0
0
0.0043
1.1169
0
2.0112
0.0425
0.0895
0.1371
0.0264
0
0
0
0.0128
0.6129
1.6138
0.003
2.2036
0
5.4433
0
0
47.9513
19.4054
6.7554
0.1956
0
0
0
0
0
0
0
0
0
0
0.1242
0
0.0711
5.037
3.4233
0.0274
0
1.4055
0
0
0.0424
0
5.0047
0.2917
0.7598
0
0
0.1119
0
4.671
14.0736
0.4172
0
0
0
0.9203
0
0
9.3175
0.873
0.9891
2.5745
1.3872
0
1.4671
0
0
0
2.1987
1e-04
0
0
0.6807
0.0749
1.6239
0
0
2.2919
15.4866
5.6636
29.3296
0.6544
0.0026
0.0596
0
0
0
0
0
2.2251
0.1717
0
0
0
0
7.0396
2.3052
2.4657
4e-04
0.4024
0
0.1471
0.0706
0.0376
19.5028
10.2367
0
0
0
2.52
5.2022
1.3652
2.7547
0
21.1181
0
2.984
0
1.243
15.9717
0
2.9375
1.4762
6.8772
0
0
0.1663
0
0
0
0.4209
0
0.6557
0.4258
0
3.0785
8.2945
1.5931
0
1.5646
3.3159
0
0.0309
0.3695
0.2366
0
0
0
0
0
0
0
0
1.5802
16.2428
0
0.121
0
0
0
0.1185
0.1844
0
0
0
0
0
2.6596
42.3712
5.6764
0
0.773
0.8901
0
0
7.71
0.0065
0.4447
2.6729
1e-04
0.0011
0.1143
0.0235
1.3501
6.7805
0
0.4796
1.2839
0
0
0
0
3.6621
55.9155
0.7862
13.5878
12.0222
0
0
0
0
0
0
1.632
0.7462
0
0
0
0
0
2.1145
0.0624
0
0.0071
7.4515
0.7378
0.4085
0.5597
0
11.1133
0
2.6585
18.5528
0
0
0
2.7749
0
0
4.2735
20.1502
1.8293
0.228
0
0
1.5257
12.9238
1.8536
0.5964
0
0.1962
0
0
0
7.0998
1.9342
11.0534
4.1914
0.4421
0
0
0
3.4854
3.5737
9.7564
0.0839
0.0376
0.5115
0
4.2984
27.7687
1e-04
4.8306
0
0
0
0
0
0
0
0
0
3.4776
21.9535
7.3564
0.015
0.0707
0
5.1265
9.1929
2.8793
0.002
0
0
0
1.5093
0.16
0.8194
3.8117
3.3041
0.7832
0.0202
0
0.0105
3.8508
0
36.4018
11.3759
0
0
0
0.0346
0.5961
6.4208
0
0.0399
0.0536
0.0571
0
2.035
0
1e-04
0
0
0
0
0
0.9482
16.1354
0.3512
0.0021
0
0
0
2.3615
0
0.2625
1.3591
1.0679
4.8069
14.9059
0.9249
8.0328
0
1.2873
1.1432
11.5315
1.805
0.9923
0
0.9407
8e-04
0.1658
0
0
0
3.8145
0
0
5.2949
0.1625
0
0
0
0.0736
4.9176
9.7839
0.3407
4.1422
1.0702
7.5699
0
0
0
0
1.0429
15.6138
2.403
0
0
0
0
0
0
1e-04
0.0148
3.6759
11.2145
0.2628
0
0
0
0
0
0.4856
0
0
0
0
0.0538
2.9985
0.9312
0.8734
0.3052
0
0.103
0.2467
4.1976
0.2097
0.094
0.1229
29.233
0.3121
0.0563
0
0.6213
2.809
1.7546
16.8112
1.9681
0
0.2874
0.0219
2.149
6.0333
0
0
0
0
0
0
0.0223
12.6587
1.1331
0
0.0552
0.9912
3.9643
0.3124
0
8.1263
0
0
0
0.1601
0.1086
0
0
0
0
0.0755
0.0245
0
0
0
0
0.7328
0.0426
0.2062
3.5213
1.2058
0
0
0.1216
0
0.8813
1.416
1.7612
0
2.072
3.2105
0
5.8452
6.6031
0
0
0
0.0339
0.2439
12.3822
0
0
0
5.9894
0.0917
0.1154
0
0
0
2.7677
0.3669
0.6678
1.4083
0.4389
0.1769
10.376
1.3508
0.6342
9e-04
0
0.1244
0.9955
0.1542
0.1009
0
1.4208
0.0752
0.1207
5.5939
0.0065
0.2578
0
0.4924
0.037
0
0
0
0
0
0
0.0364
0
0
0.0421
0
6.6801
2.7132
0
0
1.0705
0
2e-04
0
0
0.0344
0.0142
0
0.8569
3.0863
0
0
7.9038
2.2873
0.3707
0.0015
0.1419
0
1e-04
0.7698
0.5698
0
0
0
0.0016
6.6734
0
1.4602
1.3752
3.1256
1.1381
0.1092
0
0
0
0
0
0
0
0
0
0.7896
0.0427
3.4637
9.6086
5.4653
0.3396
0.0318
0
0
0
0
0.0279
8.7973
0
0
7.4587
0.2243
0
10.8568
4.9852
0
0
0
0
0.0464
0.0232
0.6012
0.774
11.1441
25.0494
0
0
0
0
1.2961
0
0
1.3769
0
0
0
0
0
0
1e-04
7.9296
23.4763
18.6522
0
0
0
0
4.3095
6.7023
4.5987
3.5284
1.0114
4.0197
1.229
6.1969
0
0
27.0196
6.1141
1.1292
8.7878
0
0.059
21.8533
3.2749
0
0.4429
5.9913
4.9182
0
0
0
0
6.301
1.07
0.1843
0
23.1926
18.448
2.315
0
1.0673
16.2965
8.4097
0
1.4777
9.3844
2e-04
1.4269
0.2416
14.0162
3.7747
3.6944
0.5814
0
0
2.721
0
0.0203
6.2777
10.3508
2.5231
0.1274
0.5263
15.6
9.5216
0
0
0
0
0.1563
0.0694
0
0
0
6.8371
14.0965
0.2498
0.3268
1.4974
1.0193
0.1023
0
1.7166
0
3.8742
0.1873
0.0619
1e-04
10.4711
8.0162
18.9441
5.5734
0.0037
0
7.1789
1.7763
0
0
0
0.11
2.1809
2.2979
7.6259
1.0548
0
0
1e-04
1.0728
19.8923
1.9239
0
3.8642
2.7018
1.4512
0
0
0
0
13.1445
0.2826
0.0011
0.8091
0
0
0
0
0
0
0
0
1.32
1.7445
0.2331
0.013
0.0802
0.0014
0
0
0
4.0896
0
0.1531
0
0
13.82
1e-04
0
0.125
0.1106
0
0.6117
1.0893
0
0
0
4.4117
18.6927
0.0536
0
0
5.3511
5.4514
0.7461
0.0268
0
0
0
0
0
1e-04
0
0.3628
9.6243
0.4825
0
0
0.1141
0
0
0.4134
0
0
2.5347
0
9.3258
0
3e-04
0.0816
0.2005
0
0
0
0.4808
0.611
0
0
0
0
0
0.0155
0.0664
0
0.3376
0.7662
0.1154
12.087
11.7598
0
0
0
0
3.4239
5.8637
0.1922
32.2981
5.3873
0
0
0
17.324
0.1429
0
0
0
3e-04
0
0.4132
0.024
0
0.7314
0
13.0731
0.1414
0.0147
0.0153
0
0
0
0.0253
0
0.0659
0.3567
0
0
0.1246
0.2034
7e-04
0
0
0.503
1.3866
5.2763
0
0
0
0
0.0784
1.9517
2.511
0.3275
0
9.4967
0.9749
0.7909
0
0.0564
0
0
2.4595
0.3462
1.7346
0.0014
0
0.4513
0.7797
1e-04
0
0.864
0.2745
0.5486
0.0278
0
5.8406
6.8205
0
0.0283
1.4427
0.5742
1.164
0
0
0
0
1.1773
0.1049
0
0
0
0
0
0
2.6436
11.0772
0.8282
0
1.4731
7.1999
0.1372
0
43.5809
0
0
0
1.3816
21.7672
3.1986
0
0
21.1959
0
3.2149
0
0
0
6.1118
0.2145
0
0
0
0.3572
2.249
0.8701
5.2766
0
0
0
0
0
0
0.7891
0.2157
0
1.2054
0.6385
19.3818
0.2067
0.2852
0
14.8674
0
2e-04
2.1888
0
0
0
0.0064
8.8396
1.8758
3.0645
14.4186
15.3879
0
7.4766
13.0505
1.6808
29.2332
1.2784
7.3931
2.8013
0.2996
0
1.7933
3.3987
14.2814
0.0011
0.0273
0.7552
1.3067
0.0309
0.0665
3.5867
0
3.7399
3.0807
11.4128
12.8005
8.6478
2.2564
3.751
2.7423
1e-04
0.3214
0.2688
4.1744
6.9706
28.3362
27.0264
5.8269
1.0274
17.2399
0.2585
0
0
0
0
0.1929
0.284
0
0
0
1.5913
11.3357
0.6777
0
0
0
0.2229
1.99
0.6771
3.6783
11.7297
1.3459
0.0025
4.1644
1.7934
1.5858
0
0
7e-04
0
0
0
0
3.0964
0
0
0
0
0.0083
0.8598
0
0
22.3707
0.0015
0
0
0
0
0
23.4941
0.6505
0.1163
0
13.9351
30.8985
16.426
0.4238
0.7933
0
3.5747
5.2646
2.3335
0
8.3669
1.2334
7.7749
0.1206
0.1644
2.1353
25.3142
4e-04
6.1214
0.2666
0
0
0.0199
7.8351
0.3688
0
0
1.4294
1.6751
0.0037
2.9798
0.0617
0.0247
25.842
13.6855
0.236
0
0
0
0
1.2603
1.3735
0.1079
0.3532
9.7274
0.0269
0
20.8305
25.027
11.2673
0.4446
2.9905
0.0017
0
0.2835
2.4849
0
0
0
9.5823
0.1197
3.6443
0.0276
17.7123
0.2844
0.4619
43.1062
0.0085
1.7947
9.6802
1.4568
5.0036
0.0191
0.3423
0
0
0
0
0
0
0
0
0.6165
0.6877
1.4251
1.4924
2.3416
0
1.7677
38.3744
22.0983
0.1638
0
0
4.0933
0.9061
4.3586
8.4042
0
0.8645
0.0265
1.2693
0.0932
0
0
0
0
0
0.8666
0.1918
4.2647
6e-04
0
0.0351
0
23.2939
5.4043
0
0
0
1.0923
0.0129
2.4414
27.1535
11.4349
0
0
0
15.739
6.945
40.7909
2.9083
0
0.0558
0
4.6058
17.5805
4.622
0.1089
0.0114
0.2514
0
0
0
1.5984
4.3705
12.5619
0
1.1923
0
0.0612
1.9261
20.8007
0
0.746
0.1166
0
0
8.5516
0.3316
0.1959
3.9294
1.3722
0.9621
0.2004
0.0855
0
0
0
0
0
0
0
3.3499
3.207
3.3131
0
0.3513
0
12.5418
0
0.8804
0.5649
4.4931
0
5.4951
0
0.1138
6.155
5.4563
2.3395
0.015
2e-04
0
0.1994
0
0
5.3796
0.0271
2e-04
0
1e-04
0
2e-04
0.9312
0
0
2.1154
0
1.1708
0
0
0
0
2.3778
1.6699
1.2586
14.2611
0
0
0
0
19.3567
1.2679
15.2784
0
0.8283
2.8659
0
0
4.0503
0
0
0
5.3334
5.9497
3.2875
0.8299
11.1901
0.0012
9.2571
0.0493
0
0
0.3764
2.2195
5.2918
0
0
0
0
0
0.8659
0
0
0
5.3565
0
0
0
0
0
0.0242
0
0
0
3e-04
6.2695
0.2702
0.1612
0
0
0
0.0831
4.3744
0
0
0
0.7193
3.1394
0
2.7434
0
1.9067
7.8408
1.015
0.3646
6.6467
0.0855
0.012
21.5517
3.6608
0.8585
0.8681
0
0
0
0
0
0.0011
0
0
0
0
0.3273
0.014
0
0
0
0
0
0
12.582
0.04
0
14.9837
0
0
0
2.1273
0
0
0
0
0.0111
5.8761
4e-04
0
0
0
0.0264
2.8151
10.0014
0
0
0
5.4556
0
0
0
0
0
0
0.3228
2.8954
3.8374
1.2727
0.0882
0.0656
2.7847
0.8383
0
0
0.2188
1.6161
0
0
0
0
1.2669
0
0
0.0022
6.5
20.0935
3.3591
0
4.4827
2.8732
0
1.1533
2.3803
2.7132
0
0
0.0177
0
0
0
0
24.5834
0
0
0.1506
3.0858
22.5361
2.6185
0
0.1857
10.2899
5.2441
0.6933
0.0051
0.0451
0
0
0.5393
0.0657
0
0
0
0
26.815
2e-04
0
0
0
5.6548
1.6395
14.5525
5.921
0.91
0
6.2301
22.598
3.4977
0
0
0
0
4.0505
0.001
0
0
23.4347
4.0082
0
0.9452
15.7506
0
2e-04
1.3967
15.0119
1.3456
0.0735
0
0
0
12.5123
4.0716
0
4.9958
16.005
0
0
0
0.8389
0
0
2.8591
1.9316
0.2188
0
0.5657
5.9338
4.5354
1.1732
0.2086
0
4.715
0.4774
0
4.8536
4.8445
0.2071
0.9253
11.5667
4.6866
0.8612
0.0212
0
0
0
0
0
0
0
4.3605
0.2359
14.339
0
0
0
0
0
0
6e-04
1e-04
0
0
1.1889
0
0
0
0
0
0
0
0
7.2495
0.333
4.0559
0
0
1.2663
5.015
7.7147
8.3406
0.5998
0.1823
0.0013
0
1.4929
0.0204
0
1.056
0.0844
14.3948
2.7617
0
6e-04
0.0332
0
4.46
0.32
2.2921
4.9982
0.8244
0.3433
0.0487
0
0
0
0
0.0255
0
0
0
0.0225
15.063
0
34.751
8.7701
0
0
0
0
0
0
0
6e-04
0
0.2178
0.5776
0.0393
0.4763
4.6055
1.1004
10.3764
1.7329
0
0.7658
0.2812
1.4149
0.0794
0.9802
0
4.0236
0
0
0
0
0
0
0
0
0
0
2.7447
0
0
3.2649
0
0
0
22.5676
14.9136
1.4391
9e-04
0
0
0
0.054
0.291
0
0
0
0
9.8736
0.0372
2e-04
0
0
4.8634
0
4.6925
0.6653
0
0
0
0
0.0922
6.0466
0.8535
0
0
0
0
0
0.009
0
0
0
0
0
0
0.4322
0.5178
13.2247
27.7136
18.2111
1.9832
0
0
5.9271
0.1702
0.5511
6.4833
1.0831
0
0
0.6541
22.1503
0.0588
0
0
16.8939
0.8768
0.0042
0
0
0
0
0
0
0
0
0
7.641
2.4229
0.5362
0
0
0
0
0
0
0
0
0
2.0044
3.607
0.3814
0
0
4.7853
13.693
0
3e-04
2.2179
13.462
2.9495
0
0
0
0
0
0
0
8.0962
1.9168
0.1465
16.5608
0
0.4674
5.8878
0.0782
0
0
0
0
0.2817
4.0938
0.0821
0.4001
6.054
12.0897
5.3245
5.2546
1.5491
13.2188
0.353
5.3276
6.8578
7.8083
14.6515
2.3531
15.8876
27.2858
31.2704
0
0
0
7e-04
0
0.0703
0.0714
0
0.0973
37.5528
0
4.7602
0.0165
0
0
0
11.2177
0
0.0016
0
5e-04
4.7659
2.6086
21.4414
0
0
0.0119
13.7624
0.1664
1.0035
0
0
2.3237
5.6636
0
0
0
0
0
0
0
0.0079
3.3712
12.6904
0.5803
0
0
2.0571
8.4556
0
0
12.0867
1.0543
0.3248
0
0
0
0
0.1459
0
1.0887
0
0.093
3.3781
4.476
0
0.1447
3.3041
0
0
0
15.8813
20.6619
0
0
0
0
0
0
0
3.4849
0.6725
0
0
0.4077
17.2401
37.0222
24.3655
4.4838
0
0
0
0
0
0
0
0.0017
3.8269
0.9778
0.1353
6.2333
0
0.3967
0.1015
0.6354
6e-04
0
2e-04
0.0594
0
0
0
10.2476
12.7052
3.1479
0.1072
6e-04
0
2.8222
1.3719
0.5159
0
0
1.7577
2.7518
0
0
0
0
8.1827
5.1292
0
0
4.4914
4.1475
0
0
0
0
0
0
0
0
0
0
0.0186
0.5189
0.033
0.5469
0
0
0
0
0.0814
0
0
1.8436
0.1283
0
1.634
0
0
3.6694
26.1007
48.5232
0
0
0.0061
0.0059
0
0
3e-04
0
4e-04
0.6656
4.6213
0
0
4.5799
5.5374
0
0
0.5688
2.9706
13.2529
0
0
0.4208
0.0238
1.4863
0.717
3e-04
1.9819
0
0.6126
0.1062
0.1062
0
1.1282
1.8594
0.6516
0
0
0
0.2276
10.7594
13.4418
0
0.9095
8.6995
0
0
2e-04
5.4843
0
0
0
0
0
0
0.0625
1.4266
4.9332
0
13.5189
3.4484
0
1.1067
0
0.0186
0.0106
0.0702
0
0
3.6467
0
0
0
0
0
1.3351
0
0.8935
0
9.519
0
0
0
0
0
0
3.0986
0.6205
0.0027
0.5567
0
0
0.0608
0
1.3339
2.7554
0.4738
0
0
0.0098
0
36.8903
4.6817
0.0524
0
8.2092
11.3953
1.2675
0
2.449
0
0
5.8004
10.6551
0
0
0
0
0
0
0.0053
0
0.0952
5.4424
0
0
7.7322
4.7225
7.8194
0.5417
0
0.4496
0.8209
0
0
3.7328
0
1.1561
5.3216
0.0855
6.1437
3.8411
3.0227
14.9141
0
3.0899
0
0
0.0371
8.1803
2e-04
0
0
0
0
0.1297
8.3385
1.0133
0
0
0
0.0653
1.7137
17.4845
0.1365
0
0
19.1582
0
0.2153
3.8421
0.2633
0.2801
0
0
0.0487
0
10.3974
10.3515
10.593
0.098
0.2169
13.6416
17.2508
6.522
2e-04
0
0
2.8909
0
0.2212
0.1646
0
0
0
0
0
22.6244
0.1905
0
0
0
0.2647
0
0
0
0
0
2.1508
0
0
0
8.5933
0
0
1.4541
1.1711
0.1294
0
1.8088
4e-04
0
2.187
0
0
0.7658
7.3032
0
0
0
0
47.9111
2.1785
0.1596
0.0016
0
0
0
0
0.5835
5.4695
0.7008
2.6928
0
0
0
0
0
0
0
0
0
1.7242
4.7648
0.0063
0
0.1398
26.798
0
0
0.0057
63.5462
11.6428
0
0.3392
0
2.7048
3.8673
0
0
0
0
9.5884
1.0669
0
0
0
0
0
0
0
10.4428
0
0.6987
10.6693
1.6919
0.049
1.6919
6.4364
0
0
0
0
0
1.4344
5.934
6.3294
3.6336
8e-04
1.8403
0
3.4933
0.0609
0.0457
0
0
0
0
0
1.3989
0
0
6.2455
2.1179
0
0
1.9896
0.797
3.577
1.7352
0
0
0
0.8133
0.4384
0
0
0
0.7398
5.3893
0
0
0
0
1.49
3.1084
17.5911
0
0
4e-04
0
0
0
0.7823
0
0
0
0.5126
8.5923
0
0
1.6385
0.1212
0
0
0
0
0
6.7702
0.2247
0
0
0
0
0
0.9373
9.4269
1.0699
0
0.0527
5.6174
0
0
0
0
0
18.9163
8.8231
0
1.7439
1.035
0.0129
0.3451
0
0.1418
8.8807
0.0188
0.0173
0
0
0
0.0866
0
1.883
6.0288
0
0
0
2.7787
1.6495
0
0
0.53
1.2801
0
12.4537
4.6701
4e-04
6.2321
0.0777
0
0
0
0.178
0
0.1816
0.1308
0
0.3353
0
0
0
0.2637
0
0
4.1201
0
0
0
0
0.5328
0
0
9.2927
0
1.9251
0
0
0
0
0
0
0.5231
0.0752
0
1.7061
6.5589
0
0
0
0
0
0
0
0
0.9167
0.1119
3.0792
13.3395
0
0.006
0.1083
0.0385
0.6055
0
7.0365
3.8223
0.1114
0
0.6763
12.1017
1.209
18.6849
2.1946
0.7197
0
4.7393
0
0
0.1872
0
0
4.9434
11.2524
0.6688
0.0291
0
0
2.8772
0
0
0
0
5.6227
1.8254
0
0
1.6828
2.4531
0.1234
0
0
3.8664
3.742
5.5196
0
0
0
8.5956
2.8385
4.4479
1.1283
0.5714
0
0.0394
0
0
0
0
8.1463
17.4475
1.5687
5.0081
4.6454
59.1585
0
0
0
0
0.715
0
0.0656
6.2968
10.3868
0.8459
2.4201
6.9549
7.2304
10.3921
10.8488
8.8607
5.3203
2.4831
3.043
0.2515
1.1946
1.7333
0.392
0
6.9805
0.2497
49.4375
50.159
4.0423
1.023
0.8943
0
0
0
0
0
8.2276
1.2014
65.6376
0.82
0
13.6396
2.0157
9.6678
0.2003
0.0024
6.5443
11.2547
7.0083
0.2651
0
0
0
0
0
2.2168
0.0021
0
2.7363
1.937
0
0
0
11.8293
9.7687
0
0
0
0
0
7.4366
1e-04
0
0
0
11.8412
0.0187
0.4339
33.416
1.4351
5.6539
0
0
3.3746
12.8304
0
0
0
0
0.3
4.9183
4e-04
0
2.9251
0.1911
6.2679
33.2328
0.0048
0
0
0.3272
0.4842
7.3438
4.7294
0
0
0
0
0
0
17.6928
0
0
0
0
0
0
0
0
0
1.8969
0.0868
0
0
4.337
0.0505
0
0
0
0
1.258
0
0
0
0
0
0.1409
0.947
0
0
0
0
0
0.5313
0.0528
3.571
2.5163
0
0
33.1233
0.001
0
0.2896
2.9865
0.2288
0
0
0
2.8017
0
0.0797
0
8.1971
0
0.6101
0
0
0
0
0
7.0595
0.8179
0
1.9679
0.3434
0
0
0
0
10.0203
6.4196
0
0
0.3528
0.2167
0.0623
0
0
0
0
0
0
0
0
0
0.6475
3.1326
0.8196
0
8e-04
0
0
0
4.4472
0.2978
2.8615
6.2882
0
5.0224
24.1086
30.0906
6.1763
0
0
0
0
0
0
0
0
0
6.3071
0.2207
24.4445
0
1.4847
2.6083
0
5.5201
1.5714
0.1865
0
0
1.1262
0
0
0
0
0
0.0839
0
6e-04
0
0
0
0.4814
1.467
11.2383
0.733
0
0
0
0.0392
0.6678
0
0.3231
0.2108
0
0
0.316
0.2469
0
0
0
0
0
0
0
30.3352
7.4011
0
0
0
0.2607
10.0364
0.6343
1.5819
2.474
1.4457
0
0
0
1.1035
20.4939
1.6437
0
11.5926
4.912
0.0851
0.2084
0
0
0
0
0
0
0
25.3382
0.3253
0
0
22.8968
0
0
16.6134
4.9489
2.6096
0.6843
0.1117
0
4.75
16.4053
2.647
7.6016
3.3864
4.1385
0
0
0.129
0
0
0
0
0
0
5.3431
7.1763
0
0
0
13.4829
0
6.3293
2.5704
9.3239
8.1082
12.0814
5.2333
0.5533
4.4187
0
0.0407
0.1713
0.741
6.7825
0
3.9595
9.6736
4.0092
0
0
0.9474
2.236
0
0
7.0229
0
0
0
0
0
0
2.1849
0.1381
0
0
0.0542
0.1415
0
2.616
20.7537
0.9795
0.7629
0
0
0
0
0
0
0
4.6493
0.472
0.7795
0
0
0
0.0012
0
25.0829
6.732
0
1.9126
2.014
0
0
0
2.1382
0
0
1e-04
0
0
0.0115
0.6935
0.3027
0
0
0
0
8.6657
0.4718
0.2769
0
2.3736
4.2767
0
0.1787
0.0029
0
7.1028
0
0
0
0.009
1.7079
4.2755
2.5025
0
0
0
0
1.0892
0
0
0
1.0229
2.6496
12.3773
1.9717
26.0195
2.5216
1.3996
13.322
0.0021
2.3726
1.5494
12.9547
0.942
0
0
0.1328
7.4654
0
14.0263
0.2102
1e-04
0
0.4591
0
0
0
0
0
1e-04
0
0.2271
8e-04
27.0788
0.0378
0
0
4.8649
0
0
46.6956
0.0438
0
0
0
0
0
0
0
8.03
0
7.6844
7.9355
4.9669
7.2499
1.4
0.0358
0
0
0.1216
0
0
0
0
0
0
3.2676
1.8283
0
2.5097
0
0.0452
0.3936
16.0774
12.6823
0
0
0
0
1.8141
3.8025
0
0
5.5188
0
0
0
4.1846
0.7306
4e-04
0
0
3.0052
0
0
0
0
0
0
0
0
0
0
0.6707
2e-04
0
0
3.4608
4.9752
0
0
0
4.3745
6.4386
0.319
0
0.0183
0
1.0437
2.7357
7.9977
0
0
0
0
6.7398
4.7757
0
0
0
5.2861
2.7067
0.6392
0.4459
0
0
0
0
2.0906
0
4.0136
2.2139
0
4.9597
0.8727
0
0
0
14.9824
16.835
0.3603
0
0
0.002
0
6.1775
2.5338
23.1645
0
0
0
0.1242
9.595
0
0
14.2498
0
0.5515
7.0037
1.1777
0.5235
0.2164
4e-04
0
0
0
2.7215
0.0018
0.009
0
0
0
0
20.4364
1.5327
1.0479
0
4e-04
6.6187
0
0
0
0
0
0
0
0
0
0
0
6.1565
2.6992
0
0
0.3182
7.9289
0.8357
0
0
0
0.281
4.2714
0
0
0.094
0
0
1.7961
0.3594
0
0
5.0704
2e-04
0
1.939
0.2661
0
0.0175
1.2486
0.0742
9.4983
4.8876
0.039
0
22.4401
2.6993
0
0.75
1.7384
3.5677
2.0688
14.4726
7.1022
0
0
0
8.2794
0
0
0
0.1162
0
0
0
4.1782
8.7937
5.6662
0
0
0
0
0
1.3674
1.3182
8.4195
15.1797
8.5457
3.0713
0.0081
28.5825
34.7413
1.8578
0
0
0
0
7.8648
0
0
0
0
0
0
0.4396
17.3967
4.6291
9.3857
0
0
1.3777
3.6315
0.317
13.4161
3.974
7.0632
0.0471
0.3461
0.5657
0
0
0.1101
0.2484
0
0.1125
0
0.0307
0
0
0
13.8244
6.0468
8e-04
4.8969
4.6464
3.5315
1.2496
0.0599
8e-04
1.7284
18.6216
1e-04
0
0.817
1.8023
0.0963
1.9542
41.7676
21.8734
4e-04
2.6049
1e-04
0
0
14.4587
0
0
50.8709
2.5576
5.5379
50.6524
0.0048
0.0016
5.4743
0.093
0
0
0.2384
0
10.6272
2.3609
0
0
0
0.2628
0.3099
0
0
0
0.003
1.1127
5.6807
3.9089
2.7928
1e-04
0
0
8e-04
0
0.872
1.1135
0
0
0
0
9.3194
0
2.2352
5e-04
7.9778
3.6503
0
0
0
0
0
1.5941
10.5949
0.0052
0
0
0.0955
0.0852
0.443
13.6652
2.5331
7.4458
0.2305
0
0
0
0
1.0224
2.4738
0.001
0
0
0.3851
20.6148
0.0129
0
0
0
0
0
0
0
0
0
0
0
0
0
1.1048
0.4799
2.5096
4.6565
13.9842
3.5196
0
19.1103
1.0224
0
0
0.6099
0.0238
4e-04
0
0
0
0
0
6.3655
6.3414
0.2352
0
0.5729
10.0387
0
1.4588
0
0
11.3862
5.9373
1.2909
42.5113
5.3184
0.2483
0
0
0
0
1.3684
1.9521
0
5.7001
0
0
53.1569
3.4201
0
0.0375
0.5449
0.0116
0
0
0
0
0
0
2.1159
0
0
0
0
0.5477
0
0
0
0.3667
2e-04
0.0033
0.2885
0.8971
2.2386
0
0
0
0
0
0
0
0.1186
7.2548
3.8289
1.0658
0
0
0
0.407
0.7843
0
0
0
0.0255
0
0
0
0
0.7902
0
0.483
0.8505
14.933
0
0
1.0108
0.359
0.1788
0
0
0
0
2.2262
5.8842
0.2508
0
0
2.1609
0
0.9851
0
0.0313
0
0
0
2.4145
1.815
1.7011
1.2296
0
3.0852
0.3753
0.6318
0
0
0.2207
3.824
5.4999
0.0128
0.889
21.0553
6.8694
10.2446
4.1915
1.8362
5.2234
10.923
0
0
0.5201
34.9323
3.4533
0
0.0818
0
0.3592
1.5196
0
0
0
0
0.0231
0.5466
0
0
0
0.7817
0
0
4e-04
0.1113
0
0
0
0
0
9.1897
2.8556
19.003
4.0742
0.1607
0.12
0.6338
13.3875
2.7951
0
0.8069
2.2632
0
0
4e-04
0
0.8796
0.1046
13.6948
28.8162
0
0.5262
0.101
1.4836
0
0
0
0
4.2681
1.797
0
0.0284
5.0317
0
0
0
0.2426
27.2707
0.5168
0
0.4093
0
0.0062
0.7894
5.4231
1.3325
0.3352
18.0946
9.6439
6.6711
0
0
0.854
3.4043
0.2707
2.3448
1.8011
0
0
0
3.4009
0
0
0
5.5597
6.5477
9.9365
0.0692
0
0
1.0243
0
0
3.0693
13.5974
20.8332
11.7642
4.1217
15.8129
0.2181
0
3.1154
0
0.2917
2.8229
4.2885
7e-04
6.6319
16.472
0.1066
0
0
29.3125
0.3003
0
0
0
1.0912
1.6593
3.294
6.0473
0
0
0
0
3.6477
0
0
0
0
0
0.0878
0.0119
0
0
4.8231
9.0693
8e-04
0.1419
0.0938
0
1.6725
1e-04
0.0064
0.0175
0.9321
5.2164
15.1683
0.0044
0
0
0
1.0149
30.2645
3.4606
0
2.9126
0
2.3171
0
0
0.0707
12.3135
9.048
9.3107
0
1e-04
29.0948
0.3201
0
0.0062
12.4209
4.8165
0
0
1.0844
0
0
0
0.0951
0.8023
1.353
0
0.0126
0.0742
8.8801
12.9107
7.5144
0
0
0
0
0
0
0
0
0.4933
0
0.0132
0
0
3.0953
12.0298
8.805
0
0
0
0
0
0
0
0.4354
5.2783
9.0504
13.1649
0.007
0
1.4006
3.3228
0.2962
1.6541
0
0.0883
0
0
0
0.1637
1.92
0.0572
0
0
0
0
0.8461
7.0483
20.1708
2e-04
0
0.5962
26.4012
11.6263
2.4379
2.2995
1.4595
2.8558
0
0
4.7628
0.8283
0
8e-04
0.5582
0
8.1621
0.2096
0.001
4.3125
0
0.1711
0
0
0
5.3168
0
13.0626
0.4905
0
0.0684
0.561
9.1129
2.8555
1.3842
0
0
1e-04
0
0
0
0
0
0
0
0.1545
0.5987
3.6258
0
0
0
2.5662
16.1214
0.5593
0
0
0
0
2.5777
2.5163
0
0
19.2876
2.1125
0.1418
0
0
0
0
0.2765
2.5187
0.1664
0
0
1.5932
1.2947
0
0.0114
0
0.9763
0.2624
3.2231
1.1651
0
0.0149
10.2873
0.9558
0.0014
0
11.9221
0.6382
0.0762
0.0197
0.0012
0.394
0
0
3.3918
1.0923
17.3168
6.8626
0.104
0
2.6992
1.2663
18.5265
0.0088
0
0.0147
0
0.6721
0.1259
0
7.1819
0.2452
0
0
8.8668
0
0
0
0
0
0
0.8296
0
0
0
0
0
6.4189
16.6527
0
0
0.0629
12.8349
0.0099
1.3714
0.7325
0.0024
0
0.3392
12.0028
1e-04
0
0
0.4789
0
0
0.7484
3.5646
20.3767
10.8926
0.0012
0
0
0.4499
0.1187
0
0.7758
0.5232
0
0
0.0313
5.7366
0
11.2768
0.4591
2e-04
0
3.1113
13.4372
21.8501
0
0
0.0433
0
2.9083
40.4303
2.5449
8.1675
9.5921
4.2253
5.2663
4.9746
4.016
0.4602
0
0
0
0
7.6201
2.0722
3.6451
5.8739
7.2841
0
0
0
1.3236
3.6292
19.1405
2.2055
0.7409
1.2974
4.1001
0.0065
5.1975
9.6109
1.5472
14.4682
5.2342
5.4553
0.043
32.5129
28.9017
0.8082
0
11.6029
0.1333
0.0047
0
0.7006
3.9377
0
0
5.6924
4.8889
6.7542
14.4999
0
0.0017
0.0735
21.2634
0.3319
0
0
1e-04
1e-04
0
0
0
0
0
0
2.7669
11.6951
2.7929
4.1641
2.006
5.7735
0
0
0.2254
9.7158
0
0
3.8216
6.6755
5.6125
19.2561
4.839
0
0.0143
1.3933
11.8962
0.5813
1.3927
0
0
0
0
0.3889
2.7808
0
0
0
0
0.0117
0
14.2573
0.0105
0.1518
0
0
0
1.5717
9.1318
0
0.6062
1.041
1.7613
12.0311
26.9437
4.3117
2.9286
22.8663
0
0
0
5.1268
10.0026
0
0
0.6781
0
6.6249
0.1865
0.1307
0
0
0
0
1e-04
0
0
0.6462
4.37
11.7947
3.2566
0
0
0
0
0
0
0.5101
0
5.8891
0
0.1136
0
2.1421
9.7826
1.1562
23.277
0.0024
2.9397
0.2214
0
0
3.1114
1.8416
0
0
0
4.8719
3.7245
0
0.319
0
6.8295
0.0012
0.0464
4e-04
0
2.3605
1.9381
0
0
0
19.1981
5.4006
3e-04
0
18.8756
20.0061
1.4222
0.6029
0
0.0065
0
0
0
0
0
0
9.2566
1.7429
0
0.5053
0
0
0
5e-04
0
0
0.459
0.061
0.9086
1.0081
0.0018
0
6.4264
0.0016
0
0
3.5471
4.0919
0.0146
0
0
0
0.1309
0
9.1836
0.1537
0.1126
0
0
2.664
0
0.2406
0.7597
0.7697
4.5961
0
0
0
0
0
0.178
0
0
0
7.6068
12.4864
4.4385
0.563
0
1.2256
4.4785
0
0
4e-04
0.1356
0
16.6836
22.4492
10.4213
2.881
0
0.582
0
0
16.1789
0
0
0.1944
0
0
8.3472
3.1204
0.0079
0.0671
0.0575
0
0
0
0.0928
0.0106
0
1.8915
0.54
6.8796
0.9514
0.4263
0.9291
3.2801
0.5531
0.1393
5.6381
0
0
0
2e-04
3.1389
0
0
0
0
0
0.7189
6.835
6.842
0.6552
0
0
0
7.5811
0.8781
0.0544
0
0.8755
0
0
0
2.7661
4e-04
0
2.5146
0.0151
0.0427
0.0031
0.0075
12.9213
11.7594
5.1364
0
0.2861
3.4122
0
0.2064
0.8685
1.8222
21.9194
8.7696
5.6191
8e-04
4e-04
0
0
0
0
0.0422
3.8176
8.2797
8.601
0.4363
0
0.0643
3.5525
0
1.8861
0
7.1318
0.0904
0
0.0699
1.2774
1.8702
0.6457
0.4925
4e-04
5.8956
0
0.7469
0.8101
1.0778
2.6169
0.0018
0
0
0.0217
0.0125
0
0
0
4.1984
1.6425
0
0
15.3659
11.3927
0
1.2869
12.5582
34.8317
0.1893
0.3101
2.7976
0
0.1737
0.5056
2.9767
4e-04
0.8242
5.0991
0
0
0
0
0.0084
0.4379
0.4888
0.0048
0
0
0
8.0543
0.0837
0.0804
14.379
0
0
0
0
0
0.0064
0
0.2892
0.3574
14.5964
0
0.1592
1.5086
2.4536
7.6153
0
0
0
0
8e-04
1.8716
0
0
0
5.3588
0.8575
8.7404
0.7504
0.0931
1e-04
0
0
0.3812
1e-04
0
3.6769
0
0.0745
9.0377
1.8905
0
0
0
13.8791
1.9489
0
8e-04
0
21.1635
2.5847
0.008
0.0796
0
0
0
0
0
0
0.0203
0
0
11.9876
4.0997
6.878
0
0
0
0
0
0
0
5e-04
0.0219
0
0.4284
23.5959
16.8259
5.652
0
0
5.7189
0
0
0
0
21.8698
7.2823
0
0
4e-04
0
6.467
0
0
0
0
0
0
0
0
0
0
0
0
0
0
3.2331
1.1976
1.0968
0.0046
0
0
5.153
4e-04
0
0
0
0
0
0
0
5.4122
1e-04
2.5456
0
0
0.0027
7.4043
7.5006
17.8864
28.8311
6.1312
0.1023
0
0.5821
0.3738
2.6132
8.4321
3e-04
0
0.4018
0
0.0058
0
0
0
0
0
0
0
3.3314
0
4e-04
0
10.5192
0
0.0608
0
0
0
0
21.5744
4e-04
0.0322
7.7445
8.2881
4e-04
0
0
7.2935
4.6498
8e-04
0
0
0
0
7e-04
0
0
0
0
4.5805
0
0
0
0.5465
3.5769
3.0366
0
0.5429
0.6855
0.1381
0.8242
0.7769
0.0353
0
0
1.5915
0
6.5589
2.1687
