1980 1 1
0.0184
0.1812
0.3927
0.6927
0.9141
0.3097
0.6303
0
0
0
13.3757
0.0912
0
1.2665
0
2e-04
0.0267
0
0
0
0
0
0.9526
0.8144
1.8617
0
0
0.0552
0
0.0527
0.0665
0
0
0
0
0
0.0528
0.0233
0
0.4931
0.1394
0.06
0
0.0243
0
5.5327
2.2827
0
0
0.0233
0.0176
0.6501
12.8579
0.0507
0.0112
0.8588
1.0122
0.036
0.6548
0.1323
0
0.0554
0
0.0449
6.4898
0.0439
2.1533
15.3171
0.0906
0.0083
0.0201
0
1.4393
1.3335
0
0.4527
15.565
0.6277
0
0.4864
30.2324
0.071
0
10.8812
0.5254
0
0.3509
3.5845
8.2099
1.9118
10.8079
0.7626
0.2378
1.6799
7.5602
1e-04
0
0.2716
7.2898
4.9381
1.2826
0.3741
5.6344
0.4006
19.1271
1.1476
0.3401
0
0
0
0
0.0014
0
0
0.105
0.6092
0.2324
3.2174
8.1489
0.21
0
0
0
0
0
0
0
0
0.5105
0.0646
1.4516
3.901
7.9062
6.686
1.1759
0
0.6529
23.2222
12.9436
0.7772
9e-04
0
0.2893
0.5344
2.7098
0.0573
0
0
0
3.3729
5.8422
6.4411
11.2031
11.9648
5.7413
0.4104
0.7234
10.0434
10.1024
2.4815
0.6962
0.096
0
0
0.4266
14.8146
9.7674
4.1526
0
0.1767
9.042
1.8191
0
0
0.1297
6.4424
0
0
0
0.0597
0.3748
0.1502
1.8064
0
1.0729
9.1748
14.0108
0.8138
0.0024
5.608
5.5151
0.8283
0.7392
3.3632
0.7608
0.0264
1.7068
2.2518
0.836
0
0.4122
0.1114
3.6824
27.0109
2.7303
0
0
0.4444
3.8691
12.1596
5.0029
1.2891
2.0227
0.6829
18.3445
6.0599
0.4151
4.4619
0.608
0
1.2517
1.443
9.4606
10.6565
4.3508
0.1423
8.0113
0.8925
2.0309
10.9578
2.9367
2.1179
29.5489
9.6567
2.4741
0
0
0
0
0
0.3826
2.4587
6.528
13.2376
10.1888
2.9578
0.0456
5.2524
0.4144
0
0.068
0.1306
2.7605
0.3752
0
1.8135
3.5548
0.8111
0.0716
0.2221
14.037
0.0863
0
0.0015
0.3175
2.7891
5.8569
0
0.7515
1.9126
0
0
0
0
0
7.698
1.0061
0.258
0.3107
0.2439
0
0
0
0.0016
0.1593
0.1817
0.0255
0.2238
0.8589
0.4452
2.5382
5.2937
0.4426
0.5112
0
0
0
1.238
7.037
0.0061
0.0465
8.5006
0
0
0
0
0
0.0052
0.0622
0
0
0
0.715
0.0259
0
0
0.0277
1.3088
4.9281
0.0723
0
2.2158
0.6879
0
0
0.0264
0
0.3547
2.2092
0.0898
0
7.1731
0.9473
1.2202
0.2407
0.0397
6.472
0.1691
0
0.0174
1.7761
10.1833
8.8975
3.5882
0.1427
0.1283
0.58
0
0.0028
0.105
0.0539
0
1.1776
0.5427
0
0
0
0
5.6437
0
0
0.7975
0.0384
9.7574
0.3919
6.8906
1.3672
1.4746
1.2243
0.1559
0.9505
4.0194
3.2427
0
0
0.0297
0
0
0
0
0.0232
0.8373
6e-04
0.108
0
0
0
0
0
0.0015
0
0.3639
0.4153
0
0.0297
0
0
9.8713
1.3532
0.5217
0.0821
0.1521
1.1534
0
0.0124
0.011
13.2592
13.036
0.005
0
0
0
2.3003
0.275
0.0193
10.334
4.5227
3e-04
0.8309
7.495
0.3819
0
0
0.0032
0.7334
0
0.4039
0
0.637
0.5557
1e-04
1e-04
0
0.0258
0
0
0
0
0
0
1.532
3e-04
0.0317
0.4749
0.6437
0
0
0
0
0
5.107
4.0653
0
0.0424
5.5256
0
0.001
0
1.8697
3.5209
0.767
0
0
0.1766
4.9936
1.8194
4.3007
8.9597
4.6577
23.3716
9e-04
0.4996
9.1317
2.6574
0.4034
1.0971
0.564
0.6173
6.7516
0.6282
0.0141
0.0765
0.0322
17.4979
9.8816
0.0941
0
0
0
0.12
1.2934
5.2777
0
0
1.1921
18.3706
9.779
1.3181
0
12.6469
6.7276
0.1521
0
0
0
0
0
1e-04
0
0.2135
0.1969
3.4619
8.9014
5.1278
0.1688
3.1704
0.0131
0
0.019
5.7372
4.9151
2.6516
2.67
0
8.3239
39.2792
6.7815
0
4.1381
27.9967
6.6722
0.4071
2.0968
0.1445
0
0
2.0909
14.2502
27.7458
0
2.8245
23.3719
0
0
0
0.1975
0.3574
1.5572
1.8081
1.2038
0.2648
0.1985
0
0
0
2.1813
6.2111
0
0.1674
1.1257
0.0908
0.2353
0.0085
0
0
5.725
25.4993
3.0339
0.1804
0
0
0
21.189
2.2406
14.7973
0.3648
0
0
0.0017
0.4861
5.0785
1.2819
0.2352
0.4209
2.6602
1.715
0.1731
1.0924
8.0777
0.2029
0.0265
0.3355
1.8332
0
0
0
0
0
0
0
0
0
0
0.015
1.4947
11.0619
18.8453
27.685
12.6839
8.8886
22.0896
15.7562
16.2231
1.9476
0.2307
0.2305
4.3111
0
0.1379
0
0
0.0022
4.3383
8.6641
10.5877
30.6028
8.4452
1.9361
0.5872
1.972
3.824
0
0
0.3073
1.684
5.5473
0
2.3393
12.6234
4.7273
0.2382
0
0
0.5487
13.8587
0.0062
0
0
0
0
0
0
0
6e-04
0
0.557
16.3513
2.0227
0.0346
7.1668
5.4395
6.4086
0.1717
0.0839
10.9582
26.3094
2.7395
0
0
0
0
3e-04
0
0
3.2023
1.3203
0.2402
0
0
0
0
0
0
0
0
0.001
9e-04
0.4716
4.5565
15.4499
0.9357
0
0.3718
1.7256
0
0.9421
1.7308
0
0
0
8.649
0.684
0
5.7099
0.6145
0
0.5319
1.7426
0.0116
0
0
0
0
0
0.1754
0.4345
6.0828
0.1942
2e-04
0.1753
5.0267
5.9955
26.5143
0
0
0
7.5992
3.8056
0.8333
1.2987
0.7917
0.3856
0
1.0638
9.7819
1.0332
0.9037
3.8379
0.2584
0.8453
0.3531
0.7708
0.6958
3.2637
0.4037
0.8167
1.8801
0.2777
0.1101
0.2258
0.113
0.6597
1.1964
13.8508
2.718
0.3693
0.1636
0
3.1217
0
27.2343
12.0882
3.4512
3.8574
8.7313
1.7515
1.631
0.8547
0.6029
0
4.6836
0.0025
0.8538
0
0.3151
0.2765
0.1614
0.3458
1.8093
0.3881
3.3566
0.2019
0.1024
0.0022
0.0982
5.1077
0
0
0
0
4.9631
2.7417
1.7531
19.9448
0.5247
0.0191
0.6736
1.9355
2.1052
2.1807
3.9287
0.3397
7.1568
0.153
4.9035
12.2265
0.461
0
2.8358
4.6379
1.1119
0
0
4.4369
2.9953
1.064
0.0026
0.0471
0
5.3447
11.578
0.0663
0.0413
6.8633
4.139
1.4692
12.1191
0.8299
0
2.4126
0.5488
0.4997
0
0
9e-04
2.4064
5.2769
5.0444
0.0257
0.9714
2.3613
0.5022
0.0957
0.2106
0.1151
0.4581
0.8677
0
0
0.1421
0
0.4462
1e-04
0
0
0.8133
3.2408
4.1418
2.4618
0
0.9705
0
0
2.3517
0
0
0
0
1.2308
2.3122
2.4305
8.7765
9.1702
7.9761
1.1484
0
8.2839
23.4903
15.6759
2.1229
1.8723
0.7645
2.9376
0
0.1845
0.0204
0.6646
0.0731
0.0016
1.2397
2.4916
2.4234
0
0
0
0
10.838
18.1799
1.0284
0.1627
5.7135
1.7255
4.725
7.2558
0.1329
0
0.1727
0.4167
0.6803
18.4899
8.9078
0.3934
0
0
35.1196
0.1154
0.999
0
1.368
1.0004
1.7436
4.1084
4.0433
0.1884
0
0
0
0
0.8901
3.4571
7.1683
1.225
0
0.1015
0.0191
0
0
0.2128
0.2282
0.3804
0
0
0.3031
0
1.3669
0.1589
0.6238
0.1675
0
0.7883
9.2234
2.7188
0
0
0
0
0
0
0
0
1e-04
2.4853
13.2873
0.4335
0.0899
0.2879
0.2156
0.6049
0
0
0
0
0.0134
0.1171
0.6004
1.0466
0.0559
0
0
6.1833
0.6685
0.0015
0
0
0
0
0.7958
5.3964
1.1844
0
1.7321
5.319
0.2169
0.8344
0.1919
5.6102
3.8791
0.4918
0.9247
1.2232
28.4508
0.4597
0
0
0
0
0
0
0.6581
1.6438
4.1454
0.4151
0.5156
0.0094
0
0
0.0267
0.3844
0.3457
0.1031
0
0.2373
0.0785
4.2632
1e-04
0
0
0
0
0
0
0
1.5879
0
26.7152
17.6671
37.0747
6.6483
0.0042
0
0
0.0972
0.0092
2.0376
1.0811
11.7454
5.0898
0.2857
0
0.9702
0.001
0
0
3.4014
21.8196
13.0566
2.2281
12.5944
3.6947
0
7.2264
0.1875
16.4871
1.2002
0
0.1489
0.2019
1.3084
2.9354
3.2782
0.2337
0.0016
0.1696
0.6829
0.3709
0.4018
0
0
1.4115
9.1466
13.4523
0
0
8.3063
1.3581
0.6843
0.3039
5.0052
3.9157
12.8789
1.578
9.3804
2.7774
0.0024
0
0
0
0
0
0
0.0813
0
0.1509
0
0
2.1143
0.5309
0.0804
0.1864
0.3998
0.6129
0.0139
0
0
0
0
1.5685
5.9172
2.3699
0.0571
0
0
0
0
0.6165
2.8752
0
0.138
6.8069
0.6139
0.5016
0.6988
0.4867
3.4045
0
0.0231
0
1e-04
2e-04
0
0
0
0
0.0768
0
0.0769
0
0
0.1497
0.3055
0
0.1159
5e-04
0
0
0
0
0
0.0469
0
5.1382
3.5248
3.4992
0.3707
1.8522
1.6466
0.0773
0.0024
0.0532
0
0.1137
0.0268
2.3411
6.5344
2.1408
8.6158
0.0435
0.2575
0
0.8904
0
5.789
2.0993
0
0
0
0.5848
8.0031
4.2677
0.3582
0.6305
4.4318
6.2975
8.0065
6.2729
2.4555
0.6464
0.1891
12.8353
13.7971
2.6284
0.1536
1.7442
0.174
0.0513
0.0127
0
0
0
0
0
0
0
12.0057
1.7105
15.8997
7.494
22.0294
6.4632
2.3608
0.8744
1.9086
1.4871
10.5946
0.2598
0
0
0
0.4232
6.6749
4.614
0.3477
0
0
7.1755
0.1393
2.593
14.1138
0.5656
0.1782
5.8021
0.4756
0
0.9748
8.8974
0.3593
1.5704
0.7949
1.9785
1.6492
2.5407
1.3029
18.1612
0
0
0.1496
1.9471
8e-04
0
0
0.7152
0.8224
1.3345
0
0.0701
3.0296
0.1112
0
0
0
0
0
0
27.1429
36.4474
5.1924
12.2097
3.7487
3.5554
7.5467
11.5206
1.6015
0
0
0
0
0
0
0
0
0
0
4.412
8.5772
3.7281
6.1991
4.4023
0.6415
5.1436
0.6977
1.778
0
0
0
0.9069
5.9855
7.431
15.4746
0.6494
0.5255
0
2.7978
0.7762
0
0
0.5865
3.2483
0.0622
21.4078
0.6228
0
0
0
0
0.7933
0.0198
0
0.7179
0.1971
1.2219
0.2238
0.2421
1.612
0.6649
2.3819
2.6292
2.0847
3.5266
2.5603
0
0.5628
0
5.3944
3.5441
9.2502
10.4352
0
0
0.0019
0.0481
0.0482
0
0
0.1798
7.5099
0.4469
0.0382
0.8964
7.7747
16.0579
0.0168
0.0116
0.3374
0.0782
0.0267
0
0
0
0
0
0
4.6926
9.7304
8.5007
0.0469
0
6.2474
0.653
0.1687
0.0426
4.7685
44.6063
1.3441
0
0.2372
0.076
1.6586
0.0917
1.1455
2.7481
20.3506
3.6787
0.4591
0.7423
0.8283
0.4131
0
0
0
0.1424
7.9096
8.2077
3.4263
0
0
1e-04
0
0
0
8.2009
26.6474
0.0465
0
1.0245
12.7725
10.9591
0.1011
0
12.0838
1.8683
0.5747
0
10.9295
0.036
0.0362
0.1773
3.7874
23.7284
0.0775
0.0141
0.7355
0.7004
0.4889
15.8398
0.9046
29.8054
0.6773
2.8971
1.0944
0.5386
6.3385
6.9727
0.0074
1.4547
0.4644
0.0771
0.013
0.0126
0.5959
4.3695
3.7251
11.2799
0.0081
0.4386
1e-04
0
0.7538
8.8591
0.3434
1.4499
0.1611
0
0
0
0.1356
0
0.0276
0
1.7931
1.9641
3.355
0
0
0.1861
0.8767
0
2e-04
0.094
0.794
0.0376
0
0
0.1404
0.2822
5.0813
0
0
0.1344
0
2.5443
6.1603
0.0423
8e-04
0.1831
3.8659
0.1198
1.0293
0.0277
0.0298
0
0
1.7938
2.4164
0.7394
5.9966
3.7945
0
0.0255
1.6031
0.3771
0.8509
0.0201
0
0
0
0.2219
6.5695
3.239
2.8618
8.4155
1.1948
0
0
0.2213
0.0381
6.1579
0.0461
2.181
1.3586
0.2969
0.0204
0.027
0
8.2444
0.0042
1.3692
10.8336
0.0093
0.6316
0.1034
15.8005
17.0896
2.4624
0.032
0.0238
0.4494
1.1818
2.1958
0.8881
0.7865
0.0012
0
0
2.3736
1.6471
3.1222
5.3271
0.3582
0
0
1e-04
0
0
1.2023
8.4645
3.5653
2.8051
3.587
5.8312
2.5963
0.0442
4e-04
5.8582
29.5644
6.3902
4.2377
0.0023
0
13.3259
0.0043
0.1376
1.553
9e-04
2.7463
0.7919
1.2482
0.172
0.1288
3.0876
3.4947
0.0288
1.4332
0.9458
4.1365
4.2583
0.3668
0
0
0
5.5002
5.5558
32.8072
5.7705
5.5654
19.3494
0
6.3019
9.9745
0.1134
15.5167
1.9899
0.9238
0
0.2144
0.3465
7.2608
0
1.3828
1.5002
0
0
0
0
0
0
4.7083
11.6904
0
0.0033
3.8639
2.2676
2.2214
0.0144
5e-04
1.7138
2.2771
0.0485
0
0.0861
1.7068
1.2145
1e-04
0.0657
2.5102
0
0.8143
5.9621
19.0792
2.7323
0.0895
0
7.9265
0.8264
0.1864
0.0012
0.003
0
3e-04
0
1.0664
1.8071
0
0.0399
0.1612
0.0068
0
4.3247
1.8864
7.7406
8.6996
0.2646
0.1634
0
0.1081
2.1723
8.2396
12.8333
2.5353
0.2768
0.0837
9.6759
5.1341
6.4906
1.1399
0.5391
0.1011
0.0526
0
0
0.4844
0.0986
2.6179
2.4215
0
0
1.0297
0.1168
0
0
0
0.0277
1.4809
0.6541
12.6707
1.1521
1.4629
0.7738
9.4933
0.7571
0.8845
0
2.5201
0.1857
2.7557
5.1377
5.9028
0.9875
1.8217
4.703
1.7529
0
0
0
0
0
0
0.1665
4.608
2.3758
6.3568
6.0865
0.044
0.7964
0.2919
0.1333
5.0822
0.1425
0
0
1.3155
0
8.2947
4.0592
0.8265
0.0012
0
0
0.0174
3.5215
1.0782
3.9139
0.126
9e-04
1.8166
0.427
5.5989
0.5972
5e-04
0.2501
0.7872
0.1175
1e-04
0.2622
0.2503
0
0.6609
6.673
2.483
0
11.7166
0.8148
0.2101
0
0
6.7766
2.5125
14.243
0.3601
0
0
6.2313
0.0186
0
1e-04
0.1517
0
0
0
0
0
0
0
0.1297
10.3054
0.2341
0.0721
1.6349
0
4.0241
0.2243
0.0416
3.1125
0.2894
0
0.185
2.2338
0.0031
2.6254
4.0069
8.4878
0
0
0
0.1496
3.02
0
7.41
2.759
0.1173
0.7773
0.3363
3.3628
5.0494
4.5561
5.2997
7.1676
3.1065
21.9611
0.0782
0
0
0
0.0206
0.0392
3e-04
0
2.5519
1.6203
0
0
0.4409
0.0892
0
6.6119
1.3151
0.0759
0.0563
0.3332
0.7312
0.5225
0.2978
2.5787
0.175
0.2709
0.0935
0
0
1.2485
0.001
0.302
0.0911
0
2.3196
1.1075
0
0
0.2069
2.4921
14.1283
8.8383
3.5385
1.242
9e-04
0
0
0
0
0
0.4897
4.7605
16.0924
1.5537
0.0268
5.4071
2.9284
0
0.0494
0.0677
0
19.6728
2.6082
0.0936
0.0949
0.485
0
0
6.0234
3.778
0.0701
0.0221
0
0.0304
0
0.2088
0.0013
6e-04
0
0.923
5.3595
3.3931
1.0128
0.1815
5.068
15.8866
16.759
15.4185
18.0329
1.0769
1.005
7.4008
1.2098
7.3348
7.7738
2.2748
1.9444
0.5028
0
0.4543
0
0
0.0021
0.0918
0.2318
0.0834
0.2035
0
0
0
0
0
0.714
0.073
0
0.007
0.0191
0
0
4.0284
2.6746
0.0078
0
0.0979
0.3382
0.0015
0
0
0
0
0.0691
0.6836
1.5103
8.0368
4.1406
8.794
1.0943
2.8731
3.6998
5.6209
0.0638
0.3141
0.0881
0.4145
2.6432
6.2618
16.1502
0.0032
0.0837
0.2575
7e-04
7.5029
7.2369
0.39
0.8978
0.1494
0
1.6653
9.0927
3.5683
6.9222
7.663
1.1751
0.6016
3.9908
5.9406
6.6327
2.2358
0.0651
0.02
0
2.6156
1.2732
0.2458
0
0
0
0
0
0.6163
5.4409
6.3497
2.0066
0.1352
5.9311
1.5763
0
0.5986
0.6417
28.2431
0.0064
0
0.5836
13.5733
8.7062
0.8807
0.333
0
0
0.5774
1.0797
3.6545
0
0
0.4366
5.7963
0.0023
0
0
0.2194
16.0661
0.9667
0
0.0412
0.0827
2.7945
4.4576
6.5003
2.7663
0.0945
0.3469
0.2931
0
5.743
6.0546
15.3003
1.3764
0.3939
2.8259
1.1917
0.0203
0
0
3.2808
13.9554
17.5451
10.4919
0.4515
0
0.4693
15.357
1.5901
0
0
0
2.8106
1.8727
2.0365
0
6.5889
20.519
1.4935
0.0227
0
0
0
0
0
0
0
0
0
0
0
7.6031
3.8162
0.6085
1.0184
0.0031
0
1.0829
2.0622
2.4454
0
0
0.527
0.6643
0.3626
0
0.0341
0.4611
2.5671
3.5547
4.2599
3.7126
5.9923
16.7797
0.252
2.715
4.2987
29.1662
4.2658
0.291
0
0.2039
8.9058
1.2026
2.9666
0
0
0.2969
0.7449
0.8237
0.4359
7.488
16.9606
7.3554
3.7227
0.0366
6.6567
0.4766
5.6683
11.7845
2.92
2.7773
5.0206
6.1674
2.8275
13.9667
0.2475
3.2683
3.8005
6.9057
0
6.3522
0.0347
0
1.9389
17.1119
3.4996
6.4088
0.4875
0.3644
3.204
0.5806
0
0
3.1219
0.9872
6e-04
3e-04
0
11.134
13.8591
0.9594
2.0127
0.1389
0.2932
0.3778
0.8325
0
0
0.4128
0.3518
1.6363
0.8051
1.4794
0.2458
0.1592
1.8186
0.0831
0.073
0.1083
0.1743
0
0
1.8851
0
1.1893
0
0
0
0
0.3184
0.4847
0.0406
1.0137
1.1155
0
0
1.015
0.2752
6.4803
2.6455
0.0733
0
0
0
2.086
0.4595
1.5843
0.4929
2.3864
0
0.2505
0.262
0.3222
1.8663
13.6882
2.6965
1.3882
10.914
0.1287
0
0
0
4e-04
0
1.4507
0.3623
1.633
4.8377
0.5562
5.3557
0.2346
10.0934
9e-04
0
1.6881
0.151
2.1224
0.8625
0
0
0.6565
1.0152
0.4906
0.1061
4.2864
0.0436
0
3.6918
1.5938
4.2269
2.6906
8.7584
1.1331
0.2857
0
4.8452
0.4806
14.6491
0
0
0
0.3344
0
0.2097
1.6916
2.0791
0
0
0
1.8765
1.5677
1.1616
0
10.3584
3.9046
1.7363
0
0.0019
0.0011
1.2384
2.5432
0.7751
8.2054
0.423
7.6621
1.473
0.9721
9e-04
0.7321
14.7338
5.1233
0.4754
0
0
0
0.0037
0.8648
3.1147
0.4263
5.2194
1.712
0
0
0.2585
0
3.2964
17.3958
0
0
0
0
0.1006
0.5697
3.1461
2.1591
18.1849
7.6375
18.6434
5.3336
1.2156
1.6191
1.109
1.309
1.3325
0.2092
1.5206
10.1786
0.2916
1.2786
2.6456
0.0061
0.4626
0.1078
0.0475
0.4857
24.1983
6.9392
4.2585
7.0351
2.2788
8.2174
15.436
2.3269
0.5807
0.1851
11.8031
7.2943
2.6616
1.0528
8.6939
2.3001
0
1.4482
1.0289
0
0
0.6337
3.1471
3.8
0
10.1505
0.7187
8.7037
0.2245
0
0.2381
0
0
1.7357
20.8783
1.7305
17.8542
9.2545
4.4372
0.3845
0.46
17.5738
0.0019
0
0
0
0
0
0
0.6148
3.9925
8.1653
0.0853
2.126
0.7698
0
1.4643
4.1084
0
0
0
3.1787
0.7933
16.0866
0.9472
0.3379
20.3042
0.5061
0.2307
0.1746
2.7257
1.6714
4.8661
0
0
0
0
0
0
0.3322
0.001
0.1752
25.688
7.7614
0
0
0
0
0
0
0
5.0014
0.1008
0
0.3315
0
0
3.6931
14.2064
8.858
0
0
0.2942
9e-04
0.1019
11.7091
0.0098
0.0853
0.0787
12.6766
4.2777
2.2171
24.3754
5.9717
13.1654
0.3566
5.9359
12.6359
11.9807
0.2733
34.8199
4.2036
0.2013
0.6688
0
0.0451
1.8637
0
0.0431
1.2125
10.3447
9.3511
0
0
0.1067
0
0
0
0
0
4e-04
0.0422
4.8048
4.5667
2.1772
0.068
0
0.0277
0
0.507
1.9682
0.0021
0.0344
0.0015
0.0452
0.0109
1.196
1.2484
0.0268
2.1457
0.1098
0.3739
0
0.2543
0
4.6707
7.0562
0.4623
12.5598
1.7452
0.0903
0.0606
0.085
0.4371
26.7848
0.1058
0.5771
0
0
1.5489
17.5679
1.6163
0
0
0.2609
9.3826
6.772
6.8117
0.0689
0
6e-04
2e-04
0
0.2701
1.012
0.4533
4.1524
1.9311
0
0
0
0
5.4423
4.6203
0
0
0.758
0
0
0.2425
0.3084
1.3672
0.0488
0
0.2129
0
0
9e-04
0.3599
9.8712
0.42
0
9e-04
0.062
1.0727
0
0
7.9252
9.2896
9e-04
0
0.4966
0.1342
0
0.042
3.2292
0
0.4437
3.8003
7.3765
0.1822
0
0
0
0
0
0
0
0.0021
0.0013
0
0
0.3729
0.2835
1.0983
0
0.0511
0
0
0
0
0
0
0
0
0
0
1.0994
4.6435
6.7104
0.1218
0.3968
0
2.9385
0
0
0
0
0
0
0
0
9.5179
0.2328
0.2271
0
0
0
0
0
0.7411
0
0.0107
1.337
0.5998
0.1401
0
0.6603
25.5377
2.4619
0.1563
3.9335
0.0279
6.5899
14.5809
0.866
0.7853
0
0
0
0.7469
6.0939
0
0.3017
2.3195
1.2264
0.0125
0
0.283
0
0
0.545
3.3752
0.2098
0.0011
1.6982
1.7036
1.2745
0
0
0.3058
14.3962
9.1331
0.1872
0
0
0.1245
0
0
0
0
1.3455
0.0036
0.8166
2.6302
0.2067
0
16.7623
4.1
0.6114
0.0762
0.1374
0
0
0.4871
3.6363
0.6754
1e-04
0
16.4701
9.2794
17.335
7.3696
16.5546
0
0
2.5628
2.3198
0.1108
1.9332
0
0.0456
12.4945
0.2596
0
0
0
0
0
4.9823
34.5916
3.4754
9.1776
0.9033
0.4262
1.2884
4.7492
0.1434
0.1564
12.1414
25.3818
4.1285
5.7123
2.5789
9.8735
4.852
6.0306
1.6793
2.5959
0.3612
0.3145
2.3416
0.0265
3.9601
10.0458
0.3995
0.7412
0.1308
0
0
0.0352
0.3291
0.0023
0
15.2933
3.4899
2.1082
0
0
0
0.0262
0.9592
3.4536
3.1455
8.7337
3e-04
0.008
0
2.1862
4.0836
8.6835
0.4062
0
0
0
0
0
0.2979
1.1052
0.0533
0
0
15.1513
13.3556
1.0896
0
2.1204
24.4776
29.469
11.4838
0.2113
1.04
7.5461
3e-04
0.276
0
0
0
0
0
0.0632
0.0182
0
12.681
5.6791
1.6842
2.1963
14.3637
2.3625
6.0259
7.9366
0.5293
0.4995
0.3626
3.1307
0.0794
0
0
0
0.235
0
2.6152
1.6203
1.3461
0.1258
0.5601
0
0
2.9897
2.0593
0.833
1.392
0.4933
3.4639
0
0
0
8e-04
0.2949
5.8899
0
0.1138
1.0265
0.6943
0.0972
7.3689
1.5906
0.4756
0
11.9164
0.2234
0.6074
0
0
1.1537
0.003
0.0231
0
0
0
0.0263
4.3346
7.0359
0
9e-04
0
0
0
0.0517
0.3589
1.9766
0.4973
0.2609
0.904
0.222
0
1.4368
0.5706
30.8482
0.7936
2.6119
1.1266
6.1522
1.6233
4.4007
8.5855
3.4652
2.574
0.0454
0
1.0048
1.4034
3.7243
0
4.4149
7.5446
0
0.8743
21.4509
0.4775
0.0445
2.397
1.0555
8.3521
2.3016
3e-04
0.3349
0.3806
2.8662
0.9978
1.3918
6.801
0.9896
0
0.0282
0.0016
0
0
0.0971
0
0
2e-04
1e-04
0
0
0
0
8e-04
1e-04
1.3998
0
4.6876
6.3733
1.2293
3.4462
0.1472
0
1.0156
0.0889
0.8503
2.5476
0
0.0414
0.4686
2.3356
1.43
2.3721
3.8907
0.9912
10.2474
0
0
0.0044
0.0829
0.6255
0.2566
6.1782
5.5983
0
0
0.6427
0
0
0
7.0813
3.4964
1.0069
0
2.8618
0.0737
0
0.3066
0
0
0
0
0.3872
1.0576
0.404
0
0
0
0.1688
0.0964
0
0
5.5762
0.7271
0.7235
0.3182
4e-04
0.0016
0.5761
0.0407
4.2427
0
0.8139
0
22.3399
4.2375
0.253
0.6155
0.2292
0.3371
1.33
0.7742
0.8886
3.8064
11.872
2.0277
0
8.9552
3.1397
9e-04
0
0
0
0
0
4e-04
0
0.6854
0
0.9732
1.1693
0.9259
1.1895
0.0378
1.0858
0
0
0
1.2826
2.5844
0.4407
0.1652
0
0
0
1e-04
0.0014
2e-04
0.2961
0.1169
5.2104
0.5069
0.3142
0
0.3484
0.3959
0.5822
6.0812
6e-04
0.421
0.8348
0.8816
0
0
1.0612
1.5376
0
1.3734
0
0
0
0
0
1.1406
4.6084
0.156
0
0
0
0
1e-04
0.0041
0
0
0
0
0
0
0.2967
0.0564
0
0
0
0
1.0385
4.2801
0
0
0
0.1333
0.2743
0.1282
0
0
0
0
0
0
0
0
0
2.5017
4.6853
4.88
0
0
0
0
0.9265
13.3054
2.2399
5.2928
2.3569
4.7784
0.1142
2.8192
0.0143
10.777
7.7208
0.0305
0
0
14.2099
5.3271
0.0945
0
2.1692
3.4949
5.8358
4.7215
0
0
0.3554
4.7179
3.7484
1.9542
0.3956
2.395
5.4628
5e-04
1.9636
15.8881
13.9645
0.2851
0
3.7889
12.9691
0.2842
0
5.8554
0.9261
20.6622
0.0144
0.2033
0
0.8001
1.8024
19.8403
7.4779
1.1352
0.0011
0
0
0
0.0018
7.0616
1.7642
3.324
0
0
0.0459
0.2615
1.1379
6.3227
4.5247
0
1.5349
3.053
0
0
0
0
0
0
0
1.6604
4.264
0.0877
0
0
0
0
0
0.9501
0.2337
0.1816
0.0071
0
0
0
6.6012
5.2584
50.0107
0.7948
0
3.5603
2.6422
4.0855
1.1092
0.0521
0.3389
0.0734
1.3559
0
0.3387
0
0.1036
0.222
0.0565
17.4712
21.341
7.0414
1.4226
3.3665
0.3346
14.1662
2.9221
0.0144
7.6561
0
2.2997
2.2845
0.0174
0.0014
1.6049
22.7965
0.8331
0
0
0
0
0.1612
3.119
0.326
0.3129
0
0.8612
0.7359
0
0
0
0
0
0
0.9612
2.5278
0.5926
0.025
1.0372
0.3124
0.226
0.1152
0.1301
0.1534
1.374
0.2938
0.1054
0.1469
8.3977
0.8941
0.2743
0.2019
12.8685
15.7873
0
0
0
0
0
2.3646
0.6379
0.0326
13.3759
0.0187
3.5533
0
0.3392
0.0413
3.2794
2.2823
0.7114
0.6649
0
0
0
0
0.1889
0
0
0
0.2022
0.6944
15.4282
0.1067
0
3.1575
2.4833
0
0.2059
0.2465
1.3978
0
2.4499
1.3907
1e-04
0
1e-04
0
0
0
0.8605
0.9194
0.2717
3e-04
0
8e-04
1e-04
1.8577
8.3591
0
0.1027
0.105
0.1639
0.9763
0.0437
0
0
0.4121
0
2.4772
3.1891
0.3665
0.469
0
0
0
0
0.0957
0.1131
0.0048
0.3289
0
0.3624
12.1165
0.1401
9.2084
0.7518
0
0
0
0.2088
0
3.9794
15.7565
1.8483
8.9993
0.4105
1.887
2.0728
14.5916
17.8819
5.1914
0.6315
1.7289
2.0338
0.74
0.0174
0
2.2248
4.1011
2.3455
3.7019
2.596
2.9628
5.6387
1.3549
0
0.2746
0
0
0
8.2421
0.9191
0.7425
1.7072
1.0441
0.2098
0.0942
0.6583
0.646
0.2081
9.959
3.7603
3.7723
0.8765
3.0299
1.0134
1.1497
3.489
6.71
0.3488
1.0672
0.0168
0
0
3.6662
4.9627
2.2526
0.8074
12.9808
1.1195
14.3971
22.0397
0
0
0.3256
0.6729
37.238
8.4526
15.0557
7.4159
7.7567
1.873
0.0149
0
0
2.0372
1.1832
0
12.5421
8.0415
6.1903
4.0591
3.1348
1.655
1.716
8.3681
2.128
2.7504
1.6834
0.0946
0.4233
0
1.1893
0.8529
0.6354
0
0
1.564
0.1063
5.0103
1.0703
0.4567
0.2192
0
0.0037
0.7002
1.3324
0.1624
0.2112
0.2256
0.0707
0.0625
0
0
0
16.7093
21.7345
1.0857
0.3973
0.0273
0
3.589
15.8173
6.4267
5.15
0.1321
8.1818
0.9433
0
0
0
3.0568
2.1916
0
0
0
0.4482
0.2242
0
0
0
0
3.2289
0.6987
0
2e-04
0.1939
15.471
2.1675
1.2317
0.1913
0.0649
0
0
0
6.9785
2.339
0.004
0
20.8326
0.0205
0
0
0
1.7289
7.6783
3.2242
7.4521
14.4632
0.0693
0
9.3419
8.4412
2.8519
12.4581
2.4137
0
0
0
0.29
0.6665
0.3311
0
0
0
0
0
0
0.001
0.0166
0.5594
0
0
0.0059
0.0507
0
0
0
7.0038
0.1962
0
0
0
0.1744
3.4466
9.6475
0.5222
28.9625
3.3648
2.8496
0.2192
0
0
0
0
0
0
0
3.8445
2.2185
0.0766
0.118
0.2152
0
0.5737
3.6148
8.8246
1.915
1.2812
0.2857
0
0
0.1534
7.5977
17.0326
12.3419
0.4938
1e-04
0
0.0586
0.055
0.0662
0
0
0
0.7615
0.7454
3.0769
0
0
0
0.0622
0.0692
0
0
0.6401
0.0843
0.2444
0
0
2.7857
0
0
1.6531
1.8858
0.3108
0
0.1913
2.6758
0.7428
0.4439
9e-04
0
0
0.5303
1.9605
0.1136
1.2374
2.2775
5.2246
8.5517
0.3072
0
0.3858
7.1976
0
0
0
2.4107
1.7781
2.7612
0.2471
0.1359
0
0
0.3073
0.125
8.0707
5.1845
0.0364
7.9294
1.3703
0
0.0116
0.2537
2.1576
0.0696
0
0.0052
3.3484
0.4958
0
3.2961
16.5805
1.7602
6.5971
0.2256
0
0.7365
0.0036
0.6399
0
0
0
1.0889
6.706
23.3229
3.7728
0.0765
0
0
0
0
43.0124
4.2079
0.8321
0.139
0
0
0
0
0
0
0.4287
0
1.7852
0.8622
0.4772
11.4636
1.2632
1.386
0.0579
0
0
0.1398
7.1819
1.1623
0.0839
4.5147
0.1537
0.1188
1.4367
1.1943
0
0
0
0
0.7627
1.6547
7.2959
2.5765
5.0041
2.0246
0.8855
0.5625
0.2587
0.1462
0.5608
0.5196
0
24.5161
2.0419
0.7047
0
4.1988
0.0324
0
0.3198
0.001
0
8.1456
8.1772
0
0
0
0
0
0
0
9e-04
2e-04
0
0.5058
8.0556
25.3595
3.6183
0.0841
0
0
0.0827
2.6042
4.3416
5.125
13.4946
4.8274
5.1469
21.6669
3.8607
0.1965
0.0294
2.502
0.5791
0
0
1.1284
2.5062
11.7511
0.0568
0.0832
0.2173
0.2255
0
5.1529
4.433
18.0922
4.8892
3e-04
0.025
1.0198
15.0001
4.1192
0
0
0
0
4.7548
0.9336
0
0
0
0
0.5084
0.9354
2.3213
2.5709
1.2668
0.3728
0.0166
6.708
5.3328
7.0541
0.1182
0.1272
0
0
0
0
0
0
0.025
2.4842
1.073
21.2466
12.4647
3.0962
15.4108
0.9441
9e-04
0.0816
0.1451
0.0831
7.6173
11.9207
22.6004
2.5544
0
0
0
0
0
0
3.4244
2.6744
9e-04
0
0
9.1358
6.2646
0.7323
0.4096
0
0
0
1.8289
4.0105
43.7503
0.0176
1e-04
0
0.0448
2.6108
13.3737
4.3159
4.8755
0.8588
0.6265
0
0
0
0
0.0185
0.5608
0
0
0
0
0
0
0.0069
3.1379
15.3889
1.8161
34.938
0.064
1.0084
0.0521
0.0075
10.8852
2.3008
5.893
0
0.0184
7.7794
1.4562
3.523
2.5501
1.0563
0.4216
0
0
0
0
0.4343
1.1739
0.0164
0
0.1645
17.4783
0.1468
0
1.781
2.4691
23.3397
19.8047
3.2891
2.0756
0.3066
0.0137
0.1583
0
0.597
16.2283
0.0636
0
0.2812
8.8601
0.0422
0
3e-04
0
0
0.0524
0
0
0
0
0
0.0438
1.1756
18.087
1.2938
5e-04
0.9549
1.7722
2.7983
0
0.4502
0
0
0
0.0883
0.6702
0
0
0
0.7578
10.6453
1.9278
0.37
0.04
0
6.4737
5.2767
0.2482
0
0
0.0489
36.3177
1.7244
0.0549
0
0
0
0
0
0
0
0.0494
0
14.1208
1.0036
1.6787
13.2155
0.4647
0
18.3462
1.7539
17.412
2.0088
0
0.6683
0.4374
4.0169
25.7507
29.5677
0.3173
0
0
0
0
2.3789
0.1642
0
0.1024
3e-04
0.3734
12.0653
0.4892
0
0.1311
0
9.5734
0.3546
2e-04
0.1337
3.3123
3.8997
0
9e-04
0
0
0.9456
0.3599
0.6737
0.0451
3.6477
0
0
0
0
0
0.421
0.7697
0.3769
0
0
0
0
2.5282
4.1724
9.8511
2.0745
3.2702
0.8719
2.2243
1.4715
1.0313
0
0
0
0
0
0.0683
3.6494
0.4276
0.497
4.7423
0.3689
1.6594
4.3672
2.7079
0.0652
0
0.3439
0.0012
0
0
0
0
0
0
0.529
8.0964
1.0119
0
0.0404
3.4924
6.7904
0.542
0.8577
2.2192
4.1457
4.2628
0.0179
0.0478
0
0.1098
0
0.398
1.0141
3.8674
0
0
3.3511
6.6245
1.0958
0.3935
0.1082
8.6821
4.7991
3.5911
0.02
9.1078
0.0259
24.4432
16.0367
0.6567
1.2244
0.1199
6.3635
0.001
0
8e-04
0.3452
0.7221
0.0233
2.8184
0.2021
0
0
10.4252
3.8554
0
0
2.8083
0
0
0.2323
2.7133
4.6766
0.057
0.5087
5.7366
1.1023
0
0
0
0
4.7528
10.9349
4.1728
27.2381
1.2869
0.0646
0.152
7.2097
14.6948
6.8622
11.8278
0.8012
4.5736
0
0
0
0
0.1398
0.7538
4.1222
1.1014
0
0
1.7533
9.5119
0.2818
0.0997
0
0
0.3483
0.9984
0.2737
0
0
0
0
0
3.8995
0.0141
0.1727
5.2467
1.5241
5.0825
0.6766
0.1495
0.7328
2.253
0
0
0
7.4474
2.6119
0.0199
0
0
0
0
0
0
2.6091
7.1844
0.1173
0.001
0
0
0
0
2.2339
0.9095
0.0464
0
0.2642
8.4605
0.252
0
0
0
11.4031
5.4439
0.3837
0
0.3512
0.1934
0.4426
0.1495
4.2152
3.1726
11.181
22.3833
10.1701
0.1117
0
0.2628
0.2731
0.0436
0
0
5e-04
0
0.7756
0.0026
0.1509
0.171
11.9544
9.6025
1e-04
0
0
1.3739
3.8772
0.8661
0
0.2619
0
0
0
7e-04
0.0062
0
0.0286
0.0237
0
0.5857
6.2593
2e-04
0.1062
1.0576
0.3573
0
0
0
0
0.0109
0.9749
19.5454
1.263
0.3917
0.6079
0
0
7.2209
2.0321
1.1764
2.6671
0.4515
0.4535
0
0
0
6.3551
0
0
0
2.9141
28.7833
18.2719
21.2953
6.6946
0.0698
0
5.7519
2.3892
3.0921
0.2352
0
0
0.1875
1.4067
0.9009
1e-04
0
0
2.2838
0.743
0.5521
0.0935
3.1333
1.4595
0
7.0685
5.1233
13.8045
3.2538
4.0717
0.1026
0.5674
0.001
1.6888
0.4682
1.4713
2.3913
0.7312
2.4411
2.9253
9.9936
1.0355
0
0.0279
0.027
0.0095
0.0736
0
4.0318
1.7993
1.1059
0.238
0.1292
0.2316
0.2544
0.1455
0.2442
0.3831
4.6904
0
1.4553
0.0015
0
0
0.2441
0.5489
4.8925
1.0814
0
0
0.2617
4.8346
0.1468
0
0.051
0
0.0603
0.8382
0.0891
0.5572
0
4.8205
23.7884
0.9127
0.5495
0.0464
9e-04
0.0721
0.7939
0
0
2.6841
1.9209
0.8585
0.1053
0
0
0
0
0.3112
0.5129
0.2808
0
0
0
0.4182
0.4855
0.9983
0
0.0426
0.2017
0
1.8397
0.0429
17.0549
2.0688
0
6.6364
7.3367
0.6732
0.5376
0.8693
0.2597
0.0573
0.9299
0
0
2.0222
0.2247
0
0
0
0
0.8061
10.133
5.7696
1.8357
0.2378
12.0149
2.7235
0
0
7e-04
0.0522
0.216
10.5322
2.706
3.7591
0.0243
0.5877
10.8553
0
0
3.0451
2.317
3.0539
0
0.3136
6.6714
0.8047
5.3789
0.1042
0
1.1736
0
0
0.1492
0.0369
0.8352
0.5977
2.4134
0.2538
0
0.2798
0.2601
8.7189
14.5588
11.5282
0.4675
6.3489
10.7952
6.0311
1.2725
7.2822
3.3544
0.4888
0.8595
0.0728
0.6381
3.4254
0.5649
0.3795
0.0241
0.4719
2.0436
0.0057
0
0.6621
5.6923
0.1169
0
0
7e-04
0.0425
0.4207
0.1048
14.3134
7.651
1e-04
0
0.2911
2.0334
10.7317
27.9367
0
2.5689
0.5691
0.4631
1.5587
20.6968
0.8079
0.3268
0
0
0.8129
3.6757
0.7335
2.9472
0.0765
0
0
0
0
0
1.8078
0.1979
0
0.6638
35.7163
1.3897
0.2077
3e-04
2.0435
1.7864
5.7757
0.5309
0.4592
6e-04
0
0
0
0
0.0729
1.1188
3e-04
5.6943
0.0464
0.2246
0.3555
0.7432
7.3305
0.06
14.8794
38.0431
14.4486
22.1486
1.5055
12.9655
1.1084
4.9759
7.7793
2.0418
0.8964
19.8697
3.5857
0.2842
9.6993
1.3139
0.0292
2.8773
7.4185
12.1049
0.0894
0.1447
3.3352
1.0591
0
0
0.013
4.5473
0.4506
0.6143
13.7353
0.2725
13.8909
10.1666
8.05
1.2047
0
1.6895
7.5915
0
0
0
0
3.2036
3.0187
2.0591
11.7584
8.3895
0.0145
0.1034
0
0
0.9645
5.9858
8.2849
0.5411
22.6495
18.0589
13.2652
6.0394
15.9442
0.0164
0
0
0.5042
1.2301
0.8938
2.6874
8.5449
1.9002
0.2969
45.9496
6.6531
0
0
0
0.0178
0.3132
0
0
0
0
0
0
0
1e-04
0
0.6066
1.2
11.3043
0.8274
1.0691
0.4205
0
15.5132
12.7001
2.7516
0.0127
1.9197
2.2293
0.5627
0.1416
0
0
0.0526
0
0
0
0
0.6508
0.029
1e-04
19.1909
18.2176
0.6736
3.3021
0.4032
0.3396
0.6063
0.478
3.3517
3.4735
14.0161
23.3902
2.2847
0.0894
0.0902
0
0
1e-04
0
0.0247
13.1602
8.7481
9.8736
0.3792
2.6829
0.0194
0.1434
1e-04
0
0
0.8654
0.1016
0.1292
0.0759
0.0641
0.0174
0.0496
0
0
8.8055
0.1829
0.0026
0
0
0
0.1128
0
0
0.8416
6.2392
0
0
0
0.0225
0
0
0
0
17.0132
25.3109
18.489
0.0544
2.2479
10.0744
21.353
8.6826
0
0.0145
0.7059
0
7.0537
0.4054
4.3202
9.4373
0
0
0
0
0
0
0
12.8102
2.1959
0.0138
5.5185
0.0034
0
0
0.6796
0
0
0
0
0
0
0
0
0.4513
0
0
0
0.1815
0.3558
14.292
1.4975
0.0017
0
9.1039
0.0602
0
0
0
11.9031
6.8017
1.8277
0.2439
0.1789
1.5244
1e-04
0
0
0.0305
0.1537
21.679
4.4188
0.0011
0
2.0999
0.7598
5.2677
1.7483
0.581
0.696
0.1611
0.8905
3.6616
7.3339
0
0.5774
5.7794
1.5738
0.3345
16.9834
1.7509
2e-04
0.073
0.0012
0.172
0
0
5.953
19.3489
0.1505
0.1532
0
0.0105
0.1359
0
0
17.1267
8.8884
0.5805
0.7049
0.1176
1.3928
1.5665
8.2202
0.2711
0
4.637
5.2922
3.2667
0
0
5.9023
16.0862
2.1865
0
0.01
1.1963
2.793
0.2314
0.0144
0.8594
4.3813
3.6275
0.0119
0
0.2312
0
0
0.2295
0.0013
0.0017
0
0
0.2267
0.0261
0.4815
0.5954
0
5e-04
1e-04
4.1378
4.2705
0.8166
0
0.0678
0.8867
2.1309
1.0712
8.2058
0.064
0.0149
0
3.1108
8.4541
0
14.3592
31.7084
14.5544
1.1888
0
0
0
6.403
0.2885
0
0
1.0163
0.7193
4.6818
9.0024
0.1646
0
0.0181
8.715
17.1326
0.9129
8.7328
0.7707
1.2094
0.9261
2.5017
3.5873
0
0
1.5059
1.9047
5.2234
0.8419
3.0537
4.6308
9.4685
0
0.9252
6e-04
0
0.6944
0.2987
2.6505
4e-04
0
0
0
0.1035
6.4514
0.2514
2.4165
0.0479
0.4262
0.0467
0
0
1.0967
2.2047
3.2143
0
0.2533
0.7287
0
0.1974
4.9435
4.2944
0.349
0.0039
0
0.0382
0.5252
0.1379
0.0044
0.0028
1.1602
0
0
0.0866
0.5058
1e-04
0
0.0056
0.0664
1.1612
0.3627
4.5878
10.5415
10.7191
14.6792
1.6138
0
15.3016
1.0918
0
0.4072
0.8438
0
0.2778
0.0456
1.5991
4.9882
0.4895
0
0
0.502
0.1265
0.4721
0.007
2.7051
1.2666
6.8955
10.7943
3.8514
2.2977
5.2856
3.5556
0.3683
0.3916
0.2338
0
0
0
0.1921
0.5216
12.7723
0.1554
0
0
0
0
0.0204
11.1158
12.7087
1e-04
0.7738
2.6621
5.9907
0
0
0
0
0
0.0126
0.0153
0
6.3336
4.0138
0.8282
0
3.7077
0.1831
2.8509
0.0424
0
0
0
0
0
0
10.6099
9.5264
1.6074
0
25.2553
0.366
0.5273
0.0259
0
0
0.7902
2.9994
0.5528
3.292
13.3294
0.4154
0.1593
0
1.7462
1.9789
1.0817
16.8384
2.2715
0.2897
0.1639
0
0
0.4915
0
0
0
0.9742
0.8809
0
0
1.7802
1.2971
1.1617
5.3594
0.1378
0.1504
0
1.7948
0.1723
0
0
0.1307
0.055
0.0673
0.1275
0.1057
0.0873
1.9382
1.0931
5.7661
4.0472
0.1988
0
0
1.384
0.4285
0.0749
0.5631
0.2633
0.6411
7.4709
0
0
0.0745
0
2e-04
0.2637
0.646
5.1777
1.0516
12.3278
12.3371
0.3824
0.737
0
0.1405
0
0.2461
0
0
0
0.0617
5.4163
1.8616
0
0
0.0613
0.3857
0.0018
4e-04
0
0
0
0
0.0654
0.2582
0.0344
12.1694
1.8548
2.6855
3.4871
0
0
9e-04
0
0
0
0.1853
3.4826
3.6792
0.9159
2.9066
4.7848
0
0
2.5368
0.1813
0.3754
0
0
0.5067
0.0036
0
9.2177
0.0975
0
0.3156
0
0
4.2175
0.7695
2.2747
0.1676
0
0
0
7.6096
0.75
1.6346
17.2808
3.288
0
0.2458
12.6847
6.5037
24.1957
5.3774
0.0497
0.0917
0.0258
0
0
0.0729
0
0
0
0
0
0
0.7174
9.1753
3.826
4.6045
6.0294
3.3035
0
0
0
0.0399
0.6581
4.1101
0.8434
1e-04
0
1.3085
6.5835
0
0.1463
0.9119
0.0011
0
0
0
0
0
0
0
0.7568
3.2395
5.4885
0
0
0
0
0
3.6137
0
0
0
0
0
0
0.0016
0
0
0.1423
2.4026
7.7502
1.3716
0.1365
0.3255
0.1229
0
0
6.1307
5.6689
0
5.5962
41.0088
14.1295
9.046
2.9811
0.2367
7.1034
0.3579
0
0.1835
0.0054
0
4.6251
0.3654
0.6322
5.9403
6.3735
0
0
0
0.3033
0.8775
0.1541
0
0.2188
0.0683
0
0.0965
6.3936
18.3046
0.5495
0.7559
3.0283
1.5263
1.057
5.536
0.0914
0.2367
0
0.8205
0.8337
0.0913
8.9708
4.6656
0
0
0.039
0.0025
0.6587
5.682
1.4959
25.5185
10.8109
0.0058
0
0
0
2.4485
10.9754
4.9196
0.5401
0
0.1126
0.4778
0.3029
0.7517
2.2453
1.6265
0.5885
0.7566
0
0
0
0
1.1346
0.07
0.0894
0.0406
2.0912
0
0
0
0
0.6292
0
0.0767
1.0796
0.053
0
5e-04
4e-04
0
0.0373
0.7744
11.1242
3.5558
1.7238
1.0827
0.6593
0
1.8263
0.0725
0
0
0
0
0.5524
0.8691
4.7164
0.0107
0
0
0
0
0
0
0.0203
0.0579
3.706
0.0121
0
0
0.1959
0.6254
1.07
0
0
0
0
0
3.0283
8.1886
0.1614
0
7.4237
4.6186
6.5932
0.0278
0
18.9376
3.454
0
0
0
0.3464
0
8e-04
0
0
0
0
0.3199
0
0
0
0
0
11.4505
6.586
0
0
0
0
0.8418
0.1872
4.9869
1.4226
19.4905
2.513
8.142
3.3235
2.1745
0.0021
0
0
3.4069
3.7026
8.872
0
9e-04
0.2507
0.0872
0.1646
0
0.2516
0.1158
0.1366
0
0.2518
0
0
2.1747
2.5891
0
0
0
2.0907
1.6558
3.8247
0
0
0
0.9766
0.8666
1.8142
5.1291
12.4112
2.8669
5e-04
0.1758
5.5143
31.1285
4.943
1.3906
0.3041
0.3571
0
0.0027
0
0
0
0
0
0.1987
0
0
0.5693
0
0
0
0.0739
0
0
0
0
0.1817
0
1.3091
0.2025
0
0
0
0.0438
0.1381
0
1.0585
0.4867
0.0442
0.5282
11.1108
6.2326
0
0
0.0012
0
2.0016
1.2608
20.7157
8.6855
0
0
0
0
0
0
0
0
0
0
0.1548
0.6597
0.6337
0
0.0728
0
0
0
1.7605
1.5719
0.0678
0.0795
0
0.0224
0.126
0.1806
1.3187
0.0629
0.4864
0
22.8183
27.382
7.4033
0.365
10.5618
0.3179
0.0281
0.063
0
3.317
11.1766
1.1796
1.6022
24.5639
0.0726
0
1e-04
1.4595
0.0136
0.0598
0
0
3.7802
0.0202
0.1707
0
0.7086
4.6333
0
0
0
11.6192
6.8875
6.4605
0
0.3952
6.8895
0
0.0428
4.4751
8.6043
4.2411
0.0236
0.0915
0
2.0089
28.2832
4.0704
4e-04
0.1628
23.5807
10.7077
0.0386
0.0065
5.5213
7.2316
3.4326
0.0139
0
0.3075
0.0015
0.9201
0
9.0129
0.8619
0.0018
0
1.3548
0.2046
0
0
0
0
0
1.7916
1.5218
2.4027
1.8299
3.5279
7.2719
22.7589
2.9778
5.7806
3.9138
1.0974
0
0
0.8607
10.3198
1.0294
0.0388
0
2e-04
2e-04
0
0
0.4201
13.0073
2.0385
8.5207
10.2588
0.1582
0.0177
0.7972
0.4739
3.2946
17.5574
4.611
4.1588
5.6548
2.6344
0.7439
0
0
0
7.3476
3.584
3.5888
6.5235
7.4738
1.0912
0.0963
9.5652
5.7263
0.5987
0
2.6642
0.1344
2.1817
7.9881
0.937
25.9938
7.9332
0
0
0
0
0
0
0
0
0
0
0
0
0
0
0
0
0
0
0
0.1055
3.9229
0.5154
0.2111
0.0773
0.4426
0.093
0.0579
0
0.0729
2.2733
0.2594
0
15.7904
1.3039
3.2303
0
0
0
0
0
0
0
0.2594
0.2124
0
19.9561
4.6213
50.2185
11.4424
0.0303
0
0
0
0
0
0
0.2172
0.0412
0
0
0
0.2184
2.9571
1.8679
1.3236
0
2e-04
1e-04
0.0299
7.4032
0.6868
0.3116
0.4827
4.8492
1.7563
16.4685
0.3283
0
9e-04
0.3851
15.3967
0.0381
0.041
3.7079
21.9194
1.2338
4.0407
0.0374
0.2272
0.7176
1.3045
2.377
1.1519
0.031
0.0992
0.108
0.0716
0
0
0.2136
0.1149
0.1929
0
0.2399
0.1335
0.6912
0.1981
0
0.2246
0.0155
0
0.5289
2.73
0.0494
0.0857
0.6081
3.3374
10.8655
0.0164
0
0
4.0607
4.6912
0.1002
0.0382
0.3113
0
1.0798
0.6168
0.1783
0.3432
0
0
0.2412
0.0795
0.3949
2.6665
7.084
0
2e-04
0.0375
0.1914
0.0237
2.6821
1.4513
0.6713
2.8651
0.0126
0.001
0.9432
0.387
3.1706
1.1928
9.3799
0
0
0
5.4241
9.5904
0
0.0596
1.7551
1.273
0.4805
0.2785
0.2449
0
0
0
0
0
0
0.8994
2.2819
0.153
0.1816
0.0671
0.0802
0
2.3689
0.3368
0.2256
0.0512
0.3366
0.1009
0.7112
0.14
0.0954
0.0434
0
0
4.2077
16.3848
4.4833
4e-04
0.1842
0
0.9496
0.5397
10.2619
2.5351
0.2949
0
0.2683
0
0
0
0
0
0.8463
0
0
1.3133
24.9454
17.1362
0.5084
0
0
3.1532
1.5104
0.0027
0
0.1997
0.3344
0.5366
1.6341
6.3895
0
0
3.9776
1.4045
0.0888
0.3054
0
0.1199
0
0
5.4868
5.5293
0.2247
4.3604
1.8258
0.0801
0
1.8488
2.9116
0
19.4632
20.7724
0.1981
0.6963
4.8219
0.6817
0.8918
9.5248
14.6111
0.9439
0.254
1.0387
5.5795
3.0793
1.5205
0.0287
1.6448
9.0752
15.6279
7.0773
0.406
0.0053
0
7.3511
1.4324
2.5269
0
0
0.4768
1.9221
0
0.4123
0.5389
0.1571
2.4724
6.6622
0.1456
0.0752
0
0
0.1489
6.1223
2.5065
2.2229
1.2395
15.3855
15.8762
2.6966
3.4425
2.1986
6.1736
5.9917
2.2051
3.7967
1e-04
0.7317
4.2594
9.4973
6.6788
2.2401
0
0.0023
0.0658
3.9297
0.0169
1e-04
0
0
0
0
0
0.0255
0.0772
0
0
0
0
2.0381
0.2051
0.6432
0
8e-04
1.7782
4.7683
22.7526
1.4572
0.1289
4.3112
0.8497
2e-04
0
0.086
0.8754
5.1364
5.1306
0.176
0
9.2384
10.6141
13.39
1.1144
1.7095
0
0
0
0
0
0
1.0029
0
0.4732
0
0
0.0544
0.3999
0
0
0.0011
0.1404
0.3209
1.152
1.322
0.1228
0.1321
0.0036
0
0
0.0077
0.1352
0
0
0
0
0
0
9e-04
0
5.1903
15.9986
0
7.3971
0.1756
1.1767
8.9027
0.8131
4.3649
3.4125
1.6078
0.7326
0
0
0
9.9344
11.9219
0.3388
0.0255
0
2.6059
14.391
26.292
0
0
0
0
0
0
0
0
0.209
0
7.1584
1.3955
0
0
0
0
0
0.209
0.6499
16.475
2.2454
1.3609
0.0551
0.0025
8.3524
0.4465
0
1.2548
0
0.6802
2.0075
13.1742
5e-04
0
0.185
0
0
0.5311
1.3545
8.2337
9.3361
0.7407
0.9927
1.1336
0
0
0
0
0.7555
0.8388
0.2787
0.3203
0
0
0
0.7515
2.9342
10.6941
8.8485
0.0208
6.0035
0.0448
5.7637
9.0677
0.0019
1.0111
0.7913
2.3196
0.0942
0.0378
0
0.3553
0
21.9209
13.4119
2.6813
0
0.075
20.0067
9.3249
0.7218
0.1355
0
0
0.0413
2.9548
8.5815
0
0.2338
0.3059
0.1355
0
0
0
1.0282
0.6802
0.4252
0
5.5143
0
0
0.2338
4.9648
0.1428
0
0
0
1.0044
1.294
6.6682
0
0
0
0.2889
0
13.9726
0.0012
3.4552
4.5953
0.0203
2.0202
7.6455
0.0957
0.153
0.1371
0.1256
0.2778
0
19.6066
1.921
0
0.0462
0.1298
0
0.2671
1.5776
0.1938
1.1966
0.0687
0.5475
2.1362
0
0
2.1841
6.1417
4.3316
2.4696
0
0
0
4.3333
43.9545
0.0052
1.9281
7.4818
0.0518
0
5.3397
5.1358
0
0.8032
2.137
1.779
0
0
0
30.4286
2e-04
0
0
0.2926
0
0
0
1.3216
1.6423
0
9.672
0.6377
0
2.7439
9.2166
1.1275
1.9714
0
0
0
0.4289
9.4888
0
0
0
0
0
0
15.5252
0.88
0
0
1.8087
2.1924
0
0
0
0.0059
0
0
0.3004
0.0451
0
1e-04
5.479
3e-04
1e-04
2.7186
7.6796
19.8565
2.7641
12.2092
0.0762
0
5.0801
0.8536
1.255
0.0566
2.2128
0.142
1.8835
5.5775
0
0.6079
10.2796
16.6023
0
0.0758
0
0
0
48.2396
0
0
0
12.8245
0.0063
30.6565
20.5998
28.9097
0.7995
0.0984
0
0
1.821
0
0
0
0
1.1816
0.0013
1.1534
0
5.2597
0
14.2615
3e-04
0
1.1216
8.3572
0
3.2882
7.3896
11.6404
0.0646
0
1.2575
17.0066
0.242
0
0.0015
0
0.7098
0
5.7594
2.8073
14.4159
0
0
0
0
0.8287
10.3451
0
0.3582
0.0062
0.3725
1.7323
6.2739
3.1122
5.3411
0.6199
0
7.5952
1.0883
0.6774
0
0
0
0
0.8601
0.0786
11.9034
0
0
0
0
0
0
5.2059
0.2583
12.5379
0
15.5818
24.5476
10.2305
0.3701
0
0.2009
1.7974
1.9821
1e-04
17.4983
0.0258
5.829
0
0
0
0
1.5583
0.0262
0.1072
3.671
0
0
0.4669
0
0.2608
0.0483
13.3138
0
5.0741
0
0
0
0
3.9132
1.7696
3.3468
45.8837
0
0.4202
1.3657
0
0
0
0.4202
0
0.5177
0.2701
0.6974
0
0.4596
0
0.7586
0
0
0
2.1128
0
0
0
0
7.8042
4e-04
0
0
0
0
0
0.0495
0
0
2.1086
0.002
17.2809
5.1347
0
0
0
0.9659
1.7003
1.3689
0.7377
0.2305
0
0.4232
0
0
0
2e-04
8e-04
0
1e-04
8.8233
1.351
0.559
0
0
0.2294
1.8842
0.6281
10.1327
6.6394
0
0.4975
0.5476
0
13.6699
1.4168
0.5499
0
2.4008
2.7784
3.7069
0.4311
1.2133
0.8127
0
0.3539
14.5095
0.0301
0
0
0
0
0
0
0
0
0
0
7.2558
7.1246
6.3897
9.453
1.4579
0
4e-04
0.0021
0.3706
0
0
0
2.0401
16.5503
0.5694
6.9941
18.3225
21.5545
0.9221
0
0
0
3.6914
0
3.2365
0.0736
0.4873
0.6211
3e-04
0
0
1.0448
5.1311
0.0747
0.1227
0
0
0.1194
0.0533
2e-04
0
0
0
0
0
0
0
0
0
0
2.1255
6.2555
4.1439
0
0
0.0063
13.8724
37.2814
12.7162
1.1686
3.397
0.2414
0
3e-04
0.4468
0
0
0.6355
0.0266
1.7467
0
1.8401
0.5075
0
0
0
8.0888
14.528
0.6648
0.0013
0
0
0.5272
0
0
2.0254
7.6869
0.593
11.1079
7.3569
3e-04
0
3e-04
0
0
0
14.8148
0.4005
0
0
9.1968
1.6585
0
0
0
0
6e-04
19.7406
17.6372
3.5337
0
0
0
10.1383
0
18.8114
0.7491
0
4.5307
0.1784
3e-04
4e-04
0
0.4069
0.0139
24.6927
0
0
3.4466
1.6847
5.6656
18.3909
3.2921
4.2902
0.0449
0
0.1919
1.386
0.1653
0
0.3839
0
0.4667
0
0
0
0
0
0
0
0
0
0.4047
5.8148
2e-04
0
4e-04
0
0.0893
0
0.6335
0.3408
0.3137
0.048
0.2048
1.3394
0
0
0
1.0079
16.5992
3.321
30.8354
10.5128
0.0435
1.2157
2.3502
0.0081
0.2849
10.0857
0
0
0.0015
1.007
0.0203
0.8762
16.3207
12.4676
3.9192
3.0531
4.1274
5e-04
0
0
3.8164
0
0
1.6231
2.0798
0.0389
0
0
0
0
8e-04
15.1734
9.0004
0.1327
0
4.2242
7.881
16.336
29.3584
36.8212
2e-04
0
1e-04
0
0
0
0
0
0
0.0012
0
17.238
26.2788
25.6137
5.6528
1.4503
3.0688
5.1308
0.1603
0
0
0
0.0672
8.1839
0
3.804
0
0
2.9313
1.5317
0.2711
31.757
45.5109
0.0899
0
0
2.5595
0
0
0.0327
0.1149
0
8e-04
0
0
9.17
0.4623
0
0
0
0
0
0
0.0115
3.6555
0
0
0.434
0.0093
7.6032
0.3872
0
0
4e-04
0.5309
1.4119
0
0
0.0422
0.6172
0.7555
8.1518
0.127
0.431
1.4805
12.9893
0.6153
0
0.1748
0.0737
0
0.0435
0
0
0
0
2.8498
0.0918
0.5968
2.7829
0.0128
1.0313
0
0
0
0
1.5899
0.012
9.7724
0.3265
1.7143
0
0.2008
0
0
0
0
0.003
0
24.7226
0.0809
0
0.1682
0
0
0
0
0
8e-04
0.002
0
0
0
0
6.4418
5.4518
0
0
0.0348
0.5231
0.7649
0.0739
0.4058
0
0.1383
0
1.7394
0
0
8e-04
0.0012
0
0
0
0
0.1792
0.3825
0
0.5076
1.3249
8.6512
5.4556
0
0
0
0.2621
0
0.2516
0.7128
0
0.1439
0.1458
11.5466
9.869
0.0362
0.0066
0.2202
1.4025
4.2089
3.526
0.6166
0.6487
3.8252
4.749
1.1388
0
0
0.0105
9.4089
2e-04
0
1.4854
9.5994
5.2961
3e-04
3.9193
0
0
0.5404
0
3.908
0
8.3124
2.2528
0.1696
1.4239
0
0.7929
10.0823
0.2558
0
0
0
9.5856
0.2427
0
0
0.7972
1.6338
0
0.003
0.7114
0.6202
0
0
0
3.2849
0
6.0007
5.9479
1.0817
2.1092
12.933
0
0
16.3563
0.2404
0.0144
6.2239
0.3935
0
0
0
0
0
0
0
0
0
0
0
0
0
0
0
0
0
0
0
0
0
5.5528
0
1.2538
5.5389
0
0.1729
0
0
31.5443
0
10.468
1.8851
0
0
5.8708
18.9813
2.9241
1.3904
0.6277
0.4867
0.7534
1.8117
26.2296
0.2409
0
0
0
0
0
0
0
0
0
0
0.0505
0.0013
0
2.4517
0
0
0
1.3368
1.2241
0
0
0
0.0479
4.4324
0.0274
0
0.3484
13.9182
8.1748
8.8853
0.5798
0
0
0
0
0
12.0396
5.8392
3.529
0
0.0256
0
0
0
0
1e-04
0.3646
12.1175
26.4851
1.9663
14.0434
0
0.4195
1.9145
0
0
0
0
0
0.0239
0.2646
3.2281
0
8.9333
1.1231
0.1335
0
0.8828
2.8245
0
0
0
9.4295
0.3206
0
4.9396
1.9528
0
0
0
4e-04
0
0
3.9671
7.7391
3.6096
2.7469
4.255
13.3069
1.1725
6.2473
1.7765
0.1249
0.1408
0.086
0.0059
0.4252
2.9978
0.9292
0
0
1.0597
0.0278
3.6303
1.6335
7.4271
0
1.3898
0
0
4.4821
8.2631
0
0
0
0
2.262
0.0255
1e-04
0
0.6109
6.2338
17.2429
9.765
1.2288
0.8369
0
0
0
0
0
0.0048
0.0211
0
1.3036
0.0111
0.0559
0.4833
0
0
0
2.0512
0
0
0
0
0.007
0
0.7356
0.1011
0
0
4.8035
0
0.6708
0.7905
0.2738
24.9455
1.5757
0
0.024
4.3727
16.3322
0
0
0
1.5939
3.1481
0.611
0
0
10.5624
0.0597
0
0
14.9545
0.5868
0
0
0
0
0.3762
1e-04
0.026
0
0
0
0
0
0.0422
0.1811
31.4588
2.3618
2e-04
0
0
0
9e-04
0
0
2.1698
0
0
0
0
0
0
0
1.1264
3.0316
1.2468
0
0.0706
0.2676
1e-04
11.9961
1e-04
0
0
0
0
0.0017
0.8938
0.1512
9.1847
1.5476
5e-04
0
0
10.267
0
0.2648
3.9992
17.6256
2.2778
0.4861
0
0
0
2.6349
0
0
0
0
0
0
0
0.1564
0
0.0283
0
0
0
7.2604
5.6603
3e-04
0
0
0
0
1.2304
0.0086
0
0.2987
0
0
0
0
0.284
0.1449
2.6503
0.7027
0.9003
0
0
2e-04
0
0
0
0
3.0136
0
0
0
1.7969
0.9259
0
0
0
0
0
8.72
4.8073
0
2.433
2.1937
2e-04
0
0
7.0181
0.639
0
0
0
0.4174
4.6268
3.5431
0
5.8785
0
0
9e-04
0
0
0
0
0
0
0
0
0
1.4426
3.1969
0
0
0.0366
3.7478
0
0
5.8188
8.4849
0.0075
0.0013
0
0
9e-04
0
13.1526
4.394
0.8404
0
0
0
0.1802
5.9409
0.4618
0.0013
0
8.625
14.2956
0
0
1.4291
0
0
0
0
0
0.7
0.1662
1.9911
22.787
4.9249
0.1753
0
0
0
0
0
0
0
0
18.0216
8.3171
0
0.2942
1.6756
0
0.4191
0.2811
1.7334
12.8338
0.0275
7.6918
0.8651
0
0
1.4104
0.0661
6.6171
26.5501
0
0
0.128
7.4304
0.2632
0
0.0032
2.5987
33.3704
2.0118
4.7983
0
0
0
0
0.024
24.7647
2.5079
0
0
0
0
0.7122
15.32
7.1279
17.6503
6.6554
4.7921
1.9719
20.3604
0
0.0739
29.9327
0.05
0
0.706
33.3094
0.0518
0.7281
0.5377
1.0135
0
0
0
24.7602
0.0955
0
1.7823
0
0
0
3.0233
0.6856
0
0
4.4305
1.4327
0.7043
1e-04
2e-04
0.0264
0
0
0
0
0
0
0
0
1.4017
25.4692
27.5886
4.471
1.544
8.8376
5.6153
0.1
0
27.3115
23.12
0
0.533
0
0
0
0
0
0.0396
0
5.3491
0.1261
0
0
0
0.033
2.5975
1.774
0.0199
0.1788
10.1511
1e-04
0.0278
0
0
0.0318
0
3.7859
0.676
0
0
0
0
0.4495
41.5144
1.3803
9.0577
4e-04
6.2235
0.2914
0
0
0
0
6.5722
6.3818
0.3274
19.7327
5.712
0.0018
3e-04
0
0
0
0
0
0
0
15.5283
24.7937
4.6116
0.9987
0.0037
0
0
0
0
0
0
1.5633
0.1321
3.7473
0
0
0
0
0
0
7.7149
8.4144
0.1171
0.1948
0.2041
0
0
0
0
0.0023
0.3563
0
0
0
7.3639
0.6612
6.002
7.9313
2e-04
0
2.3589
0.0218
0.3032
0.0731
0.0735
0
0
0.2167
0.1264
0
0
0
8.4197
2.4264
1.8589
0.0101
1.9799
0.3963
0.0307
0
0
0
2e-04
0.0485
2.77
1.5274
0
0.1235
16.1002
6.3832
2.876
11.3389
0
14.2384
5.2417
0
1.5307
0.0329
0.0374
0
0
0
0
0.0141
0.2435
0.316
1.689
0.6838
2.7217
0
0
0.241
0.2409
0.6478
0.0713
0
0.0376
0
0
0
0
0
1.009
2.2321
0
0
0
0
0
0
0
0
0
0.0245
0
1.5542
0.1723
0.2248
10.0212
2.2118
0
0.1273
0
0.0555
0.5199
2.4036
0
0.1737
16.5381
6.8605
0
0
0.0104
12.278
2.5432
0.1565
0.0139
0
0
0
0
0.5062
0.0395
2.0023
7.2651
0
0
0
0
2e-04
0
0.0859
0
0.3158
0
0
0.1547
0
2.0146
3.0454
8.854
0.0493
0
9.0415
2.1066
0
0
0
0
0
0
0
0.3548
0
0
3e-04
0.0946
0
0
2.5242
0
1.8257
0
0
31.8351
0.9617
0.3998
3.1819
2.5454
3.4891
1.0682
0
0
7.9133
0.3382
1.151
0
0
11.6992
4.849
4.3744
0
0.2011
0
0
0
0
0
0
0
0
0
0
0
0
0
9.0488
0
0
2.6986
4.9653
0
4e-04
27.7751
15.209
0.0955
3.05
0.0616
0
9.2392
1.4627
0.1595
5.4713
6.7416
7.0462
13.6226
0
1.0915
0
0
4.1749
7.8326
0.1716
0.1949
3.0946
10.5411
0.4912
0
0
0.2878
0.0352
1.7817
0
0.3503
2.8163
4.1743
0
0.5803
0
0.6063
3.175
1.9023
1.5222
0
0
0
1.4297
0.3891
0.2068
0.2033
1.3845
0
2.3274
1.4775
0.0255
0
0.1664
0.0013
1.1921
1.4035
0
0
0
0
0
0
0.341
2.4358
0.0073
0.5728
23.4935
0.7572
1.2653
0.2464
32.3838
0.0685
2.2201
0
1.1284
7.3034
0.2176
0
1.0768
3.0041
0.0215
0.1788
0
0
0
13.4988
0.602
0
9.8549
0
0.3486
0
0.9386
0.0761
0
7.0472
0.2658
0
15.9157
6.6461
0.0536
0.7067
0.1186
0.2564
0
0
0
0.6619
0
0
0
0
0
0.0391
0.4527
5.565
14.4529
18.5055
0
0.1731
1.4728
2.7892
0
0
0.1792
1.7876
22.379
0.2552
9.74
0.1429
0.0926
16.1145
0.6412
2.0088
0.6811
0.0346
0.0744
0
0
0
0
2.6248
30.6085
10.0472
0
0
0
0
7.3002
20.9752
0.1657
17.0841
1.9873
20.2448
0.2045
0.0121
0
0
9.6519
10.8022
5.8252
2.9445
17.0364
1.1623
0
0.0653
0
0
0.4552
0
1.599
0.0244
0
0
0
0
2.2289
0
0
0
0
0
0.3706
2.1795
0
0
0
2.3586
0.0916
0
0
0
0.7028
2.5893
0.1111
3.2514
3.8648
10.6467
15.5008
0.0564
0
0
0.4011
0
0.3057
0
0.2363
0.0284
0
0
0.8503
4.9071
18.1475
0.0119
3.7843
19.6386
2.647
0.0961
0.0297
0
0
2.1772
0.0889
0
0.1026
0.121
0.719
0
0
0
0
0
0
0
0
4.0034
0.2568
0
0
0
0.0321
1.2938
0.3135
0.0226
0.1684
0
0.0361
0
0.0853
0
2e-04
0
0.105
6.1745
0
0
0
0
2.829
23.5563
14.1595
18.7159
0
0
0
0
0
0
0
0
7.8904
4.0771
0
0
0
0
0.2219
0.1682
0
1.1034
10.5296
0.9878
0.6442
0
0
0
9.1314
0.172
0.001
0
2.1306
6.9832
0.4451
0.1372
0.2
0.11
3e-04
9.7289
0
0
0.1693
0
0
0.348
2.2677
0
0
0
3.1226
0.2193
0.0308
0.4066
3.9856
5.754
13.8308
0.9986
0
9.3557
4.9053
0
1.1657
9.5802
2.6184
0
0.0318
0.0022
0
15.1564
11.2115
0
0
5.5589
18.8667
1.6865
0.0474
0
0
0
0.1056
8.5368
4.1612
1.2725
0
0
0.3127
0
2.406
11.3965
0.1687
0.1269
0
14.4032
0
0
0
4.9094
1.6241
8.2503
2.461
0
2.8792
25.5213
8.6835
0.9368
0.4216
3.8814
5.6276
0.8273
0.3825
0.8429
0
0
0.0749
0.2408
12.1908
0.741
0
0.3418
4.3462
0.7293
1e-04
0
0
10.7048
19.0817
8.45
2.2467
0.0022
0
0.0369
0
0
4.5892
0.3514
3.3998
0.4202
0.309
1.0072
0.2869
0.1643
0
3.7132
0
0
0
2.2436
1.0889
0.2008
0
0
0
0
0
0
3.9238
0
0
0
0
5.9145
0.5218
0
0
0
0
0
0
0
0
0.131
0
1.3647
5.4564
11.9194
0
0
4.1619
4.6643
8.3653
18.377
1.8362
0
0.0945
0.1581
0
0.1388
3.5474
0
0
0
0
0
0
1.5153
0
2.3756
1.0097
0.6262
0
0
11.6306
0.1339
0
15.7973
16.7575
8.6576
0
0.0376
0
0
0
1e-04
0
0
2.4079
0
0
0
0
0
0
0
0
0
0
0
8.8113
5.4636
0
1e-04
0.1569
4.5263
15.5597
3.5143
0.1836
0.1167
0
0
0.1886
25.3549
0.0975
0
0
0
0
0.5118
4.1223
0.0847
0.0503
1.1376
0
0
0
0.0599
0
0.3044
0
0
0
0
0.4985
8.3755
0
0
0
0.0026
0.2208
19.4127
2.2131
0
0
0.763
0
0.0212
0.0215
0
0
0.7455
6.2083
1.1621
0.1555
0
0
21.1555
8.1301
0
0
0.0568
1.6311
1.3713
0.4379
0
3.1965
0
2.7359
12.8649
0.24
0.2453
0.218
0.7279
0.3682
0
0
0.4637
0
1.4948
0.0671
0
0.256
0
0
0
0
0
0.0034
0
0.2148
2.9079
0
0
0
2.7559
21.5349
3.8979
0.335
0.253
0
0.007
8.1269
0
0
0.3232
0
5.2345
9.6469
1.8978
4.2258
0.2252
1.0547
1.4238
2.0655
0
0
0
0
0.0377
0
0
0
0
0
0
0
0
0.1618
0
0
0.0536
0.0313
0
1.4552
0
0.4028
3.7879
0.1333
0.2924
1.5924
0
0.2487
3.0392
0.8161
0
0.0279
0
0.0398
0.5691
0
0.0922
0
0
0
0
3.2945
0.2409
0.7443
0
0
15.2585
4.8762
0.7655
0.0765
0
0
0
0.0082
1.4764
0
0
4.7702
1.5127
0
0.4971
2.3722
0.0723
0
0.4018
18.4776
0
0
0
0
0
1.5179
1.2681
10.5578
0.1812
0
0
1.7597
2.5851
0
0.0603
13.6488
0
0.321
1.6158
0
0
16.8064
23.4918
0
12.0115
0.2608
0
0
0
0
0
0
0
0
0.2258
1.1767
1.1987
2.1395
1.1553
0.1428
0
0
0.0197
0.7133
0
0
0.5007
1.3437
2.5322
17.1617
0.1526
0
19.0842
1.7157
11.2102
11.5025
16.0077
15.0481
8.0809
5.6698
0.1184
0.0468
4.9104
0.19
2e-04
0
0
10.9798
0.0252
0
0
0
0
0
2.8053
2.1312
0
0.1984
28.1911
0
0
3.5572
1.6842
0.3105
0.0163
1.257
23.2534
0.1326
0.0391
6.0218
39.9181
0.9344
5.5682
0.6996
0
3.9855
0.0327
0.2265
0
0
0
0
0
0
8.413
5.2704
0.2645
1.8576
1.4261
0.5616
8.5609
0
2.6733
2.0702
0.8028
20.4356
22.7394
7.8757
5.0697
1.9803
0.2149
0.4589
0
0.586
0.1866
0
0.7218
0
0.4527
24.9188
5.7368
1.2713
0.6114
0
0
21.125
0.4319
0.0024
0
0
0.293
23.5998
13.2633
10.3283
2.7536
0.9524
3.1413
3.3288
0.4075
0
2.6088
6.275
0
0
3.9128
4.6394
0.3374
0.0191
0.0272
0
0.0326
4.4663
0
0
0
7.6021
2.334
0
0.0465
0.3164
1.587
46.5707
4.796
0.6069
0.3587
0
0
0
0
0
0.1427
0.0556
0
0
1.2491
6.2612
0
0
0
7.0646
0.0791
0
14.7664
1.2004
0.0524
7.1181
0.2364
26.814
3.0103
1.4415
0.2571
7e-04
0
3.0596
3.2216
0
0
0
0
0
1.8133
0.0131
0
0
22.6078
5.6147
0.5354
0.1946
0
0
0
0
0
0
0
7.0183
12.376
0
2.4555
1.9604
0.0473
0.0804
3.7688
0.0091
0.0219
0.0348
0.0235
0.0449
0
0
0
0
5.8627
5.1255
0.1591
0
1.6096
3.089
0.1822
4.4695
5.1354
0
0
0
0
5.5799
0
0
19.3456
14.0797
0.2926
0
0
0
0
0
10.8899
1.3177
0
0.1683
0.5944
12.6211
0.5418
0.0236
0.0198
4.5922
0
2.8332
0.393
0.0663
0.5635
5.6218
0.6615
0
19.8402
2.2102
0.7927
0
0
0
6.4919
8.4218
0
0.0627
2.3898
0.412
15.7209
2.1137
0
0
0
0
0
0
0.0294
7e-04
0.9628
0.719
0
1.6131
0
0.1573
0
0
0.0331
0.5367
0.2907
0.0338
0.2924
3.8839
0
2e-04
0.2597
0
0
0.2579
6.221
0
1.5121
0.0978
0.7264
0
0
0
0
0
0
0
0
0
0
0
0
3.0244
0.8341
0
0.1878
0.7551
0.0367
0
0
0
0
6.3984
0.4891
0
8.3171
8.5311
0
0.9374
0.2395
1e-04
0
0.2506
0.013
0
1.8379
0
2.222
0.3823
1.5102
1.6438
5.7196
0.0707
0.7531
0
3.4551
5.9438
9.5686
1.2307
0.1807
4.307
12.7085
2.6349
0.3369
5.2867
0.6698
0.2025
0
0.0716
0.002
3.4781
0
0
0.0489
0.9062
3.5597
0.0289
0
0
0.7615
0.0018
0
1e-04
4.5764
0.5035
3.5296
0
3.9004
0.362
0.5124
0
0
5.3277
5.7456
15.2715
0.1208
0
2e-04
0
9.3631
0.0453
0.8091
11.8407
3.8482
3.5397
4.9117
7.7113
8.2389
0
2.8415
5.3108
3.1274
0.411
26.3461
1.8888
0.2057
8.9552
0.7904
0
0.0265
1.2511
0.0355
8.2458
19.5095
0.5267
2.8345
0.1409
0
0
0
0
0
6.3974
7.7549
23.9137
5.8028
0.0585
13.5892
0.9245
1.7628
11.1105
0.1406
0.0867
0
0
0.7573
0
0.0292
7.7422
0.0408
0
6.0721
0.1319
0
0
0
0
2.7274
1.2531
0.7396
3.4548
0
0
0
0.3831
5.727
0.5219
0.0274
0.563
0.1312
4.1945
4.3902
0
0.3572
1.5232
12.9242
4.1546
0
0.4297
4.1746
7.2078
2.4435
0
0.6199
13.8237
0
0
0
13.5347
1.4667
0
0.5166
0
0
0.2033
0
0
0
0
5.9671
0.0836
0
2.295
16.8406
10.8168
0.0215
0.5069
0
0
0
2.9498
17.8072
8.7857
10.9628
0.0631
0
0
0
0.8876
2.4969
0.0796
0
3.8768
5.2629
2.3126
0.038
0
2e-04
0
0
0
0.0854
2.1349
1e-04
0
0
0
0
0
0
0
0
0
0.0333
3.3748
0.0192
0
1.3066
0
0
0
0
0
0
0.0571
0
0
0.0328
3.2864
0.2021
24.7847
2.0062
0.0082
9.255
0.4188
0.366
0.1439
0.1714
5.2198
3.6135
0
1e-04
0
0
5.2015
3.6587
0
0
15.9289
0
19.8153
0
0
0
0
0
0
0.0217
0
0
0
0
3.2778
2.9325
0.1836
14.1452
3.0439
0.0833
3.7502
0
14.7614
5.5822
0.197
0.747
1.9858
0.8791
3.4742
7.8705
0
0
0
0
2.1166
13.4836
0.5896
1.1271
1.8407
2.4419
0.1209
0.7832
1.3933
0
0
0.3132
0
0.4366
0
0
4.6552
16.2024
0
0.0568
3e-04
0.2057
0
0
0
4.4539
0
4.9693
14.3308
1.6279
16.0872
9.7183
0.0096
6.8951
0.0279
0.7499
9.3027
31.8594
11.0672
3.2512
0
0.1908
0
0
1.5759
0.189
0
6.4729
0.2868
0.2506
0.0213
9e-04
0
0
1.3771
0.6657
3e-04
0
0
0
0
0
0
8.8802
6.1617
3.2529
0.0956
0
0
0.4455
2.6034
0
6.7645
0
0.004
0.0248
4.2656
3.9737
0.2241
0
0
0
0.16
0
3.0011
3.7392
0
0.0058
0
0
0
0.5048
0
0.0011
0
2.718
0.9774
0
0
0
0
0
0
3.8053
1.3955
0
0
6.1242
0.4594
2.4754
0.4607
0.2027
0.0387
0
0
0.0444
1.251
27.9479
0
0
0
0
2.1541
0
0
0
0
5.8433
0
0
0
0
6.1386
0.0061
5.9202
5.7719
3.9187
10.6984
21.5283
11.1738
2.3659
14.2674
1.2238
0.8444
0.4915
1.1177
0.2124
0.0019
0
0
0
0
0.0451
0
0.0561
0.0328
1.8058
0.1782
2.7149
5.645
0
0
0
0
3.0905
1.919
0
0.5946
4.9592
1.4139
0.3198
0
0.0643
5.515
0.6705
1.053
0.083
6e-04
0.1524
0.2914
0
0
2.4056
0
4.1287
12.2571
3.9777
0
0.0064
0.2643
0.2147
0
1.1843
0.4817
0
0
0
0
3.9942
0
0
4e-04
0.7016
0
4.8896
7.8792
10.579
6.4492
0
0.1513
0
7.0286
4e-04
0.6173
0.1334
1.3663
0
0
12.4411
8.7065
10.3745
5.9626
16.8428
10.2856
5.6025
6.8886
0
30.8523
1.4877
0
3.3401
3.4854
4.4764
42.5557
0.0078
4.1364
0
0
0
3.4807
3.4807
3.4632
0.0176
0
0
0
3.8575
6.24
2e-04
0.3033
10.8176
9.5218
0.0604
0
0
0
2.1863
8.5429
0.091
0
0
0
0
0
4.1072
0
0
26.9852
18.7872
4e-04
0
0
0
0
0
0
17.2032
3.2636
0.3405
0
0
0.3301
3.1865
0
16.0083
0.9532
0.1275
0
0
0
0.0906
26.477
0.8929
3.4792
32.9027
0
0
6.9284
0.2905
0
0
0.1305
0
0
0
0.2986
2.2801
0.4993
0.2135
1.5266
0.0406
0
0.3225
0
0
0.3915
0.4328
0
0.843
2.0795
2.2691
0
17.1585
4.138
0
0
0
0
0
0
5.0686
0
0
0
0
3.5081
0
0.5079
6.5032
0
0
0
1.0023
0
17.8857
7.3651
0.1272
0
0
0
0
0.0721
1.923
1.0527
0
0.2198
3.6651
2.1027
14.4264
0.2748
0.4889
0.0313
0
11.2352
0
0.0284
0
0.5814
5.2641
0
0
0.0793
0
0.3942
9.3598
0.1042
0
0
0
1e-04
0
0
0
0
17.025
2.9329
0.2757
8.2406
7.6484
1e-04
5.0647
2e-04
16.6638
2.954
0.5789
0.9548
0.2177
0
0
0
0.1878
1.3128
0
5.1279
2.2624
0
0
11.9977
12.7062
0
0.0397
3.8781
0
1e-04
0.0863
0.3879
0
0
0.0024
7.167
0.1001
0.0273
0
3.5428
9.0734
15.9197
1.6367
0.0047
0
0.0459
0.0912
0.0714
0.036
0.0851
0
0
0.0068
7.4352
8.0123
0.0127
0.0145
0
0
0
0.1457
0
0
0
0.4032
8e-04
0.0099
2.4838
0.0278
0
0
0.1682
0
0.0314
5.6256
6.8202
2e-04
10.1389
13.1843
0.1443
0
0.0611
0.5561
0
0
0
0
0
0
0.1686
0.3189
0.2637
0
1.4774
0
0
1.1837
7.747
1.907
8.7009
0
0.0276
0
12.1697
0.03
0
0
0
2.0291
0
3.1675
0
0.2341
1.2345
0
0
0
3.7617
5.0714
3.6884
1.7565
2.7414
0
0
0
0.4009
0.0235
0.4253
12.5909
0.8032
0.3605
0
0
0
0
0
4.7721
25.999
5.5829
13.2616
5.3146
14.4215
8.0834
3.6488
6.1133
3.279
0
0.675
0
0
0
18.8772
11.1953
3.5095
0
0
4.557
2.2583
1.0036
10.1631
3.8516
3.4187
0.0591
0
7.3543
0.2769
0.9135
0
0
0
0
1e-04
0
0
0
4.6354
12.7898
4.9208
7.973
69.3079
1.2392
0
0
0.0909
1.9066
3.3694
4e-04
0
0
3.9038
2.5149
15.8078
6e-04
0
0
0
0
1.8084
3.9024
26.2488
1.7542
19.7332
0.0963
0
0
1.0842
0
0
0
2.4058
0
0
0
1.2655
3.4067
33.642
0.044
7.5671
0.5856
5.7111
0
9.5614
0.0315
0
0
0.5806
0
0
0
0.039
0
0
1.2113
0
0
0
0
6.717
0
0
0
0.3268
5.8474
0
0.1517
12.9816
3.8252
33.9023
0.5899
0.0936
0.954
1.6681
0
0.0512
3.3931
1.7822
0.0454
0.1357
0.88
0.0716
0
16.9398
8.0214
0
0.0015
0
0
12.3025
5.1125
0.1851
0
0.0477
3.3336
0.9252
0.0429
0
6.652
7.3643
0
6.2604
5.5023
5.9588
0.5855
4.2918
0
0
0.012
0.0386
0
0
11.8768
0.3395
0
0
0
1.0209
48.8807
0
4.6421
2.3529
0
1.8269
0.0427
0.2199
0.0281
1.1729
16.1367
7.7371
0
0.3374
1.3361
4e-04
0
0
0.0067
0.0271
0
7.8412
0.3995
0.0398
0
4.9409
0
0
0
5.5484
25.4328
1.1688
0
1.0131
0
0
0
0
0
0
0
0
0
0.5418
18.3189
43.5969
0
0
0.092
0
0
0.0719
0
0
0
0.0308
6.1428
4.7739
0
0.1387
0
0.471
4.0765
0.0364
0.4315
3.3444
12.4767
0.3889
0
5.7565
6.6545
0.014
0
0
1.9783
8.4057
9.831
0
0
0.6711
26.8675
18.0589
1.5713
0.6235
0
0.1115
0
2.2819
14.8408
5.3307
23.9886
0
0.0373
0.2695
0.3115
0
0.7347
9e-04
0.1108
0.3991
0.2133
0
0
1.0231
0
1.1058
0
0
0
0
0
0
0.3651
0.0247
0
0
1e-04
0
0.8264
5.235
4.9109
0
0
1.208
0.0645
0.0227
0.7664
0.0334
0.0334
0
0
4.1067
0.0443
0.2435
0
12.9378
12.0376
0.0443
0
0
0
5.6911
0
0
0.4405
0
1e-04
0
4.2033
19.0005
0
0
0
3.3238
0
1.9217
6.0264
7.21
2.1081
0
0.0019
0.3157
1.2139
0
0.0228
0.9728
6.9262
0.3748
0.0518
0.1341
0.711
0
0.1405
0
0
0.0184
15.3364
5.2087
0
0.5667
2.5245
0
0
0
0
0
0
0
0.0256
0
24.1199
25.8315
7.1168
0.1128
1.7344
0.3348
18.837
5.1533
0
0
0
0
0
0
6.6722
1.0055
0
0
0
0
0.2686
11.0475
0.7997
0.1214
0.0381
0.0156
0
0
0
0
1.9668
5.8613
0.862
0.054
0
0.034
0.0235
2.4964
3.2908
5.4352
13.4477
0.1533
1.2009
0
19.9015
0
0
0
0
0
0
0
0
8e-04
0.0099
8.7692
0
2.9676
0
0
0.0018
0
0
1.0675
8.8172
1e-04
0
0
0
0
1.0218
8.8656
0.2166
0
0
0
2.5627
0.1273
0
0.5286
0
1.669
0
3.508
0
15.7752
0
0
0
0
0
4.8318
0.8291
37.0324
1.586
0.0851
0.0376
0
0
0
0
0
24.5149
3.7048
18.7019
10.4544
23.1631
2.6693
0
2e-04
0
0
0.8885
6.8708
0
0
23.2699
57.9465
24.9429
8.059
0.174
3.2934
12.7856
0
0.0447
0
0
0.0039
0
0
0
0
0
0
0
1.0691
6.1566
30.0071
0.1363
0.8966
0
0
0.1488
0
0
0
0
0
0
0
0
0
0
0
12.9021
0.1246
0
0
0
8.3456
5.558
1.0852
0
0
0.4577
0
0
0.2213
0
4.3537
0
0
0.1429
2e-04
1.8699
0.355
2.3628
0.2953
0
0
1.9307
32.882
0.0867
0
0.3316
1.3426
0.129
0
0
0
0.2054
0
0
0
0.2056
0
0
0
0
0.5924
0.042
0
0
0
5.1582
0
15.2155
0.2418
0
0.4324
2.593
1.6606
0
0.172
7.6246
34.0604
0.1185
0
0
21.3344
0
0.1881
0.0491
0
4.8398
0.0558
0.427
1.1192
2.1667
0.4566
0.0712
0.0819
9.9794
0
4.8373
29.1909
1.5027
0
13.842
2.4737
0.9894
3.5409
0
0
0
0
7.2903
0
0
1.4837
0
2.8322
2.4269
0
0
0.5291
0.1834
2e-04
13.3171
25.3959
1.0573
1.5649
0
0.6306
2.5507
0.1603
0
0.4683
0.0622
0
0
0
0.8426
0
0.3197
0
1.056
0.6535
0.1269
0.9386
4.2383
0
8.1233
0.2117
0
2.4228
27.5214
50.4801
0.7268
0.5772
1.6608
0.5859
0
4.5635
2.4911
0.3129
0
0
10.2305
0.918
0
0.233
2e-04
4.6925
0.6917
0
0
15.4345
0.1161
0.398
3.3477
0.2051
0
5.3383
13.1322
14.3732
0.453
3.4414
12.0242
0
0.0342
0
0
0
0.8691
0
0
0.0632
6.3244
23.558
0.4029
2.0589
5.8413
0
0
0.0244
0.034
9.63
17.5067
0
0.023
2.1146
7.0345
0
0.0694
16.6329
0
0
0
0
0.7752
2.9361
13.2431
4.8613
2.7324
0
0.1471
0
0
0
1.8369
3.3155
0
0
0
0
4.4679
2.1634
0
1.698
2.4755
0
0
23.034
4.2805
0
0
0
4.8352
2.1028
0.395
0.9908
12.7483
3.0924
0.0573
7.365
0.3799
2.7106
0.3152
6.5614
0
0
0.0543
0.687
0
0
0
1.5484
0.403
0.118
0
0
14.6619
0
0
18.3947
3.1173
0.182
0
0.07
4.3119
5.8624
24.4645
0
0
14.7716
1.5694
0
1.8682
0
0
0
0
15.1021
3.9083
4.0287
0
4.312
26.0782
3.6454
16.975
2.8635
0.8363
0
2.3301
51.8345
0
0
0
0
17.8653
7.3929
0
1.5655
2.1268
3.5113
0
0.1141
0
2.3302
0
3.498
1.1708
2.7026
0.7411
0
0
0
0.2305
0
0
0
0
0
0.1242
3.0565
0
0.2743
0.404
0
0.2268
0.5345
1.2158
2.14
0
0
0
0.0494
1.0032
0
0
0.984
0.1268
0
0
0
0
1.5651
0
2.193
0.0556
0.1586
0.1416
3e-04
0
0
0
0.2762
0.6337
1.293
0
3.7124
0
4.5811
0
0
26.4808
24.4974
8.7454
0.2801
0
0
0
0
0
0
0
0
0
0
0.1509
0
0.0504
5.8684
3.9139
0.2302
0
0.7608
0
0
0.0452
0
3.2871
0.342
0
0
0
0.1107
0
4.4157
19.7102
0.1153
0
0
0
1.0623
0
0
8.384
0.3616
0.6647
4.1552
0.0311
0.1327
0.1008
0
0
0
0.8463
0
0
0
1.4089
0.0954
2.1012
1e-04
0
2.3156
14.53
7.0814
31.6829
1.5645
0
0.3848
0
0
0.1636
0
0
2.6972
0.4261
0
0
0
0
7.9519
2.7481
2.8717
0.0115
0.1899
0
0.3313
0.0828
0.1377
21.3009
10.2027
0
0.2067
1e-04
3.1129
6.1532
1.5533
4.787
0
22.6173
0
0
0
0.9807
12.9481
0
4.2985
3.8035
7.8971
0
0
0.6069
0
0
0
0.2028
0
0.9441
0.8363
0.0812
4.036
10.6429
2.0524
0
2.0719
2.9585
0
0
0.4833
0.2602
0
0
0
0
0
0
0
0
1.3698
15.8277
0
0
0
0
0
0.2317
0.4965
0
0
0
0
0
2.4017
38.7435
7.5473
0
1.1513
0.8276
0
0
7.3628
3e-04
0.251
3.22
0.2158
0.1061
0
0
1.3321
6.8436
0
0.514
0.75
0
0
0
0
1.4213
49.138
0.8418
11.5966
13.2855
0
0
0
0
0
0
1.7052
0.4652
0
0
0
0
4e-04
1.3072
0.0324
0.0024
0
8.1136
0.6445
0.1054
0.8413
0
9.5246
0
1.5029
20.657
0
0
0
1.8555
0
0
2.5019
18.435
2.0182
0.4586
0
0
1.6309
16.7979
2.0675
0.7358
0
0.0988
0
0
0
8.5974
0.2881
12.4404
3.2966
0.1986
0
0
0
2.7683
3.5157
5.0332
0.078
0.1277
0.2226
0
3.8426
24.8517
1e-04
4.1418
0
0
0
0
0
0
0
0
0
4.8138
35.3597
6.4004
0.17
0.0099
0
3.6854
9.0776
2.4432
0
0
0
0
1.5976
0.1332
0.7765
3.1428
2.5558
0.7742
0.0083
0
0.0064
5.9076
0
26.3951
18.4238
0
0
0
0.0048
5.133
7.6204
0
0.3328
4e-04
0.0364
0
1.8192
0
0
0
0
0
0
0
1e-04
19.0178
0.2839
5e-04
0
0
0
1.9097
0
0.1428
0.5857
1.1081
3.4443
16.4961
0.9978
7.0018
0
0.6116
0.4918
19.1869
0.0122
0.0053
0
0.7998
0
7e-04
0.1372
0
0
5.6246
0
1e-04
11.4131
0.0818
0
0
0
0.0701
4.53
5.4478
0
6.2664
0.7149
7.0107
0
0
0
0
2.4781
18.8432
3.4074
0
0
0
0
0
0
0
0.2815
2.6313
9.9168
0.1941
0
0
0
0
0
0.9675
0
0
0
0
0
1.3655
0.4963
0.7051
0.0017
0
0.1734
0.1545
5.0007
0.7918
0.2475
0.0512
24.5745
0.2578
0.0481
0
0.4921
1.5617
1.5325
15.9997
1.7903
0
0.2671
0.0273
1.2118
7.7115
2e-04
0
0
0
0
0
0
13.1393
0.6023
0
0.1023
0.617
3.9121
0.0562
0
7.3372
0
0
0
0.3212
0.2244
0
0
0
0
0.0326
0.0084
0
0
0
0
0.9531
0.0438
0.0902
2.5
1.1101
0
0
0.209
0
0.6363
1.2208
1.2185
0
2.1406
4.2773
0
6.3109
8.5457
0
0
0
0
0.2364
15.0001
0
0
0
6.5013
0.066
0.1175
0
0
3e-04
6.3667
0
0.8054
1.3343
0.1039
0.1366
9.4491
0.7775
1.7597
0.1986
0
0.019
1.1039
0.0012
7e-04
0
0.89
0.4148
0
5.8791
0
0.337
0
1.3309
0.0336
0
0
0
0
0
0
0.0332
0
0
0.0481
0
7.3693
2.6302
0
0
1.2083
0
0.0339
0
0
0.0102
0.0543
0
1.2479
4.9154
0
0
8.2799
3.6996
0.2659
0.001
0.214
0
0
0.911
0.2532
0
0
0
0
7.7639
0
2.0826
2.3248
2.855
0.7729
5e-04
0
0
0
0
0
0
0
0
0
0.7499
0
3.2446
8.9034
6.1361
0.5807
0
0
0
0
0
0
9.2157
0
0
8.5107
0.182
0
14.1398
6.3032
0
0
0
0
0.0434
0.0217
0.5517
0.3912
12.4495
22.8143
0
0
0
0
2.6984
0
0
1.5621
0
0
0
0
0
0
9e-04
6.5786
27.4915
18.9631
0
0
0
0
5.1369
4.9091
4.3584
3.0051
0.6407
1.6772
2.7009
4.3716
0
0
30.3678
2.6026
2.8464
10.3431
0
3e-04
25.2523
5.4912
0
0.2827
5.1612
3.6039
0
0
0
0
2.685
1.991
0.1645
0
20.6522
11.7122
1.987
0
0.1348
10.2807
10.8659
0.0012
1.6391
9.0788
0
1.0282
0.0339
15.1949
5.0303
3.073
0.5141
0.1554
0
2.4055
0
0.0454
5.3121
5.903
7.0946
0
0.8433
9.1257
7.5474
0
0
0
0
0.0748
0.1877
0
0
0
3.6864
15.8056
0.7672
0.0908
0.8663
0.6115
0.0045
0
3.368
0
4.7475
0.3564
0.1397
1e-04
5.1004
17.455
19.5977
11.4091
0
0
4.2304
1.7486
0
0
0
0
1.0227
2.5705
6.1058
0.16
0
0
0
0.4798
31.6334
0.7853
0
1.2751
5.1008
0.7201
0
0
0
0
10.0159
0.0826
0.3081
1.5063
0.1326
0
0
0
0
0
0
0
0.9706
0.4638
0.4162
0
0.0542
0.0017
0
0
0
3.0354
0
0.4506
0
0
20.8639
0
0
0.1547
0.1018
0
1.685
0.0135
0
0
0
2.5337
27.6359
0.1444
0
0
6.7603
13.6354
3.8024
0.2299
2e-04
0.0864
0
0
0
0
0
0.8631
11.0856
0.3752
0
0
0.1935
0
0
0.7476
0
0
2.0037
0
11.3378
0
0.0076
0.0279
0.1832
0
0
0
1.259
0.973
0
0
0
0
0
0
0.0909
0
0.0029
0.8735
0
9.7068
15.9464
0
0
0
0
3.2553
4.3016
5e-04
32.2025
6.6507
0
0
0
16.2397
0.1295
0
1e-04
0
3e-04
0
0.3083
0
0
0.3041
0
15.54
0.251
0
0
0
0
0
0
0
0.0398
0.3403
0
0
0
0.191
0
0
0
0.0938
0.6809
3.169
0
0
0
0
0.1652
3.6861
0.641
0.3562
0
17.8028
1.3264
1.3758
0
0
0
0
1.836
0.6932
1.3566
0
0
0.27
0.3555
0
0
0.9391
0.4279
0.858
2e-04
0
6.2946
11.5986
0
0
0
0.3516
0.9301
0
0
0
0
0.999
0.0812
0
0
0
0
0
0
2.9761
10.9574
0.8819
0
1.5277
9.0432
0.2091
0
40.774
0
0
0
1.9012
20.8535
3.2165
0
0
27.4595
0.11
5.5201
0
0
0
7.7143
0.2505
0
0
0
0.6009
2.2347
1.3039
8.2353
0
0
0
0
0
0
1.3432
0.6741
0
0.8407
0.6994
19.5437
0.2232
0.4288
0.0103
21.317
0
0
1.5364
0
0
0
0.1364
9.2701
2.5357
3.4622
14.2973
15.3743
0
7.7132
20.9528
0.9414
34.0471
2.0961
7.357
3.5746
0.3199
0
1.4482
3.2003
16.1949
0
0.0493
0.4169
2.1343
0.263
0.0268
1.7796
0.0092
4.0856
1.5444
10.782
12.2905
12.6337
3.5071
5.4921
3.682
0
0.0231
0.5125
6.616
4.3248
23.3271
36.1813
7.0218
0
15.5493
0.1126
0
0
0
0
0
0.5107
0
0
0
1.4248
12.8937
0.4323
0
0
0
0.0699
3.8336
0.4919
0.513
19.7789
1.511
0
5.4117
4.4715
1.6697
0
0
0
0
0
0
1e-04
0.2951
0.1429
0
0
0.3734
0.0684
1.3885
0.0026
0
14.9614
0
0
0
0
0
0
13.7631
0.0198
0.1008
0
17.0844
46.2254
12.1055
0.1367
0.6077
0
0.4601
9.6583
3.8951
0
10.6437
1.3597
7.2389
0.264
6e-04
5.299
19.7282
0
5.2715
0.4853
0
0
1e-04
12.8561
0.3129
0.1139
0
0.4705
2.2809
0
5.545
3e-04
0
22.4544
15.4782
0
0
0
0
0
1.1193
2.9722
2e-04
0.2128
8.7753
0.0956
0
27.615
30.3215
22.1277
2.6994
0.9608
1e-04
0
0.2877
3.5036
0
0
0
9.8033
0.4263
5.1143
0.0019
26.1186
0.3978
0.1601
48.6203
0.2436
1.6711
10.8583
1.9224
7.3606
0.1184
1.3804
0
0
0
0
0
0
0
0
1.9666
0.2149
2.7517
1.8513
3.5087
0
1.4895
37.0828
25.7885
0.1684
0
0.0011
3.2695
1.6382
4.726
9.8866
0
0.8468
0.1031
1.0686
0.1284
0
0
0
0
0
1.1297
0.2484
4.9475
0.1307
0
0.1232
0
24.0436
4.0096
0
0
0
0.785
0.0621
1.9117
27.6109
17.0821
0
0
0
13.5762
7.027
43.8895
3.1242
0
0.3492
0.0068
5.759
16.395
5.0666
0.0417
0.0068
0.3775
0.0054
0
0
0.6059
3.2475
11.7218
0
0.5881
0.1756
0
1.1718
21.3885
0
1.6223
0
0
0
8.5451
0.2547
0.6638
5.0225
1.5535
0.7685
1.2793
0.3345
0
0
0
0
0
0
0
2.8475
4.5279
2.2141
0.0014
0.2555
0
18.7211
0
1.8578
0.7221
5.2529
0
10.3199
0
0.0075
6.5068
7.4744
4.3907
0.4451
0.0186
0
1.2936
0
0
1.6794
0.9635
0.0194
0
0.3004
0
0.0333
6.2129
0
0
3.2555
0
1.3207
0
0.03
0
0
2.61
1.8097
1.6154
12.0666
0
0
0
0
16.4265
0.2622
16.4124
0
0.7537
4.7079
0
0
3.7137
0
0
0
5.0295
11.1856
0.8374
1.692
40.8943
0.167
6.5264
5.1656
0
0
0
2.1087
8.2494
0
0
0
0
0
1.0103
0
0
0
6.4542
0
0
0
0
0
0
0
0
0
0
6.786
0.1696
0.0025
0
0
0
0.3918
4.8122
0
0
0
0.6613
3.0563
0
3.9952
0
2.5069
7.2372
0.8486
0.0893
15.5244
0.0427
0.0021
29.5437
6.0353
2.8209
1.8427
0
0
0
0
0
0.0913
0
0
0
0
10.7883
1.1259
0
0
0
1e-04
0
0
15.4627
0.032
0
9.9417
0
0
0
5.0766
0
0
0
0
0
4.1486
0
0
0
0
0
10.6985
25.2181
0
0
0
4.5131
0
0
0
0
0
0
0.7414
1.8829
3.6901
1.1219
0.4203
0.1963
0.7089
0.6273
0
2e-04
0.612
1.3029
0
0
0
0
0.1733
0
0
0.0554
3.2363
15.0506
0
0
1.2051
1.2284
0
5.1917
9.128
2.7881
0
0
0.1977
0
0
0
0
23.7969
0
0
3e-04
3.9011
32.4163
4.0588
0
0.2416
11.773
3.2955
0.0252
0.0201
0.0013
0
0.1857
0.5446
0
0
0
0
0
35.8714
0.02
0
0
0
3.37
2.1978
3.789
9.1713
0.5178
0
2.4126
20.2251
2.4824
0
0
0
0
4.6101
0.0324
0
0
23.2532
0
0
0.8246
18.4534
0.0188
0
0.6009
4.1431
0.1154
0.0038
0
0
0
9.4732
3.9965
0
4.5176
13.049
0
0
0
0.4995
0
0
2.4154
0.9669
0.5678
0
2.0642
4.1153
3.6642
1.6876
0.0413
0
3.459
0.3516
0
5.7897
5.7969
2.0723
7.7628
20.2488
8.2762
0.6687
0
0
0
0
0
0
0
0
3.2011
1.59
11.6057
0
0
0
0
0
0
0
0.0545
0
0
1.8225
6e-04
0
0
0
0
0
0
0
6.8187
0.0775
3.5237
0
0
0.7449
4.638
7.9913
6.1354
0.088
1.2611
0.0052
0
1.2965
0.0719
0
2.61
1.1799
14.4297
2.4942
0
0.2535
0.9566
0
5.9951
81.412
1e-04
9.5775
0.4657
0.6116
0.5786
0
0
0
0
3e-04
0
0
0
0
12.1888
0
33.3998
5.8798
0
0
0
0
0
0
0
0.2938
0
5.9301
1.024
0.206
0.4051
4.9014
0.7601
10.1719
1.4843
0
2.1409
3.049
1.938
0
0.8812
0
4.052
0
0
0.1816
0
0
0
0
0
0
0
3.472
0
0
5.147
0
0
0
26.4712
16.7281
2.5629
0
0.3774
0
0
0
0
0
0
0
0
11.9439
0.1516
0
0
0
5.3112
0
4.3788
0.2006
0
0
0
0
0.0166
8.853
0.1861
0
0
0
0
0.0196
0.0026
0
0
0
0
0
0
0.0035
0.0014
15.8048
27.2982
20.4156
1.0865
0
0
4.7466
0.4614
0.8787
4.711
0.3528
0
0
0.6124
21.6408
0.8979
0
0
15.2951
2.0418
0.0188
0
0
0
0
0
0
0
0
0
5.2566
1.0855
0.0428
0
0
0.0036
0
0
0
0
0
0
0.7235
7.0574
0.719
0
0
6.2888
13.2015
0
0
2.6618
14.2797
2.485
0
0
0
0.0047
0
0
0
11.7116
1.2411
0.4204
23.0176
0
1.3453
9.3953
0
0
0
0
0
0.5636
1.2798
2.9063
1.1827
5.0929
13.5971
7.5351
3.1253
0.6118
32.1547
0.2966
3.1166
12.9047
13.8894
20.7991
9.1545
6.077
23.0687
24.1421
0
0
0
0
0
2.7487
2.0979
0.377
0.0584
50.233
5e-04
3.4646
0.0505
0
0
0
10.7058
0
0.6575
0
3e-04
8.2489
0.311
11.6671
0
0.0058
0
23.3182
5e-04
0.2935
0
0
0
3.2828
0
0
0
0
0
0
0
0
0.3324
10.6505
4e-04
0
0
13.8339
10.711
0
0
37.9306
0.3209
0.1868
0
0
0
0
1.5694
3e-04
1.994
0
0.1452
3.9482
5.4006
0
0.1545
2.1165
0
0
0
11.2139
20.6544
0
0
0
0
0
0
0
2.7118
0.6124
0.0012
0
0.9789
6.4597
31.4547
21.2177
5.2117
0
0
0
0
0
0
0
0
5.025
2.2721
0.1629
6.1176
0
0.235
0.0556
0.0301
0.2057
0
0
0.1762
0
0
0
10.6939
12.6023
3.0016
0.7624
0.0546
0
1.829
0.8349
0.3127
0
0
3.9164
3.4791
0
0
0
0
7.1278
5.2996
0
0
3.7552
3.5694
0
0
0
0
0
0
0
0
0
0
9e-04
1.2016
0.052
0.803
0
0
0
0
0.6503
0
0
1.8937
0.2852
0
1.4699
0
0
3.6573
26.8723
48.0574
0
0
0.0419
0.0598
0
0
0
0
0.1308
2.5207
8.5161
0
0
3.8313
5.4757
0
0
1.5547
8.0758
12.6014
0
0.0053
0.0198
0
1.639
0.5689
0.0577
1.4239
0
1.9837
0.3852
0.3852
0
1.5225
1.7411
0.7323
0
0
0
0.2169
11.9422
13.0859
0
0.8275
13.3933
0
0
0
6.6266
0
0
0
0
0
0
0.2259
1.2379
6.5475
0
22.2429
3.6302
0
0.4073
0
0.7834
0.4717
2.7089
0
0
4.0996
0
0
0
0
0
1.3397
0
0.5026
8e-04
13.636
0
0
0
0
0
0
5.3091
0.3076
0.0084
0.1599
0
0
0.4952
0
2.1315
2.4885
0.2795
0
0
0.011
0
33.053
3.8988
0.1847
0
11.0297
10.2482
0.4264
0
3.129
0
0
6.1325
12.0521
0
0
0
0
0
0
0.0367
0
6e-04
6.2425
0
0
7.0428
5.777
12.153
0.0555
0
0.6802
0.3593
0
0
5.189
0
1.6255
7.941
0.1499
12.9501
4.3668
3.7423
16.5265
0
1.2803
0
0
0.1555
3.6174
1.2517
0
0
0
0
0.0868
10.5218
0.0191
0
0
0
0.2718
1.1545
15.5837
0.2183
0
0
9.7916
0
0.1907
4.193
0.2267
0.0393
0
0
3e-04
0
4.9024
14.9938
13.9186
0.2145
5e-04
13.3451
12.939
5.1372
1e-04
0
0
12.266
0
0.5202
0
0
0
0
0
0
17.4801
2.8812
0
0
0
0.2503
0
0
0
0
0
0.2949
0
0
0
12.905
0
0
0.4534
2.3932
1.3174
0
4.1105
0.0548
0
5.7395
5e-04
0
0.1137
3.6324
0
0
0
0
47.1987
0.2348
0.0423
0
0
0
0.0193
0
1.033
1.8505
6e-04
0.365
0
0
0
0
0
0
0
0
0
4.0003
10.1578
0.1122
0
0.1187
40.5752
0.582
0
0
55.6195
10.2391
0
0.8331
0
1.8147
5.6479
0
0
0
0
8.5908
0.3442
0
0
0
0
0
0
0
4.2942
0
0.066
11.7724
2.4577
2e-04
3.3044
7.8183
0
0
0
0
0
1.6331
5.5543
6.3326
4.1648
0.0237
0.4096
0
1.9175
0.1043
0.6424
0
0
0
0
0
1.2679
0
0
9.0676
2.8224
0
0
1.8452
0.5372
4.0011
2.2821
0
0
0
0.6167
0.1684
0
0
0
0.905
6.8101
0
0
0
0
1.4774
2.7037
17.0363
0
0
4e-04
0.1627
0
0
0.8513
0
0
0
0.2142
5.8335
0
0
1.5107
0.0453
0
0
0
0
0
6.6788
0.0562
0
0
0
0
0
1.0985
8.6167
0.4895
0
0.1355
3.2474
0
0
0
0
0
18.1219
6.5211
0
2.243
0.3885
0
1.0022
0
0.1257
10.4505
0.4182
0.3793
0
0
0
0.1757
0
2.1706
16.143
0
0
0
4.2357
1.5967
0
0
0.7803
3.4244
0
13.6109
5.5398
0
7.6912
0.2203
0
0
0
0.2718
0
0.5983
0.6719
0
0.9344
0
0
0
0.7294
0
0
6.9249
0
0
0
0
0.9265
0
0
6.4455
0
4.8297
0
0
0
0
0
0
0.1609
0.0261
0
1.3586
7.0767
0
0
0
0
0
0
0
0
0.1545
0.0655
1.5702
15.3932
0
0.1875
1e-04
0
0.9984
0
10.5898
3.3922
0.3422
0
0.3048
7.9244
1.9247
26.7107
5.4095
1.0266
0
6.8889
0
0
0.1682
0
0
2.0656
9.2144
0.1809
0
0
0
1.9109
0
0
0
0
10.9294
0.3384
0
0
5.812
2.1874
0.2125
0
0
3.1797
2.8161
4.7912
0.085
0
0
7.3394
1.7244
0.5859
0.3578
0
0
0
0
0
0
0
8.9855
22.0183
0.714
1.5549
11.5459
54.1511
0
0
0
0
1.1163
0
0.5404
5.3751
13.1948
1.2395
10.2834
3.5074
3.3558
7.3823
12.3928
18.2118
0.2347
7.6642
8.6451
0.4301
0.068
2.1166
0.4181
0
5.0188
0.0414
78.8766
40.6736
1.7956
0.2687
4.6491
0
0
0
0
0
7.3634
0.5759
53.4053
0.3412
0.0116
8.6795
0.3395
11.8298
0.7766
0.0127
8.7955
2.4583
4.975
0.0674
0
0
0
0
0
1.0922
0
0
2.5525
0.6287
0
0
0
12.7941
9.3105
0
0
0
0
0.1917
5.7998
0.0061
0
0
0
2.5782
2.3654
1.5653
19.5564
5.8518
11.205
0
0
1.8235
4.6415
0
0
0
0
0.2783
5.7602
2e-04
0
2.38
0.3914
38.8207
44.8472
0.0038
0
0
1.0594
0.8646
7.1994
5.2912
0
0
0
0
0
0.0079
22.8351
0
0
0
0
0
0
0
0
0
2.7454
0.1577
0
0
6.4769
0.9018
0
0
0
0
1.2634
0
0
0
0
0
0.1141
2.0842
0
0
0
0
0
3e-04
0
3.0621
2.7884
0
0
39.9897
0.3008
0
0.1905
2.9697
0
0
0
0
4.1816
0
0.0326
0
13.3904
0
0.1613
0
0
0
0
0
9.6321
1.6799
0
1.3305
0.233
0
0
0
0
12.0631
4.5335
0
0
0.8742
0.6714
0.2809
0
0
0
0
0
0
0
0
0
2.5218
3.299
0.4977
0
0.0582
0
0
0
6.5174
0.3919
4.3064
6.3596
0
2.9531
19.7395
25.7518
7.1424
3e-04
0
0
0
0
0
0
0
0
7.2316
0.4103
14.4297
0
4.3448
6.6992
0.0056
4.9579
1.2348
0.0136
0
0
0.7127
0
0.0012
0
0
0
0.0011
0
0.039
0
0
0
0.5381
2.0819
9.0697
0
0
0
0
0.1136
0.8767
0
0.9515
0.0879
0
0
0.0102
1.2597
0
0
0
0
0
0
0
25.7154
4.6065
0
0
0
0.7501
8.8452
0.8138
1.6735
2.6748
1.0223
0
0
0
0.5553
19.7798
1.1823
0
9.8388
6.5043
0.3411
0.1612
0
0
0
0
0
0
0
26.9908
0.4274
0
0
20.9834
0
0
24.4566
5.9646
2.4276
0.8189
0
0
6.7498
17.9695
1.363
13.7363
0.5637
5.5415
1e-04
0
0
0
0
0
0
0
0
4.7315
2.9955
0
0
0
13.9858
0
5.4141
1.0281
7.4946
10.3694
21.9012
0
0.7009
1.9654
0
0.0677
0
0.4548
5.2005
0.0278
10.345
9.6908
2.1838
0
0
1.8785
0.7294
0
0
3.8292
0
0
0
0
0
0
0.2213
0.0115
0
0
0.064
0.1887
0
2.7724
17.0815
0.2365
0.406
0
0
0
0
0
0
0
3.0596
1.3708
0.8039
0
0
0
0.093
0
12.0872
4.8099
0
5.0394
3.1963
0
0
0
2.6126
0
0
0
0
0
2e-04
1.1981
0.6823
0
0
0
0
5.7021
0.402
0.0128
0
5.6466
6.106
0
0
7e-04
0
10.9932
0.0231
0
0
0.0075
7.724
3.9115
13.3603
0
0
0
0
2.1119
0
0
0
3e-04
9.8034
13.6483
1.4603
54.077
11.1294
0.5206
8.6823
0
1.2601
0.1394
12.6423
0.7621
0
0
0.1159
7.3244
0
21.2282
1.1524
0.0103
0.004
1.1163
0
0.0016
0
0
0
0
0
1.2926
0
22.5528
0.2337
0
0
3.8006
0
0
40.5442
0
0
0
0
0
0
0
0
9.0163
0
6.085
5.7384
3.4075
8.1185
4.4525
0.0028
0
0
0.1576
0
0
0
0
0
0
3.1572
1.7695
0
0.5927
0
0.0073
0.0531
17.1609
10.6361
0
0
0
0
1.6095
5.6231
0
0
5.6956
0
0
0
3.3662
2.1261
0
0
0
2.4823
0
0
0
0
0
0
0
0
0
0
0.153
0.0033
0
0
2.6593
3.5531
0
0
0
3.7708
6.601
0.7262
0.0804
0.2581
0
0.5861
2.5632
9.0888
0
0
0
0
3.9728
4.5754
0
0
0
33.8882
0.6408
0.2281
0
0
0
0
0
5.6682
0
4.2695
2.4047
0
6.5287
4.0307
0
0
0
10.086
17.4596
0.0537
0
0
0
0
6.5581
2.0756
24.743
0
0
0
0.125
9.2493
0
0
16.2078
0
0.7939
7.103
2.1652
0.6404
0.4372
0.0072
0
4e-04
7e-04
1.682
0.001
0.0043
0
0
0
0
12.7381
1.4296
1.1624
0
0.1851
8.5696
0
0
0
0
0
0
0
0
0
0
0
5.601
3.5081
0
0
1.0551
13.2828
1.3742
0
0
0
0.115
6.1584
0
0
0.0027
0
0
2.5885
0.5199
0
0
3.5373
0
0
1.8671
0.0267
0
0.4501
1.2276
0.0318
20.3161
9.4485
1e-04
0
21.2104
3.3575
1e-04
0.3101
1.3027
4.7377
0.9469
13.3614
9.6554
0
0
0
4.7293
0
0
0
0.0489
0
0
0
8.7873
10.539
6.1673
0
0
0
0
0
0.3926
0.737
4.6669
14.2635
12.5374
2.5445
0.2461
28.4101
38.2105
1.5866
0.1654
0
0
0
5.4494
0
0
0
0
0
0
0.1575
14.0075
2.3822
6.1
0
0
0.5445
2.7332
0.2866
7.6361
1.9761
2.3515
0.1193
0.6534
0.1443
0
0
0.1949
0.139
0
0.9215
0
0.2502
0.1213
0
0
3.8477
2.0816
0.2516
1.6725
2.5859
2.1204
1.7156
0.0279
0.0602
7.6696
13.3467
0.0286
0
0.2652
0.9005
0.0044
1.141
51.1073
14.2428
0.2476
1.1531
0
0
0
4.1699
0
0
49.9564
2.279
19.5785
27.137
0.1839
0
1.7301
0.2309
0
0.0159
0.2944
0
7.3297
4.0046
0.0317
0.0052
0
0.8885
1.7542
0
0
0
0
13.7257
2.7973
2.5023
2.5908
0.1478
0.0028
0.0032
0.0548
0
6.5556
1.0847
0
0
0
0
3.8796
0
5.1707
0
0.9329
2.4982
0
0
0
0
0
1.1451
8.3446
0.037
0
0
0.0052
0.2752
0.1146
3.5972
0.5592
4.023
0.2184
0
0
0
0
0.5727
2.245
0.3892
0
0
0.9688
13.0945
0.0496
0
0
0
0
0
0
0
0
0
0
0
0
0
0.3933
0.2627
5.0311
0.6414
36.514
1.797
0.0076
17.3315
1.276
0
0
0.2603
0.0216
0
0
0
0
0
0
5.0575
5.1068
0.4795
0
0.5573
12.2937
0
1.4513
0
0
12.6518
7.2488
1.6622
54.7497
3.6221
0
0
0
0
0
1.9524
2.5277
0
4.7696
0
0
44.323
3.8883
0
0.0593
0.7487
0.1201
0
0
0
0
0
0
2.1647
0
0
0
0
0.4152
0
0
0
0.0955
0
0
1.215
2.3192
6.5557
0
0
0
4e-04
0.0012
0
0
0.011
2.8708
4.014
1.16
0
0
0
0.3306
0.4154
0
0
0
0.3929
0
0
0
0
2.9065
0
0.3472
1.2751
17.8893
0
0
0.5699
0
0
0
0
0
0
6.4069
8.3614
0
0
0
0.6135
0
0.9022
0
0.7949
0
0
0
2.3115
2.0301
2.3081
1.48
0
3.2083
0.1696
0.5679
0
0
0.1429
3.3875
6.6665
0
0.4588
16.6618
9.2266
10.5662
3.9857
3.4485
3.1219
8.0221
0
0
0.2123
41.8664
3.5567
0
2.0679
0
0.2505
2.3661
0.0198
0
0
0
0
1.8567
0
0
0
0.0582
0
0
0.0372
0
0
0
0
0
0
11.4735
1.4752
18.7056
4.4681
0.3949
0.2259
0.0737
12.0234
2.9661
0
0.5503
9.0715
0
0
0.0219
0
1.1186
0.3069
14.8476
30.7732
0.0021
0.0808
0.1738
1.7647
0
0
0
0
3.5807
2.0067
0
0.0297
9.1001
0
0
0
0.1959
28.0779
1.0307
0
2.1652
0
0.1849
0.3454
1.6882
2.0554
0.3443
15.4708
11.6932
5.3204
0
0
0.1105
0.8799
0.1423
3.8781
3.1608
0
0
0
7.9521
0
0
0
2.0142
1.0793
17.2732
2.2373
0
0
0.0295
0
0
0.1808
5.645
24.788
8.4658
7.6067
31.9494
3.1355
0
0.5271
0
0.7191
6.0244
4.5638
0
3.3107
18.0315
0.0377
0
0
30.8142
0.8542
0.4572
0
0
1.0844
4.9563
4.3274
0.5778
0
0
0
0
3.1824
0
0
0
0
0
0.0218
0
0
0
1.7155
9.3199
0.0738
0.8368
0.0258
0
1.8321
1e-04
0.004
0.0024
0.0369
2.2045
6.467
0.0012
0
0
0
1.3208
25.8109
3.2663
0
0.3054
0
0.9879
0
0
0.0016
10.0196
13.2627
6.9427
0
0
31.201
0.1993
0.1542
0.0013
10.4208
13.4896
0
0
0.7665
0
0
0
0.004
2.0865
1.3682
0
0.1141
0.003
5.282
13.2274
7.687
0
0
0
0
0
0
0
1e-04
1.3215
0
0.3688
0
0
6.8821
16.5755
8.7812
0
0
0
0
0
0
0
1.6255
1.7126
4.24
4.4564
0.0013
0
1.0634
9.6608
0.2135
1.2566
0
2e-04
0
0
0
0.004
2.4863
2.3856
0
0
0
0
0.3459
7.9756
19.6577
0
0
1.5695
26.8511
13.7602
12.7217
0
4.9774
3.8431
0
0
3.9475
1.2175
3e-04
0.0017
0.6041
0
6.9821
0.0351
0.4993
9.2109
0
0.0842
0
0
0
10.0029
0
16.796
0.5508
0
0.1148
2.1929
7.8967
4.6078
2.0734
0
0
0
0
0
0
0
0
0
0
0.4692
0.2681
4.7672
0
0
0
2.0086
12.7024
10.4857
0
0
0
0
2.3568
2.4572
0
0
15.8002
2.2948
0.5967
0
0
0
0
0.2671
4.398
0.2464
0
0
1.1457
1.0563
0
0.3129
0
1.154
0.2575
2.3372
0.8043
0
0.0288
16.3722
1.1652
0.6252
0
22.564
0.512
0.1122
0.1146
0.2263
0.6324
0
0
5.6988
2.197
12.2523
3.9611
0.0327
0
2.4241
0.5892
25.1727
0.2262
0
0.0402
0
0.2819
0.3107
0
5.0686
0.0716
0
0
7.7296
0
0
0
0
0
0
0.4589
0
0
0
0
0
5.2927
13.868
0
0
0.0216
8.61
0.1916
5.7933
0
0.224
0
0.9895
20.9441
0
0
0
0.0473
0
0
2.162
7.1305
18.7708
13.3947
0.0922
0
0
0.0581
0.3315
0
1.0798
1.5333
0
0
0.5176
2.9459
0
9.1122
0.5308
0.0192
0.0375
3.1719
13.7284
27.0773
0
0
0
0
1.192
54.8234
1.9452
12.338
10.5984
2.9245
6.9776
8.0016
6.1123
0.0178
0
0
0
0
6.1743
2.9198
4.3149
5.3093
5.0175
0
0
0
0.615
1.1307
12.1444
0.4737
0.3415
1.0622
6.5892
0.5197
5.8547
4.634
1.1168
14.8045
3.3633
7.1418
0.9206
15.8965
22.4172
2.2267
0
21.6658
9e-04
0.1141
0
0.0813
2.4548
0
0
8.7528
4.876
7.2079
9.1749
0
0.0191
0.053
15.9329
0.1801
0
0
4e-04
0.0843
0
0.0131
0
0
0
0
3.5504
2.453
10.3242
3.0697
6.5547
0.6886
0
0
0.0313
2.4156
0
0
0.3323
1.5469
2.2897
6.9575
1.555
0
0.0064
1.1519
16.9171
0
0.8859
0
0
0
0
0.3446
1.6447
0.0079
0
0
0
0.3269
0
28.1267
2.5929
0
0
0
0
0.8066
6.4698
0
1.5075
2.7891
9.1668
6.7991
24.0923
11.7154
2.6181
23.3104
0
0
0
4.27
42.5376
0
0
2.0211
0.5292
2.5988
0
0.8609
0
0
0
0
0
0
0
0.788
12.4376
7.6011
1.4167
1e-04
0.0167
0
0
0
0
0.3951
0
7.9082
0
0.0102
1.5971
2.1313
6.3733
2.5467
25.6261
8e-04
3.6261
0.2761
0
0
0.9262
0.8174
0
0
0
3.3195
1.3316
0
1.7587
0
5.8218
0.788
0
0.1543
0
1.6272
1.7562
0
0
0
17.2877
6.7397
0.171
0
22.3985
19.9435
0.739
0.612
0
0.2364
0.2297
0
0
0
0
0
20.0568
4.1238
0
3.0452
0
0
0
0.0374
0
0.155
0.388
0.7143
0.7717
0.4446
0.6575
0.1243
8.2209
0
0
0
5.6435
2.6757
0.3488
0
0
0
3.2103
0
6.2639
0.0496
2.7613
0
0
2.2
0
0.2336
0.1282
0.242
1.8377
0
0
0
0
0
4.8115
0
0
0
4.6441
6.4243
1.4456
8.6097
0
0.8685
23.5824
0
0
0
3.2315
0
6.5972
15.206
6.7118
5.3588
0
3.254
0
0
29.9829
0
0
4.7755
0
0
9.8398
12.2465
0.0011
0.2242
1.0338
0
0
0
0.6326
0.2066
0
1.6532
0.4782
10.9672
3.3246
0.2556
1.0199
4.4583
0.234
0.0574
5.4005
0
0
0
0.0048
6.4617
0
0
0
0
0
0.4302
5.1151
9.5007
1.2881
0
0
0
9.4544
0.2532
0.0748
0
0.7544
0
0
0
3.7483
0.1579
0
1.3972
5e-04
0.0037
0.0609
0.2378
11.363
10.2598
6.8881
0
0.1083
2.1692
0
4.7992
0.9592
1.6507
31.0154
16.854
3.9578
0.0059
0.0955
0
0
0
0
0
2.6245
11.4978
7.1765
0.1827
0
0.1653
2.4707
0
1.5293
0.0112
5.1097
0.0401
0
0.0095
1.8938
0.938
0.4307
0.3325
0.0052
4.7189
0
0.4021
0.4401
0.6603
1.6672
0.7822
0
0
0.0011
0.0014
0
1e-04
0
4.9961
1.1978
0
0
15.528
5.0649
0
0.9689
10.4153
20.0438
0.1052
1.1377
2.531
0
0.0721
0.0324
2.091
0.0142
1.1292
7.4017
0
0
0
0
0.2258
0.0096
1.1009
0.0096
0
0
0
9.536
0.477
0.0038
15.9315
0
0
0
0
0
0.0158
0.0024
0.1389
0.1442
15.3692
0
0.0072
0.354
2.2527
35.1206
0
0
0
0
0
1.7787
0
0
0.0016
8.7458
10.7979
10.502
1.8257
0.3308
1.8965
0
0
0.6269
0
0
13.0519
0.0016
0
2.2271
0.8817
0
0
0
9.3457
0.6626
0
0.074
0
20.3123
4.7205
0
0.0453
0
0
0
0
0
0
0
0
0
0.0019
5.7259
4.2054
0
0
0
0
0
0
2e-04
2e-04
0
0.0474
0.0408
13.3154
18.4263
4.1407
0
0
9.7886
0
0
0
0
24.6398
6.6709
0.0183
0
0.0214
0
5.3225
0
0
0
0
0
0
0
0
0
0
0
0
0
0
3.3886
0.9094
1.1939
0.0789
0
0
4.5882
0.0194
0
0
0
0
0
0
0
3.7905
9e-04
2.5575
0
0
0
13.3808
8.8887
12.7982
27.9272
7.8131
0.3291
0
0.7365
1.8898
3.1157
6.2178
0.1594
0
0.4415
0
0.1835
0
0
0
0
0
0
0
4.7208
0
0.1603
0
10.0061
0
0.0375
0
0
0
0
21.2071
0.1641
0.3596
6.7466
6.2659
0.1579
0
0
8.1724
8.7217
0.07
0.024
0
0
0
0.3156
0
0
0.0715
0.0838
6.4939
0.0191
0
0
0.5092
3.7948
1.164
0.6554
0.0018
0.4075
1.3389
0.9743
0.7975
0.1597
0
0
1.0513
0
8.6093
2.2726
