1980 1 1
4e-04
0.1893
0.1896
0.7935
1.7198
0.2705
0.3657
0
0
0
12.4404
0.1221
0
0.4881
0
0
0
0
0
0
0
0
0.4346
0.6289
2.1483
0
4e-04
0.0556
0
0.0568
0.0472
0
0
0
0
0
0.0729
0
0
0.3122
0
0.1348
0
0
0
4.77
2.4479
0
0
0
0
0.4189
12.8354
0.0442
0.0112
0.6895
2.0096
0.0584
0.6288
0.1337
0
0
0
0.0387
6.3667
0.0384
1.563
14.3687
0.0918
2e-04
5e-04
0
1.0732
1.3297
0
0.3592
13.6806
0.4607
0
0.1686
29.9652
0.1014
0
10.0292
0.5751
0
0.4467
2.8483
7.5763
1.2619
9.6683
0.4756
0.1036
1.5575
8.1937
0.0144
0
0.0922
6.5899
5.5369
1.4556
0.4136
5.3173
0.2986
15.8942
1.1578
0.4676
0
0
0
0
0
0
0
0.0266
0.2635
0.1973
2.0878
4.1874
0
0
0
0
0
0
0
0
0
0.5258
0.0355
1.3605
4.5418
7.9815
7.995
1.3868
0
0.318
17.2491
12.2112
1.2541
0
0
0.1349
0.1229
0.6014
0.0583
0
0
0
1.4007
4.1644
6.4145
8.7536
10.9343
6.4438
0.5308
0.8732
11.6847
9.6878
2.6308
1.2923
0.1306
0
0
0.671
12.6151
8.6201
3.5284
0
0.0833
8.4166
1.8266
0
0
0.039
3.8455
0
0
0
0.0196
0.7218
0.1638
2.0694
0
0.1161
13.1077
13.0146
0.8022
0
4.1846
5.2891
0.7075
0.2394
1.9612
0.6062
0.0258
2.3599
2.556
1.072
0
0.1074
0.0395
2.7759
22.4037
2.6311
0
0
0.2456
3.3103
13.0544
5.9453
1.6035
1.6409
0.8504
24.4407
9.7499
0.518
3.8465
0.3483
0
0
1.3319
10.209
11.3254
5.5937
0.0721
5.1572
0.6982
1.1145
11.4387
5.4698
1.5786
25.624
9.5645
2.0823
0
0
0
0
0
0.3311
1.8344
4.93
10.6693
9.0663
2.3132
0.018
5.6085
0.4688
0
0.0613
0.0698
3.1545
0.7231
0
1.8231
10.1725
2.1255
0.0327
0.1251
12.9928
0.0294
0
0
0.3065
3.062
6.9085
0
0.6482
2.4136
0
0
0
0
0
7.575
0.6004
0.2188
0.0585
0
0
0
0
0
0.1471
0.1453
0
0.3189
1.0615
0.4871
3.0285
7.8941
0.1434
0.0942
0
0
0
1.0924
8.6389
0.002
0.02
7.5535
0
0
0
0
0
0.0097
0.1812
0
0
0
1.151
0.0272
0
0
0.043
1.4709
4.854
0.0833
0
2.3975
0.86
0
0
0.0264
0
0.2603
2.4463
0.1057
0
7.339
0.8695
0.9406
0.3903
0.0276
5.2602
0.2465
0
0.0125
1.2987
8.8511
7.4847
3.1826
0.1421
0
0.5624
0
0
0.235
0.1359
0
1.1757
0.7247
0
0
0
0
6.8986
0
0
0
0.0288
9.522
0.4024
5.7682
1.4235
1.5823
1.2476
0.1373
0.5625
3.5675
2.9909
0
0
0.026
0
0
0
0
0.0196
1.4751
0.1143
0
0
0
0
0
0
0
0
0.1814
0.3845
0
0.079
0
0
8.7203
1.2016
0.4868
0.4321
0.1841
1.1899
0.0051
0
0
10.607
11.7861
0.013
0
0
0
1.8384
0.3021
0.0082
10.3533
5.2758
0.1104
0.3552
6.759
0.3003
0
0
0.0024
1.1005
0.0012
0.1941
0
0.3165
0.569
0
0
0
0.0261
0
0
0
0
0
0
1.5957
0
0.1897
0.4238
0.4926
0.0264
0
0
0
1.1026
3.7291
4.3327
0
0.0158
3.6847
0
0.0389
0
1.1614
2.5068
0.6785
0
0
0.1557
4.1834
1.3775
5.3031
10.2039
3.6283
25.1875
0
0.6293
9.7312
2.6658
0.3802
0.9905
0.2086
0.4011
7.2734
0.7536
0.0379
0.1339
0.0147
15.107
9.742
0.1016
0
0
0
0.0435
0.8053
5.6584
0
0
0.6336
15.0039
10.0506
0.1832
0
10.9362
6.6123
0.1999
0
0
0
0
0
0.028
0
0.1727
0.1423
0.7656
8.6267
5.0483
0.1349
3.9681
0.0145
0
0.0142
5.3537
2.6687
2.12
2.2414
0
7.3552
42.3833
4.778
0
3.0406
27.712
6.5266
0.2919
1.2321
0.0698
0
0
0.5523
10.8817
27.262
0
1.9916
18.7624
0.0138
0
0
0.0712
0.4283
1.8601
1.0692
1.0668
2.6328
2.2204
0
0
0
2.3071
4.6926
0
0.0945
2.5247
0.9026
0.4018
0.012
0
0
4.7752
25.627
2.3744
0.0691
0
0
0
13.7451
1.2723
14.1062
0.361
0
0
0.0021
0.352
4.6849
1.8939
0.1237
0.3473
4.8022
2.2672
0.1202
1.0764
10.8336
0.0352
0.0362
0.4695
4.5972
0
0
0
0
0
0
0
0
0
0
0.0122
1.8908
10.6654
16.485
18.2534
5.1218
5.663
22.3295
14.5389
12.6627
2.5265
0.9714
0.1289
3.1488
0
0.262
0
0
0.0027
4.1709
8.4889
10.6546
33.9418
10.7914
3.2327
1.1156
2.0765
3.0059
0
0
0.116
0.9782
4.6949
0
1.1706
9.7864
4.8113
0.2564
0
0
0.6287
12.9192
0.0312
0
0
0
0
0
0
0
0.128
0.001
0.2717
11.3809
1.4232
0.0526
5.8578
3.547
4.3141
0
0.0225
9.5905
16.4352
1.4236
0
0
0
0
0
0
0
2.6984
2.3256
0.0806
0
0
0
0
0
0
0
0.0064
0.0317
0
0.4332
3.9882
17.9238
1.2281
0
0.1191
0.5782
0
0.6907
1.5269
0
0
0
9.1772
0.6646
0
6.284
0.5912
0
0
2.0836
0.1328
0
0
0
0
0
0.3252
0.4906
5.4966
0.1614
0.056
0.29
4.1602
5.4628
27.0986
0
0
0
6.3365
3.7071
0.9229
1.1377
0.9087
0.4651
0
1.815
8.346
1.9525
0.7648
3.312
0.2971
1.4029
0.4162
0.7175
0.6651
3.0253
0.3012
0.7188
2.0781
0.1759
0.0697
0.1844
0.0876
0.4928
0.8915
12.474
0.7047
0.2718
0.1203
0
2.5478
0
27.3827
9.4811
2.9765
2.694
7.1006
1.5438
1.4776
0.8214
0.2849
0
4.5911
0.0031
0.6981
0
0.2756
0.5145
0.1882
0.2802
1.2107
0.2606
3.5378
0.3766
0.2326
0.0056
0.0923
4.9122
0
0
0
0
4.9336
2.8558
1.6792
18.007
0.4979
0.0354
0.8095
1.1712
1.5925
1.597
4.2596
0.3398
6.1675
0.0649
3.9633
12.6642
0.6415
0
2.0085
4.6498
0.068
0
0
3.818
2.336
1.9961
0.8199
0
0.0929
4.4892
11.131
0.0127
0.0278
6.9474
2.6836
1.2799
14.8142
0.5787
0
1.6878
0.6532
0.4796
0
0
0
1.7754
5.2273
5.8297
0.068
0
2.2637
0.1845
0
0
0
0.1958
0.5883
0
0
0.1174
0.063
0.404
2e-04
0
0
0.6633
3.3427
3.8162
3.232
0
0
0
0
0.858
0
0
0
0
0.5702
5.1471
3.2761
6.7168
9.464
9.131
0
0
5.4078
20.7981
17.5036
1.4431
2.0432
0.8516
1.9469
0
0.1484
0.0244
1.4824
0.181
0
0
1.8564
2.3672
0
0
0
0
9.4433
18.7997
1.497
0.128
3.1283
1.4374
4.6078
9.6881
0.3813
0
0.2937
0.7799
0.412
20.5781
15.5761
0.3377
0
0
32.1722
0.1443
0
0
1.4385
0.9376
1.1075
3.3115
1.9995
0.0272
0
0
0
0
0.8364
3.28
7.7947
1.7063
0
0
0
0
0
0.2453
0.461
0.8195
0
0
0.6401
0
1.8096
1.1076
1.4763
0.2387
0
0.4448
5.5397
0.7596
0
0
0
0
0
0
0
0
0.0176
2.5078
13.977
0.501
0.0431
0.1377
0.1934
0.7915
0
0
0
0
0.0119
0.1082
0.4113
1.7323
0.0984
0
0
5.1049
1.2285
0
0
0
0
0
0.4116
6.9024
1.7863
0
1.443
7.1085
0
0.0812
0.1726
8.8578
5.775
0.685
2.4005
1.5688
27.7264
0.4168
0
0
0
0
0
0
0.5561
0.5085
5.6663
1.7483
0.6801
0.0115
0
0
0
0.3363
0.805
0.2304
0
0
0.0385
3.3477
0.0301
0
0
0
0
0
0
0
1.4628
0
28.3628
17.2412
30.3874
8.3476
0.4032
0
0
0.0804
0
2.5915
1.2035
9.982
6.5431
0.5825
0
0
0.0378
0
0
2.8548
20.7691
12.4284
1.7566
12.0948
4.395
0
6.1698
0.1337
16.3294
1.1907
0
0.1359
0.1698
0.9558
2.5866
3.753
0.6857
0.2147
0.1179
0.3164
0.4678
0.6371
0
0
1.3195
8.3206
13.8959
0
0
8.208
1.5688
0.1935
0.2174
5.7558
3.2818
11.4891
1.539
9.8057
3.3853
0.002
0
0
0
0
0
0
0
0
0.0811
0
0
1.9856
0.606
0.052
0.1522
0.2127
0.2629
0.0868
0
0
0
0
1.3811
6.5965
2.4836
0.0318
0
0
0
0
0.5001
4.5369
0
0.0729
6.183
0.8117
0.6044
0.4802
0.2694
3.1497
0
0
0
0.0152
0.0124
0
0
0
0
0.0783
0
0.2092
0
0
0.0987
0.1559
0
0.2587
0.1203
0
0
0
0
0
0.0378
0
3.2627
1.8201
3.3316
0.3251
2.4216
2.6568
0.0777
0
0
0
0.0917
0.022
2.2056
6.6582
1.9184
8.8
0.005
0.0744
0
0.7185
0
5.3059
1.7953
0
0
0
0.3773
8.0926
3.8662
0.4054
0.4575
3.6671
5.8049
5.8576
7.3621
3.4724
0.4308
0.156
11.2764
13.4747
3.168
0.2184
1.8037
0.1795
0.0432
0.0132
0
0
0
0
0
0
0
12.3843
1.502
16.5394
7.6065
17.589
8.6663
2.5181
0.9088
0.9677
1.6651
10.9782
0.4827
0
0
0
0.4453
8.5447
5.3606
0.383
0
0
6.5596
0.1405
2.2407
14.4335
0.3201
0.148
5.7845
0.7768
0
0.4759
8.0068
0.3877
0.2156
0.132
1.449
1.5804
2.2931
1.196
17.2864
0
0
0
1.7708
0.2466
0
0
1.4132
0.9784
1.5223
0
0.0209
3.0569
0.2965
0
0
0
0
0
0
21.7123
32.4832
4.3183
8.5755
4.1692
3.8059
6.4802
9.717
1.7406
0
0
0
0
0
0
0
0
0
0
3.3167
7.8321
2.8601
4.1718
6.4866
0.6497
4.6347
2.2229
1.7146
0
0
0
1.3223
9.3218
6.6913
16.2634
1.558
0.4548
0
0.9821
0.7744
0
0
0
2.8119
0.0468
23.018
0.7126
0
0
0
0
0.0781
0
0
0.6203
0.0785
0.5218
0
0
1.4277
0.538
1.9837
2.6401
2.8937
5.0335
3.5109
0
0.4798
0
4.4941
2.2959
6.003
14.5792
0
0
0.0017
0.0466
0.0432
0
0
0.1179
7.6751
0.674
0.0467
0.4985
7.8929
19.1784
0.0379
0.0305
0.2987
0.1256
0.0269
0
0
0
0
0
0
3.692
11.8279
12.5024
0.1843
0
5.2877
1.4492
0.1393
0.0442
4.4328
38.1807
1.3655
0
0
0.184
1.4592
0.1934
1.3489
1.8489
15.4439
5.1327
0.4766
0.8752
0.8356
0.876
0
0
0
0.1197
7.9069
7.8654
7.0732
0
0
0.0378
0
0
0
6.624
35.0306
0.1262
0
0.5612
9.5047
11.8684
0.3318
0
11.5888
1.4806
0.6164
0
11.645
0.0268
0
0.1551
2.1287
22.7063
0.0697
0.0118
0.6008
0.7291
0.5001
17.39
0.9653
30.0501
0.8837
2.1063
1.2185
0.38
3.7456
8.0094
0.0048
1.022
0.3637
0
0.0283
0.0254
0.6228
3.1024
2.7145
11.8203
0.0044
0.401
0
0
0.6122
8.5716
0.3586
1.1799
0.1602
0
0
0
0.2508
0
0.1012
0
2.1319
1.1701
2.5661
0
0
0.1324
1.1601
0
0
0.0465
0.7085
0.0335
0
0
0
0.2616
5.3205
0
0
0
0
2.2569
5.6593
0.0461
0.001
0.2209
4.7055
0.1098
0.7744
0.0788
0.0264
0
0
1.5635
2.2706
1.2154
7.6078
9.1443
0
0.0123
1.7895
0.6018
0.869
0.022
0
0
0
0.1286
4.2555
1.7501
2.8207
10.5396
1.6369
0
0
0
0.0188
5.6205
0.1293
1.5766
1.3917
0.2593
0.023
0.0424
0
7.2242
0.0084
1.1606
11.0735
0.0044
0.5218
0.0475
14.842
21.1982
2.4686
0.0372
0.0012
0.0368
0.5469
2.6619
1.2328
1.2424
0
0
0
1.971
1.3123
2.5468
5.1486
0.5384
0
0
0.038
0
0
0.4254
5.9424
2.9026
5.3611
3.2928
6.7778
4.4233
0.1052
0
3.785
23.4972
7.2629
5.5149
0.6434
0
11.0093
0.0422
0.1246
1.7126
0.001
1.5808
1.9421
2.7088
0.0676
0.1008
3.2941
4.3988
0.0564
1.5607
1.0023
4.5742
5.6839
0.6199
0
0
0
5.7361
6.1262
31.3065
6.048
5.3579
18.3064
0
3.7766
6.7023
0.0927
14.9852
2.3148
1.6409
0
0
0.3474
6.9572
0
2.1397
2.7767
0.0074
0
0
0
0
0
5.4214
16.7024
0
0.0027
3.5209
2.9383
3.4322
0
0
0.8616
1.0251
0.0433
0
0.0549
1.1263
0.8095
0.0142
0.0456
1.9895
0
0.5474
4.5042
15.7861
6.7372
0.7509
0
6.8316
1.0032
0.1298
0.2784
0.9771
0
0.1194
0.025
1.2887
2.8614
0
0
0
0
0
4.3388
1.1075
7.2319
11.1346
0.2364
0.1189
0
0
1.7659
7.4006
12.9091
4.8219
1.1273
0.0337
7.6604
6.1108
6.9165
0.9592
0.2383
0.1913
0.1057
0
0
0
0
1.6667
3.5499
0
0
0.6921
0.1672
0
0
0
0.023
1.8105
1.3534
14.7331
0.3816
0.2904
0.8279
9.6346
0.7556
1.233
0
1.9099
0.2005
2.5583
5.0676
5.7635
1.1109
1.5819
4.4608
1.7165
0
0
0
0
0
0
0.1827
5.1901
1.9399
6.2577
6.006
0.0324
0.8499
0.7274
0.245
7.4497
0.1678
0
0
0
0
8.7408
5.4641
1.5016
0
0
0
0.0206
2.1985
0.4049
2.1331
0.0567
0
0.7859
0.2363
6.6703
0.5435
0.0659
0.0142
0.4382
0.0932
0
0.354
0.3322
0
0.4042
6.3018
3.169
0
11.7414
1.2181
0.4387
0
0
5.9867
2.8464
12.3131
0.2002
0
0
5.2106
0.0065
0
0
0.1244
0
0
0
0
0
0
0
0.0813
10.3194
0
0.0921
2.8756
0
3.6198
0
0.0421
4.106
0.2686
0
0.1747
2.5998
0.008
2.224
3.2755
7.7726
0
0
0
0.148
2.9457
0
6.9471
3.6393
0.0973
0.8502
0.3415
3.279
6.1672
2.6893
6.8679
7.8462
2.7814
17.2812
0.017
0
0
0
0.0586
0.1116
0
0
2.0837
1.826
0
0
0.4959
0.3101
0
6.191
1.0503
0.0554
0.0704
0.5535
0.731
0.2952
0.1519
1.9894
0.2028
0.5024
0.0761
0
0
0.7995
0
0.5039
0.2373
0
2.1019
1.525
0
0
0
1.5745
11.8609
10.3005
5.6131
1.3412
0
0
0
0
0
0
0.5183
3.9467
16.1031
1.6147
0.0608
4.5286
2.6126
0
0.0247
0.0395
0
18.1844
3.795
0.0375
0.1003
0.3846
0
0
5.0101
5.3291
0.0575
0.022
0
0.0265
0
0
0.0284
0.0083
0
0.6878
5.4473
3.4637
1.85
0.1461
5.276
14.7808
15.8171
15.8252
15.4379
0.5636
0.5745
5.0321
0.7223
6.7251
8.6816
2.2057
2.5844
0.6619
0
0.1334
0
0.013
0.0442
0.0823
0.1959
0.1051
0.64
0
0
0
0
0
0.1852
0.0757
0
0.0112
0.0291
0
0
2.8634
2.5604
0.0087
0
0.1149
0.3342
0
0
0
0
0
0.0661
0.1018
1.1168
7.6345
5.4815
13.9267
1.2931
1.6342
4.3745
7.0042
0.0863
0.3966
0
0.2597
2.1283
3.9139
15.6172
0.0036
0.0196
0.9449
0
4.7351
7.0916
0.5823
1.4514
0
0
1.3745
7.2573
2.0276
5.6557
7.9423
2.5482
1.0149
3.1103
5.6849
5.5851
2.5618
0.7142
0.1601
0
2.8661
1.5679
0.1293
0
0
0
0
0
0.478
4.5458
7.6224
2.5465
0.196
8.0015
1.5884
0
0.5228
0.5054
25.6048
0.0096
0
0.2226
12.8766
9.2537
0.9601
0.577
0
0
0.478
0.7924
3.5464
0
0
0.3292
4.9271
0.002
0
0
0.191
16.3475
0.7863
0
0.0352
0.0527
1.8749
9.1536
13.1474
4.5577
0.0837
0.4152
0.4263
0
4.0957
7.6227
15.4742
1.2484
0.3489
3.7595
1.1193
0.0068
0
0
1.8312
10.4234
17.1038
10.1301
0.6042
0
0.5319
14.9364
1.554
0
0
0
2.5324
1.1296
1.6317
0
4.2555
14.6863
2.629
0.0313
0
0
0
0
0
0
0
0
0
0
0
5.8562
4.7527
0.585
0.836
0.0324
0
0.9228
1.8182
2.6812
0
0
0.1684
0.3839
0.2065
0
0.0384
0.2545
2.3638
2.5139
3.3751
4.0207
4.9343
21.7912
0.4833
2.3363
3.5188
28.1494
6.3423
0.5513
0
0.192
8.0299
1.1832
2.8194
0
0
0.5149
0.8202
0.7032
0.1655
8.0655
19.8392
10.016
7.3232
0.102
6.9445
0.5214
4.4898
11.9171
2.1568
2.4383
4.442
4.964
2.3814
15.2448
0.5201
1.2484
1.8587
6.0193
0
6.4224
0.0501
0
0.8983
18.6537
4.0461
6.8678
0.4733
0.2566
3.1836
0.6166
0
0
3.0567
1.4053
8e-04
4e-04
0
9.8333
13.2477
1.0258
1.722
0.1972
0.4297
0.2855
0.6764
0
0
0.376
0.3256
1.451
0.7488
1.6084
0.0118
0.0999
1.8593
0.2402
0.1391
0.1888
0.3351
0
0
1.6511
0
0.8092
0
0
0
0
0.543
0.4051
0.0216
1.1648
0.4923
1e-04
0
0.8285
0.2057
6.6202
3.1681
0.0678
0
0
0
1.8408
0.4353
1.7411
0.5899
2.3825
0
0.0324
0.4251
0.299
1.236
12.8518
3.0074
1.3393
9.2173
0.1371
0
0
0
0.0274
0
0.9162
0.3076
1.4177
3.9039
0.6294
5.847
0.1558
10.4359
0.001
0
1.4148
0
2.2964
0.9242
0
0
0.4918
0.753
0.2281
0.0888
5.1041
0.0727
0
2.1525
2.0809
4.0617
2.6657
9.9074
0.9035
0.264
0
3.8312
0.2933
14.3488
0.0042
0.0225
0
0.573
0
0
0.7447
2.3787
0
0
0
1.2426
1.44
1.0492
0
9.5683
4.7488
2.1387
0
0.3554
0.2739
1.2621
2.2922
0.8577
7.5372
0.3171
8.791
1.7643
1.1887
0
0.2648
14.6215
9.5823
0.3518
0
0
0
0
0
1.9782
0.3191
4.289
1.2387
0
0
0
0
4.4706
18.9084
0
0
0
0
0.0687
0.7104
2.8597
2.1786
25.0541
4.248
16.6664
6.6422
1.5183
1.8411
1.5085
1.0956
1.1126
0
0.9828
11.4855
0.532
0
2.5538
0.597
0.1968
0.0939
0.0392
0.2766
22.3202
4.3216
4.4517
2.126
1.1362
5.7379
15.1832
3.2154
0
0.118
11.9111
5.3453
4.7186
0.7516
9.3334
2.8701
0.4146
0.89
0.7077
0
0
0.0597
1.3766
5.5961
0
5.6465
0.5645
9.186
0.1447
0
0
0
0
1.46
18.5089
1.1904
15.3264
7.8716
3.9297
0.2442
0.332
15.3547
0
0
0
0
0
0
0
0.6849
3.0379
6.8459
0.0142
0.7798
1.3857
0
1.0057
3.8344
0
0
0
2.2511
0.4473
16.6467
1.4285
0.9812
17.017
1.649
0
0
2.4114
1.2253
4.8294
0
0
0
0
0
0
0.3051
0.0843
0.155
21.0076
6.6736
0
0
0
0
0
0
0
2.5911
0.1809
0
0
0
0
1.2031
10.5587
10.833
0
0
0.12
0.0276
0.1017
11.3191
0.0021
0
0.0489
13.5942
6.2068
2.071
22.2992
4.0136
15.4911
1.1608
4.9281
11.299
14.4046
0.4503
34.8378
5.2847
0.4249
0.3399
3e-04
0.0389
1.7845
0
0.0343
0.9849
10.4291
11.1393
0
0
0
0
0
0
0
0
0.1549
0.017
4.2706
5.3393
2.5786
0.1464
0
0
0
0.6051
1.744
0.0024
0.0564
9e-04
0.0388
0.0094
1.4809
2.0674
0.0192
3.7454
0.0825
0.3344
0
0.1046
0
4.2347
7.788
0.692
12.3743
2.15
0.0775
0.1545
0.1969
0.2714
26.9716
0.2002
0.017
0.059
0
0.9359
18.0854
2.7776
0
0
0.1533
8.634
6.8476
8.2321
0.2887
0
9e-04
2e-04
0
1e-04
0.9468
0.3929
4.4974
1.6076
0
0
0
0
5.6411
9.2736
0
0
0.911
0
0
0.2026
0.3596
2.5739
0.2297
0
0
0
0
0
0.1699
8.7429
0.4065
0
0
0.0252
1.019
0
0
6.9019
10.1557
0
0
0.5691
0.2162
0
0.0039
2.4373
0
0.1373
3.0645
8.7584
0.1427
0
0
0
0
0
0
0
0.1446
0.029
0
0
0.5047
0.2568
0.7136
0
0.0438
0
0
0
0
0
0
0
0
0
0
0.6978
3.4798
6.5687
0.1498
1.017
0
2.5907
0
0
0
0
0
0
0
0
10.8635
0.2934
0.1974
0
0
0
0
0
0.4002
0
0.0124
1.8668
0.3796
0.2897
0
0.0889
26.6308
4.4186
0.1252
3.7674
0.0423
6.655
14.2862
1.004
1.2036
0
0
0
0.2489
6.201
0
0.235
2.0168
1.4822
0.0219
0
0
0
0
0.4061
3.668
0.6948
0.0178
1.155
1.8766
1.5548
0
0
0.1549
12.2634
9.3348
0.1705
0
0
0.1223
0
0
0
0
2.2132
0.0011
0.861
2.9313
0.3987
0
14.594
4.6543
0.5919
0.2421
0.7808
0
0
0.4297
3.6015
1.0248
1e-04
0
11.0445
17.8761
9.2945
6.7704
19.3862
0
0
3.0077
1.5094
0.1642
3.528
0
0.0302
10.6197
0.1639
0
0
0
0
0
2.7543
43.1178
5.7416
8.9346
0.9128
0
1.0198
5.6611
0.1373
0.1578
10.0952
22.7636
3.7243
7.7369
2.904
9.5432
3.6313
5.162
2.243
2.7963
0.423
0.4772
0.9777
0.015
4.7896
11.9088
0.526
0.9818
0
0
0
0.0302
0.3277
0.2319
0
11.8113
3.8888
2.6975
0
0
0
0
0.255
1.8091
5.0751
12.9928
0.0581
2.2541
0
3.0489
3.8296
7.5193
0.235
0
0
0
0
0
0.058
0.1728
0.0575
0
0
22.0092
15.4498
0.9622
0
0.9618
18.3339
30.6127
14.1682
0.3974
0.5778
7.1377
0.0282
0.6734
0
0
0
0
0
0.0645
0.0196
0
10.4299
6.7667
2.0873
1.62
14.2804
1.7842
5.9704
8.8508
0.4281
0.103
0.4161
5.7714
0.1437
0
0
0
0
0
2.4603
1.5778
1.7689
0.387
1.7093
0
0
2.54
2.5256
1.2175
1.0676
0.6617
3.3687
0
0
0
0.0012
0.1238
4.7398
0
0.0719
0.9666
0.9218
0.1213
5.4969
4.4448
1.5117
0
11.5299
0.205
0.5217
0
0
1.1013
0.0014
0.0258
0
0
0
0
3.8594
7.3041
0
0.0011
0
0
0
0.0099
0.0682
2.2861
0.6403
0.4994
3.2936
0.014
0
1.1624
0.3279
29.8766
1.0462
1.6034
0.8711
7.1305
1.5791
4.3627
7.099
4.33
3.5181
0
0
0.2343
0.9292
2.9341
0
2.9374
7.525
2e-04
0.3518
18.886
0.2131
0.0174
1.2993
0.8862
8.5208
1.9138
0
0
0.3925
2.9534
0.8292
1.1475
7.4211
1.5289
0
0.0247
0.0015
0
0
0.1175
0
0
0
0
0
0
0
0
0.1452
0.0228
0
0
4.231
5.5631
1.168
3.8839
0.1043
0
0.7652
0.0781
0.6912
2.503
0
0.0239
0.3788
2.1302
1.8101
2.5492
2.7377
1.099
10.841
0
0
0.0064
0.0539
0.5542
0.1714
5.2577
6.6883
0
0
0.768
0
0
0
6.1723
3.7583
0.6073
0
3.785
0.0736
0
0
0
0
0
0
0.0291
1.6606
1.1004
0
0
0
0.2193
0.1225
0.0017
0
3.3468
0.8322
1.218
0.171
0.0826
0.3103
0.489
0.0476
4.5168
0
0.4012
0
21.2373
5.3035
0.9348
0.6001
0.2131
0.2606
0.9727
0.8288
1.3589
3.8036
11.1153
3.6663
0
6.8224
3.8838
0
0
0
0
0
0
0.1511
0.0068
0.8718
0
1.1057
0.9784
0.7122
1.2116
0.0284
0.9584
0
0
0
2.0279
3.3624
0.3081
0
0
0
0
0.0087
0.1539
0.0296
0.2472
0.0464
4.1629
1.3806
0.6241
0
0.473
0.2247
0.3519
7.5806
7e-04
0.0629
0.6024
0.7068
0
0
0.7179
1.1227
0
1.1206
0
0
0
0
0
0.8793
4.7258
0.2041
0
0
0
0
0
0
0
0
0
0
0
0
0.1236
0
0
0
0
0
1.0063
4.1723
0
0
0
0.2444
0.4331
0.1103
0
0
0
0
0
0
0
0
0
1.26
4.5967
5.9899
0
0
0
0
1.2116
10.9342
2.1958
5.3359
1.4128
3.7823
0.1828
3.6764
0.1149
2.7831
10.0038
0.0298
0
0
14.9707
5.6456
0.001
0
4.163
1.8294
5.1057
3.8199
0
0
0
3.2657
3.0156
1.6754
0.2889
1.2368
4.4612
6e-04
1.5131
16.4077
13.9638
0.024
0
3.0157
12.6834
0.2772
0
5.1754
0.6972
23.9188
3.17
0.0011
0
0.5234
0.6471
16.1948
8.2627
2.4764
0
0
0
0
0.0011
2.5581
2.3308
4.588
0
0
0.0676
0.612
0.5879
4.5318
3.717
0
1.04
3.4858
0
0
0
0
0
0
0
1.4217
4.2977
0.2972
0
0
0
0
0
0.5951
0.365
0.4302
0.0295
0
0
0
4.4411
4.0994
51.5062
0.4768
0
4.2469
2.7223
3.7838
1.403
0.104
0
0.0667
1.3574
0
0
0
0.1085
0
0.022
13.2366
22.5002
3.4239
0.9569
3.2269
0.2065
14.0319
2.2017
0.0074
8.4945
0
1.4774
1.795
0.0241
8e-04
1.1238
21.1457
0.9658
0
0
0
0
0.09
2.8501
0.0277
0.0581
0
0.9416
0.4308
0
0
0
0
0
0
0.7507
2.6737
0.7973
0.0212
1.0389
0.2726
0.1971
0.0455
0.1278
0.1428
0.8898
0.5037
0.1603
0.1245
7.5584
1.2463
0.0978
0.0991
11.2955
16.7889
0.0032
0
0
0
0
2.4813
0.994
0.0152
11.6745
0.0104
2.4709
0
0.2836
0.0173
2.4415
1.5067
1.2329
1.331
0
0
0
0
0.1462
0
0
0
0.2051
0.3805
16.4813
0.2004
0
3.4694
1.8269
0
0
0.2076
1.3908
0
2.621
1.318
0.0365
0
0.0365
0
0
0
0.3688
1.1346
0.1939
0.0535
0
0.001
2e-04
1.8043
9.0296
0
0.1591
0
0.2025
1.0671
0.0823
0
0
0.0269
0
2.7376
3.1407
0.03
0.378
0
0
0
0
0
0
0
0.0011
0
0.3403
11.7211
0.1808
7.8443
1.369
0
0
0
0
0
1.8831
17.0845
2.5665
9.2789
1.6324
0.6054
1.8739
14.9549
17.2887
3.7155
0.3973
2.0433
2.5341
1.5108
0.2241
0
1.4432
4.0384
3.8089
4.6831
1.7462
3.0662
7.3486
1.4686
0
0.2652
0
0
0
8.2032
1.4539
0.164
0.9663
1.3059
0.1891
0.1712
0.608
0.4291
0.1248
9.0644
4.5431
5.3661
0.9069
2.486
2.2811
1.429
3.5383
5.8781
0.1444
0.0775
0.0202
0
0
3.6454
4.7439
1.7761
0.6036
12.8664
1.3579
11.7926
20.3169
0
0
0.0069
0.116
39.8161
8.1836
5.6462
11.4422
12.8721
1.4728
0.0346
0
0
3.9358
1.7814
0.0027
7.6732
8.8593
6.7377
5.9972
4.5461
1.3773
2.1348
6.6634
2.0972
1.1465
0.8862
0.0591
0.3527
0
0.3218
2.3812
2.7801
0
0
0
0.0425
2.3052
2.0064
0.9547
0
0
0.1558
0.4174
0
0.2578
0.1108
0
0.0666
0.0595
0
0
0
9.5787
18.833
1.1163
0.3344
0.0257
0
3.5221
13.6295
8.5138
7.0211
0.0902
6.9223
1.1362
0
0
0
3.125
2.7255
0
0
0
0.4666
0.2333
0
0
0
0
0.6882
0.5344
0
0.0903
0.1621
15.6516
1.4476
0.7807
0.0449
0
0
0
0
6.0054
2.5865
0.4671
0
21.4594
0.0644
0
0
0
1.1894
7.0138
5.3846
5.177
16.8659
0.1224
0
5.1878
11.4833
3.1523
10.2529
2.6005
0
0
0
0.2337
1.415
1.0115
0
0
0
0
0
0
0.0011
0.0154
0.4643
0
0
0.0048
0.0524
0
0
0
7.7958
0.5565
0
0
0
0.0967
2.3221
11.6678
0.6963
29.4651
4.2438
2.9255
0.3174
0
0
0
0
0
0
0
1.912
4.0209
0.2097
0.2116
0.3276
0
0.4726
4.1001
8.4439
2.282
1.9861
0.3228
0
0
0.0544
6.0352
17.941
15.0434
0.5243
0.0287
0
0.0509
0.0993
0.211
0
0
0
0.7996
0.7158
3.0452
0
0
0
0.129
0.2081
0
0
0.5002
0.0828
0
0
0
2.7763
0
0
1.1998
2.2172
0.5675
0
0.1741
2.5737
0.9251
0.3858
0.0011
0
0
0.3017
2.0656
0.0789
0.7798
1.0579
3.2703
9.6872
0.2786
0
0.3783
6.0917
0
0
0
0.8059
1.8823
3.4069
0.2872
0.1966
0
0
0
0.073
6.6513
5.1827
0.011
7.2489
1.7021
0
0.0063
0.3263
1.8367
0.1077
0
4e-04
3.1639
0.6652
0
3.0209
18.2701
1.8493
6.1924
0
0
0.832
0.0014
0.4213
0
0
0
0.8861
4.8014
20.2261
4.3961
0.1161
0
0
0
0
37.5999
3.8716
1.0605
0.3583
0
0
0
0
0
0
0.4663
0
1.8798
0
0.3012
9.7377
1.5452
1.6537
0.0558
0
0
0.0678
5.3422
1.7424
0.0337
4.419
0.2843
0.0261
0.937
1.0954
0
0
0
0
0
1.0181
6.7684
2.1013
5.2948
2.5934
1.1396
0.8284
0.4114
0.1527
0.2667
0.4152
0
24.7084
3.4592
0.6761
0
4.3322
0.0795
0
0.8643
0.0011
0
7.1041
9.7356
0
0
0
0
0
0
0
0
0
0
0.1495
4.2526
25.4432
6.113
0.1603
0
0
0.0283
1.4738
2.4474
5.0332
16.1306
3.4453
4.7532
23.2853
3.8913
0.2498
0.0105
2.4464
1.1578
0
0
0.9133
1.4656
10.795
0.0478
0.2118
0.6529
0.0034
0
5.1251
4.5629
19.1909
5.4343
0
0.007
0.6143
12.9095
1.1363
0
0
0
0
5.008
0.9819
0
0
0
0
0.517
0.6686
1.3813
2.3393
1.3124
0.3828
0.018
3.0265
3.858
5.0415
0.1273
0.1857
0
0
0
0
0
0
0
1.9147
0.7617
16.0005
11.8227
3.7009
18.0511
1.1891
0.0016
0.0992
0.1352
0.0324
3.9486
8.4511
21.1665
3.1284
0
0
0
0
0
0
2.8829
2.7548
0.0011
0
0
7.8835
9.1835
0.9411
0.9726
0
0
0
0
3.9838
49.1182
0.0276
0.0314
0
0.0468
3.405
16.8048
3.6328
6.6067
1.3513
0.4758
0
0
0
0
0.0231
0.6055
0
0
0
0
0
0
0.0081
3.6712
18.1262
1.9299
37.2846
0.0545
1.2611
0.052
0.0071
10.8882
3.7923
6.0956
0
0.0086
6.9173
1.5371
3.1627
2.8129
1.5702
0.0975
0
0
0
0
0.5428
2.3427
0.0235
0
0.1208
16.8763
0.1455
0
1.2428
2.061
20.125
18.4065
3.5844
2.3252
0.3837
0.0112
0.1799
0
0.3752
14.52
0.078
0
0
9.6363
0.1019
0
0.0636
0
0
0.0819
0
0
0
0
0
0.0817
0.9744
17.3056
2.3294
6e-04
0.4999
1.5164
4.4577
0
0.55
0
0
0
0.1286
1.1146
0
0
0
0.6242
9.3822
2.8334
0.5392
0.047
0
4.917
4.8029
0.4164
0
0
0.0221
34.4885
2.7467
0.1078
0
0
0
0
0
0
0
0.0446
0
13.1514
0.6402
1.0039
13.7576
1.3026
0
14.6244
4.3277
17.6526
2.2
0
0
0.301
3.6425
19.2269
33.8041
0.7523
0
0
0
0.2268
1.3353
0.2721
0
0.1296
0.0308
0.2103
9.814
1.2528
0
0.216
0
9.8109
0.726
0.0245
0.031
1.9552
4.0604
0
0
0
0
0.7206
0.1517
0.9792
0.0465
4.2228
0
0
0
0
0
0.165
0.8437
0.681
0
0
0
0
1.2192
4.2364
12.0243
2.7616
3.9195
0.6612
2.0009
1.8598
1.4163
0
0
0
0
0
0
3.3209
0.5004
0.5566
4.4092
0.5403
2.1966
5.0237
3.743
0.2589
0
0.7368
0.0692
0
0
0
0
0
0
0.2025
7.717
0.6043
0
0.0147
3.2337
7.3555
0.5327
0.2322
1.4179
3.8436
3.4721
0.0372
0.0272
0
0.2254
0
0.2057
0.7389
3.7368
0
0
2.8274
8.3037
1.2975
0.1678
0.0881
8.1014
4.271
3.929
0.0392
9.8019
0.04
18.8871
21.6023
1.0636
1.0487
0.0788
6.6338
0
0
4e-04
0.2393
1.1146
0.0138
2.0179
0.2065
0
0
7.619
5.8017
0
0
2.0943
0
0
0.0017
4.3513
6.7205
0
0.1271
5.8062
0
0
0
0
0
5.929
8.465
3.8758
31.0472
1.7227
0.0736
0.0661
6.0579
10.1302
7.5652
13.9609
1.039
0.0138
3.87
0
0
0
0
0.267
4.2979
2.4986
0
0
1.4167
9.5604
0
0
0
0
0.2798
1.2093
0.5045
0
0
0
0
0
0
0.2047
2.3593
3.0848
0.7343
4.3775
0.6341
0.125
0.6958
1.731
0
0
0
6.054
2.6678
0.1165
0
0
0
0
0
0
2.7598
5.2515
2.9751
0.1712
0
0
0
0
1.2972
0.4015
0
0
0.1652
4.8735
1.239
0
0
0
9.9811
8.8195
0.3528
0
0
0.2388
0.2843
0.0594
0.009
3.1779
8.4907
31.5806
21.3842
0.2211
0
0.2739
0
0
0
0
0
0
0.6306
0.1005
0
0
6.8626
12.0716
1e-04
0
0
0.4627
4.1626
1.4423
0
0
0
0
0
0.0621
0.4028
0
0.0368
0.0428
0
0.5745
7.9919
0.0584
0.7155
1.2353
0
0
0
0
0
0.0118
0.8075
19.2736
1.1947
0.3457
0.6964
0
0
6.2708
1.891
1.6074
1.4379
0.9461
1.529
0
0
0
6.3441
0
0
0
1.9575
21.6205
18.5701
25.7782
6.2434
0.1657
0
5.9601
3.5583
3.1825
0.4671
0
0
0
0.7202
1.1042
0.0064
0
0
0.9553
1.4121
0.807
0.1071
3.0345
1.5609
0
6.4121
5.6368
13.3826
4.6417
3.3162
0.0981
1.4812
0.2128
0.9542
0.6577
1.4163
2.3679
0.5518
1.4385
2.1461
11.9033
1.0859
0
0.0346
0.0191
0.0114
0.0769
0
2.4832
2.1101
1.3252
0.3443
0.1993
0.2831
0
0.2388
0
0.3891
4.3563
0
1.5628
0.0017
0
0
0
0.5096
5.4461
1.2159
0
0
0.1097
3.8964
0.3701
0
0.0775
0
0.0849
0.6967
0.2622
0
0
4.5948
23.6
1.6575
0.8653
0.077
0.001
0.128
1.2827
0
0
2.1754
1.0642
1.6777
0.1539
0
0
0
0
0.0799
0.398
0.2196
0
0
0
0.3937
0.3745
0.5186
0
0.0408
0.4816
0
1.1683
0.09
15.9749
3.0852
0
4.7818
7.1523
0.7473
0.6012
0.4956
0.2328
0.1333
0.9877
0
0
1.741
0.42
0
0
0
0
0.43
7.3767
6.5462
1.7708
0.1556
9.0787
3.002
0
0
0.0281
0
0
6.561
2.1635
3.5872
0.0112
0.6141
11.9847
0
0
2.428
2.8225
3.4693
0
0.0535
5.9148
0.9391
4.9013
0.0403
0
0.3125
0
0
0.1691
0.0353
0.7972
0.5702
2.428
0.9098
0
0.1505
0.1911
9.3284
15.4114
9.8506
0.4515
4.9491
9.2509
3.9079
1.4312
7.8637
3.8065
0.6593
0.39
0.0417
0.8388
3.7398
0.2109
0.1769
0.4371
5e-04
1.3074
4e-04
0
0.4994
4.6611
0
0
0
0.019
0.0325
0.1533
0.0487
11.9707
9.2978
0.029
0
0
1.4167
7.485
20.3674
0
2.6786
0.2115
1.0894
0.7741
16.6394
1.4831
0.2469
0
0
0.7539
3.2121
0.6445
2.6998
0.1264
0
0
0
0
0
0.002
0
0
0.547
34.9563
2.345
0.1221
3e-04
1.463
1.1511
4.6825
1.3661
0.9889
0.1132
0
0
0
0
0.0452
0.9482
0.0559
7.5259
0.0491
0.3893
0.5376
0.864
7.2384
0.1374
14.3366
29.8614
14.6478
19.5757
1.3634
14.6618
1.1315
5.2732
7.3479
2.5484
0.6836
15.9652
2.659
0.2345
8.3757
1.0688
1e-04
1.7535
7.4022
12.1889
0.2194
0.1143
1.2367
0.5614
0
0
0.0072
5.6789
1.7802
0.2779
12.5487
0.0758
9.8577
10.7352
8.9045
1.516
0
1.5302
7.1649
0
0
0.0349
0
2.0573
3.9014
1.5595
10.5488
12.4538
0.0604
0.1933
0
0
0.3997
4.6663
0.4256
0.287
23.4454
14.7202
8.0746
6.3973
16.5967
0.0044
0
0
0.5319
1.3706
0.9725
1.5239
6.5398
3.2538
0.2839
41.7343
8.1478
0
0
0
0.0173
0.473
0
0
0
0
0
0
0
1e-04
0
1.1301
0.4424
8.6378
0.7859
1.1403
0.8098
0
15.2749
14.2169
3.6286
0.0786
1.54
1.8937
0.9374
0.2741
0
0
0.0805
0
0
0
0
0.4058
0.081
0.0216
12.0798
21.057
1.0427
3.1716
0.469
0.6308
0.6469
0.3158
2.6511
2.6383
11.3977
20.8852
3.7236
0.1197
0.062
0
0
2e-04
0
0.0094
9.4738
7.9047
8.9635
0.2605
3.8491
0.0877
0.0754
0.033
0
0
0.084
0.2611
0.3876
0.0739
0.0324
0.0169
0.0522
0
0
9.3614
0.9669
0.0528
0
0
0
0.1151
0.0255
0
0.7961
6.1234
0
0
0
0.023
0
0
0
0
11.6381
22.5556
19.3963
0.1685
2.0779
7.9184
20.9774
11.1556
0
0.0052
0.537
0
6.1409
0.4936
3.8321
11.236
0
0
0
0
0
0
0
12.4457
3.0302
0.0117
6.487
0.0432
0
0
1.2769
0
0
0
0
0
0
0
0
0.7612
0
0
0
0
0.1923
12.5954
1.341
0.0012
0
7.0344
0.0565
0
0
0
11.8616
8.0363
1.7164
0.4423
0.0497
0.868
0.0351
0
0
0
0
20.7902
5.1945
0.094
0
2.2644
0.6989
5.6547
2.0106
0.7519
0.7217
0.1755
0.3655
2.6083
6.3565
0
0.5307
4.3296
1.4493
0.2322
14.6071
1.5619
0.0245
0.0122
0.1334
0.1915
0
0
4.4623
21.4072
0.2838
0.1529
0
0.0216
0.0541
0
0
13.7928
8.8843
0.586
0.7499
0.0659
1.3078
1.2748
6.9822
0.0405
0
4.34
7.0836
4.1459
0
0
4.8339
15.7489
4.0814
0
0.0145
0.852
2.0088
0.6146
0.015
0.5528
4.2772
3.3458
0.006
0
0.5448
0
0
0
0.3826
0.4344
0
0
0.2869
0.0391
0.4133
0.6166
0
0.1756
0.0374
2.4956
3.2432
0.5295
0
0.059
1.0878
2.2814
0.9049
7.2774
0.063
0.5729
0.0044
4.3929
9.7688
0
10.7245
21.4187
11.4163
1.2797
0
0
0
3.6196
0.1574
0
0
1.815
1.3517
6.7576
10.2272
0.0874
0
0.0382
11.9928
18.3496
0.8236
4.5951
0.1449
0.404
0.7242
3.2382
1.0785
0
0
2.9102
1.63
4.9717
1.7327
2.7058
4.7282
11.3767
0
0.6987
0.0216
0
0
0.1214
2.6017
0.0032
0
0
0
0.054
6.6847
0.4186
4.9771
0.2792
2.2943
0.0822
0
0
0.5135
1.2074
2.3654
0
0.2292
1.4377
0
0
3.1045
3.726
0.4378
0.7727
0
0.043
0.9684
0.24
0.0032
0.0024
1.5236
0
0
0.1607
0.6547
0.034
0
0.0036
0.0402
2.3411
0.4225
4.2803
15.8026
9.5636
13.9016
1.5382
0
12.505
0.7321
0
0.1178
0.3269
0
0.3769
0.0643
1.1732
4.8128
0.4081
0
0
0
0.1226
0.3958
0.0036
2.3059
0.4206
4.4976
11.9273
3.497
2.3963
4.0446
3.4481
0.1332
1.1697
0.5697
0
0
0
0.4876
0.6984
11.4088
0.0897
0
0
0
0
0.0152
9.9055
11.7165
0
0.8391
2.3054
5.5128
0
0
0
0
0
0.0168
0.0136
0
4.6589
2.9861
0.667
0
2.972
0.1065
2.095
0.0856
0
0
0
0
0
0
7.5696
8.521
2.1136
0
19.8554
0.4439
0.6154
0.0381
0
0
0.645
2.9411
0.4787
2.6435
15.4409
0.4428
0.1952
0
0.6028
1.7373
1.2223
16.1161
3.0179
0.1655
0.1372
0
0
0.465
0.0054
0
0
0.4897
0.6219
0
0
0.8425
0.5587
0.994
4.4197
0
0.1605
0
1.8092
0.2573
0
0
0.0781
0.0675
0.0528
0.1836
0.2092
0.065
1.8209
0.8337
4.9081
3.8833
0.2668
0
0
1.2635
0
0.0404
0.3896
0.3373
0.4918
6.8567
0
0
0.1101
0
0.0679
0.6108
0.068
3.701
1.145
9.5304
12.3326
0.4681
0.6453
0
0.1438
0
0.2178
0
0
0
0.0449
4.6289
1.7486
0
0
0.0409
0.3315
0.6985
0.1397
0
0
0
0
0.0798
0.3212
0.0192
12.7254
1.7557
2.6354
3.8675
0
0
0.1051
0
0
0
0
3.2006
3.6061
1.0953
2.3167
4.6561
0
0
2.4118
0.1521
0.2302
0
0
1.1445
0.0088
0
7.5165
0.1086
0
0.2484
0
0
3.716
0.6812
2.2664
0.2978
0
0
0
8.138
0.0834
1.1037
12.7527
1.994
0
0.1462
8.5725
4.4189
21.6741
4.7242
0.0477
0.7065
0.2327
0
0
0.0418
0
0
0
0
0
0
0.8732
9.1307
2.9878
4.0339
5.5983
3.6445
0
0.0113
0.0244
0.0146
0.1855
3.1079
0.9114
0
0
1.2813
4.8904
0
0.1341
1.5465
0.1121
0
0
0
0
0
0
0
0.9642
1.9237
6.9554
0
0
0
0
0
3.9894
0
0
0
0
0
0
0.0711
0
0
0.3861
3.4619
8.8758
1.5421
0
0.4241
0.2913
0
0
6.9189
4.4149
0
3.544
38.6025
12.1445
9.6227
3.9595
0.3702
5.0498
0.3041
0
0.1668
0.2159
0
6.8712
0.3242
0.5426
5.1256
4.2445
0
0
0
0.0363
0.1375
0.019
0
0.2059
0.0822
0
0.0969
8.317
15.2296
0.3771
0.3009
2.3656
1.7281
0.8037
5.2483
0.0409
0.0503
0
0.9369
1.7215
0.881
5.0059
4.319
0
0
0.0731
0.0054
0.7819
7.0629
1.8441
28.4505
7.9551
0
0
0
0
1.3032
7.6778
4.5564
0.4246
0
0.056
0.4391
0.3122
0.0312
0.9886
1.5109
0.668
0.9786
0
0
0
0
0.0832
0.0486
0.068
0.0248
2.8573
0
0
0
0
0.1529
0
0.0346
0.7669
0.0448
0
0
0
0
0.0521
0.9193
10.9611
3.7268
1.313
0.9393
0.3157
0
5.1146
0.1502
0
0
0
0
0.4156
0.8677
3.3507
0.0066
0
0
0
0
0
0
0.0109
0.045
4.1869
0.0115
0
0
0.0516
0.237
0.8646
0
0
0
0
0
2.2743
7.6061
0.1511
0
4.9568
3.771
5.8516
0.0149
0
17.2024
2.6394
0
0
0.0826
0.2711
0.0058
0.2897
0
0
0
0
0.2754
0
0
0
0
0
8.809
6.3567
0
0
0
0
0.0854
0.127
3.4885
1.1815
17.9923
1.4918
7.1976
3.1012
2.3901
0.7581
0
0
1.456
2.8637
10.014
0
0.5897
0.0015
0.2048
0.3861
0
0.5912
0.2706
0.3188
0
0.591
0
0
2.3504
2.8111
0
0
0
1.2877
1.8251
4.9374
0
0
0
0.5947
1.5203
1.5803
4.8112
16.6053
5.5152
0.2001
0.0378
3.2066
26.5208
3.7496
0.8431
0.4028
0.1481
0
0.034
0
0
0
0
0
0.3126
0
0
0.4392
0
0
0
0.4339
0
0
0
0
0
0
1.309
0.5464
0
0
0
0
0
0.021
0.457
0.3064
0.0584
1.6484
8.3043
5.3324
0
0
0.3152
0
0.8615
0.8357
19.3442
10.7324
0
0
0
0
0
0
0
0
0
0
0.1567
0.7131
0.7638
0
0.0372
0
0
0
1.1337
2.2529
0.0403
0.0334
0
0.0228
0.0525
0.1331
1.1068
0.1987
0.4477
0
20.7083
19.7627
6.9871
0.2547
11.0144
0.4335
0.0152
0.115
0
2.6437
9.7028
1.2381
1.3416
24.0723
0.0376
0
0
1.4813
0.0525
0.2729
0.0106
0
2.6657
0.0253
0.3671
0.0037
0.3154
3.5142
0
0
0
9.6399
8.7423
7.3547
0
0.195
4.9801
0
0.0132
2.9386
7.9498
3.883
0.0404
0.2048
0
1.4528
26.3492
7.0955
0.114
0.1164
18.6888
9.6791
0.0318
0.0061
5.0827
6.3316
3.1181
0.0146
0
0
0.0018
0.5035
0
8.598
0.9891
0.2135
0
0.0739
0.1304
0
0
0
0
0
3.0954
2.3238
1.3616
1.4049
1.5967
4.0295
15.0944
4.9016
11.4772
5.4891
1.3393
0
0
0.3699
8.6527
2.0709
0.0395
0
0.0183
0.0104
0
0
0.4654
15.7999
3.8654
16.1982
16.5175
0
0
1.6626
4.8885
3.4857
24.1356
2.6477
6.4559
8.9457
3.1862
0.4345
0
0
0
6.8255
2.9095
5.1684
7.5066
10.4774
1.9645
0.4303
22.2303
9.7706
1.0337
0
2.2819
0.2849
5.6572
4.6356
1.3137
24.8459
10.213
0
0
0
0
0
0
0
0
0
0
0
0
0
0
0
0
0
0
0
0.1646
4.2117
0.4452
0
0.5919
2.7969
0.551
3.8173
0
0.0592
2.6283
0
0
15.5772
1.1453
3.2893
0
0
0
0
0
0
0
0
0
0
18.89
5.1344
47.6638
14.4316
0.0346
0
0
0
0
0
0
1.5217
0.1119
0
0
0
0
1.8284
1.892
1.2364
0
0.0865
0.0436
0.0092
4.9798
0.7236
0.3285
0.3096
3.3639
1.6603
14.6647
0.4652
0
0
0.3991
13.495
0.0305
0.0225
3.1939
22.491
1.3685
4.4997
0.0782
0.0451
0.0333
1.0792
2.9551
1.2135
0.0133
0.0662
0.0936
0.0381
0
0
0.4819
0.2462
0.463
0
0.004
0.07
0.4308
8e-04
0
0
0
0
0.4627
2.0534
0.0403
0.0976
0.485
2.6592
10.7108
0.0052
0
0
1.8127
3.486
0.1003
0.0813
0.113
0
0.5992
0.4764
0.0906
0.1668
0
0
0.2872
0.0058
0.0124
1.7053
7.4159
0
0
0
0.1331
0.0822
2.4819
0.5394
0.5801
2.5648
0
0
0.2704
0.1649
2.2678
0.9193
8.3334
0
0
0
3.7034
8.6799
0
0.0326
1.4587
1.3924
0.3913
0.3557
0.2238
0
0
0
0
0
0
0.6193
2.0149
0.1749
0
0.1395
0.1366
0
2.48
0.1889
0
0.0389
0.4574
0.1718
0.4677
0.0958
0.0855
0.043
0
0
2.4903
13.6013
3.8311
0
0
0
0.7441
0.2391
8.5676
2.9435
0.3514
0.016
0
0
0
0
0
0
0.6852
0
0
0.6734
18.886
19.7506
0.8192
0
0
3.969
0.9242
0.0045
0
0.2153
0.3112
0
1.5209
9.583
0
0
3.3757
1.322
0.0454
0.156
0
0.1247
3e-04
0
5.7647
7.3448
0.2519
2.3597
1.5813
0.1237
0
1.3987
8.9654
0.0058
14.7067
22.4891
0.6752
0.7751
4.5077
0.712
0.5744
8.5334
16.9701
2.0083
0.5369
1.0682
5.2554
3.3551
2.0245
0.0408
1.0797
7.8467
17.8348
9.8058
0.6864
0.0024
0
3.3852
1.0769
2.8837
0.008
0
0.668
2.5146
0
0.146
0.2355
0.0638
0.4946
6.2591
0.2334
0.044
0
0
0.2087
6.6562
2.7087
3.178
2.0445
13.8395
15.9706
3.0924
4.113
2.1386
7.2
4.3713
1.3178
2.9858
0
0.4478
4.2576
15.8215
10.4971
4.3642
0
0
0.0266
4.1875
0.1747
0
0
0
0
0
0
0.0409
0.1396
0
0
0
0
3.4429
0.1216
1.3707
0
0
1.3118
4.6762
24.4021
2.1025
0.0027
0.7168
0.9148
0.0201
0
0.1932
1.2277
7.391
7.9478
1e-04
0
5.2867
4.2057
17.4626
1.6086
3.6766
0
0
0
0
0
0
1.2335
0
1.086
0
0
0.4013
1.2844
0
0
0
0
0.2342
1.191
1.3849
0.1271
0.1289
0
0
0
0.0787
0.0313
0
0
0
0
0
0
0
0
9.7347
25.8639
0.003
9.3768
0.1913
0.822
10.2492
0.4749
5.3748
3.2734
1.3843
4.6157
0
0
0
5.9674
15.3057
0.4091
0.1999
0
1.3298
12.7461
28.0616
0
0
0
0
0
0
0
0
0.4971
0
7.7835
1.3157
0
0
0
0
0
0.4971
0.9919
17.6654
3.5603
1.3944
0.0919
0
8.1117
0.5457
0
0.7117
0
0.7781
2.1107
13.5462
0.0015
0
0
0
0
0.3444
1.2213
9.5331
7.8558
2.4293
0.4347
0.964
1e-04
0
0
0
0.5241
1.2265
0.3311
0.2974
0
0
0
0
1.8007
12.5562
10.6048
0
5.8031
0.0244
4.3329
8.3862
0
0.7627
0.5115
2.2399
0.0786
0
0
0.6918
0
20.9609
11.2863
0.6091
0
0
3.5445
24.6733
0.9135
0.0745
0
0
0.2246
1.9807
8.9242
0
0.3568
0.1901
0.034
0.0397
0
0
0.7094
0.4268
0.3682
0
5.4194
0
0
0
4.6229
0.3171
0
0
0
9e-04
0.6735
7.9428
0
0
0
0
0
10.4823
0.4514
2.3567
4.6364
0
0.8287
9.2712
0
0
0.1846
0
0
0
17.8593
1.2436
0
0.0267
0.1179
0
0.6052
1.3766
0.8329
0.8353
0.038
0.368
2.7416
0
0
1.5936
5.7434
4.7614
2.8875
0
0
0
1.8448
41.0093
0.0024
1.827
6.5935
0
0
5.5873
4.6133
0
0
1.6908
1.5738
0
0
0
29.8526
0
0
0
0.4341
0
0
0
0.9301
1.1439
0
8.2725
0.9077
0
1.7436
7.1065
3.0732
1.041
0
0
0
2.0471
6.0307
0
0
0.0145
0.0149
0
0
17.4912
0.8534
0
0
0.8242
2.9704
0
0
0
0.2714
0.781
0
0
0.4198
0
0.0151
6.2545
0
0.0088
2.8827
8.9973
20.9687
3.7412
12.5139
0.4666
0
4.3498
0.525
2.984
0.1776
1.6172
0.022
1.0211
5.5424
0
0.9375
3.866
17.6341
0
0.1514
0
0
0
35.0297
0
0
0
13.565
0.3271
32.3551
22.8364
22.3225
2.4659
0
0
0
0.0108
2.9444
0
0
0
2.9948
0.7873
0.6507
0.0093
5.3768
9e-04
11.5126
0.0851
4e-04
1.4486
12.1959
0
3.902
3.6432
11.4859
0.0525
0
1.1178
5.1776
3.5978
0
0
0
0.7661
0
3.7438
1.8222
8.3347
0
0
0
0
1.7581
10.9094
0
1.116
0.1214
0.3749
2.9491
6.0827
2.7177
2.0834
0.9353
0
17.7736
1e-04
5e-04
0
0
0
1e-04
0.0307
1.1923
16.5973
0.31
0
0
0
0
0
4.0441
4.2174
14.3036
0
13.2567
23.9074
13.7686
0.6673
0
0.7705
5.4982
4.6812
0.0126
15.8799
2.359
4.6116
0
0
0
0
1.22
0
1.4124
3.0755
0
0
0.6225
0
0
0.0181
20.4022
0
3.8895
0
0
0
0
2.7118
2.8933
1.1922
49.4502
0
0.5787
0.9869
0
0
0
0.5787
0.126
0.2522
0.8691
0.0552
0
0.2838
0
1.533
0
0
0
1.6744
7e-04
0
0
0
7.9455
0
0
0
0
0
0
0.3061
0
0
2.4875
0.3525
16.7926
4.536
0
0
0
0.9728
1.6063
1.6114
0.8052
0.2091
0
0.5151
0.0423
0
0
0.2124
9e-04
0
0
10.8113
2.7211
0.5987
0
0
0
1.5643
4.0359
6.3053
5.0029
0
0.6448
0.8001
0
13.746
1.4459
0.5172
0
1.9844
2.2986
3.4821
0.664
1.952
0.5082
0
0.2653
12.9089
0.1107
0
0
0
0
0
0
0
0
0
0
6.6823
7.5311
4.3415
7.901
1.3188
0.02
0.0735
0.6389
0.3312
0
0
0
1.2745
13.955
0.2274
6.2994
22.1833
22.2394
1.2264
0
0
0
2.3531
0
4.04
0
0.6666
0.5516
0.0793
0
0
1.6274
5.599
0.2117
0
0.1364
0
0
0.2268
4e-04
0
0
0
0
0
0
0
0
0
0
2.6632
5.6993
3.673
0
0
1.8282
11.4354
34.6988
9.9423
0.9
3.1376
0.0355
0
3e-04
0.0799
0
0
0.6549
0.0283
1.3408
0
1.8827
0.4878
0
0
0
8.8224
16.7198
1.3048
0.1346
0
0
0.5989
0
0
1.6618
7.991
2.5607
12.462
9.2082
0
0
0
0
0
0
13.7882
0.2849
0
0
7.9015
1.3679
0
0
0
0
0.0496
16.7192
23.9954
3.205
0
0
0
10.5686
0
18.9725
2.2309
0
6.4896
0.2559
0
0.0368
0
0.6163
0
28.9661
0
0
3.5108
1.0535
4.4763
13.4646
1.3979
2.0619
0
0
0.3253
2.4711
0.5486
0
0.509
0
0.5518
0
0
0
0
0
0
0
0
0
0.4785
4.0617
0.074
0
0.0723
0
7e-04
0
1.1785
0.279
0.1416
3e-04
0
1.4184
0
0
0
0.5175
9.6887
2.6874
25.221
11.4051
0.8173
0.4062
1.9665
0.5067
0
8.858
0
0
0.3069
1.1882
0
8.6094
13.4127
15.3708
6.4669
2.44
10.7001
0.0078
0
0
3.8175
0
0
2.5385
6.97
1.2018
0
0
0
0
0.0011
5.3666
9.3108
0.6442
0
4.3863
5.3142
18.1833
28.0237
24.0255
0
0
0.032
0
0
0
0
0
0
0
0
8.3867
18.9157
31.3457
10.7724
1.2224
6.4987
5.1572
0.0765
0
0
0
0.1749
6.1055
0
1.4011
0
0
2.645
1.1155
0.0882
14.244
58.7501
0.3492
0
0
2.8541
0
0
0.157
0.117
0
0
0
0
11.2551
0.9929
0
0
0
0
0
0
0.0036
4.0423
0
0
0
0
3.8631
0.327
0
0
0.044
0
1.3306
0
0
0.0271
0.6792
1.101
9.0374
0.1839
0.5863
0.1049
12.6515
0.7711
0
0.2276
0.0478
0
0.0993
0
0
0
0
2.885
0.1233
0.3414
4.2649
0.0086
0
0
0
0
0
1.5517
0.6063
8.1038
0.0159
0
0
0
0
0
0
0
0
0
21.3177
0.0832
0
0.1659
0
0
0
0
0
0
0.2586
0
0
0
0
4.5252
7.1825
0
0
0
0.3951
1.119
0.0462
0
0
0.2232
0
1.9865
0
0
0
0
0
0
0
0
0.1862
0.6711
0
0.5073
0.6623
7.1447
6.5496
0
0
0
0
0
0
1.662
0
0.0946
0.0663
8.4297
10.6498
0
0.0135
0.1249
1.6683
0
7.7782
0.4918
0.5271
5.4931
5.7221
0.6042
0
0
0.1285
8.072
0
0
1.4635
8.1654
3.6435
0.305
2.919
0
0
0.4119
0
2.7682
0
7.4985
1.916
0.1387
1.3439
0
0.5161
8.1824
0.2297
0
0
0.0928
7.4784
0.1522
0
0
0.7527
1.3993
0
0.0036
0.6107
0.4886
0
0
0
2.673
0
4.2776
4.9472
1.166
1.9849
14.195
0
0
15.9482
0.7303
5.0602
3.2267
0
0
0
0
0
0
0
0
0
0
0
0
0
0
0
0
0
0
0
0
0
0
5.9842
0
2.1475
4.8245
0
0.1194
0
0
34.2157
0
11.8299
2.7198
0
0
7.35
17.76
3.6095
1.9603
0.8098
0.1565
1.0485
4.5455
23.188
0.3532
0
0
0
0
0
0
0
0
0
0
0.0607
0.001
0
2.5989
0
0
0
0.5678
1.2107
0.317
0
0
0
0.9012
0.0236
0
0.1561
9.8146
3.5619
5.2874
0.913
0
0
0
0
0
12.942
7.8369
5.6376
0
0.0496
0
0
0
0
0
0
8.3722
27.0775
0.3041
12.4042
0
0
3.6526
0
0
0
0
0
0
0.093
0.3491
1.8542
8.5027
1.2083
0.0389
0
0.789
2.6527
0
0
0
11.8996
0.209
0
4.0878
7.0683
0
0
0
0
0
0
0.2239
6.9888
4.846
5.7021
2.7426
9.7227
0.7637
5.0405
0.0669
0.1182
0.1947
0.6926
0.2992
0.4145
3.8223
2.0276
0
0
2.3839
0
4.7623
1.1974
8.9729
0.0663
1.2708
0
0.0032
2.8627
6.0511
0
0
0
0
2.7863
0.0328
0.0332
0
4e-04
6.9022
13.2149
7.9421
0.3714
1.7155
0
0
0
0
0
0
0
0
0.1654
0.0052
0.0534
1.425
0
0
0
2.3062
0
0
0
0
0
0
3.4737
0.2045
0
0
4.5938
0
1.0462
2.9252
0.1366
26.7702
2.3043
0
0.069
4.3661
16.6513
0
0
0
1.8187
3.7652
0.4896
0
0
12.5065
0.0497
0
0
12.8434
0.5822
0
0
0
0
0.995
4e-04
0.069
0
0
0
0
0
0
0.202
40.9331
4.118
4e-04
0
0
0
0.4133
0
0
2.1158
0
0
0
0
0
0
0
0.4879
1.6379
0.967
0
0
0.1857
2e-04
11.7791
6e-04
0
0
0
0
6e-04
1.2198
0.2066
8.6583
1.3302
0
0
0
11.3039
0
0.3202
3.9678
19.9118
2.1555
0.5558
0
0
0
4e-04
0
0
0
0
0
0
0
1.1951
0
0.0824
0
0
0
8.7926
6.1395
0.0652
0
0
0
0
2.3843
0
0
0.7384
0
0
0
0
1.9886
0.2178
3.428
0.0927
0.7814
0.003
0
0.0468
0
0
0
0
5.7756
0
0
0
3.6005
0.8988
0
0
0
0
0
10.2691
4.8364
0
2.2772
3.3666
2e-04
0
0
6.7659
0.5706
0
0
0
0
3.7887
3.9443
0
4.4686
0
0
0.0011
0
0
0
0
0
0
0
0
0
2.4085
4.39
0
0
0.0404
4.2347
0.324
0
5.3852
9.0283
0.0038
0.5452
0
0
0.4089
0.002
12.2993
4.9448
0.725
0
0
0
1.2769
8.0945
0.9947
0.0015
0
10.8239
17.3431
0
0
1.3133
0
0
0
0
0
0.4239
0.0693
2.1543
16.4657
4.2028
0.2044
0
0
0.0147
0
0
0
0
0
16.2078
8.8314
0
8e-04
4.4909
0.6674
0.5193
0.3316
2.2441
16.2761
0
5.0369
1.0491
0
0
0.6433
0
7.0082
33.7508
0
0
0.1183
5.9743
0.2519
0
0.003
2.3651
30.5176
2.6875
3.9034
0
0
0
0
0
28.9016
2.5945
0
0
0
0
0.6596
14.7115
7.7005
12.5471
11.7168
7.228
3.7376
16.1886
0.001
0.1421
25.8378
0.0187
0
0.3092
33.8856
0
0.5761
1.2502
0.5024
0
0
0
26.9465
0.1935
0
1.709
0
0
0
6.4092
0.0049
0
0
6.7313
1.572
1.8959
5e-04
0.0436
0
0
0
0
0
0
0
0
0.0012
1.4493
22.5516
25.2333
5.6593
2.0591
8.6344
9.5883
0.0955
0
29.6884
19.6933
0
1.0371
0
0
0
0
0
0.0725
0
5.0642
1.1868
0.0019
0
0
0
3.8993
5.4023
0
0
7.9239
0
0
0
0
0
0
1.5536
3.162
0
0
0
0
0
42.2752
1.7652
7.9799
4e-04
4.7673
0.214
0
0
0
0
6.7744
9.2193
0.4373
18.1645
6.6365
0
0
0
0
0
0
0
0
0
14.5659
23.2768
4.3171
1.3133
0.636
0.2439
0
0
0
0
0
0.7213
0.1094
3.7259
0
0
0
0
0
0
7.5883
9.1042
0.1382
0.0017
0.2381
0
0
0
0
0.9434
0.0046
0
0
0
7.8509
0.5823
5.7162
7.4986
0
0
1.4477
0.1246
0.3529
0.1216
0.1212
0
0
0.1712
0.232
0
0
0
8.024
2.1336
1.5674
0
1.7498
0.5267
0.045
0
0
0
0
0.045
3.3329
1.8762
0
0.0482
11.7492
4.9846
2.1754
11.0928
0
13.046
4.0845
0
1.5049
0
0
0
0
0
0
0.0118
0.3865
0.3332
2.0736
2.1614
1.069
0
0
0.4529
0.4528
0.6758
0
0
0.0473
0
0
0
0
0
0.0114
3.2403
0
0
0
0
0.3244
0
0
0
0
0.0802
0
2.1025
0.152
0.2384
8.4686
1.6588
0
0.134
0
0.0653
0.5698
2.1618
0
0.1796
16.2156
7.9708
0.0215
0
0.0056
12.0173
2.7494
0.1547
0.012
0
0
0
0
0.598
0.0568
1.8338
4.9724
0
0
0
0
0.0484
0
0
0.15
1.1399
0
0
0.3346
0
0.9891
3.1927
7.6648
0.0255
0
10.3197
1.6234
0
0
0
0
0
0
0
0.0403
0.9253
0
0.0649
0
0
0
3.2613
0.7967
0.7967
0
0
29.8315
0.8741
0.4435
2.722
1.8182
1.2318
0.6708
0
0
7.8296
0.2052
1.3762
0
0
9.4989
4.4761
4.665
0
0.2391
0
0
0
0
0
0
0
0
0
0
0
0
0
6.9431
0
0
3.0075
5.6785
0
0
21.6533
9.4795
0
2.5721
0.0692
0
7.1812
1.6992
0.1384
3.4877
5.2883
6.0859
11.6834
0
0.8336
0
0
3.5563
7.9061
0.2139
0.1402
1.8967
11.9768
0.7014
0
0
0.001
0
0
0
0
2.9685
5.1519
0
0
0
0.0636
2.6304
1.3904
1.1124
0
0
0
0.9712
1.9306
0.2777
0.4723
1.1673
0
2.2155
1.2552
0
0
0
0
1.9056
0.0583
0.4936
0
0
0
0
0
0.5003
3.3388
0
6e-04
21.8888
1.3874
0
0
33.1415
0.0686
0
0
0.9883
6.6571
0.0531
0
1.3126
11.7391
0.012
0
0
0
0
16.2188
0.5736
0
10.8962
1.9529
0
0
1.2432
0.1019
0
7.0432
0.3658
0
16.4063
6.2943
0.0655
0.1137
0.0638
0.2923
0
0
0
0.3882
0
0
0
0
0
0
0.5586
8.0269
11.4585
22.1141
0
0
1.7796
2.8544
0
0
0.1195
1.0527
20.6633
1.1963
10.0724
0.0804
0.0778
14.3517
0.6385
2.5834
0.7073
0.221
0.1027
0
0
0
0
3.6372
30.2296
10.5727
0
0
0
0
6.0412
26.226
0.1503
16.6028
1.6573
23.7765
0.3536
0.021
0
0
11.0078
11.1996
5.2895
3.2316
15.9918
1.4061
4e-04
0.2557
0
0
0.4186
0
1.4633
0.0208
0
0
0
0
2.5836
0
0
0
0
0
0.3667
2.4821
0
0
0
2.2055
0.1053
0
0
0
0.885
3.2995
0.1201
3.3786
4.8799
11.3448
14.3277
0.0338
0
0
0.3735
1e-04
0.2148
0
0.266
1e-04
0
0
0.675
4.7901
17.8898
0.0103
3.5105
17.9949
2.5783
0.1386
0.0492
0
0
2.2884
0.1522
0
0.1569
0.2546
1.2805
0
0
0
0
0
0
0
0
3.9663
7e-04
0
0
0.0498
0.0197
1.2949
0.4147
0.0021
0.3017
0
0.0649
0
0.1556
0
0.0505
0
0.9226
5.5186
0
0
0
0
2.8755
25.9195
13.2422
22.5752
0
0
0.5886
0
0
0
0
0
7.3258
3.3084
0
0
0
0
0.1893
0.379
0
0.4555
8.3622
1.4503
0.3983
0
0
0
8.2539
0
0
0
1.7452
8.1103
0.6007
0.1301
0.2483
0
0.0526
6.3146
0
0
0.0847
0
0
0.2312
3.1769
0.0018
0
0
2.6811
0.259
0.0761
0
4.5733
6.6644
16.422
0.3142
0
9.0163
6.5267
0
0.9861
7.9592
3.9664
0
0.1615
0.668
1e-04
13.4228
11.4395
0
0
5.5599
17.2352
3.7983
0.0535
0
0
0
0.2763
7.9871
4.4817
0.6177
1e-04
0
0.8969
0
2.0081
10.368
0
0.1828
0
14.7206
0
0
0
4.582
1.8835
7.5946
2.6326
0
1.4896
25.8439
7.9945
0.7376
0.5232
3.432
7.148
1.4689
0.0031
1.18
0
0
0.0987
0.4278
10.7744
1.1943
0
0.3269
4.8939
0.7845
0.0095
0
0
14.685
15.3949
7.728
3.2842
0
0
0.0495
0
0.8311
2.0839
0.6658
3.2658
0.9919
1.2286
0.6129
0.1794
0
0
5.5948
0
0
0
0.9482
3.2479
0.0016
0
0
0
0
0
0
5.2743
0
0
0
0
5.7545
1.9781
0
0
0
0
0
0
0
0
0
0
1.9561
1.1087
16.2462
0
0
3.1885
7.0875
7.6674
19.5197
1.8743
0
0
0.0539
0
1e-04
2.8227
0
0
0
0
0
0
2.0067
0
3.2184
1.3627
0
0
0
11.6045
3e-04
0
26.4263
3.8019
13.1921
1e-04
0.0567
0
0
0
0
0
0
3.4851
0.0041
0
0
0
0
0
0
0
0
0
0
9.4374
6.0598
0
0
1.0293
4.055
14.934
5.0901
0.141
0.141
0
0
0.0016
22.5935
0.0624
0
0
0
0
0.7323
4.2959
0.117
0.0712
0
0
0
0
0.0519
0
0.4517
0
0
0.003
0
0.4937
8.2208
0
0
0
0.7441
0.301
18.0334
1.6554
0
0
0.0047
0
0
0.1087
0
0
1.162
5.985
1.3022
0.0996
0
0
17.9497
13.1518
0
0
0.2075
1.6533
1.3493
0.3359
0
3.7394
0
2.7018
16.7454
1.3413
0.0023
0.1613
2.1908
0.0019
0
0
0.8286
0
1.4304
0.1001
0
8e-04
0
0
0
0
0
0.8328
0
0.3015
3.6921
0
0
0
3.4968
20.9867
3.129
0.5546
0.002
0
0
7.0549
0
0
0.0031
0
4.3386
7.0088
2.2838
4.7247
0.1454
0.4448
1.3736
2.7347
0
0
0
0.0582
0
0
0
0
0
0
0
0
0
0.3399
0
0
0.3563
0.0729
0
1.4074
0
0.8284
2.4462
8e-04
0.4992
1.1303
8e-04
0.2565
3.9242
0.0039
0
0.0587
0
0.0747
0.8408
0
0.1475
0
0
0
0
2.9489
0.2517
0.0038
0
0
14.6524
5.2344
0.7809
6e-04
0
0
0
0.0755
1.3997
0
7e-04
4.9358
1.1935
0
0.3516
2.8574
0.1297
0
0.8075
16.3067
0
0
0
0
0
1.069
1.5491
7.6691
0.3022
0
0
0.6579
4.9365
0
0.128
12.6048
0.0013
0.4337
1.36
0
0
17.1285
21.4521
0
11.4871
0.1955
0
0
0
0
0
0
0
0
0.7151
1.2028
1.138
0.9861
2.3781
0.1011
0
0
0.071
0.29
0
0
0.0014
2.825
4.8252
15.7371
0.0314
0.0011
19.2562
1.8314
14.3128
9.4192
14.4275
19.9837
8.7546
6.0267
0.2231
0
4.3032
0.1731
0
0
0
12.7724
0.0313
0
0
0
0
0
2.0501
3.1273
0
0.1008
22.643
0
0
3.2292
0.8133
0.1984
0.0034
1.705
24.0106
3e-04
0
2.6593
39.5906
1.3092
4.0792
1.1008
0
1.1679
2e-04
0.907
0
0
0
0
0
0
6.9409
6.5549
0.0597
1.9077
1.0108
13.0111
0.0016
0
1.7904
1.0437
1.3107
15.2373
18.4791
11.6272
6.5804
3.2052
6e-04
0.0012
0
0.5837
0.3527
0
0.5691
0
0.0031
20.3087
5.072
1.9741
0
0
0
19.7693
0.8609
0
0
0
0.0032
22.9565
15.411
10.3795
2.3065
1.5358
2.4641
2.0406
0
0
0.0642
3.0473
0
0
6.1407
4.4802
2.0318
0
0.0611
0
0
5.9137
0
0
0
2.4904
5.3949
0
0.0051
0.1687
1.3981
43.2201
4.3062
0.7122
0
0
0
0
0
0
0.1806
0.0615
0
0
1.2564
5.7848
0
0
0
18.4485
0
0
13.2662
1.2272
0.0039
6.0218
0.5814
30.5236
3.5423
2.1533
0.2559
0.2886
0
2.6001
3.8585
0
0
0
0
0
2.5289
0
0
0
17.3958
7.3809
0.453
0.0455
0
0
0
0
0.0038
0
0
6.9001
13.2148
0
2.6335
1.894
0.076
0
3.7699
0.0021
0
0.0647
0
0.1407
0
0
0
0
5.5367
5.2681
0.3631
0
1.5345
2.2801
0.9395
4.7965
4.8248
0
0
0
0
5.35
0
0
18.6406
13.6439
0.4039
0.0012
0
0
0
0
10.4445
1.0282
0.0062
0.1969
1.0804
13.0063
0.2934
0.0695
0
5.4035
0
1.8485
0
0.001
0.5403
1.6222
0
0
19.4975
1.8677
1.817
0
0
0
4.9251
8.2127
0
0.0059
2.9574
0.3152
14.7047
2.2016
0
0
0
0
0
0
0.0408
0.1515
1.0786
0.7248
0
1.6785
0
0
0
0
2e-04
1.6158
0.7525
0.0093
1.2945
5.4857
0
0.0504
0.235
0
0
8e-04
5.4926
0
1.508
0.055
0.8053
6e-04
0
0
0
0
0
0
0
0
0
0
0
3.5422
1.4339
0
0.3321
0.9578
0
0
0
0
0
4.5602
0.6395
0
5.9562
10.5094
0.0041
1.0252
0.106
0.3174
9e-04
0.1647
0.0594
0
1.3122
0
1.5551
0.2804
1.5687
4.0772
5.4769
0
1.0686
0
3.6839
6.8519
7.7544
1.1064
0.1194
1.8928
13.9603
2.5108
0.1644
7.5265
0.1916
0.4587
0
0.1001
0
4.2934
0
0
0.0552
0.7672
3.6089
0
0
0
1.455
0.001
8e-04
0.0536
4.9494
0.0658
3.8005
0
4.4827
0.145
0.2946
0
0
3.8766
5.1126
16.055
0
0
0.0527
0
7.5542
0.0269
0.793
17.7684
3.0593
3.0066
3.5118
8.3397
6.3309
0
2.1808
8.2042
2.3204
0.6376
32.9135
3.4036
0.002
9.1566
0.3997
0
0.0207
1.5087
0
6.0624
17.235
0.7441
2.6001
0.3508
0
0
0
0
0
6.4556
10.6771
19.8929
2.6038
4e-04
12.5459
0
0.646
15.051
0.161
0.3487
0
0
0.3748
0
1e-04
6.9142
0
0
5.5744
0
0
0
0
0
3.2876
0.3046
0.6192
3.268
0
0
0
0
8.333
5e-04
0.0067
1.1102
0.8935
4.1399
2.5111
0
0.6954
1.6215
13.4003
2.3883
0
0.3467
3.0079
9.8079
1.8179
0
0.0761
11.2738
2e-04
0
0
14.4774
1.4456
0
1.4124
0
0
0
0
0
0
0
6.8427
0
0
4.0053
15.6277
11.2433
0
0.0021
0
0
0
3.7438
19.7409
3.2546
12.3423
0
0
0
0
0.5908
0.655
4e-04
0
5.5573
5.806
3.2163
0
0
0
0
0
0
2.1841
1.0117
0.0038
0
0
0
0
0
0
0
0
0
0
0.12
0.3673
0
1.1908
0
0
0
0
0
0
0.0883
0
0
4e-04
3.9367
0.0366
26.2532
1.626
0
7.4403
0.381
0.1244
0.1195
0
5.0814
3.8914
0
0
0
0
8.9787
2.199
0
0
14.6511
0
18.5739
0.0157
0
0
0
0
0
0.0464
0
0
0
0
3.3707
2.9304
0
12.2177
4.1636
0.048
2.7367
0
16.0216
7.621
0.2682
0.8165
2.0666
1.0363
2.3997
9.4733
0
0
0
0
1.5387
13.6121
0.051
1.2564
2.0978
1.4793
0.2505
1.7735
0.8687
0.0013
0
0.001
4e-04
0.602
0
0
3.1817
23.2852
0
0
0.0993
0.1261
0
0
0
4.1121
0
4.6783
14.5245
1.8774
14.1989
13.0082
0.0128
6.8239
0
0.0431
8.5239
27.9728
10.7433
4.1826
0
0.618
2e-04
0.0542
1.7993
0.2707
0
7.623
0.3155
0.0125
0
6e-04
0
0
0.7084
0.737
0.0446
0
0
4e-04
0
0
0
6.8331
4.9986
4.2858
0
0
0
0.5152
2.6112
0
9.6639
0.0012
0.0664
0.0244
4.9464
3.5083
0.2588
4e-04
0.0522
0.0536
0.0997
0
2.674
4.5846
1.0611
0.0896
0
0
0
0.6205
0
0.1741
0.0566
2.8454
1.5632
0
0
0
0
0
0
3.5964
1.6677
0
0
7.2967
0.0508
1.2356
0.6753
0.1956
0.0017
0
0
0
0.4453
28.7272
0.0088
0
0
0
2.3796
0
0.0027
0
0
4.1971
0
0
0
0
4.1958
0
4.195
5.4838
0.005
9.7315
21.3111
15.5786
1.9508
13.2534
1.911
1.4452
0.1477
0.847
0.1451
0.022
0
0
0
0.0042
0.0597
0
0.0535
0.0652
1.697
0
2.7816
4.2351
0
0
0
0
2.9032
0.2118
0.369
0.7919
6.635
2.0925
0
0
0.0155
3.6098
0.3352
0.6283
0.0584
0
0
0.6781
0
0
2.7219
0
5.1555
11.5845
5.3812
0
0.4003
3.8166
0.0118
0.5518
1.7693
4.1635
0
0
0
0
5.494
0
0
0.0028
0.665
0
1.9272
7.2495
9.4872
2.8995
1.7297
0.1555
0
4.1758
4e-04
0
0.6547
0.0042
0
2e-04
4.9637
15.7583
5.237
0.0613
16.0834
4.028
6.8771
4.5374
0
30.4722
0.4089
0
2.3458
3.5518
6.7542
36.8224
0
2.4833
0.1506
0
0
2.6269
2.6269
2.622
0.0056
0
0
0
2.6615
8.019
1.4298
0.3666
9.157
12.1928
0
0
0
0
2.2127
9.1449
0
0
0
0
0
0
3.0767
0
0
27.1096
9.744
0
0
0
0
0
0
0
12.2988
1.6632
7e-04
0
0
0.3585
2.3442
1e-04
14.7557
0.9864
1e-04
0
0
0
2e-04
21.4773
0.3053
3.7368
29.8217
0
0
6.9526
0
0
0
0.092
0
0
0
3.3266
3.7607
0.9825
0.3922
0.0519
1.0678
0
0.3652
0
0
1.0169
0.0081
0
0.5855
1.716
2.7446
0
19.6047
6.8295
0.0053
3e-04
0
0
0
0
4.8055
0
0
0
0
3.6276
0
1e-04
8.3192
5e-04
0
0
1.3803
0
18.1311
5.6799
0
0
0
0
0
0.0632
1.5875
1.6445
0
0.0973
3.4739
1.0342
14.3716
0.1263
0.3844
0.0517
0
18.1777
0
0
0
0.1711
5.1944
0
0.0914
1e-04
0
1.0493
8.7855
0.1834
0
0
0
0
0
0
0
0
18.1857
2.5846
0
7.4838
5.7221
0
5.1754
0.0446
12.8845
0.8851
3.5217
0.9761
0
0
0
0
0.4023
0.7349
0
5.7276
1.6968
0
0
9.3701
13.3526
0
0
3.7785
0
0
0.1466
0.5051
0
0
8e-04
8.0586
0.2439
0.0469
0
3.3964
10.7295
17.1224
2.0786
0.1113
0
0.0614
0.1787
0.0917
0.1166
0.0583
0
0
0.0076
7.4383
8.3194
0.0233
0.0248
0
0
0
0.1834
0
0
0
0.3059
0.1762
0
2.0786
0.048
0
0
0
0
0.0336
5.8228
7.5114
0
10.0832
13.0471
0.1827
1e-04
0.1332
0.3962
0
0
0
0
0
0
0
0.547
0.003
0
1.5074
0
0
0.497
8.4777
1.3214
7.4193
0
0.0497
0
12.5404
6e-04
0
0
0
2.5557
0
2.1804
0
0.0328
0.2815
0
0
0
2.662
5.8395
4.3326
2.133
1.815
0
0
0
0.3872
1e-04
0.3362
14.1536
0.621
0.3058
0
0
0
0
0
5.3609
25.5575
6.4891
13.0262
7.0891
10.9893
10.5739
5.3687
8.5244
2.4555
0.0072
0.5143
0
0
0
15.4066
17.2687
0.4466
0
0
1.8066
0.4153
0.6316
5.3776
3.6454
4.8994
3e-04
0
6.5332
0.3951
0.5805
0
0
0
0
0
0
0
0
2.5023
17.1634
1.9328
13.3557
79.8547
0.1653
0
0
3e-04
0.9146
2.9469
0.001
0
0
3.9873
0.7951
7.3201
0
0
0
0
0
4.3376
3.5259
24.0886
3.4339
18.3707
0.5026
0
0
1.352
0
0
0
1.4628
0
0
0
0.9567
3.4661
32.8488
0.0472
10.4267
2.695
6.5093
0
11.1217
0
0
0
0.2254
0
0
0
0.0452
0
0
2.7624
1e-04
0
0
0
7.5838
0
0
0
0.4595
6.6886
0.0018
0
12.8937
2.7038
38.5128
0.099
0.0785
0.9766
1.5244
0
0.0617
0
0.336
0.0491
0
0.6329
0
0
15.6737
8.5061
0.4735
0.2912
0
0
10.8717
5.9294
0.1753
0
0.021
3.6172
1.4001
0.045
0
7.6183
5.953
0.0015
6.2199
5.6351
4.223
0.7674
4.9441
0.0319
0
0
0.0752
0
0
15.357
0.6864
0
0
0
1.086
49.7645
0
4.9274
2.9264
2e-04
2.3854
0.0067
0.315
0
0.3892
15.9827
7.8014
0
0.1154
0.9905
0.4322
0
0
0
0
0
6.9287
0.0826
0
0
5.1419
0
0
0
4.5753
25.6596
1.2384
0
1.2044
0.5794
0
0
0
0
0
0
0
0
0.3547
18.0213
43.3563
0
0
0.1117
0.0102
0
1.2811
0
0
0
0.0408
4.5238
3.9375
0
0
0
0.5883
3.1366
0.0484
0.4985
2.2821
12.9469
0.6762
0.0024
6.9066
6.321
0.1042
0
0
1.8917
6.1876
9.6007
0
0
0.4317
22.8716
21.4037
1.2799
0.5498
0
0.1196
0
1.8477
17.0554
4.1792
27.2856
0
0.1257
0.1681
0.0011
3e-04
0.4057
0.3999
0.1223
0.7401
0.3883
0
0.1886
0.3341
0.8863
1.4711
0
0
0
0
0
0
0.4798
0
0
0
0
0
1.2618
4.8435
7.1514
0
0
1.4758
0.1876
3e-04
1.0298
0.0369
0.0371
0
0
3.8605
0
0.3636
0
12.7527
11.3368
0.0482
0
0
0
4.7847
0
0
0.6609
0
0
0
11.9256
14.4364
0
0.0014
0
3.407
0
1.3158
6.0384
1.454
0.8848
0
0.0076
0.4297
1.3784
0
3e-04
0.6739
8.7206
0.3376
0.0469
0.2961
0.453
0.001
0.2079
0
0
0.0408
11.7988
7.4815
0
0.5208
2.5044
0
0
0
0
0
0
0
0.0013
0
21.432
23.9986
8.8701
0
2.0202
0.1473
18.0248
4.6756
0
0
0
0
0
0
3.5916
2.1879
0
0
0
0
0.0016
13.4735
1.2013
0.1743
0
0
0
0
0
0
0.0014
10.0711
1.0253
0.0492
0
0.0749
0.0025
2.046
4.9513
6.2465
22.1654
0.005
2.159
0
9.6969
3e-04
0
0
0
0
0
0
0
0
0.0087
9.877
0
5.0856
0
0
0.5556
0
0
1.0939
9.1668
0.0043
0
0
0
0
0.0065
8.2795
0.8857
0
0
0
1.9822
0.0218
0
0.0017
0
1.8858
0.003
3.1984
0.0964
13.7295
0
0
0
0
8e-04
1.1428
0.1152
37.0844
8.8298
0.1517
0.0748
0
0
3e-04
0
0
10.7636
4.0654
20.5707
10.1243
27.1655
0.8125
0
7e-04
3e-04
1e-04
0.8028
4.5244
0
8e-04
35.9096
76.1293
1.2508
6.5637
0.6777
2.4981
13.1689
4e-04
0.1937
0
1e-04
0
0
3e-04
0
1e-04
0
1e-04
0
0.1494
6.9048
28.3059
0.105
1.2058
0
0.0244
7e-04
0
0
0
2e-04
0
0
0
0
0
2e-04
0.002
16.7498
0.5651
5e-04
2e-04
0
9.0286
5.9594
0.6675
1e-04
0
0.6662
0
2e-04
0.1615
0.0183
4.6529
0.0053
0
0.1104
0.0551
1.0055
0.7713
2.0732
0.1193
0
0.0026
0.8244
44.5462
0.0851
0
0.7038
1.1691
0.3828
0
0
0
0.2483
0
0
0
0.2484
0
0
0
0.3447
0.1077
0.0368
0
0.0043
0.004
2.312
0.2301
15.9563
0.0469
0
0.1194
3.4758
1.1313
0
0.1682
5.8336
34.0915
0.0378
0
3.5304
17.6286
0
0.0691
0.0188
0
3.9378
0.0384
0.2028
1.2782
1.2866
0.2394
0.1898
0.1089
6.8325
0
4.1228
28.9022
1.6841
0
14.0014
0.0115
3.9541
0
0
0
0
0
6.3762
0
0
1.438
0
3.5224
1.651
0
0
0.4125
0.3999
0
15.4468
23.5257
1.086
1.2963
0
0.1683
1.947
2.2362
0
0.1307
0.1055
0
0
0
1.0367
0
0.409
0
1.0655
1.0746
0.0784
0.8955
4.1861
0
7.1353
0
0
1.7497
28.4087
51.4394
0.6043
0.4277
2.1145
0.915
0
4.1579
2.955
0.3047
0
0
9.4326
1.0374
0
0.3613
0
3.9003
0.0252
0
0
14.9514
0.2805
0.5695
3.0609
0.5108
0
5.6046
13.3355
19.4532
0.3679
3.2963
12.0446
0.0421
1e-04
0
0
0
0.6534
0
0
1e-04
6.7828
22.0833
0.5588
1.5733
5.5594
0
0
0.0661
0.0406
8.5724
14.9163
0
0.2425
2.7163
6.6533
0
1e-04
16.7698
0
0
0
0
0.7131
2.8306
11.1831
5.799
3.2589
0
0.186
0
0
0
0.1196
3.2283
0
0
0
0
3.5489
1.9676
0
2.9583
1.6678
0
0
18.9181
4.3798
0
0.0093
0.0093
4.2197
0.7051
0
0.5612
13.6315
3.6403
0.024
7.3727
0.2756
2.5377
0.1386
8.1235
7e-04
0
0.072
0.9363
0
0.0014
0
2.8633
0.3813
0.0012
0
0
9.6545
0
0
19.5069
1.8448
0.0021
0
0.0838
5.2047
6.8443
20.333
0
0
16.3715
0.8421
0.0359
1.4107
0.0018
0.0019
0
0.0019
18.6742
2.4043
4.5555
0
2.9103
29.6118
1.6693
23.3103
2.2805
1.0212
0
0.388
52.0003
0
0.0066
0.0106
0
15.6176
11.1287
8e-04
1.6848
1.4546
3.0925
0.0033
0.1591
0
0.3876
0.004
2.861
2.1007
1.6758
2.1937
0.0078
0
0.0084
0.2613
0
0.0048
0.0038
0.0071
0.0068
0.1699
1.1539
0.045
0.2017
0.2019
0.0045
1.507
3.5133
0.185
3.2372
0.0301
0.0104
0
0.0058
1.2225
0.0018
0.0027
1.177
0.0863
0.0053
0.0045
0.0044
0.0044
1.2524
0.4271
0
0.0068
0.6067
0.0588
0.0345
0
0
0
0.8626
1.504
0.8665
0
3.8235
0
4.5584
0.0038
0.0038
35.9215
28.9155
9.6603
1.4568
0
0.0038
0.0038
0
0.0039
0.0039
0.004
0.0045
0
0
0.1923
0.0312
0.0411
3.5365
5.4861
0.1328
0.4849
0.6988
0.1748
0.0022
0.05
0.0039
2.4733
0.5557
0.0044
0.0075
0.0045
0.1622
0
1.619
28.602
0.0038
0.0062
0.0088
0
1.2847
0.0038
0.0063
8.2049
0.3477
0.8302
2.9348
0.9349
0.1751
0.1353
0
0.0076
0
1.0744
0.0028
0.0046
0
1.8663
0.1499
0.9694
0.7638
0
0.5084
13.7352
6.7459
30.9444
1.2952
0.0686
1.8564
0
0.2023
0.5733
0.0651
0
2.7203
1.8205
0
0
0
0
6.0386
2.3354
1.6441
0
0.2202
0.0068
0.2087
0.1349
0.2112
21.2418
8.9087
0
0.3368
1e-04
2.4403
5.2282
1.174
4.6338
0
28.8096
0
0.0012
0
0.9076
14.2078
0
3.0526
3.6008
7.544
0
0
0.6264
0
0
6e-04
0.246
0
0.782
0.4928
0.6477
2.6691
11.8304
2.1247
0
2
2.7484
0
0
0.3517
0.2993
0
0
0
0
0
0
0
0
1.8313
14.7507
0
5e-04
0
0
0
0.1779
0.7323
0
0
0
0
0
2.3096
31.9573
9.7114
0
0.6697
0.2527
0.052
0
6.9734
0.1401
0.3326
1.304
0.4395
0
0
0
1.366
7.1691
0
6e-04
0.2459
0
0
0
0
0.5804
48.1624
0.0151
11.4725
14.398
0
0
0
0
0
0
2.2106
0.3997
0
0
0
0
0
1.1619
0.0392
0.0016
0
8.348
0.5943
0.2068
0.7087
8e-04
7.9514
0
0.5818
19.3729
0.0502
0
0
1.2132
0
0
2.0214
16.7743
2.5656
0.2708
0
0
2.3409
16.0777
1.8573
0.8367
0.0016
0.125
0
0
0
9.3952
0.2463
11.5455
3.5418
0.2872
6e-04
0
0
1.7348
5.0577
2.0604
0.2052
0.0823
0.104
0
2.8975
18.9865
7e-04
2.3524
0
0
0
0
0
0
0
0
0
4.6715
29.2165
3.8215
0.1448
0
0.0017
2.71
7.5386
1.3582
0
0
0
0
1.5633
0.4003
0.5027
3.5083
1.6389
0.7949
0.0498
0
0
7.5051
1e-04
26.6823
19.8186
0
0
0
8e-04
9.9494
4.7788
0
0.003
0.6588
0.0372
0.1604
1.0408
0.0029
0
0
0
0
0
0
0
14.4349
0
0.0012
0
0
0
2.2532
0
8e-04
0
1.7279
3.5144
15.9062
1.8297
6.59
0
1.9732
0.2491
16.6143
0
0.0226
0
0.789
0
0
8e-04
0
0
10.9411
0
0.0026
13.0006
0.2061
0
0
0
0.0899
8.1608
1.2915
0
5.0688
0.2272
5.6163
0
0
0
0
3.3253
24.3767
4.8249
0
0
0
0
0
0
0
0.2796
1.4424
14.4775
3.6097
0
0
0
0
0
1.1731
0
0
0
0
1e-04
3.2783
0.4639
0.8744
0
0
0.1484
0
4.1956
1.2307
0.1564
0.0631
19.9212
0.3773
0.4002
0.1515
0.6319
1.7295
1.071
17.1461
2.6176
0
0.2967
0.0224
1.0632
6.212
0.005
7e-04
0
0
0
0
0
13.684
0.3281
0
0.1252
0.1114
4.7458
0.1139
0.0853
7.1827
0
0
0
0.417
0.2116
0
0
0
0
0.574
0.0499
0
0
0
0
0.9164
0.0325
0.1542
2.3244
0.1876
0.003
0
0.2573
0.0174
0.9515
1.2124
1.0874
0
2.0426
4.6139
0
5.9595
8.4309
0
0
0
0
0.2938
17.1396
0
0
0
6.2314
0.0982
0.1948
0
0
0.2234
2.0348
0.453
0.6483
0.9157
0
0.1368
9.2108
0.6624
1.0611
0.9588
0
0
1.359
6e-04
0
0
0.6363
0.3276
0
3.7428
0.0014
0.3883
0
1.3047
0.0404
0
0
0
0
0
0
0.0406
0
0
0.1017
0
6.2854
2.555
0.469
0
1.1341
0
0
0
0
0.0857
0.0461
0
1.0131
4.6629
0
0
7.2738
4.6762
0
9e-04
0.0012
0
0
1.0609
0.3618
0
0
0
0
9.1099
0
1.7477
1.3294
4.2154
0.7414
3e-04
0
0
0
0
0
0
0
0
0
0.6534
0.0592
4.6211
9.2721
7.7488
0.5138
0
0
0
0
0
0.0569
9.1689
0.0016
0
8.7182
0.2314
0
11.4127
5.1614
0
0
0
0
0
0
0.2544
0.0027
12.1678
18.0287
6e-04
0
0
0
3.7137
0
0
1.4038
4e-04
0
0
0
0.0058
0.0366
0.0013
5.1519
26.8589
20.1458
0
0
0
0
5.8547
4.8843
4.2923
3.1186
1.0861
1.6737
4.6644
3.0843
0
0
29.5794
0.0701
7.4701
7.4782
0.0028
0
24.1549
7.7832
0
0.1811
10.5824
1.3676
0
0
0
0
0.1279
5.4148
0.1965
0
19.7723
10.451
3.5411
1e-04
0.0087
6.9673
12.6213
0.3607
3.0699
7.8506
0
1.2811
0
9.461
3.6308
1.347
0.4835
0.3084
0
2.7996
0
0.0013
6.4253
5.6314
11.2098
1e-04
0.9375
4.597
4.2356
0
0
0
0
0.1451
0.1479
0
0
0
2.4553
9.0037
1.0598
0.0064
0.9314
1.0507
1e-04
0
3.2022
0
2.6524
2.1204
2.9386
0.0119
1.8214
19.8016
17.6219
12.9279
1e-04
0
3.5946
3.4743
0
0.0343
8.9806
0
0.6292
6.7338
1.4394
0
0
0
0
1.5454
30.7413
0.139
0
0.0107
3.3286
2.476
0
0
0
0
10.0214
0.0944
0.379
0.6456
0.2821
0
0
0
0
0
0
0
1.8347
0.5682
0.4971
0
0.1117
0
0
0
0
4.797
0
0.6022
0
0
23.6912
0
0.0017
0.1229
0.1235
0
0.3089
1.798
0
0
0
0.9315
28.3441
0.1936
0
0
6.6167
11.0602
5.0876
1.7092
0.2365
0
0
0
0
2e-04
0
0.5358
13.5628
0.0016
0
0
0.22
0
0
1.0891
0
0
1.5162
0
9.3416
0
0
0.0428
0.2263
0
0
0
1.05
1.1106
0.001
9e-04
0
0
0
1e-04
0.1134
0
0.0294
1.493
0
7.8009
17.9198
0.03
3e-04
0
0
3.7171
4.8808
1e-04
26.5586
7.1928
0
0
0
14.7424
0.1849
0
0.028
0
0.0014
0.2173
0.1472
0
0
0.3339
0
16.3784
0.3162
0
0
0
0
0
0
0
0.043
0.2757
0
0
3e-04
0.2502
0
0
0
0.5669
0.2582
1.389
0
0
0
0
2.7944
2.8359
0.3153
0.2674
0
14.2633
0
0
1.6279
0.1815
0
0
1.9153
0.858
1.9056
0.0044
1e-04
0.1392
0.6698
0
0.0625
0.9902
0.6594
0.9812
0
0
6.378
12.5088
0
0
0.0021
0.1858
1.1699
0
0
0
0
1.0392
0.2271
0
0
0
0
0
0
0.8019
6.8474
1.6907
0
1.0466
9.8956
0.0763
0
39.3773
0
0
0
2.2937
19.5098
3.671
0
0
24.5644
0.4976
6.8309
0
0
0
6.6295
0.2183
0
0
0
0.9235
3.2593
1.8248
8.2078
0
0
0.1137
0
0
0
1.7152
0.3819
0
0.6033
0.6732
22.6631
0.407
0.4809
0.0124
21.4962
0
0
1.6811
0
0
0
0.1545
8.9633
1.3965
5.3168
11.2318
15.3973
0
6.1276
21.3936
1.3514
33.281
1.9709
7.9912
3.8842
0.3443
0
3.6252
3.5478
15.1971
0
0.0585
0.8814
2.2896
0.1051
0
0.7487
0.1328
5.3191
2.7913
12.09
11.5243
12.5724
3.7303
7.1392
1.0998
0
0
0.9594
7.6373
1.9127
19.3856
37.4271
5.9397
0
21.4339
0.0319
0
0
0
0
0
0.0022
0
0.0222
0
4.1323
11.6979
0.1016
0.003
0
0
0
4.0692
0
0.007
16.0116
1.4254
0.2367
4.7755
6.2409
1.6858
0
0
0
0
0
0
0
0.1295
1.3748
0.2724
0
0.7367
0.1715
1.5718
0.0221
0
10.0132
0
1e-04
0
0
0
0
6.6204
0.1606
0
0
14.0042
37.6837
14.5938
0.0117
0.6191
0
7.5444
17.4249
0.3683
0
10.6139
0.9008
8.4621
0
0.0017
4.3576
12.1968
0.0039
14.7192
1.4292
0
0
9e-04
12.1014
0.0958
0.2347
0.912
0.4526
3.5131
0.0087
4.805
0
2e-04
16.8126
12.5715
0
0
0.0025
0
0
0.4176
2.1394
0
0.0432
13.42
0.0726
0
25.1587
24.2196
25.0292
2.7112
0.506
0.0027
2e-04
0.4231
4.0177
0
6e-04
0
11.5325
0.9943
4.8042
5e-04
24.4631
0.222
0.573
39.5321
1.5871
2.6073
10.1655
2.201
5.317
1.4842
2.5477
1e-04
0
0
0
0
0
0
1e-04
3.068
0.0135
2.3422
2.3566
3.6892
0
1.6061
34.7742
25.2766
0.001
0
0
3.261
1.0924
4.85
9.851
0.1385
1.0295
0.002
0.6014
0.1663
0
0
0
0
0
1.7376
0.1531
4.9854
0
0
0.0804
0
26.6757
3.2479
0
0
0
0.5802
0
1.1168
25.0151
19.0163
0.0196
0
0
14.2005
7.7886
44.1619
3.7618
0
0.324
0.0068
4.6316
18.706
5.8564
0
0
0.6841
0.0158
0
0
0.2185
5.5301
8.9549
0
0.4947
0.1132
1.0176
0.4105
17.1039
0
1.3032
0.0011
0
0
8.0481
0.6764
0.4524
4.9314
1.4402
0.5842
0.021
1.9881
0
0
0
0
0
0
0
2.1858
4.6062
1.4422
0.7472
0.1081
0
18.9622
0.052
2.0795
0.6642
5.341
0
11.5449
0
4e-04
6.1477
10.3905
3.5537
0.2042
0.0937
0
1.6512
0
0
0.2322
1.082
0.0942
0
0.1522
0
0.0128
8.6449
0
0
3.4081
0
1.3588
0
0.2004
0
0
2.4154
1.7015
1.9677
11.378
0
0
0
0.042
14.8026
0.42
16.57
0
0.9131
4.6203
0
0
3.5541
0.0264
0
0
4.1412
12.7412
0.1481
7.9961
38.4697
0.1642
10.1315
0.9623
0
0
0
1.5801
10.2909
0.1222
0
0
0
0
1.4101
0
0
0
6.7776
0
0
0
0
0
0
0
0
0
0
6.8459
0.0361
0
0
0
0
0.411
4.8605
0
0
0
0.6476
3.3618
0
4.455
0
4.12
7.2754
0.9436
0
18.7056
0
0
24.4628
11.6385
4.7525
1.2589
0
0
0
0
0
0.4763
0
0
0
0
6.015
8.6778
0
0
0
0.2923
0.007
0
16.631
9e-04
0
9.9463
0
0
0
2.0338
3.6385
0
0
0
0
3.3617
0
0
0
0
0
16.8578
26.9062
0
0
0
4.632
0
0
0
0
0
0
0.5128
1.0941
6.6248
0.9552
1.1182
0.5304
0.9028
0.7942
0.0639
0.0539
0.0453
2.1244
0
0
0
0
0.8063
0.0015
0
0.1333
1.5699
13.7002
0
0
0.0815
0.1825
0
6.0616
6.6937
9.1704
0.0012
0
0.1326
0
0
0
0.3133
23.6836
0
0
0
2.6892
35.1864
4.5573
0.0214
0.4321
14.7831
1.1228
3e-04
0.1294
0
0
0.1162
1.0944
0
0
0
0
0
35.9288
0.5828
0
0
0
0.0208
3.7194
0.303
10.0684
0.7786
0
1.258
16.1071
0.0012
0
0
0
0
4.4054
0.2542
0
0
21.9549
0
0.0063
0.1554
20.1235
0.0954
3e-04
0.6403
3.3957
0.001
0.1461
0
0
0
7.8341
5.0823
0
4.5849
11.6946
0.0055
0
0
0.4092
0
0
1.6826
1.1779
0.6075
0
2.2254
3.4252
2.8385
2.309
0.1848
0
3.2435
0.3652
0
5.7966
6.6777
2.3091
11.8313
22.1688
13.0699
0
0
0
0
0
0
0
0
0
3.3179
2.1077
11.3492
0
0
0
0
0
0
0.0934
0.1869
0
0
2.4185
0.002
0
0
0
0
0
0
0
6.2356
0
4.258
0
0
0.292
4.7513
8.6813
4.8596
0
0.6468
0.7644
0
1.2057
0.0831
0
3.3704
1.4472
13.8633
2.7065
0
0.4182
1.2649
0
7.1324
91.0475
0
11.3735
0.1489
0.1067
1.3842
0
0
0
0
0
0
0
0
0
10.9448
0
30.7196
5.2512
0
0
0
0
0
0
4e-04
0.5764
0
6.7562
0.8505
0.69
0.3647
4.8926
0.9885
9.6315
1.278
0
2.4879
0.019
6.2451
0
0.8614
0
4.418
0
0
0.1996
0
0
0
0
2e-04
0
0
3.8532
0.0047
0
5.1798
0
0
0
24.1901
21.0288
2.5811
0
0.6573
0.0053
0
0
0
0
0
0
0
12.4229
0.1138
0.0954
0
0
5.6456
0
5.0255
0
0
0
0
0
0.0013
9.0092
0.0086
0
0
0
0
0
0.0917
0
0
0
0
0
0
0.1475
0
17.5134
28.9033
20.2401
0.5174
0
0
4.3452
0.8969
1.7455
3.2448
0.0094
0
0
0.262
22.3935
1.1373
0
0
14.4444
2.5248
0.0938
0
0
0
0
0
0
0
0
0
4.4257
0.1021
0.0307
0
0
0
0
0
1e-04
0
0
0
0.4896
6.5226
2.3399
0
0
6.4676
12.7128
0
0.0111
3.8611
14.4718
1.4843
0
0
0.002
0.0105
0
0
0
14.8244
0.7441
0.6184
23.5549
0
1.1818
11.078
0
0
0
0
0
0.2658
0.2223
3.6231
0.2467
6.6945
14.1869
7.6604
1.4998
0.2487
38.9542
0.2813
2.0166
19.2727
18.5857
27.353
2.4943
11.5
18.7768
25.0127
0
0
0
0
0
2.8676
3.5676
0.0925
0.0434
58.6184
0.2601
3.0936
0.3051
0
0
0
11.2715
0
1.3608
0
0
9.4006
5e-04
7.7827
0.0045
0.0012
0
23.9423
0
0.3146
0
0
0.0951
4.7336
0
0
0
0
0
0
0
0
1.6531
6.3561
0
0
0
15.9839
11.4337
0
0
46.4536
0.0632
0.1115
0
0
0
0
2.1876
0.0015
2.2194
0.0594
0.1669
4.0651
5.5691
0
0.0871
1.9186
0
0
0
9.0333
23.9526
0
0
0
0
0
0
0
3.1838
0.024
0
0
1.1429
1.1559
32.4225
19.5225
6.0411
0
0
0
0
0
0
0
0.0214
5.3899
2.8062
0
6.0488
0
0.1516
0.0576
2e-04
0.1864
0
0
0.2192
0
0
0
8.1061
12.5778
1.928
2.1504
0.2864
0
1.1783
0.5206
0.3196
0
0
4.7586
3.2561
0
0
0
0
3.9443
8.5565
0
0
4.4063
2.6207
0
0.0135
0
0
0
0.0106
0
0
0
0
0
1.3271
0.07
1.083
0.0022
0
0.001
0.0033
0.7144
0
0
2.5332
0.1744
0
1.8078
0
1e-04
3.6807
27.2282
49.9148
0
0
0.0584
0.0565
0
0
0
0
0.1852
2.9824
9.0408
0
0
6.2796
3.2315
0
0
0.7206
11.4311
12.3675
0
0
0
0
1.9747
0.2445
0
1.1978
0
2.0064
0.631
0.4176
0
1.5914
0.9096
1.2396
0
0
0
0.2215
11.0798
14.117
0
0.4275
14.2835
0
0
0
7.0372
0
0
0
0
0
0
0.2696
0.589
7.7884
0
24.6509
2.7221
0
0.0676
0
0.9081
0.6102
3.0615
0
0
4.2474
0
0
0
0
0
1.4686
0
0.1554
2e-04
14.8804
0
0
0
0
0
0
6.849
0
0.1333
0.1795
0
0
1.0138
0
2.2204
2.5426
0.1646
0
0
0.0015
0
28.2238
3.2228
0.1987
0
13.7602
8.2163
0.0208
0
3.3058
0.0365
0
7.5865
15.2542
0
0
0
0
0
0
0.1951
0
0
7.123
0
0
5.7462
7.4089
14.0952
0.017
0
1.0751
0.0639
0
0
8.1073
0
0.852
9.5213
0
13.8966
7.9276
4.3663
18.8369
0.0162
0.8779
0.0591
0
0.2814
1.7148
2.1747
0
0
0
0
5.1439
5.3451
0
0
0
0
1.3384
0.5711
15.1701
0.2737
0
0
9.4638
0
0.2541
4.0589
0.1086
0.1392
0
0
8e-04
0.0107
6.3288
13.0614
14.2817
0.2083
0
14.1953
14.2791
5.5876
0.0049
0
0
11.7153
0
0.4897
0
0
0
0
0
0
18.9411
1.4917
0.006
0
0
0.1542
0
0
0
0.003
0
0.0315
0
0
0
14.2661
0
0
0.3758
3.1226
1.7566
0
3.0093
1.2579
0.002
7.5032
0
0
0.0086
2.1785
0
0
0
2.2494
35.0693
1.3468
0.356
0
0
0
0.4989
3e-04
2.0665
0.6723
0
1e-04
0.0016
0
0
0
0
0
0
0
0
1.4323
12.0827
0.6929
0
0.105
47.1715
0.0016
0
0
52.6503
12.6227
0
1.0433
0.0015
1.2268
6.7381
0
0
0
0
8.1425
1.1213
0
0
0
0
0
0
0
4.3614
0
0.001
13.3369
1.687
0
2.074
9.2044
0
0.0024
0
0
0
1.4756
5.1411
6.0516
4.9037
0.3912
0.0495
0
1.4668
0.5075
1.1694
0
0
0
0
0.0034
1.6675
0
0
9.7365
3.3938
0
0
1.7853
0.6637
4.6642
2.318
0
0
0
0.655
0
0
0
0
0.7982
7.767
0
0
0
0
1.5095
2.2605
17.5268
0
0
0.0188
0.237
0
0
1.2516
0
0
0
1e-04
6.3919
0
0
1.381
0.1799
0
0
0
0
0
6.9692
1e-04
0
0
0
0
0
1.1827
7.7225
0.9148
0
0.0734
2.1995
0
0
0
0
0
17.1244
7.2478
0
2.1983
0.2081
0
1.1804
0
1e-04
10.558
1.0922
0
0
0
0
0.2161
0.0076
1.8816
20.3865
0
0
0
3.7838
2.213
0
0
0.7104
3.9341
0
14.2857
5.2304
0
7.816
0.2468
0
0
0
0.291
0
0.8306
0.3186
0
1.023
0
0
0
0.6778
0
0
7.8303
0
0
0
0
0.8634
0
0
5.4317
0
6.308
0
0
0
0
0
0
1.0189
0.1309
0
0.2111
9.4489
0
0
0
0
0
0
0
0
0.0526
4e-04
1.4888
14.9656
0.1981
0.0052
0
0
1.1819
0
11.2215
3.2301
0.5977
0
0.2668
6.8424
2.4632
27.2451
6.6912
1.0393
0
7.0586
0
0
0.2936
0
0
1.2856
8.7073
0.1573
2e-04
0
0
1.7564
0
0
0
0
11.8379
0
0
0
6.2434
1.6973
0.9207
0
0
3.4536
1.3441
2.8696
0.5625
0
0
6.1435
2.162
0.1727
0.0155
0
0
0
0
0
0
0
9.4277
22.0712
0.3989
0.598
13.7523
57.1209
0
0
0
0
0.8182
0
0.6358
8.0015
12.0139
3.5913
11.4677
4.3232
1.9169
6.8087
16.4581
10.7544
3.1969
7.9287
9.1319
0.4021
0.017
1.775
0.7972
0
4.6853
0
49.4333
72.5431
9.7856
0.0386
6.1633
0
0
0
0
0
13.0979
0.5334
49.9667
0
0.002
8.0512
0.1718
11.2923
1.2355
1e-04
7.6519
1.21
3.066
0
0
0
0
0
0
0.4027
0
0
3.6052
0.2531
0
0
0
11.9135
10.6716
0
0
0
0
0.6686
5.2219
4e-04
0.0042
0
0
1.1084
1.6255
4.8494
11.2125
11.9472
5.2478
0
0
1.4681
4.2044
0
0
0
0
0.1285
6.1502
0.0013
0
1.4609
0.0436
30.3582
64.0771
0.0146
0
0.1299
1.0712
1.0793
7.9625
5.1769
0
0
0
0
0
0
22.8443
0.0021
0
0
0
0
0
0
0
0
3.309
0.2512
0
0
5.8331
2.47
0
0
0
0
1.2043
0
0
0
0
0
0.2184
2.8956
0
0
0
0
0
0
0
1.7802
3.9253
0
0
41.6365
0.7139
0
0.1816
2.8605
0
0
0
0
4.9671
0
0
0
14.5634
0
0.4164
0
0
0
0
0
8.6181
2.3731
0
1.1079
0.162
0
0
0
0
14.4751
1.8605
0
0
1.1369
0.4724
0.4189
0
0
0
0
0
0
0
0
0
2.9712
3.5403
0.3339
0
0.2054
0
0
0
6.9862
0.4033
3.9996
7.3596
0
2.4771
19.0843
25.0089
7.0796
0
0
0
0
0
0
0
0
0
7.7283
0.2174
13.3007
0
4.9651
4.285
4.2911
4.5047
1.128
2e-04
0
0
0.492
0
0
0
0
0
0
0
0
0.2735
0
0
0.703
2.4073
9.1175
0
0
0
0
0.269
0.7567
0.9299
0.1122
0.0083
0.0055
3e-04
0
1.5094
0.0025
0
0
0
0
0
0
22.8587
2.98
0
0
0
0.8363
8.0819
1.2407
1.9782
2.1951
0.5334
0
0
0
0.0421
19.2889
1.5454
0
8.9372
7.0006
3.1102
0.0836
0
0
0
0
0
0
0
24.6058
0.9118
0
0
19.036
0
0
31.2118
4.37
1.951
1.171
0
0
6.9853
18.151
0.6434
13.9061
0.7921
6.2016
0
0
0
0
0
0
0
0
0
4.454
1.8458
0
0
0
13.6307
0
6.3311
0.059
6.4104
11.2538
24.2702
0
0.8779
1.6523
0
8e-04
0
0.1937
4.9724
0.0322
10.2306
9.7816
1.1799
9e-04
0
2.0107
0
0
0.004
2.6328
7e-04
0
0
0
0.0127
0
0.0318
0.013
0
0
0
0.1178
0
3.654
17.2121
0
0.5542
0
0
0
0
0
0
0.0683
1.0959
4.6762
0.3542
0
0.036
0
0.4867
0
9.7569
5.551
0
0.0696
10.2626
0
0
0
2.0979
0
0
0
0
0.0251
0
1.2302
1.1563
0
0
0
0
5.9553
0.2968
0.0017
0
5.319
7.7965
0
8e-04
0.0312
0
12.5078
0.0103
0
0
6.4281
1.608
1.3443
18.1747
0
0
0
0
1.9763
0
0
0
0
14.1984
9.0007
0.1735
59.5253
19.0663
0.5195
8.2192
0
0.8786
0.0016
11.243
0.5861
1e-04
0
0.0189
5.6957
0.3728
22.7789
1.8282
0
0
1.5737
0
0
0
0
0
0
0.0366
1.741
0.0057
21.3802
0.4499
0
0
3.5783
0
0
34.5475
0.0489
0
0
0
0
0
0
0
8.8534
0
5.1344
5.9497
4.0106
6.343
5.644
1.1402
0
0
0.1215
0
0
0
0
0
0
3.0551
1.9515
0
0.0091
0
0.3937
0.053
12.8594
14.6687
0
0
0
0
1.5322
6.2737
0
0
5.8122
0
0
0
2.6684
2.8191
0
0
0
2.3729
0
0
0
0
0
0
0
0
0
0
0.198
0.0186
0
0
2.5653
2.831
0
0
0
3.0331
6.7995
0.5107
0.3629
0.3284
0
0.3724
2.629
9.2093
0
0
0
0
2.9761
4.8538
0
0
0
45.786
0.3514
0.4036
0
0
0
0
1e-04
6.7276
0
1.753
3.8872
0
5.7919
5.3648
0
0
0
7.9066
17.868
0.298
0
0
0
0
6.6343
2.0084
25.0429
0.0067
0.0072
0
0
8.692
0
0
16.1596
0
0.6098
9.1238
1.4321
0.845
0.4475
0.0711
0
0.001
0.0015
1.6246
0
5e-04
0
0
0
0
13.1281
1.3751
0.8144
0.2013
0.0687
9.6506
0
0
0
0
0
0
0
0
0
0
0
4.0888
5.3079
0
0
0.7258
15.3628
2.5414
0
0
0
0
6.6926
0
0.0162
0.1928
0
0
2.4284
0.5854
0
0
2.7912
0.0166
1e-04
1.7087
0
0
0.2031
2.3657
0
29.1606
8.1137
0.1381
0
18.1147
4.3873
0
0
1.438
4.7321
0.8055
13.9492
11.4732
0
0
0
3.6011
0
0
0
0.2229
0
0
0
10.0077
9.3419
5.0299
0
0
0
0
0
0.2338
0.7245
3.2869
13.5325
15.0093
2.1444
0.3649
26.8881
38.5355
2.0427
0.2341
0
0
1e-04
5.3915
0
0
1e-04
0
0
0
0.1132
9.9275
0.9134
4.6223
0.0062
0
0.4496
3.7421
0.0024
0.9834
6.0984
0.4482
0.1018
0.6207
0
0
0
0.4065
1e-04
1.0828
0.0556
0.8648
0.1287
0.3291
0
0
0.2972
3.2078
5e-04
1.5607
1.8909
1.6679
1.3301
0
0.423
10.1719
8.205
0
0
0.0328
0.8579
0
0.631
53.5182
10.9492
0.0033
1.2924
0
0
0
1.0907
0
0
45.8598
3.5821
19.8511
22.7768
0.2143
0.0016
1.4513
0.1355
0
0.0016
0.0048
0
5.686
5.3309
0.189
0
0
0.0018
3.0534
0.1637
0
0
0
13.6085
1.3567
3.1157
1.5419
1.8202
0.0022
0.2765
0.0032
0
6.1094
3.4705
0
0
0
0
3.4101
0
5.7203
0
2.0052
1.9995
0
3e-04
0
0
0
0.2655
8.997
0.5717
0
0
0.0385
0.2346
0.0285
2.2758
0.5425
3.3728
0.1445
0
0
0
0
0.5188
2.0687
0.3781
0
0
2.2132
10.2185
0.0767
0
0
0
0
0
0
0
0
0.0046
0
0
0
0
0.1298
0.2146
2.7969
0.6421
44.4918
1.6836
0.0036
16.8784
1.2023
0
0
0.2212
0.0942
0
0
0
0
0
0
5.0001
5.4464
0.6107
1e-04
0.0391
14.2804
0
1.264
0
0
13.1639
9.6414
0
56.4829
0.2764
0
0
0
0
0
1.9693
2.4568
0
4.5254
0
0
43.4439
4.0291
0
0
0.7283
0.1436
0
0
0
0
0
0
1.9282
0
0
0
0
0.392
0
0
0
0
0
0
1.1735
2.7214
8.1785
0
0
0
0
0
0
0
0.1948
1.3189
3.8166
1.0177
0
0
0
0.2528
0.1941
0
0
0
0.5467
9e-04
0
0
0
3.0771
0
0.1242
2.6733
17.436
0.0911
1e-04
0.4346
0
0
0
0
0
0
7.5338
8.9917
0
0
0
0.2266
0
0.7253
0
1.0908
0
0
0.0151
2.1807
1.5639
2.1744
1.4462
0
2.3877
0.0471
0.4864
0
0
0.026
1.8487
9.0928
0
0.278
14.2204
9.4446
10.4565
3.5558
5.1395
0.9747
7.6154
0.029
0
6e-04
42.7294
3.0949
0
2.9576
0
0.15
2.6982
0.4892
0
0
0
0
1.7034
0.1555
0
0
0
0
0
0.1899
0.0374
0
0
0
0
0
11.8442
0.6944
17.5737
5.6209
0.5772
0.1538
0.1037
10.1862
4.3358
0
0.4801
10.6936
0
0
0.0949
8e-04
1.0095
0.3756
14.7891
31.2304
1.4433
0.2225
0.0341
1.9402
0
0
0
0
3.1525
2.5012
0
0.0516
10.4721
0
0
0
0.187
27.0332
1.3305
0
3.3287
0
0.2172
0.5832
2.3069
1.1262
0.6619
14.8886
12.6293
3.4419
0
0
0.0927
1.0662
0.0753
4.7109
3.659
0
0
0
9.7382
0
0
0
0.8391
1.2477
18.6346
3.214
0.0044
0
0.0562
0
0
0.0061
1.5476
28.6488
8.1483
0.2965
45.0498
4.5228
0
0.0061
0
0.9608
5.5638
5.0853
0
2.5527
17.9973
0.1859
0
0
32.1941
0.5627
0.5486
0
0
0.4793
9.5312
2.7765
0.5359
2e-04
0
0
0
2.7197
0
0
0
0
0
0.0238
0.0772
0
0
1.0478
8.1971
2.2912
0.0047
0.1172
0
3.1928
0.0117
0
0
0
0.7208
2.39
0
0
0
0
0.9151
27.8637
2.0792
0
0.1995
0
0.5171
0
0
0
8.1235
15.9847
6.3379
0.0232
0
33.9975
0.001
0.1912
0.2091
10.5437
17.0781
0
0
0.7893
0
0
0.016
0
1.4501
1.2846
3e-04
2.5759
0.0018
4.5999
16.3589
5.3256
0
0
0
0
0
0
0
0.705
1.093
0
0.504
0
0
5.7839
21.9043
5.4302
0
0
0
0
0
0
0
1.1045
1.3254
2.9438
0.7619
0.006
3e-04
0.2961
13.2986
0.1651
1.0682
0
0
0
0
0
0
1.5274
4.0128
0
0
0
0
0.0904
9.1171
20.0612
0.0109
0
2.5598
27.4621
16.3923
14.2328
0
6.3755
3.6838
0
0
4.7015
0.916
0.0145
1e-04
0.6675
0
7.5714
0.0997
0.5823
10.6734
2e-04
0.3203
0
0
0
11.4825
0
18.0011
0.5946
0
0.0639
2.7261
7.7216
5.8008
2.2077
1e-04
0
1e-04
0
0
0
0
0
0
0.0043
0.6158
0.1572
5.4909
0
0
0
1.2545
14.1268
13.4008
0
0
0
0
2.1773
2.5144
0
0
14.8721
3.4451
0.2011
0
0
0
0
0.3049
4.958
0.1549
0
0
0.7234
0.457
0
0.4143
0
0.7847
0.6554
3.2226
1.8632
0
0
21.0644
2.7505
0.8093
2e-04
25.8324
0.5183
0.2215
0.076
0.0958
0.6098
0
0
5.9394
2.3774
9.8423
3.8161
0
0
2.6014
0.093
25.4184
0.1143
0
0
0
0.0108
0.1041
0
7.4537
0
0
0
7.6422
0
0
0
0
0
0
0.3367
0
0
0
0
0
3.5618
15.522
0
0
0
6.9179
0.6855
7.4044
0
0.0648
0
0.0668
27.5196
0
0
0
0
0
0
2.3332
8.5243
18.5254
13.8978
0.4824
0
0
3e-04
0.4354
0
1.003
1.8295
0
0
0.5928
1.9314
0
9.1642
0.028
0.1011
8e-04
3.3378
12.4305
29.3335
0
0
0
0
0.5042
62.3175
0.7347
15.4488
11.0478
1.641
8.7457
8.7718
6.781
0.0385
0
0
0
0
6.5048
6.9751
0.1771
5.8635
4.1142
0
0
0
0.2847
0.8688
9.6507
0.0657
0.0962
1.2363
7.1632
0.2223
7.393
2.327
0.2941
12.3395
3.7517
7.6783
0.568
10.565
21.1423
3.0117
0
25.5765
0
0.058
0
0.0143
4.4674
0
0
9.6068
5.8207
10.2319
4.0417
0
0.095
0.0034
14.3119
0.1562
0
0
0.0179
0.0324
0
0.0325
1e-04
2e-04
0
0
3.8188
0.4294
11.7437
0.8118
6.637
0.3975
0
0
0
0.8383
0
0
0.0036
0.1722
2.7324
4.2788
1.9244
0
0.0263
0
22.3796
0
0.7852
0
0
0
0
0.0369
1.8442
0.0599
0
0
0
0.3611
5e-04
27.4218
3.5647
0.0052
0
0
0
0.1905
6.4955
0.0064
4.2203
0.0122
10.1001
9.0083
17.6618
11.6705
2.3678
23.302
0
0
0
6.0874
48.3753
0
0
2.5764
0.6811
1.4923
0
1.0798
0
0
0
0
0
0
0
1.1223
13.5967
7.205
1.3371
0
0.5297
0
0
0
0
0.2541
0
7.0522
0
2e-04
2.1658
1.8636
4.2885
1.7751
22.701
0.2251
3.8852
0.2396
0
0
0.5482
1.0091
0
0
0
2.1028
0.6706
0
2.1854
0
5.4185
1.1297
0
0.2119
0
1.3306
1.5027
0
0
0
16.1381
7.7313
0.2199
0
24.2978
19.5346
0.0016
0.6843
0
0.4382
0.2076
0
0.0306
0
0
0.0107
20.1238
3.389
0
3.5709
0
0
0.1923
2e-04
0
0.1748
0.4242
0.936
0.4685
0.7133
1.1718
0.1675
9.0096
0
0
0
6.2035
1.9294
0.1699
2e-04
0
0
4.2485
0
5.9549
0
3.9309
0
0
2.4436
1e-04
0.1127
0.0816
0.0101
0.0909
0
0
0
0
4.2104
1.8104
0
0
0.0028
4.4886
5.3337
0.078
12.1927
0
0.0176
31.9296
7e-04
0
0
4.1848
0
3.6188
12.8301
5.6148
6.805
0
4.2567
0.0042
0
35.6467
0.0016
1e-04
6.7312
0
0
10.1524
16.0407
0.0175
0.1035
1.3598
0.0082
0
0
0.2522
0.8325
0
1.3612
1.4977
14.1172
1.1395
0.2068
1.0155
4.9929
0.0249
0
6.0091
0
0
0
0
7.2898
0
0
0
0
0
0.1929
4.9107
9.3792
1.9811
0
0
0
9.7991
0.3634
0.1159
0
0.7962
0
0
0
3.957
0.2143
0
2.0344
0
2e-04
0.0438
0.2356
12.0357
9.1655
7.9155
0
2e-04
3.2021
0
6.3454
0.8226
1.8703
30.7942
23.6043
3.4266
0.1351
0.1848
2e-04
0
0
0
0.0746
2.0656
15.7879
2.7856
0.1118
0
0.2205
3.0364
0
0.8771
0.1041
3.9934
0
0
0
0.9701
1.0002
0.2085
0.4178
0
4.659
0
0.2611
0.6887
0.5457
1.5216
1.0543
0
0
0.0064
0.0215
0
0.0491
0
5.1224
1.0853
0
0
16.8694
4.1225
0
0.4167
9.5175
14.2135
0.0084
1.9235
1.6382
0
0
0.0522
2.815
0.0092
1.3052
9.9695
0
0
0
0.0151
0.1135
5e-04
1.2193
0
0
0
0.0079
9.7718
0.125
0
11.6118
0
0
0
0
0
0.0022
0.1066
0.0033
1.8047
13.3283
0
0
0.0232
1.326
44.2005
0
0
0
0
0
0.8336
0
0
0.0024
2.638
19.413
14.2865
3.0911
1.8831
2.3701
0
0
0.3208
0
0
12.4206
1.7434
0
2.2319
0.0875
0
0
0
8.3247
0.0098
0
0.3671
0
17.2283
6.0745
1e-04
0.2711
0.0713
0
0
0
0
0
0
0
0
0
0.8584
3.2401
1e-04
0
0
0
0
0.0984
0.1265
0
0
0.2124
0
23.2748
10.745
0.0195
0
0
10.3143
0
0
0
0.0123
24.6084
5.9969
0
0
0.0982
0
3.1484
0
0
0
0
0
0
0
0
0
0
0
0
0
0
4.4048
0.5779
1.2402
0.0058
0.1662
0
3.5803
0.7755
0.0315
0.0014
0
0
0
1e-04
0
2.9473
0.0034
2.473
0
0
0.0047
14.3939
9.1177
11.6896
24.8451
8.2241
0.2407
0
1.0055
2.7519
2.564
6.1854
0.2148
0
0.589
0
0.2166
0
0
0
0
0
0
0
4.6989
0
0.213
0
10.4713
0
0.2141
0
0
0
0
21.6153
0.2143
1.1357
4.2601
6.8957
0
0.2199
0
7.602
10.3536
0.3648
0.1203
0
0
0
0.4385
0
0
0.0968
0.1144
6.8688
0.0993
0
0
0.5847
2.314
0.6839
0.514
0.4104
0.9292
1.1259
0.8948
0.9468
0.2162
0
0
0.9166
0
9.087
2.4888
