1980 1 1
0.0186
0.1774
0.8561
0.8623
0.729
0.2652
0.5701
0
0
0
14.7497
0.1054
0
1.3963
0.008
0.0521
0.0279
0
0
0
0
0
1.4905
1.0251
1.578
0
0
0
0
0.0623
0.1201
0
0
0
0
0
0.0616
0.0239
0
0.3874
0.1425
0.0753
0.1281
0.2766
0
6.0754
2.4706
0
0
0.024
0.0397
0.98
12.3111
0.0644
0.0108
1.7436
1.3038
0.0515
1.2417
0.2412
0
0.0565
0.0282
0.0428
5.3214
0.0569
3.9451
16.1806
0.0831
0.01
0.0189
0
1.642
0.8277
0
0.5665
14.2835
0.7632
0
1.5955
34.629
0.0605
0
11.1314
0.4061
0
0.4519
4.5458
8.3969
2.6863
9.7448
0.4209
1.6489
1.8283
8.4042
1e-04
0
0.6057
8.9791
4.8273
1.4794
0.5628
6.1987
0.5799
22.0425
1.1061
0.645
0
0
0
0
0.393
0
0
2e-04
0.4478
0.5314
4.5274
8.7952
0.283
0
0
0
0
0
0
0
0
0.3039
0.1043
1.4785
3.8216
9.2866
6.3326
1.2132
0
0.8281
24.0551
11.991
1.9831
0.2535
0
0.4031
1.0952
6.9446
0.6727
0
0
0
4.031
7.3814
7.7377
13.8783
10.2958
2.161
0.1474
0.3329
7.1552
8.9024
2.4246
0.0723
0.0945
0
0
0
14.4995
9.1619
4.5506
0
0.3464
7.7168
1.3257
0
0
0.2307
6.5732
0
0
0.0066
0.1425
0.6904
0.2225
0.1416
0
4.8763
11.361
10.5452
0.5236
0.0977
7.0081
5.8344
1.082
3.2031
6.6431
1.3817
0.001
0.5873
0.5535
0.1594
0.0036
0.5592
0.6027
5.6166
24.8238
2.8762
0
0
0.4464
3.7351
8.4572
2.2994
0.3885
1.5907
0.4321
8.9283
3.8299
0.2772
3.6572
0.6178
0.6863
1.9973
1.2707
8.8977
13.1708
3.7778
1.0673
9.3476
1.8222
3.0832
10.7004
2.2712
2.3515
25.974
9.5039
3.4962
0
0
0
0
0
0.2816
2.1992
7.9146
12.1606
7.175
2.5794
0.081
9.539
0.5105
0
0.0266
0.1846
2.4828
0.4614
0
0.9957
1.1637
0.5843
0.0681
0.3003
11.8612
0.118
0
0.4159
1.0114
3.0501
4.8611
0
1.8186
0.9189
0.0011
0
0
0
0.1778
6.9314
0.9985
0.1478
0.2407
0.2296
2e-04
0
0
0.399
0.052
0.0903
0.1137
0.1074
0.4444
1.0787
2.2099
3.3112
0.352
0.4211
0
0
0
2.5642
5.8671
0.3982
0.3369
8.2931
0
0
0
0
0
0.4005
0.0772
0
0
0
0.9494
0
0
0
0
0.8753
4.3269
0.1471
0
3.8401
0.649
0
0
0
0
0.4336
2.5258
0.1027
0
8.7584
1.3696
1.504
0.5181
0.045
5.2789
0.1638
0
0.0131
1.6446
8.9724
8.2479
4.7298
0.1706
0.2873
0.5629
0
0.3994
0.3907
0.1803
0
0.3377
0.1241
0
0
0
0
5.6508
0
0
1.049
0.0393
8.6911
0.4355
5.9932
1.3682
1.3806
1.0391
0.1972
1.3239
4.5209
2.9673
0
0
0.0378
0
0
4e-04
0
0.0189
0.357
5e-04
0.1107
0
0
0
0
0
0.379
0
0.356
0.3778
0
0.0373
0
0
9.9964
1.2743
0.0322
0.1322
0.1118
1.192
1e-04
0.0142
0.0097
13.0526
11.0464
0.0046
0
0
0
3.505
0.2821
0.0305
9.1774
3.7972
0.0032
1.9019
5.8065
0.2976
0
0
0.0081
0.9615
0.0034
0.3256
0
0.7804
0.7835
2e-04
3e-04
0
0
0
0
0
0
0
0
1.9357
8e-04
0.2102
0.9759
0.9254
0
0
0
0
1.9762
4.0748
4.1923
0.0451
0.3272
5.2757
0
0
0
3.7253
5.0856
0.8104
1e-04
0
0.1865
6.1041
2.5918
4.4033
12.7351
5.9774
20.3271
0.3927
0.345
7.6703
3.5438
0.3162
0.9608
1.5948
1.1387
5.6909
0.6288
0.0111
0.7485
0.4793
18.9496
10.9053
0.1328
0.11
0
0
0.296
2.6451
7.4861
0
0
1.9568
19.4271
10.0942
1.8397
0
14.4238
7.5106
0.1709
0
0
0
0
0
3e-04
0
0.136
0.146
5.0013
12.1853
5.7462
0.2328
5.193
0.0179
0
0.0262
4.2209
7.8443
3.3718
3.3741
0
14.685
38.1772
10.4951
0
10.7987
33.4567
6.2894
0.3316
1.822
0.1417
0
0
1.9425
20.7518
24.0978
0.807
3.6844
26.9305
0
0
0
0.2456
0.1684
0.8396
2.0436
0.6288
0.0895
0.1024
0
0
0
1.1121
4.4612
0
0.0948
0.7843
0.088
0
0
0
0
7.2695
18.4166
2.2056
0.1482
0
0
0
15.5393
2.8805
10.3148
0.1565
0
0
0
0.7816
7.5741
1.531
0.4056
0.6841
2.2094
1.1843
0.2395
1.9373
9.4724
0.5499
0.0214
0.2872
1.4254
0
0
0
0
0
0
0
0
0
0
0.0097
1.0173
14.3708
22.8068
40.8343
20.651
11.8154
28.081
19.5017
9.8977
1.0398
0.087
0.2083
3.9323
0
0
0
0
0
11.2434
9.1109
7.5231
26.9833
9.7702
1.8218
0
0.9128
2.4136
0
0
0.489
2.2435
5.4653
0
2.6091
8.756
2.1267
0.0485
0
0
0.4565
14.5816
0.0063
0
0
0
0
0
0
0
0
5e-04
0.6987
15.46
1.3268
2e-04
6.7635
3.9465
4.7648
0.2199
0.1578
10.572
25.3124
1.8195
0
0
0
0
0.0641
0
0
3.5999
1.1343
0.327
0
0
0
0
0
0
0
0
0.0325
0.1287
0.5695
6.8113
15.5376
1.1608
0
1.1829
3.0434
0
1.329
1.7343
0
0
0
9.456
0.4844
0
5.1953
0.7022
0
0.747
2.5314
0.0126
0
0
0
0
0
0
0.2859
6.9899
0.3111
0
0.1345
6.4373
7.2707
24.153
0
0
0
7.2874
5.0109
0.825
0.9551
1.0291
0.4267
0
2.0151
10.8518
0.9157
0.6759
2.9848
0.3195
1.1934
0.2678
0.6956
0.6182
3.3002
0.3323
1.0688
2.1534
0.2472
0.098
0.1908
0.1171
1.6846
1.2828
11.931
2.649
0.6665
0.3234
0
2.3553
0
32.3502
16.1658
3.2495
4.8359
7.6644
1.3218
1.5208
0.6428
0.5215
0
4.8167
0.0024
0.7887
0
0.3895
0.0025
0.0018
0.4057
3.5556
0.5881
3.2558
0
0.0333
0.0045
0.1284
4.959
0
0
0
0
5.5068
2.5162
1.9851
19.6092
0.521
0.0269
0.175
1.3761
1.5655
3.8139
5.7665
0.5097
6.417
0.1738
5.9951
15.1835
0.503
0
4.5121
5.7956
1.2085
0
0
4.145
3.8864
1.1185
0
0.0363
0
5.9914
11.896
0.1071
0.0643
7.859
3.8828
1.6083
10.7816
0.7943
0
4.6709
1.315
0.4861
0
0
0.0025
3.846
4.0474
4.0598
0.0219
1.0365
1.4099
0.595
0.13
0.2849
0.1552
0.5446
0.7055
0
0
0.1056
0.0594
0.3826
0
0
0
0.6157
2.5307
6.4767
3.9045
0.003
0.9984
0
0
1.6508
0
0
0
0
2.3696
2.1923
2.3545
7.9984
10.7943
9.809
1.2558
0.0283
15.4239
32.5979
14.3692
3.3299
2.5846
1.0638
3.3952
0
0.1138
0.0066
0.3788
0.0744
0.4019
4.2801
3.2199
2.6303
0
0
0
0
12.7755
20.5335
0.9914
0.0876
7.452
1.6277
4.4987
5.8915
0.1488
0
0
0
0.9539
21.0828
8.6906
0.4191
0.0352
0.0416
37.2605
0.1215
3.5233
0
4.0036
0.8243
2.8339
2.8249
3.1782
0.1434
0
0
0
0
1.8231
3.6292
5.6696
0.7791
0
0.1203
0.0226
0
0
0
0.0019
0.0028
0
0
0.0039
0
1.1813
0.4971
0.8713
0.216
0
1.4014
11.088
3.2147
0
0
0
0
0
0
0
0
0.0075
1.7559
9.9023
0.6637
0.0556
0.6029
0.3597
0.7306
0
0
0
0
0.009
0.0811
2.2832
1.3481
0.0619
0
0
5.0254
0.527
0.386
0
0
0
0
0.9587
2.6269
0.4034
0
1.2059
2.8737
0.22
0.7757
0.3169
4.4542
3.1704
0.4696
1.1523
1.3203
26.8204
0.411
0
0
0
0
0
0
0.4442
1.6052
3.8463
0.4058
0.2544
0.0044
0
0
0.0384
0.1734
0.1141
0.045
0
0.2975
0.1316
4.1684
0
0
0
0
0
0
0
0
1.7326
0
24.5245
16.4138
31.3077
5.868
0.0075
0
0
0.6392
0
1.4694
1.4048
14.1451
4.9918
0.2171
0
0.9588
0.0024
0
0
2.4669
20.689
14.0795
3.0862
14.7509
3.3481
0
8.5151
0.2579
15.4181
1.0536
0
0.4034
0.217
1.2898
2.2633
3.4937
0.3631
0.0241
0.1943
1.162
1.0884
0.8525
0
0
1.8946
9.8846
12.2112
0
0
8.2052
1.0312
1.0369
0.451
4.7742
2.8481
9.8039
1.7548
11.5857
3.153
0
0
0
0
0
0
0
0.0861
0
0.1244
0
0
2.0612
0.6156
0.0956
0.1405
0.3379
0.8362
0.0428
0
0
0
0
1.589
6.0239
2.0042
0.0532
0.0296
0
0
0
0.8814
2.9363
0.1235
0.2185
7.4206
0.5073
0.4377
0.7477
0.8643
3.603
0
0.0239
0
6e-04
5e-04
0
0
0
0
0
0
0.0863
0
0
0.0961
0.2307
0
0.1134
0
0
0
0
0
0
0.0364
0
6.7273
3.5574
3.2741
0.3479
1.6452
2.1864
0
0.0038
0.0548
0
0.1354
0.0324
2.9478
7.1739
2.1289
7.83
0.1128
0.2995
0
0.6909
0
5.7135
2.2471
0
0
0.0016
1.205
8.1809
4.9403
0.4845
0.8773
3.7034
5.415
7.4888
6.3738
2.3794
0.9039
0.2626
12.7994
13.421
3.4151
0.1209
1.7378
0.1853
0.0412
4e-04
0
0
0
0
0
0
0
11.7406
2.0098
16.871
8.7736
20.2262
6.4288
2.0953
0.9127
3.8111
1.6286
10.6841
7e-04
0
0
0
0.2999
4.4688
6.3145
0.4241
0
0
6.1597
0.0874
2.1415
12.3361
0.4995
0.2964
7.1352
0.382
0
1.8728
9.2872
0.3146
1.4645
0.6675
2.3349
2.9806
2.9179
0.9109
15.2734
0
0
0.3801
1.6827
0.2115
0
0
2.1626
1.4434
1.4993
0.2109
0.1579
4.6859
0.1169
0
0
0
0
0
0
21.5558
29.3734
5.3705
11.3454
3.5532
3.8514
6.6305
11.3454
1.2874
0
0
0
2e-04
0
0
0
0
0
0
6.4349
11.7747
5.6225
8.0339
2.5549
0.5343
5.1162
1.9348
1.6291
0
0
0
0.1628
2.6503
5.525
10.6674
0.6362
0.373
0
4.9249
0.5445
0
0
0.6533
2.3076
0.0472
15.6984
0.4728
0
0
0
0
1.0687
0.0361
0
1.0015
0.167
1.0861
0.19
0.2606
1.0145
0.5241
2.3717
2.7889
0.7992
6.4136
4.8452
1e-04
0.3466
0
3.7467
5.5233
13.7632
10.7899
0
0
0
0.0244
0.0555
0
0
0.2084
7.328
0.4754
0
1.4745
8.4504
14.3205
0.1136
0.0748
0.4684
0.0859
0.0352
0
0
0
0
0
0
4.7376
13.3658
13.5296
0.0481
0
6.6866
0.5928
0.3307
0.0941
5.5719
42.2239
0.9835
0
0.2974
0
2.7786
0.1077
1.3161
3.5623
21.9212
2.5361
0.3596
0.3186
0.4526
0.2569
0
0
0
0.0986
9.4268
8.1372
4.7553
0
0
0
0
0
0
14.0612
27.132
0.0377
0.0038
1.4769
15.6164
9.5075
0.1535
0
10.5737
2.4053
0.6607
0
12.7244
0.0465
0.0347
0.7707
6.5593
22.3255
0.0499
0.0102
0.6624
0.9193
0.6605
18.0673
0.7726
26.2932
0.9177
2.6229
0.7584
0.4819
9.1153
5.5613
0.0224
1.5723
0.3245
0.0789
0.0166
0.0147
0.3768
3.2014
4.1899
10.0054
0.0195
0.5807
1e-04
0
0.9642
9.6049
0.4092
1.0734
0
0
0
0
9e-04
0.0014
0
0
1.3748
1.939
3.1788
0
0
0.2557
0.5921
0
0.0251
0.2058
1.0141
0.0369
0
0
0.4099
0.3827
5.8919
0
0
0.1681
0
2.9053
6.5974
0.0583
0
0.2354
3.2793
0.1621
1.2076
1e-04
0.0388
0
1.1699
1.0456
2.3034
0.4966
5.2132
5.1886
0
0.0625
1.5707
0.255
0.719
0.028
0
0
1.6081
0.3174
7.8048
4.6258
2.5082
4.2674
0.2407
0
0
0.6824
0.0545
6.265
0.0216
2.3564
3.0091
0.3992
0.1037
0.5149
0
7.5154
0.0129
1.7151
7.9855
0.0205
0.6769
0.1751
15.3575
14.1836
2.4228
0.0477
0.0608
1.4951
1.8652
2.4609
1.2846
1.0582
0.0891
0
0
2.7814
2.452
4.3321
6.0432
0.3878
0
0
0
0
0
2.1094
9.7974
6.3545
3.2904
2.6122
5.8791
2.6939
0.1712
0.0586
7.2427
35.1581
7.1451
4.2073
0
0
15.6745
0.0174
0.1217
1.2692
0
4.2509
1.5987
1.4339
0.3263
0.45
2.6182
3.9756
0.0299
2.2515
1.3791
7.2166
3.1232
0.2308
0
0
0
3.0188
3.6168
34.7676
7.4789
6.32
18.0899
0
6.2151
8.5678
0.1502
15.5113
1.8156
0.1756
0
0.4645
0.1546
3.1749
0
0.84
0.2875
0
0
0
0
0
0
5.7234
10.0277
0
0
2.1435
0.9819
0.8147
0.0158
6e-04
5.3129
10.2057
3.5197
0
0.0675
1.3264
0.8469
0.0136
0.0509
1.6154
0
0.9771
8.1956
23.8533
2.612
0.1915
0
8.4624
0.6348
0.1406
1e-04
0
0
0
0
0.87
1.1636
0.0535
0.0748
0.1936
2.0904
0
4.0219
3.1245
8.1677
7.2718
0.2353
0.216
0
0.1452
3.7376
8.1485
8.2587
1.0857
0.0743
0.6131
22.4416
4.28
7.9884
0.7821
0.4305
0
0
0
0
0.4909
0.0817
3.2699
2.0613
0
0
6.0872
1.0966
0
0
0
0.0108
0.5724
0.3405
12.4727
3.0852
3.2971
0.8378
10.3871
0.3358
0.2856
0
2.7679
0.2214
3.0429
4.7018
2.2857
0.9708
1.5168
5.078
1.7741
0
0.0015
0.0011
0
0
0
0.1996
5.2173
2.4005
4.6141
5.9553
0.0985
1.1102
0.0326
0.0014
0.3231
0.0357
0
0
1.2582
0
8.5074
2.6316
0.1061
0.3541
0
0
0.0348
5.7982
2.121
3.809
0.1862
0.0011
1.7241
0.6616
5.0671
0.6462
0.012
0.4459
0.6685
0.0885
1e-04
1.287
1.2932
0
1.3306
10.2527
2.5584
0
13.0739
0.8775
0.0484
0
0
7.852
3.1028
12.8756
0.5981
0
0
5.5475
0.0128
0
1e-04
0.112
0
0
0
0
0
0
0
0.7421
12.7037
0.8399
0.121
1.8296
0.168
4.5528
0.5874
0.075
4.1254
0.2512
0
0.2426
2.2867
0
2.3514
4.58
8.4921
0
0
0
0.1639
2.5741
0
6.766
1.9731
0.1501
0.903
0.524
2.8167
3.2727
7.0627
4.9982
7.6313
2.9973
20.0272
0.0939
0
0
0
0.0788
0.1502
0.0944
0
2.8555
1.4165
0
0
0.6358
0.4938
0
6.6185
1.4554
0.1102
0.1173
0.4054
1.1311
1.0372
0.4215
2.6756
0.1948
0.0026
0.073
0
0
1.3114
0.0803
0.4788
0.0754
0
1.8049
0.7531
0
0
0.4437
3.3966
12.8582
8.4529
3.6249
1.1168
0.0027
0
0
0
0
0
0.8237
6.0552
12.8822
1.1418
0.0562
3.7151
2.4645
0
0.185
0.1959
0.2339
18.6009
2.1984
0.0789
0.2601
0.8827
0
0
6.6914
2.9738
0.1761
0.0679
0
0.0395
0
0.2928
0.1642
0.0887
0
1.7015
5.0422
2.617
0.0207
0.1694
4.6915
14.312
15.3135
14.8374
18.2622
1.1912
1.1237
7.3321
1.9741
7.2492
7.2014
0.7617
1.2879
0.8446
0
0.4049
0
0
0.0073
0.2112
0.1578
0
0
0
0
0
0
0
0.9481
0.0786
0
0
0
0
0
7.1135
4.9153
0.0636
0
0.0149
0.1703
0.1011
0
0
0
0
0
0.7364
2.2457
9.286
4.601
10.0935
2.3728
3.4209
3.2895
5.3415
0
0.1445
0.1481
0.4475
2.0586
8.7339
17.2832
0.0057
0.0991
0.182
0.2224
7.6271
5.0672
1.4202
2.5294
0.2215
0.0565
2.204
13.0485
4.4283
8.372
7.1854
1.3618
0.7561
4.4283
7.29
6.4833
0.9942
0
0
0
2.3542
1.0823
0.205
0
0
0
0
0
0.6834
9.5406
10.5415
1.8506
0.1829
5.9637
2.1594
0.0258
0.5944
0.6799
28.0523
0.0068
0
1.0654
10.6924
7.3281
0.5709
0.2756
0
0
0.5588
0.869
2.4041
0
0
0.538
7.9512
0.0213
0
0
1.6625
16.4696
1.0325
0
0.0264
0.1039
3.7381
3.5966
3.9306
1.7268
0.0614
0.1508
0.0725
0
10.2285
6.8522
16.083
1.6034
0.2562
3.2069
0.9237
0.0309
0
0
4.1462
16.0021
15.2126
8.3759
0.2437
0
0.5875
23.0859
1.0774
0
0
0
1.5709
2.0429
2.2537
0
10.7273
19.125
1.0248
0.0603
0
0
0
0
0
0
0
0
0
0
0
6.8281
2.7667
0.4016
0.8542
0.0073
6e-04
0.6891
2.0944
2.1426
0
0.0017
1.0026
1.1294
0.4716
0
0.0208
0.829
2.9627
4.271
4.9759
4.2748
8.0157
15.8298
0
3.9259
3.3618
21.5981
4.4169
0.3174
0
0.2656
6.8146
0.6498
1.7202
0
0
0.0947
1.2443
1.4789
0.4425
7.2983
17.9959
7.4209
4.319
0.0738
5.6144
0.2494
7.3539
11.0472
3.5824
4.0445
6.9909
7.0928
3.1117
14.7743
0.2506
3.6948
4.0422
4.6985
0
4.9039
0.0286
0
3.3206
20.6787
4.4443
6.3506
0.2841
0.3526
3.6002
0.5899
0
0
2.9697
0.8438
0
0
0
13.5629
17.3209
0.9415
2.7451
0.0855
0.0627
0.3124
0.9756
0
0
0.4417
0.2211
1.1787
0.6539
0.908
0.3483
0.2641
2.4833
0.0936
0.0361
0
0
0
1e-04
1.9963
1e-04
1.2897
1e-04
0
0
0
0.0324
0.3529
0.1049
1.1714
1.429
1e-04
0
1.4288
0.3825
6.9852
2.3246
0.039
0
0
0
2.3956
0.5005
1.8082
0.3875
2.4736
0
0.513
0.3843
0.6109
2.4976
17.1931
3.807
1.0733
12.4587
0.1642
0
0
0
8e-04
0
2.157
0.5801
1.6284
5.6325
0.2033
4.3281
0.2447
9.8509
0
0.0016
1.1487
0.328
4.34
1.0687
0
0.0848
0.6645
1.4652
0.5638
0.0906
3.8989
0.124
0
3.8338
2.6079
6.362
3.8577
9.2497
0.7752
0.1585
0
4.7684
0.6006
13.5826
0.006
0.0324
0
0
0
0.2853
2.4667
2.1826
0
0
0
1.9914
1.2643
1.1478
0
10.4553
3.1776
1.4032
0
0.0019
6e-04
0.9177
1.8466
0.7645
8.8819
0.568
8.857
1.608
1.1542
0.0026
1.3389
20.742
5.4818
0.5232
0
0
0
0.0098
0.841
2.5121
0.3089
4.5813
1.2022
0
0
0.32
0
1.8802
9.3625
0
0
0
0
0.2075
0.6369
4.3501
2.9519
19.6052
7.6145
17.2515
4.9111
0.9631
1.8109
1.1288
0.9235
0.8926
0.6745
2.1953
10.6252
0.1814
1.8315
6.9079
0.8589
0.4192
0.1126
0.0287
0.491
20.6762
9.6383
6.4223
7.3446
2.98
5.9925
7.7966
1.0039
0.8924
0.1061
7.5552
11.8716
2.8567
0.8989
7.2956
2.5603
0.0012
0.2204
0.6814
0
0
1.2594
5.4494
7.5304
0
11.7294
0.9863
8.7304
0.2211
0
0.2797
0
0
2.6283
25.4476
2.7685
21.5826
8.4634
3.3251
0.3083
0.3234
19.197
0.0054
0
0.059
0.0637
0.0068
0
0
1.0534
3.9722
5.3999
0.1162
1.5731
0.0429
0
1.7585
5.035
0
0
0
3.0583
0.8604
12.7001
1.5918
0.5782
23.1871
1.0173
0.2962
0.2245
2.8845
1.4778
4.6
0
0
0
0
0
0
0.7684
0.1413
0.1625
26.4472
9.3908
0
0
0
0
0
0
0
7.6106
0.1016
0
0.3741
0
0
4.1427
15.7345
10.7441
0
0
0.5418
0
0.1558
14.8518
0.0093
0.0797
0.0214
4.7455
5.2348
2.2913
17.5299
5.9938
17.9072
1.0639
5.2392
12.3808
14.3706
0.3
27.2797
5.1101
0.3243
0.4976
1e-04
0.0274
1.0533
0
0.055
1.5795
10.0408
8.945
0
0
0.1102
0
0
0
0
0
0
0.0712
6.0892
4.7482
2.2354
0.0407
0
0.0261
0
0.3085
1.4637
0.0313
0.4298
0.1524
0.0392
0.0163
1.7381
1.8423
0.0462
2.7458
0.1664
0.3269
0
0.342
0
4.9682
8.9759
0.6782
11.7405
1.6626
0.1802
0.0961
0.271
0.6439
25.0126
0.0749
0.5894
0
0
2.4601
17.0929
1.7512
0
0
0.1943
8.6533
5.7689
6.3536
0.0688
0
0
0
0
0.5366
1.0903
0.5053
3.3515
1.2429
0
0
0
0
5.2078
4.4809
0
0
0.3453
0
0
0.1679
0.1828
0.8424
0.0937
0
0.2905
0
0
0.5928
0.491
8.3497
0.5642
0
0.0618
0.1137
1.0307
0
0
6.2508
10.4856
0.0024
0.0295
0.6036
0.1291
0
0.0872
2.367
0
0.4917
5.1224
7.191
0.2143
0
0
0
0
0
0
0
0.0963
0.0128
0
0
0.4956
0.2003
1.0739
0
0.049
0
0
0
0
0
0
0
0
0
0
1.7779
5.0914
6.3105
0.132
0.5428
0
2.2164
0
0
0
0
0
0
0
0
6.6854
0.2408
0.2146
0
0
0
0
0
0.6506
0
0.0227
1.5586
0.6745
0.1175
0
0.9187
28.0311
3.4632
0.3413
3.945
0.0753
7.676
14.0096
0.7346
0.5607
0
0
0
1.3329
5.2176
0
0.2814
2.203
0.8178
0
0
0.3231
0
0
0.6428
3.2428
0.2886
0.0086
2.0334
1.7359
0.8805
0
0
0.661
17.8014
7.9059
0.193
0
0
0
0
0
0
0
0.8417
0.123
0.4971
1.6913
0.1515
0
17.0185
3.7043
0.563
0.0587
0.0913
0
0
0.722
2.6861
0.1597
0
0
20.354
8.1749
20.1149
7.9042
17.6399
0
0
1.2679
2.832
0.1964
3.5909
0.219
0.0424
15.3978
0.3737
0
0
0
0
0
5.8309
26.4493
4.3283
7.6468
1.3691
0.6582
1.9458
5.0066
0.0585
0.0553
11.9727
23.7788
5.752
5.4676
2.2712
8.4033
3.8722
5.8461
3.0041
3.5797
0.0478
0
4.6146
0.0556
3.7493
8.8996
0
0.1289
0.1527
0
0
0
0
0.3275
0
10.2587
0.7269
0.0474
0
0
0
0.0327
1.7092
3.9514
2.2323
7.2466
0.0134
0.2536
0
1.8542
3.4964
7.8791
0.4241
0
0
0
0
0
0.2514
1.1002
0
0
0
6.6329
10.3379
1.2907
0.2364
3.6625
28.2318
25.2314
10.9377
0.2584
1.0842
6.4251
0
0.0567
0
0
0
0
0
0
0
0
7.8099
4.2434
1.2716
1.4931
11.0344
1.8618
5.1363
7.2189
0.4873
0.5504
0.2857
2.3267
0.0759
0
0
0
0.267
0
2.2523
1.3977
0.6797
0.1531
0.6028
0.3968
0
3.4196
2.9772
0.5167
1.6093
0.6325
3.4547
0
0
0
0
0.5407
4.7894
0
0.1439
1.1566
0.5861
0.0998
6.6678
2.0207
0.7971
0
11.107
0.1517
0.4178
0
0
0.562
0.0128
0.0454
0
0
0
0.2293
3.9927
5.9284
0
0
0
0
0
0.0472
0.4112
1.099
0.2594
0
0.9659
0.2914
0
1.7562
0.7439
25.8168
0.9707
2.9268
1.146
4.9861
1.6452
4.4408
7.2289
4.2734
2.8779
0.0592
0
1.4037
0.9621
2.4498
0
4.3454
5.2073
5e-04
1.8179
19.1426
0.6013
0.0926
2.6605
0.8768
6.6225
1.5359
0.0644
0.9319
0.2452
2.1573
1.0187
1.4622
7.9887
1.0484
0
0.0365
0.0024
0
0
0.1238
0
0
6e-04
2e-04
0
0
0
0
0.0745
0
1.4359
0
4.2847
5.5074
1.5098
3.5346
0.4037
0
0.9656
2.0121
1.1364
3.2383
0
0.0482
0.3124
1.847
1.6225
3.2088
6.1249
0.9936
10.0719
0
0
0
0.0683
0.3741
0.5018
7.2473
5.3746
0
0
0.7632
0
0
0
8.2605
2.736
1.4941
0
2.9078
0.0375
0
0.3532
0
0
0
0
1.0378
2.4604
0.949
0
0
0
0.3191
0.2851
0.0093
0
5.5108
0.6609
0.8207
0.4705
0
0
0.5846
0.0554
4.9012
0
0.705
0
18.4282
4.5498
0.4131
0.4082
0
0.2751
1.3261
1.4083
0.5488
3.4372
14.142
2.2118
0
8.4005
4.1192
0.0025
0
0
0
0
0
3e-04
0.0036
0.7738
0
0.5055
0.8306
1.9515
1.8484
0.0401
0.7628
0
0
0
1.1974
2.8221
0.5788
0.2089
0
0
0
0.0122
0.1164
0.0173
0.3668
0.1644
6.4774
0.3955
0.075
0
0.0644
0.462
0.5829
5.1849
0
0.5852
0.6799
0.6104
0
0
0.6143
0.5614
0
1.038
0
0
0
0
0
1.1083
4.7286
0.1624
0
0
0
0
4e-04
0.013
0
0
0
0
0
0
0.532
0.0682
0
0
0
0
0.7063
2.8861
0
0
0
0
0.0575
0.0672
0
0
0
0
0
0
0
0
0
3.1438
4.4211
4.3813
0
0
0
0.1373
0.5705
11.3442
1.8131
3.8888
3.8089
7.9527
0.0782
2.9561
0
12.4486
8.2484
0
0
0
11.7092
5.3047
0.097
0
1.1309
5.272
6.3719
5.7831
0
0
0.4577
3.6004
2.4918
0.914
0.2146
2.22
6.0542
0
1.7644
13.1968
14.238
0.3562
0
2.7559
12.2816
0.598
0.1565
4.9584
0.86
24.1166
0.8954
0.2605
0
0.8199
1.8617
17.2438
5.7902
0.995
0.0029
0
0
0
0.0024
7.9636
1.7129
3.365
0
0
0.0783
0.3171
1.0509
4.8239
3.1922
0.0021
0.4521
0.2489
0
0
0
0
0
0
0
1.5358
3.2737
0.2062
0
0
0
0
0
0.8299
0.1078
0.03
0.0061
0
0
0
6.9941
5.1027
37.1391
0.7023
0
4.1368
2.7127
3.8963
0.9366
0.0242
0.7289
0.1443
2.0126
0
0.4035
0
0.0305
0.3016
0.1064
19.3412
18.7713
7.7248
1.6092
4.4859
0.5372
18.7389
2.5187
0.0202
6.2818
0
2.1821
2.2538
0.0312
0.0034
2.1631
22.1883
0.5494
0
0
0
0
0.3033
2.7162
0.4141
0.4998
0
0.7751
0.3888
0
0
0
0
0
0
0.4509
1.3721
0.4582
0.0161
0.9428
0.2539
0.1835
0.1717
0.2902
0.1042
1.065
4e-04
0.3012
0.1433
7.8903
0.7964
0.5943
0.3103
12.9156
18.3483
0.002
0
0
0
0
2.3051
1.7957
0.0558
14.9124
0.0335
4.6717
0
0.3445
0.0597
3.5647
2.3916
0.9614
0.8269
0
0
0
0
0.1934
0
0
0
0.5393
1.395
17.8947
0.1174
0
2.3362
1.9268
0
0.2797
0.5722
2.574
0
2.5921
1.0913
0
0
0
0
0
0
1.1501
0.8983
0.5661
0.0519
0
1e-04
0
1.8514
8.5829
0
0.2744
0.1948
0.1353
1.3078
0.0512
0
0
0.4486
0
2.0976
3.6976
0.4603
0.3519
0
0
0
0
0.13
0.1538
0.0087
0.3303
0
0.9238
13.0601
0.1851
8.4251
0.8076
0
0
0
0.2828
0
6.0032
10.9929
1.7222
11.0595
1.549
2.6169
2.55
14.8408
16.5706
3.9534
0.9492
2.5569
2.677
0.7495
0.1379
0
1.9067
3.1469
1.9147
3.6989
2.2526
2.7469
5.0014
1.2226
0
0.0893
0
0
0
8.0282
1.2266
1.2854
2.6411
1.3796
0.1496
0.1105
0.682
1.1208
0.2765
11.6415
4.4655
3.4088
0.9436
4.7091
1.1399
1.6066
3.4483
6.9833
0.5042
1.694
0.0103
0
0
3.4168
4.4273
1.8973
1.2423
18.4849
1.6343
16.2126
25.1783
0
0
1.2017
1.2376
25.9137
5.8599
17.3032
5.661
5.9739
2.3615
0.0177
1e-04
0
0.9707
0.6013
0.0012
15.6691
7.9601
6.2746
2.9125
1.9213
1.571
1.4221
5.2346
1.5893
2.5806
1.6237
0.087
0.2367
0.1123
1.3574
1.1889
1.0436
0
0
1.727
0.1193
6.6375
1.5508
0.6537
0.5078
0
0.0078
0.9566
2.2096
0.5409
0.5022
0.3363
0
0
0
0
0
17.4883
16.8022
0.927
0.2375
0.027
0.0144
2.6542
11.6439
4.5114
3.9189
0.2663
9.1071
0.5341
0
0
0
4.141
2.7737
0
0
0
0
0
0
0
0
0
4.6769
0.9319
0
0
0.2844
13.4422
2.8783
1.8053
0.2468
0.0783
0
0
0
6.8026
1.9972
0.5663
0
18.9891
0.0175
0
0
0
2.7815
5.1192
2.8077
7.4096
13.8008
0.0631
0
10.8979
9.3055
3.5507
14.2255
2.2023
0
0
0
0.1952
0.3917
0.1572
0
0
0
0
0
0
0
0
0.3371
0
0
0
0
0
0
0
6.4556
0.0751
0
0
0
0.18
3.4486
9.2341
0.499
28.6265
2.6784
2.8271
0.1825
0
0
0
0
0
0
0
3.2722
2.5007
0.1293
0.0931
0.2374
0
1.4301
3.5309
8.7358
2.04
0.9967
0.1991
0
0
0.7458
8.8655
16.0115
10.9852
0.468
0
0
0.0579
0.0452
0.0686
0
0.1239
0
1.2661
0.6311
2.6656
0
0
0.0321
0.0632
0.2338
0
0
0.5907
0.0463
0.3131
0.0964
0
2.9052
0
0
1.7009
2.0441
0.212
0
0.1885
1.9574
0.7038
0.5415
0
0
0
0.5802
2.4442
0.1299
1.8259
3.4624
7.0756
6.1347
0.306
0
0.4173
7.4802
0
0
0
3.0467
1.5103
2.1891
0.1502
0.0549
0
0
0.3688
0.1724
7.0166
4.4949
0.067
8.6182
0.9726
0.063
0.0175
0.1932
1.8901
0.0488
0
0.02
4.8938
0.4611
0
5.8988
16.2274
2.4563
9.6973
0.3477
0
0.6266
0.0145
1.4448
0
0
0
1.2469
9.4975
26.3926
4.3478
0
0
0
0
0
38.132
4.0638
0.9874
0.0591
0
0
0
0
0
0
0.0517
0
0.9101
0.0033
2.0614
11.2171
0.8576
1.2208
0
0
0.3011
0.261
8.3692
0.7334
0.1463
4.1953
0.0853
0.1833
1.5076
0.9773
0
0
0
0
1.2765
2.1481
6.212
2.5779
6.1769
1.9893
0.8256
0.6215
0.3637
0.3519
0.6745
0.4761
0
25.8053
2.0289
0.7342
0
4.362
0.0176
0
0.3901
0
0
9.2647
7.0884
0
0
0
0
0
0
0
0.0021
4e-04
0
1.1791
10.7523
27.3259
3.8292
0.0664
0
0
0.0908
3.1044
5.5359
5.6006
10.6184
5.9879
4.9332
18.5695
3.6202
0.1346
0.0275
1.8217
0.3429
0
0
2.8244
5.4577
13.7291
0.0669
0.1848
0.392
0.3008
0
6.2547
3.4791
12.6495
4.3416
0.0389
0.1727
1.9285
20.451
6.3946
0
0
0
0
3.2376
0.5205
0
0
0
0
0.1737
1.0818
3.8016
2.9173
1.1265
0.3713
3e-04
8.276
5.8117
7.5963
0
0
0
0
0
0
0
0
0.0536
3.6036
1.8025
29.2156
18.6152
3.7425
14.9641
0.7002
3e-04
0.0299
0
0.2098
16.1838
13.8479
24.2272
2.5208
0
0
0
0
0
0
3.3746
2.1101
0
0
0
11.0647
6.6967
0.6275
0.0801
0
0
0
2.3938
3.0211
34.9289
0.0676
0
0
0.054
2.8296
9.2483
4.0347
4.1302
1.4673
0.7674
0
0
0
0
0.0674
0.3793
0
0
0
0
0
0
0
2.3371
12.9096
2.1998
36.2503
0.0614
0.2426
4e-04
1e-04
10.6446
2.4385
7.0758
0
0.0268
7.3076
2.0783
2.8905
2.2441
0.3269
0.4016
0
0
0
0
1.0602
1.4773
0.0141
0
0.1999
20.0575
0.1758
0.5048
1.947
2.445
23.5587
18.6144
2.8422
2.4728
0.3322
0.0082
0.0754
0
0.5545
17.6432
0.0452
0
0.3099
10.3583
0.1593
0
0
0
0
0
0
0
0
0
0
0.0579
1.2713
16.0357
0.8295
0
1.3397
2.2867
2.7576
0
0.4323
0
0
0.1492
0.0757
0.482
0
0
0
0.726
12.3703
1.2734
0.1094
0.1194
0
6.3364
5.5148
0.122
0
0.0127
0.1176
34.6396
1.9291
0.0975
0
0
0.0011
0.0013
0
0
0
0
0
16.6025
1.4172
2.0403
15.4744
0.6114
0
21.2171
2.7278
19.2248
2.0006
0
0.9866
0.5907
4.1492
26.1901
32.8479
0.3312
0
0
0
0.8382
1.7694
0.2432
0
0.0595
0.0994
0.4379
12.6928
0.7077
0
0.6707
0
9.6168
0.4493
0.0309
0.2267
3.7554
4.801
0
0.0024
0
0
1.2327
0.6011
0.9376
0.084
5.4249
0
0
0
0
0
0.6201
0.8987
0.4312
0
0
0
0
2.2278
3.9947
8.6783
1.537
3.5775
0.4816
2.2783
1.6089
1.3644
0
0
0
0
0
0
3.709
0.6671
0.6278
3.6848
0.2445
1.406
4.7817
3.2322
0.0522
0
0.3119
0.1072
0
0
0
0
0
0
1.3804
7.8749
1.0619
0
0.0632
5.4738
6.3716
0.5027
1.0915
4.1624
2.2482
1.9353
0
0.0024
0
0.0017
0
0.4526
1.0545
3.8346
0
0
3.3757
5.995
0.9343
0.5288
0.1106
9.3983
4.5542
2.8448
0.0245
9.7026
0
22.8093
11.5736
0.7504
2.0031
0.1512
5.7977
0.0598
0.0287
0.003
0.612
0.6646
0.0339
2.5633
0.1194
0
0
10.846
2.9501
0
0
2.6027
0
0
0.209
2.0561
3.6737
0.0694
1.364
5.9843
1.285
0
0
0
0
4.8946
6.6676
2.73
23.036
1.585
0.0394
0.5788
10.6789
20.4782
3.9128
3.8248
0.0746
3.9486
0
0
0
0
0.1421
0.6585
3.3737
1.1203
0
0
2.5063
7.4978
0.3087
0.1094
0
0
0.0214
0.3236
0.2412
0
0
0
0
0
5.0934
0.3692
4.1876
5.1562
2.1578
5.4658
0.749
0.1345
0.3797
1.5542
0
0
0
8.9317
3.7899
0
0
0
0
0
0
0
1.6585
6.5371
1.0224
0.0681
0
0
0
0.159
6.8934
1.7157
0.0859
0
0.2741
9.4468
0.8218
0
0
0
11.591
3.8908
0.347
0
0.3459
0.3923
0.3777
0.1015
6.9674
6.0002
16.3693
18.9213
6.6521
0.0824
0
0
0.2698
0.0753
0
0
0.0014
0
1.0313
0.1162
0.1609
0.1823
12.0663
11.5946
0
0
0
1.4309
4.5878
1.0127
0
0.6158
0
0
0
8e-04
0.0103
0
0.0017
7e-04
0
1.0222
5.4574
0
0.094
1.0089
0.4017
0
0
0
0
0.007
0.8938
17.2942
1.6577
0.4054
0.5291
0
0
6.2737
2.3889
0.877
2.5138
0.8038
0.9332
0
0
0
5.1846
0
0
0
2.9215
28.1058
16.6769
18.5082
5.3995
0.0248
0
5.3722
1.5794
3.0288
0.1871
0
0
0.2089
1.7028
1.093
0.0069
0
0
2.7758
0.6658
0.6109
0.0926
3.1971
1.3204
0
7.7612
5.7544
12.695
2.9784
3.9616
0.1245
0.5764
0.0801
1.7659
0.444
1.3046
1.2657
0.862
3.3658
3.736
8.6613
0.8019
0
0
0
0.005
0.0475
0
4.2657
1.6148
0.9286
4e-04
0.119
0.2409
0.3497
0.1786
0.4878
0.308
4.5084
0
2.2601
8e-04
0
0
0
1.1807
3.9389
0.7617
0
0
0.5502
5.1786
0.0736
0
0
0
0.0629
0.975
0.0976
0.726
0
4.8184
26.2796
0.7715
0.4841
0.0474
0
0.0553
0.7429
0
0
2.9631
2.25
1.0948
0.1527
0
0
0
0.019
0.5491
0.641
0.1977
0
0
0
0.3483
0.6347
1.6296
0
0
0
0
2.2405
0.0493
16.2685
0.6055
0
7.1593
6.1522
0.4078
0.556
0.5068
0.1303
0.0357
0.6733
0
0
2.4732
0.3522
0
0
0
0
0.7361
11.1656
4.4335
1.1748
0.2869
13.9477
2.1074
0
0
0.0394
0.1144
0.2705
11.9947
3.7281
4.3647
0.0731
0.9746
9.1277
0
0
3.1269
1.7847
2.444
0
0.688
5.9397
0.797
5.4062
0.1509
0
0.8337
0
0
0.0249
0.0095
0.8149
0.5232
1.6164
0.1126
0
0.3195
0.4552
11.3237
20.3004
12.8651
0.7324
7.1484
9.6987
5.9758
0.8631
4.6248
2.4003
0.4382
1.4041
0.2546
0.4994
3.5008
0.9418
0.6837
0.4895
0.3478
2.4639
0
0
0.8781
5.7438
0.1062
0
0
0.0734
0.1504
0.8316
0.2157
12.3968
5.0229
0
0
0.3302
3.6195
11.3213
23.7303
0
1.1241
0.4239
1.7285
2.339
20.938
0.7058
0.2273
0
0
1.5414
3.566
0.5514
2.9829
0.0799
0
0
0
0
0
5.0785
0.2704
0
3.1259
30.7306
0.7561
0.1414
0
5.0453
2.1108
6.6524
0.7508
0.5272
2e-04
0
0
0.0311
0.248
0.0426
0.5696
0.0402
2.2362
0.0579
0.2413
0.296
0.9274
11.2035
0.0082
14.4846
29.4396
17.6333
30.4735
2.0522
18.1804
1.0636
3.9072
4.8831
0.8233
1.2125
19.6911
3.689
0.2131
7.0566
1.0325
0.1051
4.6447
7.4626
10.7892
0.1276
1.5893
6.9351
1.5289
0
0
0.0149
2.873
0.4619
0.7895
9.2718
0.5234
13.7143
5.3336
4.2972
0.4883
0
1.9965
6.8137
0
0
0
0
2.8348
1.1239
2.6092
15.1987
7.7915
0.0057
0.0269
0
0
1.764
7.9379
19.6084
1.0246
22.6137
20.6802
16.2176
5.4035
14.4266
0.0375
0
0
0.3275
0.1348
0.0989
2.481
11.0922
2.6929
0.2326
40.2249
5.435
0
0
0
0.0245
0.2899
0
0
0
0
0
0
0
0
0
1.2136
1.8826
11.4416
0.7593
0.9078
0.7457
0
13.5925
14.1671
3.101
0.0191
2.1308
1.7715
0.5067
0.1148
0
0
0
0
0
0
0
0.7199
0.1333
0.0058
20.6339
14.4547
0.5813
3.4823
0.3842
0.084
0.386
0.2416
3.6952
4.0827
15.4413
25.0322
1.9767
0.0604
0.0825
0
0
1e-04
1e-04
0.0425
16.182
8.4674
8.3601
0.4347
2.4558
0.0206
0.0665
1e-04
0
0
1.6044
0.2755
0.2828
0.0776
0.0308
0.018
0.058
0.0296
0
9.4908
0.3078
0.0208
0
0
0
0.1248
2e-04
0
1.4554
5.235
0
0
0
0.0248
0
0
0
0
18.9
19.3298
9.7141
1e-04
1.9676
11.5203
21.2022
7.5026
0
0.0315
0.8629
0
7.7281
0.4732
5.3091
8.5038
0
0
0
0
0
0
0
14.0968
1.7218
0.0186
6.283
0.0048
0
0
0.3603
0
0
0
0
0
0
0
0
0.0695
0
0
0
0.2746
0.8753
14.5616
1.2203
0.0608
0
11.0872
0.1216
0.0051
0
0
11.1271
5.0278
1.4361
0.3396
0.3617
2.4194
1e-04
0
0
0.068
0.2933
22.6656
4.0171
0.0856
0
1.9071
0.738
5.8433
2.1186
0.506
0.9606
0.1823
1.6686
3.8888
7.0823
0.1107
0.4844
5.9235
1.4517
0.3513
17.5017
1.5471
0
0.0349
0.0245
0.1904
0
0
7.3172
16.5375
0.1286
0.1173
0
0.0319
0.0771
0.0199
0.1445
19.4331
8.4144
0.6124
0.7285
0.224
3.5148
1.6699
8.1177
0.539
0
4.74
3.5105
1.9211
0
0
6.5469
13.9336
1.463
0
0.0318
1.4583
3.0646
0.0278
0.0133
1.1282
3.7958
2.5962
0.0077
0
0
0
0
0.3155
0.0017
0.0022
0
0
0
0
0.5766
0.5177
0
4e-04
1e-04
5.5573
2.79
0.4459
0
0.126
1.4479
4.701
1.9815
9.8579
0.0843
0.1818
0.0029
2.9533
5.2544
0
15.7094
36.8297
14.6407
0.5066
0
0
0
7.9508
0.3745
0
0
0
1.0915
6.8074
12.4075
0.3831
0
0.0219
6.5368
11.4955
0.5751
6.4333
1.355
2.5988
2.1243
3.8867
7.2538
0
0
0.1396
1.5931
3.9605
1.3337
4.2577
3.6614
6.281
0
1.348
0.0722
0
0.9858
0.3465
3.572
0.002
0
0
0
0.1394
5.9927
0.2844
0.0322
0.0434
0.4141
0
0
0
3.0538
3.1224
4.8391
0
0.4713
0.2231
0
0.436
3.4903
3.0545
2.1007
0.5315
0
0.0286
0.3215
0
0.0518
0.0024
1.0879
0
0
0
0
0
0
0.0032
0.0299
0
0.2041
3.0841
5.7371
7.6893
11.101
1.0989
0
8.8046
0.6279
0.261
0.8079
1.1884
0
0.1828
0.0155
1.4073
4.298
0.522
0
0
1.4726
0.1877
0.7462
0.0175
2.1941
1.9801
10.3461
12.0344
4.4034
1.9775
3.9645
2.0612
0.3683
0.3387
0
0
0
0
0
0.3906
11.9793
0.1579
0
0
0
0
0.0801
12.0735
11.3697
0.0293
0.9625
3.0742
4.7729
0
0
0
0
0
0
0.0134
0
7.2496
3.6766
0.6116
0
4.1496
0.3146
3.9017
0.1372
0
0
0
0
0
0
17.3922
14.0036
1.633
0
30.3738
0.2975
0.4256
0.0028
0
0
0.5156
1.8162
0.4661
3.6203
14.135
0.76
0.2216
0
2.3563
2.0385
1.0187
18.9394
2.5739
0.2987
0.1058
0
0
0.6427
0.0185
0
0
1.8991
1.2666
0
0
2.3788
2.2733
1.1609
5.0797
0.1949
0.3404
0
2.0908
0.1193
0
0.1187
0.1661
0.077
0.0636
0.1269
0.0699
0.1537
2.683
1.7467
5.8873
3.9962
0.1173
0.0853
0
1.1569
0.7618
0.1233
0.6385
0.1911
0.5096
6.7696
0.0259
0.0032
0.109
0
2e-04
0.4084
1.2893
6.4147
0.9284
15.3827
13.0568
0.229
0.4843
0.0582
0.2541
0
0.0361
0.05
0.0054
0
0.1098
6.8544
2.0323
0
0
0.1143
0.4967
0.0015
3e-04
0
0
0
0
0.1644
0.1159
0.0428
9.6987
1.6085
1.735
2.1444
0.0288
0
0.1552
0
0
0
0.2788
2.4362
2.7296
0.6588
3.4463
4.1554
0
0
2.7594
0.2795
0.2286
0
0
0.4122
0.3616
0
8.0797
0.346
0
0.5019
0.1111
0
4.0037
0.7989
1.7185
0.0191
0
0
0
6.1786
1.8249
2.3477
18.6822
4.224
0.865
0.4781
19.0107
10.27
25.375
4.3242
0.0385
0.023
0.0061
0
0
0.0357
0
0
0
0
0
0
0.451
6.9032
2.3216
5.826
4.4141
2.0859
0
0
0
0.3106
1.6118
5.695
0.8192
1e-04
0
1.5862
5.7695
0
0.115
0.6554
0.0433
0
0
0
0
0
0
0.0051
1.3331
6.661
3.6485
0
0
0
0
0.3724
2.7769
0
0
0
0
0
0.0775
0.4367
0
0
0
0.9485
3.3824
0.4587
0.2321
1.168
0.9715
0
0
3.3727
3.6226
0
6.9562
35.8546
11.8771
8.9665
3.2754
0.6726
10.531
0.5266
0
0.4689
0.1379
0
2.0173
0.2802
1.1515
5.5358
6.0113
0
0
0
0.9237
1.4965
0.2765
0
0.2681
0.0914
0
0.2693
4.808
11.9099
0.3177
0.8018
2.3404
0.4814
2.1206
7.6512
0.6336
0.448
0
1.2391
1.2517
0.0716
12.2152
4.0039
0
0
0
0
0.7979
5.3532
2.341
29.7703
14.3665
0.0092
0
0
0
3.126
11.2104
4.6896
0.7919
0
0.1157
0.3868
0.2663
1.1409
3.1589
1.4864
0.8293
0.614
0
0
0
0
2.2033
0.0866
0.0944
0.0135
1.2616
0
0
0
0
1.6145
0
0.1391
1.3737
0.068
0
0.0014
0.001
0
0.1331
1.0661
8.1584
3.7792
2.4229
1.4721
0.9475
0
0.414
6e-04
0
0
0
0
0.5664
0.8347
5.8502
0.0036
0
0
0
0
0
0
0.0267
0.07
3.5673
0.0117
0
0
0.7163
0.7561
0.8073
0
0
0
0
0
3.9381
8.4942
0.2199
0
7.968
5.229
6.0142
0.0128
0
17.2609
2.6921
0
0
0
0.2196
0
5e-04
0
0
0
0
0.3681
0
0
0
0
0
13.2316
6.1203
0
0
0
0
1.7393
0.3135
6.2953
1.3112
17.6066
3.1786
11.9049
3.381
1.7443
0.0015
0
0
4.845
4.3906
6.9202
0.0545
0
0
0
0
0
0
0
0
0
0
0
0.003
1.7765
2.258
0.018
0
0
3.2904
2.1403
4.1297
0
0.0853
0.0291
1.6745
0.577
1.9021
5.6507
12.1805
2.653
4e-04
0.5956
8.5512
33.5902
5.2434
1.9995
0.3673
0.4511
0
0.0072
0
0
0
0
0
0.1398
0
0
0.4161
0
0.0288
0
0.035
0
0
0
0
0.2745
0
1.8133
0.1818
0
0
0
0.0694
0.263
0.3309
1.1008
0.5885
0.1518
0.8712
12.3273
5.9413
0
0
0
0
3.219
1.4828
25.3322
9.788
0
0
0
0
0
0
0
0
0
0
0.2985
0.6979
0.5534
0
0.0351
0
0
0
2.1724
1.2486
0.0417
0.0845
0.0024
0.0277
0.3888
0.1933
1.4568
0.0457
0.2401
0
19.7895
28.7074
9.8825
0.4183
11.1349
0.1692
0.0131
0
0
4.4187
10.0216
0.7509
2.3324
24.3076
0.0342
0
0.0822
1.2336
0.0068
0.0276
0
0
5.0985
0.0352
0.2783
0
1.5926
5.762
0
0
0
14.0269
4.51
3.8822
0
0.3767
4.9864
0
0.1089
7.4919
10.1058
4.1217
0
0
0
1.885
24.9674
3.8871
0.0014
0.2582
24.6837
7.6643
0.0379
0.0446
6.7689
8.0269
3.0603
0.0098
0
0.3995
0
2.0983
0
7.9058
0.5595
0.0033
0
3.3605
1.1253
0
0
0
0
0
1.9128
1.647
3.0935
3.6572
5.0719
9.5277
25.3978
2.7084
4.4352
2.8685
0.7377
0
0
0.6372
5.3173
0.4405
0.0153
0
0.0218
0.0188
0
0
1.1182
8.8104
0.3018
2.6895
2.4693
0.2317
0.0231
1.5254
2.5184
2.48
12.6083
5.2577
1.9239
2.8286
2.625
2.5535
0
0
0
6.2386
3.6941
3.1977
7.4464
7.3541
1.024
0.197
8.2553
3.8408
0.2184
0
2.3801
0
0
4.2005
1.3626
16.1022
3.7363
0
0
0
0
0
0
0
0
0
0
0.0012
0
0
0
0
0
0
0
0
0.1412
2.9147
0.3805
0.2956
0.2647
0.8352
0.1271
0.2595
0
0.0953
1.7089
0.3275
0
16.5538
1.0625
2.488
0
0
0
0
0
0
0
0.3275
0.2926
0
20.6035
4.2519
50.8486
7.8621
0.0659
0
0
0
0
0
0
0.1223
0.0212
0
0
0
0.3501
4.2066
1.7458
1.175
0
0.0258
0.0292
0.0371
9.8445
0.9577
0.7121
0.6196
5.2448
1.9346
16.2714
0.2824
0
0.0023
0.3502
17.0127
0.027
0.017
4.3112
22.416
1.1405
4.3368
0.0182
0.3042
1.5109
1.745
2.9433
1.2662
0.1257
0.236
0.1138
0.0334
0
0
0.0282
0.0467
0.0898
0
0.3081
0.0608
0.9799
0.4369
0
0.2967
0.0222
2e-04
0.4793
2.4092
0.1044
0.1041
1.2013
3.9891
8.3648
0.0088
0
0
6.7045
6.4002
0.1119
0
0.4697
0
1.4289
0.6159
0.1616
0.3933
0
0
0.4467
0.1658
0.5882
3.8801
7.2034
1e-04
8e-04
0.0989
0.6204
0.0788
3.5982
2.0495
0.7102
3.4791
0.0202
0.0026
1.4366
0.7251
5.0783
1.8748
10.2313
0
0
0
8.8381
9.114
0.0077
0.0855
1.733
1.3808
0.7194
0.2113
0.3247
0
0
0
0
0
0
0.966
2.3105
0.111
0.2745
0.0625
0.1024
0
2.5168
0.4369
0.3477
0.0572
0.2964
0.1236
0.5929
0.0999
0.0504
0
0
0
7.9781
18.989
5.1906
0.0012
0.278
0
1.2234
0.9496
11.8734
2.3311
0.3952
0
0.3848
0
0
0
0
0
0.6873
0
0
0.626
28.1583
14.5544
0.552
0
0
2.8662
2.6444
0
0
0.221
0.331
0.9356
1.8693
5.4997
0
0
3.0359
0.9531
0.1137
0.3911
0
0.2852
0.0012
0
4.3485
3.916
0.2282
5.7886
2.2917
0.0951
0
1.7644
5.2623
0
25.5693
19.9054
0.817
0.5025
4.189
1.2895
1.3708
11.7422
14.3685
1.4987
0.3509
0.7478
7.2936
3.0267
1.33
0.0419
2.6874
12.3059
19.6465
8.4873
0.3562
0.0092
0
10.1051
1.9743
4.3644
0
0
0.4131
1.7786
0
1.2088
1.3187
0.4043
4.1804
8.8014
0.1881
0.3093
0
0
0.1612
6.2932
3.0725
2.0791
0.667
18.3546
13.8969
1.6633
3.0599
2.1357
6.9989
5.9351
2.4748
3.0483
2e-04
0.9945
4.6934
8.6198
3.9432
0.6231
0
0.0054
0.1716
6.5926
0.1603
3e-04
0
0
0
0
0
0
0
0
0
0
0
0.3923
0.1407
0.1728
0
0.0023
1.131
5.8049
20.5079
0.9928
0.0574
9.9425
0.1826
2e-04
0.0306
0.0454
2.2901
1.3943
2.1382
6e-04
0.2945
11.5197
14.4437
11.7129
0.6032
1.0014
0
0
0
0
0
0
0.9637
0
0.0016
0
0
0.1344
0.3062
0
0
0.0028
0.3284
0.645
0.9481
0.937
0.319
0.3493
0.0105
0
0
0.0236
0.0413
0
0
0
0
0
0
0.0024
0
1.9945
8.9
0
6.2312
0.1828
0.2655
6.7777
0.9345
0.864
3.691
3.4937
0.7011
0
0
0
10.7595
12.4012
0.2835
0.2008
0
1.9621
17.3369
26.35
0
0
0
0
0
0
0
0
0
0
7.4917
0.042
0
0
0
0
0
0
0.7049
17.6597
1.1084
1.4429
0.1707
0.0295
8.3755
0.3405
0.0177
0.7561
0.0541
1.0685
1.2616
11.6012
0
0.0012
0.2905
0
0
0.4519
2.8907
8.578
8.6755
2.768
1.7426
1.6555
0
0
0.001
0
1.232
1.3407
0.4103
0.2995
0
0
0
1.0734
2.9163
14.9257
8.3848
3.903
0.1023
0.1671
5.9114
10.822
0.8073
1.1887
1.341
0.7206
0.9479
0.1758
0
0.5688
0
27.5549
7.2299
0.5322
0
0.2319
10.5134
22.1601
0.4091
3e-04
0
0
0.1034
5.7461
6.8143
0.0293
0.1375
0.0709
2e-04
0
0
0.0295
1.2516
0.3363
0.45
0.0022
5.4158
0
0
0.3462
3.5395
0.4499
1e-04
0
0
2.4772
2.3078
6.9431
0
0
0
0.5599
0
10.2763
1.2096
3.8461
2.2918
0
12.6089
1.8586
0.3575
0
3e-04
0.1725
0.4598
0
21.3426
1.059
0
0.1818
0.8531
0
0
1.8426
0.325
1.135
0.0792
1.1707
3.4174
0
0
2.0034
5.2152
2.6044
0
0
0
0
7.3976
41.7315
0.0096
2.4094
9.2153
0.1447
0
6.9851
3.5222
0
1.8601
2.9986
1.3858
0
0
1.0329
29.0741
0.0602
0
0
0.3102
0
0
0
0.4393
1.0724
0
9.5305
1.5284
0
3.3268
11.4075
2.3914
0.4762
0
0
0
1.3151
7.7823
0
0
0
0
0
0.0018
13.4938
0.7198
0
0
3.5484
0.923
0
0
0
0
0
0
0.0025
0.0011
0
2.6333
2.9968
0.1273
0.0034
4.2021
3.7636
18.0808
2.6691
6.949
1.0499
0
5.3681
0.366
0.9663
0.3981
1.3719
2.1363
0.4096
5.0304
0
0.3907
19.2106
8.8516
0
0
0
0
0
60.5277
0
0
0.6811
13.0943
4.8079
20.6419
41.2943
6.9514
0.0352
0.18
0
0
0
0
0
0
0
2.0554
2.0032
1.0274
0
2.2328
0.0442
12.7629
0
0
1.0093
13.5029
0
5.238
0.0676
26.9597
0
0
9.6081
1.209
3.2944
0.2768
0.1313
0
0.7699
0
6.7195
0.7497
39.2358
0
0
0
0
0.305
4.3501
0
0.3178
0.0146
0.2696
0.5676
2.7267
10.6998
2.3814
0.2829
0
2.7783
1.6847
2.5293
0
0
0
0
5.3272
0.361
6.8503
0.2016
0
0
0
0
0
5.2493
7.8737
7.2734
0
14.1616
14.2488
18.5628
1.1046
0.076
0.2457
0.0013
0.6951
4.0043
12.6796
0.0238
5.8629
0
0
0
3e-04
0.9649
0.0015
0.8289
0.968
0
0
0.5103
0
0.288
4.8002
6.7981
0.0167
0.0701
0
0
0
0
2.1689
0.0891
2.1968
33.7039
0
0.281
2.3762
0
0
0
0.281
7e-04
0.8751
0.8938
0.0012
0
0.7101
0.0099
0.2506
0
0
0.0044
1.76
0.0012
0
0
0
7.8081
0.1344
0
0
0
0
0
0.0444
0
0
1.8666
8.1722
9.1638
3.6465
0
0
0
0.4835
1.5275
1.8024
1.3634
0.5942
0
0.296
0.0012
2e-04
9e-04
0
0.0339
4e-04
0.5623
7.6604
1.7852
0.473
0
0
0.2624
2.1502
6.851
3.2968
0.0095
0
0.3416
0.5696
0
16.6087
1.8306
0.5534
0.002
3.007
3.7635
2.5657
0.5286
0.7847
0.0013
0
0.1881
17.1944
0.0682
0
0
0
0
0
0
0
0
0
1e-04
8.262
6.7987
6.7242
8.9211
0.8504
0
0
0
0.301
0.0293
0
0
1.6786
16.6861
0.312
7.883
19.3453
21.47
0.4868
0
0
0
2.4231
0.0042
2.079
0.0599
0.3004
0.1024
0.0742
0
0.0038
1.14
4.3404
0.0641
1e-04
0
0
0
0.0723
0.0266
0
0
0
0
0
9e-04
0
0
0
0
1.8424
6.336
3.5906
0
0
4.7745
14.6613
29.0152
12.2784
1.3684
3.1279
0.0646
0.2809
0.1289
0.8063
3e-04
0
1.086
0.1996
2.023
0.0233
2.1807
0.7088
0
0
0
7.2788
12.6875
0.6055
1e-04
0
0
0.2995
0
0
3.2944
7.356
0.1922
12.4354
5.102
0.1255
0.0241
0.1245
0
0
0
13.0315
0.107
0
0
9.9075
0.6426
0
0
0
0
0.2553
14.8307
14.7609
2.4282
0
0
0
6.8659
7e-04
24.2
1.4781
0
4.9165
0.2073
0.0437
0.0559
0
0.0987
0.2235
16.5384
0
0
5.7383
1.4092
5.2676
18.0171
10.2753
4.49
0.0052
0
1.2186
2.6564
0.3396
0
0.2557
0
0.1137
0
0
0
0
0
0
0
0
0
0.3055
3.4859
0.0475
0
0
0
0.0703
0.0013
0.2334
0.0067
1.0799
0.2275
1.1618
1.8023
0
0
0
1.5356
17.834
7.384
24.6973
16.5522
0.0432
2.9882
1.4793
0.0289
0
6.4668
0.0013
0.5707
0.5589
0.2
0
0.0945
6.343
16.2053
14.4888
8.0003
0.6065
4e-04
0.0051
0
7.0897
0
0
1.777
0.4895
0.1456
0
0
0
0
0
0.5241
2.8305
0
0
3.0731
2.845
16.41
32.7918
12.8172
5e-04
0
0
0
0
0
0
0
0
0.378
0
21.923
31.2502
14.6489
6.6172
3.409
2.138
4.8793
0.7547
1e-04
0
0
0.5332
5.2667
0.0016
8.6668
0
0
0.0608
0.437
0.1186
41.0734
41.5405
0.0092
0
0.154
1.0199
0
0
0.0298
0.07
0.0016
0.0024
0
0
6.1447
0.8624
2e-04
0
0
0
0
0
0.0013
1.3277
0
0
1.2362
6.2119
12.577
0.0739
0
0
0.0033
0.7331
0.2751
0
0
0.0199
0.3047
0.5492
9.2141
0.0455
0.3171
7.6431
7.8479
0.1875
0
0.1758
1e-04
0
0
0
0
0
0
2.997
0.0233
1.1076
1.8906
0.8452
0
0
0
0
0.1489
1.6134
0.001
8.1563
0.3211
1.2844
0
0.2813
0
0
0
0
0.2053
0
22.0606
0.1075
0
2e-04
0
0
0
0
0
0.0023
0.1708
0
0
0
0
5.308
4.3824
0
0
0.0561
0.4342
0.2664
9e-04
0.9427
0
0.0048
2e-04
2.9437
0
0
0.0025
0.3748
0
0
0
1e-04
0.078
0.2882
0
0.237
2.4013
12.9381
2.4798
0
0
0
0.3163
0
0.4574
1.7189
0.001
0.2074
0.1408
12.126
5.6194
0.0425
0.0294
0.2865
2.2315
5.7602
1.2242
0.4959
0.7646
4.5492
7.1311
2.2895
0.0063
0
0.0523
6.6098
0.0804
0
0.5632
13.4635
5.4548
0.0247
3.5268
0
0
0.2848
0
2.0815
0
6.4569
2.0926
0.1843
1.2132
0
0.7501
11.8322
0.273
0
0
0.0107
10.4308
0.4277
0
0
0.9027
2.4552
0
0
0.4514
0.3141
0
0
0.3288
3.3023
0
7.7351
8.5249
1.5025
2.0073
10.8085
0
0
17.7667
0.2317
3.3454
2.8292
0.0343
0
0
0
0
0
0
0
0
0
0
0
0
0
0
0
0
0
0
0
0
0
4.8162
0
1.1413
4.1711
0
0.1984
0
0
26.5189
0
10.5232
0.8069
0
0
5.4465
16.7819
2.7553
1.3239
0.9536
1.6319
0.809
1.637
19.0445
0.2149
0
0
0
0
0
0
0
0
0
0
0.016
0.1996
0
2.8665
0.023
0
0
0.6809
2.2488
0.5816
0
0
0.0795
5.0682
0.0413
0
0.2422
12.946
6.5061
7.7136
0.716
0
0
0
0
0
9.2277
6.8338
3.9508
0
0
0
0
0
0
0.0304
0.8087
15.6738
15.2597
1.2477
16.6253
0
0.0087
3.0095
0
0
0
0
0
0.0378
0.1402
1.8577
0.3687
13.3526
0.3384
0.4096
0
2.8389
2.7318
0
0
0
9.1936
0.0121
0
4.4645
0.1366
0
0
0
0.2297
0
0
5.2641
6.3563
4.2794
0.0502
5.5752
12.3426
0.5693
12.9277
2.8771
0.627
0.0851
2.8312
0.2074
0.4036
1.4212
4.4396
0.0397
0
0.5431
0.3232
1.2029
3.797
9.1099
3e-04
3.8428
0
0.163
5.5558
15.6914
0.001
0
0
0
2.9379
0
0
0
0.9376
10.3939
3.0204
6.7695
1.1936
0
0
0
0
0
1e-04
9.2
0.0418
0
7.4249
2.0353
0.0501
0.7007
0
0
0
2.3261
0
0
0
0
3.012
0
1.1193
0.14
0
0
3.8101
0
0.0025
0.1179
0.2423
25.7807
2.6661
0
1e-04
1.3891
16.1313
0
0
0
4.9429
6.2188
2.1915
0.0439
0
10.8492
0.2006
0
3e-04
13.7883
0.5477
0
0
0
0
0.2091
0.0067
1e-04
0
0
0
0
0
0.0405
0.108
29.1026
0.8658
2e-04
5.3471
0
0
0
0
0
0.3845
0
0
0
0
0
0
0
1.2672
3.1224
0.0022
0
0.6153
0.189
0.0027
11.4936
0.0027
0
0
0
0
0
0.4049
0.1384
12.2881
1.475
0.0031
0
0
13.3766
0
0.0716
4.63
20.1507
2.3919
0.3306
0
0
0
2.585
0
0
0
0
0
0
0
0.1416
0
1e-04
0
0
0
8.5679
6.8515
0.0299
0
0
0
0
0.7623
0.0931
0
0.9583
0
0
0
0
1.1066
3.0027
2.1048
0.6968
1.3547
0.0058
0
0
0
0
0
0
2.7086
0
0
0
2.4397
0.9528
0
0
0
0
0
5.1754
8.5221
0
3.3952
1.7913
0.0229
0.0048
0
9.6548
0.276
0
0
0
1.4813
1.8396
6.5313
0
7.7024
0
0
0.001
0
0
0
0
0
0
0
0
0
0.96
6.3422
0
0.0646
0.2535
4.9367
7e-04
0
7.2421
9.8819
0.1406
0
0
0
0.1838
0
13.4334
2.8461
1.862
0
0
0
1.4415
6.0884
1.0453
0
0
8.8363
22.4471
0
0
1.0068
0
1.5561
0
0
8e-04
1.3897
0.1168
1.0178
17.069
4.911
0.0412
0
0
0
0
0
0
0
0
17.5703
7.2196
0
1.8887
0.5189
0
0.3267
0.2706
1.1293
10.8065
0.0259
6.7018
1.7692
0
0
1.7059
0.0972
4.3271
23.6866
5e-04
0
0.5612
10.4779
0.2538
0
0.003
3.4924
30.7867
1.9835
3.301
0
0
0
0
0.0442
24.3148
1.9103
0
0
0
0
0.5774
10.6532
10.3988
13.6727
4.7035
5.1853
1.3166
17.6542
0.0014
0.0176
22.9891
1.7206
0
0.5189
26.974
0.0041
0.9116
0.1441
1.2062
0
0
0
24.4671
0.0196
0
1.6343
0
0
0
1.1403
4.1312
0
0
8.2029
2.6061
0.7549
0
0
0.1223
0
0
0
0
0
0
0
0
1.2873
23.9563
21.4663
10.525
1.1958
3.1682
5.924
0.0866
0.0015
30.919
25.4342
0
0.4029
0
0
0
0
0
0.0295
0
5.3902
0.7609
0
0
0
0.0334
16.2144
2.6202
0
1.0529
9.9466
0.0223
0.004
0
0
0.0291
0
2.4168
0.6375
0
0
0
0
0.1629
32.3566
2.8889
6.5165
0.0018
7.2807
0.794
0
0
0
0
9.6336
3.7678
0.0866
29.0881
4.074
1.4167
0.0024
0
0
0
0
0
0
0
13.5547
23.4496
8.6714
0.7644
0.1076
0
0
0
0
0
0
3.2656
0.3972
4.0773
0.2421
0
0
0
0
0
9.6516
2.8992
0.1931
0.4427
0.0783
0
0
0
0
4e-04
1.1534
0
0
0
6.9704
1.5968
8.004
8.3465
0.0576
0
1.9249
0.1277
0.6469
0.0512
0.1062
0
0
0.3878
0.0602
0
0
0
6.1735
2.4221
1.9042
4e-04
1.8701
0.1595
0.0878
0
0
0
0.096
0.0817
2.9937
2.5425
0
0.3153
18.9389
5.5089
3.3096
7.5097
0.0312
13.6272
5.9759
0
1.5728
4e-04
0.2186
0
0
0.0372
0
0.1952
0.2614
0.401
0.0052
4.456
0
0
0
0.2525
0.2524
1.5694
0.1281
0
0.1163
0
0
0
0
0
0.442
0.2314
0
0
0
0
0
0
0
0
0
0.2191
0
2.6084
0.0428
0.5569
9.6007
2.1311
0
0.1291
0
0.3744
0.8377
1.8072
0
0.3734
11.7281
5.8945
0
0
0.0192
13.1078
2.0278
0.4853
0.0128
0
0
2e-04
0
1.141
0.2387
1.1868
6.1503
0
0
0
0
0
0
1e-04
0
0.73
0
0
0.1312
0
1.6715
4.1541
7.5594
0.0098
0
8.8353
1.9794
0
0
0
1e-04
0
0
0
0.4646
0
0
2e-04
0.052
0
0
4.3101
0.0045
1.1837
0
0
36.1337
0.3051
0.6876
4.4
3.9855
7.42
0.618
0
0
8.5848
0.5678
0.9944
0
0
14.6666
1.807
6.795
0
0.2858
0
0
0
0
0
0
7e-04
0
0
0
0
0
0
9.8747
0
0
0.2198
11.3178
0
0.1306
28.61
20.8039
0.6018
5.2644
0.0504
0
7.4666
1.6834
0.3548
4.1196
6.2096
11.3175
12.1334
0
3.1201
0
0
3.0293
9.4737
0.1746
0.743
5.2944
10.7792
0.0886
8e-04
0.1279
0.1283
0.3079
2.1828
0
0.3652
3.2884
1.9422
0
0.5925
0
0.8045
4.2905
4.2011
4.8521
0
0
0
0.9797
0.1784
0.2318
1.2918
1.4282
0
1.9147
1.0369
0.7314
0
0.0558
0.1874
0.7728
3.0042
0.1046
0
0
0
0
0
0.0692
1.2563
2.2627
0.8823
15.3079
0.533
0.1327
0.756
32.483
0.1418
2.3355
0
0.4022
8.8403
0.2414
0
0.7973
6.4786
0.0605
0.1531
0
0
0
11.0228
0.2861
0
8.702
0
0.3618
0
1.1247
0.0136
0
7.0448
0.1998
0
10.9169
13.3808
0.1435
0.7977
0.9881
1.6537
3e-04
0
0
0.8164
0
0
0
0
0
0.0294
0.3083
2.4298
6.7799
21.4944
0
0.2054
0.9509
2.7317
0
0
0.0012
3.2794
20.6669
0.3221
9.2437
0.0081
0.0598
12.2115
1.6012
0.9259
0.3412
0
0.0339
0
0
0
0
1.9015
30.8542
8.9811
0
0
0
0
8.0175
18.6277
0.2612
16.5674
3.7482
18.7196
0.4564
0
0
0
6.5944
10.3637
7.3783
4.1736
15.8606
0.6818
2e-04
0
0
0
0.4053
0
2.1977
0.0052
0
0
0
0
2.3648
0
0
0
0
0
0.323
1.9935
0
0
0
3.2518
0.0387
0
0
0
1.3116
2.613
0.0935
3.125
5.7001
11.0975
18.176
0.0207
0
0
0.57
0
0.2848
0.0154
0.059
0.47
0
0
0.4696
5.1805
18.0743
0.0167
5.4437
25.0975
2.7457
0.3599
0.029
0
0.0274
1.9316
0.2611
0
7e-04
0
0.4178
7e-04
0
0
0
0
0
0
0
4.4452
0.7028
0
0
0
0
1.1369
0.5979
0.1314
0.5213
0
0.1593
0
0.0664
0
0
0
0.3911
5.3324
0
0
0
0
1.969
21.5649
12.8983
21.7985
0
0
0
0
0
0
0
0
4.7851
4.9179
0
0
0
0
0.3936
0.1545
0
2.5583
10.4632
0.3931
0.9119
0
0
0
10.6439
0.3125
0
0
1.4508
8.8122
0.0018
0
0.0777
0.1566
0
9.8243
0
0
0.3476
0
0
1.5094
3.1169
0
1e-04
0
3.5562
0.5003
2e-04
0.6318
3.2721
6.4101
11.648
1.1323
0.2166
9.4065
4.4274
0
1.8627
11.3567
2.6252
0
0.059
0
0
13.2488
11.7591
0
0
5.8502
20.914
3.7317
0.1494
0
0.0835
0
0.3428
11.0312
4.1718
0.2914
2e-04
0
0.3731
0
2.3418
10.3502
0.445
0.291
0
16.1183
0
0
0
5.2598
1.4202
9.4004
3.2572
0
3.9595
20.8392
15.01
0.4112
0.523
4.282
4.5328
1.6332
0.0239
0.8824
0
0
0.0432
0.5921
9.4608
1.622
0
1.5646
7.5907
1.2233
0.491
0
1e-04
9.5985
12.4334
7.837
7.5361
0
0
0.055
0
0.8385
4.8069
0.2405
4.3129
0.2808
0.3007
0.4247
0.4594
0.2395
0
3.1516
0
0
0
4.1322
0.8381
0.9912
0
0
0
0
0
0
2.4848
0
0
0
0
3.6944
1.2977
0
0
0
0
0
0
0
5e-04
2.2759
0.0398
0.3033
1.5914
8.4529
0
0
4.3545
6.0818
1.3681
16.0682
1.2137
0
1e-04
0
0
0.2935
3.2273
0
0
0
0
0
0
1.802
0
2.8376
0.7556
3.4937
0.4927
0
13.7907
0.2944
0
5.8377
28.5987
2.5164
0
0.0526
0
0
0
0.0215
0
0
2.2184
2e-04
1e-04
0
0
0
0
0
0
0
0
0
6.5332
1.8986
0
0.0227
0.6595
3.7362
20.6406
2.0022
0.2409
0.0859
0
0
0.0461
30.1439
0.1435
1e-04
0
0
0
0.1561
5.5963
0.1282
0.001
0.4095
0
0
0
0.0454
0
0.5035
0
0
0
0
0.5064
12.2356
0
0
0
0
0.13
18.0087
3.2251
0
0
2.1992
0.0091
1e-04
1e-04
0
0
0.8341
6.6036
0.8574
0.1723
0
0
23.415
7.54
0.2828
0.2117
0.1736
3.0528
1.9806
0.3044
0
2.9743
0
2.1671
11.8369
0.6111
0.6971
0.1393
1.6158
0.8132
0
0.2944
0.8685
0.001
2.4508
0
0
0.3586
0
0
0
0
0
0.1178
0
0.4808
5.4162
0
0.0024
0.1206
1.8851
21.2171
3.7126
0.2568
0.954
0.1119
0.6459
8.74
0
0
0.4378
0.144
6.6507
9.2507
2.5122
3.3278
0.3424
0.8367
1.3186
2.7984
0
0
0
0.3125
0.128
0
0
1e-04
4e-04
0
0
0
0
0.2607
0
0
0.0472
2e-04
0
2.4715
0
0.2689
4.0661
0.5749
0.011
1.5152
0
8e-04
3.4257
1.0184
0.107
7e-04
0
0.1677
0.6415
0
0.0664
0
6e-04
0.2822
0
2.6016
0.1519
1.1643
0
0
12.6482
4.6174
1.2273
0.1989
0
0
0
0
1.2801
0
0
4.4457
1.227
0
1.287
2.5909
0.0693
0
0.1108
14.9385
0
0
0
0
0
2.1615
1.4314
13.1224
0
0
0
2.6516
1.2663
0
0.1159
14.0915
0
0.1825
1.7426
0
0
14.3137
22.5377
0.0613
13.8312
0.0775
0
0
0
0
0
0
0
0
0.0897
1.5768
0.8292
2.9102
0.6744
0.4232
0
0
0.1178
0.847
0
0
1.709
1.0419
4.6094
18.0471
0.3331
0
21.4852
0.7092
15.8548
3.6256
19.5457
13.4561
11.5322
4.3858
0.1714
0.268
6.0244
0.3101
0.0328
0
0
10.6721
0
0
0
0
0
0
0.6682
2.2701
0.6612
0.2325
23.7102
0
0
5.0179
1.3966
0
0.0881
1.1176
19.7757
0.1511
0.1029
14.6847
25.9246
0.2484
7.8701
0
0
4.2603
0.026
1.2238
0
0
0
0
0
0
7.6402
3.4905
0.1712
1.2333
3.814
2.3264
11.5315
0
3.2107
5.1355
0.0702
19.1996
28.9307
8.5429
6.8779
0.5013
0.4034
0
0
0.7957
0.0062
0
0.7219
0
0.694
29.5883
7.4937
0.3389
1.5536
0
0
23.5688
0.7573
0
0
0
0.0936
22.9842
13.7989
17.6017
2.6324
0.4229
5.5498
0.9001
3e-04
0
1.5717
3.9343
0
0.0012
1.9289
3.59
0.0214
0.0383
0
0
0.0271
3.3634
0
0
2e-04
7.1346
2.6353
0
0.1338
3.9303
2.8061
44.1713
4.622
0.1025
0
0
0
0
0
0
0.0644
0.0355
0
0
1.5813
7.05
0
0
0
7.4474
0.7442
0
17.299
1.5405
3.6815
4.2903
0.0119
26.8331
2.4
1.1452
0.2545
0
0
3.2742
2.725
0
0
0
0
0
1.9734
0
0
0
22.5944
5.1617
1.8843
0.2042
0
0
0
0
0
0
0
4.754
13.9478
0
2.8138
1.9736
0.0595
0.2348
4.5205
0.1027
0.0221
0.0736
0.0255
7e-04
0
0
0
0
4.5246
7.4116
0.0034
1e-04
1.094
1.6851
0
6.4143
4.978
0
0
0
0
6.4784
0
0
24.6416
11.8379
0.0511
0.0905
0
0
0
0.001
12.5615
0.9406
0
0.0986
0.1096
11.9522
0.6106
1e-04
0.1247
4.8073
0
3.9105
0.0132
0
0.3152
1.3865
0
0
19.6573
3.1416
0.5159
0
0
4e-04
7.6957
9.1746
0
0.1386
2.5825
1.6091
19.224
2.7056
5e-04
0
4e-04
0
0
0
0.2196
0
0.8715
0.6488
0
1.9319
1e-04
0.4408
0
0
0
0.2106
0.1322
0.1414
0.9598
5.0929
0
0
0.1694
0
0
0.1107
6.1487
0
2.0216
0.1545
1.1131
0.4526
8e-04
0
0
0
0
0
0
0
0
0
0
3.3708
0.8583
0
0.5548
0.832
0.0607
0
0
0
0
7.8099
0.4251
0
9.1252
5.6053
9e-04
1.0634
0.2494
2e-04
0
0.3064
1e-04
0
2.2294
0
3.5522
0.5652
1.6959
2.2124
5.0276
0.1366
0.5349
0
5.0792
3.0048
11.0481
0.7285
0.2702
3.622
12.6739
1.3342
0.4965
4.4769
0.0348
0.1026
0
0.0817
0.0251
2.3155
0
0
0.1287
1.4505
5.6003
1.1205
0
0
0.4608
0.0014
0
1e-04
3.9777
1.516
2.4731
0
5.164
0.8789
0.4245
0
0
5.5505
2.0537
22.0771
0.1668
0
0
0
9.3829
0
0.1829
5.4032
2.8797
5.998
1.7366
5.833
11.1542
0
2.7789
6.771
3.2633
0
31.7814
3.5303
0.8159
7.8709
0.8362
0
0.064
0.7372
0.0353
12.1854
21.523
0.6482
2.9607
0.0038
0
0
0
0
0
4.9498
5.2274
28.4031
10.5225
0.0075
12.0298
1.7017
2.7135
7.6849
0.6517
0.0355
0
0
0.8101
0
0.6086
9.0195
0.0601
0
10.6062
0.3017
0
0
0
0.2391
2.1631
0.4361
0.8021
3.3228
0
0
0.1516
2.378
4.4597
1.8586
0
0.1544
0.3683
4.4531
9.73
0
0.0429
0.7321
9.6952
4.4466
0
0.75
4.5579
2.828
0
0
1.3405
17.9993
0
0
0
12.1257
0.9139
0
0.0023
0
0
0.2281
0
0
0
0
6.7337
0.151
0
1.8038
17.3959
16.4939
0.0469
0.5366
0
1e-04
0
0.634
23.5364
12.0251
11.0411
0.0852
0
2e-04
0
2.1638
1.4118
0.1336
0
3.4517
8.1795
1.2712
0.0411
0
0.0281
0
0
0
0.0636
7.8426
0
0
0
0
0
0
0
0
0
0
0
5.6566
0.0192
0
1.2654
0
0
0
0
0
0
0.0473
0
0
0.0306
1.833
0.3287
18.7712
0.5225
1.8693
12.2527
0.6859
0.5245
0.1807
0.0633
6.1921
3.6773
0
1e-04
8e-04
3e-04
6.2857
2.1795
0
0.014
17.1073
3e-04
17.4669
0
0
0
0
0
0
0.5781
0.0026
0
0
0
2.7886
4.2192
0.4477
16.0716
1.3864
8e-04
1.4106
0
13.9536
5.1431
0.193
0.2675
3.5662
0.9608
5.1303
5.931
0
0
0
0
2.4743
8.814
1.3015
1.5719
1.3552
2.5729
1.2165
0.1482
1.1674
0
0.0022
0.4543
0
1.104
0
0
10.4752
16.8331
0
4e-04
1e-04
0.305
0
0
0
3.8518
0
4.1258
17.0788
2.311
24.272
9.7968
0.0104
9.1333
0
0.0333
8.7831
29.4624
12.6905
3.7853
0
0.4425
0
0
1.2768
0.1922
0
5.1998
1.0003
1.3503
0.1022
0.0246
0
0
1.691
0.72
1e-04
0
0
0.1321
0
0
0
9.1132
7.3494
3.4935
0.2027
0
5e-04
0.4647
2.3659
0
6.9259
0.1166
0
0
5.7506
2.3294
0.1005
0
0.0011
9e-04
0.1128
0
3.0393
3.0162
0.0274
0.1883
0
0
0
0.6527
0
6e-04
0.1064
1.4482
2.0251
0
0
0
0
0
0
2.4581
1.2712
0
0
6.2309
0.0524
4.5646
1.3077
1.6398
0.75
0
0
0.0701
0.7839
22.0421
0.024
0
0
0
1.8342
0.003
0
0
0
2.3464
0
0
0
0
2.3221
1.1874
1.1874
5.5403
9.293
9.0864
21.731
9.0381
1.0233
15.0946
0.7558
0.0643
0.9486
2.6123
0.2422
0
0
0
0
0
0.0318
0
0.0645
0.9218
2.1116
0.3248
5.8002
6.3106
0
0
0
0
7.092
3.0826
0
0.6771
3.4689
1.1369
0.437
0
0.2528
6.363
0.0822
1.2865
0.0291
0.1793
0.0168
0.1635
0
0
2.5195
0
6.272
1.1798
1.4347
0.2186
0.0251
1.1781
1.1503
0
0.7645
0.2627
0
0
0
0
0.3935
0
0
0.0448
0.7069
0
2.6604
9.5028
10.3004
3.2147
0
0.2491
0
4.7199
0
0.4078
0.3855
2.1251
0.2873
0
10.0994
3.0258
12.7577
8.5444
11.56
7.5473
0.7557
7.761
0
18.6036
1.3937
0
3.2878
4.0458
2.5555
41.2935
1.7036
0
7e-04
0
0
1.2653
1.2658
0.079
2.6415
1e-04
0
0.0043
1.5267
3.0831
1.4426
0.0676
5.9863
10.8617
0.1167
0.0039
0
0
1.4511
4.7344
0.0808
0
0
0
0
0.021
3.7162
0.6049
0
23.9401
26.0773
0
0
0
0
0
0
0
10.3246
0.2243
0.3236
0
0
0.4554
1.7089
0
20.3687
1.1838
0.2182
0.0859
0.0185
0
0
28.1851
5.3513
3.6181
31.6847
0
0
6.76
0.3735
0
0
0.0506
0
0
0
1.7863
1.0445
0
0.2668
0.6466
0.0423
0
0.3404
0
0
0.5505
0.0938
0
1.6315
1.3677
3.2006
0.1062
19.0391
2.1457
0
0
0
0
0
0
5.583
0
0
0
0
5.0538
0
1.4344
3.7538
0
0
0
1.8209
0
19.3694
7.0871
0.2855
0
0
0
0
0.0435
2.505
1.1342
0
0.1768
3.6995
2.3663
16.1496
0.6112
0.3931
1e-04
0
3.0981
0
0.0235
0
1.8131
4.6606
0.069
0.1771
0.0772
0
0.1849
8.7134
0.3449
0
1e-04
0.022
0.0227
0
0
0
0
14.3678
3.3655
0.001
11.3915
4.8781
0.0691
5.6429
0
18.5999
6.745
0.3768
0.943
0.296
0
0.0536
0
0.2366
1.738
0
4.4356
2.566
0
0
12.3756
10.7872
0
0
3.4183
0
0.033
0.2774
0.6708
0
0
0
6.7272
2e-04
0.0251
0
5.517
8.4794
14.6469
0.955
0.381
0
0.0377
0.0751
0.2645
0
0.7092
0
0
0
7.0311
8.041
0.4698
0.3677
0
0
0
0
0
0
0
0.1499
0.0114
0.0835
1.5985
1e-04
0
0
0.7219
0
0.0249
5.5347
4.3
0.3323
14.3551
11.1591
0.1347
2e-04
0.752
0.8436
0
0
0
0
0
0
5e-04
0.3515
0.6861
0
1.0349
0
0
1.5262
7.4768
3.5251
10.8489
0
1e-04
0
11.2214
0.1008
0
0
0
1.0262
0.0075
5.7915
0.027
0.2407
8.8886
0
0
0
5.9387
0.7945
2.2926
1.5085
4.7066
0
0
0
0.2094
0.3452
0.5872
11.8811
0.0059
0.1522
0
0
0
0
0
7.0543
17.9529
6.206
12.836
7.0045
15.9716
6.46
2.3612
10.7715
2.8203
0.2933
0.8796
0
0
0.0614
24.3035
10.2601
2.0967
1.3376
0
3.8706
4.8032
5.7372
17.9014
5.7661
5.5024
0.0103
0
13.5072
0.8113
1.6784
0
0
0
0
0.0287
0
0
0
2.1074
12.2811
8.4125
21.2876
49.9459
2.4288
0.0336
2e-04
0.0011
2.3226
3.324
0.0628
0
0
3.6152
8.8866
9.3531
0.013
0
0
0
0
5.9741
3.9053
31.9414
3.6161
20.0964
0.1211
1e-04
0
0.3742
0.0023
0.0169
0.672
7.389
0.1675
0.0417
0
0.5519
3.8186
23.2664
0.0655
4.5599
0
3.0223
0
8.5416
0.2599
0
0
1.1154
0
0
0
0.0289
0
0
4.0185
0.0027
0
0
6e-04
6.1757
0
1e-04
0
0
4.3158
0
0.2266
13.1394
5.3037
28.2897
0.2368
0.2077
1.033
2.1231
0
0.0336
6.6359
3.941
0.0209
0.1464
1.2887
1.4853
0
14.6013
6.9818
0
5e-04
0
0
11.7297
6.338
8e-04
0.109
0.151
4.8326
0.6015
0
0
2.5844
11.7571
0
10.1771
3.3564
7.0733
0.2921
3.2597
0.3011
0
0
0.0657
0
0
11.6788
0.195
0
0
0
1.679
52.6686
0.0918
3.43
3.5742
0
1.4142
0.1211
0.3589
0.1395
2.7136
19.3175
7.4912
0.0022
0.356
1.8162
0.0023
0.3007
1e-04
0
1e-04
0
9.8094
0
0.5548
0
4.4775
0
1e-04
0
7.3233
22.2444
1.0827
0
2.908
6e-04
0
0
0
0
0
0
0
0
0.3164
19.9438
45.8644
0
0
0
0
0
0.0801
0
0
0
0.0219
5.6361
4.4067
0
0.333
0
0.2124
4.6395
0.0265
0.0076
5.1173
13.0104
0.2755
0.2736
4.9894
7.4151
0
0
0
1.0159
8.7144
8.936
0
0
0.9522
31.2197
17.2234
2.4467
0.8986
0
0.0852
0
2.619
18.5484
6.4676
23.6576
0
0.0287
0.1237
0.1461
0
0.7373
0.1661
0.0846
0.4406
0.0283
0
0
0.571
0
0.8013
0.0052
0
0.112
0
0
0
0.4869
0.0918
0
0.0982
0.0253
0
0.2593
7.4708
2.9012
0.1937
0
1.6174
0.0229
0.033
0.7851
0.0753
0.0759
0
0
5.6085
0.8257
0.0286
0
14.8576
12.5594
0.2548
0.0056
0
0
5.2697
0
0
0.3183
0
0.0231
0
3.4674
22.9668
1e-04
0
0
3.9155
0
1.8312
2.5062
14.3891
2.438
2e-04
5e-04
0.3854
0.5239
0
0.0958
1.7036
5.0995
0.1693
0
0.5461
0.93
0
0.1119
1e-04
0
0
20.321
3.1781
1e-04
0.8934
3.037
0
0
0
0
5e-04
0
0
0.1365
0
23.2478
22.5641
9.5634
0.2668
1.8706
1.1263
11.5508
12.0148
0
0
0.0018
0
0
0
2.9565
1.9677
0
0
0
0
0.0524
9.5167
0.4727
0
0.0442
0.0074
0
0
0
0
0.8127
6.8926
1.3031
0
0.1317
0.0354
0.0228
3.0393
10.4198
0.957
9.4774
0.0365
0.1867
0
19.2578
0
0
0
0
0
0.0359
0
0
1e-04
1.2629
8.2105
0
1.2971
0
0
0
0
0.004
0.7106
8.8014
2e-04
0
0
0
0
0.6949
5.0107
0.3104
0
0
0
4.9571
0.8228
0
0.7582
0.0488
1.4172
0
4.533
0
24.657
0.0018
0
0.0018
0
0
7.0943
2.059
18.5016
2.7983
3e-04
2e-04
0
0
0.0126
0.0576
2e-04
20.9204
14.6182
13.5718
3.8006
20.8806
1.9688
0
0.0351
0
1e-04
0.1591
12.78
0.1612
0
12.2232
66.1093
58.9341
5.8238
0.1664
2.578
5.9719
0.0018
0.0362
0
1.1742
0.0059
0
0
0
1e-04
0
0
0
3.9105
3.7904
39.2585
0
1.2897
0
0
0.1802
0
0
0
0
0
0
0
0
0
0
4e-04
13.1261
0.2795
0.0625
0
0
6.8832
3.6433
0.6346
0
0
0
0
0
0.5734
0
3.8949
0
0.0307
0
0.0793
3.3642
0.2518
2.7611
0.7475
0
0
3.4459
32.385
1.4654
0
0.0011
1.6825
0
0
0
0
0.1642
0
0
0
0.1643
0
0
0
0
0.6309
0.0407
0
0
0
6.225
18.0075
0.2639
0.5113
0
1.0588
1.4003
2.2873
0
0.0705
8.0863
30.8238
0.0976
0
0
21.4674
0
0.2177
0.0566
0
4.4683
0
0.82
0.3282
3.8974
0.7678
0.0602
0.1314
10.5926
0
9.1949
25.7114
1.5343
0
15.8864
2.4183
3.4232
1.2278
0
0
0
0
8.3523
0
0
2.045
0
2.0575
2.1766
0
0
1.1703
0.0016
2e-04
13.5831
31.7323
1.3657
1.0191
0
1.8535
1.3164
0.2766
0
0.5176
0.083
0
0
0
0.5193
0
0.4623
0
0.5156
0.6824
0.1169
0.4989
4.4433
0
7.8076
0.3781
0
4.6495
32.9051
52.2757
0.3959
0.5692
1.3019
0.5066
0
3.3467
3.7182
0.3791
0
0
10.1182
1.699
2e-04
0.0814
0.1081
4.8031
1.603
0
0
16.7718
0.0011
0.5789
3.9152
0.0108
0
4.9868
18.7053
9.8962
0.3062
1.8703
8.7063
0.0426
3e-04
0
0
0
1.9832
2e-04
0
0.1323
5.1138
29.1879
0.7288
2.5259
6.0808
0
0
0.0572
0.0219
8.2726
23.1243
0
4e-04
2.4425
9.1912
0
0.427
16.1813
2e-04
0
0
0
0.8841
2.3186
13.3527
4.8801
3.5763
0
0.0997
0
0
0
2.6594
3.0139
1e-04
0
0
0
5.1521
1.1751
0
2.3664
11.0334
0
0
22.3125
5.2979
0
0
0
3.4119
7.8345
0.9185
2.2942
12.7885
2.2508
0
7.2782
0.262
4.3894
0.5331
7.2748
0
1e-04
0.033
0.3658
0
0
0
0.5418
0.5316
0.3982
0
0.0067
22.8168
0
0
20.2511
8.7373
0
0
1.4518
0.2495
2.3276
27.0956
0
0
11.3347
6.7315
0
2.5513
0
0
0
0
11.4822
8.8229
1.8059
0
2.8936
31.983
1.8948
14.1913
0.9238
0.8426
0
1.832
32.3883
0.0105
0
0
0
15.8744
9.0716
3e-04
1.0107
3.371
4.0644
0
0.1155
0
2.311
0
1.755
3.6382
1.526
1.1977
7e-04
0
0
0.2987
0
0
0
0
0.0984
2.2576
0.0714
0
0.4006
1.0647
0
0.8277
0.2295
1.7534
3.5412
5e-04
0
0
1.8755
0.2793
0
0
0.6818
0
0
0
0.2555
0.9722
4.0153
0
2.1465
0.1624
0.1424
0.2334
0.0822
0
0
0
0
0.3183
1.9138
0.0074
2.2558
0
8.3159
0
0
54.027
13.4113
3.1983
0.2718
0
0
0
0
0
0
0
0
0
0
0.1074
0
0.0357
2.5004
7.5475
0.1179
0
0.8444
0.0157
0
0.0316
0
4.3728
0.1704
0.8402
0
0
0.0836
0
2.3973
15.4044
0.2948
0
0
0
0.8881
0
0
9.1515
0.947
1.0895
3.2034
0.7058
6e-04
1.1788
0
0
0
1.6811
0.1183
0
0
2.0907
0.0555
1.3244
0.2302
0
2.3402
13.9383
4.1916
29.8637
2.0363
0.0087
0.0524
0
0
7e-04
0
0
2.3846
0.4101
0
0
0
0
7.2696
2.7799
2.435
0
0.5122
0
0.187
0.1115
0.0308
19.7158
12.2207
1e-04
8e-04
0
3.0423
4.652
1.9672
2.2277
0
26.7393
0
2.8558
0
1.3756
19.1435
0
5.7463
0.9711
6.1488
0
0
0.1468
0
0
0
0.6024
0
0.9709
0.6356
0
3.3604
10.8687
1.6455
0.2062
5.6769
3.6648
0
0
0.2824
0.1254
0
0
0
0
0
0
0
0
1.5028
18.5618
0
0.264
0
0
0
5.0223
0.2081
0
0
0
0
0
3.2487
42.0388
6.6549
0
0.6048
0.68
0
0
12.7976
0.2891
0.238
2.8619
0.0266
0.1904
0
0
1.6226
6.6515
0
1.7164
0.3891
0
0
0
0
4.7741
48.7533
0.4258
16.3284
9.5047
0
0
0
0
0
0
1.407
1.3476
0
0
0
0
0
2.6226
0.1848
0.0095
0
7.2269
0.8121
0.321
0.7168
0
13.3877
0
1.8064
16.4917
6e-04
0
0
2.775
0
0
4.941
17.2862
1.3359
0.4565
0
0
1.8215
14.4037
2.268
1.0233
1e-04
0.092
0
0
0
7.4428
1.419
12.1378
5.8359
0.7444
0
0
0
4.5891
1.4753
9.7214
0.048
3e-04
0.2964
0
3.509
27.3599
0
4.5317
0
0
0
0
0
0
0
0
0
3.9777
24.2836
15.5791
0
0.0974
0
5.3952
9.2886
3.8025
0.0093
0
0
0
0.8593
0.2237
0.5676
4.8435
2.9316
0.6151
0.1154
0
0.0212
3.6753
0
36.1486
10.9689
0
0
0
0.004
1.348
8.5423
0
0.0021
0.1269
0.1289
0.0014
2.7404
0
0
0
0
0
1e-04
0
0.0194
11.8282
0.0016
0.7767
0
0
0
2.1406
0
0.1632
1.0858
0.6464
7.654
13.7377
3.27
6.9013
0
0.8597
1.1912
10.1078
4.8922
0.7707
0.0175
1.732
0.3591
0.3346
0
0
0
3.5813
0
0
7.2444
0.282
0
0
0
0.067
11.2734
7.7359
0.0012
6.5984
1.8901
5.9499
0
0
0
0
0.3012
22.8471
3.7323
0
0
0
0
0
0
0
0.0104
4.5202
9.508
0.3115
0
0
0
0
0
0.6627
0
0
0
0
0.5835
3.9359
0.8583
0.7393
0.5052
0
0.3609
0.6437
7.6483
0.0852
0.0844
0.1365
28.9609
0.0733
3.6009
0
0.4847
2.8537
2.1441
15.5071
2.1311
0
0.2988
0
1.6931
5.77
0
0
0
0
0
0
8e-04
11.5067
1.353
0.0024
0.0605
1.3074
6.2652
0
0
9.7351
0
0
0
0.2058
0.194
0
0
0
0
0.0438
0.0616
0
0
0
0
0.4689
0.0372
0.091
3.9103
1.5101
0
0
0.1273
0
0.5177
1.1053
2.1353
0
2.1925
3.4596
0
7.7233
6.3519
0
0
0
0.0278
0.7423
12.8169
0
0.1274
0
7.9786
0.15
0.1518
0
0
0
7.4854
0
0.6811
1.8632
0.0924
0.0908
12.2125
1.3777
2.2034
0.2142
0
0.3097
0.8017
0.3438
0.0317
0
1.7113
0.2828
0.001
5.7683
0.2786
0.5223
0
1.1333
0.0333
0
0
0
0
0
0
0.1283
0
0
0.3771
0
9.3333
2.5308
0.0039
0
1.3479
0
0.0373
0
0
0
0.112
0
0.7381
3.9115
0
0
9.369
2.4342
0.4392
0.6224
1e-04
0
0.0133
0.7292
1.0483
0
0
0
3e-04
6.7408
0
1.921
1.514
3.5963
1.2424
0.1556
0
0
0
0
0
0
0
0
0
0.725
0
3.139
9.484
5.2428
0.8981
0.035
0
0
0
0
0
11.2228
0
0
7.1351
0.9668
0
10.7402
4.8554
0
0
0
0
0.0514
0.0257
0.9999
0.5973
7.8841
24.7415
0
0
0
0
1.3503
0
0
1.5106
6e-04
0
0
0
0
0
0.0728
7.9972
22.8973
18.848
0
0
0
0
3.5639
7.0503
5.3163
3.3872
0.882
3.3078
1.9751
6.0619
0.0012
0
25.4815
6.0229
0.6037
8.9037
8e-04
0.0772
21.779
3.2801
0.0014
0.7852
7.8328
2.8474
0
0
0
0
7.6395
1.1493
0.3047
0
20.463
18.0574
2.0222
0.0086
0.7889
23.5953
3.5013
0
0.9006
10.853
0
2.2392
0.3758
16.8609
3.4679
5.4832
0.5072
6e-04
0
2.333
0
0.1021
7.5456
10.1243
0.92
0.2406
0.4672
16.8581
17.1414
0
0
0
0
0.1033
0.1572
0
0
0
6.3354
19.6625
1.1379
1.1709
2.1853
0.3587
0.3925
0
2.7544
0.0025
4.8873
0.6372
0.0661
3e-04
5.4685
5.903
16.7339
12.6257
0.0771
0
4.9236
1.4347
0
0
0
0.1224
2.4472
1.6681
11.1241
0.5868
0
0
0.0748
0.2978
12.9918
6.6731
0
3.0206
6.1187
2.6904
0
0
0
0
15.9515
0.3471
0.0222
0.6288
5e-04
0
0
0
0
0
0
0
1.8531
0.6628
0.0701
0.1273
0.0716
0.3746
0
0
0
5.2973
0
0.1027
0
0
16.4009
0
1e-04
0.434
0.0638
0
0.4275
0.9135
0
0
0
6.3589
20.6539
2e-04
1e-04
0
6.2641
7.7398
0.8742
6e-04
3e-04
3e-04
0
0
0
0.0317
0
1.8386
7.2492
0.9752
0
0
0.1159
0.0013
0
0.3699
0
0
2.4476
0.004
12.2535
2e-04
0
0.037
0.2351
0
0
0
0.3789
1.3968
8e-04
0
0
0
0
0.0114
0.0527
0
0.2065
0.8135
0.2054
15.4354
9.349
0
0
0
0
4.4838
5.1083
0.1486
37.0894
6.7221
0
0
0
18.1107
0.1579
0
0.0148
0
6e-04
0
0.7134
0.113
0
0.5003
0
13.3656
0
0
1e-04
0
3e-04
0
0
0
0.0548
0.3569
0
0
0.106
0.2015
0.2297
0
0
0.8746
0.3605
4.9236
0
0
0
0
0.0898
2.5561
3.2363
0.4414
0
11.5606
1.4594
0.7956
0
0.0515
0
5e-04
2.9956
0.4458
2.1688
0
1e-04
0.4452
0.9164
0.0393
0
0.9816
0.0605
0.3192
0.1168
0
6.6089
10.1974
0
0.7088
1.5129
0.6478
0.989
0
0
0
0
0.9767
0.2071
0
0
0
0
0
0
3.8045
11.0547
1.2741
0
1.3742
8.2038
0.1211
0
47.5728
0
0
0
1.3248
29.1638
5.0524
0
0
24.4362
0.1017
3.8799
2e-04
0
0
7.021
0.3911
0
0
0
0.132
2.0409
1.0208
5.0981
2e-04
0
0
0
0
0
1.2509
0.2372
0
1.2353
0.5597
24.2923
0.2643
0.3947
0
13.4788
0
1e-04
2.0472
1e-04
1e-04
0
0
10.0956
1.1114
3.7206
14.9668
15.55
0
8.2815
10.3946
2.4814
33.4684
1.8134
7.2747
2.3999
0.1901
0
1.6397
7.0258
16.8558
0.1005
0.0328
1.4498
0.8873
0.3732
0.3343
3.3646
0.0112
3.2616
2.9139
14.7682
11.3005
10.6577
3.3104
4.3036
3.9571
0.0463
0.1599
0.4656
2.5438
10.4813
31.8352
22.6604
7.1255
1.1818
11.6241
1.0785
0
0
0
0
1.2228
1.9715
4e-04
0
0
2.7308
15.5192
2.0054
0.0092
0
0
0.1989
2.1137
0.402
2.5986
12.2068
1.3702
4e-04
2.6679
2.3512
2.3028
0
0
0.172
0
0
0
0
4.5761
0
0
0
0.0022
0
0.9113
0
0
24.2041
0
0.1997
0
0
0
0
21.7402
1.2451
0.1358
0
3.6588
30.9923
34.8091
0.9313
0.8754
0
3.4845
3.778
2.4793
0
12.5267
1.9525
7.0594
0.1544
0.1998
1.5965
27.9011
1e-04
5.7312
2.3532
0
0
0.0173
7.5349
0.151
5e-04
0
0.1014
3.1344
0.0227
3.5644
0.2422
0.1148
24.6121
18.6828
8e-04
0
0.0137
0
0
0.6928
1.3721
0.9651
0.3089
14.4575
0.0299
0
21.5779
28.4643
10.2218
2.6974
1.0415
0.1502
0
0.2649
3.4766
0
1e-04
0
8.6319
0.1235
8.6218
0.1307
22.3603
0.1757
0.2604
46.7396
0.0904
2.3125
11.1278
2.1747
5.3698
0.0713
0.4014
0
0
0
0
0
0
0
3e-04
0.7193
1.0568
1.2834
1.467
1.9444
0
1.9725
39.3359
20.4092
0.3568
0
1e-04
4.018
2.1275
4.3178
8.2269
0
0.4815
0.2739
1.9281
0.2864
0
0
1e-04
0
0
1.032
0
5.0312
0.1599
0
0.0419
0
24.1137
6.6711
0.0751
0
0
0.8438
0
3.4695
26.1975
9.3482
0
0
0
14.6211
11.3316
39.7099
2.5144
0
0
0
3.5343
22.7718
5.8458
0.1125
0.0126
0.1647
0
0
0
1.3856
4.8408
12.0931
0.0686
1.3664
2e-04
0.067
2.484
21.6492
0.0134
1.0318
0
0
0
9.0848
0.3918
0.2099
4.2826
1.3442
0.0833
0.0416
0.0216
0
0
0
0
0
0
0
4.4928
2.9439
0.2338
0
0.2138
0
14.4052
0
0.8472
0.501
4.1121
1e-04
3.7124
0
0.3206
7.2207
8.318
1.4847
0.0113
0
0
0.8175
0
0
8.2808
0.0976
0
0
0.0087
0
0
0.1224
0
0
1.3893
0
0.7855
0
0
0
0
2.1261
1.211
0.8895
16.2913
0
0
0
3e-04
19.6928
1.1804
13.0288
0
1.0183
1.6275
0
0
5.1055
0
0
0
6.15
3.9685
1.0582
0.2167
13.5384
0.015
9.279
0.0197
0
0
0.0123
2.089
3.9029
0
0
0
0
0
1.8831
0.0036
0
0
4.5631
0
0
0
0
0
0
1e-04
0
0
0
6.1552
0.385
0.0256
0
0
0
0.0615
5.4841
0
0
0
1.4473
5.922
0
2.6035
0
0.4854
8.0695
1.6582
0.0107
7.751
0.1758
0.0749
10.2177
3.4689
0.5774
0.6036
0
0
0
0
0
0
0
0
0
0
0.3242
0.0837
0
0
0
0.0012
0
0
7.2626
0.427
0
15.1497
1e-04
0
0
1.3751
0
0
0
0
0.1175
1.5546
0
0
0
0
0
1.323
2.1876
0
0
0
3.3269
0
0
0
0
0
0
0.2535
3.9266
0.9327
1.1595
0.0096
0.0025
1.9852
0.69
0
0
2e-04
0.327
0
0
0
0
0.257
0
0
0.003
8.1494
8.5884
0.122
0
1.7451
1.9639
0
0.0817
0.4938
3.2481
0
0
1e-04
0
0
0
0
18.9297
0.0127
0
0.0474
5.0638
19.8157
0.7545
0.1765
0.16
7.6961
0.761
0.2674
0.0142
0
0
0
1.0008
0.6063
0
0
0
0
17.5685
0.043
0
0
0
13.8082
8.3912
1.5293
2.4554
0.3079
0
8.9928
30.5658
0.1231
0
0
0
0
3.3674
1e-04
0
0
21.9525
3.82
0
1.6239
14.4612
0
0
1.4456
23.0672
0.8031
0.0761
0
0
0
13.6655
2.0983
0
8.7292
14.1978
0
0
0
0.4483
0
0
2.8003
3.4166
0.5106
0
0.768
2.9263
3.8506
1.0215
0
0
5.5017
0.213
0
6.9209
5.9711
0.9092
1.3121
11.896
4.1662
1.0641
0
0
0
0
0
0
0
0
5.1425
0.2277
12.5471
0
0
0
0
0
0
0
0
0
0
1.1663
0
0
0
0.0031
0
0
0
0
5.4861
0.2717
4.974
0.0021
0
1.6884
5.4396
7.5387
9.2659
0.9649
0.0759
0.0897
0
1.7688
0
0
1.8005
0.0297
14.3099
2.8756
0
0
0.1898
0
6.1079
0.0305
2.214
4.0355
0.6276
0.8271
0
0
0
0
0
0.2923
0
0
0
0.0652
14.2175
0
32.3556
5.2495
0
0
0
0
0
0
0
0.001
0
0.2789
0.2601
0.1894
0.57
6.2497
0.6714
12.7047
1.071
0
0.4595
0.1193
2.2501
0
1.4742
0
4.7591
0
0
0
0
0
0
0
0
0
0
2.007
0
0
2.4432
0
0
0
20.4579
12.4594
1.3234
1e-04
0.006
0
0
0.0135
0.054
0
0
0
0
12.163
0
0
0
0
4.9591
0
6.2221
0.9366
0
0
0
0
0.5504
6.1076
1.1521
0
0
0
0
0
0
0
0
0
0
0
0
0.0179
0.1069
17.473
39.0034
17.2785
0.0676
0
0
8.4915
0.0452
0.1729
8.8687
0.5138
0
0
0.4166
22.8175
0.014
0
0
17.5873
3.8701
0
0
0
0
0
0
0
0
1e-04
0
8.1938
1.3326
0.2447
0
0
0.004
7e-04
3e-04
0.0036
0
0
0
1.6079
3.5402
0.1501
0
0
3.741
10.7652
0
0
4.0247
11.4105
0.5184
0
0
0
0.0037
0
0
0
6.8814
3.1586
0.2518
14.8793
0
0.6183
5.3921
0.0098
0
0
0
0
0.1599
0.7065
0.0716
0.288
6.2832
9.5646
5.9121
10.313
4.9331
13.8935
1.705
4.0397
6.7467
7.7193
2.1615
1.458
14.4971
43.9669
27.5781
0
0
0
0
0
0.1233
0.0297
0
0.0307
51.8196
0.0112
6.0455
0.0024
0
0
0
18.8863
0
0
0
0.3503
3.6222
8.1605
16.483
0
0
0
6.1671
1.3089
0.6164
0
0
1.5425
6.0188
0
0
0
0
0
0
0
0
0.8158
3.5522
0.1641
0
0
1.7858
7.4779
0
0
10.2052
0.102
0.1931
0
0
0
0
0.0277
0
0.0494
0
0.0661
3.8437
2.9643
0
0.0618
2.4717
0
0
0
22.0226
24.2427
0
0
0
0
0
0
0
2.0826
0.4679
0
0
0.4295
24.2678
25.3297
21.75
8.033
0
0
0
0
0
0
0
0
3.7175
1.2585
0.1622
5.4748
0
0.2304
0.146
1.1422
5e-04
0
0
0
0
0
0
9.9657
14.6905
3.8588
0.0068
0
0
3.2288
1.9947
0.0147
0
0
1.1483
2.9332
0
0
0
0
8.9298
8.2543
0
0
3.5351
3.884
0
0
0
0
0
0
0
0
0
0
0.1683
0.7303
0.0045
0.1557
0.0299
0
0
0
0.03
0
0
0.2657
0.0202
2e-04
1.5393
0
0.0011
4.6472
26.9419
47.9533
9e-04
0
0
0
0
0
0.1522
0
0
0.0444
2.377
0
0
3.305
1.8339
0
0
1.2601
0.7616
13.9871
0
0.0016
0.9196
0.1242
1.4141
0.7363
0
1.7265
0.0066
1.0065
0.1665
0.1665
0
0.9074
2.137
0.0863
0
0
0
0.1557
9.3374
13.3576
0
1.4468
7.2359
0
0
0
5.0975
0
0
0
0
0
0
0.0053
1.6879
5.2559
0
9.1146
2.8915
0.0088
1.7451
0
0.0289
0.0015
0.125
0
0
2.85
0
0
0
0
0
1.0301
4e-04
0.9946
0
11.0453
0
0
0
0
0
0
3.3295
0.449
0.8842
0
0
0
0.0016
0
1.0107
3.2312
0.2341
0
0
0.0019
0
38.4873
4.7088
0
0
9.6662
11.3838
0.1007
0
2.7401
0
0
6.3637
11.7242
0
0
0
0
0
0
6e-04
0
0.0947
5.2601
0
0
9.3836
4.5073
6.8568
0.2159
0
0.6566
0.244
0
0
1.4857
0
0.6123
3.8902
0.2342
5.4986
2.2864
2.8076
17.0439
0
2.3461
0
0
0
9.6496
0.0039
0
0
0
0
0.2702
4.4559
1.1611
0
0
0
0.208
2.2186
21.1014
0.2269
0
0
24.1367
0
0.1024
2.9746
0.388
0.4716
0
0
0.422
0
11.9889
9.3233
8.4928
0.001
0.8033
14.2624
16.7558
11.9176
0.2187
0
0
5.8754
0
0.8345
0.0251
0
0
0
0
3e-04
22.5465
0.8184
0
0
0
0.2473
0
0.0491
0
0
0
3.6234
0
0
0
6.5243
0
0
1.1401
0.5942
0.727
0
2.3714
0.0029
3e-04
3.0782
0
0
1.3323
1.6925
0
0
0
0
42.3362
4.0028
0.2256
0
0
0
0
0
0.6405
8.841
1.4683
4.2114
0
0
0
0.0024
0
0
0
0
0.0019
1.0768
3.4146
0.0023
0
4.2224
13.9722
0
0
0
47.6634
28.6817
0
0.2336
0
3.5818
2.9856
0
0
0
0
9.5599
1.2491
0
0
0
0
0
0
0
11.578
0
0.044
10.966
1.0645
0.1833
2.246
4.9224
0
0
0
0
0
0.7975
4.4124
7.1347
1.6657
3e-04
0.8481
0
5.1676
0.3186
0.0028
0
0
0
0
0
1.5748
0
0
5.6758
1.8755
0
0
1.6606
0.8533
4.6089
2.1813
0
0
0
0.9145
0.6184
0
0
0
0.496
5.9424
0
0
0
0
1.578
2.9218
16.834
0
0
5e-04
0
0
0
1.0206
0
0
0
0.8532
12.1723
0
0
1.3381
0.0066
0
0
0
0
0
6.6282
0.205
0
0
0
0
0
1.3024
8.8885
1.0912
0
0
5.458
0
0
0
0
0
18.5512
8.3451
0
2.8382
0.4518
0
0.715
0
0.0762
9.7677
0.0602
0.0542
0
0
7e-04
0.4162
0
2.6642
5.8392
7e-04
0
0
3.5608
1.9646
0
0
0.133
0.9531
0
11.7173
4.9756
0
5.7842
0.0474
0
0
0
0.429
0
0.628
0
0
0.3474
0
0
0
0.4894
0.0307
0.0191
3.5551
0
0
0
0
0.5696
0
0
10.0672
0
1.8019
3e-04
0
0
0
0
0.1384
1.1804
0.2082
0
3.0491
9.237
0
0
0
0
0
0
0
0
1.1464
0.1295
4.0732
11.4886
0
0.0082
0.1785
0.0663
0.4601
0
5.7087
4.3343
0.0241
0
0.6798
14.044
1.0058
18.2178
1.9524
0.2745
0
5.4834
0.0054
0
0.008
2e-04
0
5.1262
8.7121
0.5918
0.0533
0
0
3.4985
0.0904
0
0
0
7.3101
2.4157
0
0
1.5864
2.3888
0.0234
0
0
3.8606
0.5725
4.9302
0.001
0
0
6.1917
4.1655
4.5809
0.6538
0
0
0.1221
0
0
0
0
9.8173
12.8914
0.4163
6.8166
14.6592
56.0586
8e-04
0
0
0
0.3607
9e-04
0.0224
7.9347
6.2301
0.5795
1.5272
8.645
8.4777
10.2006
13.1244
10.8301
4.1097
2.8511
1.4845
0.0379
0.3848
1.2817
0.0777
0
7.8626
0.5358
51.4012
34.0853
4.5285
1.7805
0.6111
0
0
0
0
0
9.0632
1.4974
69.6603
0.8037
0.0756
12.7782
2.6815
10.499
0.0834
0.0044
10.8537
7.0005
7.592
0.3169
0
0
0
0
0
0.4752
0
0
0.8688
2.9763
0
0
0
18.6893
4.2294
0
0
0
0
0
7.9181
0.1278
0
0
0
8.6687
1.8459
2.2168
13.7018
2.3381
7.8067
0
0
3.6919
18.944
0
0
0
0
0.0985
3.7275
0.2167
0
0.6464
1.3496
6.6331
26.3189
0.0135
0
0
0.0989
0.2263
9.2927
4.6232
0.0157
0
0
0
0
0
11.0106
0
0
0
0
0
0
0
0
0
2.6312
0.2593
0
0
3.1243
1.375
0
0
0
0
0.82
0
0
0
0
0
0.076
0.9117
0
0
0
0
0
0.6687
0.0583
2.699
2.0478
0
1e-04
40.907
0.3986
0
0.1768
2.7688
0.0028
0
0
0
4.1525
0
0.0143
0
9.382
0
0.8023
0
0
0
0
0
6.8704
0.7122
0
1.7829
0.3369
0
0
0
0
9.5583
6.7266
7e-04
0.0022
0.5182
0.4766
0
0
0
0
0
0
0
0
0
0
0.5735
3.2365
0.8964
0
0
0
0
0
3.4667
0.6875
3.6821
6.6084
0
7.1086
26.5439
30.1323
5.5986
4e-04
0
0
0
0
0.007
0
0
0
5.7395
0.1865
25.059
0
1.896
1.894
0
4.7809
1.4351
0.2283
0
0
0.676
0
0
0
0
0
0.2579
0
0
1e-04
0
0
0.546
0.4248
15.098
0
0
0
0
0.1326
0.509
0
0.4385
0.0136
0
0
0.1486
0.1432
0
0
0
0
0
0
0
31.4567
3.811
0
0
0
0.4238
8.4919
0.4921
1.6126
3.0247
0.6679
3e-04
0
0
1.1596
21.6952
1.5136
0
9.9276
7.3071
0.2208
0.1582
0
0
0
0
0
0
0
22.1243
0.3299
0
0
11.8371
0
0
13.3589
5.3635
2.8097
0.4763
0.0173
0
6.3064
19.9901
2.2556
4.8842
2.2027
3.299
0
0.0168
0.0048
0
0
0
0
0
0
5.3153
8.6626
0
0
0
11.8963
0
7.7489
3.3201
9.3693
7.0529
18.2734
0
0.7928
4.4713
0
0.0123
0.0167
1.5538
7.0907
0
4.6539
5.7994
3.1229
0
0
0.3656
2.5666
0
0.0021
6.3868
0
0
0
0
0
0
3.6113
0.5296
0.032
0
0.2395
0.5018
0
1.9188
31.4686
1.3687
1.207
0
0
0
0
0
0
0
4.6533
0.3386
0.9333
0
0
0
0
0
31.1211
2.7754
0
1.6914
1.3779
0
0
0
1.7677
0
0
0.0463
0.0026
0.0155
0.1513
0.2166
0.0474
0
0
0
0
8.4022
0.0405
0.0111
0
4.8189
0
0
0.0024
0.3798
0
3.3382
0
0
0
0.847
1.7348
2.8608
2.0412
0
0
0
0
0.4818
0
0
0
0.8747
2.3874
11.0861
2.9226
28.7353
4.4422
4.4574
9.0454
1.2251
0.6985
2.7637
6.3001
2.4508
0
0
2e-04
4.8818
0
6.5685
0.2483
0.004
0.0024
0.3025
0
0
0
0
0
0.0125
0
0.0601
0.757
30.6339
0.0833
0
0
7.1743
0
0
32.6038
8e-04
0
0
0
0
0
0
0
7.9977
0
9.3837
5.8696
5.2567
6.7555
2.5105
0.1142
0
0
0.0072
0
0
0
0
0
0
4.8891
0.7712
0
3.0152
0.0162
0.0491
0.6544
19.5002
12.5879
0
0
0
0
1.7209
2.5091
0
0
7.5513
0
0
0
2.045
0.4254
0
0
0
3.6155
0.0424
0
0
0
0
0
0
0
0
0
1.1707
0.0166
0
0
3.4026
4.2827
0
0
0
4.0436
5.952
0.5838
0.057
0.0064
0
1.2569
2.9213
8.9812
0
0.003
0.0065
0
5.408
4.3148
0
0
0
5.3734
4.0863
1.0776
0.1987
0
0
0
0
1.5619
0
3.534
1.7346
0
2.7456
0.7663
0
0
0
11.0844
11.1749
0.5223
0
0
0
0
6.7022
2.7983
21.7651
0
0
0
0.2021
5.9089
0
0
14.9659
0
0.5148
7.3836
1.0018
0.768
0.0281
0.004
0
0
0.0091
3.5096
0
0
0
0
0
0
21.4924
1.4733
1.1267
0
7e-04
6.3448
0
0
0
0
0
0
0
0
0
0
0
3.3128
7.937
0
0
0.216
6.9924
0.3698
0
0
0
0.5728
4.9499
1e-04
1e-04
0.4506
0
0
1.8397
0.0021
0
0
4.0646
0.0022
0
1.6998
0.2501
0
0.0471
1.2587
0
8.5205
3.3019
0.5823
0
20.0709
4.81
0.1366
0
1.3701
4.6899
1.8323
15.0296
6.601
0
0
0
4.916
0
0
0
0.0919
0
0
0
1.7807
8.2912
3.6667
0
0
0
0
0
1.0649
1.4381
13.5524
15.7311
9.9088
3.8271
1e-04
27.374
31.6302
2.2593
0
0
0
0
12.9053
0
0
0
0
0
0
0.2956
16.2275
5.2628
9.118
4e-04
0
0.6324
2.1
0.1161
15.0422
1.6626
9.0045
0.0268
0.4632
0
0
0
0.3038
0.7398
0
0.4978
0
0.13
0
0
0
14.5689
4.7802
0.0046
5.0408
6.8762
3.3542
0.583
0.0405
0.0025
2.6931
19.4236
3e-04
0
1.4058
2.2355
0.004
1.2805
42.142
17.2833
0
4.0322
0.0929
0
2e-04
16.086
0
0
36.4983
9.8542
7.7521
59.8063
0.0762
0.0014
6.7147
0.8597
0
0
0.0143
0
9.4491
1.7223
0.021
0
0
0.3665
0.4115
0
0
0
0.2737
4.4057
4.3733
5.4565
1.0882
0.0297
0
0
0
0
0.268
1.1863
0
0
0
0
10.6768
3e-04
1.4016
0.0086
15.2967
2.2775
0.0013
0
0
0
0
1.3878
13.1766
0.1343
0
0
0.0281
0.223
0.0075
18.5124
0.8132
7.0312
0.3065
0
0
0
0.088
1.2976
2.8485
0.0486
0
0
0.2724
20.7182
0.0799
0
0
0
0
0
0
0
0
0
0
0
0
0
0.6179
0.7573
1.4659
1.4108
9.8383
4.0348
0
9.083
0.9826
0
0
0.5313
0
0
0
0
0
0
0
5.4234
7.3351
0.0036
0
0.6713
12.7095
0
1.3421
0
0.0286
14.6624
5.2385
0.7254
37.2804
8.8438
0.0028
0
0
0
0
1.0683
2.6303
0
5.1471
0
0
58.7602
2.9971
0
0
0.264
0.0026
0
0
0
0
0
0
2.1761
0
0
0
7e-04
0.626
0
0
0
0.0365
0
0
0.5959
0.9276
1.9649
0
0
4e-04
0
0
0
0
0.4725
8.1428
3.0709
0.9584
0
0
0
0.1765
0.5068
0
0
0
0.0639
0
0
0
0
1.5329
0
0.4485
1.7884
16.3051
6e-04
0
0.7587
0.0522
0
0
0
0
1e-04
2.1903
8.0542
0.284
0
0
3.1521
2e-04
0.8314
0
0.024
0
0
0
3.1641
1.3984
2.6145
0.8754
0
2.3374
0.1427
0.198
0
0
0.4158
5.2778
5.9578
0.0839
0.8517
23.4308
3.8527
8.9237
4.9694
0.7852
6.5621
12.1028
0
0
1.2083
30.8052
3.6625
0
0.0628
0
0.2833
1.2116
0
0
0
0
0.0947
1.1489
0
0
0
1.3914
0
0
0
0.5689
0
0
0
0
0
9.7866
3.8143
20.582
4.2451
0.1428
8e-04
0.9011
16.7958
2.786
0
1.1689
1.7701
0
0
0
0
0.6271
0
14.2001
28.2468
0
0.3393
0.1099
1.637
0
0
0
0.0053
4.9929
2.1978
0
0.0739
3.7054
0
0
0
0.135
11.9704
0.3081
0
1.0648
1e-04
0.0042
0.5378
7.3856
1.0242
0.3517
13.4914
4.9951
6.5008
0
0
0.7827
4.6468
0.1009
1.2327
5.2732
0
0
0
4.1149
0
0
0
5.9631
9.0112
6.0325
0.0561
0
0
1.2458
0
0
5.6069
17.9596
18.5572
13.6502
8.8374
5.9661
0.5913
0
4.1467
0
0.1662
3.8438
1.7486
0.155
17.608
9.1806
0.0617
0
0.003
24.3231
0.0028
0
0
0
0.1365
2.4788
4.9957
10.7924
0
0
0
0
6.8333
0
0
0
0
0
3e-04
0
0
0
5.3878
10.7741
0.1196
0.311
0.0484
0
1.9862
0.2683
0
0
1.128
5.2063
6.7151
0
0
0
0
0.3229
26.9553
5.63
0.0048
2.9506
0.0025
1.5499
0.0176
0
0
12.1353
10.9206
9.7435
0
1e-04
33.0622
0.8997
8e-04
0
11.4101
4.4085
0
0
1.7517
0
0
0.0122
0.004
0.1011
0.1415
1e-04
0.8831
0.1501
10.6783
10.6465
6.2767
0
0
0
0
0
0
0
0
0.3834
0
0.9021
0
0
3.2971
11.9101
9.556
0
0
0
0
0
0
0
0.8907
8.3891
13.274
10.2211
0.4648
0.1148
0.6346
1.7001
0.1051
0.4705
0
0.3196
0
0
0
0.0101
1.4039
0.3681
0
0
0
0
1.6343
6.9746
20.5742
0.0023
0
0.4564
28.9528
11.8616
3.6747
0.4187
1.6998
3.1934
0
0
5.3694
0.9047
0
0
0.0253
0
9.2045
0.001
0.0077
3.5811
0.088
0.3548
0
0
0
6.3913
0
10.5414
0.5431
0
0.0378
0.443
9.0287
2.0172
1.3105
0
0.0025
0.0551
0
0
0
0
0
0
0
0.1891
1.9607
3.1204
0
0
0
2.486
17.6886
0.5672
0
0
0
0
2.2651
2.2346
0
0
21.5429
2.9062
0.2597
0
0
0
0
0.24
2.8222
0.3413
0
0
1.6308
1.0487
0
0.0309
0
1.1066
0.3392
3.2786
1.621
0
0
13.7187
1.1964
0.0283
0.029
11.5455
0.2026
0.0934
0.0955
0.12
1.2013
0
0
2.9224
1.1488
17.0371
8.4615
0.1228
0
2.7039
1.5332
17.3944
0.0213
0
0.0026
0
0.3626
0.1028
3e-04
9.553
0.3135
0
0
6.9032
0
0
0
0
0
0
0.7166
0
0
0.0117
0
0
7.1026
17.5641
0
0
0.1321
14.517
0.0306
1.0133
0
0.8758
0
0.1074
12.1153
0.0293
0
0.0049
0.6735
0
0
0.7644
5.4806
18.7
9.9299
0
0
0
0.8256
0.1881
0
1.1297
0.1247
0
0
0.0336
5.7498
0
14.6973
0.6835
0
0.0171
3.6607
12.2155
21.8822
0
0
0.1475
0
4.8647
48.5116
2.9229
8.5849
7.7722
4.6763
5.9359
6.4865
3.0171
0.7819
0
0
0
0
9.3869
1.2668
1.9944
6.3935
9.1885
0
0
0
2.4219
3.7115
14.1935
4.2113
1.1296
1.0862
5.4538
0.0014
5.7254
8.559
0.6335
15.0735
1.2292
3.4324
0.0042
26.2427
40.5074
0.4875
0
14.8681
0.9021
0.0119
0
0.6358
5.7609
0.0089
0
6.7093
5.2754
8.8401
19.3495
0.1698
0.584
0.3347
24.3974
0.3636
0
0
0.0987
0.013
0
0.0031
0
0
0
0
6.2301
14.7711
0.4049
2.207
1.0856
6.1722
0
0
0.0119
3.2351
0
0
6.847
5.5837
9.6607
17.3496
6.6191
0
0
0.4667
18.6246
0
0.635
0
0
0
0
0.1443
2.4657
0
0
0
0
0.0238
0.0659
17.8292
3e-04
0.4197
0
0
0
2.2618
8.1813
0.0057
0.1425
0.9919
0.9341
12.6494
25.0953
5.8652
0.2616
29.8985
0
0
0
4.9057
7.3986
0
0
0.4891
0.0023
11.2101
0.0347
0.1547
0
0
0
0
0.0183
0.0012
0
0.0305
1.0328
6.6781
7.8347
0
0
0
0
0
0
0.7638
0.0566
4.85
0
0.2168
0.0129
1.6213
8.9303
2.3638
16.79
0.7813
2.197
0.4525
0
0
4.7292
1.9117
0.003
0
0
2.3388
3.9836
0
0.2153
0
6.8264
0.1242
0
4e-04
0
2.951
2.0784
0
0
0
18.6268
3.825
0.0068
0
20.4127
20.9974
1.5781
1.0857
0
0.0038
6e-04
0
0.0049
0
0
0
12.5752
3.272
0
0.5294
0
0
0
0
0
8e-04
0.3141
0.0135
1.5333
1.3154
0.002
4e-04
5.9555
0
0
4e-04
4.5185
1.4444
0.0342
0
0
0
0.3965
0
9.7384
0.2332
0.0889
0
0
3.9689
0
0.4435
1.3385
0.0036
1.8848
0
0
0
0
0.3942
0.051
0
0
0
9.6797
13.0243
2.9214
1.7652
0
2.0446
4.9084
0
0
0.3972
0.0037
0
22.3241
19.0751
10.2378
1.8047
0
0.8136
0.001
0
18.6016
0.0026
2e-04
0.1523
0
0
7.271
3.0697
0.0227
0.002
0.0487
0
0
0
0.4369
8e-04
0
3.3727
0.4397
6.7265
0.9446
0.2953
1.2689
3.4939
0.3206
0.1986
6.6627
0
5e-04
0
0.0686
3.0426
0
0
0
0
0
0.8124
7.8424
5.5313
0.5519
0
0
0
6.4168
1.87
0.0764
0
0.7725
0
0
0
3.2564
4e-04
0
5.1028
0.2017
0.1775
0.0122
0.0122
15.1126
12.6836
4.2604
0
0.4017
3.0425
0
0.6472
0.8756
1.6961
19.3872
11.626
5.8575
0.0229
0.0016
0
0
0
0.0016
0.0097
7.3415
9.1948
3.7244
0.0223
0
0.0901
2.771
0
1.2552
0
6.7667
0.0073
0
8e-04
1.6031
0.8103
0.6984
0.9714
0
8.066
0
1.2956
1.3525
0.8458
3.4119
0.0021
0
0
0.1578
0.1297
0
0.0034
0
5.1887
1.7794
0
0
15.3182
15.971
0.0046
1.3149
10.4739
31.0035
0.2464
0.3314
1.9889
0
0.0088
1.0461
5.2391
0.001
0.8535
6.7356
0
0
0
0
0.0222
1.2322
0.3594
0.027
0
0
0
9.4855
0.1654
0.0034
8.6996
0
0
0
0
0.0032
0.4244
0
0.2948
1.0283
14.8671
0
0.0063
2.3485
7.4945
0.0029
0
0
0
0
0
0.821
0
0
0
2.7401
0.5426
9.1847
0.4573
0.0319
0
0
0
0.2017
1e-04
0
2.2758
0
0.3369
15.477
2.3443
0
0
0
12.3758
2.0334
0
0
0
22.0824
2.582
1.1294
0.1164
0
0
0
0
0
0
0.0499
0
0
6.5563
5.3796
3.3508
0
0
0
0
0
0
0
0.117
0.1029
0
0.8741
42.3105
13.3928
2.6007
0
0
4.643
0
0
0
0
24.5065
5.0408
0
0.005
0
0
7.6803
0
0.0029
0
0
0
0
6e-04
4e-04
0
0
0
0
0
0
4.4626
1.1712
0.0088
0.9979
1e-04
0
4.4379
0.003
0
0
0
0
0
0
0
5.9897
0
2.3262
2e-04
0
0.0686
9.262
7.7389
25.4835
14.6772
5.0339
0.407
0.0104
0.3392
0.8507
3.2548
14.3184
4e-04
0
0.5759
0
0.004
0
0
0
0
0
0
0
3.0818
0
4e-04
0
11.641
0
0.2366
0
0
0
0
17.9603
4e-04
0.0541
9.1497
7.7048
4e-04
0
0
8.7387
4.3701
0.0031
0.0012
0
0
0
8e-04
0
0
0
0
5.0278
0
0
0
0.5382
2.591
1.4152
7e-04
0.6139
0.5336
0.1794
0.5289
1.7103
0.4583
0
0
1.6186
0
5.7953
2.4225
