1980 1 1
0.0336
0.2358
0.3202
0.7185
0.7048
0.3254
0.8693
0
0
0
12.2816
0.0837
0
1.621
0.0038
0.0253
0.1856
0
0
0
0
0.0277
1.1557
0.7099
1.7712
0
0
0.064
0
0.0387
0.046
0
0
0
0
0
0.1476
0.0473
0
0.541
0.3126
0.0467
0.015
0.0327
0
5.7714
2.5956
0
0
0.0472
0.0331
0.6344
13.8525
0.0394
0.0096
0.2083
1.0168
0.0945
0.8711
0.1199
0
0.1026
0
0.0282
6.0045
0.047
1.8563
16.3555
0.1138
0.036
0.0928
0
1.7535
1.3993
0
0.2928
17.2129
0.8568
0
0.2226
25.0766
0.0574
0
10.6705
0.6208
0
0.1362
2.9058
8.1902
1.9988
12.3889
1.3424
0.1933
2.2502
8.4106
0.004
0
0.3627
6.8099
5.106
1.4098
0.2855
4.8777
0.2874
20.4304
1.5328
0.3621
0
0
0
0
0.0285
0
0
0.3372
0.7777
0.2108
3.7498
12.0125
0
0
0
0
0
0
0
0
0
0.5453
0.0291
1.5302
3.3524
6.7658
5.8385
1.5118
0
0.6693
23.4425
14.142
0.6236
0
0
0.1316
0.4193
2.5495
0.0353
0
0
0
3.0784
5.6022
6.4633
9.3083
10.4379
6.4625
0.4184
0.6236
6.3422
13.962
2.6933
0.0867
0.0629
0
0
0.469
7.9744
12.6199
5.2475
0
0.0985
8.4128
1.8829
0
0
0.5463
6.4381
0
0
0
0.0139
0.0617
0
1.5897
0
2.5217
9.6264
14.6771
1.3475
0.039
3.454
7.0579
1.1402
0.3394
3.0268
0.6675
0.1483
0.8366
2.4079
0.8503
0
0.3933
0.197
3.8862
28.9748
3.6192
0
0
0.4358
3.5747
16.1207
5.8742
1.3205
1.7211
0.2394
15.9602
5.8789
0.3727
6.8119
1.0988
0
0.0204
0.7547
10.2833
10.6394
4.5844
0.4625
9.6005
0.6302
1.7506
11.9046
2.5392
1.7254
27.5357
15.3339
3.1185
0
0
0
0
0
0.7488
1.7801
5.0206
12.8432
10.2641
3.264
0.0402
5.8951
0.5113
0
0.054
0.1286
3.2512
0.4624
0
0.9152
2.0212
1.2542
0.0816
0.2057
13.4598
0.1316
0
0
0.5239
2.8148
5.3526
0
0.6988
1.5841
0
0
0
0
0
8.9743
1.4483
0.2966
0.5394
0.4532
0
0
0
0
0.3544
0.2965
0.1654
0.1666
0.7488
0.5856
1.8574
2.6049
0.6348
0.8548
0
0
0
1.8693
5.9354
0.0048
0.052
9.0074
0
0
0
0
0
0.0062
0.1227
0
0
0
0.7795
0.0312
0
0
1e-04
1.074
5.7692
0.1126
0
1.6988
0.5582
0
0
0.0312
0.0572
0.3496
1.9863
0.0876
0
7.0212
0.8104
1.2419
0.3755
0.0267
7.4478
0.1556
0
0.0138
2.27
10.1207
10.4918
4.5654
0.1987
0.2764
0.663
0
0
0.0783
0.0379
0
1.7017
0.5679
0
0
0
0
6.1744
0
0
0.1798
0.0216
10.1536
0.3552
8.2452
1.1419
1.3046
1.2299
0.1118
0.4047
3.0913
3.3874
0.0277
0
0.0211
0.0203
0.0075
0
0
0.0763
0.8661
0
0.2007
0
0
0
0
0
0
0
0.1221
0.5568
0
0.0211
0
0
11.1652
1.8728
0.6258
0.1604
0.1694
1.2192
0.0082
0.0375
0.0386
15.4296
15.084
0.0066
0
0
0
2.3406
0.4356
0.0157
9.9212
6.206
0
0.9737
8.0027
0.5457
0
0
0.0032
0.7433
0
0.4964
0
0.5784
0.5184
0
0
0
0.0297
0.0066
0.0204
0
0
0
0
1.298
0
0.1278
0.5844
0.6998
0
0
0
0
0.7467
4.2523
3.51
0.004
0.0762
6.1439
0
0
0
1.2012
3.9233
1.0456
0.0255
0
0.2622
6.2817
2.3172
5.2103
7.6554
4.4796
24.3399
0
0.3284
7.8265
2.8102
0.6061
0.8414
0.4438
0.6294
7.8358
0.7261
0.0177
0.1239
0.0597
17.2981
9.6001
0.1326
0
0
0
0.0504
0.8649
4.6783
0
0
1.0925
16.5481
8.7457
0.0571
0
13.1575
7.557
0.1409
0
0
0
0
0
0.0704
0.0299
0.4377
0.3943
1.0001
9.4685
5.3476
0.0611
4.6078
0.0103
0
0.067
7.8113
3.2831
4.4245
3.9825
0
7.807
42.867
6.6025
0
3.5214
37.8475
8.9437
0.2698
2.0135
0.2656
0
0
4.9658
9.6154
27.7251
0.0068
3.816
23.1916
0
0
0
0.1352
0.2735
1.343
2.3737
2.1315
0.2721
0.1405
0
0
0
2.0482
5.8574
0
0.2052
0.9639
0.1566
0.2665
0.0085
0
0
4.1465
23.4996
3.644
0.2482
0
0
0
25.5289
1.9975
16.4753
0.4041
0
0
0
0.2947
4.564
1.4691
0.3657
0.4265
2.8819
1.9664
0.1735
0.9484
6.4196
0
0.0148
0.2301
1.9054
0
0
0
0
0
0
0
0
0
0
0.0153
1.4397
8.2786
17.1609
27.9488
15.7679
10.3938
17.3364
22.2304
21.6027
1.3721
0.1646
0.3336
4.7399
0
5e-04
0
0
0
3.087
5.8503
7.2674
20.4379
4.9756
1.339
0.0022
1.8779
4.6425
0
0
0.2639
1.5906
5.8155
0
2.6232
15.5372
5.9868
0.3291
0
0
0.3989
11.2138
0.0089
0
0
0
0
0
0
0.0326
0.0265
0
0.8226
18.5876
2.185
0.0851
6.2671
8.2155
8.0049
0
0.0112
12.0918
33.478
4.1672
0
0
0
0
0
0
0
3.3655
1.153
0.0189
0
0
0
0
0
0
0
0
0
0
0.1295
3.1864
14.7055
0.7913
0
0.435
1.7854
0
0.9361
1.3362
0
0
0
8.396
0.5005
0
5.5499
0.4562
0
0.6798
1.9948
0.0208
0
0
0
0
0
7e-04
0.2662
6.0704
0.1759
0.0509
0.1616
4.7754
5.8108
26.1096
0
0
0
6.5898
4.8975
0.8352
0.9876
0.7164
0.3974
0
1.5685
11.0858
0.5612
0.9796
3.7022
0.2179
0.8784
0.339
0.481
0.4456
3.5528
0.3152
0.6415
1.5494
0.4384
0.1738
0.1235
0.0693
0.7621
1.0498
12.8741
4.0465
0.6307
0.2312
0
1.7074
0
22.5213
13.9818
5.0041
3.1685
11.1715
2.5035
2.1294
0.8145
0.7285
0
5.5394
0.0017
0.51
0
0.2857
0.0011
0.2321
0.2822
1.182
0.3367
4.1363
0.0219
0.0301
0.0013
0.0744
6.6661
0
0
0
0
3.3755
3.5892
1.9815
20.0228
0.6936
0.0377
0.7853
2.6086
2.1399
1.1841
3.199
0.264
6.7324
0.1602
3.3358
12.2438
0.457
0
2.5903
4.8844
1.9877
0
0
2.8638
4.259
1.4635
0
0.0254
0
4.7887
9.5697
0.0016
0.047
6.1787
3.9509
1.9705
13.1454
0.3419
0
1.882
0.8919
0.5352
0
0
0
1.6296
5.5237
4.3098
0.0224
1.8357
2.319
0.15
0
0
0
0.1497
0.9346
0
0
0.0789
0.0474
0.3055
0
0
0
0.4106
1.8502
3.8016
2.2396
0
1.668
0
0
3.3867
0
0.0729
0.1641
0
0.7334
2.0951
1.4776
7.7123
7.8289
9.6229
1.7352
0.5934
5.2279
18.3233
14.3746
2.8193
1.9352
0.645
3.9685
0
0.1181
0.013
0.5035
0.053
0
0.0234
2.4645
1.9477
0
0
0
0
8.9829
16.9676
1.3537
0.1157
4.16
2.4882
5.3136
6.4425
0.0671
0
0.1522
0.3271
0.3846
14.4098
7.6173
0.4243
0
0
31.7496
0.1482
0
0
1.1808
0.8577
2.2058
4.3355
5.9775
0.2776
0
0
0
0
0.4831
2.3228
7.6455
1.3949
0
0.3119
0.0236
0
0
0.24
8e-04
0.0014
0
0
1.1568
0
1.3706
0.1929
0.5251
0.1348
0
0.5522
9.5809
3.7817
0
0
0
0
0
0
0
0
0
1.3096
15.095
0.349
0.1897
0.5173
0.1351
0.3445
0
0
0
0
0.0099
0.0578
0.2421
0.6803
0.0366
0
0
6.5447
0.5449
0
0
0
0
0
0.372
3.3535
0.7572
0
0.9065
5.409
0.4287
1.4321
0.1215
2.6686
1.9575
0.31
0.9326
0.9943
28.2224
0.5136
0
0
0
0
0
0
0.8742
2.0545
2.8582
0.543
0.6804
0.0102
0
0
0.125
0.4913
0.3797
0.1218
0
0
0.0567
4.7306
0
0
0
0
0
0
0
0
1.3914
0
21.0268
20.2225
43.5733
5.9102
0
0
0
0.0541
0
2.4429
0.5901
9.4091
5.1336
0.2948
0
1.8651
0
0
0
1.9203
21.5501
13.2221
2.1644
11.457
4.1576
0
7.0436
0.2266
17.5759
1.8796
0
0.1247
0.2117
1.7794
4.1186
3.4155
0.2813
0
0.3742
0.3314
0.3759
0.3362
0
0.0271
0.542
8.1508
15.3192
0
0
6.7255
2.1072
0.1359
0.3235
5.2581
3.3765
14.1447
2.0568
9.6808
3.9996
0.0022
0
0
0
0
0
0
0.1507
0
0.1668
0
0
2.3125
0.6694
0.0852
0.1019
0.507
0.6938
0.026
0
0
0
0
0.9618
5.1111
2.8504
0.1144
0
0.015
0.0126
0
0.3407
3.4558
0
0.1685
8.2695
0.643
0.4469
0.5292
0.3086
3.9458
0.0289
0.0475
0
0
0
0
0
0.0125
0.0168
0.0974
0
0.2049
0
0
0.194
0.4988
0
0.1314
0
0
0
0
0
0
0.0254
0
4.4758
3.8162
3.783
0.208
1.4696
1.5977
0.0894
0.0058
0.0971
0
0.0616
0.0148
2.3984
5.3152
2.1648
8.9709
0.0104
0.0546
0
0.4836
0
6.5589
3.2318
0
0
0
0.5049
8.3188
5.5684
0.3759
0.4646
4.9908
7.1261
6.5237
6.6467
2.4569
1.1398
0.0997
12.0221
14.5497
3.4066
0.2002
2.3726
0.1424
0.0534
0.015
0
0
0
0
0
0
0
10.9329
1.4194
13.5612
6.77
22.2247
7.1832
2.9293
0.8844
2.0852
1.0224
7.9927
9e-04
0
0
0
0.1505
3.3917
4.2806
0.4031
0
0
7.317
0.1697
1.3329
12.7322
1.0942
0.1015
4.114
0.4778
0
0.8153
8.9249
0.366
3.0286
1.2815
0.8391
1.5206
1.7846
0.9186
19.5768
0
0
0.3408
3.1981
0.4253
0
0
0.3822
0.6576
0.9785
0
0.0418
1.864
0.1174
0
0
0
0
0
0
22.7785
45.4985
4.5264
13.986
2.4412
1.9984
5.1681
10.9702
2.3169
0
0
0
0.0456
0.0034
0
0
0
0
0
2.5397
9.3016
3.9008
7.6842
0.8141
0.4977
6.1185
0.8071
1.7396
0
0
0
0.2231
3.1172
8.0098
15.5705
0.9393
0.277
0
3.3347
0.5133
0
0
1.045
2.0938
0.088
23.6056
1.0881
0
0
0
0
1.0726
0.027
0
2.0465
0.268
1.2434
0.3086
0.5272
1.1314
0.5037
1.7886
2.654
0.7594
2.787
2.0776
0
0.3629
0
2.7737
1.8309
7.429
10.6146
0
0
0.002
0.0442
0.0285
0
0
0.1754
7.4941
0.5683
0.077
1.2244
6.4595
12.6504
0.0371
0.0115
0.2492
0.0457
0.0212
0
0
0
0
0
0
2.5891
7.2768
7.3014
0.0403
0
5.7504
0.7485
0.0902
0.0244
4.9153
47.8269
2.1813
0
0
3e-04
1.4111
0.1137
0.5862
2.0328
20.9359
2.7591
0.4252
0.5425
0.8795
0.6547
0
0
0
0.0777
5.3469
8.7068
4.083
0
0
0
0
0
0
7.9711
24.9338
0.0529
0.7586
2.7103
12.5361
13.0348
0.1318
0
12.4987
2.24
0.6617
0
9.9205
0.0515
0.0698
0.42
4.4232
23.5789
0.047
0.0079
0.3992
0.7074
0.4168
14.4541
0.6531
29.0818
0.759
3.2973
1.0047
0.5424
7.9342
8.8238
0.0078
1.738
0.5848
0.2307
0.0591
0.0539
0.2894
4.1126
4.5623
11.8087
0.0078
0.5245
0
0
0.5662
10.4075
0.4792
0.972
0.1806
0.0277
0
0
6e-04
0
0.0319
0
1.0663
2.7808
3.4677
0
0
0.4158
1.0083
0
0.0241
0.0448
0.6471
0.0668
0
0
0.1956
0.2576
4.8954
0
0
0.3615
0
1.9436
6.539
0.0407
0
0.0916
3.9599
0.0908
0.9871
1e-04
0.0234
0
0
2.0748
2.766
0.1826
3.0078
3.8905
0
0.0295
1.9637
0.2726
1.1775
0.042
0
0
0.0575
0.1412
5.1962
2.1522
2.2622
6.56
1.0199
0
0
0
0.044
5.6929
0.0218
1.188
1.1913
0.2155
0.0282
0.0789
0
8.5899
0.0021
0.9109
12.0376
0.005
0.3568
0.073
14.398
14.0947
2.4826
0.0354
0.0017
0.0245
0.9197
1.8824
0.625
0.6034
0.0772
0
0
1.6899
1.8713
3.276
6.2551
0.3285
0
0
0
0
0
1.0225
9.8097
3.5386
3.4425
3.5504
5.135
2.6847
0.035
0
4.5229
31.2346
7.5708
4.5502
0
0
15.106
0.0102
0.1558
1.5948
0
1.572
0.8058
1.445
0.2981
0.2069
2.247
2.7388
0.0275
0.6281
0.5186
2.4433
3.941
0.2768
0
0
0
4.4719
4.7364
28.7973
5.6873
4.512
14.763
0
9.1019
11.4507
0.0579
13.7049
2.3844
0.3705
0
0
0.3326
7.7273
0
0.144
0.0041
0
0
0
0
0
0
5.4495
7.3509
0
0
3.4175
2.3018
2.1847
0
0
1.1502
1.7417
0.8684
0
0.1575
2.6034
1.6054
0
0.0388
1.766
0
0.5078
4.2696
18.4296
2.8948
0.1316
0
7.7235
1.3028
1.2859
0
0
0
0
0
1.3097
1.698
0
0.0046
0.0206
0
0
4.501
2.3734
8.0076
6.5973
0.2516
0.1104
0
0.0481
5.0479
11.5563
14.7451
2.0539
0.0743
0.1472
11.6699
4.8177
7.42
1.4611
0.6908
0.1566
0.0862
0
1.0298
1.0095
0.1458
3.8148
1.2121
0
0
0.4573
0.0285
0
0
0
0.0386
1.4224
0.5225
14.8316
0.9798
1.9582
0.649
8.4132
0.4905
0.4002
0
3.8901
0.3674
3.2514
4.3124
6.0082
0.5507
2.0684
4.3555
1.9514
0
0
0
0
0
0
0.0533
2.9409
2.4365
6.822
4.4987
0.064
1.4123
0.0015
0
0.001
0
0
0
2.5674
0
6.5481
3.4124
0.5955
0
0
0
0.0764
4.2207
1.2003
5.129
0.0644
0
2.524
0.3372
5.3514
0.4453
0
0.1938
1.1358
0.1192
0
0
0
0
0.6825
5.7736
1.6843
0
8.9841
0.6553
0.0604
0
0
7.7845
2.3439
18.8519
0.4982
0
0
6.181
0.0362
0
0
0.0898
0
0
0
0
0
0
0
0.1349
9.8133
0.1267
0.0372
1.0382
0
4.1849
0
0.037
2.6875
0.1782
0
0.1668
2.3827
0.0037
2.8361
4.4272
9.4381
0
0
0
0.0961
3.3893
0
7.259
3.7231
0.0975
0.7309
0.2818
3.3144
4.9829
3.3317
5.7518
5.5213
2.8096
28.0308
0.0939
0
0
0
0.0373
0.0962
0.0025
0
2.5935
1.487
0
0
0.3228
0.0656
0
6.0851
1.2834
0.1579
0.0047
0.0614
0.4678
0.3051
0.2568
2.5696
0.1394
0.001
0.0789
0
0
1.7274
0
0.2365
0.0878
0
2.7301
1.3892
0
0
0.4608
2.9645
17.3413
8.8181
3.7935
1.3652
0
0
0
0
0
0
0.1549
5.4019
19.5304
2.7593
0.033
4.0513
3.4017
0
0.0687
0.107
0
19.9549
2.4294
0.065
0.2317
0.6714
0
0
5.2513
3.7461
0.0993
0.0171
0
0.0216
0
0
0
0
0
0.9426
5.5927
2.9466
0.0148
0.2033
5.3698
18.0346
17.3744
15.2977
19.5247
1.6377
1.5306
9.6177
1.4087
8.4174
7.6326
2.5772
2.8866
0.577
0
0.765
0
0
0.0011
0.067
0.1612
0.1067
0.2297
0
0
0
0
0
0.9
0.1105
0
0
0
0
0
2.2982
1.6628
0.0043
0
0.1101
0.4536
0
0
0
0
0
0.0776
0.7122
1.2473
5.8013
2.7982
6.7195
0.9038
3.1611
3.3533
4.4298
1e-04
7e-04
0
0.1971
2.1485
8.9799
17.3983
0.002
0.1002
7e-04
0
7.3567
7.8166
0.2219
0.4924
0
0
2.3698
13.0925
3.3045
7.1696
7.0241
1.222
0.5266
4.4485
4.3142
7.1109
2.3537
0.0732
0.0228
0
2.4423
1.079
0.33
0
0
0
0
0
0.2258
1.9637
2.5659
2.0354
0.0906
6.8775
1.4643
0.0072
1.1053
1.0503
30.8768
0.004
0
0.6062
14.5334
8.1045
1.1128
0.2454
0
0
1.8598
0.753
2.1136
0
0
0.6788
7.7941
0.0072
0
0
0.087
10.664
0.5149
0
0.0264
0.0619
2.8453
4.6773
4.2165
1.7603
0.1215
0.2842
0.1087
0
5.2079
5.4745
17.8531
1.6989
0.2603
1.7337
0.9419
0.0176
0
0
2.5116
11.5028
17.3996
11.5811
0.3375
0
0.3866
12.2992
1.2013
0
0
0
2.1213
1.6481
2.2102
0
4.7645
22.393
1.3204
0.0112
0
0
0
0
0
0
0
0
0
0
0
8.3738
4.3138
0.6757
1.5984
0
0
0.6977
2.2802
2.5182
0
0
0.6336
0.9816
0.6177
0
0.014
0.5892
2.9822
2.9466
4.7983
4.2991
6.4233
15.958
9e-04
3.8425
5.0539
29.1234
2.6261
0.2037
0
0.2151
7.655
0.8337
1.8577
0
0
0.0277
0.3161
0.432
0.7392
7.0106
15.327
7.4743
2.9364
0.0333
4.8773
0.3632
6.7031
14.0032
3.6887
2.2993
4.6535
5.3062
2.9323
16.4303
0.1741
6.2956
5.6187
5.8059
0
6.5826
0.0629
0
2.5098
19.902
3.1979
6.165
0.4
0.2222
3.8832
0.7851
0
0
2.5655
1.0205
0
0
0
10.3949
16.7214
1.4902
2.1399
0.1144
0.2605
0.4073
0.7994
0
0
0.364
0.2945
1.651
0.765
1.4367
0.1974
0.254
2.5579
0.0506
0.1667
3e-04
7e-04
0
0.0272
2.1003
0.0048
1.2277
0.0272
0
0
0
0.0345
0.3324
0.0408
0.9687
1.596
0
0
1.3837
0.352
7.999
2.8509
0.063
0
0
0
1.6339
0.4824
1.3922
0.341
2.1797
0
0.3588
0.3831
0.6414
2.0274
13.9856
2.9834
1.1405
9.0734
0.1317
0
0
0
0
0
1.1703
0.3164
2.3047
6.4043
0.6929
7.3511
0.343
10.1915
0
0
1.2651
0.1441
2.7419
0.9315
0
0.2388
0.9177
0.9773
0.6322
0.1399
4.1005
0.0845
0
2.8376
1.9332
5.1548
3.3759
8.1358
0.8105
0.2147
0
4.9457
0.578
14.8864
0
0
0
0.0875
0
0
2.0538
2.0225
0
0
0
2.3338
2.1911
1.3976
0
10.9864
3.7031
2.2617
0
0.0509
0.0032
0.6864
1.5263
0.5305
6.984
0.6037
8.1579
1.4842
0.8615
0.0255
0.6866
14.3354
4.9254
0.3141
0
0
0
0
1.7574
4.6694
0.4855
5.0104
1.9472
0
0
0.3327
0
2.5408
17.7185
0
0
0
0
0.0664
0.2644
2.9915
1.3025
9.1957
8.8892
17.3114
4.7026
0.874
1.3183
0.8831
0.8283
0.8431
0.4535
1.5183
8.6019
0.2273
0.879
1.9085
0
0.1644
0.1816
0.0324
0.381
24.0552
8.7693
3.9538
11.4741
1.314
6.8454
13.9811
4.0428
0.5223
0.2051
10.2412
7.724
1.4989
0.9499
8.2907
1.9912
0.3609
0.9944
0.9613
0
0
0.6588
2.8995
1.7741
0
10.4957
0.6116
8.4247
0.1805
0
0.3227
0
0
2.7077
19.6648
1.7262
17.9444
8.3478
4.8157
0.3626
0.3509
17.4304
0
0
0
0.0951
0.0273
0
0
0.8184
5.1564
6.7057
0.1156
3.0503
0.0996
0
1.0906
3.7485
0
0
0
3.2911
0.98
17.5603
0.9569
0.3512
17.5992
0.7617
0
0
5.1178
5.2951
2.9963
0
0
0
0
0
0
0.2231
0
0.141
32.3711
8.1316
0.0194
0
0
0
0
0
0
5.3202
0.0407
0
0.6589
0
0
4.3027
16.7355
9.2205
0
0
0.3849
0
0.0497
9.3178
0.0161
0.1485
0.1006
10.2654
3.3483
1.7821
24.2986
5.6658
10.8268
0.1424
6.496
11.6725
12.5434
0.2724
39.968
4.4844
0.2071
0.8028
0
0.031
2.4983
0
0.0823
1.9862
10.595
9.7428
0
0
0.1744
0
0
0
0
0
0
0.0521
4.2832
3.3178
1.8587
0.073
0
0.0515
0
0.4312
2.5613
0.0016
0.0225
0
0.032
0.0051
0.719
0.6852
0.0279
2.0169
0.0557
0.2487
0
0.0809
0
3.6466
7.252
0.4326
11.0084
1.9584
0.1473
0.0961
0.1899
0.4373
25.7299
0.1177
1.1091
0
0
1.6086
16.9654
1.1944
0
0
0.389
8.9002
6.8976
5.786
0.0811
0
0
0
0
0.1445
1.115
0.5012
4.3694
1.3824
0
0
0
0
3.5502
3.4227
0
0
0.2726
0
0
0.0012
0.4403
1.177
0.0765
0
0
0
0
0
0.4243
11.1299
0.2944
0
0.0825
0.0561
0.8204
0
0
5.9138
10.4578
0
0
0.9681
0.2102
0
0
1.5991
0
0.4528
5.3783
6.19
0.092
0
0
0
0
0
0
0
0
0
0
0
0.1984
0.3719
2.0575
0
0.099
0
0
0
0
0
0
0
0
0
0
1.378
4.8942
6.9802
0.1548
0.2963
0
2.5761
0
0
0
0
0
0
0
0
8.5432
0.3175
0.3931
0
0
0
0
0
0.2663
0
0.0127
1.2275
0.2545
0
0
1.6486
23.0278
2.0095
0.5836
4.4083
0.0568
5.728
14.237
0.8324
0.4887
0
0
0
1.2765
5.5499
0.0636
0.4564
2.701
1.4266
0
0
0.3825
0
0
0.6583
2.9732
0.0794
0
1.6541
1.5914
0.4586
0
0
0.3113
14.4047
10.6213
0.1655
0
0
0.1586
0
0
0
0
1.2656
0.2154
0.977
2.7605
0.1522
0
18.8049
4.6768
0.4031
0.0142
0
0
0
0.4455
2.6058
0.2468
0
0
8.4301
2.979
13.2996
7.6701
19.0197
0.014
0
2.164
1.2618
0.107
1.2913
0.2706
0.047
12.0234
0.4526
0
0
0
0
0
5.3871
32.1135
4.0669
12.6872
1.6245
0.108
0.9719
2.8953
0.1179
0.1397
9.183
22.8009
3.6137
4.4538
2.1048
5.6747
4.3654
7.4071
1.1457
2.1361
0.2199
0.1766
0.7666
0.0283
3.1522
6.7065
0.2099
0.4201
0.1756
0
0
0.0462
0.3655
0
0
11.5126
3.5408
2.3585
0
0
0
0.0549
0.5062
1.3091
2.2166
6.2532
0
0
0
4.833
3.211
8.5224
0.5956
0
0
0
0
0
0.4315
1.7556
0.0599
0
0
10.8033
13.2229
0.9589
0.1037
1.8645
24.3852
28.5402
11.1097
0.2143
1.3551
6.71
0
0.3679
0
0
0
0
0
0.0687
0.0194
0
10.9167
3.7488
0.9237
1.5822
16.2774
2.5755
5.4523
7.1713
0.7764
0.6317
0.2178
1.1039
0.0506
0
0
0
0.3078
0
2.9148
1.774
0.926
0.0852
0.4592
0.5166
0
3.1025
1.3081
1.4132
1.7707
0.3876
4.2561
0
0
0
0
0.3039
5.6807
0
0.134
1.1628
0.7642
0.1277
5.6089
1.5135
0.5345
0
12.2737
0.2889
0.4324
0
0
1.1321
0.0076
0.0523
0
0
0
0.2106
5.3059
6.6526
0
0
0
0
0
0.0363
0.2664
1.5867
0.5458
0.001
0.6022
0
0
1.7
0.4756
31.8936
0.9811
2.9781
1.2507
5.0382
1.1921
4.506
6.6834
3.8581
2.7453
0
0
2.0892
1.745
4.0473
0
4.7907
5.6579
0
0.7049
27.1237
0.7405
0.0704
2.6485
1.2438
7.9626
1.647
0
0.6144
0.4011
2.6358
0.7122
0.9939
7.4091
1.4888
0.027
0.0201
9e-04
0
0
0.0665
0
0
0
0
0
0
0
0.0273
0
0
2.6072
0
5.3248
5.1295
1.2836
3.5648
0.1624
0
0.8384
0.1465
0.9038
2.1161
0
0.0159
0.2506
1.1666
1.7948
2.4551
4.3927
1.0349
10.9143
0
0
0
0.0561
0.5045
0.1748
7.2918
5.1516
0
0
0.5006
0
0
0
6.2271
2.3873
1.3767
0
1.808
0.0537
0.0288
0.4464
0
0
0
0
0.0232
0.4091
0.246
0
0
0
0.1914
0.1273
0
0
6.2151
0.7191
1.0336
0.1238
0
0
0.5023
0.0699
4.1413
0
0.6641
0
24.1469
3.997
0.3281
0.436
0.2785
0.3168
1.221
0.7439
1.0745
2.8464
10.8917
3.7212
0
10.4181
2.9201
0
0
0
0
0
0
0.0764
0
0.2628
0
1.0578
1.0881
1.0436
1.0121
0.0304
1.3692
0
0
0
1.1802
2.3982
0.2037
0.0729
0
0
0
0
0
0
0.1874
0.0958
4.4498
0.6151
0.0843
0
0.4125
0.2682
0.6546
4.9022
0
0.4145
0.9797
1.1231
0
0
2.1656
3.1242
0
0.6933
0
0
0
0
0
1.2181
5.2143
0.2137
0
0
0
0
0
0
0
0
0
0
0
0
0.3528
0.034
0
0
0
0
0.9534
3.9336
0
0
0
0
0.147
0.2322
0
0
0
0
0
0
0
0
0
1.3706
5.7828
4.8188
0
0
0
0
0.6845
9.3448
2.9209
7.4065
2.1436
6.6002
0.1118
2.2699
0.0155
12.5271
8.0737
0.0344
0
0
15.1205
5.1728
0.136
0
2.7513
1.6746
5.1208
5.4535
0
0
0.6178
5.6592
4.359
2.5404
0.4847
3.5728
5.195
0
2.5693
15.511
12.7835
0.4419
0
2.9051
14.1399
0.4132
0
3.568
1.2786
17.698
0
0
0
0.8967
1.7076
17.8376
8.6192
1.5354
0
0
0
0
0
6.1979
2.7725
4.3786
0
0
0.0986
0.2041
1.2465
5.9279
3.9444
0
2.3491
3.1407
0
0
0
0
0
0
0
1.3942
4.385
0.1934
0
0
0
0
0
1.4443
0.1533
0.0392
0.0132
0
0
0
7.0378
6.2425
51.3229
0.4136
0
3.0851
2.1501
5.0432
1.7057
0.0711
0.2441
0.0501
1.42
0
0.2442
0
0.1772
0
0.07
19.3063
20.8113
10.9993
1.5249
3.3982
0.4198
13.4055
2.4368
0.0188
8.5614
0
1.8664
2.8576
0.03
0.0058
1.5211
23.8779
1.0232
0
0
0
0
0.3009
3.0932
0.6534
0.1241
0
1.0319
0.7503
0
0
0
0
0
0
1.1173
2.4085
0.2906
0.0182
1.0529
0.1848
0.1337
0.045
0.1123
0.29
1.3452
0.3499
0.0952
0.1802
10.2684
1.1573
0.0886
0.2317
14.1274
13.5176
4e-04
0
0
0
0
2.6697
0.7824
0.0325
12.0167
0.0136
3.1718
0
0.2327
0.0606
3.7975
1.784
0.9155
0.7451
0
0
0
0
0.4616
0
0
0
0.1369
0.4657
14.0164
0.0937
0
3.5779
2.1044
0
0
0.2648
1.5969
0
3.0421
1.8281
0
0
0.0575
0
0
0
1.3843
1.2244
0.3545
0.0297
0
0.027
0.0022
2.1155
7.7595
0
0
0
0.1343
1.0554
0.1133
0
0.108
0.6154
0
2.1995
2.9592
0.7347
0.2544
0
0
0
0
0
0
0.0092
0.6068
0
0.375
13.5083
0.2175
7.463
0.7929
0
0
0
0
0
4.0724
13.9822
1.8185
6.9862
0.5442
2.2883
2.4198
17.193
14.9667
4.0401
0.6856
1.4664
2.2234
0.8223
0.0714
0
2.7726
3.3098
2.3147
4.081
2.5997
3.2296
5.2482
1.2075
0
0.3039
0
0
0
8.6975
0.9625
0.5246
1.9613
1.0734
0.1105
0.0582
0.4266
0.3136
0.1971
9.7019
2.8513
2.9994
1.1289
2.5044
0.7261
0.7403
3.1222
7.335
0.2592
1.3118
0.1351
0
0
3.0298
3.1146
1.2234
0.5098
8.5971
0.8604
16.248
19.6318
0
0
0.0119
0.0765
40.572
12.8111
16.1321
11.4172
10.4449
1.4093
0.0128
0.0218
0.0066
1.6736
0.8446
0
12.0082
8.2677
4.7713
2.9137
2.4179
1.7345
1.8693
24.7291
2.6449
4.5202
2.609
0.26
1.4221
0
0.664
0.6261
0.5274
0
0
2.0258
0.1915
6.0619
0.8276
0.3604
0
0
0
1.1645
1.5763
0.5639
0.2939
0.1903
0.0769
0.0669
0
0
0
20.8338
29.7058
1.2779
0.922
0.0324
0
3.6189
19.0866
4.6413
3.0662
0.0642
7.639
0.8345
0
0
0
3.0171
2.9716
0
0
0
0.4796
1.1201
0.2056
0.3713
0
0
4.1418
0.9515
0
0
0.1337
19.3052
1.9495
1.4326
0.1568
0.0352
0
0
0
9.0434
2.5772
0
0
20.3381
0.0062
0
0
0
1.384
9.0869
3.0545
9.1279
12.6643
0.081
0
7.097
7.9034
2.4881
12.2675
3.0303
0
0
0
0.1754
0.3181
0.1442
0
0
0
0
0
0
0
0.0165
0.3166
0
0
0.0252
0.0983
0
0
0
7.715
0.1323
0
0
0
0.104
2.0523
8.907
0.3894
24.7938
3.5396
2.4071
0.3778
0
0
0
0
0
0
0
3.3101
1.7035
0.0433
0.1255
0.1942
0
0.3409
3.0921
6.7701
1.7405
1.1007
0.4063
0
0
0.4613
7.0057
17.3822
11.9607
0.5689
0.2222
0.0279
0.1054
0.0793
0.1276
0
0
0
0.6655
0.9309
3.5839
0
0
0.0564
0.1067
0.0816
0
0
0.6748
0.092
0
0
0
3.2529
0
0
1.6621
1.6299
0.2996
0
0.1159
3.1979
0.642
0.3364
0
0
0
0.5688
1.536
0.1701
1.2224
1.7528
3.7511
7.8309
0.5424
0
0.2958
8.339
0
0
0
2.3694
2.1874
2.3289
0.424
0.2894
0
0
0.4673
0.0964
10.0812
6.4539
0.0496
7.4163
0.9269
0.0869
0.0096
0.1809
2.5994
0.085
0
0.002
2.9015
0.5336
0
2.8666
19.2905
1.5939
6.8929
0
0
0.6181
0.0026
0.5587
0
0
0
1.0163
5.8646
25.4399
3.1323
0
0
0
0
0
57.4282
5.9226
0.885
0.1192
0
0
0
0
0
0
0.564
0
2.5946
0.0066
1.5235
14.5993
1.238
1.0293
0.0657
0
0
0.1473
8.4371
0.6533
0.0928
5.1834
0.1519
0.1324
1.2327
1.7149
0
0
0
0
0.7514
2.2206
11.705
2.6566
5.6378
2.6045
0.6216
0.4446
0.2038
0.1133
0.5458
0.2749
0
25.6845
2.3158
0.4115
0
3.3878
0.0288
0
0.2501
0
0
7.2789
7.529
0
0
0
0
0
0
0
0
0
0
0.6168
7.6557
22.7336
2.8843
0.0733
0
0
0.1571
3.8809
3.774
5.2295
13.8148
6.7002
5.5646
22.5002
4.7404
0.1887
0.0345
1.6797
0.2249
0
0
0.8003
2.4015
10.7451
0.0804
0.0291
0.0761
0
0
3.9988
2.5949
11.5821
5.7433
0
0.0124
0.5379
12.5195
3.0773
0.0024
0
0
0
4.5116
0.8844
0
0
0
0
0.5365
1.396
3.7411
2.8839
1.3642
0.6063
0.1419
4.0978
5.5333
8.5426
0.1118
0
0
0
0
0
0
0
0.0295
1.6379
0.686
18.4915
10.5995
1.9829
11.9303
0.6692
0.0014
0.1778
0.1602
0.0495
3.5048
7.9444
25.9648
2.4394
0
0
0
0
0
0
3.2352
2.6546
0
0
0
8.0387
5.0152
0.2634
0.0577
0
0
0
4.5829
4.7988
43.0431
0.0062
0
0
0.0452
2.1384
12.7228
6.7942
8.9962
1.3704
0.8616
0
0
0
0
0.191
0.5713
0
0
0
0
0
0
0.0501
2.5029
12.9455
1.2999
25.4282
0.0813
0.9521
0.0544
0.0073
10.6997
1.9309
5.2451
0
0.0178
7.9616
1.5167
3.401
1.6261
0.2486
0.2318
0
0
0
0
0.312
0.9101
0.0293
0
0.1838
16.0631
0.1801
0.0558
2.1498
2.5973
23.263
19.7819
2.9595
1.6899
0.2591
0.0199
0.2035
0
0.6656
16.3163
0.0834
0
0.3738
6.0788
0.0671
0
0
0
0
0
0
0
0
0
0
0.1291
2.0488
22.6091
1.2539
0.0163
0.74
1.4427
2.2156
0
0.3615
0
0
0.1197
0.0651
0.493
0
0
0
0.6993
10.9418
1.9692
0.3289
0.0612
0
7.1197
5.552
0.1546
0
0.0146
0.112
37.0907
1.3229
0.0301
0
0
0
0
0
0.0243
0
0.0326
0
12.6945
1.2716
1.5763
10.8756
0.4592
0
17.0077
1.7591
18.0046
2.0317
0
0.8151
0.4686
4.27
30.4768
26.7282
0.3381
0.026
0
0
0.9171
1.664
0.1633
0
0.0984
0
0.2902
12.5802
0.8226
0
0.2076
0
8.921
0.2657
0
0.0551
3.0467
3.8633
0
0
0
0
0.732
0.2538
0.8103
0.0276
3.0709
0
0
0
0
0
0.1714
0.6657
0.2472
0
0
0
0
3.4459
4.4332
9.3593
1.4449
2.9294
0.9982
2.2538
1.48
0.847
0
0
0
0
0
0.1039
4.0792
0.6222
0.5305
5.3042
0.3023
0.9906
3.272
1.7909
0.0216
0
0.3007
0
0
0
0
0
0
0
1.342
7.6093
0.889
0
0.072
2.9286
6.6245
0.4954
0.4594
2.8535
3.2799
3.137
0
0.113
0
0.2568
0
0.3996
1.2676
4.6024
0
0
6.2055
9.2794
1.539
0.2384
0.1794
7.711
5.5248
4.2768
0.0222
8.1597
0
24.9238
17.334
0.4569
1.3985
0.1458
7.003
0
0.0596
6e-04
0.2414
0.4368
0.0034
4.875
0.2628
0
0
12.0218
4.936
0
0
2.9124
0
0
0.2211
3.5787
6.2904
0.076
0.345
4.5852
1.3465
0
0
0
0
5.186
11.8933
4.2233
28.9449
1.3036
0.0329
0.1396
6.0139
13.0822
6.6013
9.9968
0.5278
8.1069
0
0
0
0
0.1854
0.7957
3.8073
0.6916
0
0
1.5311
8.2
0.1946
0.0688
0
0
0.4237
1.0463
0.2319
0
0
0
0
0
4.8293
0.0476
0.4452
4.3503
1.4659
3.8103
0.4815
0.2541
0.6403
2.0985
0
0
0
8.0905
2.1293
0
0
0
0
0
0
0
1.9086
4.2627
0.5467
0.028
0
0
0
0.0021
1.3643
0.4269
0
0
0.2788
10.016
0.2275
0
0
0
11.1429
5.665
0.6598
0
0.1955
0.0388
0.3908
0.1956
2.0218
2.5466
9.3866
21.3446
8.0515
0.0489
0
0.2814
0.365
0.0419
0
0
0.0287
0
1.5524
0.082
0.1889
0.214
8.2349
10.8469
0
0
0
1.3262
4.0852
0.9696
0
0.2864
0.0019
0
0
0
0
0
0
0
0
0.6782
5.1385
0.0094
0.1882
1.4803
0.2319
0
0
0
0
0.0108
1.2312
24.3077
1.0196
0.4822
0.5216
0
0
8.7359
1.8641
1.1259
1.9532
0.1689
0.0538
0
0
0
7.5276
0
0
0
4.0164
31.5543
22.1778
23.3243
8.699
0.0104
0
5.8533
2.0461
3.7294
0.3532
0
0
0.2579
1.4479
0.6332
0.0053
0
0
1.5456
0.6114
0.7036
0.097
3.2025
0.7796
0
6.6074
4.5891
16.3199
2.5504
5.8103
0.1461
0.6668
0.0552
1.2957
0.7108
2.0822
3.2392
0.956
2.2522
2.8843
10.6305
1.036
0.0153
0.0427
0.0352
0.0153
0.1173
0
3.8212
2.6858
1.3348
0.1289
0.1201
0.2925
0.1877
0.2886
0
0.3641
4.8169
0
2.0541
0.0012
0
0
0
0.4659
6.0412
1.2958
0
0
0.2298
4.6135
0.2189
0
0
0
0.1189
1.0626
0.1375
0.4254
0
3.6039
21.7695
0.9592
0.5114
0.058
0
0.0496
0.4982
0
0
2.7654
1.7162
0.7578
0.1031
0
0
0
0.0081
0.3567
0.6846
0.1598
0
0
0
0.3454
0.289
0.8662
0
0.0468
0.1953
0
1.8955
0.028
20.4744
1.4588
0
7.2654
7.1553
0.6928
0.6158
0.7634
0.1759
0.0875
1.8213
0
0
1.2015
0.1149
0
0
0
0
0.4741
9.6666
6.3712
2.04
0.2928
13.5473
2.5522
0
0.0246
0.0323
2e-04
8e-04
7.0105
1.7689
2.4412
0.027
0.534
14.5712
0
0
2.7385
2.0039
3.2931
0
0.5371
6.2117
0.644
4.9407
0.0154
0
1.4621
0
0
0.575
0.0529
0.9122
0.6839
3.0612
0.7722
0
0.1772
0.2252
8.4278
12.259
11.0098
0.2588
7.5338
12.0464
4.7239
2.6706
10.1842
2.9745
0.2658
1.2636
0.4013
0.6832
4.0435
0.8869
0.2757
0
0.7712
3.553
0.0086
0
0.45
4.8892
0.1755
0
0.0102
0.0483
0.0567
0.238
0.0968
10.2993
4.0236
0
0
0.3989
3.1705
10.5538
16.9425
0
1.2847
0.2618
1.1277
1.4286
21.7042
1.2851
0.0455
0
0
1.223
3.9717
0.6155
3.3138
0.0788
0
0
0
0
0
0.0022
0
0
0.698
31.0247
0.8355
0.143
0
0.9245
1.1355
3.4623
0.4229
0.4031
0
0
0
0
0
0.1287
1.3402
0
6.5376
0.0802
0.2987
0.4564
0.6378
5.6163
0.002
16.4565
21.7396
16.4593
19.2036
0.9765
10.3287
0.9841
5.8208
8.012
1.1783
0.6842
22.1459
3.8033
0.3016
8.8088
1.0251
0.0053
2.4829
8.8461
12.4631
0.0526
0.3579
1.5922
0.7575
0
0
0.012
4.3831
0.3885
0.5423
8.7804
0.3339
10.6115
4.3879
2.731
0.4522
0
1.9604
6.6293
0
0
0
0
4.5676
2.7041
1.8453
11.8545
10.971
0.0023
0
0
0
0.7818
3.6261
1.951
0.3307
13.5721
23.4831
11.0086
6.1252
16.2208
0
0
0
0.5984
1.2073
0.9091
1.7508
4.772
1.9046
0.2428
44.032
7.7323
0
0
0
0.1581
0.6713
0
0
0
0
0
0
0
0
0
0.6724
1.2895
12.3938
1.1593
1.2891
0.2882
0
16.536
13.5658
2.7107
0.0261
3.2047
1.3073
0.6184
0.1344
0
0
0
0
0
0
0
0.2867
0.0036
0
21.3346
18.5104
0.8081
3.0551
0.2673
0.3196
0.2892
0.2248
3.3347
2.7464
12.2837
24.2067
2.6223
0.1797
0.1045
0
0
0.0392
0.014
0.0197
12.8499
8.1342
10.1229
0.2591
3.802
0.1277
0.1205
0.0267
0
0
0.3097
0.2199
0.2913
0.1629
0.0779
0.0371
0.1157
0
0
12.9326
0.6916
0.0669
0
0
0
0.4206
0.166
0.0065
0.9727
5.2052
0
0
0
0.0505
0
0
0
0
21.2966
24.1935
15.2782
0
2.3441
10.6133
23.0745
7.3088
0
0.0072
0.4288
0
5.4489
0.4564
4.6558
8.3597
0
0
0
0
0
0
0
17.2162
2.326
0.0041
5.0477
0.009
0
0
1.2701
0
0
0
0
0
0
0
0
0.3799
0
0
0
0
0.4197
13.8701
0.952
0.0017
0
8.3489
0.0904
0
0
0
13.8494
6.2801
1.5749
0.2585
0.1692
1.203
0
0
0
0
0
20.7896
5.68
0.0275
0
1.7505
0.8052
7.6343
2.5162
0.9636
0.9252
0.0981
0.9147
3.2763
5.5397
0
0.4291
5.2354
1.8261
0.4828
17.0639
1.4783
0.039
0.0197
0.026
0.3204
0
0
6.3929
20.6912
0.2028
0.089
0
0.0192
0.0481
0
0
14.7411
6.533
0.4512
0.5203
0.0439
2.0338
2.1496
7.5315
0.4551
0
5.7094
5.4633
2.4055
0
0
5.6336
17.7229
1.1249
0
0.0249
1.3367
2.6351
0.2195
0.0217
0.907
4.4426
3.5584
0.0037
0
0.2195
0
0
0.3849
0.0129
0.0177
0
0.1143
0.5833
0.0422
0.8341
0.9962
0
0.3494
0.0738
4.2757
3.8671
0.5945
0.1136
0.118
1.1789
1.785
1.4211
9.2874
0.0301
0.0055
0
3.1475
9.979
0
14.0633
24.5629
10.1461
0.8298
0
0
0
7.3276
0.251
0
0
0
1.2734
7.5156
8.7104
0.1114
0
0.075
10.401
11.4483
1.0498
6.1556
0.2274
1.3808
1.0541
2.3746
1.8665
0
0
1.3897
2.3481
5.6498
2.9551
5.1625
5.561
6.8811
0
1.4867
0
0
1.1122
0.5979
3.7605
4e-04
0
0
0
0.131
12.1339
0.5455
2.1288
0.2601
2.1535
0
0
0
1.2812
1.5243
1.7805
0
0.5214
0.7818
0
0.1873
4.2355
2.4376
0.5089
0.5842
0
0.0735
0.7513
0.2
0.6006
0.0056
2.1464
0
0
0.552
1.8884
0.0977
0.034
0.0096
1.1166
3.8927
0.7485
7.3788
17.1748
9.2032
12.6745
1.7613
0
16.9061
0.5632
0.1951
0.6965
0.6345
0
0.8149
0.2252
3.5201
6.7358
0.2297
0
0
0.0672
0.18
0.7752
0.01
1.6921
1.5096
7.043
9.0145
5.9259
2.4366
4.1093
2.1133
0.8613
0.5018
0.2427
0
0
0
0.1906
0.6162
16.8954
0.0863
0
0
2.9565
0
0.036
9.81
9.6321
1e-04
0.6926
2.4191
5.0291
0
0
0
0
0
0.0865
0.0154
0
3.9651
2.6869
0.5888
0
2.8208
0.1064
1.5169
0.0172
0
0
0
0
0
0
8.5771
8.9697
1.5998
0
19.0488
0.2203
0.3709
0.0397
0
0
1.5139
4.4179
0.5043
4.3827
13.0622
0.2755
0.1879
0
1.5768
1.8772
0.8225
13.3898
1.4257
0.221
0.1796
0
0
0.7337
0.0292
0
0
0.8029
0.655
0.022
0.026
2.0631
2.0404
1.0835
5.0616
0.0095
0.4033
0
2.0476
0.1673
0
0.1017
0.1395
0.0569
0.0378
0.232
0.164
0.04
0.9896
1.3095
7.2219
2.8755
0.1809
0.3617
0
2.2888
0.1083
0.0817
0.8106
0.9157
0.8405
6.8364
0
0
0.0379
0
0
0.001
0.5079
3.7168
0.6426
14.4294
15.0439
0.3095
0.742
0.2759
0.236
0
0.6274
0.0648
0.0024
0.0097
0.0602
5.5113
1.6729
0
0
0.0295
0.2389
0.6491
0
0.0629
0.0744
0
0.2732
0.5801
0.3113
0.0503
16.1442
4.8233
3.5559
4.1415
0
0
0.0888
0
0
0
0
5.5127
4.9179
0.671
2.4193
3.7293
0
0
2.1895
0.1333
0.3316
0
0
1.0411
0.1879
0
10.2906
0.0714
0
0.2124
0.3096
0
5.9868
1.0996
2.2226
0.1789
0
0
0
9.4452
1.2177
1.4687
16.6306
2.5459
0.0769
0.1646
10.8154
6.272
26.0613
5.2419
0.7316
0.1647
0.0424
0.132
0.02
0.0614
0
0
0
0
0
0
0.8999
15.4945
4.3708
7.8338
5.6372
2.5002
0
0
0
0.0084
0.5456
4.4664
0.6491
0
0
2.1104
4.2496
0
0.1134
0.5968
0
0
0
0
0
0
0
0
1.3026
1.3062
6.5836
0
0
0
0
0.6404
3.2474
0
0
0
0
0.2551
0
0
0
0
0.1668
2.4143
10.8406
2.5468
5e-04
0.0929
0.0733
0
0
10.1557
3.6625
0
10.1506
39.37
10.8629
4.4524
1.9941
0.3581
6.1187
0.1949
0
0
0
0
6.791
0.5956
1.263
6.9778
5.1956
0
0
0
8e-04
0.2076
0.0484
0.1196
0.3824
0.0636
2.5977
0.4266
8.0022
14.5435
0.2932
1.0894
2.5659
0.9954
0.2088
1.6702
0.0788
0.001
0
2.9103
4.3046
1.121
6.6053
2.569
0
0
0
0.0277
1.1919
8.0156
1.3403
25.2894
7.3506
0
0
0
0
3.07
13.0496
4.073
0.3274
0
0.0814
0.2288
0.3711
0.5897
1.2401
0.7276
1.2617
0.6481
0
0
0
0
0.2466
0.6845
0.3657
0.02
1.208
0
0
0
0
0.7204
0
0.0142
0.4215
0.0195
0
0
0
0
0.1443
1.1008
7.3748
3.5229
3.952
1.4519
0.4566
0
3.5898
0.0714
0
0
0
0
0.5904
0.7907
4.8139
0.0053
0
0
0
0
0
0
0.0457
0.0975
5.4444
0.0022
0
0
0.2459
0.5038
0.6503
0
0
0
0
0
5.0806
10.6517
0.1671
0
6.3072
3.8857
6.8902
0.0124
0
21.1388
2.5229
0
0.042
0.0494
0.3435
0
0
0
0
0
0
0.2769
0
0
0
0
0
14.1361
7.3586
0
0
0
0
0.7384
0.2516
5.9567
1.8291
23.7416
2.2642
7.093
3.3193
2.2352
0
0
0
5.1652
3.9181
8.8043
2e-04
0.0012
0.2619
0.0912
0.1719
0
0.2634
0.121
0.144
0
0.2631
0
0
3.5243
3.0983
0.0624
0.0314
0
3.6904
1.8748
4.3737
0
0.0608
0.0333
0.4025
0.8413
1.5799
4.8345
8.6858
1.3602
0.0326
0.6915
8.1839
30.315
4.6589
1.289
0.4458
0.1856
0
0
0
0
0
0
0
0.1197
0
0
0.4607
0
0.13
0
0.5461
0
0
0
0
0
0
0.9255
0.0736
0
0
0
0.0131
0.0499
0.0189
0.3095
0.2123
0.1146
1.2469
10.4612
3.8075
0
0
0.3532
0
2.0408
0.8283
23.2816
7.431
0
0
0
0
0
0
0
0
0
0
0.3566
0.5999
0.3318
0
0.032
0
0
0
3.0929
1.9187
0.0523
0.0433
0
0.0199
0.0461
0.0411
0.4156
0.1314
0.6143
0
23.9611
29.5423
5.9948
0.5233
10.4524
0.1975
0.0119
0
0
3.2788
11.6411
0.8525
1.1933
15.6818
0.0325
0
0.0191
1.1962
0.1176
0.5083
0.0085
0
4.2485
0.0381
0
0
0.7429
3.3627
0
0
0
11.2766
6.9806
5.1786
0
0.2286
3.6679
0
0.0182
1.7642
4.1806
2.0912
0.0219
0.0718
0
2.6343
29.0446
2.0233
0.002
0.2012
16.0003
6.5188
0.1208
0.0076
3.1202
3.9474
2.556
0.012
0
0.001
0
0.0659
0
8.1379
0.4713
0
0
0.0666
0.0334
0
0
0
0
0
3.8999
2.5378
2.0714
1.1683
4.068
8.9039
24.1014
2.6905
6.7489
3.9093
0.5901
0
0
0.8343
6.9609
0.2389
0.035
0
0.0388
0.0222
0
0
0.4718
12.0848
2.2147
10.5228
5.8845
0
0
0.4397
0.4786
2.5106
12.2487
7.5347
2.3418
2.3776
0.9788
0.1923
0
0
0
5.752
2.52
7.2263
8.0222
7.4511
0.9529
0.3738
16.9883
8.5588
0.2797
0
3.012
0.1549
2.1376
3.4641
1.4497
25.698
5.4361
0
0
0
0
0
0
0
0
0
0
0.0013
0
0
0
0.0192
0.03
0.0202
0
0
0.2617
4.9412
0.1932
0
0.1032
0.5853
0.1208
0
0
0.03
1.0839
0.4315
0
14.6982
1.3324
2.9775
0
0
0
0
0
0
0
0.4315
0
0
24.1708
5.3321
46.7823
10.1291
0.1243
0
0
0
0
0
0
0.3723
0.0591
0
0
0
0.3287
4.1515
1.4696
1.034
0
0.1024
0
0.0604
9.1666
0.6097
0.4864
0.7358
5.0591
1.6916
16.6483
0.2666
0
0
0.2992
12.9757
0.0389
0.0202
4.2956
21.604
2.7232
8.422
0.0171
0.0817
0.8384
1.7315
2.6463
2.5535
0.1363
0.2365
0.1595
0.0339
0
0
0.2429
0.3171
0.5222
0
0.3839
0.0616
0.3096
0.0285
0
0.3703
0.0296
0
0.3058
1.7804
0.0885
0.2147
0.53
2.8855
10.4001
0.0112
0
0
1.9123
2.5129
0.0291
0
0.0625
0
0.8438
0.3321
0.1799
0.2927
0
0
0.4002
0.0168
0.0252
1.5166
6.4566
0
0
0.0637
0.4384
0.1028
2.9662
1.1218
0.9813
2.7554
0
0
1.5485
0.4339
3.1113
1.7441
10.2217
0
0
0
4.8341
9.7609
0.224
0.6107
1.6683
2.513
1.1295
0.2626
0.1651
0
0
0
0
0
0
0.8677
1.6304
0.0861
0.0293
0.034
0.0381
0
2.6526
0.5553
0
0.0638
0.2651
0.463
0.5078
0.1329
0.0929
0.0528
0
0
3.2469
12.3576
2.7545
0.0696
0.2327
0
0.3614
0.4734
8.8087
1.6426
0.3128
0
0.001
0
0
0
0
0
1.0688
0
0
0.592
20.732
15.4136
0.1822
0
0
6.1979
3.6693
0
0
0.246
0.5306
0.0019
1.1343
3.8853
0
0
3.2359
0.8647
0.0475
0.1633
0
0.3129
0
0
7.369
5.5238
0.1462
3.1578
1.407
0.1539
0
2.9972
8.4519
0.0042
22.019
14.0877
0.2849
0.4643
3.7931
1.3418
0.8102
8.9336
14.0534
1.2889
0.3412
1.0188
4.0649
3.2614
1.5072
0.01
0.9589
5.9675
13.9082
4.4359
0.2895
0
0
6.6165
1.1889
1.9175
0
0
0.8589
3.6491
0
0.304
0.6161
0.2009
1.3385
6.0745
0.1426
0.1153
0
0
0.1748
7.6188
2.63
2.038
1.1824
15.8985
10.2581
1.5426
4.9614
3.4858
4.742
6.7013
1.5178
2.1286
0
1.2738
9.202
18.4829
6.8025
1.3291
0
0
0.0272
1.7196
0.0145
0
0
0
0
0
0
0
0
0
0
0
0
1.6692
0.2405
0.4165
0
0
0.5145
4.5028
16.1489
0.9254
0.1607
1.8361
1.0509
0
0
0.0895
1.8239
6.479
5.1421
0
0
4.7589
11.0053
12.1521
2.89
0.6262
0
0
0
0
0
0
3.0556
0.3139
0.0998
0
0
0.0799
0.0322
0
0
0
0.4464
1.5861
2.305
1.821
0.0731
0.1365
0.0468
0
0
0.0626
0
0
0
0
0
0
0
0
0
3.8346
9.5832
0
3.2705
0
2.7136
5.8519
1.5329
4.3507
1.2023
1.2002
0.4292
0
0
0
5.2378
13.0086
0.3053
0.2304
0
5.4095
15.0774
15.7688
0
0
0
0
0
0
0
0
0.201
0
6.4785
0.727
0
0
0
0
0
0.2006
0.4453
12.0735
1.6079
0.3572
0
0
9.4225
0.2826
0
0.633
0
0.3644
2.888
11.0445
0
0
0
0
0
0.4303
0.5316
20.9209
6.8378
0.6314
0.0089
0.3648
0
0
0
0
1.7201
1.5699
0.61
0.625
0
0
0
1.2397
2.3867
10.6139
7.4567
0.0171
4.2322
0
6.2387
7.8685
0
1.8416
0.9021
3.1496
0
0
0
0.3132
0
19.3527
7.8515
1.4642
0
0.0546
26.9524
0
0.6504
0.0681
0
0
0
6.61
6.908
0.0618
0.5014
0.159
0.0312
0.0378
0
0.3335
1.1577
0.4124
0.3612
0.0465
7.2022
0.0175
0
0.4496
5.5603
0.3628
0
0
0
2.568
3.1901
7.3092
0
0
0
0.6107
0
13.0686
1.2102
2.5659
5.6183
0
2.0119
6.9938
0.1947
0.3273
0.1699
0.216
0.2144
0
20.5643
0.6655
0
0
0
0
0.2406
1.5668
0.4289
0.9547
0.0359
0.6537
3.3345
0
0
3.8455
2.3786
15.7596
0.1137
0
0
0
5.4296
36.0516
0.0032
1.3075
2.9699
0
0
3.7843
5.8468
0
1.2294
1.3893
1.2854
0
0
0
35.9816
0
0
0
0.2724
0
0
0
0.5774
0.7855
0
9.4933
0.3334
0
3.6998
6.9636
1.1259
1.1727
0
0
0
0.3719
10.0433
0
0
0
0
0
0
13.2387
0.628
0
0
0.3635
1.883
0
0
0
0
0
0.0572
0.5591
0.0338
0
0.2998
4.9008
0
0.002
3.6679
3.8618
21.6686
5.9093
9.9797
0.5439
1.7897
1.3568
0.9732
2.0136
0.121
2.1512
0.5685
1.6686
6.495
0
0.8234
5.334
16.9398
0
0
0
0
0
42.0348
0.0175
0.006
0
19.1027
0
32.6168
7.6382
29.1508
0.5196
0.1177
0
0
0
0
0
0
0
2.0548
0.0017
1.7512
0
8.6096
0
7.4672
0.096
0
4.198
8.379
0
1.1582
6.1271
6.5105
0.1425
0
2.548
10.1195
0.0901
0
0.1782
0
1.5813
0
4.5595
4.8932
14.3656
0
0
0
0
1.781
11.9114
0
1.3879
0.3106
0
3.3207
8.7078
2.3797
4.7417
0.2345
0
8.2168
2e-04
0.4268
0.7706
0
0
0
1.84
0.0941
11.7984
0
0
0
0
0.1433
0
4.7223
8.6896
8.8141
0
6.8741
24.8203
9.1192
0.3462
0
0.3983
1.4602
1.4669
0
17.8228
0.0262
12.8776
0
0
0
0
1.022
0
2.076
0.5049
0
0
0.3183
0
0.233
3.4316
11.8692
4.4564
2.9038
0
0
0
0
11.0693
0.0239
1.3827
37.5717
0
0
1.7168
0
0
0
0
4e-04
1.1714
0.1138
0.3328
0
0.6756
0
0.2521
0
0
0.0735
0.9698
0
0
0
0.2867
8.8532
0
0
0
0
0
0.0286
0.4037
0
0
1.1747
0
15.7608
3.5783
0
0
0
2.0736
3.3051
2.2773
0.871
0.4695
0
0
0
0
0.1831
0
0.0341
1.1887
0
7.9647
2.7036
0.3437
0
0
0.4688
2.4966
7.571
1.4642
3.837
0.0339
0.2385
0.0713
0
11.815
2.7578
0.387
0
2.2048
3.7975
1.5613
0.3168
0
0.9843
0
0
13.8054
0.0464
0
0
0
0
0
0
0
0
0
0
6.1308
9.9011
5.6468
8.4575
0.6027
0
0.2044
0
0.4972
0.0498
0
0
2.979
16.3285
0.853
6.0278
12.2662
23.7956
0
0
0
0.5461
5.0319
0
4.1882
1e-04
0.3693
0.2799
0.1023
0
0
1.3357
4.9624
0.3414
4e-04
0.191
0
1.2975
0.2137
0.0351
0
0
0
0
0
0
0
0
0
0
4.8555
8.7655
4.3325
0
0
1.0155
11.046
43.6632
10.7702
1.0923
3.5936
0.1154
0.1286
0
0.8863
0
0
1.4009
0
2.0846
0.0016
0.8243
0.6494
0.2528
0
0
9.6711
16.767
0.4055
0
0.3041
1e-04
0.1759
0
0
4.7227
8.2713
2.4878
9.1669
4.613
0
0.0323
0
0
0
0
13.9757
0.1768
3.1577
0
9.4854
1.6173
0
0
0
0
0.0971
12.5528
22.5531
4.3493
0
0.0957
0
9.5358
0
15.709
1.0449
0
2.1003
0.1556
0.0126
0.0152
0
0
0
27.7585
0
0
4.4768
1.4716
5.339
18.9131
1.8354
7.1493
0.0278
0
0.8531
2.1698
0.3789
0
0.5879
0
0.8383
0
0
0
0
0
0
0
0
0
0.0649
6.3173
6e-04
0.0667
0
0
0.1025
4e-04
0.7799
0.1664
0.1886
0.1779
0.0613
1.5313
0
0
0
0.9901
9.7249
3.0543
21.1505
6.392
0.0041
1.1622
1.6528
0
0
6.6918
0
0.0613
0.0928
1.6241
0.0107
4.8688
12.4117
6.1835
6.491
4.1326
2.864
0
0
0
5.4479
0
0
2.1589
7.1614
0.1084
0
0
0
0
0
6.0024
7.231
0
0
4.4816
3.7982
20.1276
23.4381
26.3331
0
0
0
0
0
0
0
0
0
0
0
14.9791
24.8791
29.9733
3.9664
2.6206
1.6813
3.8992
3e-04
0.1288
0
0.9028
0.1036
10.5545
0
8.7643
0
0
3.983
0.0863
1.3271
28.8248
51.6401
0
0
0
1.645
0
0
0.2228
0.3341
0
0
0
0
5.1402
0.0025
0
0
0
0
0
0
4e-04
4.3549
0
0
0
1e-04
3.7312
0.2551
0
0
0
0
2.6153
0
0
0.0432
0.6617
0.0547
8.6122
0.0104
3.1991
3.063
15.5636
0.0415
0
0.3952
0.0353
0
0
0
0
0
0
2.2666
0.1066
0.002
2.8069
0
0.6574
0
0
0
0.2266
3.6136
1e-04
8.8694
9e-04
1.5321
0
0
0
0
0
0
0
0
21.085
0.0222
0
0.0833
0
0
0
0
0
0
0
0
0
0
0
9.3128
8.4072
0
0
0.0948
1.2941
0.6238
0.0369
0
0
2.6924
0
3.1908
0
0
0
0
0
0
0
0
0.1673
0.3506
0
0.6173
0.8157
6.8707
2.2416
0
0
0
0.4351
0
0
0.7093
0
0.0991
0.0954
14.4451
9.5938
2e-04
0.0584
1.6879
0.0045
4.0006
1.9262
0.5679
2.3129
3.6194
7.6231
2.8052
0
0
0
9.7243
2e-04
0
0
18.4067
7.5969
0
5.6455
0
0
0.5699
0
3.14
0
7.8236
2.9397
0.1901
1.4979
0
1.2444
10.7424
0.3381
0
0
6e-04
8.9236
0.3979
0
0
1.0205
1.6959
0
0
1.2344
0.1029
0
0
0
4.492
0
6.1451
7.7791
0.746
1.8903
11.3897
0
0
13.9815
9e-04
0
6.26
0.4865
0
0
0
0
0
0
0
0
0
0
0
0
0
0
0
0
0
0
0
0
0
4.7248
0
1.1608
5.538
0
0.4388
0
0
26.0457
0
9.886
1.709
0
0
3.5498
16.381
1.5878
0.5764
0.5379
0.1935
0.5084
2.4624
27.7447
0.0963
0
0
0
0
0
0
0
0
0
0
1.3239
0.0349
0
1.8174
0
0
0
1.8603
1.3138
0
0
0.0627
0.063
9.6673
0.0204
1.7648
0.5257
14.9581
9.5285
8.0476
0.3462
0
0
0
0
0
12.6937
9.2644
3.5465
0
0
0
0
0
0
1.1008
0.2864
8.1942
19.9592
7.0599
15.6229
0
0.0683
0.9049
0
0
0
0
0
0.0663
1.0098
6.1137
2.1263
12.9611
1.3067
1.8158
0
4.4724
0.0022
0.8149
0
0
0.4349
0
0
6.6138
0.0013
0
0
0
0
0
0
7.6846
6.1062
2.1173
0.8407
3.0915
8.9503
1.6977
6.4408
6.8989
0.1941
0
1.8633
0.1776
0.4309
1.426
0.7348
0
0
1.0134
0.0326
3.425
1.6904
4.7763
0.0731
1.8976
0
0.0883
5.7055
1.784
0.0349
0
0
0
1.8711
0
0
0
2.4939
6.6057
16.7259
8.4886
1.0521
0
0
0
0
0
0
0.0156
0.0658
0
3.11
0
0.0672
0.2458
0
0
0
1.7646
0
0
0
0
0
0
1e-04
0.4058
0
0
4.6725
0
0
0
0.4162
30.5908
1.3414
0
0
6.1523
16.6395
0.0624
0
0
2.1823
1.269
2.072
0
0
11.8429
0.1421
0
0
14.4076
0.4592
0
0
0
0.21
0
0
0
0
0
0
0
0
0.111
0.5212
20.1862
0.0024
0
0
0
0
0
0
0
3.8932
0
0
0
0
0
0
0
2.8718
5.4745
1.4366
0
0.0316
0.911
0
11.0597
0
0
0
0
0
0
0.6545
0.1377
10.2515
1.8396
0
0
0
7.4616
0
0
3.3816
17.8609
3.9133
0.6417
0
0
0
6.048
0
0
0
0
0
0
0
0.8612
0
0
0
0
0
10.4506
1.3553
0.3549
0
0.0193
0.6079
0.3163
1.4342
9e-04
0
0.5796
0
0.1488
0
0
1.2418
0.0658
2.0553
1.0661
0.6308
1.565
0
0.1402
0
0
0.6845
0
1.7885
0.211
0
0
1.2615
1.4248
0
0
0
0
0
4.4746
5.5424
0
3.1714
1.8542
0.0943
0.0096
0
5.9155
1.7126
0
0
0
0.146
6.6336
0.1073
0.0485
6.0186
0
0
0
0
0
0
0
0
0
0
0
0
0
4.8061
0.0055
0.059
0.4126
1.587
0.002
0
7.9963
10.4628
0.0843
0
0
0
0.2287
0
13.1883
4.6224
1.4785
0
0
0
0.0747
1.9808
0.1668
0
0
6.3391
11.3192
0.0072
0
0.6581
0
0
0
0
0
0.0398
0
1.6335
31.391
5.1503
0.268
0
0
0
0
0
0
0
0
22.5956
1.5521
0
0.9629
0.004
0
1.1038
0.6983
3.3265
24.3771
0.0169
17.7201
0.1492
0
0
2.2296
0.1552
7.8126
28.9366
0.0016
0
0.1165
5.8699
0.1618
0
0.0014
2.3018
30.8357
1.1266
4.0707
0
0
0
0
0.0038
16.55
4.2704
0
0
0
0
2.1847
18.5377
7.5039
8.0712
8.1513
0.1836
1.2686
18.7879
0
0.2121
28.7325
0
0
1.3839
32.743
0.8446
0.0196
0.238
0.9036
4e-04
0
0
26.8909
0.0144
0
6.6331
0
0
0.9379
1.0106
0.0358
0
0
1.7944
1.5713
0.1765
0
0
0
0
0
0
0
0
0
0
0
3.2852
21.0198
42.6613
1.2536
0.0079
9.1074
7.6915
0.0575
0
22.0094
21.0576
0.2294
0.0107
0
0
0
0
0
0.4978
0
5.4722
0.0048
0
0
0
0.068
3.2254
0.7608
0.034
0.4097
11.0184
0
0.0333
0
0
0.0353
0
7.1127
0.0349
0
0
0
0
0
37.3099
0.3631
10.29
0
6.7255
0.3846
0
0
0
0
7.6482
1.1199
0.5477
23.7559
6.1772
0
0
0
0
0
0
0
0
0
23.1703
25.1555
4.0573
1.0056
0
0
0
0
0
0
0
1.7374
0.3268
2.5652
6e-04
0
0
0
0
0
5.2055
8.6508
0.2174
1.4389
0.2577
0
0
0
0
4e-04
0.3346
0
0
0
7.9756
0.5814
8.1782
6.8693
0
0
3.748
0.1649
0.1509
0.193
0.193
0
0
0.1879
0.3176
0
0
0
7.4856
1.699
1.4691
0.0612
1.7498
0.494
0.1476
0
1e-04
0
0.062
0.1286
3.5394
1.8753
0
0.18
19.53
6.7682
3.03
8.8427
0
13.4593
5.9678
0
1.7111
0.0011
0.527
0
0
0.0879
0
0.0128
0.225
0.3062
1.2007
0.5199
2.5358
0
0
0
0.3167
0.3444
0.1812
0
0.148
0
0
0
0
0
1.7119
0.8361
0
0
0
0
0
0
0
0
0
0.1328
0
1.1454
0
0.5106
11.1432
1.0045
0
0.1613
0
0.0683
0
3.3975
0
0.2233
18.3409
5.0937
0
0
0.0056
11.7344
3.1865
0.1283
0.0454
0
0
0
0
0.8339
0.1473
3.191
13.6925
0
0
0
0
0
0
0.0588
0
0.3859
0
0
0.1306
0
1.791
2.9092
5.5639
0.19
0
8.077
1.7873
0
0
0
0
0
0
0
0.121
0
0.0617
0
0.0716
0
0
2.3448
0
1.267
0
0
20.9863
1.9742
0.1111
3.634
0.9279
2.3329
1.5904
0
0.1051
5.9705
0.3297
0.4671
0
0
6.9258
4.4874
2.8142
0.0383
0.3938
0
0
2e-04
0
0
0
0
0
0
0
0
0
0
10.8287
0
0
5.4992
1.2332
0
0.017
24.6709
24.2675
0.0054
3.8574
0.0362
0
7.0905
0.667
0.0965
3.6453
5.6788
2.2228
14.9485
0
0.3805
0
0
2.4722
9.5857
0.314
0.3451
4.7034
6.7256
1e-04
0
0
0.2208
0.001
0.6818
0
0.3565
6.6559
0.3804
0
1.7231
1e-04
0.7682
2.7739
4.2373
5.66
0
0
0
0.3753
0.0056
1.2994
0
1.858
0
1.9591
1.5193
0.095
0
1.2118
0.0101
1.2716
0.4143
0
0
0
0
0
0
0.7291
0.1
0
0.644
18.0222
5e-04
1.6338
0.0382
43.2391
2e-04
3.6245
0
1.029
6.663
0.2511
0
0.4528
3.4862
0
0.2145
0
0
0
15.9666
0.8859
0.0073
4.2023
0.5271
0.002
0
1.4726
0
0.0136
6.2625
0.6198
4e-04
27.2448
6.7413
0.3651
0.4439
0.2189
0.2886
0
0
0
1.094
0
0
0
0
0
0.0446
0.8753
2.7333
14.6448
16.5308
0
0.1693
2.2835
2.6431
0
0
1.0468
0.4441
30.8271
0.4248
8.8721
0.2157
0.1606
14.3939
1.1321
1.2954
0.5987
0.039
0.1093
0
0
0
0
4.419
29.7524
7.3411
0
0
0
0.0556
14.5006
18.2213
1.8952
16.4854
1.9227
23.0556
0.0317
0.0224
0
0
7.2185
7.1123
8.9029
0.0322
20.0786
1.6955
0
0
0
0
0.9062
0
4.2622
0
0
0
0
0
1.4679
0
0
0
0
0
0.5021
2.695
0
0
0
2.4173
0
0
0
0
0.3251
4.0377
0.5408
2.435
3.0348
14.7105
16.0904
0
0
0
0.8155
0
0.4121
0.1333
1e-04
0.224
0
0
1.0461
5.1177
16.3295
0
3.5246
22.7039
1.1448
0.3564
0
0
0
3.2339
0.1763
0.0249
0.0429
0.05
0.2431
0
0
0
0
0
0
0
0
3.6235
0.0295
0
0
0
0.0564
1.4243
0.2837
0.0272
0.796
0
0.2495
0
0.0828
0
0
0
0.8518
4.9204
0
0
0
0
3.5662
24.0293
17.9632
14.4029
0
0
0
0
0
0
0
0
7.0846
3.9401
0
0
0
0
0.247
0.2768
0
1.1656
12.585
1.088
0.2551
0
0
0
10.8892
0.3296
0
0
2.2341
7.6924
0.5716
0.1326
0.14
0.4565
0
8.7718
0
0
0.2005
0
0
0.3478
2.5755
0
1e-04
0
2.2687
0.2932
0
0.1473
5.0016
6.2136
12.2927
1.5897
0
10.0956
1.7463
0
1.0554
14.4688
2.7676
0
4e-04
0
0
16.5522
10.8386
0
0
6.9733
17.3161
1.4932
0.1003
0
0
0.1272
0.4876
7.8723
2.8024
1.4769
0
0
0.3374
0
3.276
9.4027
0.3155
0.3129
0
10.5799
0
0
0
4.7902
0.9735
5.3819
4.0985
0
1.5204
32.4511
4.0385
1.2006
1.0133
4.4869
5.3638
1.0406
0
1.429
0
0
0.11
0.2453
17.1749
0.0104
0
0.7958
2.5375
0.5981
0.0328
0
1e-04
9.8268
8.5557
13.5446
1.9513
0.0267
0
0.1323
0
0.0085
1.6121
0.002
1.9904
0.5403
0.0585
0.82
0.0909
0
0
4.4556
1e-04
0
0
2.7421
4.2407
0.0976
0
0
0
0
0
0
2.7141
0
0
0
0
2.7689
0.4764
0
0
0
0
0
0
0
0.1538
0.2075
0
1.3063
11.6336
5.7131
0
0
5.8442
2.7488
9.5274
28.0629
1.7107
0
0.0195
0.471
0
1.7545
3.7239
0
0
0
0
0
0
0.0019
0.6987
2.0953
0.4528
1.0876
0
0
9.7064
0.1055
0
14.3164
8.765
9.0667
0.8877
0.214
0
0
0
0.0346
0
0
2.8325
0
0
0
0
0
0
0
0
0
0
0
1.7232
4.2964
0
0.0358
0.5405
5.3457
10.5915
2.8149
0.5369
0.2142
0
0
0.2827
19.4948
0.71
0
0
0
0
0.9834
5.2251
0.1088
0.067
0.7845
0
0
0
0.1204
0
0.472
0
0
0
0.0519
0.7226
7.8392
0
0
0
0
0.3741
16.1638
2.7481
0
0
0.33
0
0
1e-04
0
0
0.5288
5.5575
1.0099
0.2242
0
0
28.1592
1.9641
0.6143
0
0.1627
3.5455
1.1741
0.5257
0
3.1017
0
2.1029
10.9838
1.3642
0.0024
0.427
0.9164
0.7204
0
0.4562
0.7964
0
3.9534
0.1893
5e-04
0.2013
0
0
0
0
0
0
0
0.0574
4.7643
0
0.6038
0
1.7575
24.5757
4.8539
1.1424
0.4664
0.1321
0
7.0169
0
0
0.2411
0
3.0815
7.0874
0.7622
5.2034
0.4445
1.0924
1.7881
2.0153
0
0
0
0.2566
0.1252
2e-04
0
0
0.0385
0
0
5e-04
0
0.0976
0
0
0.0855
0
0
1.1827
0
0.2413
2.7671
0.5544
0.0912
1.8153
0
0.6408
3.1558
0.0022
0
0
0
0
1.0398
0
0.1462
0.0745
0
0
0
3.6099
0.5832
0.3792
0
0
13.1648
4.7078
1.3008
0.1298
0
0
0
0
1.1206
0
0.0363
3.8314
1.0512
0
0.852
3.9908
0.2378
0
0.1193
14.629
0
0
0
0
0
2.1456
2.1321
8.794
0.2152
0
0
1.5581
0.413
0
0.2031
12.3209
0
0.6514
1.3167
0
0
20.0379
17.2865
0
9.7793
0.3596
0
0
0
0
0
0
0
0
0.0092
2.4762
1.7894
1.4166
0.2216
0.2995
0
0
0.1221
0.574
0
0
0.5696
3.9216
7.4753
13.6456
0.0127
0
22.4671
2.2839
5.8077
7.3257
17.9329
17.2362
10.0695
4.3518
0
0.0106
5.5297
0.6359
0.0375
0
0
9.6864
0
0
0
0.0518
0
0
2.5789
0.2208
0
0.1522
22.2907
0
0
2.1305
2.353
0.3175
0.1433
1.3964
12.2737
0.1838
0.1329
3.3386
42.391
1.3071
5.0415
1.5742
0
6.039
0.0102
1.4475
0
0
0
0
0
0
6.106
4.2654
0.291
1.2265
1.4632
0.0604
7.3852
0
2.9222
3.3526
0
19.4369
16.1826
7.3143
3.1873
3.5771
0.289
0.7413
4e-04
1.6513
0
0
1.2916
0
0.4084
19.9519
9.3636
3.4441
0.1936
0
0
15.5671
0.3003
0.0355
0
0
0.8893
20.8102
20.2217
20.1481
6.9256
0.0892
2.0744
5.7654
0.0057
0
4.5135
8.0765
0
0
2.0717
5.3047
0
0.0069
0.1146
0
0.0422
2.331
0
0
3e-04
4.3591
1.233
0
0.3634
0.1557
0.6669
49.3747
7.0065
0
0.4261
0
0
0
0
0
0.1499
0.1224
0
0
1.2671
6.5844
0
0
0
3.5188
0.0409
0
17.1145
0.9458
2e-04
10.0596
0.1171
29.7688
1.5471
0.988
0.1925
3e-04
0
3.147
3.0076
0
0
0
0
0
1.0145
0.1861
0
0
19.1844
5.63
0.916
0
0
0
0
0
0
0
0
5.0741
8.5967
0
3.1889
2.1261
0.1474
0.0331
5.0477
0.1472
0.8124
0.4692
0.0428
0
0
0
0
0
6.7066
3.1206
1e-04
1e-04
1.9921
1.575
0
7.0835
4.8419
0
0
0
0
7.7519
0
0
18.2234
11.899
0.3112
0.173
0
0
0
0
10.789
1.4788
0
0.1753
0.7803
12.4875
0.6221
0.0434
0.0032
3.8385
0
2.5453
2.0061
0
1.7499
1.968
0.004
2.9759
22.1537
2.3962
0.1618
0
0
0
8.4399
6.4285
0
0.0971
2.4734
0.5177
13.3717
2.0608
0.1394
4e-04
0
0
0
0
0.276
0
1.1191
0.6405
0
1.4011
0
0.2645
0
0
0.0424
1.1384
0.4134
0.1324
0.8235
3.6358
0
0.2136
4e-04
0
0
0.4722
4.7724
0
1.0636
0.0241
1.0382
0.1507
0
0.0469
0.1309
0
0
0
0
0
0
0
0
4.2595
0.8523
0
0.0847
1.0369
2e-04
0
0
0
0
6.5489
0.6921
0
6.1161
11.7026
0
1.8389
0.1775
2e-04
0
0.3546
0.0364
0
1.656
0
1.8527
0.7854
1.8903
3.1031
6.3832
0.0106
0.2494
0
3.8592
6.0074
6.7747
1.0533
0.165
2.0756
3.6582
2.356
0.1329
3.2629
0.4342
0.1691
0
0.2658
0
1.3918
0
0
0.134
0.3161
3.5261
0
0
0
0
0
0
0
7.1988
0.1069
3.5126
0
3.6868
0.2597
0.5969
0
0
2.5854
5.1215
14.1306
0
0
0.336
0.001
6.9508
0.1188
2.9395
18.3515
5.5772
1.7874
3.9573
9.3799
6.0712
0
2.3884
2.6996
2.7791
0.001
19.4302
2.9604
0.6275
17.2818
0.5057
0
0.0763
0.8358
0.1629
7.7977
10.7922
0.8227
4.24
0.2813
0
0
0
0
0
3.4994
11.4976
16.0639
4.6123
0.5927
12.8812
0.2223
3.0408
21.8673
0.3466
0.1769
0
0
0.4946
0
0.0362
4.8791
0.0106
0
5.9166
0.0271
0
0
0
1e-04
2.5011
0.771
0.4297
9.1735
0
0
0
0.272
2.7223
3.4209
0
0.0465
0.3323
3.3192
6.1398
0
0.6161
0.0028
10.2001
3.458
0
0.3459
2.2792
13.1852
8.4249
1e-04
0.3361
16.5168
0
0
0
12.3362
0.7743
0
0
0
0
0.751
0.0716
0
0
2.322
7.6679
0.104
0
2.4225
10.4644
10.3448
0.0698
0.0509
1e-04
1e-04
0
6.2328
24.5574
3.8331
13.938
0.079
0
1e-04
0
0.3864
4.951
0.0529
0
7.1411
1.3618
0.5864
0.0391
0
0.0358
0
0
0
0.032
0.631
1e-04
0
1e-04
0
0
0
0
0
0
0
0.1572
4.5518
0.0278
0
1.4219
0
0
0
0
0
0
0.5528
0.0012
0
0.0326
3.0246
0.4843
21.4226
1.3041
2.2846
5.997
0.3105
0.2991
0.1006
0.0495
5.1042
2.9927
0
0.0234
0
0
9.5358
3.3037
0
0
9.7295
0
16.8801
0
0
0
0
0
0
1e-04
0
0
0
0
1.8941
3.1635
0.0374
10.1115
3.9658
0
0.0162
1.1892
15.5031
5.004
0.1948
1.4924
2.2673
0.3674
2.2019
7.7046
0
0
0
0
2.2223
18.4706
0.1286
0.7474
1.1715
2.0274
0.0889
0.3877
0.5901
0
0
0.2679
0
0.0222
0
0
1.4856
18.1104
0
1e-04
0
7e-04
0
0
0
3.4888
0
3.8942
12.3746
1.517
13.4621
8.5118
0.0196
8.0966
0.1572
0.7663
6.8563
23.6736
12.8652
3.5003
0
0.1978
0
0.0255
2.3613
7e-04
0
7.6219
1.2125
0.5816
0
0
0
0
0.6457
0.4044
0
0
0
0
0
0
6e-04
11.1019
5.6658
3.332
0.0122
0
0
0.4353
3.1012
2e-04
8.8668
0.0479
0
0
4.0796
4.3788
0.0878
0
0.0261
0
0.0694
0
1.8257
2.365
0
0.0823
0
0
0
0.7164
0
0
0
1.8939
0.4575
0
0
0
0
0
0
1.88
1.0857
0
0
3.3402
0.7348
1.4131
0.2997
0.3008
0.101
0
0
0.0691
0.232
18.0101
0.0194
0
0
0
1.1888
0
0
0
0
1.818
0
0
0
0
1.8177
1.8069
0.0162
3.0714
1.8341
8.8707
16.5525
10.775
1.8151
14.604
0.79
1.0193
0.1799
0.5937
0.346
0
0
0
0
0
0.0479
0
0.1324
6e-04
1.4167
0
5.335
5.3819
0
0
0
0
3.4778
2.1622
0
1.2277
3.9114
0.7828
0.1177
0
0.0097
2.7591
0.7939
0.3804
0.0241
0.025
0
0.212
0
0
3.5687
0
7.4588
4.4953
6.255
0.5259
0.0018
4.2695
9e-04
1e-04
0.826
0.1488
0
0
0
0
3.6093
0
0
0
0.2945
0
3.4658
4.8055
11.5487
1.8341
0
0.0822
0
2.1705
0
0
0.7193
1.1568
0.2101
0
8.6324
12.6597
7.0572
5.9148
11.0616
7.0056
9.2687
1.7208
0
26.5894
2.1665
0
5.819
0.7841
6.0063
34.691
0
1.2049
0.0857
0
0
1.0318
1.0331
1.0319
0
0
0
0.0041
1.1541
2.9312
0.1048
1.8607
6.0598
8.46
2e-04
0
0
0
0.5659
6.49
0.0085
0
0
0
0
0
3.3336
0
0
8.646
3.2851
0
0
0
0
0
0
0
4.1275
2.2994
0.1928
0
0
0.1732
1.6148
0
11.5951
0.3258
0.0108
0.0698
0.0964
0
0.2692
17.9876
3.3623
1.8879
22.7118
0
0
5.0291
0.1914
0
0
0.2561
0
0
0
0.2016
0.0903
0
0.3112
0.455
0.0526
0
0.9325
0
0
0.2575
0.2749
0
0.6509
1.1889
0.5597
0
6.2576
3.8522
0
0
0
0
0
0
4.5893
0
1.3458
0
1.3793
4.9827
0
0.2336
6.8399
0
0
0
2.2767
0
17.76
8.2848
0
0
0
0
0
0.067
2.2606
1.3342
0
0.2314
5.3915
2.3447
14.2848
0.0662
0.8062
0
0
13.6541
0
0.0305
0
0.253
6.2678
0
0
7e-04
0
0.2558
8.9192
0.014
0
0
0
0.0211
0
0
0
0
15.0784
3.0634
0.2757
7.7388
8.9887
0.0211
5.6578
0
14.1807
3.8809
2.0453
0.3582
0.0095
0
0.0395
0
0.0317
1.1081
0
4.2677
1.7572
0
0
7.91
7.5331
0
0.1058
3.7502
0
0
0.0262
0.5241
0
0
0.0022
8.4083
0.1236
0
0.0216
2.0933
10.7574
13.7522
1.2213
0.0105
0
0
0
0.0524
0.3802
0.3873
0
0
0.0084
7.5758
7.3363
0.4135
0.2974
0
0
0
0.1057
0
0
0
3e-04
0
0
1.5839
0
0
0
0.3969
0
0.088
4.5659
8.0261
0
8.5414
17.3381
0.1155
0
0.1002
0.6224
0
0
0
0
0
0
0.023
0.8372
0.1242
0
1.5914
0
0
0.8906
6.8571
2.7009
9.2718
0
0
0
11.4428
0
0
0
0
3.3198
0
3.941
0
0.0671
1.2989
0
0
0
1.3593
1.6328
2.8887
1.5706
1.5023
0
0
0
0.1089
0.1077
0.5826
17.1787
1.2479
0.1948
0
0
0
0
0
4.2046
27.5732
4.8727
12.453
3.2239
10.8603
8.5825
3.8043
12.4843
3.7502
0.0734
0.452
0
0
0
16.1047
16.139
0.3795
0.8285
0
4.2388
0.764
0.1
5.4132
4.675
3.7002
0.2525
0
8.7057
0.1734
0.149
0
0
0
0
0.0243
0
0
0
3.1104
9.1124
1.419
11.1668
55.4838
0.3326
0.0899
1e-04
0
3.4469
4.3329
0
0
0
5.0542
1.931
21.4043
0
0
0
0
0
1.1662
1.6623
31.7419
2.8923
27.4834
0.1268
1e-04
0
1.6545
0.3777
0.1993
0
0.8226
0.0855
0.0413
0
2.5499
3.4836
39.4329
0.4902
5.964
0.0107
0.0163
0
10.6677
0.0094
0
0
0.5154
0
0
0
0.1551
0
0
0.5825
0
0
0
0.0101
7.2733
0
1e-04
0
0.241
5.3747
0.0012
0.0879
9.6198
3.0145
48.0345
0.5156
0.0964
1.2685
0.6883
0
0.1091
0.1976
0.1561
0.2144
7e-04
0.7578
0.0757
0.0868
11.8395
5.8287
0
0
0
0
12.2275
2.4553
0.0827
0
0.1606
7.489
0.9326
0.1031
0
10.2769
3.4412
0
7.1798
1.8594
8.5997
0.6018
5.6442
0
0
0.0195
0.1154
0
0
12.2196
0.3753
0
0
0
0.5696
44.2611
0
5.0044
1.6793
0.095
2.8272
0.0136
0.3527
0.1625
0.9211
14.5112
8.8052
0
0.5107
0.4535
0
0
0
0.0127
0.0119
0
12.0368
0.5517
9e-04
0
3.6203
0
0
0
3.1793
24.4718
1.2626
0.0977
1.7104
0
0
0
0
0
0
0
0
0.002
0.2203
15.5902
39.7124
0
0
0.0736
0
0
0.1431
0
0
0
0.0658
7.2507
5.0312
0
0.0929
0
0.4528
2.7179
0.1078
0.2378
2.7785
13.6997
0.2534
0
7.0732
7.6102
0.852
0
0
0.6386
11.4716
12.8418
0
0
0.8444
21.4152
13.4336
1.3547
0.5366
0
0.0201
0
3.1224
14.3837
5.3231
23.7231
0
0.0977
0.3137
0.07
0
0.9486
0
0.3269
0.015
0.2085
0
2e-04
0.4808
0
0.6477
0
0
0
0
0
0
0.1626
0.119
0
0
0.0227
0
1.2359
6.0787
7.0111
0.4031
0
1.6265
0.1302
0.0303
0.9416
0.0976
0.0976
0
0
5.5974
0.0099
0.7692
0
10.7731
10.1879
0.0498
0
0
0
6.6375
0
0
0.6453
0
0.1128
0
3.9281
12.2392
0
0
0
2.1104
0
2.4179
6.5189
2.9268
0.7439
0
0
0.1182
2.0698
0
0.0044
0.3334
9.5355
0.3186
0.463
0.4628
0.2386
0
0.0429
0
0.0601
0.0235
14.8598
6.4131
0
0.673
3.3055
0
0
0
0
0
0
0
1e-04
0
27.6725
28.558
6.6999
0.1193
1.3899
0.983
13.8089
1.0399
0
0
0
0
0
0
12.3689
1.6625
0
0
0
0
0.5239
12.1602
1.0423
0.1516
0.032
0.0147
0
0
0
0
0.0498
8.3218
1.6669
0.1972
0
0.2486
0.0839
3.4722
5.7309
8.6291
20.8814
0.2101
0.3384
0
14.0684
0
0
0
0
0
0
0
0
0
0
8.7729
0
3.7455
0
0
0
0
0.0221
10.0668
7.6673
0
0
0
0
0
0.5926
7.6504
0.0137
0
0
0
0.0501
0.0106
0
0.5374
0
1.0001
0
4.1901
0.0329
16.3073
0
0
0
0
0.152
4.8105
0.3046
38.8415
6.0664
0
0
0
0
0
0
0
21.5637
1.7357
21.7064
13.4704
15.2207
2.5345
4e-04
0.0263
0
0
0.4526
5.0396
0
0.0255
40.7638
58.6473
6.5403
1.6444
4.6928
8.1959
7.8024
0.0016
0.1029
0
0
0
0
0
0
0
0
0
0.0401
1.2719
8.2096
20.9942
0.1243
1.2183
0
0
4e-04
0
0
0
0
0
0
0
0
0
0
0.0147
8.5938
0
0
0
0
10.5567
6.86
0.9279
0
0
0.003
0.7721
0
0.8361
0
2.1841
0
0
0.0523
0
1.7882
0
2.5023
8e-04
0
0
0.4089
23.8238
0.0761
0
0
1.4087
0.1467
0
0
0
0.133
0
0
0
0.1331
0
0
0
0.3701
0.001
0.1021
0
0
0
2.3584
0
11.4024
0.3339
0
0.0404
3.1762
1.1913
0
0.2762
6.1418
42.0508
0.0724
0
0
21.2157
0
4e-04
1e-04
0
3.6314
0.1113
0.274
0.8756
0.5128
0.5241
0.3431
0.1093
10.6934
0
2.3663
28.3076
1.2551
0
12.8895
2.8308
1.1324
2.1506
0
0
0
0
7.6986
0
0
1.0993
2e-04
2.5929
1.4976
0
0
0.4258
0.2952
0.0297
19.2975
21.8492
0.9913
2.3835
0
0.1975
1.2122
0
0
0.4302
0.0906
0
0
0
0.6528
0
0.2213
0
0.9206
0.5614
0.1929
1.4606
4.106
0
9.7641
0.1456
0
2.4847
24.5333
47.9653
0.6676
0.2739
2.003
0.1472
0
4.7903
4.0628
0.8025
0
0
13.4157
0.4795
0
0.028
0
4.0738
0.6116
0
0.2456
16.3981
1e-04
0.5706
3.7388
0.2367
0
4.7641
11.1182
10.9472
1.123
0.3283
4.28
0
0.0249
0
0
0
0.0751
0
0
0.0029
8.3463
17.6448
0.1137
1.668
5.497
0
0
0.0019
0.2092
8.1107
16.0446
0
2e-04
3.333
13.6902
0
0.0054
16.8301
0
0
0
0
0.6046
4.7344
13.7824
6.2071
3.2169
0
8e-04
0
0
0
0.5096
1.7461
0
0
0
0
2.982
0.8049
0
0.7625
2.3948
0
0
16.1013
4.0482
0
0
0
4.1879
1.4464
0.2361
0.6867
12.9907
3.9983
0.1075
8.7733
0.323
1.6577
0.1468
8.0975
0
0
2e-04
0.3815
0
0
0
1.9642
0.081
0.0072
0
0
9.5613
0
0
15.4634
0.3555
0.1843
0
0.3361
5.668
10.039
22.121
0
0
16.5198
0.5819
0
1.5036
0
0
0
0
16.0602
2.3166
2.5552
0
7.3805
19.2645
0.512
27.352
1.3824
0.6849
0.0091
1.5462
61.2729
0.048
0
0
0.2643
17.8948
6.1304
0
3.0876
1.4308
3.6744
0
0.2958
0
1.5553
0
3.2267
1.7259
2.6283
1.3041
0
0
0
0.3679
0
0
0
0
0.2945
0.0022
1.3857
0
0.4364
0.2735
0
0.3943
2.4339
0.1717
1.7661
0.0112
0
0
0.0118
5.4211
0
0
2.0252
0.003
0
0
0
0.8263
0.3253
0
1.4722
0
0.0765
0.8394
0.0042
0
0
0
0.4747
0.9111
1.2662
0
3.7175
0.0325
6.0372
0
0
17.3863
30.5784
13.571
0.7292
0
0
0
0
0
0
0
0
0
0
0.3258
0
0.1085
3.5737
2.0311
0.0255
0
1.3704
0
0
0.1108
0
3.6826
0.2532
0.6332
0
0
0.3248
0
2.7463
17.9566
8e-04
0
0
0
1.6627
0
0
8.5915
1.1534
0.4557
2.8919
0.9799
0
1.6189
0
0
0
3.7162
0
0
0
0.6655
0.1079
1.4804
0
0
1.7737
18.105
8.2599
29.9377
0.8
0
0.2827
0
0
0
0
0
2.0857
0.2335
0
0
0
0
6.1766
1.9706
2.0958
0.0685
0.5534
0
0.1749
0.0048
0.0868
22.0633
9.0679
0
0
0
2.932
4.4823
0.9296
4.6141
0
24.5768
0
3.5656
0
0.6515
20.1714
0
3.0995
3.7003
12.2855
0
0
0.3344
0
0
0
1.1038
0
0.6929
0.1988
0.0099
4.4196
10.1753
0.7389
0
2.1848
2.8829
0
0
0.4046
0.3235
0
0
0
0
0
0
0
0
0.8117
13.6981
0
0.0825
0
0
0
4.4213
0.3557
0
0
0
0
0
2.6604
45.4952
6.8058
0
1.6488
1.0513
0
0
8.6556
0
0.2565
2.5418
0.0236
0
0
0.0245
1.9865
7.8221
0
0.0024
1.1508
0
0
0
0
0.8727
46.491
0.8872
16.1882
23.2854
0
0
0
0
0
0
2.9857
0.0246
0
0
0
0
0.045
2.4013
0.1101
0
0.0822
8.3198
0.405
0.2648
0.7751
0
8.787
0
1.9879
23.8181
0
0
0
1.0188
0
0
2.5027
26.0321
2.3828
0.3292
0
0
1.0125
16.7425
1.3572
0.1889
0
0.4024
0
0.0968
0
6.5946
0.9297
11.7712
1.7128
0.05
0
0
0
1.0524
5.7335
4.8975
0.1204
0.027
0.1796
0
4.9294
22.0487
0.0295
6.962
0
0
0
0
0
0
0
1.0682
0
1.313
21.3313
8.748
0.1483
0
0
4.4364
10.4549
1.1776
0
0
0
0
0.4948
0.6489
0.3206
3.7797
2.5577
0.5525
0.0545
0
0.0052
0.9819
0
32.6425
19.7205
0
0
0
1e-04
1.5592
8.0902
0
0
1e-04
0.1606
0.0127
1.699
0
0
0
0
0
0
0
0
18.1259
0.1783
0
0
0
0
4.6333
0
8e-04
0.5636
1.459
4.7893
18.2378
0.6761
9.1556
0
1.0172
5.0379
11.6018
0
0
0
1.3124
0
0.0852
0
0
0
7.0309
0
0
8.483
0.3797
0
0
0
0.1826
6.747
17.5516
0.2204
2.7935
0.0375
9.3107
0
0
0
0.0358
3.1899
14.0427
3.465
0
0
0
0
0
0
0
0.0958
5.5836
15.2677
1.2779
0
0
0
0
0
0.0048
0
0
0
0
0.0238
4.5961
1.1509
1.3284
0.02
0.0016
0.2285
8e-04
3.2927
0.6875
0.1466
0.0413
25.6148
0.5264
3.1167
0
0.6463
1.3686
1.2803
18.2523
1.8767
0
0.456
0.0746
1.8764
4.3328
0
0
0
0
0
0.0917
0
16.6497
0.8698
0
5e-04
0.2743
3.3513
0.0362
0.0481
8.4872
0.0662
0
0
0.0609
0.1406
0
0
0
0
0.5392
0.0221
0
0
0
2e-04
1.1857
0.0384
0.2453
3.5437
0.4537
0
0
0.1065
0
1.3407
0.9235
1.1176
0
1.9439
4.1338
0
6.0197
9.57
0
0
0
0.0283
0.3079
17.5507
0
0
0
6.2393
0.2077
0.2468
0
0
0
4.0885
0.2136
1.1179
1.3152
0.0813
0.1634
11.4845
2.011
1.9731
0
0
0.0817
1.3156
0
0.0091
0.0112
0.8938
0.2196
0
3.5929
1.528
0.2497
0
0.7911
0.1056
0
0
0
0
0
0
0.0974
0
0
0.1337
0
8.1862
1.4028
0
0
0.4269
0
0.0237
0
1e-04
0.1655
0.0017
0
0.8118
2.9165
0
0
6.4107
2.5609
0.0879
0
4e-04
0
0
0.9886
0.0249
0
0
0
0
9.6252
0
1.1198
1.3757
2.5088
0.8805
0.0127
0
0
0
0
0
0
0
0
0
0.9831
2e-04
6.1708
9.8228
7.6644
0.5355
0.0253
0
0
0
0
0.0448
5.3152
0
0
10.6628
1e-04
0
12.362
5.8158
0
0
0
0
2e-04
1e-04
0.693
0.4818
15.3446
23.0116
0
0
0
0
2.4954
0
0
2.1756
0
0
0
0
0.0088
0.0158
0.0344
6.1243
29.6861
18.6291
0
0
0
0
7.3604
6.1869
5.2868
4.3194
1.3316
2.6071
7.2524
4.4003
0
0
26.613
0.4431
8.1496
3.6489
0
0
17.3645
7.2124
0
0.2363
5.1672
7.3107
0
0
0
0
2.6664
0.5057
0.0757
0
25.5822
13.1955
4.9996
0
0.1466
6.2482
16.0405
0
2.2603
7.0306
0
1.1788
0.2231
7.3935
3.6337
0.9184
0.8522
0
0
3.9802
0
0.0129
11.2241
2.1582
10.5541
0
0.3272
6.1975
1.2282
0
0
0
0
0.0876
0.0249
0
0
0
6.295
9.9195
0.431
0.3115
2.5226
1.505
0.1395
0
1.0284
0
2.8833
0.0146
1.8408
0
23.0009
6.1991
23.7231
8.5108
0
0
8.865
5.0342
0
3.1449
0.2878
0
0.0248
3.1328
0.5988
0.4165
0
0
0.0016
2.2306
32.9809
0.2562
0
0.5949
3.6973
0.1858
0
0
0
0
14.0341
0.1242
0.0947
1.2936
0
0
0
0
0
0
0
0
4.1038
1.3827
0.8749
0
0.1863
0
0
0
0
5.7788
0
0.3564
0
0
20.1836
0.0628
0.086
0.0013
0.0395
0
1.0264
1.2041
0
0
0
0.78
20.5499
0.1665
0
0
4.8615
6.1107
0.2116
0.0227
0
0
0
0
0
0
0
0.0183
10.2953
0.1827
0
0
0.0494
0
0
0.9016
0
0
1.5536
0
7.2787
0
0.0459
0.0854
0.0992
0
0
0
0.3383
0.8117
0
0
0
0
0
0.0178
0.218
0
0.0415
1.6935
0
5.985
19.6849
0
0
0
0
3.8327
6.1667
1e-04
28.8677
6.3072
0
0
0
14.5661
0.3409
0
0
0
0
0
0.0243
0.0227
0
0.5805
0
16.9767
0.5718
0.0135
0.0096
0
0
0
0.0233
0
0.1107
0.4393
0
0
0.0858
0.2027
0
0
0
0.3484
2.1392
13.0886
0
0
0
0
0.0793
0.2808
0.6072
0.6137
0
7.0377
2.8001
0.5482
0
0.13
0
0
3.8491
0.0033
0.6343
0.1846
0
0.2536
0.4523
0
0
1.1377
0.6902
1.1644
0
0
3.0274
7.3117
0
0.027
1.0476
0.7654
2.8053
0
0
0
0
2.3518
0.0697
0
0
0
0
0
0
4.1521
11.423
1.5162
0
2.1022
9.0675
0.2242
0
35.6619
0
0
0
3.1209
21.845
3.1068
0
0
23.6775
0
3.3396
0
0
0
6.2573
0.2267
0
0
0
1.1337
3.5124
1.091
4.4909
0
0
0.048
0
0
0
0.0764
0.1554
0
0.705
0.7673
16.0363
0.0205
0.3592
0.0019
21.494
0
0.0994
2.1858
0
0
0
0.1475
6.7323
2.1069
4.1131
11.0613
17.3654
0
6.3575
21.1095
1.3995
26.9226
1.1626
7.5795
5.1772
0.5857
0
4.9166
0.318
12.1436
0
2e-04
0.6428
2.0735
0.108
0
1.1785
0
7.3623
4.3476
11.047
12.6
8.3205
2.1459
4.2944
2.2371
0
0.0632
0.8068
3.1639
3.4132
15.6437
35.7798
1.8137
0.8165
17.7706
0.1663
0
0
0
0
0
0.0012
0
0
0
4.2258
9.0893
0.2668
0
0
0
0.402
2.8569
0.3761
0.7356
7.7231
0.5981
0.0277
6.1508
1.1067
1.6114
0
0
0.1331
0.0105
0
0
0
0.0037
0.6253
0.2645
0
0
0.0323
0.4265
0.0562
0
19.7581
0
0
0
0
0
0
7.3724
0.0435
0
0
12.4518
21.5313
14.9605
6e-04
0.3272
4e-04
4.9955
19.646
0.5358
0
15.3912
0.6108
7.2403
0
0.0921
9.3824
15.4005
0
9.2846
0.0012
0
0
9e-04
5.6109
0.1921
0
0.4795
0.0443
7.7119
0.1788
3.2983
0
0
27.5671
12.4944
0.1526
0
0
0
0
0.8299
1.4805
0
0.4731
12.5354
0.0229
0
23.4335
22.1448
23.5976
0.79
0.4842
0.011
0
0.2321
2.8593
0
0
0
12.3873
0.4181
3.0666
0
21.1372
0.4489
0.4893
44.7595
1e-04
3.5376
11.1589
1.7308
3.4791
0.4098
0.0612
0
0
0
0
0
0
0
0
0.4124
0.0422
1.8225
1.0285
3.4333
0
1.6752
32.3725
29.3675
0.0987
0
0
4.1112
0.4414
3.9157
7.2866
0
1.5339
0.0014
0.7908
0.1062
0
0
0
0
0
1.9658
0.5615
4.7657
0.1075
6e-04
0.0283
0
27.5333
1.5246
0
0
0
0.3905
0.1269
1.699
29.8285
17.0715
0
0
0
16.8947
5.2307
55.7504
4.6694
0
0.7902
0.0361
7.8027
14.7934
4.2223
0.0189
0.0072
0.4531
0.0047
0
0
0.2949
5.9006
11.7011
0
0.8009
0
0.0575
0.2778
13.4018
0
0.8139
0.0757
0
0
7.2989
0.2216
0.3108
5.6321
2.0477
2.6882
0.3592
0.0019
0
0
0
0
0
0
0
1.8172
4.4304
3.3861
0
0.2026
0.0585
18.1398
0
0.4701
0.721
4.4924
0
9.2573
0
0
3.7222
5.7401
1.7757
1e-04
0.0014
0
0.2477
0
0
0.5434
0.0878
0.0015
0
0
0
0.1201
2.3199
0
0
3.1202
0
2.0763
0
0.0126
0
0
2.8614
1.8285
2.4027
8.1741
0
0
0
0
18.2186
0.2682
17.7058
0
0.4907
4.1337
0
0
4.0682
0
0
0
6.3427
15.8664
2.1841
1.8143
24.3712
0
7.8956
0
0
0
0.0242
1.6045
3.6272
2.1028
0
0
0
0
0.4372
0
0
0
6.7497
0
0
0
0
0
0
0
0
0
0
8.2508
0.0634
0.2669
0
0
0
0.229
3.6076
0
0
0
0.4045
1.7914
0
4.0639
0
3.4517
5.1487
1.5813
0
13.8789
5e-04
0
29.9797
7.1304
2.8021
1.5608
0
0
0
0
0
0.0069
0
0
0
0
0.0106
0.9906
0
0
0
7e-04
6e-04
0
15.711
0
0
8.7872
0
0
0
4.6184
0
0
0
0
0
9.2473
0.0016
0
0
0
0
12.7047
27.1293
0
0
0.0237
4.4978
0
0
0
0
0
0
0.2997
1.1783
7.5199
0.7113
0.0955
1.1321
1.1537
0.7119
2e-04
0.0028
0.3898
1.6484
0
0
0
0
0.0537
0
0
2.1266
3.0537
28.8742
0
0
2.6161
2.4743
0
2.5991
9.3226
2.2033
0
0
1.5622
0
0
0
0.0368
23.4511
0.006
0
0.0019
2.2414
18.4954
10.8558
0
0.1828
11.0574
3.1098
0.4864
0.0027
0.2758
0
0.0962
2.6267
0
0
0
0
0
44.7529
0.013
0
0
0
0.5166
7.7538
11.6455
9.1171
2.2015
0.001
0.2882
11.4439
3.3199
0
0
0
0
4.8605
0.0018
0
0
24.0969
0
0.1101
0.7318
17.2258
0.0015
0
0.4574
2.2488
0.0031
1e-04
0
0
0
6.2664
9.0259
0
3.3272
11.5298
0
0
0
1.0981
0
0
2.7056
1.3511
0.2639
0
0.8042
8.8535
3.8242
1.8933
0.0073
0.0209
1.2296
2.1468
0
4.4959
1.8179
1e-04
0.8479
6.8743
4.1277
0.0527
0.0546
0
0
0
0
0
0
0
1.299
0.1701
14.8609
0
0
0
0
0
0
0.0041
0
0
0
2.4105
0
0
0
0
0
0
0
0
6.5662
0.0025
3.4227
0
0
0.7691
4.1422
6.7177
2.4862
0.115
0.1362
0
0
1.1251
0.0797
0
1.1998
0.7268
14.7062
3.0519
0
0.0039
0.17
0
2.9868
9.2018
0.142
4.7479
0.6583
0.0818
0.0883
0
0
0
0
0
0
0
0
0
15.518
0
45.8676
6.6772
0
0
0
0
0
0
0
0.005
0
0.6399
0.5356
0.2936
0.2935
4.3825
1.0269
7.5224
1.637
0
1.0267
0.1533
0.8739
0.1085
0.5951
0
4.0657
0
0.0017
0.3209
0
0
0
0
0
0
0
3.0405
0.2223
0
5.2632
0
0
0
23.3564
15.9593
1.7743
0.0055
0
0
0
0.0395
0.1156
0
0
0
0
9.324
0.166
0.0015
0
0
3.9277
0
3.3964
0.0666
0
0
0
0
0.0693
5.6737
0.0469
0
0
0
0
9e-04
0.001
0
0
0
0
0
0
0.5998
0.0261
14.8578
17.5846
16.6603
2.3322
0
0
5.2819
0.5796
1.6288
5.051
1.0761
0
0
1.1041
17.4803
1.0734
0
0
11.393
0.1331
0.0014
0
0
0
0
0
0
0
0
0
6.0149
2.7801
0.496
0
0
0.3906
0
0
0
0
0
0
3.8882
6.8498
0.5576
0
0
8.0318
15.8765
0
0.7413
0.9052
18.4537
3.6805
0
0
0
0.5177
0
0
0
7.2233
0.8289
0.433
21.3725
0
0.5712
8.8171
0.0937
0
0
0
0
2.1919
4.016
0.2166
0.1499
3.16
9.334
5.2647
1.8532
0.3728
17.9471
0.7678
2.4746
3.8225
6.8279
32.0696
4.9143
3.635
13.0929
18.6674
0
0
0
0.004
0
0.0526
0.4441
0.0012
0
22.0094
0
3.6843
0.6216
0
0
0
5.9865
0
0.1449
0
0
2.6446
0.7051
8.3137
0
0.1376
0
23.8869
0.0063
0.1388
0
0
0.0337
0.6484
0
0
0
0
0
0
0
0
0.8343
9.4306
0.3596
0
0
7.591
8.1945
0
0
22.0344
0.3646
1.607
0
0
0
0
0.4658
0
5.5678
0
0.3869
8.3445
4.0089
0
0.366
2.2645
0
0
0
5.7726
22.3177
0
0
0
0
0
0
0
4.5888
1.1262
0
0
0.227
2.7631
32.5539
18.1984
1.6401
0
0
0
0
0
0
0
0
5.6882
0.6752
0.0734
6.3416
0
1.0592
0.0135
0.0513
0.1439
0
0.1959
7e-04
0
0
0
12.885
11.2948
1.4524
0.4968
0.0042
0
2.2451
1.258
0.4444
0
0
3.1519
1.7221
0
0
0
0
3.374
0.4337
0
0
5.0707
4.9048
0
0
0
0
0
0
0
0
0
0
0.276
0.067
0.0052
0.3832
0
0
0.0577
0
0.2368
0
0
7.3307
0.3573
0
1.6859
0
0
3.2135
24.9477
35.8271
0
0
0.0722
0.2545
0
0
0.4608
0
0.002
2.959
5.3591
0
0
4.6015
9.9248
0
0
0.1175
3.3204
12.2655
0
1e-04
3e-04
0
0.8508
0.4674
0.0834
1.3145
0
0.2274
0.054
0.054
0
0.8964
0.9905
0.6866
0
0
5e-04
0.1629
13.7015
8.7596
0
0.0756
8.8059
0
0
0.1769
4.8348
0
0
0
0
0
0
0.5131
0.4507
4.0057
0
26.3217
5.1346
0
0.0429
0
0.0723
0.1399
0.0407
0
0
3.8922
0
0
0
0
0
1.8975
0
0.2351
0.1121
9.5041
0
0
0
0
0
0
2.3268
0.2064
0
6e-04
0
0
0.1801
0
1.8849
1.316
0.4252
0
0
0.4029
0
29.8102
3.6235
0.2269
0
7.3391
9.9213
1.165
0
2.6993
0
0
4.1041
10.378
0
0
0
0
0
0
0.0028
0
0.0071
5.0661
0
0
4.6373
5.1319
7.5245
0.0181
0
0.5366
0.247
0
0
7.1068
0
1.0627
5.6293
0.0196
7.7514
3.955
5.6766
12.6776
0
2.0432
0
0
0.7392
4.9243
0.0014
0
0
0
0
0.0247
7.8627
0.0306
0
0
0
0.1574
0.6528
12.3768
0.0346
0
0
5.7711
0
0.2735
6.8565
0.008
0.0037
0
0
0
0
5.5753
19.2428
12.7961
0.3321
0
16.4521
8.6974
12.5016
0
0
0
0.5102
0
0.8501
0
0
0
0
0
0
13.8293
0.0278
0
0
0
1.3799
0
0
0
0
0
0.8027
0
0
0
13.991
0
0.0022
0.7477
0.3094
0.4548
0
3.3568
1.1584
0
1.7272
0
0.0059
0.045
11.2138
0
0
0
0
69.7669
0.1678
0.1341
0.0095
0
0
0.0099
0
1.0147
0.7775
0.0788
0.115
0
0
0
0
0
0
0
0
0
1.6565
9.9269
1e-04
0
7e-04
28.8199
0
0
0
46.6583
6.9593
0
0.7935
0
1.3113
5.7824
0
0
0
0
10.7265
0.9353
0
0
0
0
0
0
0
2.7166
0
0.1158
10.2733
2.5911
0.0023
2.5633
6.1359
0
0
0
0
0
3.3492
7.3936
4.6981
6.399
0.2866
0.7992
0
1.4258
0.1565
0.0082
0
0
0
0
7e-04
1.3959
0
0
6.6402
2.4076
0
0
1.5554
0.2539
2.6275
1.25
4e-04
0
0
0.7253
0.0968
0
0
0
0.9867
4.0063
0
0.0043
0
0
2.2825
3.9415
17.3517
0
0
0.0021
0
0
0
0.3406
0
0
0
0.0157
3.1413
0
0
1.403
0.0749
0
0
0
0
0
7.0836
0.0016
0
0
0
0
0
1.0245
11.8793
0.335
0
0.2494
3.0314
0
0
0
0
0
17.8035
7.5988
0
1.1129
0.6952
0
0.2757
0
0.1244
7.4068
0.0771
0.0703
0
0
0
0.0026
0
1.0503
4.3712
0
0
0
1.0223
0.4276
0
0
3.2909
0.6775
0
8.9654
2.9684
0.1024
5.4769
0.1141
0
0
0
0.565
0
0.114
0.1746
0
0.7315
0
0
0
0.1043
0
0
3.9839
0
0
0
0
0.2724
0
0
5.6544
0
1.6017
0
0
0
0
0
0
0.0097
1e-04
0
0.102
2.3324
0
0
0
0
0
0
0
0
0.0554
0.0763
3.6803
14.853
0
0.0028
0
0
1.4233
2e-04
7.3751
3.7491
0.5655
0
0.3862
7.4139
1.52
17.3615
9.9511
1.2866
0
3.6395
0
0
0.8406
0
0
1.9415
12.8248
0.1149
0
0
0
1.7053
0
0
0
0
3.0759
0.0347
0
0
1.5778
2.846
0.4047
0
0
11.7234
2.2363
8.2602
0
0
0
5.149
2.9085
1.4699
1.1783
0.2482
0
0.002
0
0
0
0
5.3493
17.4506
0.0211
3.3945
3.6776
29.5847
0
0
0
0
4.2186
0
0.5557
2.4569
6.3012
0.26
2.5869
0.7774
7.6809
5.4027
13.176
10.9399
2.3094
6.1118
7.97
1.2943
0.2331
3.1772
2.6948
0
5.9424
0.2428
91.9038
39.0549
0.908
0.0324
4.4352
0
0
0
0
0
7.2323
0.3232
48.5228
0.0577
0.0076
8.8493
0.5914
6.5335
0.8295
0
10.6936
6.2109
12.8795
0.0165
0
0
0
0
0
4.2457
0
0
5.2399
0.1166
0
0
0
13.2961
6.4491
0
0
0
0
0.0417
7.0248
0
0
0
0
7.4976
2.197
0.2055
25.9146
2.5178
6.1554
0
0
1.459
1.3089
0
0
0
0
1.3523
8.932
0
0
11.6957
0.0408
10.7225
42.0331
0.004
0
0
0.7539
0.3365
6.0967
4.9308
0
0
0
0
0
0.0774
24.754
0
0
0
0
0
0
0
0
0
1.6213
0.001
0
0
7.6506
0.2906
0
0
0
0
1.4115
0
0
0
0
0
0.0603
1.1063
0
0
0
0
0
0.1086
0
4.8144
1.9669
0
0
28.766
2e-04
0
0.4013
3.0264
0.0594
0
0
0
2.7447
0
0.0672
0
7.9576
0
0.3525
0
0
0
0
0
7.0061
1.1969
0
2.806
0.482
0
0
0
0
11.2766
4.624
1e-04
0
0.3046
0.4317
0.1724
0
0
0
0
0
0
0
0
0
0.3891
3.2606
0.2585
0
0.3255
0
0
0
7.1025
0.2606
3.841
5.4348
0
5.2601
16.4504
22.0271
7.7525
0
0
0
0
0
0
0
0
0
5.9859
0.4948
14.9394
0
0.8397
1.8353
0
6.5514
1.6584
0.099
0
0
0.685
0
0.1346
0
0
0
0.1301
0
0.003
0
0
0
0.3202
4.2763
6.1142
0.4823
0
0
0
0.134
0.7126
0
0.1568
0.1147
0
0
0.3307
0.1855
0.0011
0
0
0
0
0
0
23.8708
6.9689
0
0
0
2.1799
9.0096
1.1316
1.2858
1.3985
1.3844
0
0
0
0.0533
16.079
0.9442
0
12.5692
1.9256
0.2327
0.9476
0
0
0
0
0
0
0
28.1267
1.1508
0
0
45.65
0
0
20.4529
4.0223
2.362
0.8672
0.0916
0
3.0291
12.3966
2.6516
13.1309
2.4473
5.2808
0
0.1054
0
0
0
0
0
0
0
5.1752
2.7639
0
0
0
14.0599
0
5.1259
0.1712
6.1486
11.8586
10.8259
3.5525
1.6909
1.3789
0
0.0756
0
0.192
5.8032
0.0995
5.4209
7.5913
5.0556
0
0
1.5364
0.1218
0
0
5.7039
0
0
0
0
0.0012
0
0.1239
0.1503
0
0
0
0
0
2.7261
5.816
0.1316
0.0261
0
0
0
0
0
0
0.0072
3.2916
1.143
0.4675
0
0
0
0.0082
0
16.7079
4.3998
0
3.7243
3.0013
0
0
0
3.1159
0
0
0
0
0.0013
0
3.2102
0.5591
0
0
0
0.0492
9.3478
1.8626
0.1586
0
12.3831
2.8895
0
0.139
0
0
8.1243
0.1332
0
0
0
2.9776
7.9082
2.3981
0
0
0
0
5.7187
0
0
0
7e-04
10.2478
9.0514
0.782
14.2866
10.4371
0.311
14.214
0.1532
1.9699
0.0012
15.4483
1.1402
0
0
0.0186
9.1825
0
19.3871
2.6162
0
0.0058
0.6022
0
0.1306
0
0
0
0
0
0.1252
0.0297
20.8731
0.4212
0
0
0.9095
0
0
50.5872
0.0198
0
0
0
0
0
0
0
11.2619
0
5.591
11.3142
5.4535
9.7404
0.3545
0
0
0
0.95
0
0
0
0
0
0
0.6594
1.2043
0
0.7307
0
0.0543
0.0754
16.0449
7.9482
0
0
0
0
3.186
10.7907
0
0
3.6821
0
0
0
10.9387
0.529
0.0022
0
0
1.3843
0
0
0
0
0
0
0
0
0
0
0.2319
0
0
0
3.3538
4.2889
0
0
0
4.8328
7.6489
0.0641
0
0.2447
0
0.3222
2.5354
6.4356
0
0
0
0
5.4941
4.9036
0
0
0
3.7651
1.4088
0.9826
0.0023
0
0
0
0.0235
2.1162
0
7.2946
4.461
0
7.2359
0.567
0
0
0
19.0504
14.3035
0.1279
0
0
0.0108
0
6.5834
1.3758
24.1668
0
0
0
0.0257
16.4563
0.0994
0
10.6261
0
0.3014
5.0795
1.8315
0.3734
0.3342
0.0897
0
0.0694
0.0694
1.2321
0.1021
0.1999
0
0
0
0
20.9785
1.369
1.0382
0
0.0825
4.9763
0
0
0
0
0
0
0
0
0
0
0
2.7129
2.8998
0
0
1.7838
13.0057
2.7259
0
0
0
0.0841
5.616
0
0
0
0
0
1.7065
0.2822
0
0
4.5815
0.0898
0
3.9888
0.0966
0
1e-04
4.042
0.0676
8.8931
4.2777
0
0
17.311
13.7078
0
0.6524
1.6441
3.8316
2.364
11.6703
6.7877
0
0
0.2251
7.2324
0
0
0
0.0633
0
0
0
13.6421
12.1313
11.2564
0
0
0
0
0
1.8703
1.2557
4.1931
10.1408
9.0123
1.198
0.3104
30.7878
36.4702
1.0876
0.0025
0
0
0
5.136
0
0
0
0
0
0
0.3678
11.7983
5.1752
8.227
0
0
1.1841
4.2024
0.1122
8.5949
6.2394
3.7851
0.2755
0.3227
0.4391
0
0
0.7772
0.0476
0
0.0104
0.0089
0.0049
6e-04
0
0
1.4479
8.8614
0
0.6805
1.9823
3.1507
8.2166
0.0956
0.2835
9.4928
15.2359
0
0
0.2969
3.3266
0.0558
0.0974
50.7876
8.2269
0.1027
1.1822
0
0
0
6.3042
0
0
42.3371
0.0283
4.5924
20.9499
0.0026
0
0.2311
0
0
0.0244
1.8192
0
8.7242
3.6135
0.0024
0.0012
0
0.0676
0.1985
0
0
0
0
0.6437
1.7967
4.1496
8.701
0
0.6415
0.0065
0.0027
0
6.0439
0.0125
0
0
0
0
7.2553
0
3.3575
0
0.0052
2.2135
0
0
0
0
0
1.6347
5.5439
0.003
0
0
0.0562
0.518
0.5465
4.6737
2.2058
4.5765
0.4393
0
0
0
0
0.0046
1.5687
5e-04
0
0
1.3787
24.4947
0.1264
0
0
0
0
0
0
0
0
0
0
0
0
0
1.6286
1.3399
10.8531
3.2498
15.9371
4.7457
0.1735
25.5624
0.0545
0.0314
0
0.4643
0.0813
0.0018
0
0
0
0
0
6.5212
4.3624
0.6822
0
0.5598
6.9507
0
0.8052
0
0
7.3712
7.5106
0.7734
45.438
0.4659
0.1534
0
0
0
0
1.35
1.3489
0
6.0723
0
0
37.7899
3.6849
0
0.1002
0.6064
0.0049
0
0
0
0
0
0
1.9451
0
0
0
0
1.0189
0
0
0
0.316
0.0315
0.0051
0.0183
0.4581
2.1529
0
0
0
0.035
0.1091
0
0
0.1459
4.8931
4.1558
1.4317
0
0
0
0.4405
0.4598
0
0
0
0.0905
0
0
0
0
1.8276
0
0.5199
0.3518
10.7156
0
0
0.6661
0.3492
0.1746
0
0
0
0
4.1806
3.0769
0.057
0
0
1.0553
0
1.2874
0
0.1478
0
0
0
2.006
1.2665
1.089
1.3745
0
3.1913
0.2845
1.1212
0
0
0.0595
1.6815
4.7163
0
0.6801
19.0994
12.0452
11.6841
1.1881
4.9091
0.5922
9.5596
0
0
0.0559
34.9756
2.2303
0
0.3789
0
0.1057
1.3757
3e-04
0
0
0
0.0688
0.3719
0
0
0
5e-04
0
0
0.003
0
0
0
0
0
0
9.6044
0.5408
16.4606
3.6628
0.2907
0.2563
0.0036
4.8592
4.7967
0
0.9399
1.41
0
0
0.0715
0
1.7929
0.13
14.1805
26.0018
0.0528
0.5039
0.122
0.8079
0
0
0
0
1.5258
1.2115
0
0.0617
6.5581
0
0
0
1.0191
52.0597
1.3283
0
0.2447
0
0.0028
0.3266
0.7166
1.3669
1.5468
20.9623
14.7212
4.3604
0
0
0.2282
1.6513
0.001
1.7735
0.0698
0
0
0
4.6088
0
0
0
6.6679
0.6882
11.6701
0.6786
0
0
0.2354
0
0
0.0528
4.7627
16.5411
2.8454
7.9446
5.0316
0.5949
0
0.7347
0
0.729
1.2442
4.4931
0
2.9855
17.9648
0.0026
0
0
26.838
1.2329
0.006
0
0.0508
3.6697
0.1695
1.0239
0.0108
0
0
0
0
0.1719
0
0
0
0
0
0.4685
0.0733
0
0
4.8093
5.6197
0.3547
0.0344
0.0597
0
2.6248
0
0.4228
0.4996
0.0096
5.4132
22.2528
0.129
0
0
0
3.6792
34.2648
1.9847
0.021
1.2392
0
3.3526
8e-04
0
0.0101
14.4561
9.1339
3.8395
0.0016
0
16.2326
0.0023
0.0025
2e-04
11.7151
4.4326
0.0326
0
0.3437
0
0
0.0024
0.0562
8.6845
4.0149
0
0
0.0036
9.8449
14.0988
10.1135
0
0
0
0
0
0
0
0
1.243
0.0546
0.0043
0
0
6.1411
9.314
3.3753
0
0
0
0
0
0
0
0.1276
2.1831
8.5445
7.3559
4e-04
0
0.7026
6.067
0.6056
3.9646
0
0
0
0
0
0.1032
1.6137
0.388
0
0
0
0
0.3852
6.4759
16.6149
0.0999
0
2.2503
22.2336
10.9175
1.3797
1.3608
1.0899
2.0091
0
0
2.7897
0.1317
0
0.0415
1.1995
0
4.7114
0.1131
0.002
3.2042
0
0.0736
0
0
0
4.7529
0.0012
14.4354
0.0072
0
0.0184
1.2954
6.171
3.4607
1.0241
0
0
0
0
0
0
0
0
0
4e-04
0.0821
0.0135
2.4013
0
0
0
2.1243
7.4831
2.1018
0
0
0
0
2.8036
2.5682
0
0
11.8212
1.5108
0.0302
0
0
0
0
0.3066
2.6331
0.2463
0
0
0.8203
1.0161
0
0
0
0.4752
0.1649
2.5193
0.4051
0
0.1025
8.5373
0.0079
0.0082
0
4.1482
0.4671
0.0679
0
0
0.0324
0
0
2.5389
1.0197
11.9212
2.7272
7e-04
0
1.4223
0.4831
13.6898
0
0
0.231
0
0.5518
0.3036
0
2.4226
0.0342
0
0
8.1788
0
0
6e-04
0
0
0
0.4196
0.062
0
0
0
0
4.0095
10.852
0
0
0.1265
8.1112
0.4069
1.2018
7e-04
0
0
0.685
6.6974
0
0
0
4e-04
0
0
0.4954
2.4225
17.1016
9.6793
0.0072
0
0
0.062
0.0083
0
0.4231
1.2942
0
2e-04
0.1348
5.4364
0
6.4056
0.2066
0.0015
0.037
2.5516
19.4202
16.3046
0
0
0
0
0.321
22.6107
0.9628
7.5042
7.3196
1.8381
5.2874
5.0357
5.3415
0.0617
0
0
0
0
5.7035
6.7378
0.1416
5.6864
4.4618
0
0
0
0.0848
5.2626
15.3945
0.0761
0.0509
1.6639
3.5956
0.2681
9.3546
7.0445
1.6651
11.7615
7.2128
7.3402
0.6596
14.0255
24.2798
0.5681
0
12.0228
1e-04
0
0
0.063
1.9136
0
0
6.3598
2.3836
7.3749
10.4306
0
0.0017
0.001
13.1874
0.1928
0
0
0
0.0377
0
0.3087
0
0
0
0
7.3437
1.2857
6.4239
1.6337
4.785
3.8836
0
0
5.846
0.3631
0
0
0.0027
2.7391
5.1167
19.057
1.7397
0
0.1026
0.5871
7.2978
0.3919
1.7599
0
0
0
0
0.9634
2.3736
0
0
0
0
0.0114
0
6.505
0.0489
0.4562
0
0
0
0.108
9.4427
0.0092
1.8362
6.1876
7.3188
3.1321
23.6494
4.9953
2.7988
8.9325
0
0
0
4.3754
8.487
0
0
0.8867
0
2.099
0.1344
0.096
0
0
0
0
0
0
0
0.0828
13.0534
10.4647
0.4371
0
0
0
0
0
0
1.4643
0
5.0258
0
0.0562
0
5.9492
10.3727
1.582
19.8129
0.001
4.0336
0.3942
0
0
0.4394
0.3112
0
0
0
7.0139
2.4146
0
0.2587
0
4.5506
0
0.1525
0.0018
0
1.2777
1.6471
0
0
0
15.8958
9.0624
0.0022
0
11.6053
13.809
0.4594
0.01
2e-04
0.0062
0
0
0
0
0
0.0012
3.819
0.654
0
0.3537
0
0
0
0.0029
0
0.0026
0.5373
0.1377
0.1364
0.0377
0.0141
0
5.0422
1.5845
0
0
6.8591
2.5648
0
0
0
0
0.3516
0
6.258
0.0011
0.5271
0
0
0.6884
0
1e-04
0.1759
0.4099
3.1078
0
0
0
0
0
0.5118
0
0
0
8.1852
10.0418
2.3194
1.6743
0
0.0985
2.8599
0
0
0
0.3442
0
6.0177
20.66
8.3694
1.9155
0
0.415
0
0
9.8457
0
0
0.8752
0
0
6.2306
1.9289
0
0
0.2425
0
0
0
0.0441
0.0771
0
0.1799
0.1832
5.422
0.8011
0.197
1.0128
0.8463
0.3643
1e-04
2.8003
0
0
0
0.031
1.9355
0
0
0
0
0
0.4573
2.8501
5.8663
0.4966
0
0
0
5.8861
0.225
0.0199
0
0.6354
0
0
0
2.7752
0.0022
0
0.1676
0
0
0
0.0026
6.3993
9.336
7.2022
0
0.0587
1.782
0
0.5289
0.6292
1.3947
25.7231
10.1286
0.067
0.0066
0.1665
0.0765
0
0
0
4e-04
2.2669
12.7553
5.6934
0.2707
0
0.2536
2.7642
0
1.3145
0
4.1546
0.0579
0
0.0562
0.887
1.773
0.404
0.1194
0.017
1.279
0
0.2535
0.6644
0.5789
0.8808
0.01
0
0
0
0
0
0
0
2.1324
0.6714
0
0
10.1146
4.7988
0.0065
0.7541
13.5807
20.4542
0.4163
0.9111
1.6505
0.1842
0.1061
4e-04
2.4661
0.0604
0.7389
8.0485
0
0
0
0
0
3e-04
1.5219
0
0
0
0
2.391
2.2616
0.0538
15.2635
0
0
0
0
0
0
0
0.4141
0.4786
10.0647
0.4278
0.1012
0.247
9.4712
9.0997
0
0
0
0
0.6792
0.7931
0
0
9e-04
4.3042
1.4012
10.474
2.6253
1.1674
2.0701
0
0
1.89
0
0
22.6561
0
0
1.6336
0.1648
0
0
0
7.8362
0.2147
0
0.006
0
22.2115
2.001
0
0.0016
0
0
0
0
0
0
0
0
0
3.3024
6.5249
12.4893
0
0
0
0
0
0
0
0
0
0.0384
3e-04
17.9753
11.2712
3.0601
0
0
6.3814
0
0
0
0.076
10.4859
8.139
0
0
0.0018
0
5.8886
0
0
0
0
0
0
0
0
0
0
0
0
0
0
2.3585
0.6845
1.0938
0.7716
0
0
4.836
0.0015
0
0
0
0
0
0
0
6.0083
6e-04
2.0339
0
0
0
6.7963
3.2665
16.1233
22.5151
7.1595
0.0984
0
0.1696
0.4503
1.227
2.5947
0.0022
0
0.3485
0
0.0026
0
0
0
0
0
0
0
7.1419
0
0.0022
0
8.7042
0
0.0029
0
0
0
0
22.8708
0.0393
0.4821
3.9054
6.7691
0.0022
0
0
3.8212
2.414
0.0063
0.0024
0
0
0
0.0041
0
0
0.0011
6e-04
4.4741
0
0.0015
0
0.2693
2.8142
1.6028
0.1383
0.0048
0.4664
0.4083
0.5121
0.2463
0.0024
0
0
0.977
0
5.1054
1.4253
