1980 1 1
0.928
0.946
0.927
0.897
0.921
0.925
0.887
0.88
0.875
0.956
0.952
0.726
0.859
0.864
0.913
0.941
0.921
0.883
0.856
0.809
0.737
0.809
0.833
0.84
0.966
0.857
0.86
0.861
0.838
0.724
0.797
0.797
0.701
0.723
0.778
0.731
0.879
0.891
0.827
0.893
0.871
0.931
0.83
0.813
0.856
0.887
0.899
0.704
0.781
0.862
0.895
0.982
0.976
0.934
0.83
0.876
0.825
0.876
0.853
0.797
0.759
0.761
0.852
0.848
0.957
0.764
0.86
0.973
0.908
0.871
0.597
0.488
0.819
0.847
0.828
0.812
0.936
0.795
0.646
0.842
0.944
0.716
0.734
0.914
0.851
0.775
0.742
0.825
0.955
0.905
0.925
0.887
0.884
0.862
0.952
0.733
0.657
0.744
0.84
0.825
0.88
0.798
0.857
0.712
0.91
0.835
0.75
0.615
0.644
0.674
0.635
0.6
0.546
0.703
0.707
0.808
0.695
0.732
0.886
0.788
0.724
0.699
0.659
0.598
0.53
0.544
0.6
0.618
0.674
0.707
0.625
0.745
0.866
0.8
0.808
0.704
0.666
0.943
0.853
0.771
0.719
0.691
0.632
0.651
0.768
0.706
0.661
0.541
0.536
0.65
0.764
0.751
0.871
0.838
0.807
0.761
0.669
0.77
0.759
0.82
0.715
0.696
0.645
0.612
0.635
0.756
0.759
0.796
0.711
0.687
0.706
0.761
0.694
0.631
0.671
0.749
0.729
0.723
0.739
0.785
0.766
0.769
0.713
0.758
0.77
0.824
0.847
0.794
0.737
0.818
0.767
0.77
0.755
0.808
0.79
0.735
0.789
0.795
0.782
0.76
0.745
0.74
0.771
0.834
0.829
0.744
0.741
0.746
0.775
0.895
0.848
0.773
0.815
0.847
0.857
0.859
0.804
0.853
0.815
0.833
0.857
0.808
0.847
0.842
0.852
0.84
0.841
0.892
0.837
0.92
0.909
0.842
0.857
0.874
0.854
0.802
0.78
0.788
0.753
0.779
0.793
0.798
0.815
0.858
0.857
0.847
0.779
0.832
0.8
0.76
0.723
0.756
0.815
0.834
0.793
0.78
0.845
0.849
0.892
0.922
0.935
0.768
0.759
0.804
0.828
0.847
0.83
0.689
0.75
0.774
0.685
0.723
0.696
0.677
0.793
0.771
0.743
0.779
0.718
0.649
0.717
0.66
0.746
0.733
0.76
0.786
0.718
0.67
0.635
0.685
0.881
0.78
0.751
0.712
0.657
0.693
0.682
0.781
0.848
0.737
0.649
0.789
0.615
0.623
0.656
0.68
0.615
0.616
0.709
0.685
0.573
0.672
0.784
0.699
0.663
0.655
0.674
0.53
0.691
0.826
0.753
0.815
0.877
0.837
0.829
0.805
0.749
0.82
0.961
0.763
0.696
0.906
0.962
0.93
0.895
0.866
0.86
0.772
0.835
0.882
0.882
0.95
0.98
0.915
0.837
0.747
0.913
0.879
0.715
0.851
0.93
0.867
0.904
0.815
0.683
0.819
0.856
0.859
0.933
0.77
0.916
0.868
0.872
0.916
1
1.003
0.988
0.889
0.88
0.756
0.916
0.962
0.911
0.839
0.818
0.854
0.856
0.88
0.926
0.89
0.932
0.945
0.897
0.978
1.041
0.991
0.996
1.004
1.01
1.001
0.956
0.914
0.925
0.895
0.816
0.748
0.825
0.942
0.941
0.746
0.813
0.86
0.934
0.928
0.915
0.875
0.94
1.039
0.793
0.89
0.837
0.839
0.921
0.963
0.972
0.867
0.907
0.847
0.879
0.876
0.833
0.774
0.731
0.756
0.798
0.816
0.762
0.519
0.796
0.912
0.837
0.801
0.878
0.838
0.779
0.741
0.685
0.707
0.532
0.633
0.771
0.674
0.612
0.758
0.901
0.869
0.702
0.769
0.622
0.622
0.659
0.769
0.653
0.706
0.778
0.68
0.559
0.604
0.524
0.814
0.846
0.583
0.554
0.635
0.724
0.786
0.825
0.877
0.925
0.844
0.649
0.632
0.792
0.717
0.693
0.802
0.621
0.815
0.819
0.83
0.724
0.697
0.697
0.738
0.819
0.751
0.711
0.634
0.6
0.611
0.757
0.863
0.702
0.622
0.763
0.903
0.923
0.765
0.64
0.855
0.961
0.744
0.65
0.663
0.638
0.529
0.477
0.556
0.63
0.665
0.725
0.732
0.773
0.915
0.77
0.784
0.714
0.62
0.783
0.769
0.79
0.752
0.727
0.641
0.663
0.795
0.852
0.709
0.803
0.895
0.834
0.792
0.792
0.769
0.68
0.731
0.734
0.784
0.812
0.774
0.801
0.787
0.719
0.613
0.666
0.769
0.779
0.793
0.8
0.786
0.815
0.82
0.745
0.705
0.795
0.823
0.731
0.604
0.681
0.818
0.773
0.762
0.784
0.754
0.691
0.799
0.884
0.872
0.813
0.698
0.775
0.757
0.802
0.915
0.887
0.863
0.707
0.714
0.788
0.782
0.813
0.822
0.818
0.82
0.822
0.871
0.861
0.85
0.844
0.83
0.832
0.854
0.881
0.853
0.785
0.695
0.758
0.775
0.714
0.718
0.721
0.782
0.774
0.759
0.818
0.836
0.836
0.871
0.841
0.841
0.857
0.918
0.941
0.893
0.858
0.797
0.838
0.782
0.793
0.859
0.811
0.814
0.832
0.869
0.873
0.911
0.906
0.818
0.811
0.822
0.859
0.797
0.689
0.7
0.767
0.784
0.757
0.809
0.882
0.818
0.787
0.74
0.735
0.78
0.823
0.758
0.742
0.715
0.775
0.766
0.76
0.725
0.637
0.771
0.774
0.625
0.803
0.735
0.64
0.741
0.945
0.841
0.661
0.651
0.906
0.981
0.866
0.822
0.808
0.775
0.747
0.801
0.813
0.679
0.735
0.799
0.724
0.743
0.727
0.692
0.772
0.777
0.737
0.644
0.625
0.674
0.759
0.846
0.793
0.915
0.83
0.833
0.903
0.92
0.883
0.857
0.874
0.823
0.805
0.721
0.916
0.873
0.766
0.877
0.834
0.827
0.854
0.902
0.578
0.737
0.913
0.901
0.895
0.897
0.926
0.888
0.952
0.882
0.9
0.904
0.958
0.994
0.995
0.957
0.957
0.931
0.966
0.986
0.978
0.959
0.877
0.982
0.921
0.951
0.962
0.859
0.828
0.874
0.819
0.84
0.675
0.817
0.857
0.912
0.915
0.879
0.974
0.768
0.876
0.879
0.943
0.931
0.965
0.98
0.768
0.901
0.91
0.9
0.893
0.901
0.958
0.977
0.913
0.988
0.954
0.907
0.96
0.898
0.961
0.93
0.907
0.931
0.866
0.947
0.911
0.942
0.94
1.003
0.978
0.959
0.96
0.979
0.99
0.881
0.867
0.905
0.834
0.789
0.773
0.86
0.795
0.889
0.86
1.057
0.918
0.914
0.924
0.801
0.804
0.849
0.968
0.92
0.779
0.67
0.753
0.951
0.885
0.804
0.867
0.904
0.865
0.8
0.721
0.725
0.834
0.8
0.697
0.716
0.663
0.789
0.804
0.67
0.627
0.822
0.767
0.855
0.89
0.795
0.824
0.891
0.914
0.843
0.793
0.781
0.779
0.703
0.772
0.816
0.633
0.542
0.843
0.66
0.541
0.55
0.578
0.544
0.731
0.759
0.662
0.561
0.593
0.641
0.567
0.566
0.508
0.556
0.591
0.772
0.769
0.637
0.611
0.638
0.627
0.578
0.608
0.627
0.619
0.601
0.634
0.684
0.73
0.84
0.844
0.798
0.787
0.778
0.785
0.819
0.793
0.817
0.812
0.795
0.849
0.715
0.783
0.858
0.906
0.844
0.762
0.736
0.751
0.784
0.668
0.661
0.708
0.634
0.797
0.928
0.812
0.698
0.842
0.79
0.767
0.743
0.739
0.621
0.654
0.7
0.756
0.757
0.796
0.769
0.72
0.691
0.929
0.846
0.782
0.788
0.794
0.781
0.762
0.761
0.823
0.798
0.721
0.715
0.719
0.745
0.791
0.818
0.818
0.759
0.703
0.772
0.794
0.713
0.714
0.756
0.773
0.817
0.726
0.674
0.766
0.777
0.806
0.787
0.824
0.797
0.858
0.835
0.832
0.823
0.824
0.806
0.678
0.662
0.685
0.708
0.706
0.746
0.738
0.722
0.856
0.779
0.733
0.853
0.791
0.804
0.739
0.799
0.774
0.681
0.755
0.836
0.857
0.829
0.769
0.694
0.617
0.78
0.861
0.744
0.674
0.693
0.75
0.699
0.727
0.784
0.774
0.737
0.672
0.712
0.577
0.611
0.702
0.872
0.808
0.796
0.804
0.759
0.903
0.805
0.738
0.699
0.667
0.677
0.651
0.651
0.686
0.683
0.706
0.669
0.747
0.777
0.655
0.657
0.566
0.648
0.634
0.636
0.569
0.491
0.501
0.678
0.615
0.605
0.595
0.616
0.628
0.534
0.445
0.479
0.53
0.642
0.844
0.847
0.763
0.833
0.672
0.601
0.704
0.632
0.626
0.82
0.725
0.815
0.84
0.764
0.694
0.775
0.718
0.688
0.785
0.851
0.926
0.934
0.828
0.963
0.849
0.663
0.794
0.87
0.948
0.956
0.874
0.852
0.726
0.701
0.757
0.914
0.764
0.744
0.763
0.713
0.864
0.914
0.855
0.868
0.883
0.951
0.96
0.81
0.749
0.948
0.887
0.893
0.912
0.935
0.896
0.847
0.869
0.982
0.915
0.703
0.536
0.657
0.756
0.865
0.766
0.673
0.738
0.806
0.847
0.762
0.761
0.917
0.884
0.786
0.858
0.88
0.947
0.934
0.897
0.866
0.888
0.946
0.866
0.925
0.984
0.966
0.911
0.893
0.878
0.914
0.954
0.971
0.915
0.874
0.977
0.964
0.862
0.903
0.887
0.946
0.871
0.906
0.883
0.911
0.915
0.878
0.912
0.952
0.933
0.912
0.847
0.793
0.731
0.71
0.761
0.809
0.788
0.808
0.741
0.746
0.611
0.591
0.579
0.681
0.755
0.706
0.806
0.814
0.723
0.855
0.795
0.878
0.839
0.762
0.779
0.768
0.77
0.776
0.895
0.971
0.844
0.943
0.837
0.856
0.789
0.826
0.855
0.907
0.907
0.799
0.586
0.654
0.734
0.924
0.869
0.84
0.806
0.893
0.883
0.831
0.934
0.853
0.863
0.783
0.899
0.878
0.838
0.763
0.804
0.71
0.745
0.688
0.685
0.637
0.603
0.713
0.669
0.615
0.645
0.792
0.859
0.946
0.959
0.831
0.911
0.786
0.742
0.711
0.707
0.843
0.687
0.653
0.561
0.582
0.701
0.806
0.91
0.742
0.623
0.665
0.849
0.764
0.802
0.843
0.805
0.751
0.737
0.772
0.653
0.732
0.84
0.736
0.728
0.716
0.668
0.869
0.842
0.747
0.823
0.728
0.663
0.628
0.619
0.591
0.611
0.602
0.616
0.633
0.693
0.648
0.673
0.827
0.797
0.718
0.725
0.719
0.66
0.634
0.631
0.704
0.84
0.919
0.862
0.811
0.78
0.772
0.81
0.78
0.768
0.671
0.709
0.757
0.757
0.725
0.783
0.726
0.65
0.751
0.761
0.811
0.839
0.823
0.769
0.781
0.777
0.79
0.807
0.772
0.679
0.643
0.76
0.81
0.806
0.801
0.816
0.812
0.759
0.79
0.816
0.777
0.728
0.754
0.793
0.846
0.814
0.832
0.687
0.705
0.702
0.722
0.786
0.825
0.747
0.777
0.733
0.768
0.794
0.761
0.714
0.731
0.738
0.769
0.718
0.728
0.782
0.772
0.693
0.659
0.677
0.744
0.751
0.724
0.621
0.597
0.611
0.659
0.704
0.762
0.648
0.565
0.79
0.749
0.641
0.628
0.729
0.885
0.67
0.672
0.587
0.573
0.731
0.674
0.585
0.661
0.676
0.794
0.611
0.57
0.767
0.861
0.667
0.564
0.696
0.838
0.771
0.721
0.888
0.963
0.707
0.68
0.669
0.716
0.767
0.725
0.796
0.86
0.915
0.95
0.949
0.858
0.786
0.727
0.699
0.727
0.652
0.669
0.833
0.835
0.921
0.699
0.758
0.715
0.703
0.638
0.6
0.87
0.974
0.793
0.774
0.801
0.909
0.905
0.822
0.79
0.819
0.841
0.809
0.794
0.904
0.844
0.685
0.749
0.814
0.903
0.743
0.778
0.784
0.903
0.944
0.987
0.981
0.985
0.826
0.913
0.934
0.934
0.934
0.956
0.954
0.972
0.819
0.826
0.83
0.847
0.861
0.872
0.945
0.985
0.835
0.817
0.79
0.842
0.911
0.957
0.95
0.869
0.909
0.862
0.908
0.985
0.986
1.014
0.984
0.933
0.914
0.923
0.914
0.831
0.845
0.939
0.92
0.885
0.895
0.9
0.886
0.87
0.826
0.834
0.878
0.834
0.969
1.004
0.968
0.932
0.927
0.947
0.952
0.858
0.933
0.958
0.923
0.928
0.947
0.862
0.851
0.919
0.965
0.9
0.971
0.963
0.925
0.87
0.716
0.834
0.897
0.889
0.827
0.808
0.765
0.677
0.667
0.759
0.81
0.756
0.862
0.933
0.831
0.811
0.862
0.854
0.834
0.955
0.891
0.851
0.873
0.854
0.84
0.841
0.846
0.963
0.952
0.951
0.917
0.808
0.889
0.888
0.985
0.949
0.902
0.816
0.738
0.817
0.756
0.836
0.898
0.846
0.791
0.716
0.644
0.687
0.757
0.946
0.955
0.902
0.752
0.653
0.661
0.658
0.609
0.715
0.796
0.726
0.798
0.807
0.893
0.872
0.81
0.755
0.732
0.856
0.914
0.893
0.776
0.666
0.736
0.714
0.584
0.749
0.677
0.671
0.886
0.942
0.848
0.722
0.813
0.838
0.802
0.808
0.767
0.725
0.811
0.782
0.719
0.626
0.578
0.671
0.76
0.901
0.932
0.817
0.784
0.701
0.84
0.82
0.782
0.915
0.92
0.808
0.683
0.67
0.674
0.718
0.583
0.683
0.741
0.716
0.735
0.695
0.68
0.682
0.635
0.706
0.716
0.753
0.777
0.786
0.765
0.753
0.719
0.738
0.694
0.824
0.757
0.667
0.62
0.734
0.723
0.699
0.776
0.763
0.687
0.742
0.785
0.81
0.793
0.743
0.667
0.784
0.816
0.799
0.793
0.727
0.728
0.761
0.77
0.733
0.801
0.734
0.738
0.757
0.708
0.68
0.818
0.82
0.915
0.865
0.724
0.685
0.697
0.749
0.851
0.865
0.856
0.806
0.838
0.865
0.878
0.838
0.844
0.787
0.81
0.838
0.788
0.76
0.804
0.792
0.753
0.763
0.833
0.78
0.742
0.846
0.828
0.794
0.706
0.722
0.766
0.783
0.853
0.866
0.727
0.815
0.805
0.875
0.789
0.734
0.649
0.818
0.751
0.777
0.858
0.817
0.75
0.818
0.897
0.877
0.737
0.635
0.621
0.699
0.726
0.739
0.708
0.8
0.862
0.823
0.834
0.728
0.779
0.756
0.734
0.717
0.594
0.599
0.624
0.627
0.746
0.878
0.829
0.784
0.78
0.793
0.783
0.749
0.873
0.796
0.748
0.759
0.68
0.784
0.627
0.815
0.834
0.74
0.642
0.746
0.841
0.733
0.802
0.735
0.733
0.845
0.839
0.76
0.595
0.876
0.839
0.723
0.623
0.615
0.841
0.92
0.967
0.846
0.831
0.725
0.791
0.656
0.607
0.619
0.743
0.504
0.639
0.67
0.701
0.768
0.722
0.635
0.611
0.883
0.675
0.761
0.834
0.734
0.76
0.62
0.579
0.922
0.853
0.967
0.968
0.939
0.951
0.992
0.961
0.924
0.907
0.853
0.811
0.837
0.833
0.805
0.934
0.892
0.621
0.859
0.793
0.73
0.898
0.993
0.828
0.894
0.936
0.988
0.732
0.667
0.73
0.829
0.865
0.934
0.875
0.86
0.897
0.903
0.906
0.918
0.966
0.804
0.891
0.935
0.949
0.932
0.783
0.866
0.911
0.969
0.965
0.923
0.874
0.941
0.884
0.831
0.86
0.931
0.884
0.841
0.848
0.84
0.928
0.925
0.887
0.849
0.91
0.878
0.973
0.976
0.937
0.891
0.889
1.007
0.949
0.946
0.927
0.883
0.859
0.918
0.888
0.841
0.848
0.78
0.821
0.676
0.674
0.832
0.642
0.944
0.779
0.635
0.765
0.856
0.744
0.67
0.844
0.911
0.75
0.745
0.689
0.599
0.726
0.522
0.617
0.74
0.538
0.704
0.933
0.817
0.722
0.587
0.771
0.873
0.777
0.902
0.95
0.763
0.756
0.704
0.8
0.808
0.858
0.71
0.717
0.678
0.692
0.78
0.746
0.71
0.689
0.714
0.695
0.629
0.698
0.695
0.633
0.605
0.548
0.51
0.668
0.672
0.564
0.633
0.684
0.592
0.526
0.733
0.818
0.625
0.538
0.661
0.752
0.706
0.599
0.577
0.631
0.724
0.695
0.66
0.6
0.736
0.727
0.897
0.748
0.706
0.677
0.778
0.643
0.663
0.575
0.484
0.702
0.737
0.848
0.696
0.73
0.722
0.662
0.725
0.731
0.732
0.82
0.645
0.661
0.746
0.721
0.645
0.786
0.886
0.744
0.667
0.828
0.823
0.787
0.742
0.707
0.708
0.677
0.728
0.694
0.708
0.613
0.595
0.669
0.692
0.632
0.683
0.784
0.786
0.748
0.682
0.756
0.782
0.775
0.745
0.706
0.695
0.73
0.713
0.707
0.817
0.794
0.737
0.704
0.686
0.715
0.781
0.78
0.788
0.695
0.718
0.77
0.811
0.696
0.655
0.709
0.721
0.863
0.871
0.746
0.692
0.682
0.815
0.873
0.844
0.779
0.678
0.747
0.825
0.793
0.839
0.814
0.839
0.848
0.808
0.823
0.818
0.833
0.789
0.781
0.811
0.93
0.839
0.808
0.807
0.787
0.775
0.828
0.827
0.81
0.809
0.783
0.797
0.818
0.827
0.798
0.799
0.831
0.811
0.814
0.738
0.778
0.675
0.623
0.642
0.685
0.686
0.667
0.647
0.702
0.676
0.734
0.796
0.632
0.726
0.759
0.634
0.611
0.772
0.782
0.585
0.631
0.736
0.785
0.707
0.565
0.548
0.578
0.797
0.849
0.85
0.818
0.83
0.827
0.656
0.595
0.777
0.847
0.867
0.812
0.802
0.787
0.775
0.61
0.482
0.573
0.758
0.635
0.649
0.821
0.802
0.925
0.952
0.934
0.94
0.839
0.842
0.726
0.831
0.934
0.913
0.956
0.951
0.945
0.874
0.933
0.75
0.863
0.871
0.814
0.67
0.852
0.823
0.74
0.835
0.907
0.903
0.906
0.869
0.896
0.939
0.829
0.84
0.883
0.915
0.947
0.921
0.912
0.903
0.962
0.986
0.895
0.891
0.822
0.934
0.963
0.864
0.821
0.842
0.88
0.883
0.984
0.975
0.945
0.811
0.831
0.897
0.821
0.906
0.943
0.889
0.869
0.883
0.928
0.966
0.906
0.82
0.677
0.734
0.734
0.845
0.962
0.889
0.881
0.917
0.841
0.881
0.846
0.933
0.948
0.917
0.901
0.895
0.825
0.78
0.839
0.853
0.829
0.715
0.899
0.841
0.881
0.93
0.93
0.916
0.996
0.973
0.886
0.943
0.919
0.897
0.864
0.833
0.822
0.82
0.905
0.885
0.932
0.972
0.991
0.994
0.959
0.993
0.91
0.877
0.893
0.852
0.89
0.917
0.855
0.883
0.82
0.901
0.955
0.882
0.927
0.824
0.829
0.901
0.861
0.888
0.938
0.916
0.863
0.856
0.839
0.784
0.804
0.915
0.667
0.599
0.732
0.646
0.727
0.65
0.738
0.833
0.679
0.593
0.566
0.53
0.549
0.689
0.62
0.713
0.83
0.809
0.76
0.699
0.76
0.807
0.772
0.684
0.751
0.73
0.825
0.803
0.85
0.698
0.762
0.966
0.855
0.789
0.652
0.573
0.591
0.648
0.629
0.629
0.71
0.786
0.754
0.703
0.66
0.637
0.673
0.768
0.75
0.715
0.743
0.735
0.637
0.588
0.636
0.757
0.741
0.787
0.763
0.76
0.819
0.852
0.866
0.846
0.786
0.717
0.729
0.737
0.803
0.771
0.705
0.732
0.744
0.714
0.769
0.686
0.724
0.87
0.935
0.844
0.789
0.703
0.786
0.798
0.808
0.832
0.762
0.74
0.77
0.767
0.675
0.796
0.768
0.688
0.731
0.735
0.721
0.703
0.704
0.801
0.783
0.758
0.9
0.898
0.854
0.761
0.683
0.749
0.757
0.761
0.767
0.815
0.812
0.937
0.864
0.808
0.81
0.801
0.823
0.812
0.789
0.798
0.832
0.812
0.751
0.699
0.734
0.797
0.769
0.756
0.758
0.841
0.798
0.805
0.809
0.814
0.785
0.76
0.738
0.763
0.837
0.841
0.81
0.796
0.821
0.698
0.715
0.828
0.843
0.841
0.813
0.812
0.783
0.829
0.801
0.833
0.851
0.794
0.687
0.884
0.879
0.76
0.696
0.653
0.678
0.72
0.767
0.805
0.847
0.788
0.755
0.742
0.709
0.688
0.817
0.86
0.864
0.792
0.79
0.805
0.818
0.719
0.882
0.853
0.818
0.861
0.847
0.823
0.913
0.901
0.818
0.824
0.784
0.792
0.836
0.922
0.842
0.879
0.915
0.828
0.755
0.69
0.727
0.833
0.749
0.798
0.864
0.895
0.888
0.773
0.687
0.776
0.757
0.68
0.656
0.765
0.765
0.766
0.801
0.916
0.89
0.879
0.81
0.825
0.799
0.77
0.752
0.816
0.733
0.797
0.804
0.794
0.845
0.88
0.784
0.669
0.799
0.796
0.741
0.818
0.91
0.916
0.891
0.92
0.844
0.931
0.912
0.869
0.886
0.896
0.882
0.968
0.922
0.873
0.893
0.889
0.758
0.922
0.926
0.73
0.786
0.877
0.894
0.974
0.99
0.743
0.695
0.81
0.648
0.829
0.868
0.93
0.933
0.93
0.925
0.934
0.908
0.934
0.967
0.982
0.992
0.963
0.881
0.889
0.884
0.919
0.908
0.877
0.957
0.942
0.859
0.818
0.825
0.917
0.871
0.899
0.961
0.934
0.93
0.948
0.93
0.956
0.719
0.639
0.907
0.964
0.946
0.902
0.949
0.897
0.822
0.832
0.87
0.907
0.919
0.937
0.978
0.877
0.902
0.937
0.916
0.83
0.735
0.729
0.857
0.846
0.707
0.776
0.688
0.833
0.723
0.768
0.755
0.733
0.826
0.77
0.706
0.662
0.704
0.816
0.826
0.715
0.612
0.582
0.717
0.924
0.929
0.797
0.732
0.629
0.755
0.69
0.641
0.6
0.687
0.528
0.565
0.595
0.608
0.804
0.842
0.666
0.623
0.556
0.593
0.553
0.62
0.655
0.661
0.61
0.688
0.788
0.788
0.76
0.727
0.854
0.814
0.815
0.787
0.718
0.828
0.914
0.892
0.756
0.713
0.658
0.581
0.656
0.768
0.747
0.748
0.816
0.891
0.883
0.798
0.736
0.719
0.621
0.793
0.781
0.745
0.624
0.561
0.616
0.667
0.624
0.692
0.584
0.833
0.905
0.725
0.638
0.55
0.634
0.566
0.503
0.583
0.593
0.697
0.66
0.692
0.709
0.569
0.545
0.724
0.873
0.802
0.748
0.695
0.736
0.743
0.76
0.803
0.711
0.718
0.682
0.679
0.773
0.769
0.789
0.788
0.691
0.664
0.666
0.686
0.696
0.754
0.652
0.639
0.791
0.73
0.631
0.661
0.613
0.552
0.619
0.627
0.78
0.801
0.8
0.863
0.7
0.653
0.727
0.687
0.697
0.781
0.816
0.889
0.895
0.812
0.812
0.803
0.812
0.788
0.793
0.79
0.81
0.805
0.787
0.801
0.823
0.804
0.801
0.764
0.767
0.74
0.802
0.757
0.771
0.728
0.769
0.792
0.785
0.792
0.689
0.715
0.807
0.782
0.82
0.84
0.791
0.777
0.829
0.747
0.744
0.865
0.879
0.879
0.807
0.835
0.81
0.795
0.752
0.77
0.78
0.734
0.704
0.682
0.736
0.818
0.777
0.727
0.812
0.968
0.916
0.968
0.848
0.771
0.814
0.783
0.757
0.786
0.74
0.735
0.796
0.772
0.795
0.771
0.716
0.789
0.782
0.765
0.739
0.848
0.849
0.804
0.882
0.802
0.649
0.728
0.778
0.797
0.727
0.711
0.585
0.511
0.565
0.682
0.738
0.675
0.645
0.732
0.627
0.515
0.737
0.847
0.718
0.676
0.741
0.826
0.705
0.578
0.58
0.51
0.472
0.604
0.668
0.612
0.734
0.702
0.647
0.528
0.799
0.778
0.591
0.732
0.666
0.642
0.649
0.717
0.797
0.741
0.573
0.628
0.716
0.511
0.444
0.512
0.801
0.713
0.759
0.7
0.658
0.692
0.652
0.535
0.727
0.695
0.597
0.592
0.538
0.585
0.695
0.816
0.958
0.871
0.894
0.914
0.878
0.816
0.898
0.905
0.945
0.927
0.894
0.867
0.889
0.836
0.813
0.881
0.858
0.853
0.676
0.702
0.886
0.86
0.865
0.886
0.945
0.932
0.762
0.675
0.937
0.908
0.879
0.743
0.68
0.923
0.909
0.866
0.915
0.724
0.534
0.498
0.684
0.582
0.668
0.721
0.88
0.872
0.849
0.892
0.796
0.767
0.628
0.842
0.742
0.792
0.947
0.867
0.951
0.875
0.824
0.912
0.902
0.928
0.89
0.866
0.917
0.914
0.896
0.916
0.977
0.983
0.924
0.905
0.835
0.751
0.901
0.844
0.915
0.892
0.925
0.914
0.863
1.064
0.938
0.84
0.831
0.799
0.875
0.929
0.626
0.722
0.843
0.555
0.643
0.753
0.748
0.78
0.767
0.75
0.768
0.855
0.836
0.777
0.83
0.848
0.83
0.742
0.756
0.607
0.812
0.848
0.699
0.848
0.843
0.716
0.797
0.737
0.837
0.802
0.768
0.742
0.769
0.752
0.721
0.739
0.681
0.648
0.726
0.68
0.839
0.922
0.858
0.765
0.669
0.802
0.89
0.752
0.693
0.573
0.567
0.665
0.627
0.644
0.638
0.695
0.623
0.716
0.582
0.53
0.718
0.572
0.6
0.698
0.569
0.494
0.636
0.75
0.665
0.662
0.493
0.487
0.618
0.67
0.665
0.597
0.484
0.492
0.632
0.632
0.657
0.543
0.606
0.622
0.604
0.592
0.672
0.704
0.796
0.797
0.658
0.618
0.65
0.632
0.66
0.554
0.505
0.518
0.495
0.497
0.479
0.508
0.692
0.656
0.585
0.514
0.594
0.532
0.563
0.634
0.558
0.472
0.455
0.465
0.493
0.48
0.605
0.594
0.538
0.485
0.508
0.571
0.52
0.604
0.459
0.466
0.619
0.526
0.496
0.619
0.522
0.489
0.433
0.35
0.313
0.318
0.306
0.279
0.319
0.32
0.394
0.606
0.47
0.453
0.528
0.374
0.4
0.626
0.669
0.764
0.824
0.86
0.723
0.734
0.65
0.663
0.718
0.671
0.603
0.611
0.751
0.775
0.662
0.691
0.62
0.648
0.714
0.74
0.56
0.518
0.536
0.623
0.685
0.621
0.586
0.626
0.667
0.552
0.484
0.693
0.811
0.762
0.628
0.725
0.849
0.757
0.636
0.654
0.597
0.783
0.735
0.657
0.611
0.593
0.658
0.804
0.824
0.842
0.694
0.615
0.633
0.665
0.552
0.513
0.823
0.799
0.667
0.672
0.672
0.745
0.762
0.814
0.721
0.71
0.684
0.704
0.609
0.59
0.541
0.553
0.639
0.701
0.599
0.629
0.842
0.716
0.56
0.629
0.513
0.494
0.492
0.605
0.645
0.681
0.598
0.539
0.506
0.508
0.685
0.824
0.824
0.708
0.697
0.785
0.873
0.846
0.818
0.668
0.663
0.577
0.624
0.585
0.651
0.581
0.609
0.748
0.642
0.931
0.975
0.844
0.82
0.811
0.833
0.869
0.753
0.69
0.776
0.797
0.729
0.78
0.644
0.638
0.768
0.973
0.807
0.649
0.691
0.721
0.716
0.811
0.826
0.705
0.72
0.733
0.731
0.853
0.867
0.771
0.691
0.746
0.816
0.7
0.584
0.686
0.652
0.599
0.904
0.881
0.82
0.465
0.819
0.709
0.895
0.841
0.938
0.808
0.836
0.798
0.905
0.76
0.936
0.954
0.8
0.913
0.949
0.981
0.97
0.982
0.857
0.915
0.989
0.985
0.858
0.486
0.703
0.814
0.951
0.767
0.81
0.926
0.819
0.68
0.872
0.894
0.844
0.588
0.678
0.716
0.771
0.937
0.97
0.766
0.753
0.899
0.88
0.85
0.824
0.784
0.888
0.761
0.826
0.856
0.808
0.811
0.731
0.849
0.894
0.856
0.921
0.907
0.89
0.782
0.645
0.752
0.754
0.862
0.98
0.842
0.677
0.664
0.726
0.908
0.802
0.789
0.546
0.549
0.719
0.948
0.94
0.747
0.656
0.75
0.696
0.612
0.667
0.78
0.655
0.779
0.848
0.609
0.611
0.86
0.578
0.797
0.815
0.579
0.613
0.766
0.791
0.722
0.758
0.758
0.809
0.878
0.789
0.794
0.795
0.808
0.796
0.749
0.725
0.694
0.677
0.657
0.672
0.706
0.659
0.698
0.581
0.715
0.646
0.671
0.837
0.695
0.513
0.646
0.611
0.578
0.529
0.704
0.801
0.695
0.781
0.799
0.696
0.709
0.741
0.726
0.596
0.78
0.759
0.708
0.739
0.833
0.793
0.703
0.874
0.876
0.772
0.721
0.681
0.606
0.537
0.702
0.776
0.674
0.571
0.834
0.733
0.814
0.782
0.72
0.661
0.774
0.796
0.765
0.751
0.764
0.79
0.754
0.762
0.732
0.65
0.625
0.728
0.799
0.706
0.844
0.853
0.789
0.778
0.757
0.698
0.75
0.802
0.776
0.815
0.743
0.713
0.693
0.703
0.706
0.696
0.764
0.77
0.719
0.687
0.769
0.796
0.786
0.778
0.785
0.743
0.687
0.721
0.778
0.797
0.778
0.781
0.734
0.671
0.64
0.645
0.66
0.782
0.848
0.834
0.818
0.809
0.78
0.754
0.788
0.823
0.849
0.775
0.882
0.855
0.775
0.716
0.832
0.865
0.847
0.818
0.807
0.77
0.775
0.75
0.725
0.727
0.769
0.743
0.795
0.812
0.776
0.777
0.819
0.885
0.842
0.849
0.865
0.853
0.815
0.771
0.77
0.836
0.858
0.784
0.731
0.852
0.824
0.724
0.722
0.805
0.794
0.828
0.832
0.817
0.883
0.823
0.774
0.883
0.978
0.898
0.918
0.828
0.704
0.767
0.751
0.783
0.858
0.808
0.703
0.681
0.689
0.679
0.65
0.683
0.661
0.826
0.848
0.768
0.645
0.661
0.73
0.653
0.676
0.561
0.684
0.651
0.632
0.537
0.591
0.648
0.72
0.89
0.781
0.894
0.887
0.865
0.724
0.695
0.768
0.714
0.656
0.655
0.612
0.542
0.588
0.828
0.666
0.727
0.624
0.585
0.603
0.725
0.832
0.963
0.811
0.706
0.638
0.698
0.721
0.778
0.956
0.916
0.632
0.569
0.6
0.827
0.555
0.559
0.585
0.586
0.679
0.836
0.805
0.895
0.601
0.684
0.784
0.802
0.732
0.801
0.798
0.868
0.622
0.615
0.687
0.702
0.887
0.83
0.671
0.847
0.85
0.85
0.856
0.828
0.856
0.883
0.815
0.85
0.855
0.772
0.91
0.903
0.991
0.957
0.974
0.997
0.989
0.911
0.909
0.868
0.959
0.876
0.836
0.849
0.858
0.861
0.932
0.84
0.769
0.823
0.882
0.857
0.909
0.978
0.952
0.713
0.933
0.972
0.92
0.871
0.816
0.866
0.643
0.659
0.629
0.831
0.892
0.856
0.928
0.965
0.913
0.941
0.892
0.815
0.857
0.839
0.835
0.635
0.581
0.657
0.699
0.903
0.972
0.962
0.697
0.738
0.696
0.565
0.468
0.888
0.931
0.914
0.691
0.738
0.814
0.776
0.594
0.644
0.717
0.537
0.686
0.772
0.56
0.707
0.933
0.892
0.866
0.761
0.785
0.724
0.686
0.848
0.733
0.621
0.775
0.703
0.689
0.681
0.782
0.503
0.557
0.637
0.565
0.506
0.661
0.928
0.922
0.835
0.742
0.825
0.742
0.702
0.606
0.657
0.539
0.502
0.886
0.751
0.639
0.654
0.806
0.753
0.701
0.733
0.562
0.526
0.83
0.838
0.606
0.543
0.581
0.649
0.626
0.554
0.596
0.759
0.667
0.613
0.557
0.705
0.961
0.894
0.714
0.652
0.65
0.705
0.805
0.685
0.787
0.922
0.737
0.821
0.816
0.786
0.664
0.677
0.784
0.827
0.744
0.617
0.663
0.825
0.941
0.824
0.761
0.832
0.682
0.54
0.653
0.811
0.699
0.787
0.67
0.784
0.722
0.769
0.746
0.769
0.707
0.645
0.697
0.733
0.686
0.621
0.751
0.732
0.747
0.781
0.732
0.718
0.803
0.78
0.641
0.659
0.718
0.788
0.76
0.802
0.766
0.705
0.653
0.736
0.773
0.77
0.673
0.724
0.758
0.739
0.903
0.973
0.928
0.934
0.812
0.802
0.751
0.749
0.768
0.807
0.858
0.922
0.874
0.773
0.696
0.682
0.728
0.728
0.731
0.812
0.811
0.702
0.684
0.738
0.907
0.863
0.828
0.819
0.742
0.73
0.723
0.783
0.814
0.857
0.78
0.754
0.805
0.792
0.844
0.835
0.917
0.907
0.942
0.926
0.874
0.809
0.796
0.828
0.825
0.791
0.75
0.739
0.772
0.796
0.768
0.785
0.814
0.77
0.813
0.845
0.873
0.778
0.754
0.8
0.795
0.888
0.837
0.846
0.742
0.698
0.893
0.826
0.794
0.825
0.857
0.772
0.753
0.78
0.668
0.692
0.788
0.812
0.707
0.672
0.669
0.769
0.696
0.672
0.774
0.922
0.968
0.945
0.824
0.897
0.81
0.71
0.69
0.608
0.673
0.863
0.708
0.685
0.741
0.848
0.759
0.735
0.762
0.657
0.626
0.665
0.643
0.678
0.655
0.624
0.614
0.636
0.73
0.943
0.78
0.768
0.654
0.694
0.806
0.731
0.723
0.705
0.629
0.791
0.806
0.702
0.689
0.699
0.612
0.762
0.899
0.769
0.605
0.721
0.736
0.866
0.877
0.684
0.683
0.636
0.693
0.9
0.802
0.728
0.826
0.838
0.756
0.842
0.84
0.741
0.869
0.869
0.659
0.913
0.882
0.911
0.975
0.868
0.803
0.98
0.97
0.947
0.898
0.933
0.909
0.927
0.967
0.964
0.922
0.756
0.899
0.921
0.911
0.884
0.927
0.956
0.901
0.938
0.964
0.932
0.97
0.969
0.902
0.952
0.951
0.994
0.925
0.918
0.841
0.937
0.878
0.743
0.886
0.76
0.688
0.854
0.948
0.921
0.88
0.956
0.886
0.918
0.832
0.844
0.793
0.938
0.952
0.916
0.859
0.883
0.785
0.51
0.552
0.819
0.993
0.84
0.794
0.877
0.965
0.927
0.884
0.81
0.797
0.555
0.609
0.643
0.535
0.795
0.831
0.796
0.817
0.891
0.758
0.756
0.86
0.753
0.562
0.634
0.806
0.707
0.584
0.719
0.779
0.769
0.655
0.64
0.939
0.813
0.742
0.789
0.865
0.756
0.77
0.725
0.823
0.86
0.735
0.72
0.558
0.649
0.764
0.624
0.535
0.65
0.829
0.718
0.718
0.751
0.8
0.761
0.651
0.606
0.872
0.935
0.828
0.745
0.769
0.724
0.92
0.933
0.918
0.821
0.679
0.824
0.704
0.711
0.734
0.772
0.786
0.7
0.743
0.671
0.721
0.735
0.877
0.822
0.733
0.699
0.781
0.72
0.67
0.709
0.695
0.681
0.6
0.603
0.755
0.813
0.771
0.756
0.692
0.675
0.652
0.733
0.763
0.784
0.794
0.741
0.709
0.763
0.789
0.763
0.797
0.745
0.737
0.725
0.638
0.56
0.531
0.547
0.585
0.713
0.7
0.65
0.641
0.724
0.745
0.703
0.68
0.707
0.61
0.588
0.689
0.763
0.708
0.679
0.637
0.677
0.708
0.789
0.746
0.791
0.768
0.703
0.757
0.77
0.704
0.744
0.744
0.706
0.671
0.66
0.746
0.821
0.8
0.652
0.626
0.674
0.716
0.69
0.71
0.748
0.75
0.738
0.691
0.66
0.689
0.656
0.622
0.751
0.753
0.661
0.643
0.57
0.709
0.718
0.663
0.583
0.573
0.751
0.879
0.683
0.586
0.55
0.503
0.585
0.553
0.599
0.715
0.767
0.835
0.821
0.738
0.691
0.734
0.735
0.71
0.64
0.666
0.648
0.613
0.628
0.686
0.573
0.515
0.656
0.783
0.577
0.557
0.549
0.598
0.658
0.76
0.715
0.769
0.736
0.675
0.622
0.57
0.571
0.54
0.584
0.532
0.453
0.66
0.691
0.569
0.619
0.596
0.499
0.519
0.521
0.508
0.51
0.462
0.564
0.666
0.676
0.59
0.648
0.524
0.503
0.65
0.648
0.752
0.664
0.777
0.693
0.506
0.444
0.493
0.724
0.543
0.496
0.52
0.706
0.771
0.769
0.789
0.863
0.839
0.597
0.677
0.826
0.713
0.721
0.515
0.431
0.456
0.603
0.803
0.685
0.657
0.703
0.827
0.863
0.862
0.779
0.853
0.858
0.751
0.88
0.922
0.945
0.873
0.786
0.838
0.705
0.787
0.85
0.852
0.934
0.83
0.792
0.776
0.816
0.924
0.821
0.69
0.744
0.861
0.828
0.895
0.812
0.867
0.834
0.866
0.814
0.588
0.581
0.783
0.739
0.679
0.681
0.826
0.874
0.958
0.806
0.857
0.827
0.857
0.874
0.977
0.935
0.878
0.884
0.899
0.989
0.96
0.907
0.898
0.887
0.854
0.878
0.897
0.843
0.771
0.915
0.965
0.905
0.872
0.892
0.788
0.868
0.887
0.973
0.947
0.939
0.836
0.873
0.876
0.917
0.916
0.924
0.911
0.929
0.88
0.832
0.863
0.889
0.702
0.684
0.852
0.855
0.675
0.763
0.833
0.68
0.915
0.938
0.92
0.922
0.868
0.94
0.95
0.847
0.778
0.826
0.823
0.851
0.876
0.774
0.759
0.766
0.634
0.66
0.704
0.751
0.732
0.721
0.841
0.857
0.833
0.748
0.871
0.775
0.695
0.65
0.694
0.491
0.501
0.766
0.742
0.813
0.683
0.721
0.884
0.79
0.649
0.705
0.778
0.804
0.655
0.575
0.815
0.692
0.754
0.759
0.685
0.765
0.647
0.542
0.58
0.615
0.633
0.69
0.698
0.751
0.572
0.68
0.699
0.786
0.906
0.939
0.8
0.754
0.801
0.788
0.759
0.834
0.87
0.824
0.766
0.63
0.64
0.797
0.72
0.721
0.659
0.738
0.739
0.67
0.574
0.748
0.893
0.717
0.645
0.614
0.702
0.646
0.62
0.619
0.676
0.763
0.692
0.69
0.62
0.614
0.727
0.857
0.751
0.758
0.663
0.519
0.599
0.85
0.881
0.732
0.666
0.632
0.756
0.805
0.735
0.732
0.715
0.672
0.588
0.517
0.536
0.566
0.662
0.622
0.609
0.731
0.783
0.802
0.791
0.737
0.695
0.776
0.79
0.729
0.711
0.773
0.646
0.662
0.681
0.751
0.775
0.785
0.755
0.763
0.731
0.679
0.752
0.74
0.732
0.783
0.783
0.872
0.813
0.901
0.823
0.832
0.835
0.794
0.812
0.858
0.845
0.911
0.878
0.813
0.874
0.84
0.776
0.833
0.866
0.938
0.824
0.817
0.816
0.813
0.787
0.71
0.786
0.868
0.836
0.859
0.851
0.803
0.841
0.835
0.875
0.866
0.731
0.735
0.824
0.716
0.715
0.744
0.821
0.848
0.847
0.83
0.891
0.928
0.845
0.837
0.826
0.792
0.817
0.845
0.833
0.832
0.867
0.853
0.866
0.835
0.828
0.795
0.716
0.753
0.794
0.804
0.792
0.815
0.842
0.788
0.722
0.856
0.87
0.812
0.779
0.751
0.894
0.847
0.75
0.802
0.699
0.674
0.734
0.74
0.726
0.753
0.729
0.68
0.719
0.765
0.743
0.862
0.717
0.669
0.745
0.813
0.87
0.681
0.728
0.745
0.701
0.767
0.701
0.739
0.823
0.722
0.77
0.72
0.692
0.795
0.809
0.777
0.919
0.941
0.757
0.777
0.756
0.782
0.758
0.744
0.742
0.795
0.96
0.999
0.803
0.649
0.65
0.676
0.807
0.853
0.776
0.773
0.856
0.983
0.907
0.89
0.919
0.904
0.81
0.798
0.753
0.855
0.824
0.842
0.802
0.819
0.779
0.749
0.821
0.906
0.828
0.955
0.991
0.971
0.954
0.927
0.884
0.843
0.892
0.834
0.847
0.863
0.667
0.817
0.868
0.63
0.619
0.533
0.526
0.791
0.97
0.989
0.952
0.769
0.867
0.926
0.88
0.872
0.831
0.828
0.903
0.899
0.914
0.948
0.964
0.977
0.911
0.896
0.899
0.934
0.858
0.828
0.874
0.954
0.964
0.912
0.921
0.849
0.801
0.83
0.876
0.686
0.48
0.591
0.744
0.621
0.641
0.684
0.576
0.744
0.781
0.796
0.794
0.833
0.856
0.97
0.919
0.896
0.833
0.926
0.883
0.719
0.806
0.896
0.969
0.949
0.859
0.824
0.821
0.885
0.87
0.855
0.924
0.927
0.865
0.97
0.967
0.969
0.889
0.933
0.869
0.872
0.883
0.848
0.721
0.664
0.673
0.763
0.892
0.592
0.707
0.861
0.884
0.817
0.953
0.935
0.859
0.8
0.762
0.785
0.789
0.784
0.874
0.985
0.883
0.773
0.748
0.747
0.798
0.742
0.748
0.914
0.835
0.746
0.862
0.724
0.829
0.85
0.863
0.823
0.703
0.807
0.795
0.809
0.623
0.591
0.769
0.907
0.819
0.679
0.692
0.69
0.807
0.642
0.732
0.73
0.81
0.82
0.758
0.594
0.635
0.642
0.583
0.586
0.701
0.716
0.647
0.689
0.682
0.612
0.687
0.773
0.652
0.619
0.594
0.817
0.856
0.793
0.694
0.669
0.727
0.785
0.674
0.837
0.733
0.71
0.803
0.902
0.872
0.698
0.781
0.852
0.787
0.751
0.724
0.704
0.736
0.755
0.766
0.735
0.687
0.719
0.698
0.737
0.836
0.8
0.741
0.698
0.75
0.72
0.708
0.75
0.798
0.838
0.893
0.841
0.771
0.779
0.747
0.79
0.793
0.77
0.758
0.784
0.782
0.812
0.735
0.812
0.821
0.703
0.695
0.805
0.827
0.773
0.751
0.7
0.64
0.684
0.79
0.779
0.766
0.78
0.824
0.828
0.775
0.762
0.816
0.783
0.824
0.744
0.779
0.791
0.702
0.689
0.809
0.807
0.764
0.794
0.727
0.725
0.815
0.814
0.768
0.741
0.853
0.769
0.669
0.692
0.795
0.733
0.697
0.747
0.731
0.723
0.692
0.747
0.879
0.818
0.861
0.782
0.711
0.79
0.814
0.659
0.699
0.759
0.636
0.664
0.617
0.721
0.824
0.734
0.737
0.687
0.804
0.714
0.817
0.742
0.801
0.792
0.853
0.889
0.865
0.79
0.828
0.734
0.634
0.711
0.636
0.709
0.684
0.557
0.667
0.684
0.821
0.661
0.617
0.702
0.687
0.603
0.545
0.779
0.904
0.79
0.81
0.931
0.799
0.651
0.593
0.577
0.579
0.616
0.729
0.719
0.619
0.732
0.861
0.74
0.686
0.783
0.822
0.83
0.755
0.73
0.673
0.59
0.589
0.705
0.719
0.894
0.978
0.86
0.779
0.928
0.823
0.872
0.616
0.616
0.623
0.642
0.712
0.811
0.813
0.887
0.755
0.846
0.781
0.804
0.887
0.906
0.972
0.924
0.924
0.805
0.748
0.765
0.871
0.648
0.641
0.55
0.747
0.91
0.887
0.88
0.908
0.846
0.805
0.89
0.894
0.87
0.83
0.893
0.749
0.802
0.818
0.89
0.776
0.927
0.89
0.942
0.933
0.919
0.851
0.962
0.957
0.897
0.881
0.888
0.919
0.971
1.005
0.885
0.747
0.813
0.887
0.762
0.757
0.856
0.894
0.944
1.001
0.992
0.987
0.92
1.039
0.981
0.836
0.862
0.679
0.682
0.817
0.802
0.876
0.844
0.895
0.887
0.88
0.863
0.86
0.942
1.031
0.946
0.945
0.881
0.916
0.799
0.718
0.77
0.813
0.882
0.754
0.951
0.917
0.836
0.873
0.833
0.815
0.871
0.834
0.821
0.914
0.888
0.835
0.882
0.7
0.712
0.884
0.642
0.726
0.807
0.77
0.761
0.578
0.446
0.775
0.718
0.669
0.836
0.739
0.606
0.652
0.707
0.651
0.831
0.749
0.754
0.701
0.634
0.588
0.604
0.733
0.674
0.765
0.92
0.729
0.64
0.675
0.881
0.748
0.926
0.843
0.773
0.717
0.695
0.621
0.664
0.621
0.563
0.55
0.516
0.462
0.566
0.664
0.676
0.764
0.793
0.856
0.866
0.859
0.64
0.527
0.789
0.749
0.687
0.811
0.762
0.675
0.563
0.665
0.748
0.58
0.604
0.84
0.792
0.744
0.701
0.707
0.65
0.514
0.514
0.583
0.605
0.724
0.793
0.678
0.568
0.592
0.637
0.698
0.693
0.609
0.586
0.534
0.516
0.682
0.665
0.709
0.591
0.464
0.54
0.642
0.7
0.686
0.677
0.641
0.606
0.614
0.619
0.662
0.716
0.64
0.77
0.875
0.934
0.814
0.834
0.727
0.784
0.837
0.747
0.743
0.819
0.796
0.76
0.751
0.736
0.769
0.775
0.757
0.69
0.735
0.743
0.819
0.786
0.737
0.678
0.733
0.689
0.734
0.763
0.798
0.858
0.78
0.767
0.759
0.758
0.797
0.732
0.703
0.737
0.729
0.773
0.738
0.832
0.808
0.665
0.694
0.664
0.761
0.771
0.908
0.839
0.86
0.82
0.798
0.733
0.767
0.747
0.752
0.803
0.87
0.796
0.7
0.75
0.762
0.747
0.761
0.793
0.768
0.664
0.769
0.729
0.633
0.642
0.628
0.71
0.73
0.685
0.604
0.64
0.638
0.655
0.577
0.598
0.62
0.57
0.568
0.684
0.609
0.499
0.487
0.468
0.534
0.573
0.736
0.746
0.746
0.91
0.752
0.744
0.584
0.728
0.72
0.671
0.748
0.655
0.56
0.599
0.643
0.692
0.616
0.581
0.541
0.613
0.693
0.697
0.595
0.485
0.476
0.817
0.775
0.639
0.564
0.581
0.64
0.719
0.681
0.594
0.56
0.518
0.583
0.776
0.97
0.737
0.635
0.849
0.914
0.852
0.626
0.631
0.895
0.815
0.74
0.718
0.757
0.855
0.85
0.771
0.828
0.752
0.676
0.624
0.541
0.591
0.599
0.598
0.674
0.532
0.901
0.819
0.628
0.713
0.671
0.589
0.645
0.83
0.923
0.94
0.938
0.836
0.942
0.969
0.922
0.855
0.913
0.956
0.994
0.961
0.955
0.941
0.876
0.79
0.772
0.752
0.874
0.92
0.869
0.876
0.818
0.888
0.852
0.612
0.707
0.951
0.702
0.841
0.737
0.787
0.963
0.953
0.922
0.946
0.93
0.989
0.934
0.821
0.78
0.961
0.908
0.914
0.912
0.965
0.983
0.921
0.878
0.907
0.925
0.926
0.944
0.947
0.912
0.952
0.901
0.974
0.971
0.909
0.833
0.896
0.704
0.772
0.855
0.849
0.895
0.933
0.797
0.702
0.819
0.837
0.961
0.899
0.845
0.765
0.769
0.836
0.86
0.754
0.82
0.773
0.761
0.879
0.954
0.947
0.781
0.464
0.498
0.569
0.839
0.92
0.971
0.906
0.63
0.619
0.725
0.664
0.546
0.527
0.579
0.599
0.706
0.718
0.735
0.685
0.764
0.731
0.724
0.641
0.524
0.499
0.639
0.867
0.878
0.803
0.718
0.763
0.719
0.662
0.791
0.434
0.604
0.68
0.804
0.952
0.874
0.883
0.792
0.818
0.745
0.599
0.611
0.759
0.863
0.762
0.856
0.86
0.808
0.675
0.69
0.712
0.629
0.699
0.721
0.601
0.789
0.758
0.74
0.657
0.684
0.83
0.678
0.581
0.595
0.808
0.816
0.841
0.749
0.76
0.754
0.695
0.636
0.816
0.914
0.75
0.65
0.626
0.604
0.708
0.823
0.927
0.811
0.729
0.84
0.86
0.812
0.653
0.831
0.85
0.797
0.831
0.746
0.752
0.753
0.863
0.829
0.822
0.801
0.777
0.639
0.63
0.568
0.602
0.622
0.614
0.671
0.702
0.727
0.716
0.728
0.731
0.755
0.763
0.785
0.785
0.789
0.817
0.774
0.73
0.662
0.737
0.795
0.81
0.767
0.755
0.724
0.712
0.718
0.715
0.771
0.79
0.782
0.736
0.804
0.781
0.747
0.79
0.859
0.796
0.8
0.784
0.805
0.826
0.803
0.819
0.793
0.736
0.754
0.76
0.835
0.842
0.837
0.854
0.817
0.818
0.895
0.889
0.828
0.844
0.848
0.815
0.817
0.829
0.798
0.798
0.861
0.846
0.792
0.773
0.77
0.732
0.8
0.812
0.773
0.742
0.815
0.792
0.814
0.781
0.79
0.656
0.621
0.664
0.598
0.606
0.789
0.937
0.809
0.672
0.568
0.782
0.745
0.682
0.655
0.672
0.786
0.625
0.594
0.831
0.87
0.829
0.586
0.608
0.637
0.615
0.553
0.545
0.57
0.593
0.645
0.571
0.765
0.818
0.949
0.92
0.789
0.743
0.688
0.669
0.6
0.664
0.65
0.786
0.625
0.608
0.516
0.551
0.634
0.811
0.781
0.667
0.595
0.636
0.624
0.664
0.811
0.807
0.769
0.756
0.902
0.906
0.898
0.823
0.621
0.632
0.738
0.829
0.748
0.57
0.762
0.929
0.746
0.863
0.872
0.855
0.923
0.932
0.948
0.914
0.927
0.903
0.879
0.872
0.836
0.88
0.898
0.917
0.841
0.744
0.819
0.816
0.853
0.84
0.889
0.87
0.562
0.581
0.661
0.87
0.775
0.774
0.807
0.921
0.964
0.982
0.956
0.936
0.97
0.959
0.947
0.897
0.962
0.948
0.93
0.934
0.902
0.891
0.922
0.963
0.997
0.973
0.996
0.99
0.903
0.933
0.923
0.9
0.884
0.941
0.947
0.863
0.895
0.94
1.004
1.033
0.966
1.088
1.004
0.926
1.031
0.854
0.921
0.981
0.972
0.968
0.863
0.864
0.936
0.868
0.874
0.848
0.81
0.846
0.813
0.773
0.731
0.83
0.893
0.944
0.976
0.971
0.925
0.915
0.793
0.858
0.927
0.891
0.878
0.935
0.851
0.892
0.901
0.967
0.944
0.978
0.748
0.632
0.775
0.995
0.957
0.74
0.795
0.787
0.627
0.751
0.893
0.963
0.838
0.65
0.697
0.697
0.705
0.682
0.625
0.711
0.801
0.715
0.658
0.678
0.843
0.927
0.89
0.879
0.903
0.755
0.858
0.525
0.646
0.811
0.841
0.755
0.857
0.806
0.705
0.713
0.821
0.738
0.648
0.698
0.671
0.727
0.693
0.561
0.659
0.822
0.792
0.894
0.819
0.697
0.632
0.674
0.749
0.759
0.832
0.946
0.796
0.766
0.787
0.68
0.725
0.968
0.934
0.765
0.644
0.717
0.915
0.869
0.845
0.843
0.961
0.867
0.809
0.979
0.76
0.652
0.549
0.841
0.914
0.864
0.816
0.765
0.767
0.805
0.665
0.742
0.916
0.734
0.809
0.95
0.892
0.785
0.679
0.58
0.656
0.853
0.807
0.774
0.767
0.824
0.839
0.853
0.854
0.805
0.761
0.803
0.784
0.768
0.714
0.707
0.783
0.804
0.823
0.836
0.797
0.803
0.757
0.779
0.823
0.673
0.668
0.731
0.738
0.783
0.734
0.719
0.78
0.698
0.634
0.636
0.723
0.749
0.771
0.715
0.596
0.708
0.774
0.747
0.795
0.83
0.796
0.824
0.858
0.784
0.693
0.862
0.778
0.785
0.799
0.803
0.735
0.768
0.842
0.858
0.83
0.848
0.808
0.757
0.754
0.795
0.828
0.836
0.833
0.808
0.74
0.746
0.794
0.791
0.791
0.817
0.835
0.751
0.747
0.775
0.806
0.803
0.795
0.817
0.77
0.693
0.741
0.757
0.797
0.738
0.718
0.702
0.659
0.688
0.665
0.712
0.702
0.87
0.876
0.829
0.792
0.795
0.732
0.779
0.874
0.913
0.911
0.914
0.843
0.754
0.697
0.605
0.847
0.832
0.796
0.777
0.704
0.82
0.885
0.896
0.702
0.707
0.741
0.783
0.733
0.684
0.652
0.664
0.707
0.817
0.955
0.866
0.737
0.698
0.654
0.692
0.737
0.73
0.738
0.894
0.712
0.802
0.801
0.822
0.884
0.783
0.669
0.838
0.857
0.741
0.797
0.825
0.626
0.636
0.618
0.765
0.745
0.709
0.86
0.955
0.835
0.793
0.843
0.905
0.846
0.833
0.825
0.85
0.826
0.825
0.84
0.767
0.686
0.835
0.848
0.8
0.872
0.924
0.909
0.813
0.891
0.869
0.913
0.938
0.736
0.859
0.858
0.783
0.874
0.89
0.931
0.889
0.838
0.948
0.968
0.886
0.82
0.829
0.927
0.937
0.878
0.678
0.801
0.868
0.9
0.959
0.946
0.709
0.873
0.928
0.905
0.938
0.92
0.92
0.94
1.014
0.976
0.983
0.967
0.637
0.637
0.854
0.95
0.907
0.825
0.792
0.825
0.846
0.912
0.944
0.786
0.833
0.939
0.984
0.973
0.928
0.872
0.884
0.954
0.843
0.961
0.941
0.893
0.94
0.921
0.947
0.923
0.882
0.961
0.924
0.888
0.866
0.896
0.801
0.791
0.854
0.9
0.765
0.894
0.874
0.873
0.832
0.759
0.886
0.852
0.927
0.892
0.858
0.841
0.837
0.896
0.938
0.817
0.937
0.912
0.786
0.86
0.92
0.833
0.694
0.82
0.823
0.77
0.734
0.629
0.626
0.885
0.579
0.564
0.601
0.845
0.697
0.71
0.78
0.841
0.787
0.655
0.852
0.836
0.72
0.76
0.957
0.914
0.751
0.607
0.477
0.627
0.696
0.792
0.761
0.658
0.663
0.491
0.549
0.672
0.919
0.9
0.677
0.563
0.74
0.832
0.709
0.549
0.541
0.632
0.74
0.781
0.752
0.724
0.623
0.702
0.821
0.607
0.615
0.797
0.734
0.956
0.754
0.705
0.732
0.607
0.805
0.885
0.764
0.659
0.73
0.608
0.717
0.73
0.718
0.674
0.761
0.781
0.761
0.676
0.653
0.597
0.623
0.977
0.825
0.702
0.727
0.891
0.846
0.945
0.974
0.947
0.929
0.768
0.663
0.699
0.726
0.76
0.683
0.599
0.601
0.764
0.784
0.724
0.63
0.766
0.806
0.832
0.766
0.748
0.764
0.753
0.646
0.719
0.749
0.793
0.696
0.674
0.765
0.811
0.839
0.825
0.829
0.815
0.76
0.708
0.764
0.77
0.864
0.772
0.693
0.702
0.735
0.778
0.792
0.783
0.766
0.817
0.779
0.691
0.799
0.923
0.857
0.83
0.752
0.837
0.815
0.804
0.802
0.744
0.659
0.739
0.81
0.82
0.818
0.783
0.685
0.7
0.675
0.761
0.847
0.877
0.921
0.92
0.799
0.882
0.869
0.864
0.945
0.826
0.908
0.901
0.884
0.833
0.905
0.887
0.856
0.821
0.842
0.877
0.823
0.848
0.813
0.798
0.834
0.758
0.726
0.768
0.808
0.848
0.867
0.878
0.872
0.832
0.803
0.76
0.817
0.774
0.841
0.707
0.707
0.909
0.791
0.705
0.859
0.796
0.781
0.797
0.721
0.772
0.706
0.775
0.78
0.662
0.7
0.72
0.691
0.691
0.695
0.665
0.716
0.739
0.641
0.663
0.825
0.776
0.681
0.703
0.735
0.661
0.61
0.705
0.644
0.687
0.614
0.628
0.92
0.946
0.877
0.744
0.757
0.703
0.779
0.844
0.887
0.779
0.787
0.756
0.732
0.868
0.805
0.828
0.854
0.681
0.65
0.607
0.908
0.941
0.915
0.85
0.964
0.91
0.911
0.899
0.93
0.789
0.676
0.802
0.855
0.774
0.901
0.98
0.961
0.837
0.733
0.891
0.916
0.792
0.816
0.931
0.919
0.949
0.978
0.95
0.895
0.861
0.936
0.909
0.781
0.837
0.789
0.937
0.917
0.855
0.946
0.958
0.986
0.978
0.894
0.856
0.709
0.741
0.884
0.768
0.843
0.855
0.901
0.953
0.946
0.961
0.99
0.965
0.943
0.803
0.6
0.792
0.927
0.859
0.945
0.949
0.955
0.923
0.879
0.871
0.868
0.927
0.964
0.967
0.9
0.864
0.909
0.869
0.921
0.893
0.83
0.718
0.754
0.794
0.761
0.757
0.84
0.906
0.882
0.785
0.774
0.938
0.928
0.805
0.81
0.733
0.837
0.985
1.011
0.972
0.931
0.887
0.81
0.838
0.855
0.849
0.781
0.804
0.768
0.82
0.817
0.886
0.877
0.827
0.763
0.76
0.923
0.977
0.618
0.623
0.719
0.77
0.743
0.645
0.581
0.81
0.981
0.963
0.975
0.943
0.851
0.778
0.676
0.659
0.81
0.737
0.762
0.804
0.768
0.802
0.803
0.763
0.755
0.812
0.681
0.61
0.567
0.789
0.949
0.747
0.62
0.601
0.603
0.87
0.844
0.887
0.796
0.638
0.814
0.782
0.62
0.728
0.648
0.609
0.65
0.897
0.745
0.689
0.808
0.89
0.848
0.843
0.854
0.834
0.722
0.724
0.771
0.896
0.814
0.838
0.869
0.813
0.789
0.734
0.615
0.715
0.616
0.501
0.586
0.653
0.645
0.661
0.668
0.814
0.819
0.726
0.615
0.662
0.693
0.654
0.742
0.685
0.658
0.759
0.687
0.721
0.658
0.663
0.592
0.817
0.837
0.864
0.827
0.77
0.802
0.803
0.804
0.811
0.743
0.767
0.733
0.776
0.745
0.737
0.713
0.722
0.757
0.758
0.771
0.769
0.796
0.782
0.694
0.674
0.783
0.782
0.762
0.811
0.81
0.777
0.742
0.667
0.638
0.646
0.697
0.784
0.857
0.793
0.686
0.765
0.804
0.836
0.837
0.816
0.764
0.714
0.706
0.737
0.813
0.827
0.744
0.771
0.692
0.645
0.739
0.896
0.903
0.874
0.855
0.816
0.846
0.848
0.817
0.846
0.799
0.778
0.804
0.795
0.806
0.813
0.801
0.75
0.816
0.829
0.828
0.887
0.867
0.82
0.751
0.777
0.824
0.845
0.777
0.701
0.785
0.715
0.727
0.681
0.778
0.827
0.782
0.758
0.692
0.719
0.749
0.715
0.691
0.752
0.879
0.82
0.723
0.719
0.782
0.802
0.829
0.688
0.678
0.785
0.784
0.757
0.755
0.6
0.643
0.688
0.625
0.866
0.847
0.807
0.794
0.894
0.863
0.797
0.69
0.675
0.685
0.677
0.752
0.68
0.636
0.739
0.781
0.768
0.686
0.782
0.682
0.686
0.627
0.621
0.578
0.657
0.806
0.78
0.849
0.799
0.762
0.723
0.759
0.723
0.629
0.619
0.669
0.686
0.73
0.931
0.671
0.668
0.675
0.693
0.805
0.768
0.796
0.705
0.773
0.717
0.668
0.677
0.726
0.726
0.607
0.811
0.74
0.74
0.871
0.868
0.806
0.683
0.861
0.907
0.89
0.906
0.849
0.737
0.726
0.724
0.788
0.684
0.637
0.835
0.733
0.816
0.802
0.818
0.827
0.894
0.964
0.865
0.56
0.73
0.794
0.795
0.876
0.935
0.969
0.758
0.808
0.685
0.75
0.943
0.864
0.863
1.015
0.975
0.97
0.91
0.927
0.884
0.979
0.963
0.872
0.904
0.997
0.974
0.92
0.854
0.864
0.935
0.96
0.832
0.888
0.928
0.895
0.885
0.945
0.88
0.869
0.872
0.863
0.973
0.876
0.883
0.848
0.843
0.931
0.986
0.935
0.779
0.92
0.882
0.646
0.726
0.625
0.721
0.882
0.734
0.635
0.621
0.521
0.504
0.737
0.878
0.915
0.854
0.915
0.937
0.843
0.758
0.922
0.745
0.695
0.914
0.83
0.846
0.903
0.865
0.852
0.829
0.817
0.825
0.829
0.845
0.865
0.84
0.78
0.646
0.711
0.718
0.641
0.682
0.674
0.683
0.631
0.547
0.633
0.507
0.538
0.88
0.828
0.767
0.8
0.79
0.734
0.68
0.707
0.861
0.74
0.828
0.754
0.647
0.546
0.667
0.936
0.887
0.851
0.762
0.781
0.832
0.821
0.882
0.686
0.583
0.545
0.595
0.722
0.671
0.573
0.544
0.546
0.541
0.51
0.697
0.776
0.637
0.722
0.792
0.597
0.641
0.67
0.765
0.891
0.715
0.687
0.702
0.729
0.731
0.578
0.576
0.707
0.853
0.849
0.716
0.741
0.604
0.566
0.585
0.53
0.692
0.776
0.775
0.778
0.665
0.686
0.713
0.671
0.666
0.547
0.597
0.632
0.63
0.708
0.763
0.699
0.669
0.695
0.616
0.584
0.614
0.61
0.608
0.587
0.711
0.756
0.678
0.773
0.804
0.783
0.677
0.803
0.784
0.765
0.76
0.759
0.765
0.712
0.661
0.736
0.772
0.645
0.63
0.732
0.705
0.68
0.707
0.738
0.784
0.782
0.8
0.83
0.795
0.763
0.792
0.721
0.698
0.728
0.756
0.766
0.767
0.752
0.817
0.74
0.701
0.726
0.755
0.687
0.757
0.824
0.72
0.761
0.779
0.791
0.836
0.898
0.731
0.694
0.756
0.785
0.802
0.798
0.69
0.645
0.683
0.823
0.872
0.846
0.807
0.759
0.682
0.702
0.674
0.597
0.595
0.541
0.513
0.628
0.759
0.752
0.577
0.571
0.514
0.428
0.463
0.567
0.507
0.403
0.546
0.559
0.458
0.448
0.623
0.654
0.465
0.381
0.468
0.617
0.461
0.456
0.683
0.843
0.746
0.584
0.564
0.831
0.873
0.689
0.695
0.651
0.809
0.949
0.912
0.708
0.529
0.752
0.751
0.63
0.727
0.9
0.774
0.619
0.613
0.557
0.634
0.764
0.701
0.619
0.538
0.66
0.655
0.606
0.565
0.675
0.651
0.819
0.714
0.586
0.628
0.668
0.578
0.562
0.7
0.725
0.783
0.739
0.735
0.725
0.633
0.706
0.638
0.571
0.61
0.798
0.744
0.753
0.717
0.729
0.739
0.898
0.822
0.767
0.734
0.664
0.749
0.818
0.706
0.815
0.928
0.853
0.772
0.716
0.716
0.831
0.758
0.822
0.916
0.951
0.932
0.817
0.829
0.79
0.878
0.915
0.586
0.833
0.841
0.783
0.834
0.898
0.796
0.826
0.966
0.965
0.945
0.867
0.98
0.979
0.991
0.788
0.809
0.89
0.769
0.856
0.944
0.819
0.764
0.858
0.697
0.773
0.818
0.687
0.817
0.815
0.897
0.802
0.829
0.933
0.788
0.67
0.683
0.63
0.677
0.716
0.942
0.822
0.748
0.588
0.824
0.919
0.658
0.649
0.733
0.658
0.692
0.847
0.92
0.633
0.788
0.947
0.803
0.854
0.588
0.88
0.935
0.955
0.869
0.831
0.759
0.822
0.886
0.842
0.842
0.662
0.526
0.66
0.671
0.599
0.533
0.629
0.549
0.569
0.62
0.627
0.762
0.781
0.769
0.62
0.609
0.609
0.763
0.65
0.512
0.795
0.926
0.884
0.783
0.713
0.71
0.689
0.547
0.683
0.659
0.755
0.619
0.545
0.476
0.773
0.821
0.776
0.543
0.573
0.784
0.894
0.658
0.634
0.727
0.727
0.6
0.679
0.723
0.687
0.824
0.83
0.811
0.842
0.877
0.841
0.641
0.632
0.599
0.53
0.484
0.574
0.494
0.563
0.747
0.802
0.657
0.722
0.73
0.691
0.685
0.753
0.748
0.758
0.608
0.745
0.773
0.641
0.544
0.628
0.698
0.718
0.911
0.777
0.694
0.687
0.754
0.684
0.612
0.599
0.84
0.957
0.823
0.747
0.75
0.703
0.709
0.726
0.694
0.889
0.762
0.622
0.637
0.616
0.667
0.715
0.81
0.764
0.738
0.77
0.776
0.81
0.907
0.744
0.736
0.792
0.723
0.726
0.771
0.795
0.763
0.76
0.682
0.768
0.721
0.689
0.724
0.813
0.847
0.797
0.742
0.719
0.652
0.739
0.795
0.804
0.7
0.731
0.77
0.834
0.842
0.792
0.816
0.849
0.797
0.798
0.77
0.725
0.736
0.731
0.767
0.74
0.752
0.792
0.847
0.85
0.838
0.837
0.832
0.827
0.721
0.907
0.821
0.831
0.873
0.845
0.815
0.788
0.749
0.775
0.842
0.823
0.879
0.934
0.796
0.751
0.753
0.795
0.871
0.825
0.774
0.775
0.845
0.856
0.833
0.828
0.829
0.826
0.807
0.826
0.868
0.781
0.768
0.724
0.809
0.835
0.87
0.88
0.831
0.764
0.815
0.855
0.773
0.739
0.72
0.689
0.74
0.825
0.779
0.905
0.931
0.857
0.795
0.744
0.779
0.66
0.682
0.699
0.719
0.753
0.859
0.962
0.9
0.732
0.781
0.717
0.686
0.649
0.592
0.591
0.613
0.789
0.799
0.875
0.766
0.692
0.668
0.666
0.703
0.689
0.842
0.884
0.786
0.764
0.796
0.748
0.66
0.582
0.578
0.535
0.63
0.672
0.638
0.636
0.874
0.929
0.946
0.895
0.762
0.832
0.893
0.789
0.714
0.737
0.768
0.748
0.701
0.67
0.838
0.852
0.803
0.812
0.89
0.949
0.942
0.866
0.899
0.904
0.837
0.706
0.838
0.76
0.753
0.569
0.867
0.941
0.809
0.893
0.981
0.907
0.907
0.947
0.918
0.985
0.983
0.828
0.893
0.883
0.859
0.792
0.873
0.845
0.818
0.869
0.916
0.866
0.937
0.941
0.939
0.944
0.923
0.927
0.963
0.97
0.962
0.986
0.938
0.903
0.953
0.961
0.945
0.987
0.992
1.002
0.961
0.944
0.957
0.957
0.869
0.9
0.946
0.959
0.972
0.838
0.882
0.905
0.917
0.936
0.954
0.947
0.871
0.832
0.81
0.854
0.958
0.941
0.856
0.833
0.966
0.853
0.611
0.73
0.83
0.964
0.916
0.886
0.581
0.588
0.642
0.841
0.659
0.814
0.907
0.874
0.897
0.735
0.75
0.526
0.58
0.814
0.811
0.738
0.737
0.666
0.826
0.756
0.846
0.732
0.756
0.83
0.914
0.766
0.738
0.884
0.926
0.796
0.643
0.658
0.694
0.696
0.659
0.679
0.627
0.699
0.704
0.592
0.677
0.814
0.763
0.789
0.641
0.639
0.684
0.638
0.907
0.802
0.716
0.692
0.818
0.88
0.73
0.732
0.636
0.841
0.867
0.689
0.671
0.578
0.842
0.859
0.806
0.755
0.768
0.571
0.538
0.607
0.59
0.512
0.502
0.561
0.626
0.614
0.59
0.77
0.664
0.765
0.748
0.574
0.594
0.68
0.779
0.611
0.615
0.922
0.876
0.82
0.766
0.71
0.656
0.798
0.872
0.666
0.797
0.789
0.819
0.837
0.835
0.797
0.722
0.633
0.805
0.847
0.869
0.796
0.846
0.948
0.819
0.655
0.603
0.678
0.737
0.692
0.661
0.701
0.706
0.74
0.635
0.596
0.654
0.716
0.768
0.831
0.746
0.663
0.598
0.672
0.678
0.666
0.677
0.762
0.777
0.715
0.797
0.833
0.756
0.652
0.748
0.782
0.675
0.695
0.739
0.726
0.689
0.705
0.608
0.642
0.735
0.795
0.796
0.775
0.793
0.802
0.776
0.778
0.795
0.825
0.71
0.817
0.895
0.802
0.769
0.726
0.811
0.823
0.774
0.688
0.718
0.792
0.803
0.826
0.848
0.825
0.823
0.794
0.723
0.631
0.781
0.811
0.818
0.826
0.873
0.722
0.855
0.867
0.81
0.8
0.852
0.788
0.762
0.688
0.717
0.819
0.766
0.656
0.691
0.74
0.68
0.629
0.698
0.762
0.838
0.815
0.717
0.617
0.721
0.765
0.696
0.633
0.682
0.829
0.928
0.82
0.77
0.827
0.773
0.92
0.906
0.804
0.807
0.809
0.788
0.677
0.659
0.679
0.622
0.692
0.945
0.796
0.657
0.623
0.62
0.738
0.881
0.945
0.887
0.899
0.736
0.845
0.743
0.638
0.684
0.683
0.739
0.867
0.877
0.923
0.805
0.687
0.737
0.648
0.656
0.7
0.618
0.616
0.772
0.717
0.629
0.698
0.618
0.62
0.725
0.753
0.749
0.741
0.632
0.621
0.757
0.731
0.785
0.793
0.746
0.879
0.773
0.65
0.632
0.663
0.811
0.85
0.757
0.856
0.831
0.96
0.941
0.843
0.809
0.795
0.797
0.727
0.727
0.85
0.848
0.821
0.733
0.751
0.917
0.933
0.966
0.862
0.866
0.969
0.91
0.912
0.686
0.686
0.703
0.865
0.602
0.673
0.828
0.899
0.903
0.841
0.815
0.822
0.925
0.843
0.851
0.916
0.865
0.924
0.917
0.895
0.929
0.94
0.944
0.918
0.909
0.871
0.914
0.744
0.798
0.719
0.853
0.915
0.943
0.888
0.901
0.965
0.753
0.67
0.719
0.823
0.921
0.976
0.962
0.973
0.711
0.85
0.852
0.875
0.884
0.844
0.853
0.826
0.909
0.882
0.836
0.779
0.725
0.748
0.855
0.797
0.752
0.771
0.935
0.875
0.87
0.751
0.729
0.727
0.953
0.685
0.526
0.741
0.816
0.907
0.542
0.781
0.763
0.809
0.805
0.853
0.55
0.474
0.722
0.807
0.808
0.861
0.848
0.748
0.851
0.828
0.915
0.849
0.516
0.658
0.73
0.91
0.953
0.954
0.896
0.867
0.819
0.713
0.721
0.884
0.897
0.688
0.703
0.696
0.657
0.883
0.924
0.776
0.731
0.786
0.88
0.892
0.853
0.774
0.784
0.769
0.781
0.873
0.824
0.906
0.763
0.719
0.726
0.678
0.761
0.914
0.851
0.74
0.699
0.887
0.69
0.633
0.647
0.848
0.871
0.94
0.874
0.687
0.724
0.914
0.965
0.79
0.744
0.86
0.899
0.829
0.717
0.72
0.706
0.623
0.727
0.819
0.881
0.807
0.707
0.744
0.782
0.814
0.773
0.721
0.686
0.802
0.874
0.812
0.926
0.8
0.73
0.71
0.72
0.737
0.777
0.795
0.805
0.823
0.763
0.713
0.665
0.676
0.742
0.681
0.688
0.671
0.678
0.657
0.757
0.788
0.788
0.647
0.764
0.824
0.769
0.746
0.747
0.74
0.702
0.631
0.647
0.759
0.77
0.679
0.604
0.64
0.643
0.672
0.75
0.744
0.777
0.772
0.738
0.736
0.779
0.829
0.784
0.74
0.791
0.817
0.822
0.837
0.826
0.736
0.729
0.775
0.742
0.782
0.767
0.796
0.758
0.713
0.624
0.601
0.671
0.752
0.693
0.729
0.779
0.729
0.731
0.733
0.86
0.789
0.655
0.819
0.857
0.88
0.792
0.698
0.689
0.784
0.792
0.683
0.688
0.72
0.684
0.706
0.62
0.604
0.563
0.492
0.411
0.379
0.452
0.585
0.458
0.358
0.527
0.767
0.675
0.466
0.578
0.748
0.839
0.803
0.706
0.696
0.58
0.619
0.832
0.962
0.819
0.72
0.732
0.755
0.754
0.781
0.804
0.793
0.629
0.651
0.556
0.565
0.622
0.734
0.792
0.72
0.529
0.608
0.725
0.583
0.706
0.781
0.647
0.651
0.622
0.785
0.721
0.85
0.919
0.806
0.692
0.787
0.803
0.729
0.66
0.573
0.639
0.744
0.729
0.88
0.704
0.722
0.855
0.946
0.85
0.801
0.72
0.742
0.855
0.862
0.847
0.734
0.805
0.661
0.832
0.895
0.876
0.851
0.774
0.744
0.873
0.86
0.845
0.842
0.644
0.728
0.897
0.859
0.924
0.902
0.957
0.942
0.852
0.921
0.868
0.945
0.942
0.96
0.935
0.874
0.918
0.939
0.982
0.876
0.716
0.801
0.675
0.819
0.95
0.942
0.966
0.972
1.002
0.957
0.958
0.926
0.928
0.947
0.937
0.95
0.944
0.932
0.974
0.949
0.896
0.772
0.837
0.805
0.75
0.76
0.901
0.868
0.845
0.844
0.86
0.823
0.819
0.74
0.856
0.875
0.889
0.752
0.927
0.949
0.934
0.986
0.981
0.993
0.963
0.939
0.696
0.847
0.85
0.775
0.809
0.922
0.767
0.794
0.83
0.922
0.893
0.881
0.929
0.959
0.984
0.978
0.926
0.992
0.92
0.899
0.787
0.833
0.98
0.974
0.977
0.978
0.828
0.944
0.941
0.882
0.938
0.9
0.795
0.719
0.816
0.848
0.946
0.912
0.766
0.82
0.755
0.877
0.904
0.863
0.91
0.828
0.784
0.673
0.795
0.761
0.615
0.695
0.863
0.611
0.694
0.77
0.745
0.787
0.938
0.939
0.677
0.89
0.917
0.858
0.815
0.737
0.672
0.693
0.611
0.617
0.616
0.799
0.888
0.793
0.744
0.809
0.843
0.68
0.481
0.603
0.677
0.466
0.563
0.65
0.659
0.733
0.911
0.824
0.674
0.815
0.762
0.833
0.862
0.885
0.829
0.844
0.877
0.697
0.647
0.854
0.836
0.818
0.876
0.85
0.865
0.788
0.716
0.796
0.771
0.773
0.755
0.723
0.71
0.704
0.79
0.893
0.759
0.609
0.823
0.919
0.813
0.675
0.816
0.787
0.754
0.693
0.807
0.906
0.889
0.763
0.709
0.792
0.853
0.804
0.758
0.757
0.688
0.618
0.606
0.618
0.705
0.76
0.752
0.673
0.75
0.738
0.718
0.696
0.678
0.776
0.816
0.8
0.81
0.82
0.873
0.867
0.83
0.79
0.695
0.687
0.79
0.795
0.731
0.819
0.724
0.71
0.851
0.84
0.827
0.772
0.761
0.82
0.857
0.891
0.747
0.709
0.79
0.808
0.834
0.824
0.827
0.843
0.826
0.827
0.807
0.821
0.819
0.821
0.833
0.833
0.799
0.83
0.863
0.824
0.767
0.714
0.76
0.852
0.881
0.755
0.702
0.862
0.881
0.836
0.831
0.847
0.824
0.793
0.97
0.947
0.885
0.849
0.787
0.712
0.742
0.813
0.841
0.833
0.796
0.781
0.808
0.834
0.845
0.712
0.654
0.72
0.859
0.768
0.675
0.901
0.807
0.831
0.766
0.692
0.817
0.782
0.832
0.736
0.68
0.663
0.656
0.834
0.724
0.641
0.65
0.697
0.672
0.759
0.747
0.738
0.593
0.76
0.762
0.821
0.733
0.606
0.756
0.711
0.767
0.76
0.723
0.648
0.818
0.863
0.745
0.778
0.809
0.731
0.782
0.868
0.853
0.821
0.754
0.866
0.855
0.685
0.64
0.568
0.567
0.882
0.908
0.729
0.596
0.75
0.921
0.853
0.926
0.864
0.778
0.809
0.869
0.807
0.854
0.598
0.794
0.915
0.912
0.825
0.776
0.749
0.618
0.603
0.685
0.87
0.949
0.882
0.888
0.909
0.954
0.895
0.662
0.664
0.905
0.957
0.929
0.885
0.877
0.915
0.859
0.852
0.867
0.947
0.956
0.908
0.927
0.86
0.769
0.917
0.86
0.773
0.806
0.958
0.953
0.943
0.945
0.876
0.783
0.86
0.871
0.788
0.879
0.946
0.918
0.865
0.908
0.847
0.918
0.954
0.851
0.786
0.855
0.853
0.787
0.886
0.87
0.954
0.971
0.887
0.864
0.879
0.878
0.947
0.947
0.96
0.929
0.92
0.968
0.929
0.911
0.911
0.926
0.828
0.897
0.925
0.92
0.884
0.852
0.846
0.875
0.867
0.922
0.879
0.817
0.839
0.913
0.864
0.843
0.81
0.676
0.681
0.841
0.862
0.829
0.929
0.903
0.854
0.755
0.775
0.837
0.719
0.766
0.561
0.538
0.782
0.726
0.858
0.878
0.903
0.869
0.874
0.758
0.606
0.666
0.815
0.89
0.902
0.879
0.838
0.85
0.939
0.924
0.885
0.862
0.781
0.738
0.597
0.601
0.757
0.755
0.753
0.686
0.717
0.792
0.88
0.716
0.599
0.645
0.756
0.72
0.712
0.816
0.786
0.866
0.836
0.651
0.773
0.72
0.734
0.655
0.64
0.794
0.827
0.915
0.709
0.686
0.765
0.713
0.823
0.744
0.722
0.716
0.739
0.72
0.727
0.784
0.893
0.788
0.766
0.787
0.793
0.824
0.836
0.791
0.775
0.771
0.82
0.792
0.799
0.819
0.757
0.782
0.823
0.687
0.685
0.717
0.66
0.628
0.659
0.71
0.756
0.753
0.843
0.939
0.89
0.817
0.816
0.766
0.786
0.814
0.81
0.78
0.666
0.736
0.762
0.697
0.715
0.887
0.713
0.699
0.755
0.735
0.673
0.725
0.717
0.807
0.813
0.795
0.784
0.783
0.807
0.783
0.77
0.783
0.867
0.828
0.833
0.8
0.758
0.761
0.829
0.779
0.768
0.784
0.831
0.819
0.762
0.793
0.905
0.926
0.862
0.796
0.839
0.863
0.806
0.743
0.815
0.856
0.872
0.779
0.764
0.724
0.768
0.844
0.848
0.824
0.808
0.777
0.744
0.737
0.743
0.845
0.875
0.939
0.855
0.787
0.819
0.809
0.822
0.84
0.856
0.865
0.881
0.901
0.777
0.746
0.759
0.812
0.805
0.778
0.783
0.843
0.92
0.876
0.727
0.697
0.756
0.76
0.753
0.784
0.812
0.847
0.775
0.718
0.703
0.648
0.599
0.634
0.711
0.734
0.702
0.675
0.724
0.862
0.679
0.65
0.759
0.543
0.597
0.638
0.575
0.552
0.684
0.694
0.641
0.726
0.71
0.855
0.824
0.863
0.783
0.592
0.8
0.933
0.92
0.859
0.817
0.885
0.844
0.68
0.64
0.77
0.773
0.848
0.798
0.638
0.784
0.931
0.808
0.9
0.738
0.701
0.772
0.659
0.584
0.593
0.775
0.783
0.742
0.675
0.583
0.779
0.912
0.953
0.967
0.913
0.827
0.798
0.937
0.99
0.893
0.743
0.702
0.804
0.79
0.839
0.846
0.815
0.82
0.777
0.866
0.923
0.978
0.867
0.869
0.969
0.847
0.898
0.862
0.826
0.878
0.859
0.862
0.887
0.92
0.786
0.908
0.943
0.931
0.924
0.971
0.933
0.944
0.915
0.96
0.982
0.974
0.915
0.978
0.978
0.917
0.956
0.962
0.935
0.961
0.981
0.976
0.986
1.021
0.921
0.912
0.776
0.818
0.743
0.692
0.924
0.885
0.871
0.883
0.847
0.988
0.967
0.964
0.914
0.915
0.926
0.967
0.967
0.948
0.961
0.958
0.941
0.914
0.837
0.846
0.953
0.965
0.885
0.906
0.892
0.794
0.935
0.939
0.877
0.69
0.553
0.743
0.861
0.918
0.948
0.866
0.878
0.89
0.869
0.871
0.928
0.919
0.813
0.868
0.948
0.927
0.866
0.859
0.641
0.593
0.72
0.929
0.884
0.773
0.697
0.728
0.77
0.776
0.802
0.878
0.918
0.838
0.816
0.927
0.854
0.811
0.818
0.768
0.877
0.784
0.702
0.789
0.8
0.868
0.723
0.695
0.659
0.719
0.835
0.827
0.719
0.666
0.68
0.731
0.713
0.639
0.679
0.621
0.59
0.594
0.62
0.711
0.846
0.909
0.953
0.85
0.727
0.843
0.812
0.725
0.796
0.848
0.718
0.721
0.823
0.647
0.612
0.56
0.625
0.646
0.618
0.707
0.698
0.873
0.797
0.8
0.787
0.754
0.674
0.653
0.792
0.856
0.656
0.69
0.819
0.835
0.8
0.67
0.669
0.681
0.689
0.599
0.611
0.637
0.792
0.861
0.79
0.731
0.673
0.612
0.648
0.684
0.702
0.75
0.781
0.831
0.762
0.776
0.784
0.752
0.782
0.775
0.709
0.617
0.73
0.628
0.641
0.665
0.621
0.67
0.688
0.731
0.727
0.786
0.781
0.753
0.724
0.761
0.756
0.743
0.749
0.682
0.629
0.613
0.761
0.79
0.856
0.828
0.851
0.815
0.82
0.8
0.732
0.786
0.779
0.752
0.772
0.822
0.765
0.914
0.791
0.716
0.715
0.728
0.714
0.704
0.694
0.737
0.831
0.796
0.782
0.739
0.788
0.79
0.809
0.793
0.805
0.886
0.889
0.809
0.739
0.778
0.798
0.837
0.812
0.77
0.804
0.771
0.751
0.792
0.878
0.748
0.688
0.919
0.875
0.747
0.688
0.708
0.604
0.694
0.693
0.689
0.722
0.751
0.714
0.639
0.594
0.618
0.684
0.712
0.875
0.933
0.78
0.724
0.742
0.581
0.687
0.862
0.852
0.802
0.85
0.793
0.673
0.747
0.619
0.659
0.734
0.743
0.713
0.699
0.739
0.834
0.843
0.832
0.879
0.887
0.851
0.837
0.758
0.663
0.686
0.624
0.622
0.598
0.8
0.843
0.798
0.69
0.896
0.853
0.688
0.679
0.662
0.579
0.635
0.722
0.772
0.672
0.599
0.639
0.782
0.805
0.76
0.776
0.848
0.621
0.636
0.568
0.694
0.64
0.957
0.898
0.643
0.702
0.632
0.677
0.795
0.768
0.731
0.871
0.777
0.778
0.793
0.866
0.889
0.74
0.768
0.822
0.819
0.945
0.926
0.902
0.864
0.918
0.932
0.96
0.956
0.925
0.91
0.904
0.967
0.959
0.864
0.913
0.902
0.925
0.945
0.989
0.952
0.946
0.967
0.959
0.955
0.926
0.976
0.958
0.975
0.924
0.893
0.965
0.929
0.927
0.776
0.799
0.872
0.851
0.839
0.923
0.822
0.882
0.87
0.752
0.81
0.982
0.908
0.846
0.919
0.892
0.732
0.841
0.79
0.854
0.767
0.752
0.773
0.884
0.837
0.816
0.804
0.87
0.961
0.943
0.892
0.841
0.864
0.822
0.789
0.902
0.904
0.867
0.852
0.845
0.805
0.88
0.859
0.501
0.603
0.652
0.721
0.772
0.81
0.824
0.769
0.627
0.758
0.819
0.735
0.89
0.813
0.769
0.785
0.866
0.841
0.784
0.967
0.909
0.866
0.912
0.848
0.781
0.674
0.652
0.748
0.614
0.682
0.717
0.577
0.667
0.777
0.72
0.717
0.779
0.672
0.781
0.807
0.682
0.756
0.789
0.792
0.819
0.739
0.741
0.658
0.832
0.829
0.695
0.632
0.612
0.701
0.706
0.725
0.765
0.693
0.787
0.751
0.677
0.591
0.643
0.619
0.673
0.756
0.767
0.652
0.593
0.613
0.615
0.683
0.784
0.73
0.761
0.714
0.727
0.767
0.584
0.527
0.638
0.731
0.849
0.88
0.838
0.861
0.926
0.847
0.78
0.766
0.853
0.762
0.729
0.706
0.593
0.569
0.754
0.83
0.773
0.705
0.672
0.627
0.695
0.781
0.827
0.759
0.777
0.6
0.528
0.62
0.737
0.752
0.769
0.693
0.746
0.734
0.673
0.581
0.569
0.668
0.75
0.762
0.705
0.771
0.806
0.839
0.729
0.658
0.77
0.78
0.747
0.745
0.684
0.691
0.726
0.781
0.791
0.782
0.69
0.652
0.648
0.753
0.806
0.781
0.839
0.82
0.814
0.83
0.772
0.743
0.805
0.791
0.802
0.795
0.823
0.728
0.728
0.772
0.778
0.84
0.85
0.826
0.823
0.821
0.825
0.83
0.864
0.825
0.744
0.812
0.842
0.838
0.81
0.83
0.836
0.759
0.722
0.817
0.8
0.747
0.753
0.803
0.846
0.845
0.735
0.726
0.784
0.78
0.775
0.773
0.811
0.926
0.953
0.9
0.863
0.835
0.844
0.877
0.755
0.724
0.743
0.71
0.715
0.72
0.837
0.85
0.826
0.77
0.769
0.761
0.755
0.69
0.768
0.785
0.788
0.686
0.833
0.837
0.811
0.704
0.595
0.595
0.767
0.684
0.781
0.736
0.688
0.782
0.799
0.808
0.653
0.683
0.678
0.638
0.726
0.784
0.673
0.605
0.649
0.587
0.603
0.954
0.872
0.925
0.822
0.708
0.841
0.824
0.795
0.74
0.648
0.898
0.825
0.651
0.739
0.814
0.735
0.64
0.747
0.706
0.681
0.677
0.843
0.919
0.829
0.834
0.959
0.817
0.816
0.79
0.864
0.98
0.867
0.811
0.887
0.75
0.677
0.729
0.782
0.649
0.686
0.788
0.792
0.707
0.846
0.905
0.947
0.76
0.743
0.632
0.758
0.784
0.83
0.574
0.394
0.519
0.658
0.775
0.881
0.856
0.848
0.814
0.933
0.844
0.773
0.767
0.872
0.981
0.913
0.9
0.911
0.952
0.871
0.809
0.825
0.844
0.925
0.891
0.831
0.819
0.874
0.982
0.949
0.887
0.863
0.843
0.684
0.786
0.901
0.98
0.933
0.949
0.839
0.693
0.688
0.845
0.774
0.891
0.965
0.911
0.945
0.833
0.855
0.926
0.899
0.848
0.896
0.853
0.915
0.912
0.736
0.672
0.722
0.796
0.861
0.883
0.886
0.884
0.892
0.911
0.933
0.872
0.898
0.895
0.956
0.889
0.96
0.906
0.951
0.947
0.847
0.897
0.964
0.963
0.923
0.869
0.916
0.838
0.82
0.811
0.804
0.573
0.82
0.848
0.816
0.82
0.719
0.648
0.797
0.86
0.828
0.714
0.752
0.675
0.806
0.859
0.871
0.877
0.957
0.923
0.817
0.758
0.777
0.815
0.608
0.625
0.734
0.851
0.733
0.73
0.94
0.755
0.713
0.723
0.831
0.83
0.7
0.845
0.943
0.787
0.674
0.778
0.714
0.743
0.753
0.826
0.687
0.502
0.548
0.699
0.794
0.883
0.89
0.91
0.818
0.719
0.746
0.808
0.825
0.747
0.759
0.776
0.637
0.614
0.685
0.674
0.704
0.628
0.798
0.727
0.585
0.691
0.784
0.821
0.668
0.608
0.757
0.767
0.709
0.61
0.585
0.695
0.681
0.724
0.697
0.655
0.635
0.555
0.593
0.675
0.704
0.765
0.849
0.702
0.663
0.741
0.739
0.558
0.531
0.606
0.62
0.603
0.629
0.516
0.631
0.607
0.703
0.668
0.634
0.662
0.594
0.665
0.721
0.695
0.705
0.79
0.724
0.606
0.604
0.643
0.589
0.702
0.773
0.677
0.616
0.667
0.72
0.728
0.769
0.682
0.727
0.627
0.722
0.612
0.69
0.786
0.814
0.77
0.641
0.601
0.606
0.707
0.702
0.749
0.799
0.764
0.804
0.76
0.626
0.659
0.688
0.702
0.679
0.858
0.82
0.819
0.799
0.764
0.824
0.719
0.682
0.697
0.561
0.644
0.738
0.666
0.617
0.814
0.978
0.929
0.877
0.787
0.786
0.844
0.826
0.765
0.74
0.714
0.833
0.8
0.74
0.71
0.698
0.759
0.673
0.678
0.723
0.842
0.89
0.839
0.851
0.789
0.686
0.741
0.752
0.633
0.664
0.688
0.718
0.771
0.719
0.689
0.615
0.68
0.671
0.79
0.803
0.698
0.627
0.609
0.676
0.789
0.738
0.644
0.696
0.709
0.711
0.636
0.638
0.762
0.882
0.75
0.639
0.637
0.624
0.754
0.754
0.766
0.739
0.585
0.489
0.553
0.958
0.779
0.757
0.814
0.919
0.695
0.563
0.603
0.651
0.671
0.577
0.567
0.6
0.658
0.639
0.753
0.592
0.639
0.709
0.81
0.859
0.822
0.799
0.655
0.668
0.673
0.844
0.786
0.878
0.9
0.918
0.777
0.827
0.871
0.934
0.857
0.841
0.785
0.825
0.901
0.923
0.896
0.79
0.904
0.905
0.963
0.952
0.955
0.965
0.969
0.936
0.947
0.897
0.905
0.958
0.932
1.003
0.958
0.981
0.964
0.899
0.937
0.752
0.869
0.821
0.905
0.947
0.902
0.889
0.892
0.91
0.894
0.889
0.894
0.905
0.925
0.95
0.918
0.918
0.79
0.924
0.816
0.843
0.84
0.893
0.914
0.915
0.868
0.792
0.65
0.791
0.903
0.886
0.863
0.84
0.907
0.936
0.915
0.839
0.831
0.692
0.923
0.936
0.958
0.935
1.001
1
0.925
0.897
0.848
0.823
0.659
0.894
0.914
0.936
0.913
0.891
0.948
0.905
0.49
0.488
0.714
0.928
0.91
0.901
0.921
0.969
0.838
0.749
0.922
0.899
0.843
0.912
0.969
0.942
0.929
0.901
0.9
0.845
0.914
0.909
0.873
0.842
0.854
0.802
0.81
0.769
0.853
0.977
0.772
0.826
0.893
0.848
0.761
0.665
0.763
0.765
0.865
0.694
0.755
0.919
0.896
0.69
0.671
0.931
0.788
0.727
0.76
0.761
0.78
0.864
0.867
0.87
0.882
0.769
0.585
0.609
0.685
0.676
0.692
0.867
0.789
0.728
0.689
0.627
0.695
0.733
0.647
0.741
0.744
0.654
0.741
0.798
0.815
0.738
0.611
0.584
0.736
0.959
0.854
0.762
0.835
0.892
0.767
0.871
0.827
0.789
0.722
0.757
0.711
0.676
0.745
0.767
0.706
0.722
0.621
0.761
0.853
0.736
0.581
0.609
0.769
0.729
0.614
0.71
0.835
0.806
0.768
0.778
0.768
0.748
0.818
0.686
0.705
0.758
0.754
0.641
0.739
0.761
0.741
0.742
0.643
0.689
0.721
0.712
0.742
0.737
0.82
0.796
0.826
0.774
0.811
0.711
0.735
0.862
0.82
0.789
0.791
0.784
0.819
0.803
0.766
0.791
0.788
0.811
0.772
0.687
0.775
0.8
0.744
0.766
0.834
0.819
0.8
0.81
0.73
0.759
0.843
0.751
0.743
0.749
0.804
0.826
0.836
0.831
0.77
0.786
0.838
0.833
0.798
0.801
0.752
0.807
0.826
0.738
0.761
0.779
0.759
0.722
0.786
0.785
0.809
0.788
0.771
0.774
0.722
0.769
0.813
0.769
0.832
0.894
0.828
0.739
0.584
0.597
0.686
0.621
0.627
0.774
0.722
0.687
0.662
0.725
0.591
0.628
0.805
0.881
0.842
0.847
0.76
0.702
0.758
0.711
0.639
0.655
0.739
0.697
0.654
0.604
0.71
0.81
0.778
0.743
0.785
0.779
0.737
0.688
0.608
0.578
0.695
0.646
0.796
0.666
0.487
0.573
0.534
0.477
0.67
0.749
0.799
0.681
0.623
0.566
0.496
0.702
0.659
0.647
0.751
0.843
0.705
0.689
0.731
0.68
0.579
0.585
0.73
0.773
0.732
0.609
0.518
0.574
0.789
0.695
0.804
0.792
0.741
0.735
0.846
0.908
0.997
0.786
0.806
0.766
0.744
0.843
0.783
0.673
0.73
0.879
0.911
0.866
0.834
0.836
0.825
0.927
0.943
0.848
0.76
0.836
0.573
0.629
0.801
0.859
0.853
0.93
0.823
0.824
0.774
0.772
0.887
0.694
0.892
0.915
0.986
0.967
0.881
0.824
0.893
0.968
0.893
0.897
1.027
0.942
0.778
0.791
0.836
0.778
0.801
0.917
0.907
0.751
0.734
0.962
0.893
0.923
0.956
0.942
0.943
0.943
0.898
0.904
0.858
0.967
0.911
0.95
0.926
0.954
0.998
1.009
0.845
0.854
0.887
0.907
0.936
0.967
0.699
0.83
0.906
0.733
0.818
0.862
0.762
0.932
0.909
0.896
0.841
0.929
0.978
0.844
0.801
0.901
0.864
0.76
0.542
0.845
0.834
0.703
0.818
0.852
0.807
0.767
0.772
0.889
0.957
0.683
0.754
0.616
0.487
0.348
0.609
0.849
0.858
0.959
0.836
0.879
0.893
0.45
0.663
0.644
0.593
0.669
0.679
0.768
0.758
0.627
0.571
0.556
0.655
0.561
0.804
0.824
0.66
0.766
0.869
0.76
0.704
0.647
0.565
0.877
0.731
0.74
0.871
0.8
0.657
0.577
0.694
0.743
0.631
0.706
0.946
0.901
0.668
0.527
0.526
0.675
0.947
0.804
0.763
0.677
0.688
0.683
0.631
0.615
0.777
0.863
0.844
0.804
0.72
0.577
0.559
0.677
0.736
0.838
0.758
0.796
0.767
0.657
0.53
0.715
0.752
0.631
0.813
0.639
0.522
0.501
0.507
0.578
0.603
0.715
0.677
0.741
0.808
0.866
0.903
0.807
0.65
0.638
0.725
0.864
0.852
0.704
0.658
0.57
0.622
0.767
0.803
0.835
0.916
0.841
0.667
0.657
0.644
0.637
0.83
0.814
0.781
0.776
0.77
0.727
0.697
0.638
0.637
0.772
0.701
0.652
0.702
0.848
0.858
0.898
0.863
0.826
0.803
0.694
0.687
0.706
0.714
0.675
0.806
0.741
0.687
0.669
0.677
0.789
0.75
0.815
0.785
0.733
0.76
0.856
0.875
0.799
0.844
0.815
0.773
0.767
0.869
0.763
0.822
0.744
0.797
0.713
0.799
0.795
0.672
0.603
0.774
0.792
0.82
0.805
0.752
0.694
0.658
0.589
0.604
0.669
0.811
0.765
0.822
0.7
0.76
0.753
0.659
0.554
0.65
0.717
0.865
0.821
0.751
0.689
0.652
0.631
0.627
0.616
0.56
0.566
0.791
0.923
0.868
0.771
0.724
0.733
0.64
0.663
0.686
0.714
0.718
0.588
0.632
0.704
0.89
0.827
0.816
0.724
0.675
0.833
0.789
0.662
0.684
0.676
0.541
0.816
0.697
0.752
0.672
0.74
0.735
0.762
0.956
0.792
0.673
0.711
0.744
0.799
0.891
0.882
0.741
0.642
0.618
0.683
0.655
0.713
0.946
0.918
0.756
0.628
0.712
0.844
0.76
0.827
0.858
0.623
0.673
0.741
0.623
0.649
0.648
0.634
0.761
0.712
0.79
0.742
0.756
0.73
0.744
0.784
0.773
0.741
0.822
0.868
0.787
0.809
0.807
0.837
0.849
0.815
0.78
0.8
0.741
0.799
0.815
0.669
0.815
0.895
0.663
0.572
0.544
0.771
0.812
0.893
0.592
0.597
0.55
0.829
0.948
0.914
0.662
0.744
0.742
0.932
0.903
0.928
0.928
0.907
0.927
0.918
0.856
0.783
0.903
0.769
0.897
0.965
0.903
0.797
0.772
0.877
0.929
0.947
0.917
0.926
0.866
0.925
0.931
0.937
0.955
0.966
0.949
0.964
0.981
0.977
0.971
0.939
0.936
0.96
0.93
0.939
0.934
0.766
0.752
0.8
0.594
0.761
0.846
0.871
0.917
0.94
0.882
0.881
0.907
0.927
0.875
0.951
0.935
0.926
0.972
0.953
0.952
0.972
0.946
0.96
0.961
0.98
0.967
0.888
0.967
0.972
0.95
0.907
0.899
0.949
0.968
0.952
0.925
0.935
0.906
0.879
0.831
0.772
0.758
0.773
0.866
0.803
0.869
0.972
0.954
0.913
0.716
0.527
0.521
0.681
0.703
0.809
0.889
0.831
0.628
0.727
0.657
0.726
0.882
0.857
0.713
0.616
0.668
0.624
0.624
0.616
0.583
0.636
0.643
0.839
0.728
0.609
0.617
0.522
0.697
0.641
0.539
0.669
0.603
0.672
0.669
0.559
0.502
0.54
0.61
0.739
0.821
0.927
0.728
0.596
0.522
0.668
0.746
0.815
0.734
0.612
0.595
0.679
0.684
0.83
0.665
0.51
0.821
0.901
0.863
0.751
0.669
0.678
0.882
0.95
0.839
0.625
0.675
0.792
0.724
0.727
0.726
0.691
0.669
0.729
0.7
0.6
0.668
0.76
0.676
0.758
0.747
0.8
0.825
0.714
0.603
0.859
0.711
0.692
0.767
0.799
0.822
0.868
0.762
0.764
0.759
0.76
0.741
0.693
0.735
0.769
0.762
0.706
0.651
0.796
0.823
0.761
0.657
0.617
0.561
0.571
0.694
0.746
0.703
0.695
0.665
0.803
0.708
0.644
0.775
0.809
0.798
0.765
0.764
0.742
0.812
0.799
0.777
0.797
0.729
0.798
0.794
0.84
0.715
0.647
0.81
0.829
0.662
0.733
0.793
0.781
0.79
0.83
0.826
0.784
0.711
0.676
0.686
0.707
0.794
0.793
0.777
0.756
0.763
0.723
0.604
0.619
0.541
0.59
0.713
0.773
0.798
0.811
0.752
0.659
0.544
0.466
0.54
0.514
0.453
0.468
0.483
0.522
0.554
0.468
0.371
0.4
0.491
0.563
0.581
0.676
0.732
0.467
0.497
0.503
0.652
0.792
0.561
0.685
0.708
0.525
0.554
0.573
0.484
0.592
0.646
0.856
0.956
0.79
0.68
0.698
0.722
0.843
0.781
0.699
0.636
0.571
0.517
0.428
0.569
0.504
0.619
0.633
0.689
0.564
0.608
0.535
0.563
0.568
0.48
0.528
0.512
0.418
0.458
0.684
0.778
0.582
0.519
0.637
0.483
0.58
0.63
0.667
0.6
0.587
0.679
0.661
0.493
0.461
0.524
0.676
0.675
0.538
0.552
0.714
0.566
0.644
0.792
0.779
0.661
0.789
0.812
0.758
0.802
0.713
0.866
0.761
0.847
0.88
0.818
0.956
0.816
0.694
0.78
0.785
0.793
0.817
0.791
0.885
0.897
0.886
0.898
0.915
0.85
0.831
0.899
0.929
0.933
0.928
0.953
0.962
0.937
0.938
0.932
0.893
0.92
0.922
0.901
0.952
0.964
0.962
0.941
0.959
0.611
0.678
0.721
0.595
0.83
0.816
0.886
0.92
0.844
0.932
0.9
0.886
0.891
0.934
0.828
0.89
0.981
0.944
0.881
0.823
0.861
0.789
0.925
0.964
0.965
0.944
0.942
0.954
0.942
0.906
0.943
0.946
0.916
0.946
0.949
1.002
0.981
0.893
0.873
0.906
0.944
0.897
0.925
0.893
0.893
0.865
0.875
0.792
0.679
0.621
0.929
0.897
0.942
0.921
0.928
0.934
0.908
0.901
0.792
0.811
0.743
0.809
0.897
0.829
0.837
0.778
0.93
0.953
0.82
0.815
0.817
0.798
0.893
0.863
0.786
0.77
0.767
0.697
0.795
0.868
0.917
0.786
0.601
0.538
0.562
0.602
0.56
0.661
0.804
0.669
0.751
0.741
0.911
0.751
0.655
0.792
0.911
0.861
0.828
0.795
0.777
0.637
0.555
0.759
0.791
0.704
0.804
0.933
0.924
0.773
0.835
0.837
0.849
0.931
0.797
0.782
0.777
0.758
0.638
0.762
0.814
0.901
0.785
0.619
0.693
0.675
0.775
0.694
0.72
0.797
0.788
0.77
0.782
0.919
0.927
0.947
0.883
0.811
0.852
0.717
0.687
0.75
0.755
0.815
0.786
0.915
0.824
0.838
0.733
0.713
0.687
0.67
0.665
0.69
0.736
0.656
0.7
0.693
0.744
0.788
0.786
0.803
0.734
0.696
0.738
0.751
0.76
0.768
0.753
0.824
0.807
0.774
0.813
0.869
0.8
0.702
0.737
0.778
0.765
0.652
0.64
0.745
0.783
0.709
0.681
0.644
0.694
0.717
0.65
0.696
0.784
0.798
0.783
0.746
0.737
0.783
0.82
0.818
0.845
0.793
0.775
0.774
0.777
0.8
0.794
0.758
0.769
0.785
0.801
0.732
0.673
0.733
0.834
0.838
0.847
0.831
0.798
0.834
0.849
0.829
0.803
0.725
0.633
0.734
0.819
0.828
0.745
0.656
0.709
0.7
0.665
0.772
0.714
0.597
0.736
0.782
0.789
0.775
0.795
0.692
0.591
0.677
0.67
0.585
0.535
0.713
0.808
0.842
0.936
0.912
0.857
0.815
0.761
0.741
0.698
0.803
0.757
0.633
0.763
0.755
0.81
0.841
0.861
0.765
0.91
0.83
0.85
0.858
0.788
0.794
0.855
0.9
0.879
0.752
0.765
0.742
0.683
0.729
0.723
0.704
0.628
0.612
0.614
0.794
0.855
0.764
0.639
0.704
0.642
0.699
0.961
0.976
0.833
0.713
0.656
0.721
0.648
0.754
0.905
0.756
0.656
0.677
0.727
0.724
0.596
0.661
0.809
0.671
0.619
0.817
0.782
0.811
0.728
0.683
0.631
0.702
0.877
0.866
0.819
0.606
0.5
0.613
0.82
0.833
0.922
0.86
0.833
0.793
0.789
0.896
0.934
0.968
0.855
0.885
0.9
0.849
0.856
0.986
0.925
0.869
0.84
0.891
0.791
0.75
0.756
0.835
0.954
0.952
0.762
0.875
0.897
0.882
0.933
0.952
0.927
0.864
0.819
0.833
0.854
0.919
0.844
0.882
0.952
0.918
0.936
0.664
0.549
0.626
0.912
0.876
0.879
0.845
0.768
0.846
0.871
0.979
0.783
0.712
0.587
0.812
0.965
0.642
0.74
0.665
0.913
0.949
0.929
0.831
0.851
0.942
0.936
0.873
0.818
0.857
0.823
0.888
0.847
0.795
0.906
0.905
0.855
0.892
0.834
0.801
0.817
0.795
0.815
0.907
0.933
0.922
0.927
0.878
0.824
0.706
0.813
0.869
0.877
0.829
0.927
0.761
0.697
0.726
0.74
0.903
0.836
0.902
0.854
0.803
0.82
0.633
0.716
0.869
0.688
0.657
0.671
0.828
0.819
0.726
0.821
0.83
0.782
0.777
0.778
0.754
0.695
0.693
0.717
0.808
0.875
0.835
0.644
0.727
0.745
0.855
0.884
0.86
0.799
0.771
0.768
0.757
0.709
0.574
0.541
0.559
0.707
0.728
0.657
0.576
0.758
0.805
0.747
0.672
0.64
0.639
0.689
0.84
0.788
0.637
0.59
0.59
0.857
0.641
0.656
0.664
0.728
0.8
0.833
0.739
0.759
0.859
0.771
0.809
0.815
0.686
0.706
0.528
0.503
0.65
0.723
0.578
0.596
0.606
0.615
0.599
0.552
0.59
0.769
0.712
0.695
0.685
0.717
0.709
0.654
0.673
0.602
0.73
0.893
0.68
0.636
0.682
0.744
0.662
0.538
0.515
0.51
0.527
0.726
0.73
0.665
0.621
0.639
0.653
0.742
0.728
0.668
0.643
0.655
0.724
0.624
0.527
0.64
0.616
0.508
0.583
0.669
0.66
0.649
0.65
0.627
0.646
0.64
0.618
0.591
0.727
0.695
0.58
0.626
0.605
0.617
0.679
0.682
0.556
0.481
0.559
0.686
0.804
0.695
0.525
0.547
0.604
0.546
0.499
0.61
0.718
0.584
0.443
0.44
0.59
0.395
0.354
0.54
0.744
0.637
0.499
0.557
0.672
0.818
0.876
0.729
0.627
0.765
0.681
0.619
0.714
0.62
0.522
0.552
0.521
0.442
0.393
0.378
0.42
0.427
0.691
0.73
0.676
0.566
0.489
0.639
0.808
0.775
0.843
0.783
0.682
0.657
0.794
0.725
0.616
0.576
0.613
0.636
0.76
0.602
0.514
0.554
0.838
0.603
0.547
0.57
0.804
0.734
0.63
0.675
0.859
0.868
0.831
0.684
0.687
0.728
0.928
0.839
0.693
0.864
0.794
0.76
0.657
0.686
0.712
0.609
0.663
0.711
0.815
0.805
0.718
0.639
0.662
0.673
0.829
0.717
0.701
0.748
0.74
0.68
0.816
0.835
0.8
0.751
0.843
0.897
0.777
0.73
0.73
0.721
0.677
0.703
0.755
0.783
0.709
0.702
0.587
0.758
0.669
0.63
0.783
0.731
0.729
0.724
0.666
0.664
0.68
0.71
0.754
0.676
0.613
0.757
0.665
0.634
0.678
0.71
0.807
0.863
0.909
0.911
0.808
0.77
0.897
0.958
0.944
0.914
0.731
0.713
0.693
0.718
0.745
0.862
0.892
0.844
0.789
0.844
0.852
0.756
0.821
0.928
0.943
0.943
0.938
0.955
0.973
0.933
0.921
0.935
0.913
0.945
0.915
0.97
0.952
0.937
0.923
0.898
0.869
0.894
0.946
0.955
0.813
0.664
0.643
0.722
0.561
0.667
0.712
0.441
0.374
0.743
0.657
0.654
0.77
0.836
0.951
0.922
0.858
0.841
0.492
0.702
0.846
0.88
0.961
0.929
0.918
0.941
0.91
0.838
0.864
0.769
0.755
0.807
0.802
0.473
0.606
0.536
0.799
0.476
0.582
0.921
0.942
0.818
0.779
0.934
0.965
0.936
0.883
0.82
0.73
0.766
0.685
0.914
0.899
0.837
0.772
0.772
0.86
0.857
0.728
0.653
0.662
0.929
0.712
0.875
0.82
0.664
0.566
0.71
0.705
0.777
0.878
0.85
0.792
0.713
0.654
0.546
0.696
0.709
0.56
0.592
0.43
0.598
0.588
0.639
0.729
0.754
0.828
0.967
0.917
0.85
0.778
0.82
0.866
0.833
0.823
0.834
0.685
0.647
0.638
0.598
0.903
0.744
0.573
0.519
0.813
0.852
0.765
0.703
0.67
0.648
0.587
0.642
0.657
0.755
0.754
0.603
0.691
0.802
0.698
0.639
0.597
0.682
0.596
0.614
0.746
0.769
0.735
0.71
0.715
0.765
0.756
0.681
0.596
0.746
0.804
0.733
0.687
0.707
0.764
0.752
0.776
0.674
0.694
0.836
0.841
0.733
0.665
0.853
0.773
0.718
0.784
0.743
0.676
0.749
0.739
0.705
0.745
0.658
0.609
0.675
0.713
0.697
0.734
0.761
0.775
0.773
0.773
0.817
0.882
0.895
0.826
0.765
0.841
0.831
0.831
0.794
0.824
0.827
0.831
0.824
0.832
0.825
0.799
0.776
0.756
0.765
0.792
0.835
0.816
0.811
0.814
0.844
0.809
0.697
0.843
0.823
0.791
0.704
0.774
0.807
0.781
0.81
0.747
0.666
0.749
0.861
0.818
0.803
0.67
0.778
0.711
0.732
0.715
0.614
0.574
0.645
0.686
0.66
0.568
0.628
0.697
0.68
0.583
0.549
0.509
0.568
0.644
0.675
0.584
0.548
0.593
0.588
0.625
0.461
0.466
0.457
0.411
0.576
0.644
0.497
0.49
0.556
0.632
0.522
0.431
0.669
0.574
0.598
0.638
0.656
0.771
0.708
0.76
0.722
0.7
0.692
0.688
0.67
0.747
0.808
0.692
0.638
0.661
0.792
0.802
0.8
0.805
0.625
0.62
0.589
0.672
0.753
0.724
0.711
0.728
0.708
0.77
0.679
0.788
0.626
0.596
0.639
0.645
0.617
0.657
0.586
0.669
0.628
0.711
0.75
0.904
0.811
0.822
0.74
0.584
0.673
0.732
0.808
0.594
0.573
0.669
0.661
0.648
0.697
0.507
0.528
0.815
0.88
0.721
0.59
0.626
0.67
0.926
0.757
0.453
0.575
0.724
0.715
0.708
0.768
0.778
0.818
0.851
0.869
0.89
0.851
0.801
0.817
0.884
0.939
0.862
0.906
0.854
0.932
0.976
0.97
0.937
0.973
0.945
0.952
0.967
1.006
0.92
0.857
0.57
0.796
0.903
0.84
0.796
0.845
0.745
0.746
0.911
0.947
0.827
0.881
0.919
1.054
0.738
0.927
0.965
0.968
0.941
0.935
0.887
0.92
0.792
0.714
0.948
0.879
0.945
0.963
0.895
0.837
0.859
0.814
0.851
0.762
0.91
0.755
0.73
0.837
0.752
0.918
0.96
0.896
0.917
0.937
0.915
0.876
0.895
0.937
0.832
0.813
0.8
0.931
0.925
0.881
0.918
0.906
0.914
0.868
0.883
0.852
0.768
0.812
0.781
0.801
0.695
0.643
0.647
0.602
0.901
0.851
0.883
0.861
0.846
0.798
0.845
0.858
0.801
0.855
0.962
0.865
0.829
0.849
0.73
0.638
0.754
0.914
0.853
0.772
0.764
0.672
0.408
0.57
0.454
0.52
0.812
0.89
0.769
0.558
0.629
0.679
0.852
0.939
0.754
0.575
0.766
0.832
0.727
0.626
0.725
0.571
0.694
0.708
0.886
0.55
0.587
0.629
0.688
0.567
0.478
0.663
0.675
0.499
0.739
0.646
0.685
0.744
0.793
0.844
0.775
0.805
0.732
0.618
0.631
0.684
0.673
0.672
0.673
0.716
0.575
0.679
0.707
0.766
0.827
0.764
0.677
0.54
0.48
0.597
0.703
0.664
0.665
0.624
0.511
0.547
0.67
0.759
0.776
0.69
0.61
0.601
0.704
0.716
0.756
0.761
0.598
0.537
0.714
0.759
0.744
0.797
0.777
0.701
0.655
0.628
0.675
0.632
0.698
0.777
0.778
0.79
0.703
0.708
0.745
0.764
0.724
0.707
0.694
0.759
0.768
0.739
0.703
0.782
0.681
0.547
0.639
0.744
0.763
0.693
0.712
0.695
0.596
0.752
0.688
0.692
0.687
0.606
0.489
0.791
0.77
0.699
0.627
0.608
0.626
0.499
0.445
0.703
0.746
0.664
0.696
0.509
0.412
0.571
0.535
0.498
0.557
0.648
0.509
0.415
0.471
0.531
0.79
0.823
0.72
0.621
0.533
0.53
0.75
0.705
0.612
0.6
0.582
0.683
0.652
0.625
0.577
0.51
0.54
0.596
0.483
0.466
0.706
0.664
0.638
0.492
0.433
0.503
0.672
0.493
0.473
0.506
0.591
0.761
0.693
0.704
0.546
0.553
0.725
0.488
0.526
0.551
0.504
0.609
0.617
0.511
0.501
0.452
0.524
0.56
0.536
0.456
0.608
0.581
0.509
0.647
0.765
0.575
0.606
0.798
0.684
0.609
0.675
0.634
0.602
0.747
0.796
0.9
0.848
0.725
0.763
0.644
0.712
0.854
0.753
0.74
0.611
0.605
0.569
0.528
0.627
0.598
0.663
0.694
0.768
0.631
0.437
0.623
0.72
0.798
0.81
0.706
0.688
0.562
0.656
0.77
0.668
0.602
0.559
0.66
0.922
0.764
0.863
0.81
0.808
0.952
0.88
0.93
0.692
0.687
0.777
0.712
0.616
0.893
0.87
0.628
0.814
0.69
0.841
0.906
0.838
0.597
0.889
0.837
0.706
0.831
0.876
0.923
0.858
0.932
0.82
0.737
0.828
0.778
0.74
0.733
0.922
0.986
0.844
0.84
0.894
0.9
0.686
0.589
0.47
0.434
0.562
0.877
0.97
0.679
0.797
0.8
0.831
0.822
0.799
0.902
0.958
0.93
0.91
0.966
0.953
0.969
0.955
0.932
0.954
0.972
0.939
0.931
0.917
0.963
0.911
0.919
0.931
0.913
0.867
0.87
0.94
0.948
0.952
0.956
0.83
0.931
0.941
0.921
0.964
0.934
0.998
0.901
0.831
0.876
0.714
0.876
0.922
0.873
0.804
0.751
0.939
0.935
0.805
0.9
0.873
0.889
0.792
0.745
0.952
0.905
0.941
0.95
0.774
0.861
0.984
0.987
0.934
0.9
0.885
0.745
0.846
0.887
0.789
0.77
0.791
0.564
0.552
0.699
0.696
0.626
0.546
0.681
0.826
0.888
0.713
0.515
0.501
0.696
0.715
0.672
0.741
0.911
0.715
0.62
0.712
0.945
0.911
0.87
0.804
0.71
0.586
0.677
0.616
0.494
0.744
0.735
0.522
0.696
0.88
0.603
0.722
0.666
0.61
0.686
0.703
0.777
0.726
0.621
0.776
0.723
0.57
0.528
0.631
0.759
0.798
0.665
0.617
0.62
0.64
0.664
0.759
0.708
0.64
0.71
0.791
0.768
0.721
0.734
0.742
0.638
0.59
0.508
0.521
0.671
0.719
0.713
0.727
0.749
0.735
0.928
0.834
0.8
0.764
0.723
0.678
0.781
0.743
0.744
0.724
0.655
0.701
0.695
0.782
0.753
0.776
0.817
0.854
0.831
0.806
0.794
0.792
0.726
0.766
0.715
0.741
0.771
0.905
0.863
0.788
0.781
0.816
0.819
0.785
0.744
0.661
0.744
0.812
0.902
0.93
0.847
0.768
0.82
0.851
0.845
0.855
0.764
0.848
0.834
0.83
0.813
0.824
0.765
0.669
0.707
0.75
0.801
0.721
0.757
0.789
0.795
0.757
0.772
0.805
0.832
0.803
0.803
0.792
0.81
0.831
0.817
0.837
0.846
0.833
0.806
0.831
0.824
0.778
0.819
0.815
0.824
0.832
0.735
0.647
0.76
0.827
0.831
0.869
0.81
0.735
0.742
0.815
0.792
0.794
0.812
0.782
0.79
0.786
0.739
0.712
0.724
0.776
0.699
0.722
0.807
0.765
0.704
0.667
0.621
0.634
0.75
0.833
0.738
0.701
0.714
0.689
0.716
0.668
0.664
0.696
0.807
0.838
0.792
0.728
0.746
0.825
0.823
0.762
0.768
0.705
0.643
0.746
0.697
0.581
0.614
0.738
0.698
0.569
0.64
0.598
0.623
0.472
0.451
0.493
0.624
0.687
0.71
0.725
0.6
0.664
0.944
0.751
0.784
0.717
0.755
0.621
0.596
0.709
0.768
0.75
0.669
0.612
0.572
0.821
0.766
0.821
0.615
0.624
0.625
0.639
0.618
0.608
0.813
0.503
0.541
0.77
0.682
0.842
0.709
0.667
0.864
0.935
0.824
0.852
0.912
0.851
0.763
0.775
0.758
0.711
0.783
0.83
0.898
0.843
0.777
0.851
0.853
0.78
0.849
0.814
0.822
0.675
0.519
0.576
0.803
0.911
0.962
0.804
0.678
0.853
0.987
0.912
0.887
0.901
0.856
0.741
0.706
0.819
0.609
0.537
0.498
0.51
0.782
0.951
0.976
0.827
0.871
0.854
0.975
0.956
0.927
0.715
0.538
0.519
0.783
0.89
0.887
0.758
0.842
0.78
0.891
0.75
0.756
0.811
0.734
0.929
0.893
0.764
0.88
0.806
0.631
0.647
0.683
0.84
0.887
0.707
0.625
0.7
0.574
0.623
0.907
0.917
0.844
0.774
0.759
0.683
0.816
0.777
0.719
0.954
0.934
0.813
0.813
0.8
0.759
0.844
0.708
0.611
0.879
0.894
0.853
0.784
0.774
0.788
0.965
0.862
0.723
0.825
0.872
0.83
0.737
0.583
0.645
0.763
0.639
0.678
0.657
0.741
0.84
0.835
0.749
0.762
0.879
0.726
0.614
0.866
0.818
0.74
0.588
0.817
0.572
0.637
0.871
0.754
0.791
0.742
0.931
0.705
0.644
0.694
0.671
0.593
0.554
0.517
0.574
0.605
0.703
0.777
0.761
0.637
0.648
0.765
0.801
0.842
0.886
0.875
0.876
0.915
0.808
0.7
0.797
0.704
0.663
0.672
0.709
0.91
0.855
0.794
0.769
0.832
0.724
0.626
0.745
0.718
0.591
0.584
0.8
0.662
0.617
0.536
0.6
0.737
0.72
0.667
0.703
0.668
0.59
0.635
0.661
0.622
0.684
0.8
0.681
0.711
0.662
0.589
0.629
0.691
0.668
0.633
0.613
0.743
0.771
0.721
0.589
0.561
0.715
0.689
0.652
0.834
0.715
0.591
0.672
0.689
0.745
0.696
0.574
0.68
0.691
0.611
0.817
0.797
0.764
0.767
0.737
0.758
0.726
0.657
0.718
0.759
0.754
0.737
0.781
0.698
0.731
0.693
0.613
0.657
0.757
0.724
0.711
0.705
0.646
0.583
0.594
0.635
0.726
0.685
0.641
0.605
0.549
0.559
0.564
0.542
0.455
0.457
0.546
0.598
0.723
0.727
0.773
0.867
0.865
0.879
0.845
0.789
0.769
0.772
0.808
0.734
0.619
0.682
0.8
0.716
0.691
0.752
0.702
0.587
0.645
0.74
0.697
0.619
0.551
0.528
0.62
0.6
0.637
0.68
0.759
0.741
0.561
0.575
0.812
0.723
0.673
0.808
0.789
0.709
0.596
0.566
0.591
0.653
0.72
0.637
0.697
0.552
0.788
0.874
0.913
0.827
0.746
0.73
0.67
0.643
0.672
0.625
0.667
0.678
0.662
0.605
0.596
0.727
0.586
0.652
0.768
0.725
0.719
0.696
0.863
0.863
0.723
0.704
0.754
0.686
0.744
0.832
0.784
0.763
0.885
0.751
0.725
0.658
0.738
0.717
0.67
0.702
0.619
0.748
0.806
0.682
0.72
0.703
0.663
0.688
0.695
0.779
0.706
0.664
0.791
0.661
0.709
0.7
0.614
0.839
0.84
0.782
0.745
0.743
0.881
0.847
0.724
0.754
0.772
0.738
0.809
0.883
0.799
0.603
0.729
0.612
0.887
0.929
0.857
0.894
0.847
0.888
0.964
0.948
0.909
0.931
0.898
0.853
0.862
0.887
0.935
1.024
0.903
0.768
0.877
0.769
0.649
0.844
0.924
0.989
0.863
0.692
0.678
0.611
0.701
0.839
0.895
0.902
0.985
0.705
0.623
0.682
0.742
0.958
0.927
0.87
0.946
0.879
0.877
0.992
0.933
0.885
0.849
0.809
0.729
0.774
0.663
0.875
0.842
0.631
0.56
0.492
0.502
0.808
0.947
0.904
0.741
0.668
0.815
0.886
0.663
0.639
0.768
0.65
0.647
0.741
0.778
0.704
0.754
0.835
0.843
0.782
0.819
0.499
0.611
0.819
0.854
0.704
0.543
0.438
0.535
0.781
0.877
0.555
0.577
0.565
0.366
0.426
0.504
0.829
0.588
0.551
0.574
0.92
0.827
0.809
0.769
0.551
0.46
0.777
0.817
0.92
0.846
0.862
0.769
0.825
0.915
0.799
0.624
0.763
0.895
0.803
0.949
0.749
0.631
0.554
0.654
0.713
0.732
0.673
0.651
0.631
0.691
0.622
0.526
0.682
0.737
0.774
0.739
0.605
0.58
0.761
0.728
0.689
0.735
0.914
0.837
0.793
0.809
0.738
0.857
0.992
0.795
0.718
0.651
0.597
0.696
0.854
0.804
0.702
0.716
0.662
0.664
0.715
0.672
0.791
0.876
0.82
0.744
0.636
0.796
0.824
0.769
0.842
0.807
0.716
0.653
0.646
0.665
0.593
0.572
0.57
0.742
0.76
0.77
0.648
0.605
0.64
0.692
0.727
0.721
0.687
0.709
0.648
0.624
0.729
0.727
0.703
0.682
0.675
0.896
0.766
0.695
0.675
0.701
0.638
0.771
0.818
0.825
0.724
0.743
0.718
0.75
0.778
0.802
0.794
0.68
0.8
0.862
0.828
0.844
0.826
0.853
0.8
0.784
0.797
0.787
0.784
0.803
0.788
0.83
0.832
0.813
0.763
0.762
0.83
0.8
0.744
0.704
0.712
0.734
0.813
0.82
0.823
0.809
0.801
0.758
0.731
0.739
0.814
0.851
0.8
0.756
0.786
0.812
0.855
0.846
0.822
0.748
0.773
0.82
0.799
0.742
0.665
0.64
0.745
0.861
0.815
0.787
0.817
0.753
0.854
0.77
0.714
0.813
0.787
0.81
0.766
0.724
0.689
0.717
0.698
0.878
0.908
0.779
0.736
0.684
0.712
0.787
0.745
0.696
0.675
0.611
0.596
0.58
0.558
0.607
0.693
0.603
0.664
0.524
0.473
0.546
0.653
0.802
0.884
0.713
0.73
0.858
0.766
0.838
0.861
0.741
0.652
0.809
0.698
0.546
0.591
0.63
0.543
0.596
0.588
0.726
0.836
0.756
0.664
0.689
0.828
0.811
0.765
0.652
0.659
0.881
0.859
0.801
0.89
0.9
0.773
0.761
0.686
0.562
0.499
0.62
0.834
0.76
0.855
0.881
0.779
0.959
0.888
0.651
0.691
0.721
0.668
0.71
0.755
0.735
0.768
0.687
0.697
0.822
0.807
0.771
0.801
0.725
0.768
0.548
0.612
0.527
0.59
0.724
0.721
0.783
0.59
0.887
0.911
0.897
0.87
0.936
0.873
0.808
0.723
0.884
0.907
0.863
0.867
0.78
0.804
0.734
0.849
0.878
0.848
0.858
0.868
0.887
0.835
0.731
0.775
0.836
0.938
0.997
0.983
0.992
1.034
0.749
0.705
0.902
0.891
0.871
0.901
0.931
0.919
0.947
0.981
0.945
0.883
0.802
0.763
0.87
0.856
0.913
0.529
0.612
0.765
0.401
0.455
0.739
0.877
0.886
0.905
0.854
0.933
0.951
0.961
0.828
0.915
0.929
0.973
0.946
0.715
0.82
0.952
0.921
0.967
0.89
0.988
0.969
0.82
0.675
0.594
0.817
0.969
0.8
0.749
0.705
0.686
0.735
0.798
0.565
0.609
0.609
0.663
0.669
0.707
0.619
0.691
0.591
0.603
0.612
0.57
0.672
0.74
0.62
0.652
0.679
0.582
0.628
0.858
0.912
0.962
0.855
0.752
0.79
0.675
0.935
0.922
0.609
0.694
0.539
0.57
0.62
0.725
0.687
0.78
0.754
0.875
0.984
0.89
0.772
0.794
0.788
0.678
0.555
0.578
0.716
0.877
0.884
0.741
0.61
0.801
0.628
0.564
0.643
0.718
0.808
0.771
0.665
0.688
0.731
0.602
0.638
0.746
0.818
0.88
0.889
0.835
0.784
0.793
0.751
0.799
0.808
0.806
0.789
0.831
0.797
0.66
0.555
0.665
0.71
0.599
0.64
0.766
0.831
0.77
0.869
0.825
0.715
0.689
0.726
0.681
0.681
0.763
0.84
0.88
0.797
0.781
0.66
0.569
0.682
0.693
0.71
0.813
0.829
0.825
0.855
0.895
0.792
0.802
0.781
0.804
0.8
0.702
0.758
0.749
0.764
0.703
0.724
0.705
0.782
0.694
0.717
0.737
0.749
0.756
0.677
0.689
0.692
0.706
0.763
0.774
0.75
0.668
0.792
0.832
0.838
0.884
0.801
0.773
0.753
0.782
0.785
0.707
0.7
0.807
0.837
0.777
0.769
0.761
0.747
0.777
0.809
0.812
0.814
0.81
0.729
0.731
0.713
0.768
0.817
0.839
0.861
0.829
0.79
0.789
0.849
0.819
0.756
0.71
0.82
0.864
0.808
0.797
0.804
0.842
0.796
0.753
0.765
0.74
0.721
0.673
0.784
0.802
0.895
0.946
0.934
0.847
0.772
0.837
0.798
0.804
0.776
0.776
0.758
0.745
0.744
0.718
0.755
0.669
0.876
0.848
0.796
0.611
0.688
0.695
0.666
0.703
0.753
0.762
0.805
0.911
0.846
0.826
0.77
0.705
0.753
0.849
0.755
0.764
0.654
0.822
0.629
0.667
0.601
0.621
0.686
0.642
0.635
0.709
0.658
0.606
0.697
0.945
0.934
0.818
0.663
0.824
0.961
0.898
0.775
0.696
0.797
0.815
0.703
0.689
0.83
0.678
0.64
0.686
0.79
0.626
0.841
0.93
0.929
0.89
0.945
0.875
0.757
0.639
0.713
0.885
0.887
0.929
0.763
0.754
0.823
0.908
0.952
0.858
0.829
0.737
0.74
0.743
0.705
0.643
0.704
0.875
0.856
0.857
0.877
0.872
0.898
0.887
0.87
0.844
0.797
0.935
0.987
0.867
0.829
0.748
0.76
0.772
0.831
0.906
0.822
0.749
0.919
0.944
0.889
0.786
0.787
0.819
0.882
0.827
0.91
0.735
0.511
0.711
0.71
0.937
0.941
0.961
0.942
0.931
0.944
0.929
0.896
0.777
0.901
0.944
0.937
0.763
0.819
0.866
0.948
0.875
0.747
0.79
0.881
1.026
0.915
0.934
0.927
0.991
1.031
0.852
0.457
0.552
0.91
0.965
0.731
0.734
0.856
0.668
0.766
0.864
0.678
0.909
0.859
0.727
0.829
0.924
0.558
0.446
0.625
0.616
0.61
0.751
0.726
0.674
0.532
0.547
0.621
0.502
0.693
0.886
0.746
0.651
0.651
0.888
0.875
0.794
0.675
0.7
0.6
0.589
0.838
0.827
0.665
0.641
0.804
0.584
0.509
0.706
0.906
0.969
0.769
0.607
0.601
0.653
0.626
0.808
0.818
0.762
0.75
0.64
0.697
0.742
0.777
0.674
0.856
0.8
0.727
0.786
0.784
0.965
0.95
0.789
0.644
0.74
0.758
0.78
0.884
0.756
0.817
0.829
0.926
0.872
0.807
0.862
0.921
0.775
0.651
0.78
0.831
0.828
0.845
0.798
0.927
0.926
0.729
0.646
0.69
0.8
0.817
0.754
0.821
0.808
0.814
0.764
0.794
0.784
0.787
0.799
0.817
0.826
0.788
0.711
0.702
0.803
0.687
0.666
0.793
0.842
0.797
0.797
0.817
0.872
0.703
0.594
0.828
0.745
0.832
0.906
0.885
0.898
0.811
0.852
0.81
0.728
0.729
0.774
0.764
0.746
0.681
0.714
0.755
0.792
0.734
0.774
0.792
0.776
0.755
0.789
0.849
0.789
0.798
0.797
0.796
0.835
0.773
0.778
0.752
0.83
0.895
0.849
0.841
0.817
0.834
0.887
0.773
0.777
0.706
0.709
0.765
0.783
0.808
0.825
0.82
0.853
0.819
0.766
0.771
0.762
0.811
0.819
0.79
0.787
0.771
0.711
0.802
0.861
0.828
0.837
0.81
0.823
0.838
0.838
0.797
0.83
0.851
0.807
0.811
0.774
0.893
0.915
0.796
0.788
0.797
0.753
0.869
0.862
0.795
0.824
0.817
0.813
0.83
0.824
0.788
0.772
0.761
0.823
0.832
0.803
0.709
0.794
0.841
0.752
0.735
0.786
0.74
0.671
0.751
0.739
0.636
0.661
0.563
0.749
0.864
0.81
0.743
0.784
0.84
0.808
0.751
0.726
0.628
0.557
0.657
0.722
0.792
0.766
0.544
0.654
0.581
0.797
0.786
0.719
0.64
0.649
0.711
0.719
0.55
0.595
0.731
0.867
0.822
0.711
0.774
0.935
0.95
0.751
0.73
0.658
0.647
0.728
0.632
0.722
0.545
0.482
0.696
0.873
0.823
0.819
0.897
0.936
0.902
0.853
0.826
0.884
0.841
0.858
0.842
0.761
0.822
0.845
0.84
0.84
0.772
0.844
0.767
0.79
0.859
0.825
0.816
0.768
0.774
0.702
0.722
0.959
0.845
0.48
0.57
0.734
0.887
0.773
0.789
0.889
0.866
0.839
0.93
0.899
0.897
0.85
0.882
0.865
0.942
0.911
0.873
0.959
0.945
0.856
0.909
0.879
0.956
0.956
0.81
0.788
0.625
0.727
0.553
0.931
0.96
0.941
0.878
0.895
0.856
0.874
0.529
0.892
0.886
0.89
0.928
0.923
0.84
0.909
0.973
0.933
0.949
0.915
0.828
0.822
0.785
0.861
0.847
0.874
0.92
0.697
0.95
0.906
0.886
0.859
0.893
0.915
0.78
0.894
0.708
0.711
0.833
0.862
0.892
0.796
0.631
0.501
0.508
0.624
0.867
0.976
0.919
0.691
0.571
0.737
0.825
0.866
0.931
0.808
0.713
0.852
0.745
0.662
0.713
0.846
0.84
0.789
0.817
0.693
0.722
0.719
0.791
0.796
0.929
0.896
0.675
0.661
0.865
0.768
0.772
0.756
0.892
0.937
0.865
0.778
0.891
0.879
0.73
0.607
0.692
0.858
0.71
0.826
0.792
0.7
0.684
0.683
0.744
0.885
0.582
0.653
0.605
0.715
0.768
0.733
0.706
0.723
0.651
0.826
0.89
0.771
0.856
0.644
0.75
0.83
0.885
0.813
0.685
0.71
0.718
0.743
0.678
0.626
0.715
0.607
0.659
0.835
0.682
0.531
0.785
0.801
0.77
0.792
0.816
0.93
0.796
0.855
0.929
0.801
0.768
0.723
0.683
0.747
0.835
0.794
0.756
0.692
0.571
0.701
0.757
0.704
0.681
0.665
0.685
0.61
0.664
0.75
0.694
0.64
0.745
0.671
0.762
0.687
0.632
0.594
0.658
0.597
0.637
0.701
0.772
0.734
0.665
0.697
0.798
0.792
0.716
0.677
0.721
0.65
0.576
0.676
0.591
0.602
0.643
0.688
0.65
0.702
0.78
0.769
0.769
0.708
0.679
0.774
0.75
0.642
0.761
0.759
0.744
0.799
0.796
0.759
0.731
0.708
0.801
0.781
0.667
0.739
0.772
0.887
0.922
0.8
0.794
0.738
0.625
0.662
0.639
0.742
0.741
0.757
0.685
0.679
0.726
0.733
0.765
0.642
0.625
0.592
0.505
0.479
0.473
0.556
0.597
0.565
0.517
0.565
0.678
0.828
0.738
0.688
0.743
0.773
0.61
0.641
0.538
0.609
0.778
0.812
0.809
0.86
0.839
0.817
0.805
0.75
0.659
0.615
0.672
0.685
0.639
0.558
0.554
0.549
0.598
0.62
0.622
0.648
0.692
0.793
0.752
0.644
0.674
0.7
0.536
0.713
0.751
0.599
0.558
0.567
0.475
0.638
0.752
0.801
0.658
0.479
0.701
0.623
0.401
0.464
0.87
0.89
0.855
0.847
0.805
0.82
0.778
0.818
0.759
0.778
0.845
0.808
0.626
0.74
0.57
0.591
0.676
0.675
0.705
0.669
0.61
0.659
0.733
0.786
0.776
0.744
0.687
0.76
0.591
0.667
0.609
0.505
0.576
0.712
0.854
0.817
0.688
0.878
0.913
0.858
0.805
0.664
0.8
0.794
0.817
0.606
0.796
0.843
0.737
0.76
0.7
0.806
0.809
0.82
0.916
0.84
0.745
0.542
0.787
0.952
0.928
0.881
0.922
0.919
0.858
0.76
0.768
0.666
0.706
0.89
0.883
0.679
0.876
0.867
