1980 1 1
4e-04
0.2132
0.4091
0.7534
1.3096
0.2738
0.4131
0
0
0
14.3882
0.1514
0
0.4559
0
0
0
0
0
0
0
0
0.749
0.9171
1.9124
0
0
0
0
0.0924
0.1294
0.019
0
0
0
0
0.0636
0
0
0.1142
0
0.1768
6e-04
0.2928
0
5.1966
2.7082
0
0
0
0
0.7608
13.4828
0.0518
0.01
0.8539
2.1132
0.0352
0.8803
0.1989
0
0
0
0.0477
5.9026
0.0532
2.0352
16.1438
0.1131
5e-04
0.0011
0
1.0202
0.9087
0
0.4893
12.5471
0.6285
0
0.3417
34.5199
0.0906
0
9.715
0.4282
0
0.3617
3.4708
6.9662
1.675
9.1881
0.029
0.2567
1.6816
8.8281
0.0244
0
0.2363
7.8004
5.4582
1.3078
0.5947
7.7828
0.4091
15.7223
1.0589
0.6645
0
0
0
0
0.3045
0
0
0
0.291
0.4057
3.3719
4.0813
0
0
0
0
0
0
0
0
0
0.2989
0.038
1.3273
4.1577
10.126
8.0566
0.9087
0
0.5021
18.9778
10.9839
2.0868
0.1902
0
0.1005
0.7767
5.6341
0.8104
0
0
0
1.9573
4.9192
5.6863
10.4237
11.0656
3.9265
0.5162
0.6801
10.3891
10.1845
2.8934
0.6683
0.1311
0
0
0.2639
16.9804
8.6184
4.1204
0
0.2422
7.9563
1.214
0
0
0.0528
5.7945
0
0
0
0.4903
2.5211
0.021
0.4205
0
2.0921
13.6578
11.5851
0.5929
0
6.8803
5.9474
0.9711
1.0562
4.0144
1.5014
0
1.3644
0.8915
0.2307
0
0.2705
0.4236
5.1224
25.548
2.2319
0
0
0.1773
2.5648
8.1425
2.8751
0.8474
1.3726
0.7472
14.1103
6.9303
0.6448
2.4337
0.1949
0.5902
0.7392
0.9853
7.8525
11.1402
4.0574
0.0877
6.0216
2.5027
2.6632
14.1526
5.1859
2.0116
27.2388
8.4461
2.5681
0
0
0
0
0
0.6071
3.3035
5.8806
9.0024
7.2337
1.4899
0.031
8.7763
0.7047
2e-04
0.0263
0.1358
3.4369
0.594
0
2.1204
5.9955
1.2654
0.0226
0.2034
11.7728
0.058
0
0.3182
0.3928
3.2513
6.6589
0
1.0388
1.5891
0
0
0
0
0
7.1922
0.6085
0.1066
0
0
0
0
0
0.3284
0.036
0.0314
0
0.1759
0.6199
0.4198
2.7724
7.2494
0.1642
0.0328
0
0
0
1.6852
8.4269
8e-04
0.039
7.436
0
0
0
0
0
0.3201
0.2576
0
0
0
1.3842
0
0
0
0.0228
0.9626
3.9101
0.1574
0
3.1885
0.9647
0
0
0
0
0.2783
2.6206
0.1223
0
8.7692
1.1249
1.1689
0.5764
0.0331
4.1184
0.1954
0
0.0103
1.2499
8.3287
6.7397
3.5717
0.1655
0
0.5532
0
0.1572
0.6246
0.3271
0
0.3426
0.1633
3e-04
0
0
0
7.0989
0
0
0
0.04
9.9574
0.4999
6.5496
1.6745
1.6759
1.0414
0.211
0.8212
3.9522
2.8453
0
0
0.0894
0
0
0
0
0.0246
0.8633
0.0951
0
0
0
0
0
0
0.295
0
0.1109
0.248
0
0.0689
0
0
9.4019
1.2095
0.126
0.3466
0.1197
1.0682
0.0136
0
0
9.9793
10.6813
0.0168
0
0
0
3.0165
0.3663
0.0241
11.8926
4.5239
0.1544
0.4904
5.4327
0.2726
0.018
0
0.0056
1.1179
0.1474
0
0
0.4845
1.0857
0.0338
0.044
0
0
0
0
0
0
0
0
2.121
0.0585
0.3312
1.012
0.9532
0.0381
0
0
0
0.0047
5.5168
4.836
0
0.0312
3.9128
0
0.024
0
2.4395
3.3004
0.8715
0
0
0.1583
4.4949
1.4379
4.4667
13.5071
4.5262
21.9091
0
0.4199
7.8363
3.0397
0.2752
1.3805
0.7934
0.6631
5.3238
0.6467
0.0292
0.3162
0.1651
15.8758
10.136
0.1751
0
0
0
0.1323
1.754
9.0354
0
0
0.9865
16.3413
11.214
0.2539
0
12.4789
6.8675
0.2172
0
0
0
0
0
0.0203
0
0.0313
0.03
1.1788
11.2434
5.3885
0.1464
4.6192
0.0368
0
0.0212
5.7342
5.8781
2.7621
3.033
0
14.0365
45.4036
7.8329
0
7.409
34.0906
7.1381
0.3191
1.3239
0.0407
0
0
0
16.2122
29.6765
0
2.4829
25.6817
0.01
0
0
0.0452
0.2184
1.1092
1.0775
0.5299
1.5332
1.6275
1e-04
0
0
1.4921
4.5032
0
0.0665
1.8429
0.6561
0.1089
0.0042
0
0
6.9578
23.1658
1.9546
0.0583
0
0
0
9.8314
1.9743
8.7873
0.1435
0
0
0.002
0.5316
5.5129
1.7459
0.3045
0.6729
3.1197
1.1822
0.0406
1.6146
12.0217
0.0251
0.0457
0.5646
3.4772
0.0407
0
0
0
0
0
0
0
0
0
0.0122
1.3866
12.7388
17.9795
25.0714
10.3948
8.2093
30.5135
13.6454
6.9381
1.8347
0.6521
0.1705
3.7724
0
0.1248
0
0
0.0027
10.5047
10.4359
9.204
38.2456
14.4504
2.8678
0.5313
1.105
1.8033
0
0
0.3603
1.6257
3.9167
0
1.4485
6.7916
1.9432
0.0573
0
0
0.6094
15.3561
0.0205
0
0
0
0
0
0
0
0
0.1488
0.2486
9.4235
1.4488
0.0373
5.4938
2.2355
2.5905
0
0.038
10.3129
14.6126
0.7091
0
0
0
0
0.0422
0
0
3.2972
1.7966
0.0701
0
0
0
0
0
0
0
0.004
0.02
0.2085
0.3249
4.6742
19.4838
1.8301
0
0.3101
1.6004
0
0.8491
1.8475
0
0
0
9.3394
0.9212
0
6.1072
0.8649
0
0
2.707
0.1051
0
0
0
0
0
0.1658
0.3539
6.493
0.2879
0.0397
0.2458
4.6231
6.1182
27.7553
0
0
0
7.0874
4.9501
0.9581
0.9494
1.1297
0.4942
0
1.3054
9.1921
1.6474
0.5972
2.7768
0.4292
1.5611
0.3579
0.7914
0.6554
2.9031
0.5167
0.9357
1.9472
0.1076
0.0427
0.3531
0.1738
0.9209
1.2706
13.8347
0.4028
0.4926
0.2459
0
4.8799
0
28.1658
12.3937
2.8416
3.2784
5.5756
1.5669
0.3831
0.741
0.5349
0
3.9646
0.0056
1.3119
0
0.3088
0.2515
0.0831
0.3185
2.5098
0.5071
2.8859
0.1844
0.1365
0.0073
0.116
4.0776
0
0
0
0
5.0982
2.7902
2.0338
17.6943
0.3681
0.0441
0.1675
0.8918
1.211
2.8497
5.3458
0.4583
4.8961
0.1741
6.0358
13.8173
0.6613
0
2.9182
6.2739
0.0619
0
0
3.9284
2.9291
1.8883
0.6188
0.1174
0
6.59
10.923
0.0315
0.0357
6.4195
4.684
1.183
10.4714
1.009
0
3.7558
1.2727
0.4307
0
0
0
3.8233
4.1332
4.8264
0.0755
0
1.2039
0.2369
0
0
0
0.3632
0.812
0
0
0.218
3e-04
0.3635
3e-04
0
0
1.2861
4.008
4.6307
3.6063
0
0
0
0
0.1254
0
0
0
0
1.5455
4.7051
4.0351
8.0816
12.6245
10.6922
0
0
11.3153
27.5843
13.8554
2.2362
3.4001
1.5597
3.2229
0
0.1847
0.0288
1.0391
0.1491
0.3425
1.5259
3.1798
3.8648
0
0
0
0
11.9205
22.3589
1.3612
0.142
5.4256
1.2356
3.9345
9.4134
0.5266
0
0.1493
0.3787
0.9066
25.1257
12.7259
0.3405
0
0
36.7788
0.1797
0.3704
0
2.1529
2
2.6786
2.1639
1.2415
0.0148
0
0
0
0
2.6147
6.0745
8.6931
1.221
0
0.1207
0.0268
0
0
0
0.3162
0.5069
0
0
0.4117
0
1.9612
1.2385
1.8506
0.3838
0
0.4946
4.8333
1.2425
0
0
0
0
0
0
0
0
4.1317
0
7.618
0.6557
0.0676
0.2807
0.2941
0.8449
0
0
0
0
0.0085
0.1611
1.5397
3.241
0.172
0
0
5.4512
1.1481
0.3182
0
0
0
0
0.8178
4.5446
0.9162
0
2.6188
3.6321
0
0.0489
0.4211
8.4533
5.7411
0.8
1.7043
1.5498
27.5615
0.3347
0
0
0
0
0
0
0.8746
0.7335
6.0694
0.9604
0.3977
0.0894
0.0488
0
0.0098
0.2192
0.3704
0.1174
0
0
0.0729
3.1362
0.0203
0
0
0
0
0
0
0
1.9618
0
30.7566
14.4468
22.5647
6.8166
0.5574
0
0
0.4554
0
2.0499
1.2989
11.4807
6.7023
0.4682
0
0
0.0223
0
0
5.1549
18.0618
11.7297
2.5786
13.5345
4.1522
0
7.1546
0.2054
13.0985
0.8445
0
0.1464
0.2694
0.9738
1.5935
3.4238
0.7036
0.1975
0.3381
0.5283
0.7649
1.2301
0
0
1.6175
8.7186
13.5686
0
0
7.9545
1.3305
0.3795
0.3964
5.8802
3.2695
10.6506
1.4807
11.2599
3.6112
0
0
0
0
0
0
0
0
0
0.0637
0
0
2.0928
0.5873
0.0815
0.2913
0.1513
0.3631
0.0985
0
0
0
0
2.2259
6.1535
1.9135
0.0482
0
0
0
0
1.2509
3.7237
0
0.1248
6.436
0.765
0.634
0.7394
0.6226
2.8281
0
0
1e-04
0.0465
0.0308
0
0
0
0
0
0
0.1434
0
0
0.0524
0.097
0
0.2455
0.0781
0
0
0
0
0
0.076
0
3.4404
1.8177
3.404
0.4303
2.6148
3.3836
9e-04
0
0
0
0.184
0.0439
2.9483
8.9642
1.9458
6.7107
0.0148
0.085
0
1.443
0
4.9826
1.6551
0
0
0
0.4517
6.7099
3.7481
0.6881
0.8613
3.3014
3.9045
6.2988
7.11
3.0016
0.5886
0.2236
11.7615
13.7246
2.7905
0.1601
2.0777
0.2087
0.0314
0
0
0
0
0
0
0
0
12.1957
1.7339
16.9135
8.8014
16.8682
9.2671
2.0479
0.6783
1.4083
1.5657
11.3044
0.2433
0
0
0
0.6315
8.4059
6.1198
0.5822
0
0
5.5656
0.0774
3.8181
11.1159
0.7037
5.0455
2.4621
0.659
0
0.9117
8.088
0.3956
0.1649
0.0924
1.6458
2.7146
4.4861
1.5546
14.1659
0
0
5e-04
1.162
0.1708
0
0
2.9507
1.4543
1.6399
0
0.0769
4.9557
0.2949
0
0
0
0
0
0
25.6821
26.2327
5.0915
9.7719
3.9862
3.964
7.183
10.225
1.6603
0
0
0
0
0
0
0
0
0
0
2.5763
9.8493
4.6456
6.5898
5.0557
0.5523
3.6341
3.5729
2.524
0
0
0
0.756
6.7958
6.4685
14.4273
1.9522
0.7983
0
1.2777
0.7755
0
0
0
4.9331
0.0324
13.6502
0.3507
0
0
0
0
0.1389
0.0165
0
1.3994
0.159
1.2573
0
0
0.9829
0.506
2.7185
5.8499
2.6068
4.8201
4.758
0.0311
0.3448
0
8.2313
4.3459
9.9657
16.2675
0
0
0
0.025
0.0601
0
0
0.1396
9.3538
1.4077
0.0663
0.5711
8.567
18.1296
0.0319
0.0119
0.4019
0.2227
0.0618
0
0
0
0
0
0
7.1236
14.8317
19.2392
0.333
0
6.085
1.1291
0.4315
0.0659
4.0948
37.6144
0.9737
0
0
0.091
2.8275
0.2245
1.8846
2.7571
14.9536
4.3225
0.5851
0.4943
0.4544
0.4799
0
0
0
0.2161
9.0908
7.8876
7.4198
0
0
0.0234
0
0
0
8.6513
35.7517
0.1019
0
0.6787
10.2593
10.0296
0.2989
0
8.4291
2.2463
0.8992
0
13.0244
0.0434
0
0.0012
3.6236
22.2649
0.1058
0.0215
0.3275
1.4688
0.935
19.1757
0.8978
27.8083
0.923
1.6738
1.5803
0.2718
4.1851
6.9547
0.0151
0.8567
0.3358
3e-04
0.0106
0.0102
0.4596
2.9328
2.9822
10.5592
0.0132
0.5882
0.0448
0
0.5949
8.2176
0.4749
1.0308
0
0
0
0
0.1248
0
0.0849
0
1.2416
1.0711
2.1867
0
0
0.1382
1.1365
0.029
0.0268
0.0944
0.7952
0.0346
0
0
0
0.3368
5.714
0
0
0
0
2.9785
5.5737
0.0602
0.0011
0.3147
4.446
0.227
1.4662
0.0662
0.0324
0
0
1.4539
2.2115
0.9361
7.1858
9.6455
0
0.0259
1.3475
0.4021
1.1093
0.0204
0
0
0
0.2797
7.0812
2.0521
3.3127
8.8319
1.0384
0
0
0.2139
0.0367
6.7333
0.1752
1.2518
3.3435
0.3172
0.0695
0.0687
0
6.401
0.7121
0.247
8.884
0.0101
0.6648
0.0825
14.4154
20.3014
2.781
0.0454
0.0091
0.8711
1.0356
2.9277
1.6173
1.2972
0.0621
0
0
2.2747
1.2404
2.7701
5.3824
0.6583
0
0
0.0241
0
0
0.4967
5.6311
3.1953
5.2584
2.5853
6.5692
3.816
0.2433
0.0888
4.9312
28.7655
7.5284
4.8759
0.4866
0
9.8503
0.0795
0.1671
2.0467
0.0011
2.2303
2.8231
2.8594
0.3687
0.4296
3.0393
5.427
0.0608
1.547
1.0475
8.3514
4.9243
0.5285
0
0
0
3.3882
4.0458
37.1514
8.5955
5.1577
18.4695
0
2.1504
4.5994
0.1126
12.8861
2.0453
0.9935
0
0
0.1599
3.3841
0
2.005
1.9719
0.005
0
0
0
0
0
5.3432
17.4447
0
0.0033
4.413
2.2761
2.1701
3.4103
0.1082
2.8831
5.7813
3.7435
0
0.0393
0.9555
0.8451
0.0376
0.072
1.6434
0
0.9308
7.7624
20.7712
5.8802
0.7987
0
6.4295
0.7676
0.2243
0.3141
0.5897
0
0.0832
0.0228
0.9999
1.9075
1e-04
1e-04
7e-04
1.4413
0
4.2241
1.6612
8.631
11.5698
0.2004
0.1565
9e-04
0.061
1.6138
4.0148
7.0064
3.0586
0.7928
0.141
15.9147
6.7096
7.7329
0.6641
0.5927
0.0978
0.0475
0
0
0
0
1.5355
3.7098
0
0
4.6883
1.484
0
0
0
0.0124
0.9584
0.7714
16.5566
1.2671
0.681
0.8344
11.8253
0.5738
0.6561
0
1.0313
0.0641
2.4852
5.177
1.5932
1.2939
1.5918
4.4778
1.4293
0
0.0016
0.0012
0
0
0
0.2257
5.5759
2.1915
5.5543
6.0673
0.0881
1.3385
0
0.6881
6.1222
0.1984
0
0
0
0
8.4993
5.0395
0.7628
0.2511
0
0
0.016
1.5873
0.515
2.3325
0.0893
0.2159
0.2508
0.3858
6.996
0.8065
0.1401
0.0271
0.5045
0.1051
0.0104
1.6346
1.6772
0
0.4746
8.2926
4.3989
0
15.7428
1.8109
0.399
0
0
6.1501
4.0721
9.9774
0.4216
0
0
4.4112
0.0016
0
0.0489
0.3012
0
0
0
0
0
0
0
0.1333
11.5346
4e-04
0.1698
3.17
0
4.4146
6e-04
0.0738
5.3877
0.5396
0
0.2067
2.1952
0.0052
1.9068
4.0118
7.4885
0
0
0
0.1558
2.311
0
5.4126
3.1454
0.075
0.722
0.4678
2.5429
3.7648
2.0072
7.3443
10.3999
2.8418
15.1562
0.0061
0
0
0
0.1318
0.2511
0.0616
0
2.2862
1.5843
0
0
0.8257
0.4496
0
6.1338
1.7725
0.1387
0.1252
0.5944
1.6821
0.5999
0.2848
2.6809
0.3046
0.2617
0.1931
0.0816
0
0.7299
0.0559
0.8605
0.2046
0
1.5102
1.076
1e-04
0
0
2.0856
9.7296
9.5869
5.6204
1.334
0
0
0
0
0
0
0.2723
4.7203
12.4795
1.4071
0.1016
3.4904
2.441
0
0.1891
0.2375
0
17.5323
3.0514
0.1226
0.1433
0.6598
0
0
5.6953
4.0687
0.1646
0.0786
0
0.0333
0
0
0.1313
0.0582
0
0.849
4.8867
3.5237
0.9778
0.2954
3.8263
13.1819
16.0915
15.4507
15.9178
0.8412
0.8038
5.9535
0.9955
6.5121
8.5411
0.9513
1.848
1.1891
0
0.1039
6e-04
0.0067
0.0381
0.1607
0.1491
0.0879
0.2092
0
0
3e-04
0
0
0.2864
0.0591
0
0.0067
0.0179
0
0
4.2461
5.7807
0.1108
0
0.0265
0.3747
0.3376
0
0
0
0
0
0.1497
2.2698
10.6332
6.4235
14.8113
2.7156
2.2882
5.0958
8.335
0.0539
0.2006
0
0.3489
1.5098
3.5972
18.093
0.0051
0.0102
0.7181
0.1669
5.9695
4.969
1.7905
3.5838
0
0
1.823
10.7741
3.2735
7.5165
9.2771
2.4457
0.7294
3.3486
6.823
5.2812
1.6095
0.4353
0.1379
0
2.2614
1.2061
0.1127
0
0
0
0
0
0.9075
7.9211
9.5604
2.1984
0.1947
6.1327
2.0527
0.0147
0.4547
0.4772
27.3839
0.0068
0
0.4039
11.5173
10.2874
0.6326
0.3036
0
0
0.5562
1.3855
4.8057
0
0
0.4217
7.1152
0.0318
0
0
0.302
15.9154
0.8695
0
0.0258
0.0544
2.2327
7.1481
13.8816
5.6151
0.0602
0.2339
0.2139
0
3.3652
6.416
16.0975
1.8943
0.251
4.9084
0.8644
0.0108
0
0
2.0878
15.4885
16.0497
6.449
0.3366
0
0.5463
18.8683
1.432
0
0
0
1.6619
0.7824
1.1949
0
4.212
11.6825
1.908
0.0963
0
0
0
0
0
0
0
0
0
0
0
5.657
3.9825
0.4501
0.7121
0.019
0
0.6932
1.5457
2.4147
0
0.001
0.2922
0.7333
0.4965
0
0.0618
0.4904
2.4952
2.5853
3.6305
4.3798
5.8085
20.7268
0.2369
1.7279
2.8143
23.0833
7.52
0.5532
0
0.1861
6.0893
0.7541
1.9651
0
0
0.3029
1.1749
1.1119
0.1121
7.4346
20.5626
9.6959
7.2722
0.1187
6.3884
0.335
5.2225
11.144
2.7522
2.898
5.6231
5.272
2.0861
14.4417
0.9262
0.2539
1.0131
4.316
0
4.6975
0.0328
0
1.584
19.9188
4.6096
6.6167
0.3253
0.2696
3.2164
0.5459
0
0
2.859
1.4273
6e-04
6e-04
0
11.2455
17.74
1.3022
2.6736
0.1779
0.2141
0.1982
0.8879
0
0
0.789
0.2939
1.4844
0.9542
1.4285
0.0897
0.2516
3.2757
0.2879
0.1463
0.1122
0.155
0
0
1.7383
0
1.1888
0
0
0
0
0.2787
0.3029
0.0812
1.632
0.4287
0.0118
0
1.0182
0.2746
6.7825
2.9812
0.0411
0
0
0
2.5795
0.5611
2.3137
0.4781
2.9584
0
0.2935
0.5838
0.4243
1.6051
14.8087
3.4381
0.916
10.3935
0.1358
0
0
0
0.0192
0
2.0368
0.4073
1.0701
4.829
0.3985
5.064
0.1876
10.735
0.0011
0.001
1.0557
0.124
3.2472
0.9113
0
0
0.3741
0.8382
0.484
0.0908
5.0287
0.157
0
3.9792
2.6907
4.5167
2.8225
12.4118
1.1049
0.162
0
2.8742
0.4535
14.8326
0.0054
0.026
0
0.2591
0
0
1.3932
2.3334
0
0
0
1.0936
1.0972
0.9282
0
10.5024
4.9751
1.539
0
0.2269
0.2372
2.0488
3.5747
1.1503
10.4809
0.385
8.3126
1.7696
1.3812
1e-04
0.5317
16.2424
8.3543
0.7563
0
0
0
0
0.2098
0.5554
0.1136
3.5145
0.9533
0
0
0
0
2.6856
11.2103
0
0
0
0
0.0745
0.6352
1.8868
3.23
31.2916
4.977
16.4062
7.2087
1.14
2.1481
1.6474
0.9201
0.842
0
1.7324
13.6561
0.531
1.3147
5.6915
0.7487
0.1522
0.5957
0.04
0.4192
21.8878
6.7771
5.1474
2.1054
1.7559
4.5299
7.1537
1.3319
0.3587
0.1293
10.1546
7.8673
6.2484
0.5653
8.0989
4.1092
0.0015
0.9509
1.3936
0
0
0.5872
3.7562
9.6112
0.0339
7.0252
1.0153
11.9107
0.2458
0
0
0
0
1.362
27.3309
2.322
20.9424
10.0472
5.288
0.1752
0.2789
15.1963
0.1313
0
0.0016
0.6351
0.1823
0
0
0.6345
2.5223
5.4625
0.0136
0.4193
0.6827
0
1.8564
3.9671
0
0
0
1.3445
1.2894
11.8308
1.3966
0.7628
18.8202
1.2277
0
1e-04
1.5975
0.807
3.9393
0.0038
1e-04
0
0.2409
0.44
0
0.873
0.1782
0.1064
18.2091
7.3826
0.0243
0
0
0
0
0
0
4.4876
0.2895
0
0.0211
0
0
2.5532
12.9151
11.549
0
0
0.1169
0.0261
0.1675
15.6185
0.1543
0
0.0174
5.3537
5.1397
2.2961
16.6113
4.9315
20.5015
2
3.3479
10.5647
17.1663
0.5256
26.802
5.1561
0.5321
0.2266
0.0274
0
1.0519
0
0.0256
0.8525
10.106
10.6469
0
0
0
0
0
0.0658
0.0432
0
0.091
0.0295
5.0683
5.8526
2.7924
0.119
0
0
0
0.4044
1.293
0.0375
0.6663
0.2348
0.0675
0.0115
1.9111
2.7257
0.0333
3.6269
0.2618
0.6566
0
0.081
0
4.2406
8.7445
8.0115
5.2233
1.8599
0.0574
0.1607
0.28
0.4358
25.8223
0.1444
0.0104
0.0367
0
1.0724
18.136
2.9222
0.0048
0.0163
0.112
8.7882
6.2978
8.2302
0.2418
0
9e-04
2e-04
0
0.028
1.2769
0.5569
3.3749
1.177
0
0
0
0
6.7835
8.527
0
0
0.9765
0
0
0.1597
0.336
1.9423
0.24
0
0
0
0
0
0.2703
7.6634
0.6315
0
0
0.0483
0.8628
0
0
5.9576
9.3589
8e-04
0
0.9305
0.2983
0.0054
0.0047
4.5096
0
0.3869
2.9217
8.0503
0.3226
1e-04
0
0
0
0
0
0
0.2997
0.059
0
0
0.838
0.2719
0.5074
0
0.0339
0
0
0
0
0
0
0
0
0
0
1.0202
3.951
6.5884
0.1675
0.6173
0
2.9025
0
0
0
0
0
0
0
0
9.3841
0.2896
0.154
0
0
0
0
0
0.7472
0
0.0129
1.695
0.5457
0.2287
0
0.1044
29.231
5.4224
0.1479
3.4767
0.0477
7.4982
14.196
1.0302
1.1057
0
0
0
0.374
8.4763
0
0.2133
1.7545
0.7532
0.0175
0
9e-04
0
0
0.4368
3.2821
0.7996
0.0262
1.1382
1.9875
1.9169
0
0
0.3671
14.0869
7.2858
0.1844
8e-04
0
0
0
0
0
0
0.9626
0.0011
0.7477
2.5829
0.1698
0
16.6672
4.6191
0.9521
0.4768
1.2322
0
0
0.3444
2.8975
1.1736
1e-04
0
16.9847
12.9313
15.9637
7.2431
17.2095
0
0
2.9468
2.8561
0.3224
6.6892
0
0.0417
16.4712
0.3514
0
0
0
0
0
4.3429
38.7789
5.8509
6.6755
1.0677
0
2.1777
7.7224
0.1928
0.1943
9.4029
24.4988
8.2314
12.3476
3.2342
12.4636
4.0044
3.6133
3.0299
4.3002
0.2795
0.18
0.8945
0.0148
6.2565
15.8593
0.213
0.3834
0
0
0
0
0
0.2852
0
17.1292
1.6195
0.3835
0
0
0
0.1092
0.1684
0.4692
4.4152
9.3618
0.1334
4.0221
0
1.636
3.359
8.6698
0.7008
0
0
0
0
0
0.0267
0.1413
0.0134
0.0403
0
13.6889
9.9206
0.8794
0
1.8346
19.0462
24.0519
12.7871
0.3045
0.5777
5.7707
0.1386
0.2691
0
0
0
0
0
0
0
0
7.4211
7.6902
2.2465
1.4796
12.5954
1.1556
4.7557
8.4149
0.4585
0.2488
0.3949
4.815
0.1073
0
8e-04
0
0
0
1.9988
1.6728
1.3532
0.399
1.5621
0
0
2.5159
3.0261
0.8338
1.3363
0.859
3.5333
0
0
0
0.0012
0.215
3.6479
9e-04
0.043
0.7866
0.9015
0.0675
6.4873
3.5601
1.2428
0
11.5133
0.1155
0.7815
0
0
0.6219
0
0
0
0
0
0
3.2931
6.3935
0.0711
0.0011
0
0
0
0.0409
0.3348
1.5796
0.2492
0.2334
2.556
0.008
0
1.2661
0.516
24.6712
0.7903
1.4878
0.9446
6.4312
1.6483
4.5784
7.1581
4.9539
3.6426
9e-04
0
0.1113
0.5229
1.8892
0
3.2925
6.153
0.0482
0.5179
16.3393
0.4334
0.0988
1.7863
0.8698
7.9721
1.4724
0.0637
0.0483
0.2883
2.5257
0.9721
1.1947
6.733
1.0646
9e-04
0.0691
0.0042
0
0
0.0835
0
0
0
0
0
0
0
0
0.1448
0.0164
0
0
3.6363
4.6798
1.614
4.4655
0.3963
0
1.0307
0.1384
1.1744
3.7293
0
0.0792
0.6701
2.227
1.9911
3.7003
3.8037
1.0913
11.2328
0
0
0.0144
0.1439
0.717
0.1755
4.361
6.886
8e-04
0
1.2771
0
0
0
7.8565
3.6741
0.925
0
3.8477
0.093
0.0376
0.001
0
0
0
0
0.0834
2.5593
1.6937
0
0
0
0.15
0.5235
0.0145
0
3.7804
0.9077
1.0194
0.3115
0.0605
0.227
0.9458
0.051
5.224
0
0.7492
0
16.4709
5.7791
1.0191
0.4395
0
0.2074
0.9805
0.5558
0.6472
3.0672
12.25
3.5306
0
6.0838
4.6007
0
0
0
0
0
0
0.1295
1.0755
0
0
0.5792
1.2081
1.2163
1.8035
0.0429
1.0102
0.0605
0
0
1.3886
3.2203
0.575
0.0987
0
0
0
0.0429
0.3044
0.0432
0.187
0.0752
4.4384
0.9596
0.4391
0
0.1167
0.478
0.5682
8.449
7e-04
0.0459
0.5662
0.6875
0
0
0.1683
0.2099
0
2.1622
0
0
0
0
0
0.7342
4.7487
0.2247
0
0
0
0
0.013
0.2603
0
0
0
0
0
0
0.8182
0.1448
0
0
0
0
0.691
2.835
0
0.0074
0.0136
0.1201
0.1886
0.0416
0
0
0
0
0
0
0
0
0
0.9252
5.3353
5.9328
0
0
0
0
0.8531
9.7382
2.1883
4.8284
2.9376
7.4472
0.1174
3.747
0.1979
5.1386
11.4509
0
0
0
14.174
5.5964
0.001
0
1.6725
4.8904
5.7864
3.5598
0
0
0
1.8097
1.4501
0.4984
0.1899
1.9699
5.4991
0.001
1.3813
13.8946
15.4152
0.0879
0
2.7451
11.8149
0.3706
0
9.5147
0.8993
22.5836
3.0192
0.0011
0
0.1139
0.979
18.3704
6.9573
1.7611
0
0
0
0
0.0011
3.6269
2.2752
4.9618
0
0
0.0666
0.3739
9e-04
3.688
2.7935
0
0.1329
0.364
0
0
0
0
0
0
0
1.4619
3.7055
0.2553
0
0
0
0
0
0.2773
0.2566
0.4034
0.0159
0
0
0
5.4869
3.9459
41.3193
0.7621
0
4.8709
3.1197
3.474
0.9942
0.0605
0.339
0.1212
1.6859
0
0.339
0
0
0.0017
0.0479
14.6909
19.8204
3.8901
1.1114
3.928
0.3346
16.587
1.5985
0.0146
8.0857
0
1.534
1.6695
0.034
8e-04
1.5656
20.0372
0.6453
0
0
0
0
0.1448
2.989
0.0318
0.172
0
1.2253
0.3126
0
0
0
0
0
0
0.4115
1.6955
0.6334
0.0158
1.6158
0.4911
0.3553
0.0746
0.1745
0.0776
1.1206
0.234
0.1018
0.1204
7.0397
0.8524
0.035
0.1684
11.4907
19.3772
0.0084
0
0
0
0
2.2027
0.7828
0.0293
12.4078
0.0242
3.9148
0
0.212
0.0304
2.7717
2.1889
1.1831
1.1745
0
0
0
0
0.0912
0
0
0
0.3542
0.8424
17.079
0.2016
0
2.362
1.7606
0
0
0.321
2.5114
0
2.2108
1.0586
0.0223
0
0.0223
0
0
0
0.4827
1.3212
0.751
0.134
0
8e-04
1e-04
1.1379
9.4526
0
0.1731
0
0.1986
1.6324
0.1023
0
0
0.0027
0
1.898
3.2972
0.2023
0.7228
0
0
0
0
0
0
0.0014
0.0981
0
0.3671
12.2513
6.0136
1.9395
1.7077
0
0
0
0
0
1.7224
14.1026
2.7961
10.6493
2.0796
0.6572
1.6948
11.8499
18.7201
4.4437
0.8762
1.8514
2.6855
1.2406
0.2386
2e-04
1.2152
4.0875
2.5439
4.2987
0.7826
2.8299
7.0594
1.8674
0
0.0567
0
0
0
8.2324
1.9055
0.3368
1.6889
2.2641
0.3518
0.1643
0.4978
0.2871
0.2163
11.0185
5.1567
4.6927
0.7016
3.6742
2.468
1.9583
3.7121
6.6959
0.1252
0.0568
0.0147
0
0
3.758
5.2011
2.4146
0.9148
19.5705
1.6833
10.1352
23.9351
0.0058
0
0
0.0635
31.9642
5.2927
11.5115
7.7612
8.7498
2.1599
0.0418
0
0
2.1093
0.731
0.6603
11.0525
8.3265
7.4924
6.1055
3.7285
1.2638
1.6514
3.8304
1.262
0.8423
0.6173
0.1562
0.5906
0
1.1623
3.2667
3.8171
0
0
0.0045
0.0452
2.5635
1.3391
0.6411
0
0
0.1518
0.3012
0.3631
0.4301
0.352
0.2228
0
0
0
0
0
10.102
12.512
0.8305
0.3512
0.0788
6e-04
1.9483
10.211
6.7204
5.9707
0.1159
6.7849
1.3195
0
0
0
4.071
3.3571
0
0
0
0
0
0
0
0
0
1.7894
1.0398
0
0.0566
0.1501
13.174
1.8704
0.8912
0.1168
0.0827
0.0122
0
0
4.2632
2.1519
0.4934
0
18.4441
0.0622
0
0
0
0.9238
5.7142
4.2077
3.2685
14.2148
0.1619
0
7.5924
11.6024
3.5766
12.7428
2.5182
0
0
0
0.4384
1.1787
0.591
0
0
0
0
0
0
0.0011
0
0.7405
0
0
0
0
0
0
0
6.2044
0.32
0
0
0
0
4.799
13.3675
0.5168
28.0779
3.0277
3.1789
0.2014
0
0
0
0
0
0
0
3.2783
2.829
0.2149
0.1145
0.2467
0
0.8491
3.474
9.823
2.5434
1.6104
0.1942
0
0
0.0275
7.5994
17.0403
13.1809
0.6065
0.0177
0
0.0397
0.047
0.1481
0
0
0
1.0175
0.6885
2.9712
0
0
0
0.1984
0.3824
0
0
0.8442
0.0956
0
0
0
2.5415
0
0
1.3094
2.2926
0.4032
0
0.1826
1.8118
1.0182
0.6956
0.0012
0
0
0.3366
2.7729
0.108
0.6129
1.7722
5.2032
8.7617
0.2617
0
0.3992
6.3247
0
0
0
1.5816
1.479
2.9865
0.1825
0.1369
0.005
0
0.0011
0.1237
5.6836
3.7685
0.0323
8.4711
1.7649
0
0.0131
0.2924
2.5067
0.088
0
0.0041
3.7393
0.6215
0
3.6975
15.8667
2.2328
7.7698
0
0
1.0301
0.0044
0.7805
0.1901
0
0
0.9175
7.0583
24.9274
5.1029
0.0694
0
0
0
0
30.9014
3.6745
1.2125
0.2338
0
0
0
0
0
0
0.0535
0
0.7715
0.3245
0.3599
9.6383
1.1707
1.5675
0
0
0
0.1309
6.0216
1.362
0.0714
4.2664
0.185
0.093
1.2792
0.6737
0
0
0
0
0.2273
1.3056
5.7512
2.1904
5.5996
2.6069
1.3309
0.6924
0.2944
0.1759
0.4988
0.7487
0
26.3035
3.023
1.1524
0
4.2513
0.0725
0
0.7079
0.0011
0
8.2732
10.095
0
0
0
0
0
0
0
0
0
0
0.4471
6.7782
27.2445
5.6734
0.1374
0
0
0.0439
2.1445
3.5011
4.8837
12.7101
3.1849
4.2706
18.3013
3.4186
0.1905
0.0209
2.8384
1.0035
0
0
1.1261
2.7733
14.4774
0.0478
0.3512
0.9512
0.0034
0
5.8832
5.6007
21.7486
4.342
8e-04
0.035
1.6645
21.2388
4.6878
0
0
0.0018
0
5.6557
0.714
0
0
0
0
0.1453
0.461
2.8197
3.6987
1.5537
0.4545
5e-04
4.6785
4.7327
5.9634
0.0235
0.1237
0
0
0
0
0
0
8e-04
5.6395
2.2577
21.8733
20.9647
4.653
20.3663
1.4589
9e-04
0.0708
0
0.0046
3.5716
8.7361
25.9148
4.1907
0
0
0
0
0
0
4.0287
3.5434
0.0011
0
0
11.5247
11.017
1.539
1.5261
0
0
0
0.0059
2.4812
35.2889
0.089
0.0211
0
0.0488
3.0075
11.3015
3.7825
5.175
1.536
0.4713
0
0
0
0
0.0151
0.472
0
0
0
0
0
0
0.0081
2.8059
14.8688
2.3859
41.1168
0.1224
0.2703
0.1226
0.0178
10.7032
3.8536
6.1223
0
0.0138
6.4336
1.3559
3.4023
3.1507
1.0735
0.4014
0
0
0
0
0.9665
2.5265
0.0162
0
0.1619
20.1279
0.2752
0
1.6024
1.9877
19.2092
19.1032
3.5317
2.9605
0.4331
0.009
0.1037
0
0.3104
16.5948
0.0816
0
9e-04
11.8871
0.2425
0
0.0417
0
0
0.047
0
0
0
0
0
0.0371
0.6104
14.2693
1.8624
6e-04
0.3937
1.8718
5.0848
0
0.7782
0
0
0.0017
0.1738
1.2903
0
0
0
0.5932
10.6662
2.2264
0.263
0.012
0
4.3565
4.9269
0.298
0
0
0.0401
34.3611
2.9464
0.1387
0
0
0
0
0
0
0
0.0238
0
15.3083
1.0312
1.6161
16.1064
0.9577
0
19.2171
3.7288
18.3019
1.8993
0
0.3237
0.4955
4.2249
21.2026
35.1137
0.6762
0
0
0
0.0024
2.3466
0.274
0
0.0709
0.0321
0.356
10.5227
0.7727
0
0.118
0
10.1393
0.7972
0.0256
0.1368
2.5649
4.1459
0
0
0
0
1.1356
0.3377
1.1914
0.089
5.8178
0
0
0
0
0
0.2296
0.9605
0.852
0
0
0
0
1.1488
4.1672
10.8901
2.5966
4.539
0.5689
2.3139
1.9832
1.7865
0
0
0
0
0
0
3.5604
0.6055
0.616
3.7318
0.4515
2.455
5.4618
4.5389
0.2678
0
0.3916
0.1479
0
0
0
0
0
0
0.3316
8.1549
1.0438
0
0.0271
4.1566
6.8058
0.5303
0.6539
2.0846
2.827
2.6406
0.0179
0.0171
0
0.2059
0
0.3713
0.8875
3.6789
0
0
2.8085
5.2317
1.0115
0.4718
0.0776
9.438
4.2712
3.1074
0.0348
11.7055
0.0236
19.8078
14.098
1.0432
1.1895
0.1053
5.8928
0.0396
0.079
0.0016
0.6326
0.6058
0.0145
1.0356
0.0854
0
0
9.8235
4.0612
0
0
1.6979
0
0
0.0022
3.0211
4.9667
2e-04
0.5449
6.3898
0.0635
0
0
0
0
4.1131
4.1452
2.0533
20.9128
2.3695
0.1176
0.0854
6.7438
15.9515
5.8967
8.6938
0.4418
3.0464
0
0
0
0
0
0.481
4.8528
2.6442
0
0
1.4732
8.7918
0.2701
0.0956
0
0
0
0.3105
0.3016
0
0
0
0
0
0
2.7728
2.7063
3.6639
1.2161
4.5273
0.7617
0.1019
0.5188
1.6189
0
0
0
6.4447
3.1244
0.1003
0
0
0
0
0
0
4.2901
9.243
3.6225
0.2658
0
0
0
0
3.3102
1.1406
0
0
0.1943
5.9857
0.9272
0
0
0
9.5887
6.1059
0.2774
0
0.3314
0.2844
0.1387
3e-04
3.1543
4.8421
12.9215
19.1409
10.9632
0.1832
0
0.0622
7e-04
2e-04
0
0
0
0
0.8533
0.1
4e-04
5e-04
13.773
17.6693
1e-04
0
0
1.1219
4.8824
1.2948
0
0
0
0
0
0.032
0.3018
3e-04
0.0568
0.0345
0
0.582
7.8125
0.078
0.5915
0.703
0.3397
0
0
0
0
0.0041
0.5961
16.4472
1.2897
0.3497
0.6162
0
0
6.0985
2.6204
1.3471
2.697
1.0599
1.6632
0
0
0
5.3674
0
0
0
2.143
20.7465
14.349
17.9736
4.0214
0.0925
0
5.301
2.8635
2.7517
0.2775
0
0
6e-04
0.8402
1.1211
0.0096
0
0
1.6545
1.4044
0.7411
0.067
2.4984
1.7591
0
6.6302
5.3858
12.0266
3.8725
3.0608
0.1182
1.2677
0.2277
1.3204
0.5546
1.2877
1.4065
0.7062
1.775
2.7446
11.335
1.4258
0
0
0
0.009
0.0741
0
2.9304
1.4334
0.9571
0.2157
0.1793
0.2714
0.239
0.2748
0
0.4065
5.0563
0
1.9565
0.0024
0
0
0.0018
0.5915
4.119
0.9017
0
0
0.2561
4.5708
0.164
0
0.0471
0
0.0904
1.0641
0.2999
0.3148
0
4.5467
23.5634
1.6152
0.9672
0.1783
0.0011
0.1001
1.2147
0
0
2.7436
1.5097
1.7267
0.2042
0
0
0
0
0.0706
0.6335
0.4031
0
0
0
0.708
0.7529
1.3712
0
0.0432
0.2001
0
1.7715
0.0892
14.6052
1.7839
0
5.5434
6.7434
0.6522
0.2979
0.3251
0.1366
0.0603
0.3466
0
0
2.9287
0.7715
0
0
0
0
0.468
7.3201
4.2635
1.0327
0.182
9.4946
2.1663
1e-04
0
0.0328
0.0743
0.2294
8.0262
4.497
6.3492
0.0321
0.8281
8.3235
1e-04
0
2.9943
2.3381
2.792
0
0.073
5.3286
0.9171
5.3611
0.1134
0
0.2624
0
0
0.1371
0.047
0.939
0.5732
1.8363
1.0675
0
0
0.1893
9.0336
19.1548
10.9204
0.5398
5.6151
10.3709
5.2957
0.879
5.0287
3.0247
0.656
0.4724
0.0315
0.5817
3.1235
0.4372
0.5619
0.599
5e-04
1.9995
6e-04
0
0.7483
5.5077
0.0736
0
0
0.0116
0.0738
0.6347
2.0351
9.1996
7.2869
0.0351
0
0.2027
1.3945
7.6204
23.582
0
1.6148
0.3244
0.471
1.4788
19.1346
1.0166
0.1554
0
0
0.7865
4.8905
1.1761
2.3835
0.1039
0
0
0
0
0
2.069
0
0
0.6268
39.6002
2.1399
0.2502
0.0337
2.2418
2.0871
7.864
1.5921
1.1919
0.0657
0
0
0
0.5933
0.0886
0.7537
0.0586
2.9119
0.2053
0.18
0.4035
1.0996
9.5635
0.1726
11.4022
32.6823
15.9754
21.269
1.8621
18.0346
1.4355
4.1622
6.4215
2.0795
0.878
16.2082
3.3183
0.1646
8.8231
1.4762
0.0777
4.08
8.6682
13.7696
0.2184
0.068
3.2586
0.9529
0
0
0.0086
3.731
1.9187
0.5809
12.2517
0.1363
10.4976
8.8774
7.8109
1.0506
0
1.5704
7.3097
1e-04
0
0.0216
4e-04
2.2523
2.1924
2.0748
12.4401
10.5359
0.0309
0.1651
0
0
4.0829
7.2922
3.128
0.7305
28.1235
11.411
9.0442
6.1474
16.4448
0.0172
0
0
0.2413
0.1481
0.1056
2.1378
11.1743
4.705
0.2327
35.7192
5.9798
0
0
0
0.0202
0.3498
1e-04
0
0
0
0
0
0
1e-04
0
0.5159
1.051
9.6513
0.8411
1.1002
0.3774
0
12.4162
13.8215
4.2842
0.1107
0.3144
2.2487
0.7187
0.1915
0
0
0.0472
0
0
0
0
0.7333
0.0665
0.0151
14.6296
16.9965
0.8154
3.2247
0.6277
0.3624
0.3933
0.2319
2.687
3.5674
13.5387
24.5823
3.0573
0.6456
0.0218
0
0
2e-04
0
0.0269
11.4703
8.337
8.5827
0.5135
3.2845
0.0195
0.0619
0.0209
0
0
0.326
0.3023
0.3626
0.0033
0.0281
0
0
0
0
7.4165
0.4698
0.0128
0
0
0
0
0
0
0.9128
6.864
0
0
0
0
0
0
0
0
11.6167
19.9416
15.1293
0.089
1.4278
7.7476
21.747
12.1746
0
0.0117
0.9187
0
6.5534
0.4372
3.8396
10.9655
0
1e-04
0
0
0
0
0
10.7116
2.7964
0.0236
7.238
0.0304
0
0
0.4788
0
0
0
0
0
0
0
0
0.3722
0
0
0
0
0.3251
13.6163
1.4977
0.0013
0
8.5425
0.0948
0.0058
0
0
10.4389
7.2019
1.4675
0.4093
0.1608
1.6296
0.0286
0
0
0
0
19.9216
3.8711
0.0633
0
2.2646
0.6639
4.436
1.9854
0.6527
0.5741
0.2207
0.5228
3.2791
7.6697
0
0.5729
5.3262
1.2817
0.2351
15.7259
1.7819
0
0.0322
0.0979
0.131
0
0
4.8009
16.4623
0.2589
0.221
0
0.0223
0.1475
0
0
16.0719
10.6798
0.8166
1.0262
0.1657
1.2492
1.3643
8.3464
0.1648
0
3.3293
5.4455
3.8718
0
0
3.7374
14.0984
4.6585
0
0
0.9178
2.3305
0.2769
0.0056
1.0883
4.1228
2.4476
0.0089
0
0.2352
0
0
0
0.2219
0.2784
0
0
0
1e-04
0.4844
0.5145
0
0.1088
0.0214
3.6392
2.4041
0.4637
0
0
1.1608
4.5039
1.2374
8.0397
0.0471
0.521
0.0064
3.8818
6.6588
0
13.2989
35.8669
15.868
0.9435
0
0
0
5.8097
0.3295
0
0
1.0941
0.5881
4.799
14.0044
0.337
0
0.0468
10.855
18.9307
0.5828
4.7008
0.4408
0.9709
1.5476
4.956
6.3051
0
0
1.6686
2.4049
4.7259
0.279
3.5331
4.6408
10.9797
0
0.9386
0.112
0
0
0.0786
2.0434
0.0052
0
0
0.0559
0.061
3.1366
0.1278
2.4378
0.0542
0.5037
0.0494
0
0
2.5611
2.1674
3.8246
0
0.0674
0.5466
0
0.1596
3.0018
2.4169
0.2504
0.4198
0
0.0206
0.3954
0.0836
0
0.0016
0.8882
0
0
0
0.008
0.0527
0
0.0028
0.0284
0.6555
0.1521
2.289
7.5638
7.9769
12.2475
1.4054
0
6.7927
0.7214
0.0207
0.2744
0.7816
0
0.2399
0.0286
1.018
3.8296
0.619
0
0
0.3204
0.233
0.5914
0.0071
2.0073
0.9272
7.6676
14.0339
3.4058
2.2396
4.3516
2.8218
0.031
1.1885
0.229
0
0
0
0.1915
0.484
10.0891
0.123
0
0
0
0
0.0122
11.143
12.0011
1e-04
1.0933
2.5319
5.2961
0
0
0
0
0
0
0
0
6.8417
3.8292
0.6704
0
3.5296
0.2306
3.7415
0.139
0
0
0
0
0
0
11.6961
12.6257
2.8686
0
25.9964
1.3799
0.0188
0.0031
0
0
0.2952
2.1437
0.4753
3.0507
16.365
0.7968
0.2694
0
0.7724
2.1854
1.3644
18.8361
3.7347
0.1549
0.0758
0
0
0.4121
0.0026
0
0
1.0837
1.0511
0
0
1.4092
0.5825
1.0569
4.6004
0.0865
0.3777
0
2.128
0.2858
0
0
0.1124
0.0902
0.1159
0.2013
0.1613
0.1276
2.5771
0.9875
4.7728
4.5227
0.2268
0
0
0.9849
0.2763
0.0799
0.4818
0.2566
0.4537
6.8416
0
0
0.1345
0
0.041
0.666
0.3718
5.002
1.2151
10.7213
13.7703
0.4582
0.7205
0
0.1874
0
0.0319
0
0
0
0.0745
5.2932
2.0516
0
0
0.059
0.3041
0.4141
0.0828
0
0
0
0
0.0586
0.2921
0.0242
9.0316
1.4315
1.855
2.5707
0
0
0.1443
0
0
0
0
1.8482
2.254
0.8359
2.5692
4.6318
0
0
2.5215
0.2994
0.1962
0
0
0.5859
0.0082
0
8.4
0.0939
0
0.5414
0
0
3.6349
0.6445
2.0117
0.1962
0
0
6e-04
6.6546
0.0664
1.5509
15.201
3.7978
0
0.2909
12.7166
6.865
22.3745
5.1426
0.0538
0.3907
0.1149
0
0
0.033
0
0
0
0
0
0
0.5486
5.9908
2.3135
3.3021
5.8034
3.5097
0
0.0071
0.016
0.084
0.7552
4.255
1.1295
0.02
0
0.9216
5.6212
0
0.2105
1.9651
0.2502
0
0
0
0
0
0
0
0.6272
3.7975
4.6962
0
0
0
0
0
4.2312
0
0
0
0
0
0
0.3369
0
0
0.1609
2.1884
6.1875
0.8137
0.1815
0.4171
0.2091
0
0
4.0043
3.9971
0.0312
4.1046
40.0295
13.5764
15.1849
4.6706
0.1817
8.4612
0.7027
0
0.706
1.1491
0
3.5874
0.3093
1.277
7.7719
6.5287
0
0
0
0.8307
0.8635
0.0647
0
0.3928
0.1659
1e-04
0.0713
4.0977
13.2055
0.4273
0.4433
2.3653
0.9799
2.1968
10.0461
0.8778
0.7754
0
0.0851
0.2149
0.1526
8.6225
7.1057
0
0
0.0407
0.0026
0.2456
3.9431
1.5457
24.6224
12.1334
0
0
0
0
0.787
8.6063
7.4443
0.9742
0
0.1188
0.7055
0.2878
0.1899
1.6641
2.6691
0.2848
0.9601
0
0
0
0
0
0.6603
0.7623
0.0152
2.3904
0
0
0
0
1.4415
0
0.2376
2.4693
0.1418
0
0
0
0
0.0369
0.7391
10.7868
5.2432
1.2167
1.0524
0.6566
0
1.7213
0.0958
0
0
0
0
0.8547
1.4258
3.5942
0.0072
0
0
0
0
0
0
0
0.0062
2.9525
0.015
0
0
0
0.6328
1.2403
0
0
0
0
0
2.0798
7.3077
0.2972
0
5.6027
4.4182
5.9762
0.0121
0
15.0712
3.7233
0
0
0
0.2338
0.0043
0.1829
0
0
0
0
0.447
0
0
0
0
0
8.8042
6.9464
0
0
0
0
0
0.2928
4.8925
1.2084
18.0061
1.6975
9.8129
4.051
2.5034
0.4485
0
0
1.5112
3.502
9.6112
0
0.2471
0
0.0856
0.1614
0
0.2471
0.1136
0.135
0
0.2469
0
0
1.8972
2.8781
0
0
0
1.0772
2.5659
5.7126
0
0
0
1.0331
1.1144
1.4724
5.64
19.3675
5.8858
0.1162
0.0277
3.6049
31.1298
5.4537
1.4895
0.4296
0.4036
0
0.0206
0
0
0
0
0
0.3478
0
0
0.5413
0
0
0
0.0321
0
0
0
0
0
0
1.744
0.5098
0
0
0
0
0
0.0012
1.1942
0.6065
0.0311
0.3646
9.6884
7.6009
0
0
0
0
1.2048
1.3525
19.0455
14.0109
8e-04
2e-04
0
0
0
0
0
0
0
0
0
0.8084
0.9475
0
0.0323
0
0
0
0.8759
1.4073
0.0326
0.0506
0.0762
0.0888
0.0994
0.2184
2.0396
0.0317
0.2029
0
17.6409
20.3163
11.4167
0.3254
12.0485
0.3514
0.0127
0.0668
0
2.7646
9.9246
1.2861
2.1944
31.2069
0.0315
0
0.0085
1.5381
0.0055
0.0263
0
0
3.4807
0.0503
0.3513
0.003
0.7064
4.9081
0
0
0
10.5782
7.8006
6.8629
0
0.3069
5.422
0
0.0269
3.9325
11.2433
5.0728
0.0223
0.0955
0
1.2329
22.2631
7.6823
0.0697
0.1452
21.925
8.9935
0.0088
0.0244
6.0114
8.7213
3.4141
0.0111
0
0.3448
0.0019
0.8578
0
10.4411
1.1804
0.1389
0
0.7945
0.9404
0
0
0
0
0
1.0415
0.6937
0.341
3.2171
2.1122
6.2433
24.183
4.746
9.6977
6.0567
1.8644
0
0
0.5141
7.623
1.6904
0.0312
0
0.0307
0.0242
0
0
0.3512
12.2362
1.9081
6.8836
12.4039
0
0
1.7317
4.4405
3.7442
22.0219
1.1639
4.5116
8.0076
4.9702
2.8134
0
0
0
8.0523
4.8945
1.8887
6.7277
9.392
1.6787
0.252
13.8154
6.4979
1.2804
0
3.5409
0.1267
2.2004
4.7839
0.5144
16.2297
7.4844
0
0
0
0
0
0
0
0
0
0
0
0
0
0
0
0
0
0
0
0.109
3.8639
0.6464
0
0.3395
1.8562
0.4506
2.6618
0
0.0851
2.6332
0
0
15.558
1.3311
3.5384
0
0
0
0
0
0
0
0
0
0
18.4665
4.8275
46.372
12.506
0.0189
0
0
0
0
0
0
1.0214
0.0837
0
0
0
0.1184
2.4404
2.3556
1.7364
0
0.0437
0.0216
0.0168
7.8312
1.0128
0.5085
0.3555
3.9901
1.8595
15.5346
0.4903
0
0
0.3981
15.8418
0.0189
0.017
3.7067
24.558
0.2693
0.2757
0.054
0.0379
0.447
1.4183
3.5352
0
0.0738
0.1344
0.0319
0.0309
0
0
0.2125
0.0667
0.1126
0
0.0049
0.058
0.9529
0.1452
0
0
0
0
0.4952
2.4297
0
0
0.4958
2.7423
9.61
0.0056
0
0
3.6972
5.8364
0.1638
0.0403
0.0761
0
1.1692
0.7373
0.0197
0.0429
0
0
0.1838
0.1579
0.3198
2.3986
6.6174
0.0068
0.0338
0.0037
0.3236
0.1855
2.2959
0.7052
0.6255
3.3658
0.0078
0
0
0.4112
3.8122
1.2103
10.1906
0
0
0
6.0058
10.6404
0
0.0557
2.1515
0.0248
0.0082
0.44
0.5176
0
0
0
0
0
0
0.5245
2.4094
0.2077
0
0.232
0.1438
0
2.3471
0.1142
0
0.0797
0.6844
0.0389
0.5045
0.0813
0.0678
0
0
0
5.1176
20.0394
6.3728
0
0
0
1.3433
0.4031
10.495
3.7646
0.425
0.0274
0.3061
0
0
0
0
0
0.7693
0
0
0.5836
20.7225
17.6611
1.0122
0.019
0
0.5011
0.3374
0.0127
0
0.1149
0.1973
0.6121
2.8276
11.5376
0
0
2.765
1.4349
0.08
0.2756
0
0.077
0.1424
0
3.6387
6.044
0.4701
4.2839
2.8755
0.1719
0
1.2195
6.4559
0.002
15.606
26.0977
0.4897
0.749
5.6165
0.1577
0.9612
10.9898
18.4204
1.9675
0.4642
0.7078
7.1803
3.7165
2.1159
0.02
2.281
12.0637
19.4176
12.0673
0.571
0.0024
0
5.1701
2.029
7.2164
0.0076
0
0.33
1.422
0.0141
0.1438
1.4842
0.6465
1.3384
9.5324
0.3828
0.6394
0
0
0.2251
6.103
3.882
4.2173
1.754
11.8984
18.4278
5.1732
4.0321
2.0599
6.4467
4.6908
2.2114
3.8038
0.0155
0.2242
1.9492
9.4308
7.7792
2.8983
0
0
0.7074
7.9841
0.5676
0
0
0
0
0
0
0.0278
0.083
0
0
0
0
1.7076
0.0724
0.772
0
0
2.2666
7.0638
25.1412
1.7685
1.1261
9.0135
0.4627
0.0641
0
0.0919
0.6241
3.7157
5.1021
0.035
0
9.2499
8.789
15.1753
3.2334
2.6344
0
0
0
0
0
0
0.1069
0
0.4711
0
0
0.1372
1.2283
0.5031
0.1478
0
0
0.1108
0.5428
0.6138
0.2128
0.4705
0.2041
0
0
0.0401
0.0412
0
0
0
0
0
0
0.0207
0
2.6064
24.5616
0
7.8769
1.4869
0.2957
12.3253
0.1962
2.5554
4.8502
2.7889
3.8816
0
0
0.0024
5.095
15.732
0.2072
0.0582
0
0.5877
13.732
35.2206
0
0
0
0.0135
0.0064
0
0
0
0.2083
0
7.9525
0.395
0
0
0
0
0
0.2083
0.6256
21.5443
1.9909
2.2434
0.7664
0
7.7383
0.7619
0
1.2702
0
1.2594
1.4944
13.2458
0
0
0
0
0
0.0187
1.4081
4.7715
8.3931
2.8019
4.1718
1.1945
0
0
0
0
0.1858
1.3842
0.3444
0
0
0
0
0.2151
0.3315
15.1904
12.4336
0
7.4793
0.6066
4.2156
10.004
0.2894
0.5098
0.5493
0.6415
0.8846
0
0
0.7679
0
26.1776
9.0601
2.5059
0
0
10.5911
21.0899
0.9243
0.0094
0
0
0.2716
4.1827
8.7175
0
0.2255
0.1326
0
0
0
0
0.7498
0.4209
0.356
0
4.8978
0
0
0
2.9636
0.5876
0.0188
0
0
0.0018
2.651
5.0236
0
0
0
0
0
8.9005
0.1186
2.8702
4.8957
0
1.9118
11.0367
0
0
0.0188
0
0.1611
0
18.9102
1.9829
0
0.1707
0.5187
0
0.2852
1.7896
0.3504
1.0637
0.1125
0.4661
2.8637
0
8e-04
0.7262
3.1773
3.5761
0
0
0
0
1.3145
47.2347
0.0024
2.2784
10.694
0.1124
0
6.8237
3.8727
0
0.0058
3.1687
2.3717
0
0
0
24.5562
0.0375
0
0
0.596
0
0
0
0.8038
1.6698
0
8.3064
1.2672
0
2.4011
10.1755
2.5333
1.6195
0
0
0
1.3267
8.1366
0
0
0.0095
0.0079
0
0
19.2226
1.0033
0
0
4.9195
1.1745
0
0
0
0.1918
0.4568
0
0.0347
0.0534
0
0.0028
5.8351
0
0.0157
3.5641
10.263
15.3568
2.6011
9.6044
0.6747
0
5.7804
1.3734
0.803
0.1344
1.7773
0.0553
0.5844
4.7202
0
0.4487
19.8771
7.3843
0
0.2813
0
0
0
45.9155
0
0
8e-04
9.1295
2.0349
31.8267
30.9138
13.8491
0.4165
0
0
0
1.6393
0
0
0
0
3.9314
0.2585
0.3018
0.0069
1.3137
0.0305
15.245
0
0
0
15.8486
0
3.1873
0.302
23.1559
0.1355
0
9.9047
1.9702
0.9423
1e-04
0.3243
0
0
0
5.5161
0.9505
24.4386
0
0
0
0
0.6933
3.5333
0
0.0616
0.0222
1.431
2.3546
2.0406
7.0916
2.1681
0.9191
0
9.866
1.9598
1
0
0
0
0
3.4535
0.0741
12.1267
0.0019
0
0
0
0
0
3.4381
0.8583
12.1025
0
17.1596
17.3075
12.0471
0.3043
0
0.1349
1.5155
1.4513
7.1663
9.0605
0.0481
0
0
0
0
0
1.3492
0.0322
0.0253
2.5564
0
0
0.9227
0
0
0.8523
17.2035
0
0.1252
0
0
0
0
2.2758
0.131
2.3563
38.8037
0
0.7229
1.1768
0
0
0
0.7229
0
0.4949
0.9475
0.7475
0
0.6364
0
0.997
0
0
8e-04
2.3056
0.0295
0
0
0
7.6281
0
0
0
0
0
0
0
0
0
2.779
0.5401
16.9352
4.5728
0
0
0
0.1153
0.9816
1.6333
1.1044
0.2931
0
0.7278
0.0336
0.0268
8e-04
0.0474
0.1426
0.0587
0.0011
10.3404
1.5401
0.7171
0
0
0
1.719
0.0354
11.7277
0.0402
0
0.7267
0.8622
0
17.1715
1.4531
0.4669
0.008
3.8494
2.1095
3.8323
0.856
2.0752
0
0
0.5254
17.7262
0.167
0
0
0
0
0
0
0
0
0
0
8.6629
5.5799
4.9148
8.9928
1.2414
0.0192
0.0214
0
0.8194
0
0
0
1.6056
14.7905
0.1391
7.6221
26.8284
17.2003
1.5675
0
0
0
1.7218
2e-04
2.1385
1e-04
0.8259
0.3281
0.0387
0
1.2876
0.3468
5.1647
0.2561
0
0
0
0
0.1065
0.0367
0
0
0
0
0
0
0
0
0
0
2.0697
3.7865
3.3343
0
0
1.8738
18.6405
25.2071
10.6433
1.1692
2.9279
0.206
0
0
0.2592
0
0
0.7155
0.416
1.2268
0
2.4874
0.6299
0
0
0
8.2001
11.402
1.0347
0.139
0
0
0.7467
0
0
2.9114
7.3574
0.1936
10.6804
11.165
0
0
0
0
0
0
13.0941
0.3582
0
0
8.2549
0.441
0
0
0
0
5e-04
20.2305
15.5644
1.8745
0
0
0
7.8533
0
23.1563
2.8132
0
6.4848
0.3114
0.0796
0.1089
0
0.7269
0.055
18.4887
0
0
3.704
1.2423
4.7134
10.8771
6.1706
2.3812
0.0058
0
0.6646
3.5193
0.6602
0
0.1086
0
0
0
0
0
0
0
0
0
0
0
0.7247
2.7731
0
0
0.0411
0
0.136
1e-04
0.7209
3e-04
0.3559
0.4182
0.3583
1.6537
0
0
0
0.7257
15.434
4.2602
34.1288
20.4176
0.1429
1.5942
1.945
0.2457
0
5.5015
0
0.3648
0.0357
0.2992
0.0223
2.092
17.7916
16.3047
16.4144
8.1461
4.9248
0.0429
0
0
4.5899
0
0
3.3751
0.9245
0.6242
0
0
0
0
0.0011
1.4794
2.7655
0.1325
0
4.2254
5.6177
15.1787
29.6434
19.0518
0
0
0.0184
0
0
0
0
0
0
0.3229
0
13.917
24.1483
11.3746
10.9439
0
5.8463
6.1017
0.0048
0
0
0
0
2.502
0
5.0336
0
0
0.1639
0.8203
0.0928
28.5436
57.3701
0.1057
0
0.0606
2.4414
0
0
0.0136
0.0317
0
0.2539
0
0
10.4284
1.6511
0
0
0
0
0
0
9e-04
0.3336
0
0
0.0016
0.3858
12.0224
0.0897
0
0
0.1349
0
0.0454
0
0
0.0154
0.2261
1.1608
10.4746
0.2857
0.7201
3.2579
9.3048
0.7988
0
0
0
0
0.0457
0
0
0
0
4.2282
0.1092
0.7086
3.0906
1.6593
0
0
0
0
0
0.0382
0.0031
7.3559
0.3047
1.7947
0
0
0
0
0
0
0
0
24.0936
0.2153
0
0.0225
0
0
0
0
0
0
0.6503
0
0
0
0
2.9251
3.3596
0
0
0
0.1592
0.5023
0
0.3141
0
0.0089
0
2.2661
0
0
0
0.3142
0
8e-04
0
0
0.2399
0.6387
0
0.2842
1.9517
11.8674
6.8797
0
0
0
0
0
1e-04
2.5495
0
0.2314
0.0986
7.6996
9.0166
0
0.0185
0.1908
1.5484
0
7.5499
0.4515
0.4658
5.2656
5.6791
1.2345
0
0
0.3689
5.9083
0.0425
0
1.8185
8.8359
3.6267
0.2739
2.1055
0
0
0.2652
0
2.2626
0
7.0793
1.6793
0.1373
1.2013
0
0.5477
10.0425
0.2209
0
0
0
8.1576
0.2651
0
0
0.6049
2.4303
0
0.6894
0.4346
0.3463
0
0
0.0017
2.9388
0
6.6746
6.2349
1.4094
2.316
17.6745
0
0
17.4837
0.5704
4.6385
2.5185
0
0
0
0
0
0
0
0
0
0
0
0
0
0
0
0
0
0
0
0
0
0
5.0715
0
1.3531
4.7345
0
0.3349
0
0
27.7526
0
10.1087
1.7447
0
0
5.8059
16.9565
3.8116
1.2186
1.4719
0.8966
0.8429
2.4416
20.1024
0.2122
0
0
0
0
0
0
0
0
0
0
0.0657
0.2772
0
2.7514
0.0069
0
0
0.4723
1.8824
0.059
0
0
0
1.3559
0.0236
0
0.3641
10.5179
8.2566
10.2639
1.2213
0
0
0
0
0
10.9141
5.8993
5.0678
0
0.032
0
0
0
0
0
0.3124
15.5368
19.0621
0.274
18.3935
0
0.0206
3.1433
0
0
0
0
0
0
0
1.9834
0.0013
10.8489
1.2727
0.0874
0
1.8896
3.6065
0
0
0
12.1353
0.1125
0
5.8189
3.7396
0
0
0
0.117
0
0
0.256
7.1648
6.2819
2.5552
6.9393
7.2065
1.9375
7.8407
0.7207
0.2753
0.3704
2.8716
0.1141
0.4398
2.6407
3.901
0.0372
0
1.8001
0.098
2.8057
4.6024
10.645
0
2.3432
0
0.0048
4.1759
13.3592
0
0
0
0
2.6121
1e-04
0.0272
0.0235
0.4719
9.0519
4.6383
7.0742
0.5951
1.1019
0
0
0
0
0
0.0336
0
0
4.5899
0.1505
0.0895
0.849
0
0
0
2.6269
0
0
0
0
1.8577
0
1.6313
0.1068
0
0
4.2556
0
0.4452
1.2682
0.1025
25.1496
2.1959
0
0.0308
2.3875
15.7403
0
0
0
1.6439
7.3709
0.9583
1e-04
0
13.7937
0.1025
0
0
14.1889
0.4734
0
0
0
0
0.4438
0.0694
0.0295
0
0
0
0
0
0
0.09
33.1604
5.3692
0.0622
0.0242
0
0
0.197
0
0
0.2569
0
0
0
0
0
0
0
0.7134
2.2157
0
0
0.079
0.1895
0.128
11.016
0.0685
0
0
0
0
0.028
0.731
0.1991
11.3766
1.2717
0.0982
0
0
14.1777
0
0.2092
4.5987
20.3284
1.625
0.5379
0
0
0
0.4229
0
0
0
0
0
0
0
0.1193
0
0.0289
0
0
0
8.9839
9.8058
0.0322
0
0
0
0
1.7506
0.0281
0
0.8235
0
0
0
0
0.907
0.8318
4.0912
0.0464
1.1872
0.0095
0
0.0217
0
0
0
0
4.6498
0
0
0
3.0957
1.057
0
0
0
0
0
7.3306
9.9434
0
2.6467
2.8709
0.0199
0.0013
0
7.8992
0.4138
0
0
0
0.8697
2.5786
6.4364
0
7.8459
0
0
0.209
0
0
0
0
0
0
0
0
0
3.3975
5.1687
0
0
0
6.1396
2e-04
0
5.1818
9.438
0.2857
0
0
0
0.2071
0
13.3332
4.0065
1.0985
0
0
0
1.0631
7.1888
1.1752
0.2707
0
9.4305
24.5729
0
0
1.5616
0
0.0105
0
0
0
0.5223
0.1792
2.5413
12.5771
3.913
0.0983
0
0
0
0
0
0
0
0
13.965
9.9721
0
0.4303
4.7612
0
0.1776
0.4337
1.1346
9.3392
0
1.2044
0.4547
0
0
0.3938
0.0072
3.2224
27.6375
0
0
0.1789
9.1388
0.3729
0
0.0044
2.9457
33.6716
1.5973
5.1915
0
0
0
0
0
28.3976
5.098
0
0
0
0
0.4447
10.323
9.3781
12.0072
12.454
7.0375
2.6211
20.4727
0
0.0128
27.1871
1.1953
0
2.9168
28.1405
0
0.5639
0.4745
0.8389
0
0
0
22.5276
0.0987
0
0
0
0
0
3.8212
2.8791
0
0
8.82
1.8835
1.2218
0.0192
0.0196
0.0608
0
0
0
0
0
0
0
0
0.9681
25.3189
21.8155
7.7999
1.416
5.2947
6.6008
0.0831
0
32.6173
25.549
0
0.481
0
0
0
0
0
0.0301
0
6.194
0.848
1e-04
0
0
0
16.9065
6.0212
0
0.2671
7.8304
0
0
0
0
0
0
0.0396
2.1626
0
0
0
0
0
35.0556
2.6444
4.3943
0.0041
5.047
1.0747
0
0
0
0
10.7526
7.1782
0.0175
25.1624
5.7903
0.6565
0.0989
0
0
0
0
0
0
0
9.1762
23.7473
5.5617
1.1819
0.6034
0
0
0
0
0
0
1.7544
0.046
4.9413
2e-04
0
0
0
0
0
10.2561
5.3618
0.0528
0.2595
0.1599
0
0
0
0
0.0014
0.9567
0
0
0
6.3619
0.4598
6.5467
8.1551
0.035
0
1.1842
5e-04
0.5526
0.107
0.1069
0
0
0.4144
0.1525
0
0
0
6.1433
2.0183
2.4118
0.036
2.0333
0.4839
3e-04
0
0
0
0.0945
0.0849
3.7149
2.8041
0
0.2179
12.8377
5.695
2.3606
8.3442
0
15.8532
4.7938
0
1.4318
0.0758
0.2012
0
0
0.0524
0.0092
0.1377
0.277
0.2772
0.4184
4.6107
0
0
0
0.4234
0.4234
1.4
0
0
0.1124
0
0
0
0
0
0.2293
0.5038
0
0
0
0.0546
0
0
0
0
0
0.2605
0
3.2548
0.1738
0.2001
8.6813
1.8131
0
0.1145
0
0.083
0.6751
1.4805
0
1.1132
11.4185
6.2098
0
0
0.0128
11.7059
2.5512
0.3492
8e-04
0
0
0.0202
0
0.8509
0.1613
1.0456
3.3478
0
0
0
0
0.0229
0
0.0233
0
1.4721
0
0
0.2265
0
1.1411
3.4759
8.9777
0.0469
0
9.5214
2.1762
0
0
0.018
0.0585
0
0
0
0.774
0.0046
0.1225
0.0472
0
0
0
4.7815
0.0039
1.8068
0
0
37.8685
0.7601
0.3485
5.1591
2.5051
6.0493
0.4714
0
0
9.7119
0.2469
1.1574
0
0
13.6408
1.2275
6.4732
0
0.1816
0
0
0.0287
0
0
0
0.1792
0.0095
0
0
0
0
0
7.3885
0
0
0.0611
10.1688
0
0.0186
22.1442
12.7704
0.3976
3.3702
0.0747
0
7.5301
1.9195
0.4037
3.9597
7.6733
6.2784
12.4598
0
2.2481
0
0
4.5035
7.8657
0.2875
0.3917
2.0636
12.9457
0.6351
0
0
0.0853
0.1809
0
0
0.1968
1.6627
4.2475
0
0.0946
0
0.048
3.2401
2.4553
1.1326
0
0
0
1.5786
1.3131
1.2189
0.7596
3.1792
0
2.2137
2.2528
0.056
0
0
7e-04
2.0697
2.3184
0.0671
0
0
0
0
0
0.1569
3.3935
2.0578
0.4456
21.9491
1.9678
0
0
30.167
0.1143
0
0
0.9826
5.6644
0.1723
0
1.636
9.2579
0.0445
0.0343
0
0
0
14.0192
1.2273
0
12.2714
0
0
0
0.9282
0.078
0
6.1801
0.4705
0
10.6464
9.2982
0.0372
0.2089
1.3605
1.5653
0.0239
0
0
1.2858
0
0
0
0.0648
0
0
1.3236
5.3538
6.9423
22.1512
0
0.119
1.1084
3.5522
0
0
0.0302
2.482
16.3245
0.1416
11.4337
0.3472
0.0633
13.9957
0.8054
2.1004
0.6829
0.076
0.1251
0
0
0
0
1.223
30.5014
11.3805
0
0
0
0
4.2647
22.3168
0.2207
17.4916
2.606
17.9975
0.2916
0
0
0
10.2409
10.9636
7.3672
4.7987
11.6686
0.6195
0.0945
6e-04
0
0
0.2087
0
1.2918
0.0321
0
0
0
0
3.5266
0.0041
0
0
0
0
0.2261
2.1865
0
0
0
3.3497
0.1407
0
0
0
0.7702
2.8752
0.1131
3.6906
5.6563
10.0966
15.9349
0.0981
0
0
0.3556
0
0.2229
0.0024
0.1723
0.001
0
0
0.3195
4.8641
18.7012
0.2084
3.3873
20.1581
3.3093
0.1844
0.092
0
0
1.6989
0.1926
0
0.1432
0.2026
1.8749
0.168
0.0225
0.0451
0
0
0
0
0
5.0283
0.8934
0
0
0
0
1.4391
0.7818
0.0129
0.1183
0
0
0
5e-04
0
0.0277
0
0.0538
6.155
0
0
0
0
1.6345
19.4959
11.1683
25.5551
0
0
0
0
0
0
0
0
5.1194
4.2747
0
0.0305
0
0
0.228
0.2926
0
1.0973
7.8204
0.9264
0.9178
0
0
0
7.4617
0
0.706
0
1.36
8.7459
0.0015
0
0.1185
0
0.0251
8.5137
0
0
0.1646
0
0
0.6184
2.5511
0
0
0
3.631
0.5375
0.0385
0.4668
3.6102
5.716
8.3795
0.0514
0.0187
7.9752
8.1426
0
2.0742
6.3203
5.8809
0
0.1093
0.5545
2e-04
12.0261
10.955
0
0
4.4541
19.4328
4.9809
0.0294
0
0
0
0.1801
9.9336
4.8032
0.4603
0
0
0.7865
0
1.4923
10.3535
0.1272
0.1772
0
18.5371
0
0
0
4.7445
2.2068
8.4776
1.5788
0
1.7467
18.3363
14.356
0.6758
0.9653
3.3545
6.5828
1.4591
0.4449
1.0065
0
0
0.084
0.6102
9.2451
2.2093
0
0.5987
3.7978
1.8377
0.0014
0
0
7.0119
27.7321
5.2225
8.644
0
0
0.0232
0
0
4.4455
0.1412
6.7853
0.4053
0.3233
0.6837
0.5054
0.2155
0
4.4124
0
0
0
1.6122
1.5619
0.1272
0
0
0
0
0
0
5.0501
0
0
0
0
6.3972
0.4829
0
0
0
0
0
0
0
0
0.4591
0
0.3384
1.1226
11.8606
0
0
5.0941
3.7609
0.7937
14.5953
2.0442
0
0
0
0
0.3655
4.8825
0
0
0
0
0
0
3.4639
0
2.7883
0.9997
1.6967
0.0405
0
11.791
0.1754
0
19.8515
14.7511
9.1681
0
0.0256
0
0
0
0.0252
0
0
2.0853
0.0301
0
0
0
0
0
0
0
0
0
0
15.3671
3.3012
0
0
0.3487
2.4004
17.7427
6.7632
0.1588
0.1588
0
0
4e-04
35.8971
0.1229
4e-04
0
0
0
0
4.5289
0.2087
0
0
0
0
0
0.0527
0
0.2616
0
0
0.1281
0
0.2538
10.3337
0
0
0
0.3628
0.2196
19.989
1.9633
0
0
2.1484
0.019
0.0944
7e-04
0
0
1.0444
6.4166
0.9985
0
0
0
15.2072
13.4439
0.0195
0
0.0414
1.1308
2.992
0.3707
0
3.3778
0
2.7626
14.0592
0.3643
0.4413
0.0034
1.8013
0.7752
0
0
0.7883
0
1.6439
0.0203
0
0.2856
0
0
0
0
0
0.8177
0
0.4839
5.2986
0
0
0.0535
2.7936
20.6426
3.9906
0.5472
0.4021
0
0.1307
7.2253
0
0
0.4899
0.0014
7.7101
8.3294
2.9934
4.3774
0.1361
1.0541
0.7836
2.5987
0
0
0
0.0282
0.0353
0
0
0
0
0
0
0
0
0.3025
0
0
0.131
0.0502
0
2.2937
0
0.71
4.4126
0.1842
0.4733
0.8023
0
6e-04
3.5373
1.1117
0
0.0808
0
0.0952
0.6385
0
0.1126
0
0
0.0027
0
2.2631
0.1475
0.9131
0
0
15.0791
4.52
1.1539
0.1199
0
0
0
0
1.1827
0
0
5.6842
0.8966
0
0.2997
3.0928
0
0
0.6442
18.2901
0
0
0
0
0
1.4052
1.1483
10.3063
0
0
0
2.4697
3.5322
0
0
13.6105
0
0.161
1.5415
0
0
11.089
24.1209
0
13.7941
0.0678
0
0
0
0
0
0
0
0
0.3083
0.8011
1.3937
1.5181
1.9897
0.1461
0
0
0.0442
1.0333
0
0
0.8246
0.3645
3.3411
15.5975
0.2156
0.1369
18.5981
0.3148
12.3205
16.7741
19.3371
11.0445
7.5252
5.666
0.2541
0.0578
4.9013
0.1608
6e-04
4e-04
0
12.5503
0.0955
0
0
0.044
0
0.0276
1.4941
3.2166
0.3847
0.0499
17.0639
0
0
5.0267
1.1142
0
0.1112
1.7048
25.3356
0.0708
0.032
8.5323
30.085
2.6716
6.4243
1.0112
0
2.1531
0.0295
0.9494
0
0
0
0
0
0
8.0052
4.8871
0.1265
1.4243
3.926
11.2804
2.2035
0
2.8827
2.6589
0.7162
20.1304
30.9471
9.9313
5.0913
2.6198
0.2303
0
8e-04
0.4544
0.2111
0
0.2562
0
0.5194
31.0173
2.1052
0.9408
0.3729
0
0
23.7987
1.385
0
0
0
0.1377
18.2678
13.6499
7.2102
2.2845
1.3239
4.6215
2.4465
0.0385
0
3.3395
3.5967
0
0
3.2937
5.0409
0.6339
0.0693
0.0048
0
0
5.2425
0
0
0
7.2256
2.7027
0
0.0359
1.2265
3.386
42.8739
3.5967
0.7014
0
0
0
0
0
0
0.1162
0.0373
0
0
0.9768
5.7258
0
0
0
16.0679
0.1411
0
15.3542
1.5288
0.6274
5.6795
0.2833
31.7789
3.0562
1.8895
0.258
0.0507
0
2.4684
3.5046
0
0
0
0
0
2.0564
4e-04
0
0
21.4439
4.9422
0.6495
0.1845
0
0
0
0
0.2838
0
0
4.6966
15.7658
8e-04
2.0367
1.8307
0.0551
0.0888
3.0861
0.0012
0
8e-04
0.0215
0.1046
0
0
0
0
4.6665
6.9998
0.4064
0
1.4646
1.5948
0.5772
4.7967
3.9026
0
0
0
0
5.2345
0
0
19.4086
13.7133
0.0617
0.0195
0
0
0
0
11.7866
1.1149
0
0.1317
0.7518
11.59
0.4927
0.0358
4e-04
5.1127
0
3.1656
0.0018
0
0.3007
1.5155
0
0
19.3037
2.3024
1.1264
0
0
0
5.838
10.0697
0
0.1908
3.0438
0.9604
18.6177
2.8539
0
0
0
0
0
0
0.0391
0.0785
0.9459
0.8666
0
2.0509
0
0.1747
0
0
0
0.5576
0.3128
0.1738
1.3927
7.398
1e-04
0.0259
0.1863
0
0
8e-04
6.609
0
1.5141
0.1652
0.766
0.0227
0
0
0
0
0
0
0
0
0
0
0
3.0852
0.8313
0
0.6782
0.7216
0.0366
0
0
0
0
6.2882
0.3512
0
7.9194
6.7366
0.0185
0.6606
0.3629
0
0
0.2102
0.0614
0
1.8226
0
2.6751
0.3941
1.8707
1.5042
5.1427
0.0695
1.0268
0
4.269
4.1544
9.0376
2.9909
0.0063
2.8628
19.3097
3.1063
1.7187
6.7118
0.2387
0.2203
0
0
0
4.3813
0
0
0.0589
1.9159
4.1085
1.1939
0
0
1.1661
0.1431
0.0199
0.0062
4.0745
0.6994
2.7728
0
4.0704
0.3197
0.7863
0
0
6.297
2.561
20.766
0
0
0.0279
0
8.1667
0
0
3.3189
2.6718
5.2037
2.6388
6.9426
8.9885
0
3.9835
9.1939
2.9937
0
29.668
6.4419
0.0924
7.5977
0.2748
4e-04
0.0216
0.5194
0
8.1822
23.1612
0.5276
2.7599
0.0162
0
0
0
0
0
8.5966
8.4121
31.7012
7.6452
0
15.4558
1.0217
1.4534
10.3906
0.3666
0.1568
0
0
0.1045
0
0.1083
8.956
0.0543
0
6.3956
0.1461
0
0
0
0.0202
4.4909
0.3992
0.8156
4.7121
0
0
0
0.0576
5.6485
0.1083
0
0.8235
0.0108
3.0204
10.8675
0
1.1859
1.2949
8.4716
4.7308
0
2.3024
3.227
2.6441
0
0
0.5796
13.0896
0
0
0
12.2664
1.9502
0
1.2382
0
0
0
0
0
0
0
7.0619
0.0781
0
2.7554
19.4486
13.0158
9e-04
0.6414
0
0
0
0.9397
16.6655
6.3642
11.6567
0.0835
0
0.0652
0
1.9182
0.8739
0.1399
0
3.5225
12.06
3.0368
0
0
0.0432
0.0651
0
0
0.7837
5.8256
0.0908
0
0
0
0
0
0
0
0
0
0
1.1292
0.0095
0
1.3496
0
0
0
0
0
0
0
0
0
0
3.2323
0.0057
18.8795
1.9372
0
10.768
0.6237
0.5262
0.2911
4e-04
4.9791
3.9987
0
0
0
0.0288
8.144
2.167
0
8e-04
16.7764
0.0024
18.1074
2e-04
0
0
0
0
0
0.1805
0.0052
0
0
0
3.4741
3.939
0.2833
16.5636
1.7258
0.1042
2.1244
0
14.5801
5.2772
0.0909
0.1845
1.7339
0.8783
5.0671
7.1141
0
0
0
0
2.2397
8.3052
1.3936
1.9146
1.3598
2.15
0.2717
0.8876
1.1492
0
8e-04
0.3639
3e-04
0.706
0
0
8.5703
18.5113
0
0.0326
0.0348
0.3848
0
0
0
4.3893
0
4.5199
16.4482
2.3442
23.1056
11.5721
0.0108
7.1562
0
0.0152
10.4638
33.7642
11.7999
4.0936
0
0.5325
0
0
1.4293
0.2749
0
5.9889
0.3276
0
0
0
0
0
2.3851
1.0344
0.028
0
1e-04
0.043
0
0
0
7.3525
5.289
4.1778
0.2537
0
0
0.3245
2.1462
0
7.8444
0.0208
0.012
0.0212
5.1919
3.2154
0.2693
0.0204
0.0481
0.0384
0.1786
0
3.5397
3.0386
0
0.7854
0
0
0
0.6471
0
0.2602
7e-04
2.0552
1.7446
0
0
0
0
0
0
3.2842
1.1203
0
0
7.0669
0.0012
3.4048
0.9119
1.0048
0.5842
0
0
0
1.3185
27.2588
0.0102
0
0
0
2.5365
0
0
0
0
3.3499
0
0
0
0
3.6389
0
3.3697
4.4304
3.7598
10.3301
22.9892
8.8307
2.6925
13.6577
1.2908
0.1974
0.5922
1.9384
0.1081
0
0
0
0
0
0
0
0.016
0.8817
2.0128
0.0485
1.1696
8.4622
0
0
0
0
3.8431
1.2007
0
0.7592
5.0617
2.0626
0.3145
0
0.1274
6.1571
0.0012
1.7158
0.0479
0.1823
1e-04
0.4786
0
0
3.9637
0
6.3475
3.9172
2.3284
0.0072
0.0263
0.3772
0.8974
4e-04
1.3639
3.408
0
0
0
0
2.0123
0
0
0.347
5.0532
0
5.4894
8.1865
8.4896
5.0613
0
0.1493
0
5.2024
0
0.0034
0.8656
1.5361
0
0
7.9987
3.9055
11.6223
8.934
13.2743
6.2419
1.5894
7.6924
0
29.0444
2.0227
0
2.3827
4.8913
6.0373
40.752
2.1156
0.0082
0
0
0
1.9818
1.9818
0
3.1979
0
0
0
2.2123
8.401
0.065
0.0925
5.8414
12.0823
1.1194
5e-04
0
9e-04
2.559
4.6953
0.0399
0
0
0
0
4e-04
4.1776
1e-04
0
25.9439
27.5781
0.0323
0
0
0
0
0
0
13.0559
1.6707
0.3267
0
0
0.3184
2.132
1e-04
20.2849
1.0582
0.1239
0
0
0
0.0649
24.5769
0.9853
5.5633
36.1122
0
0
6.7823
0.1465
0
0
0
0
0
0
3.0304
4.9565
0.7438
0.4049
1.0278
0
0
0.284
0
0
0.5453
0.5741
0
0.9201
1.7033
4.3613
0.0467
21.5602
5.312
0
0
0
0
0
0
5.0364
1e-04
0
0
0
3.6532
0
0.9299
3.8109
0
0
0
0.716
0
17.134
5.1199
6e-04
0
0
0
0
0.082
1.4496
0.7612
0
0.0671
1.7177
1.1718
14.1559
0.0519
0.2548
0.0402
0
4.499
0
0.0298
3e-04
1.0491
3.3389
0
0.0315
0.1101
0
0.1982
8.7561
0.1528
0
0
0
0
0
0
0
0
15.529
2.1417
0.3132
8.6204
4.9217
0.0357
5.0293
3e-04
18.7278
3.9736
0.4109
1.0752
0.5778
0
0
0
0.3339
1.5608
0
4.9174
2.2337
0
0
11.2661
12.7277
0
0
2.465
0
0.0017
0.1805
0.405
0
0
0
6.757
0.0729
0.0581
0
4.8475
8.0073
16.6179
1.3733
0.1409
0.016
0.0355
0.1358
0
0.0014
0
0
0
0.0076
7.7509
7.9036
0.0158
0.017
0
0
0
0
0
0
0
0.4289
0.1527
0.0443
2.2604
0.0334
0
0
0.1568
0
0.0015
5.2983
3.5195
0.1338
13.1549
10.6019
0.0032
0
0.5203
0.7006
0
0
0
0
0
0
0.2626
0.1662
0.3749
0
0.3192
0
0
1.1391
7.763
1.785
8.5074
0
0.0328
0
11.2646
0.0879
0
0
0
1.159
4e-04
4.7825
2e-04
0.2282
2.2648
0
0
0
1.3472
8.8979
2.8038
1.9765
4.0487
0
0
0
0.4728
0.0794
0.3336
10.1903
0.5939
0.1317
0
0
0
0
0
5.4362
19.4419
6.0757
11.7307
7.1726
15.9917
8.4248
3.4294
7.7262
3.0171
0
0.9607
0
0
3e-04
23.0478
11.4497
2.5892
0
0
1.8217
4.4062
4.7337
14.8226
3.5741
1.5369
5e-04
0
6.1306
1.6213
1.8524
0
0
0
0
0
0
0
0
1.427
13.5971
9.7381
14.584
78.3755
2.7072
1e-04
0
0.0441
1.8346
3.3228
3e-04
0
0
4.318
3.9224
8.2799
0.1036
0
0
0
0
6.5202
3.6459
24.9391
1.1174
18.9777
0.2957
0
0
0
0
0.1563
0.0051
5.416
9e-04
0
0
0.9271
1.8355
25.8571
0.0376
12.2797
0.0739
8.5604
0
10.7471
0.1105
0
0
0.364
0
0
0
0
0
0
3.5582
0.0028
0
0
7e-04
4.4065
0
0
0
0
4.5389
0
0.154
13.7723
5.1268
32.8089
0.1834
0.2407
0.8043
2.8807
0
0.044
2.6541
1.4171
0.0164
0
0.9017
0.1288
0
16.454
7.2673
0
0.1844
0
0
10.1211
6.8395
0.2337
0
0.0877
2.226
0.5313
0
0
4.1958
10.3118
0
6.7691
8.4849
4.3511
0.5249
2.4828
5e-04
0
0
0.0428
0
0
14.0987
0.3595
0
0
0
1.2461
54.232
0.002
4.1607
4.1475
0
1.1903
0.0977
0.264
0
1.5507
19.2236
8.7922
0
0.3902
2.0423
0.0817
0
0
0
0
0
6.134
0.2881
0.0297
0
5.753
0.001
0
0
7.2537
23.7781
0.9611
0
1.9103
0.0052
0
0
0
0
0
0
0
0
0.3416
20.8016
47.9795
0
0
0
0
0
0.7444
0
0
0
0
4.2683
3.8353
0
0.2579
0
0.353
5.1103
0
0.3262
3.7775
11.1833
0.3804
0.0012
6.0068
5.9061
0
0
0
2.3095
6.2101
7.5536
0
0
0.4773
28.5519
19.7321
1.9845
0.8512
0
0.1718
0
1.897
17.0814
6.4787
26.2491
0
0.0451
0.101
0.1989
0
0.743
0.1594
0
1.1434
0.012
0
2e-04
0.9627
5e-04
1.4202
0.006
0
0.0276
0
0
0
0.6553
8e-04
0
0
0
0
0.595
10.8038
7.372
0
0
0.6608
0.2673
0
0.9871
2e-04
0
0
0
5.5442
0.0901
0.2533
0
15.3104
11.5736
0.1063
0
0
0
4.3783
0
0
0.2483
0
0
0
5.0437
25.878
0
7e-04
0
4.1723
0
0.7888
4.3543
10.8494
2.2239
0
0.0549
0.4189
0.1985
0
0.0205
1.3065
5.6671
0
0.0137
0.194
1.0754
1e-04
0.1874
1e-04
0
0
15.3763
5.5306
1e-04
0.7006
2.8894
0
0
0
0
0
0
0
0.0187
2e-04
22.6744
21.4417
8.9118
0.2124
1.946
0.0799
18.9405
7.6447
0
0
0
0
0
0
0.9242
0.9513
0
0
0
0
0.0016
11.444
1.1962
0.0818
0.0403
0.027
0
0
0
0
1.2812
5.1075
0.0985
0.0351
4e-04
0.0389
0.0028
2.3136
3.7741
7.2877
13.7391
0.005
1.6313
0
20.2293
0
0
0
0
0
2e-04
0
0
2.3792
0.0077
10.418
0
3.4358
3e-04
0
0.5794
0
0
0.002
9.2209
0.2248
0
0
0
0
1.7411
8.3503
1.4007
0
0
0
3.1516
1.6779
0
0.512
0.0364
2.0492
0
3.1253
0
23.7306
2e-04
0
0
0
0.1106
5.5611
1.6226
32.0016
2.1876
0.13
0.0456
0
0
0.2834
0.0141
0
24.9706
6.011
13.1807
8.3237
28.6944
0.787
0
0
0
0
0.8958
9.6915
0
0.01
13.6723
85.623
49.7504
3.5682
0.0046
0.011
6.3809
0.0071
0.1098
0
0.004
0.9526
0
0
0
0
0
0
0
3.007
8.6486
34.1955
0.0537
1.9725
0
0
0.1271
0
0
0
0
0
0
0
0
0
0
4e-04
14.0033
0.0187
0.4478
0
0
7.1118
3.8158
0.2283
0
0
0
0
0
0.2087
0.0034
5.004
6e-04
2e-04
0.1575
0.0532
2.982
0.5719
2.4163
0.4099
2e-04
0
2.5796
40.2029
0.6952
9e-04
0.6621
1.3324
0.0259
0
0
0
0.2664
0
0
0
0.2666
0
0
0
0
0.4406
0.0276
0
0.1492
0.1069
4.7471
0.0704
18.7263
0.0791
0
0.5578
1.4942
1.5849
0.0277
0.0586
7.4559
27.2641
0.0251
0
0
21.6824
0
0.2869
0.0886
0
3.8727
0
0.4559
0.835
3.3466
0.4994
0.2361
0.4554
8.2846
0
9.3814
27.7812
2.4315
0
14.6285
2.086
0.8342
0
0
0
0
0
6.291
0
0
1.3507
0
1.9092
2.3878
0
0
0.9029
0.1036
0
9.7611
29.4417
1.21
0.9726
0
1.6376
2.3975
0.2235
0
0.3859
0.0905
0
0
0
0.9521
0
0.7094
0
0.7898
0.5519
0.0567
0.2657
3.8852
0
6.8946
0
0
3.338
35.1646
52.506
0.5462
0.6597
0.7391
0.6425
0
4.2375
3.4159
0.2139
0
0
8.3313
1.4271
0
0.3393
0.0571
5.0939
0.4328
0
0
16.2951
0.3673
0.6055
2.6828
0.1133
0
4.7513
20.0596
13.9543
0.2518
2.558
12.1888
0
0.1048
0
0
0
2.6024
0
0
0.0704
5.0377
28.1504
0.6777
1.3285
3.909
0
0
0
0
8.2252
19.0426
0
0.0029
2.6808
5.4129
0
0.3505
17.6223
0
0
0
0
0.7587
1.9197
12.0232
4.6124
3.4127
0
0.2791
0
0
0
2.3783
3.2808
0
0
0
0
4.0208
1.8059
0
2.5378
4.0543
0
0
21.468
5.8189
0
0
0
4.5227
5.3301
0.3528
2.0796
14.058
2.5761
0.0161
7.179
0.2971
4.8314
0.3682
7.3623
2e-04
0
0.1117
0.927
0
0
0
0.4779
0.396
0.0983
0
0
19.0842
3e-04
0
21.0231
7.229
0.0754
0
0.0659
2.4114
2.0845
21.8437
0
0
12.8817
5.2234
0
3.38
0
0
0
0
7.3123
5.0391
1.595
0
2.1355
30.8163
5.0151
14.906
2.0549
1.0707
0
0.3096
41.8788
0.0025
0
0
0
19.038
7.5382
0
1.6179
3.5344
3.3934
0
0
0
0.3099
0
2.4013
2.9011
3.8083
0.4226
0.2141
0
0
0.3509
0
0
0
0.0473
0
2.7651
0.1793
3e-04
0.1773
0.4979
1e-04
0.1666
0.4591
1.9154
2.5844
0
0
0
0.2309
0.237
0
0
0.9671
0.0025
0
0
0
0
1.8561
0.0028
0.3008
0.1668
0.1737
0.255
0.0369
0
0
0
0.0626
0.4384
4.2399
0.0195
2.3583
0
6.4587
0
0
47.823
20.5166
4.4056
0.2039
0
0
0
0
0
0
0
0
0
0
0.1509
0
0.0502
0
13.5345
0.0021
0.2782
0.9403
0.0052
0
0.0308
0
4.3056
0.4559
0
0
0
0
0
4.6942
20.9935
0.1246
0
0
0
0.8558
0
0
8.782
0.2398
1.7442
3.9217
0.0945
0.1428
0
0
0
0
0.199
0
0
0
2.4911
0.1648
1.7024
0.0524
0
0.4879
12.4342
5.8303
28.971
1.7438
0.0022
1.2928
0
0.1868
0.3684
3e-04
0
2.5326
1.0964
0
0
0
6e-04
7.8889
3.3395
0.917
3e-04
0.1722
0
0.2769
0.1069
0.1165
20.41
11.2795
0
0.2865
0
3.5066
4.6436
1.5982
2.7751
0
32.9323
0
0.1727
0
1.2001
17.485
0
7.4594
2.0337
6.1266
0
0
0.5132
0
0
0
0.2537
0
1.6759
1.4542
0.0952
1.9379
9.3532
3.6219
0.0128
1.8776
3.5772
0
0.057
0.4323
0.3077
0
0
0
0
0
0
0.0215
0
1.621
18.5566
0
0.0012
0
0
0
0.1939
0.5103
0
0
0
0.0268
0
3.2692
34.8051
9.1073
0
0.7573
0.9373
0
0
6.75
0.12
0.483
2.4779
0.2852
0.1119
0
0
1.2405
7.3233
0
0.0706
0.189
0
0
0
0
3.3865
51.9759
0.2037
13.5533
9.2394
0
0
0
0
0
0
1.39
1.1571
0
0
0
0
0
1.6314
0.0882
0.0244
0
7.538
0.7237
0.1346
0.8925
0.0665
11.3262
0
1.449
15.8999
2e-04
0
0
2.9476
0.0046
0
3.4292
16.2325
1.5419
0.6356
0
0
1.9572
15.52
1.9828
1.3231
0
0
0
0
0
8.6933
0.5577
12.4344
4.7397
0.6112
0
0
0
4.0987
1.8834
6.8969
0.061
0.0767
0.1749
0
3.353
27.3224
0.9076
3.7303
0
0
0
0
0
0
0
0
0
4.9789
43.3209
9.1356
0.0304
0.1
0
4.3082
7.2684
3.2804
0
0
0
0
1.6247
0.1113
0.8493
3.8962
1.7991
0.8052
0.2457
0
0.0074
9.3953
0
26.1891
13.1474
0.0066
0
0
0
5.9738
7.9903
0
0.457
0.0894
0
2e-04
1.6726
0.0932
0
0
0
0
0
0
0.0056
13.043
0.2805
0.0191
0
0
0
2.0778
0
0.1822
0.0248
1.4567
5.0776
16.6714
1.3988
6.4005
0
0.6703
0.3552
14.0813
6.7107
0.3536
6e-04
1.7045
0
0.0016
0.1393
0
0
3.9316
0
0.007
6.1834
0.2635
0
0
0
0
6.3794
1.2718
3e-04
10.1835
0.9236
4.0622
3e-04
0.0534
0
0
0.8817
22.8255
5.3473
0
0
0
0
0
0
0
0.13
1.5354
13.4067
0.3718
0
0
0
0
0
1.8789
0
0
0
0
2e-04
1.1139
0.0506
0.3859
0.4186
0.0012
0.1266
2.0928
6.9896
0.36
0.1355
0.2367
25.9385
0.4869
0.0376
0
0.3875
3.028
1.9053
15.5588
1.787
0
0.2285
0.0434
1.258
7.7914
0.1692
0.1242
0.0718
0
0
0
0
11.5182
0.7617
0
0.1978
0.9775
5.975
0.2718
0
11.1895
0
0
0
0.3365
0.35
0
0
0
0
0.0164
0.022
0
0
0
0
0.9046
0.0299
0.0669
3.0062
1.2272
0
0
0.401
0
0.5258
1.2879
1.6132
0
2.0638
4.0844
0
7.1977
7.1836
0
0
0
0
0.4507
14.3776
0
0
0
5.5917
0.0337
0.0543
0
0
0
3.1696
0.001
0.8072
0.9362
0.3202
0.166
10.7789
0.7201
1.2239
1.1103
0
0.2051
1.4053
0.307
0.2003
0
2.0849
0.5391
0
4.7493
2e-04
0.3416
0
1.4524
2e-04
0
0
0
0
0
0
1e-04
0
0
0.051
0
8.064
3.3726
0.0233
0
1.7704
0
0
0
0
0.0038
0.096
0
0.8989
4.6856
0
0
9.1265
4.2836
0.2353
0.2519
1e-04
0
0.0153
0.9401
1.1184
0
0
0
2e-04
7.1862
0
2.0224
1.2021
2.8011
1.1421
0.1491
0
0
0
0
0
0
0
0
0
0.6882
1e-04
2.6292
7.3211
5.1356
0.3625
2e-04
0
0
0
0
0
11.9293
0
0
6.8544
0.7253
0
10.4511
5.3232
0
0
0
0
0
0
0.6054
0.3519
11.0622
20.9199
0.0318
0
0
0
2.2029
0
0
0.9501
6e-04
0
0
0
0
0
0.0574
6.4927
26.3975
15.7162
0
0
0
0
3.0989
4.6669
5.5022
2.5945
1.566
1.9361
1.3521
6.1443
0
0
28.434
5.8308
1.3808
13.1384
9e-04
0.1167
24.5358
4.3751
3e-04
0.3303
8.1012
1.7899
7e-04
0
0
0
3.4129
2.9386
0.1956
0
24.1009
12.0606
1.1468
0.0019
0.396
16.006
8.5301
0.0012
1.108
14.7924
0
1.77
1.3227
26.8846
2.5391
4.8108
0.4531
0.1859
0
0.9993
0
0.075
3.3317
13.2397
2.9977
0.0016
1.8415
17.5115
15.6113
0
0
0
0
0.0383
0.1768
0
0
0
3.9085
19.7279
0.7561
0.0239
0.3715
0.7006
0.0317
0
5.4755
0.0034
7.3826
0.8719
0.143
0.032
0.5423
13.2292
18.3784
11.2299
0.1172
0
2.3203
0.8487
0
0
0
0
2.2071
1.7149
12.2534
0.2468
0
0
0
0.6253
19.5955
0.8496
0
8.1929
2.4585
4.8718
0
0
0
0
14.3586
0.0778
0.4254
1.7343
0.1566
0
0
0
0
0
0
0
0.2122
0.9317
0.285
0
0.044
0.4588
0
0
0
4.6706
0
0.3521
0
0
19.1325
2e-04
0
0.3326
0.1926
0
0.2874
1.7064
0
0
0
3.0735
28.9382
0.046
1e-04
0
5.3956
12.4094
4.98
0.2139
0.0604
0.1103
0
0
0
2e-04
0
2.0291
10.5694
0.3708
0
0
0.2346
1e-04
0
0.2976
0
0
2.6015
0.0016
12.5297
2e-04
0
0
0.1748
0
1e-04
0
0.8164
1.8752
0.0087
0
0
0
0
0.0017
0.0887
0
0.2406
0.5767
0
13.7829
12.666
0
0
0
0
3.8554
3.7541
0.0016
35.9647
7.2054
0
0
0
17.8187
0.2629
0
0.0196
0
0.1152
0
0.8449
0.001
0
0.7336
0
13.8239
0.0053
0
1e-04
0
0.0399
0
0
0
0.0367
0.4769
0
0
0.0584
0.4793
0.0019
0
0
0.6813
0.2954
3.9551
0
0
0
0
1.006
6.523
2.9472
0.2651
0
12.9443
0.1445
0.0171
2.0208
0.0572
0
0
1.5085
1.3113
3.1167
0
1e-04
0.3108
0.907
0.0016
0.0037
1.4298
0.1014
0.5603
0.0573
0
9.1934
9.2435
0
0.0043
0.7126
0.2447
0.2517
0
0
0
0
0.8932
0.1267
0
0
0
0
0
0
1.7982
12.3532
1.7182
0
1.0516
9.7682
0.0627
0
51.8279
0
0
0
1.3617
24.2884
5.092
0
0
23.6858
0.7703
6.7013
4e-04
0
0
6.9118
0.2308
0
0
0
0.1999
1.853
1.1044
7.9092
0
0
0
0
0
0
2.6616
0.355
0
1.8278
0.513
22.4241
0.139
0.4897
1e-04
15.6953
0
1e-04
1.7096
0
1e-04
0
0.0862
9.9358
1.0574
4.6615
15.1966
13.7309
0
7.6735
14.6355
1.5907
34.7998
2.6268
5.0161
2.9991
0.3642
0
1.8773
6.2219
18.2778
5e-04
0.0964
0.9229
1.0942
0.7846
0.0846
2.2123
0.0013
3.2294
1.0221
16.7077
11.0011
11.8988
3.8877
4.97
1.8121
0.004
0.0016
0.6348
7.0173
8.4262
29.1713
30.1266
7.3893
0
12.6755
0.9075
0
0
0
0
0
1.6301
0
0
0
1.8149
16.2374
1.3889
0.0036
0
0
0.0124
2.6677
0.5554
0.6411
19.8802
3.1729
0
5.4036
5.3778
2.7478
0
1e-04
0
0
0
0
0.1346
3.9824
0
0
0
0.5108
0.0402
2.4674
0
0
15.4676
0
0
0
0
0
0
16.7391
0.2475
0.1081
0
7.0534
39.0113
29.7739
0.7335
0.6782
0
3.0333
3.9944
5.444
0
4.1129
3.8395
6.2271
0.262
0
0.9352
14.4958
0
8.0482
1.8068
0
0
0.0113
8.4418
2.0642
0.1313
0
1e-04
0.0085
0
4.1182
0.0743
0.0024
17.2692
14.3343
0
0
0.0163
0
0
1.0198
3.7148
0.0348
0.0609
11.6976
0.0446
0
24.1169
34.231
13.3514
4.0237
1.2285
5e-04
0
0.1092
4.1386
0
7e-04
0
9.6051
0.2582
7.1282
0.0519
23.0593
0.2149
0.1048
40.0726
0.8734
2.1409
10.9389
2.2447
6.5609
0.2629
1.9772
0.0018
0
0
0
0
0
0
0.0245
2.2293
0.5567
1.5549
1.1941
2.8079
0
2.1408
39.0924
23.0611
0.9466
0
0.0833
3.3987
1.3835
4.9801
9.5101
0
0.3601
0.6277
0.9625
0.181
0
0
1e-04
0
0
0.6679
0.067
4.426
0
0
0.071
0
26.2813
5.3533
5e-04
0
0
0.8572
0
2.9614
28.5
11.6247
0.0136
0
0
11.9031
10.9028
34.0123
2.1014
0
0.0279
0
4.2837
17.2362
5.4777
0.0303
0
0.2992
0.0041
0
0
1.1241
3.6524
10.6768
0
1.7103
0.0857
1e-04
2.8159
24.3634
0.01
2.3068
0
0
0
9.6737
0.2675
0.3377
4.7775
1.0921
0.2934
1.1843
0.3983
0
0
0
0
0
0
0
4.1104
4.0347
1.2245
0.1363
0.1378
0
19.4365
0
1.5846
0.4548
5.6183
0.0034
9.6804
0
0.147
6.8328
10.2399
3.6221
0.7304
0
0
2.0985
0
0
4.5702
0.9393
0
0
0.5038
0
0
4.1942
0
0
2.571
0
0.8566
0
0.027
0
0
2.586
1.4058
1.2096
13.5695
0
0
0
0
17.2758
1.1155
14.8262
0
1.6124
4.0429
0
0
3.8181
1e-04
0
0
5.8704
8.7494
0.2659
4.4949
40.0801
0.0015
12.6164
1.4781
0
0
0
1.977
6.8566
0
0
0
0
0
1.6287
0.0039
0
0
5.4609
0
0
0
0
0
0
2e-04
0
0
0
6.5323
0.2054
0
0
0
0
0.0116
6.0867
0
0
0
0.8228
4.0896
0
3.2473
0
0.4692
8.4617
0.7343
0.0089
13.749
0.1441
0.0139
27.2865
6.7097
1.6084
1.2279
0
0
0
0
0
0
0
0
0
0
12.7108
0.3465
0
0
0
0.0138
1e-04
0
7.6724
0.0056
0
10.2315
0
0
0
3.8159
0
0
0
0
0.0024
2.7931
0
0
0
0
0
4.8857
17.952
0
0
0
3.7333
0
0
0
0
0
0
0.7389
5.057
1.8997
2.0413
0.2283
0.0653
0.4367
0.4284
0
0
0.0028
0.4171
0
0
0
0
0.165
0.0213
0
4e-04
5.3559
7.6133
0
0
0.9691
1.1239
0
2.9895
3.0555
6.8534
0
1e-04
0.0019
0
0
0
0
23.6563
0
0
0
4.7893
29.7935
2.1485
0.005
0.7977
12.7232
0.8251
0.0111
2e-04
0
0
0.2808
0.7952
0
0
0
0
0
29.0716
0.1228
0
0
0
9.1411
5.1071
0.7488
5.3894
0.0998
0
9.1437
27.2894
0.7892
0
0
0
0
3.8921
0.0199
0
0
19.0441
0
0
1.6913
18.2587
0
0
0.5725
6.6032
0.3897
0.0299
0
0
0
9.6337
1.8592
0
6.8854
13.226
0
0
0
0.6051
0
0
2.4412
1.6478
0.5984
0
2.2597
2.5975
3.8259
1.3736
0.0546
0
3.7211
0.1989
0
7.6662
5.6581
4.192
9.3695
27.2844
8.6498
1.1604
0
0
0
0
0
0
0
0
3.3933
1.4
10.1604
0
0
0
0
0
0
0
0
0
0
1.1348
0
0
0
3e-04
0
0
0
0
6.1424
0.1231
4.6098
0.0014
0
1.0065
5.3032
7.5605
7.0905
0.2063
0.4466
0.5278
0
1.3993
0.0151
0
2.4533
0.9961
14.4177
2.9055
1e-04
0.1602
0.8976
0
8.0337
62.5393
0
8.842
0.5568
1.454
1e-04
0
0
0
0
0.048
0
0
0
3e-04
12.96
0
31.1786
4.5655
0
0
0
0
0
0
0.3622
0.0719
0
8.6575
1.0301
0.066
0.4098
5.0806
1.2207
11.2203
0.8995
0
2.0238
3.725
2.2261
0
0.9124
0
4.5645
0
0
0.0101
0
0
0
0.0021
0
0
0
2.8974
0
0
4.9913
0
0
0
26.1846
15.0689
2.6035
6e-04
0.2992
1e-04
0
0.0081
0.0458
0
0
0
0
13.0109
0.0391
0
0
0
5.0856
0
3.4229
0.1172
0
0
0
0
0.9862
8.512
0.3402
0
0
0
0
0
0
0
0
0
0
0
0
1e-04
5e-04
14.34
32.4923
17.6691
0.5073
0
0
7.0408
0.1293
0.1973
6.7159
0.2182
0
0
0.1919
22.7252
0.4634
0
0
13.1939
3.4904
0
0
0
0
0
0
0
0
0
0
4.9433
1.9611
0.232
0
0
2e-04
3e-04
0.1029
0
0
0
0
0.3363
6.5151
0.3092
0.0019
0
4.8828
11.1478
0
1e-04
5.247
10.8469
1.9444
0
0
0
0.1088
0
0
0
8.5415
4.0765
0.2084
26.5134
0
1.0293
8.8764
0
0
0
0
0
0.228
0.6834
2.1318
2.9253
7.0461
13.5385
10.1085
9.9472
0.2801
30.1272
0.3337
3.6054
9.6539
9.59
12.8882
3.6159
10.2932
26.5791
30.1445
0
0
0
0
0
4.3755
0.4965
0.0462
1.6976
52.526
0.3065
5.327
0
0
0
0
14.8513
0
0.5557
0
0.0953
8.1584
1.315
15.4498
0
0
0
21.0332
0.0252
1.4057
0
0
0
1.5412
0
0
0
0
0
0
0
0
0.3648
11.3787
0.0949
0
0
11.8754
10.2434
0.1769
0
34.7496
0.0909
0.0643
0
0
0
0
0.8924
0.1354
0.5
0
0.1629
3.4927
4.5053
0
0.023
2.3537
0
0
0
12.742
20.3148
0
0
0
0
0
0
0
1.6152
0.2762
0
0
1.6324
11.9505
29.3812
18.477
4.9758
0
0
0
0
0
0
0
0
4.9289
2.8917
0.1334
5.4138
0
0.1023
0.0529
0.2467
0.1899
0
0
0.0979
0
0
0
10.1883
15.7409
3.9941
0.2409
0
0
2.2834
1.6043
0.0294
0
0
2.9374
4.7823
0
0
0
0
6.2498
10.1908
0
0
2.9036
3.3861
0.0019
0.0109
0
0
0
0.0154
0
0
0
0
0.0366
1.7335
0.005
0.8276
0.0407
1e-04
2e-04
0.0021
0.8915
0
0
0.5744
0.3841
0
1.7988
0
0.0087
3.9303
25.8446
49.5844
5e-04
0
0.003
0.0014
0
0
0.0736
0
0.0898
1.6689
10.1313
0
0
4.9287
2.2956
0
0
0.8863
3.1237
12.8034
0
0.0383
0.1226
0
2.0938
0.4976
0
1.3902
0.0161
2.6871
0.5511
0.5511
0
1.9069
3.3731
0.0477
0
0
0
0.4695
8.4485
15.5794
0
2.4952
14.552
0
0
0
6.9996
0
0
0
0
0
0
0.1153
1.2963
5.404
0
21.2192
4.5401
0.0225
0.9271
0
0.9103
0.5595
4.2811
0
0
3.6978
0
0
0
0
0
1.0339
0.0023
0.7436
9e-04
16.1415
0
0
0
0
0
0
3.0112
0.3158
0.7484
0
0
0
0.6237
0
1.6296
3.3863
0.3603
0
0
3e-04
0
34.8347
4.2717
0.0914
0
12.776
9.2296
0.0766
0
3.3941
0
0
3.0854
6.6992
0
0
0
0
0
0
0
0
0
5.6708
0.0062
0
7.6129
6.5499
14.5665
0.0329
0
0.546
0.3534
0
0
5.4948
0.001
1.1764
8.2421
0.307
7.8539
5.3015
3.3132
20.5363
0
1.0586
0.0115
0
0.0106
3.8598
0.7995
0
0
0
0
0.1296
13.5002
0.1696
0
0
0
0.4501
1.1457
18.1372
0.4873
0
0
13.1962
2e-04
0.1861
3.6564
0.4194
0.0138
0
0
0.2101
0
9.2933
12.7483
13.0514
0.082
0.0261
12.2194
11.5025
7.8778
0.033
0
0
20.4814
0
1.469
0.0162
0
0
0
0
1e-04
19.639
0.4175
0.264
0
0
0.1076
0
0.0203
0
0
0
1.6598
0
0
0
10.832
0
0
0.6638
3.9909
0.1446
0
3.9906
0.5642
0.0367
6.6398
0
0
0.2647
1.5842
0
0
0
0
37.8807
2.0708
0.1855
0
0
0
0.0025
0
0.6036
3.6083
0.0551
0.8914
0
0
0
4e-04
0
0
0
0
0.0049
2.7112
8.5243
3e-04
0
5.1612
29.2505
1.0219
0
0
44.2709
23.699
0
0.6222
0
2.8293
3.5998
0
0
0
0
8.4891
0.5067
0
0
0
0
0
0
0
5.1085
0
8e-04
12.5634
1.196
0.0408
4.9864
6.897
2e-04
0
0
0
0
1.3865
3.4766
6.7128
2.772
0.0647
0.3595
0
2.7595
0.0393
1.2537
0
0
0
0
0
1.6588
0
0
9.0867
2.7327
0
0
1.6958
0.8115
4.641
2.5193
0
0
0
0.6914
0.4119
0
0
0
0.5283
6.0758
0
0
0
0
1.1353
2.4962
13.683
0
0
0
0.2374
0
0
1.4948
0
0
0
0.3708
7.5737
0
0
1.5976
4e-04
0
0
0
0
0
6.577
0.0898
0
0
0
0
0
1.0241
7.6475
1.0719
0
0.0526
3.5775
0
0
0
0
0
19.4665
6.6523
0
3.5076
0.1788
0
1.5213
0
0.1631
12.0542
0.123
0.111
0
0
0.0066
0.3987
0
3.6971
8.9584
0
0
0
5.2015
2.9359
0
0
0.4563
3.4223
1e-04
13.7527
7.0034
0
8.4946
0.1174
0
0
0
0.186
0
1.2644
0.8001
0
1.9295
0
0
0
1.2453
0.0351
0.0188
6.5185
0
0
0
0
1.5221
0
0
7.4902
0
3.1705
0.0054
0
0
0
0
0.1618
1.3404
0.3715
0
2.9023
8.7615
0
0
0
0
0
0
0
0
0.2985
0.0964
1.4748
13.4929
0.0013
0.2782
0.0019
0.0014
0.7067
0
9.2914
3.5495
0.2633
0
0.3805
9.2031
1.0873
24.787
3.8776
0.8883
0
8.0158
0.0081
0
0.118
3e-04
0
2.8017
7.5102
0.5789
2e-04
0
0
1.9945
0.0062
0
0
0
13.3411
0.5106
0
0
4.7864
2.0829
0.0435
0
0
2.85
1.0464
3.8352
0.0021
0
0
7.5906
1.3305
0.5785
0.0318
0
0
2e-04
0
0
0
0
7.7866
18.609
1.7077
1.8201
7.4662
61.3628
0
0
0
0
0.6399
1e-04
0.1156
9.0231
8.3653
1.5143
8.5936
4.8594
3.1411
5.6099
13.229
26.6237
0.3589
4.4159
7.8521
0.2063
0.1369
1.7141
0.2297
0
4.445
0.0745
42.2332
80.156
1.0992
0.8601
2.9666
0
0
0
0
0
9.4593
0.7455
47.4449
0.3516
0
10.1057
0.3231
15.1511
0.2878
0.0021
8.2606
2.1184
3.089
0.0593
0
0
0
0
0
0.3189
0.0369
0
1.9266
1.319
0
0
0.003
19.3166
2.9282
0
0
0
0
0.1564
9.6202
0.0635
0.0024
0
0
2.1457
2.1683
7.0493
11.3678
11.7287
9.6618
0
0
1.5737
5.1
0
0
0
0
0.107
2.0063
0.0354
0
0.3266
13.195
28.0257
42.5881
0
0
3e-04
1.1127
0.2504
7.8667
5.6021
0.0412
0
0
0
0
0
20.6734
0
0
0
0
0
0
0
0
0
2.8551
0.8127
0
0
4.0217
3.0333
0
0
0
0
1.308
0
0
0
0
0
0.1313
2.4299
0
0
0
0
0
0.0134
0.0012
3.0775
2.7198
0
0
43.4994
0.9042
0
0.1515
2.871
0
0
0
0
5.6038
0
0
0
15.8567
0.001
0.9174
0
0
0
0
0
9.8208
1.9315
0
1.1203
0.1653
0
0
0
0
10.9621
5.9034
0
2e-04
1.0321
1.0374
0.4651
0
0
0
0
0
0
0
0
0
2.4854
2.4248
0.557
0
0
0
1e-04
0
5.7426
1.4035
3.19
7.7157
0
3.7948
20.916
27.2824
5.936
0
0
0
0
0
5e-04
0
0
0
7.3265
0.1216
11.0795
0
5.4317
0.8889
1.8369
4.4062
1.4665
0.2828
0
0
0.9212
0
0
0
0
0
0
0
0
0.0673
0
0
0.1884
0.6138
9.8115
0
0
0
0
0.2719
1.2664
0.002
1.1776
0.1893
0
0
1.2402
0.0359
1e-04
0
0
0
0
0
0
37.0398
3.3054
0.0039
0
0
0.5608
8.111
0.754
1.7725
3.7715
0.9651
0.0023
0
0
0.9596
22.1449
1.2091
0
8.0866
9.0193
0.9695
0.0202
0
0
0
0
0
0
0
22.4681
1.1969
0
0
12.2408
0
0
16.0308
4.0389
2.4925
0.727
0
0
8.843
21.3172
1.4126
12.919
0.2167
3.1042
0
0
0
0
0
0
0
0
0
4.2196
3.4651
0
0
0
14.1343
0
6.1873
2.3169
9.0338
8.4825
19.7454
0
0.1748
2.3285
0
0.1938
0.004
1.1288
4.8332
1e-04
16.1361
9.2901
2.1027
0
0
1.1709
1.5093
0
0.0081
3.904
0
0
0
0
0
0
0.6959
0.8661
0.0362
0
0.0815
0.4628
0
1.4384
20.7858
0.325
0.4222
0
0
0
0
0
0
0
3.2457
2.2403
1.0036
0
0.0304
0
0
0
15.8021
3e-04
0
1.5261
2.0537
0
0
0
3.6795
0
0
6e-04
0.0301
0.0013
0.1065
1.3486
0.6479
0
0
0
0
3.5303
0.0767
0
0
6.9502
1.9317
0
0
0.3279
0
6.6302
0
0
0
1.1393
4.0166
3.9868
6.4688
0
0
0
0
1.6023
0
0
0
0.0157
3.1137
8.1278
2.4635
55.6236
9.2671
0.8361
6.2906
0.0069
0.9258
0.3723
10.4393
1.62
0
0
0.1411
7.8205
0
18.121
1.5079
0
0
0.275
0
0
0
0
0
0
0
1.9839
0.0875
25.5864
0.5045
0
0
6.2599
0
0
35.3519
0.0356
0
0
0
0
0
0
0
8.9928
0
7.5628
3.8289
3.1281
6.1278
5.4639
0.2456
1e-04
0
0.0127
0
0
0
0
0
0
4.9893
0.5166
0
0.863
0.0016
0.1582
0.4621
18.5266
14.796
0
0
0
0
1.2827
2.8226
0
0
6.9111
0
0
0
2.9311
0.7578
0
0
0
3.0018
0.0041
0
0
0
0
0
0
0
0
0
1.4411
1e-04
0
0
2.3211
3.0414
0
1e-04
0
3.7514
6.217
0.9442
0.397
0.1962
0
0.9202
2.5046
10.5442
0
0.0297
0.025
0.0012
3.9351
4.6195
0
0
0
30.3471
2.0269
0.8201
0
0
0
0
3e-04
5.2361
0
3.3818
1.9833
0
4.9216
3.7017
0
0
2e-04
10.9518
12.5577
0.6004
0
0
1e-04
0
6.8682
2.0768
23.9582
0
0.0032
0
0.3016
7.8428
0
0
19.1998
0
0.6082
9.2793
1.0927
0.6877
0.2946
0.1007
1e-04
0
0.0912
2.0735
0
0
0
0
0
0
10.3569
1.9621
1.7646
0
0.2823
3.1936
0
0
0
0
0
0
0
0
0
0
0
4.4134
6.993
0
0
0.3864
11.6714
0.4461
0
0
0
0.3211
6.091
0.0035
0
0.203
0
0
3.556
0.964
0
0
3.1927
0.0022
0
1.9343
0.0317
0
0.8208
2.0861
5e-04
11.509
3.2013
0.0023
0
15.9703
3.4671
2.0484
0
1.1417
4.3473
0.5102
14.269
10.3884
0
0
0
3.0957
0
0
0
0.3846
2e-04
1e-04
0
6.0404
16.4114
4.3043
0
0
0
0
0
0.0728
0.7852
5.9156
14.6538
14.6773
3.8113
0.0223
29.0271
36.2015
2.6257
0.2024
0
0
0
8.6054
0
0.0094
0
0
0
0
0.3477
13.1517
1.9741
8.6183
0.0792
0
0.78
3.671
0.4985
8.3739
1.554
2.8301
0.0027
1.0303
0.0329
0
0
0.1112
0.1435
0
1.1204
0
0.3276
0.0252
0
0
4.9086
0.9796
0.238
1.3927
3.4074
2.0875
0.4614
0.0108
0.0995
7.1122
21.1632
0
0
0.2852
0.7242
0
2.9107
52.1244
16.6981
4e-04
1.2339
0
0
0.0012
4.4762
0
0
38.5902
13.6426
28.9413
25.2407
0
0.1693
0.8224
1.9861
0
0.0016
0.0429
0
8.07
4.2475
0.0861
0
0
1.397
1.957
0
0
0
2e-04
24.9472
1.1224
3.9609
1.5196
1.4331
0
0
0
0
0.7754
6.3091
0
0
0
0
3.1072
0
4.9023
0
3.6453
3.2814
0.0086
0
0
0
0
0.2457
7.9755
0.0881
0
0
0.0858
0.252
2e-04
4.6559
0.4561
2.767
0.0278
0
0
0
0
1.0663
3.3741
0.348
0
0.0034
0.1536
11.043
0.0256
0
0
0
0
0
0
0
0
0
0
0
0
0
0.1546
1.6458
1.9229
1.2843
36.0731
2.4589
0.0313
9.95
1.6667
0
0
0.358
0
0
0
0
0
0
0
4.7456
6.9899
0.2998
0
0.5082
12.9236
0
2.18
0
0
14.7837
6.9282
0
54.6328
9.8219
0
0
0
0
0
1.5829
3.7831
0
4.4385
1e-04
0
48.7101
2.8056
0
0
0.7087
0.1146
0
0.0031
0
0
0
0
2.3567
0
0
0
0
0.2902
0.001
0
0
0.0014
3e-04
0
2.1048
2.9103
5.7786
0
0.0032
0.0021
0
1e-04
0
0
0.2069
3.8944
3.6819
1.1221
0
0
0
0.2778
0.3856
0
0
0
0
0.1257
0
0
0
4.4215
0
0.4377
2.354
19.1811
0.1392
0.0664
1.0295
0
0
0
0
0.0325
0
4.2641
10.1064
0.0034
0
0
0.7434
0
1.0787
0
0.2292
0
0
0
4.1489
2.3304
3.5688
1.2144
0
4.1597
0.1583
0.5832
0
0
0.3943
4.16
6.8455
0
0.4166
17.0074
6.9492
9.2554
5.5791
1.2209
5.882
8.1017
0
0
0.8593
44.5549
5.222
0.0013
0.624
0
0.0899
0.7125
0.0397
0
0
0
0
3.2515
1e-04
0
0
0.0823
0
0
0
0.0209
0
0
0
0
0
12.6902
2.79
19.4581
5.1662
0.4903
0.1038
0.1346
16.61
2.6348
0
0.7193
8.1219
0
0
0
0
1.1532
0.1033
13.8089
29.7873
0.0599
0.1035
0.4537
2.5884
0
0
0
2e-04
4.2076
2.7049
0
0.0138
8.7476
0
0
0
0.2166
18.5709
1.0666
0
2.1016
0
0.1494
0.2121
2.8289
1.0994
0.2303
8.8716
10.834
5.3561
0
0
0.1404
1.5857
0.1976
1.7329
9.9579
0
0
0
7.4835
0
0
0
1.4064
2.2305
14.5643
1.3091
0.0106
0
0.0238
0
0
1.3182
8.192
20.6806
13.9143
2.2
25.7478
1.0036
0
0.6955
0
0.7423
9.9277
1.2039
0
4.6055
16.2965
0.4427
0
1e-04
24.298
0.3891
0.4186
0
0
0.7548
4.7974
5.1205
2.1311
0
0
0
0
5.4341
0
0
0
0
9e-04
8e-04
0
0
0
2.5612
9.83
0.7004
0.8654
0.0749
0
3.7967
0.0101
0
0
0.1567
2.3145
3.9525
0
0
0
0
0.329
21.8034
3.1826
0.0016
0.3565
0
0.4352
0
0
0
9.7844
11.8202
10.8601
0.0167
0
33.0397
0.4838
0.1146
0.1482
9.6485
7.6311
0
0
1.7544
0
0
0.1208
0
0.7024
0.8013
1e-04
3.1575
0.0238
6.8847
12.5684
5.2656
0.0013
0
0
0
0
0
0
0.0016
1.8697
0
1.7231
0
0
6.0403
21.0967
9.4132
0
0
0
0
0
2e-04
0
2.9182
2.7199
5.0556
4.405
0.7306
0.0038
0.0016
3.2442
0.2276
1.1546
0
0.0497
0
0
0
0.0031
2.3709
2.3882
0
0
0
0
0.8626
8.3377
18.6878
1e-04
0
1.6065
31.291
14.521
13.1987
0
4.4007
5.008
0
0
3.0146
1.9643
0.0128
0.0302
0.089
0
7.7331
0.0433
0.4924
7.556
0.0154
0.466
1e-04
0
0
9.6499
1e-04
16.3775
1.0745
0
0.2386
2.0741
8.6157
2.4422
1.2657
1e-04
2e-04
0.1243
0
0
0
0
0
0
0
0.4918
1.1805
4.2336
0
0
0
1.9126
14.6899
10.2656
0
0
0
0
2.1699
2.3102
0
0
16.8021
2.9637
0.9709
0
0
0
0
0.2821
4.7885
0.3648
0
0
1.9168
1.3534
0
0.4689
0
1.331
0.3739
3.1765
2.0052
0
0
19.6919
1.1698
0.6815
0.0326
20.1832
0.0793
0.0615
0.0944
0.5142
1.2942
0
0
4.7875
1.994
16.5159
6.17
0.0806
0
3.1322
1.4693
22.9132
0.4039
0
0.0284
0
0.2973
0.5118
0.0068
8.3291
0.2476
0
0
5.7473
0
0
0
0
0
0
0.3512
0
0
0.118
0
0
5.8577
14.1803
0
0
0.0289
9.8443
0.3689
5.6853
0
0.5314
0
0.2078
13.994
3e-04
0
2e-04
0.2578
0
0
2.189
8.8953
19.1147
10.1637
0
0
0
0.4188
0.3613
0
1.5712
1.2932
0
0
0.4865
2.7126
0
12.1461
0.6804
0
6e-04
3.0694
13.018
29.578
0
0
2e-04
0
3.0138
65.2937
2.7832
12.0559
9.8089
3.1648
6.8179
8.6809
4.7884
0.3174
0
0
0
0
7.313
1.3616
4.3455
6.1009
5.6034
0
0
0
1.2203
1.1994
9.3883
1.6023
0.6166
0.6056
6.5167
0.5366
3.8656
5.2202
0.5113
12.9139
3.0266
6.5011
0.2771
13.7137
24.6302
0.8941
0
27.9406
0.1054
0.2054
0
0.1357
4.3406
0
0
10.7066
4.7254
12.8906
18.2064
0.0072
0.0667
0.096
19.1238
0.1912
0
0
0.1063
0.0844
0
0.0038
0
0
2e-04
0
3.1714
5.7485
3.3855
5.7882
5.4965
0.9083
0
0
0
1.0638
0
0
0.6937
0.8431
6.0652
5.8724
4.3241
0
0
0.2261
22.1239
0
0.425
0
0
0
0
0.0098
1.1659
0.0021
0
0
0
0.437
0.001
41.3755
0.9283
4e-04
0
0
0
2.0739
6.3953
0
2.6956
0.7408
4.4726
11.1861
23.0317
17.3838
1.9079
32.2909
0
9e-04
0
3.3608
35.6394
0
0
1.3516
0.512
8.2794
0.0504
0.2588
0
0
0
0
3e-04
0
0
1.1955
9.7306
5.31
3.9891
0
0.3718
0
0
0
0
0.3602
0
8.1971
0
0.3068
1.5359
1.0423
5.1898
3.8396
32.9253
6e-04
3.0387
0.3628
0
0
1.3175
0.635
0.0315
0
0
1.9098
1.9978
0
1.6416
0
6.0517
0.2492
0
0.1292
0
2.3553
2.6783
0
0
0
18.5783
4.8008
0.2582
0
23.7768
21.6071
1.073
0.845
0
0.4032
0.001
0
0.0726
0
0
0
30.3428
8.8034
0
2.3404
0
0
0
0
0
0.1147
0.2877
0.5957
0.8168
1.0829
0.5811
0.1098
8.2597
0
0
0
6.7487
1.8776
0.6243
0
0
0
3.1696
0
7.6331
0.1276
0.8504
0
2e-04
4.4073
0
0.4304
0.6409
0.1559
1.0236
0
0
0
0
0.0178
4.328
0
0
0
5.8357
6.9577
1.2637
3.1274
0
1.6839
23.3289
0
0
0
3.1472
0
8.5741
12.419
6.575
2.0275
0
3.3313
0
0
30.8768
0
0.0321
1.3935
0
0
8.8268
13.0881
0.4053
0
0.6341
0.0025
0
0
0.6361
0.3611
0
2.8667
0.4322
12.8027
1.4567
0.2359
1.321
5.5419
0.4314
0.124
5.1804
0
0
0
0.0176
6.9975
0
0
0
0
0
0.4962
7.169
9.6409
1.2701
0
0
1e-04
10.3323
0.7851
0.0609
0
0.8432
0
0
0
4.5505
0.139
0
4.5941
0.1392
0.2531
0.1816
0.2029
13.495
11.4506
6.4354
0
0.261
2.6981
0
5.324
1.0177
1.9754
30.1678
15.9831
4.2151
0.043
0.0074
0
0
0
0.0566
0.001
3.6473
12.6753
5.8405
0.2938
0
0.1706
3.4258
0
1.3135
1e-04
6.3335
0.0732
0
0
1.3832
0.6193
0.5566
1.4882
0
6.8755
0
0.9363
1.6627
0.9992
3.0456
0.6756
0
0
0.2437
0.1918
0
0.0569
0
7.0345
2.2271
0
0
14.8669
9.706
2e-04
0.5193
9.2028
20.1759
0.1312
0.8499
3.0584
0
0.1168
0.7844
1.819
0.0422
1.1941
10.1881
0
0
0
0
0.4131
1.0594
0.6536
0
0
0
0
13.2151
0.1051
0
14.5752
0
0
0
0
2e-04
1.2802
0
0.1513
1.1036
18.1577
0
0
0.561
0.9623
32.8327
0
0
0
0
0
1.6599
0
0
0
3.0377
5.7291
8.8929
2.1632
0.0479
0.9834
0
0
0.4698
0
0
10.2999
0
0.1313
3.6202
2.3284
0
0
0
11.1059
0.232
0
0
0
27.2681
3.1682
2.2959
0.7017
0
0
0
0
0
0
0
0
0
0.0092
4.107
0.9061
0
0
0
0
0
0
0.1377
1e-04
0.0207
0.0204
0.0674
24.4262
14.9313
3.3135
0
0
11.2506
0
0
0
0
31.0799
4.7628
0
4e-04
0
0
5.9424
0
0.0334
0
0
0
0
0
0
0
0
0
0
0
0
4.2789
1.0829
0.1328
1.3369
0.0326
0
4.9514
3e-04
0.0173
2e-04
0
0
0
0
0
3.5731
0
2.8527
6e-04
0
0.0268
15.8923
12.5913
16.2874
23.891
6.4326
1.3003
8e-04
0.5983
1.6412
4.7958
10.3615
0.1354
0
0.2734
0
0.1498
0
0
0
0
0
0
0
4.4619
0
0.1355
0
8.9459
0
0.0094
0
0
0
0
15.9368
0.1354
0.4652
6.8415
7.3752
0.132
6e-04
0
11.2352
9.777
0
0
0
0
0
0.2705
0
0
0.0715
0.0838
8.0001
0
0
0
0.5803
4.6803
0.966
0.619
0.3261
0.5072
1.1036
0.7646
1.6332
2.0277
1e-04
0
1.0058
0
8.0168
2.6138
