1980 1 1
0.0226
0.2032
0.4983
0.7246
0.7303
0.2059
0.6379
0.0769
0
0
11.2744
0.0552
0
1.4529
0.0474
0.3142
0.5332
0
0
0
0
0.076
1.8098
0.6786
1.4478
0.0257
0
0.05
0
1e-04
1e-04
0
0
0
0
0
0.2496
0.0308
0
0.8711
0.235
2e-04
0.01
0.021
0
5.5694
1.7926
0
0
0.0309
0.0996
0.7013
12.9457
0.0025
0
0.8632
0.8676
0.1016
0.9621
0.1324
0
0.0784
0.1879
0.0241
5.528
0.0372
3.051
14.8056
0.103
0.0436
0.0992
0
2.679
1.0397
0.0541
0.2841
19.4173
0.6934
0
0.9751
21.506
0.0139
0
11.4159
0.4334
0
0.3201
3.6354
8.7877
1.9645
9.9321
1.6517
2.6814
2.2191
7.4282
0.008
0
0.6816
7.6906
3.5934
1.1941
0.255
3.9377
0.2941
21.5893
1.4227
0.2834
0
0
0
0
0.0513
0
0
1.1916
0.0064
0.2788
4.5179
14.0714
0.4447
0
0
0
0
0
0
0
0
0.5061
0.7888
1.5224
2.8906
6.2925
5.7325
1.8821
0.0084
0.9949
24.7413
10.8253
0.1971
0
0
0.1876
0.6723
4.0808
0
0
0
0
4.6808
5.9828
7.1322
13.7661
12.233
6.666
0.8136
0.6173
5.0313
14.3229
2.3644
0
0
0
0
0.8345
7.226
10.9792
4.3073
0
0.1768
8.3254
1.2268
0
0
1.0944
4.4444
0
0.2214
0.1304
0.043
0.2064
0.1299
1.4868
0
5.8251
12.5919
11.8975
1.587
0.1284
3.3411
7.627
1.2936
0.7314
3.9038
0.4858
0.247
1.5049
2.6246
0.6098
0
0.8642
0.3504
4.6084
26.8253
3.0634
0
0
0.3404
3.1413
20.3202
5.9878
1.2154
1.1524
0.2034
15.7466
4.0176
0.3518
7.065
1.121
0
1.471
1.1139
13.5089
11.0465
4.0943
4.9788
13.5282
0.8348
2.4453
12.294
1.1391
1.1654
23.7832
12.903
2.3569
0
0
0
0
0
1.0158
0.638
6.0865
15.0056
8.0589
2.4735
0.0271
6.1648
0.4113
0
0.0194
0.132
3.2276
0.4387
0
0.3777
1.76
0.8596
0.0546
0.237
13.3567
0.15
0
0
0.9599
2.8981
3.9038
0
1.0606
0.9442
0
0
0
0
0.1789
8.4378
2.1602
0.2534
0.3624
0.299
0
0
0
0
0.6065
0.2539
0.5039
0.0738
0.4174
1.319
2.6126
1.4099
0.3746
0.5453
0
0
0
3.5773
5.693
0.427
0.1761
8.3939
0
0
0
0
0
0.0807
0.1735
9e-04
0
0.1444
0.6622
0.0961
0
0
0
1.0647
6.3809
0.164
0
1.1426
0.4085
0
1e-04
0.024
0.2916
0.4066
1.1329
0.0398
0
7.3765
0.8182
1.4287
1.1232
0.0198
6.7318
0.0428
0
0.036
2.3826
9.5972
11.9584
4.1951
0.1449
0.2715
0.5073
0
0
0.0174
0.0075
0
1.5605
0.3406
0
0
0
0
5.2628
0
0
1.0199
0.0208
9.8517
0.2508
8.2764
0.7524
0.7798
1.0722
4e-04
0.8835
3.2528
2.3396
0.0761
0
1e-04
0.0369
0.0136
0
0
0.1272
0.9419
0
0.1359
0
0
0
0
0
0
0
0.3386
0.3727
0
1e-04
0
0
11.2855
1.5521
0.4882
0.1355
0.1846
1.4188
0.0093
0.0401
0.0412
18.0964
12.2021
0.0024
0
0
0
2.4051
0.2969
0.0195
7.9124
4.8752
0
2.5846
5.974
0.4619
0
3e-04
0.0781
1.1064
0
0.2637
0
0.753
0.2738
0
0
0
0.0237
0.0122
0.0382
0
0
0
0
0.9413
1e-04
0.234
0.6707
0.6986
0
0
0
0
1.4273
3.8515
2.3165
0.3003
0.1615
5.2873
0
0
0
1.6472
3.9368
0.7089
0.03
0
0.305
7.2409
2.5787
4.8504
6.9764
4.3625
21.9259
0.4449
0.2021
5.9219
2.614
0.4355
0.332
1.537
1.2257
7.5485
0.678
0.0181
0.181
0.1008
17.5644
7.6232
0.1123
0.0379
0.0283
0
0.1001
0.9795
3.0705
0
0
1.8139
16.1694
5.0697
1.2555
0
14.0622
6.3368
0.0741
0
0
0
0
0
0.0815
0.3686
0.7082
0.6541
3.7588
8.6894
4.5901
0.1404
4.1634
0.0028
0.0317
0.4086
9.3787
4.9821
4.931
3.9528
0
10.6462
34.594
7.0158
0
5.5943
42.8624
7.7809
0.2153
1.8556
0.2283
0.1647
0.0641
6.8498
9.6258
23.878
0.0486
4.3121
21.2491
0
0
0
0.3819
0.1333
0.5964
2.6019
3.368
0.2942
0.0909
0
0
0.0353
0.9598
2.5858
0
0.1238
0.4908
0.1017
0.4003
0.0131
0
0
7.1666
18.2825
2.8886
0.2278
0
0
0
30.2189
2.5443
17.1776
0.2753
0
0
0
0.4229
6.4543
1.686
0.4436
0.4612
1.9802
1.3441
0.1185
0.9769
5.3203
0.2209
0.004
0.1395
1.899
0
0
0
0
0
0
0
0
0
0
0.0267
1.6902
6.9198
12.8205
21.0476
14.296
7.4234
12.1572
26.1028
21.0102
0.5447
0.347
0.3866
4.63
0
0
0
0
0.188
3.5584
4.9909
4.6919
9.9205
1.5005
0.0602
0.5004
1.9116
3.4393
0
0
0.6059
2.5027
6.3663
0
3.2898
17.0819
4.6118
0.2601
0
0.1565
0.3134
10.6961
0.0052
0
0.0215
0
0
0
0
0.0868
0.0401
0.0671
1.0442
17.4409
1.3417
0.2412
8.4279
8.4722
6.4971
0.2143
0.0495
12.5764
33.019
3.2508
0
0
0
0
0
0
0
3.583
0.752
0.2666
0
0
0
0
0
0
0
0
0
0
0.3706
4.5009
12.4936
0.3761
0
0.6186
2.1045
0
1.1982
1.0254
0
0
0
7.6372
0.1465
0
5.5461
0.128
0
0.8763
1.7036
0.0138
0
0
0
0
0
0
0.2868
4.8702
0.1125
0.0939
0.2444
6.8699
6.1404
20.6019
0
0
0
6.9397
3.9406
0.4428
1.4764
0.7643
0.4392
0
2.0073
11.3398
1.204
0.5048
1.7228
0.2177
1.0118
0.2317
0.451
0.4117
3.2308
0.7394
1.093
1.4564
0.3626
0.167
0.0029
0.0243
2.1553
1.1066
12.7193
3.1573
0.5396
0.1746
0
0.0067
0
31.3182
15.7484
3.5721
4.8184
9.8453
2.0101
3.1902
0.4705
0.4116
0
5.9733
0.0014
0.0021
0
0.5087
0
0.1726
0.2846
1.5346
0.3612
4.0359
0.0369
0.0137
0
0.0599
7.0724
0
0
0
0
3.5564
2.7242
1.4604
20.8977
0.5729
0.0437
1.1523
2.9911
1.8222
1.7295
3.7892
0.2866
8.0776
0.0665
2.242
12.2184
0.3109
0
3.7371
6.4036
1.4501
0
0
2.836
4.3876
1.2188
0
1e-04
0
4.7435
9.603
0.0805
0.0876
8.4587
3.791
1.884
9.9173
0.2374
0
1.5686
0.8533
0.3778
0
0
0
1.9748
6.3466
4.2602
0.0136
1.2753
2.2409
0.4628
0.108
0.3755
0
0.2488
0.5143
0
0
3e-04
0.0156
0.1019
0
0
0
0.0014
1.3878
5.2528
2.1114
0
1.0994
0.0378
0.2782
2.2228
0
0.1317
0.2925
0
1.0674
2.4183
1.8568
9.647
6.5753
6.9293
1.4805
1.3684
6.492
17.1099
10.0984
2.6614
1.5307
0.4448
5.6913
2e-04
0.0448
0
0.0388
0.0074
0
1.8527
2.19
1.1262
0
0
0
0
10.1171
13.9678
1.0217
0.1714
8.3362
1.9648
3.4452
5.2825
0.0111
0
0
0
0.4808
13.45
5.5869
0.4434
0
0
32.7404
0.1071
1.058
0
1.285
0.363
4.9982
3.703
5.568
0.2017
0
0
0
0
0.0017
1.3471
5.718
0.9615
0
0.4813
0.0266
0
0
0.1829
0.0776
0.1275
0
0
1.453
0
1.2089
0.5183
0.4305
0.0447
0
1.0393
12.0721
3.3655
0
0
0
0
0
0
0
0
0
0.0045
15.8561
0.3892
0.1912
0.5752
0.2356
0.4886
0
0
0
0
0
1e-04
0.2887
0.0194
2e-04
0
0
4.6617
0.2898
0
0
0
0
0
0.4196
2.4745
0.4997
0
1.0924
6.9006
0.3074
0.95
0.0161
0.3991
0.8911
0.7488
1.5212
0.8559
26.8502
0.3698
0
0
0
0
0
0
1.1026
2.1748
2.4308
0.4541
1.1371
0.0161
0
0
0.1978
0.6755
0.2774
0.0788
0
0.2573
0.0776
5.0539
0
0
0
0
0
0
0
0
0.632
0
19.8407
21.3401
45.9839
4.4558
0
0
0
2e-04
0.0021
2.1554
0.4794
8.7736
4.4282
0.2079
0
1.2415
0
0
9e-04
0.1272
22.124
12.4159
1.6881
10.9729
2.919
0
6.4121
0.1776
18.2825
1.6372
0
0.1994
0.6775
3.3989
5.4471
4.5368
0.1829
0
0.3876
0.5983
0.3392
0.0617
0
0.1962
0.7325
9.6352
13.0086
0
0
6.1564
1.7441
0.5303
0.4009
5.3441
3.5408
15.1498
2.1202
9.6445
4.5794
0.0035
0
0
0
0
0
0
0.102
0
0.0681
0
0
3.3193
0.5085
0.0981
4e-04
0.4994
0.727
0.0176
0
0
0
0
0.5971
5.628
2.9686
0.0784
0
0.0178
0.0159
0
0.097
4.7379
0.0719
0.2184
8.7646
0.5626
0.3924
0.6386
0.3721
3.415
0.0505
0.0308
0
0
0
0
0
0.0217
0.0285
0.2167
0
0.1786
0
0
0.1031
0.3457
0
0.075
0
0
0
0
0
0
1e-04
0
4.673
4.759
5.6274
0.2188
1.1467
1.0737
0.0712
0.0078
0.0876
0
0.059
0.014
3.1893
4.4034
2.2
9.0123
0.0533
0.184
0
0.0018
0
10.0064
3.3978
0
0
0
0.8651
11.1199
4.0174
0.3645
0.562
5.7462
6.9569
6.2613
5.4488
1.6819
1.0968
0.0963
13.669
14.5803
3.4675
0.1889
2.6074
0.0359
0.0213
0.0116
0
0
0
0
9e-04
0
0
10.7598
1.4189
16.5237
7.5228
23.8556
6.9901
2.3763
0.5872
2.5651
0.7452
5.7901
0
0
0
0
0.0988
2.6949
4.0714
0.2283
9e-04
0
7.6362
0.1329
0.3706
15.0869
1.0172
0.1124
4.1131
0.3922
0
0.8993
8.8611
0.3455
2.3025
0.7631
1.7418
1.3865
0.5833
0.2072
19.0016
0
0
0.8089
2.3639
0.2844
0
0
0.459
0.506
0.1334
0
0.0509
1.3466
0.0423
0
0
0
0
0
0
18.6632
46.0944
3.4935
13.4437
1.5609
1.3879
3.8291
8.4649
1.6492
0
0
0
0.6129
0.0561
0
0
0
0
0
2.7623
11.4477
3.9144
7.2488
1.1003
0.6292
8.1727
1.1391
1.159
9e-04
0
0
0.8446
3.2897
6.8338
12.8496
0.6455
0.001
0
4.6717
0.0307
0
0
0.7141
0.8708
0.1206
26.0226
0.9531
0
0
0
0
1.8151
0.0376
0
3.3634
0.2606
0.9535
0.1598
0.4116
0.9546
0.4331
1.8228
8.7156
0.3316
3.1455
2.4559
0
0
0
0.0094
1.6692
8.2658
7.2578
0
0
0.0046
0.0604
0
0
0
0.1927
6.7046
0.4058
0.2265
2.6733
6.3984
10.1138
0.1291
0.0085
0.0517
1e-04
0
0
0
0
0
0
0
0.3341
5.1355
5.7945
0.0075
0
5.4352
0.554
3e-04
0.0406
6.5219
45.2922
1.7485
0
0.2573
0
1.075
0.058
0.364
1.6557
23.0273
2.5705
0.3147
0.8429
0.7508
0.4883
0
0
0
3e-04
6.2383
8.6129
2.7196
0
0
0
0
0
0
9.9734
22.3618
0.0385
1.1318
3.4334
14.5139
10.9112
0.0628
0
16.0256
2.1657
0.345
0
10.6467
0.0328
0.0465
0.6927
6.2152
22.6021
0.007
0
0.7319
0.4483
0.2811
13.8964
0.5052
26.6616
0.6271
3.5338
1.0931
0.706
11.6373
7.8106
0.0046
2.4591
0.4548
0.2532
0.0826
0.0751
0.2889
4.8086
5.5018
10.3131
0.0044
0.2829
0
0
0.4973
9.7002
0.3925
0
0
0.076
0.0229
0
0
0
0.025
0
1.7588
3.6259
3.4254
0
0
0.5529
0.6022
0
0.0439
0.1627
0.595
0.0698
0
0
0.5777
0.2401
4.3617
0
0
0.4738
0
1.6084
6.3387
0.0246
0.1197
0.0392
2.7368
0.083
0.8054
0
1e-04
0
0.0037
3.2106
3.0577
0.1149
2.2289
1.2355
8e-04
0.0416
2.3286
0.1143
0.8025
0.0334
0
0
0.1008
0.1371
4.5517
2.3817
1.5178
4.0651
0.6575
0
0
0.2371
0.0465
4.4864
0.0032
1.2005
1.3023
9e-04
0.0364
0.1678
0
7.1691
0
2.5276
14.3087
0.0108
0.6629
0.0985
14.8951
11.0603
2.7058
0.0197
0.0385
0.4771
0.9845
1.6988
0.6595
0.6202
0.0939
0
0
2.0986
2.3281
3.6206
7.1336
0.2794
0
0
0
0
0
2.4996
11.3052
4.5945
3.7538
3.502
5.3148
2.4801
0.0157
0
4.1286
31.6139
7.3878
4.0685
0
0
20.1854
0.0537
0.1224
1.1753
0
1.1123
0.7094
1.4791
0.2703
0.1422
1.3048
1.4656
0.0117
0.6149
0.6326
1.9286
3.1421
0.146
0
0
0
3.8917
4.1631
26.2694
4.1339
3.0133
9.8298
0
13.2356
10.0028
0.0461
12.1062
1.8062
0.2834
0
1.1323
0.2752
5.6025
0
5e-04
0
0
0
0
0
0
0
7.0519
5.2548
0
0
2.0664
2.0082
2.1348
0
0
1.6564
2.3927
0.898
0
0.1787
2.5401
1.1734
0
0
0
0.5295
0.2515
2.7362
13.4723
2.3577
0.1567
0
10.9372
1.4808
1.8679
0
0
0
0
0
1.1981
1.2674
4e-04
0.0434
0.1967
0
0
5.1228
3.768
8.9373
4.9439
0.0928
8e-04
0
0
7.5949
15.3211
13.3907
1.4933
0.0493
0.3896
19.1742
5.3797
7.5558
1.0645
0.3624
0.2593
0.1433
0
1.7107
1.0387
0.1064
2.6426
0.2456
0
0
0.9188
0.0544
0
0
0
0.0366
1.1657
0.488
14.9366
2.4093
3.7047
0.7294
8.7807
0.2352
0.1368
0
4.8863
0.9672
5.1973
3.697
5.2572
0.9327
2.1942
4.5003
2.2711
0
0
0
0
0
0
0.0385
2.5099
2.7537
6.139
3.9317
0.0559
1.1526
0
0
0
0
0
0
1.5318
0
9.4812
5.1301
0.7951
0
0
0
0.1509
6.287
1.9452
5.9823
0.073
0
3.5561
0.4361
6.6236
0.0444
0
0.6813
0.9457
0.0715
0
0
0
0
1.3067
7.795
1.4391
0
6.431
0.3656
0.0206
0
0
7.7218
3.2158
20.0944
0.3228
0
0
4.8458
0.0261
0
0
3e-04
0
0
0
0
0
0
0
0.2492
10.9205
0.4573
0.0094
0.3757
0.1827
4.6019
0.2646
0.0368
2.0822
9e-04
0
0.1445
2.1304
0.0179
3.351
4.6412
9.7841
0
0
0
0.0928
3.8465
0
8.9729
3.5938
0.0255
0.6214
0.3588
3.8929
5.2957
5.4038
4.9099
4.1943
3.1012
29.0992
0.057
0
0
0
0.0433
0.1284
0.0047
0
2.9663
1.0546
0
0
0.1031
0.3326
0
5.51
0.8358
0.1533
1e-04
0.0035
0.0569
0.4928
0.234
1.8526
0.0548
0
0.3063
0
0
2.1526
0.0203
0.0673
0.02
0
2.6243
0.9221
0
0
1.3825
3.7855
18.9499
7.0267
2.6494
0.9178
0
0.0141
0.0353
0
0
0
0.6264
6.1991
23.4624
3.0701
0.0168
0.0955
3.0027
0
0.115
0.0648
0.0481
20.341
1.7117
0.0992
0.3279
0.7886
0
0
5.7636
3.4181
0.0552
0.0075
0
1e-04
0
0.237
6e-04
3e-04
0
1.1231
5.4385
2.2042
0
0.2191
6.8631
22.0557
18.5734
15.6539
19.1275
1.1147
1.4156
6.8476
2.885
10.3522
6.2387
2.2426
2.5179
0.4482
0
0.5283
0
0.0772
0.2572
0.0645
0
0.1071
0.1528
0
0
0
0
0
3.8019
0.3772
0
0
0
0
0
3.2234
1.5109
0
0.0473
0.1739
0.4373
0
0
0
0
0
0.0612
0.5929
1.2405
3.2573
1.4388
4.4971
0.5352
3.7396
2.4352
2.8803
0
0.1244
0.0818
0
1.1984
14.5134
16.8845
0
0.1106
0.2659
0
7.3759
6.5841
0.2415
0.5908
0.1464
0
2.9327
16.8404
4.527
7.6698
5.6375
1.2694
0.59
6.4725
4.6615
8.4584
1.5425
0.0549
0.0192
0
1.5357
0.4173
0.2236
0
0
0
0
0
0.0769
1.5359
2.7656
2.3908
0.0784
6.8092
0.9984
0.0096
0.7064
0.6646
27.9491
0
0
1.1016
13.9688
4.774
0.6593
0
0
0
1.6322
0.1645
0.2113
0
0
2.0644
9.3997
0.0062
0
0
0.345
11.8905
0.5254
0
0
0.0549
4.3125
6.235
2.3949
0.7352
0.1086
0.3766
0.2931
0
10.8632
6.1536
16.9653
1.5608
0
0.8543
1.0913
0.0312
0
0
2.8715
8.1856
10.6508
9.0797
0.1524
0
0.3955
12.0905
0.3438
0
0
0
0.6682
2.7394
4.1525
0
6.4246
24.4337
1.0681
0
0
0
0
0
0
0
0
0
0
0
0
9.3304
4.8735
0.5653
1.7667
0
0
0
2.0217
1.9221
0
0
1.6423
1.3487
0.3951
0.0224
0
0.6887
3.1105
3.252
7.044
3.5835
5.7283
15.4695
0
4.7547
5.2818
26.8357
0.6036
0.0492
0
0.2766
5.5475
0.1153
0
0
0
4e-04
0.1876
0.4202
1.0067
6.5747
11.9167
5.052
1.443
0.0143
0.697
0.005
12.1907
15.5288
2.7245
2.6561
5.203
3.9695
2.971
17.9759
0.0534
10.4708
7.8732
2.0844
0
4.7943
0.0375
9e-04
3.8122
21.372
2.7267
5.1616
0.0336
0.0192
5.01
0.6786
0
0
2.3941
0.5668
0
0
0
11.0996
17.1937
1.1852
1.596
0.058
0.5566
0.5495
0.5358
0
0
0.2007
0.2697
1.5532
0.3711
0.8874
0.7615
0.233
1.9681
2e-04
0.2083
0
0
0
0.0835
2.5076
0.0769
1.1545
0.0324
0
0
0
0
0
0.0349
0.668
1.9578
0
0
0.883
0.5125
10.0413
1.4014
0.0087
0
0
0
1.2493
0.3779
1.2008
0.2814
1.9716
0
0.6298
0.5741
0.5166
2.0417
13.7655
2.2164
0.3622
8.5323
0.1185
0
0
0
0
0
1.4132
0.58
3.9614
5.3482
1.2027
8.8696
0.3949
9.1227
0
0
0
0.5355
4.701
0.5218
0
0.6133
1.313
1.2349
1.2866
0.1351
3.2252
0.0617
0
2.2872
1.8192
6.0304
4.8469
7.529
0.054
0
0
5.254
0.7333
15.4488
3e-04
0
0
0.098
0
0.2369
1.9957
1.3304
0
0
0
3.4958
2.0311
1.219
0
10.4712
3.6612
1.8197
0
0.1869
0.0062
0.0026
0.1751
0.3257
5.2628
0.9055
10.2644
1.4516
0.5583
0.03
0.8818
14.4937
3.4156
0.0125
0
0
0
9e-04
1.466
5.4793
0.4201
7.1659
2.1138
0
0
0.3493
0
3.6452
13.21
0
0
0
0
0.0591
0.2993
3.3637
0.8792
5.3015
9.0229
14.2082
3.5382
0.6576
1.115
0.6097
0.0173
0
0.3419
1.8541
8.4553
0.1313
0.1325
0.2793
0
0.2511
0.1246
0.051
0.4058
25.1934
10.6749
4.4235
8.1498
0.971
5.7522
14.1613
4.4274
0.5721
0.2957
10.5756
6.2821
0.0052
1.1716
9.1615
1.5756
0.5511
1.5005
1.244
0.0255
0
0.4688
2.5953
3.8364
0
12.0888
0.6764
8.3336
0.0823
0
0.3402
0
0
3.7942
18.7009
1.6371
15.5965
6.854
3.4461
0.6682
1.2883
20.8264
0.1553
0
0.0152
0.1577
0.0372
0
0
0.8413
7.0256
7.2549
0.0896
2.2345
0.0691
0
1.0432
4.61
0
0
0
4.721
1.5864
18.3833
0.7955
0.2119
14.9657
0.6316
0.2502
0.1897
5.8813
9.256
5.4887
0.0438
0.0044
0
0
0
0
0.0017
0
0.0983
36.5804
9.0466
0.034
0
0
0
0
0
0
9.0108
0.2667
0
0.4964
0
0
5.7538
18.3693
7.3995
0
0
0.4078
0
0.0369
8.9734
0.0172
0.1583
0.1178
8.7543
3.2701
1.8463
27.8872
5.4094
8.6995
4e-04
6.7364
11.0883
11.7434
0.2055
42.6857
3.8023
0.2176
0.9858
0
0.559
2.9235
0
0.1134
2.6257
10.3689
8.5125
0
0
0.143
0
0
0
0
0
0
0.0837
5.0697
2.7291
1.5354
0.0554
0
0.0341
0
0.5267
2.1865
0
0
0
0
0.011
0.4828
0.0023
0.0279
1.5751
0.013
0.0432
0
0.3549
0
3.4704
5.7418
0.2573
10.1342
1.5998
0.2281
0.0517
0.1355
0.4936
23.8383
0.0783
0.7381
0
0
2.0355
16.9818
0.852
0
0
0.3028
8.5779
6.1268
4.9261
0.0856
0
0
9e-04
0
0.4169
0.6114
0.3044
4.186
0
0
0
0
0
1.3697
1.3395
0
0
9e-04
0
0
0
0.2645
0.9781
0.0612
0
0.2379
0
0
0.7167
0.5368
11.5106
0.2159
0
0.2099
0.0911
0.8978
0
0
5.1441
9.3882
0
0
1.1431
0.1857
0
0.0356
0.2075
7e-04
0.219
6.0059
4.1708
0.01
0
0
0
0
0
0
0
0
0
0
0
6e-04
0.2077
1.6616
0
0.0617
0
0
0
0
0
0
0
0
0
0
2.7064
5.9843
6.3909
0.1192
0.0474
0
1.4782
0.0022
0
0
0
0
0
0
0
9.0249
0.4093
0.2566
0
0
0
0
0
0.2378
0
0.0372
2.1218
0.3483
0
0
2.9065
20.7443
1.7374
1.2927
3.9977
0.0433
4.764
11.4242
0.4011
0.0682
0
0
0
2.5865
4.3849
0.1503
0.6629
2.981
0.9178
0
0
0.3907
0
0
0.8182
3.0501
0.0084
0
1.324
1.7842
0.4862
0
0
0.3726
15.3619
10.7449
0.135
0
0
0.1453
0
0
0
0.7897
0.5686
1.1056
0.7861
1.9961
0
0
17.5969
3.9795
0.1264
0.1485
0.2293
0
0
0.4163
2.21
0.1778
2e-04
0
3.8541
1.5087
14.692
6.3019
12.9114
0.0156
0
3.2008
0.8083
0.1647
1.5099
0.0015
0.7842
10.9227
0.3802
0
0
0
0
0
5.1038
27.1283
6.0343
10.5923
1.4511
0.6008
0.1821
0.4723
0.0449
0.0544
10.6872
18.8769
3.2959
3.4468
1.4563
3.3765
3.5562
8.3176
1.0285
1.4556
0.1628
0.1303
2.1263
0.0485
2.0293
2.669
0.1804
0.3513
0.1839
0
0
0.0404
0.274
0
0
4.1218
2.4002
2.0095
0.1131
0
0
0.1797
1.6079
3.0753
0.7585
2.4958
0
0
0
5.1605
3.1442
7.4738
0.3982
0
0
0.0068
0.0608
0
0.3504
1.6955
0.0807
0
0
12.3208
9.0798
0.4741
0.1433
2.4296
25.6879
23.8134
9.3255
0.1884
1.6645
6.0158
0
0.4675
0
0
0
0
0.0434
0.3544
0.1469
0.0277
6.5002
2.0715
0.7528
1.8517
16.1462
2.5804
4.5255
5.4405
1.0215
0.9116
0.1752
0.1393
0
0
0
0
0.3262
0
4.0349
1.6606
1.1935
0.0422
0.26
0.9895
0
2.96
1.1745
2.0046
2.4374
0.4954
3.9221
0
0
0
8e-04
0.5063
4.2641
0
0.2342
2.0131
1.2192
0.33
6.1136
1.8762
1.0096
0
12.5165
0.1563
0.0948
0
0
0.8871
0.0256
0.1183
0
0
0
0.2878
4.7301
7.1049
0
0
9e-04
0
0
1e-04
7e-04
2.4977
0.4824
0
0.6563
0.2513
0
1.2075
0.5455
32.96
0.8852
3.5284
1.5065
4.0168
1.3577
5.7228
5.358
3.4509
2.3066
0.0534
0
3.9773
2.0194
3.6904
0
4.6213
1.6664
0
1.3594
32.5279
0.6834
0.0411
3.7185
1.3254
7.3652
0
0
2.1535
0.3565
2.2246
0
1.2613
7.5717
1.0935
0.0509
0.022
9e-04
0
0
0
0
0
0
0
0
0
0
0.0325
0
0
1.7669
0
8.9449
4.9065
0.9708
2.4511
0.0856
0
1.0092
0.6381
0.9011
1.9235
0
9e-04
8e-04
1.2894
2.0137
2.1719
4.9141
0.715
7.9257
0
0.0719
0
0.0459
0.3935
0.1595
7.9189
4.0189
0.1197
0
0.3079
0
0
0
7.1635
0.3946
0.925
0
1.3164
3e-04
0.0504
0.4425
0
0
0
0
0.4598
0.8138
0.1653
0
0
0
0.1423
0.1052
0
0
7.2366
0.3979
0.8876
0.3348
0
0
0.4313
0.1877
3.7183
0
0.9047
0
23.2419
2.7322
0.2265
0.2855
0.2952
0.3941
1.6566
1.4695
1.6257
2.8224
9.9697
2.8258
0
10.8533
1.8328
0
0
0
0
0
0
0.0901
0
0.4149
0
0.9181
0.7062
1.1143
0.8099
0.1221
1.8248
0
0.0223
0
1.8219
2.5087
0.1963
0.0759
0
0
0
0
0
0
0.1129
0.1403
5.7598
0.5603
0.1144
0
0.3027
0.3792
0.9381
3.4803
0
1.1064
1.0691
1.0196
0.0442
0
3.3992
4.7167
0
0.0024
0
0
0
0
0
1.6947
4.6054
0.1337
0
0
0
0
0
0
0
0
0
0
0
0
0.1608
1e-04
0
0
0
0.1838
1.1903
2.9347
0
0
0
0.1982
0.319
0.1829
0
0
0
0
0
0
0
0
0
1.3043
5.133
3.6211
0
0
0
0.1863
1.7564
8.2776
3.0306
7.8616
2.3446
6.8659
0.1696
3.5355
0.0127
12.6387
7.5413
0.0262
0
0
15.115
5.2979
0.1513
0
2.4398
1.2503
5.9212
5.9723
0
0
2.7195
9.7872
3.5083
1.6924
0.4302
4.1989
6.8533
0
3.3185
15.6874
13.6491
0.571
0
2.8219
14.7494
0.426
0
0.1253
1.1213
15.0144
0
0.22
0
1.0346
1.9104
17.7206
6.4782
1.9204
0
0
0
0
0
5.7648
2.2247
3.1113
0
0.164
0.0065
0.3597
3.0361
3.8184
2.3406
0.0026
3.5084
3.72
0
0
0
0
0
0
0
1.3689
6.2446
0.2278
0
0
0
0
0
1.5361
0.1204
0.0388
0.0086
0
0
0
10.8941
8.1718
48.591
0.405
0
3.4794
2.5116
5.8557
1.678
0.0545
0.068
0.0526
1.8243
0
9e-04
0
0.2762
0.3005
0.1325
22.4137
16.9002
7.8281
0.9642
3.8211
0.5079
12.6852
1.4708
0.026
8.6314
0
1.6695
2.7064
0.0232
0.009
1.9604
20.6859
0.5626
0
0
0
0
0.9817
3.4176
0.483
0.6916
0
0.7954
0.411
0
0
0
0
0
0
0.8938
1.7879
0.1182
0
0.6465
6e-04
0.0248
0.1685
0.3974
0.3123
1.0666
0.3291
0.6188
0.2005
11.2819
1.7309
1.2194
0.3316
15.5211
11.8481
4e-04
0
0
0
0
2.7187
0.916
0.0413
12.3236
0.014
3.2415
0
0.1024
0.0829
4.0071
1.8022
1.1155
0.7742
0
0
0
0
0.4395
0
0
0
0.2742
0.7031
13.3576
0.11
0
4.0028
0.7691
0
0.2415
0.2291
1.8428
0
3.0044
1.3696
0
0
0.1008
0
0
0
2.2933
1.0037
0.1933
0.0343
0
0.0307
0.0025
2.6703
6.4816
0
0.0734
0.1686
0.1028
0.84
0.0809
0
0.4675
0.6333
0
3.963
3.253
0.5585
9e-04
0
0
0
0
0.1087
0.3721
0.008
0.4187
0
1.196
14.3824
0.1356
4.7413
0.4829
0
0
0
0.2369
0
5.7227
9.7073
1.4981
6.2354
0.6158
2.9011
2.7064
18.4024
12.2792
1.6649
0.4888
2.1868
2.6582
0.6526
0.0992
0
3.2325
1.8073
1.7241
3.639
4.2023
2.9436
3.5542
0.538
0
0.3514
0
6e-04
4e-04
8.7198
0.6971
0.7607
2.9698
0.8936
0.0055
0.3306
0.6207
0.7314
0.1966
8.4083
2.3974
2.5298
0.7861
3.0939
0.4007
0.982
3.088
7.3905
0.3247
1.9196
0.1725
0
0
3.8338
2.3971
0.6565
0.3588
5.3155
0.5947
19.0245
17.3204
0
0
2.0203
2.6151
38.0738
15.4049
19.0565
10.7139
8.7571
1.1278
0.011
0.2794
0.0074
0.9505
0.2073
0
12.7224
8.6556
4.5109
1.7378
1.8411
1.7615
1.4116
31.478
2.0197
4.0466
2.6488
0.4631
2.0102
0.5521
0.3966
0.4605
0.4267
0
0
4.0853
0.2277
6.979
0.1867
0.0384
0.2114
0
0
2.6327
2.278
1.1531
0.3145
0.1231
0.2894
0.0484
0
0
0
26.1928
31.9393
1.9159
2.8409
0.0158
0.471
3.9866
17.5865
3.8575
2.4579
0.0598
9.1666
0.816
0
0
0
3.5199
4.1678
0
0
0.113
0.2358
1.8103
0.4064
0.6536
0.7692
0
7.4485
1.0196
0
0
0.1338
19.336
2.1131
2.1746
0.3535
0.0912
0
0
0
11.2393
2.1224
0
0
21.0916
0.0088
0
0
0
2.2032
12.4017
2.7087
8.9604
8.9002
0.0476
0
7.9517
7.325
2.4547
10.27
1.8585
0
0
0
0.0571
0.0451
0
0
0
0
0
0
0
0
0.1772
0.361
0
0.0727
0.0763
0.1537
0
0
0
8.6685
0.0646
0
0
0
5e-04
0.3348
8.2077
0.2169
18.861
2.6364
2.1023
0.2438
0
0
0
0
0
0
0
2.6698
1.3288
0.0353
0.082
0.0597
0
0.2846
1.6819
5.9111
1.0511
0.6074
0.5238
0
0
1.2527
8.8404
14.8584
8.0895
0.5528
0.5554
0.1817
0.067
0.0642
0.1009
0
7e-04
0
1.0684
0.8171
2.985
0
0
0.1243
0.1259
0.0925
0
0
0.3965
0.0376
0.2646
0
0
2.5157
0
0
1.8111
1.0376
0.0721
0
0.0859
3.307
0.3513
0.1115
0
0
0
0.542
1.3834
0.1501
1.5854
2.3858
4.4231
6.8807
0.349
0
0.2481
9.157
0
0
0.1533
3.4434
1.7464
1.315
0.426
0.2992
0
0
0.5484
0.0943
10.8093
5.9226
0.0688
7.1135
0.5001
0.177
0.008
0.1028
3.4035
0.0635
0
0.0116
2.3498
0.2532
0
4.2267
19.1468
1.348
6.3422
0.2418
0
0.307
0.004
0.7854
0
0
0
1.5311
6.5013
22.9153
1.932
0
0
0
0
0
59.3678
6.0399
0.9254
0.0753
0
0
0
0
0
0.016
1.0987
0
2.0503
0
2.86
17.657
1.2078
0.9144
0.0511
0
0.3446
0.2063
9.5601
0.6778
0.1252
4.4408
0.0951
0.3143
1.4643
1.5159
0
0
0
0
1.558
2.9305
13.569
2.6995
5.5366
2.5225
0.2443
0.1334
0.3438
0.2403
0.4213
0.1346
0
24.9432
1.9459
0.0581
0
3.5703
0.0321
0
0.0303
0.1111
0
7.4855
6.1527
0
0
0
0
0
0
0
0
0
0
0.4353
6.8544
20.2739
3.0424
0.0672
0
0
0.1903
4.1758
4.6494
5.8506
13.9719
6.0863
6.3357
23.1266
4.5338
0.1169
0.0318
0.9811
0.0595
0
0.0677
1.1033
3.8078
10.4462
0.0462
0
0
0.2063
0
6.4594
2.4498
11.1755
5.0157
3e-04
0.0171
0.5715
14.4664
2.5103
0.0024
0
0
0
3.0214
0.645
0
0
0
0
0.9073
2.9281
7.1102
2.9892
0.7743
0.59
0.5092
9.8471
5.3443
7.9097
0.0858
0
0
0
0
0
0
0
0.0702
1.0035
0.4844
18.8448
7.0953
1.1678
7.4032
1.0001
0.0491
0.5498
0.1192
0.1043
7.0328
9.3063
23.092
1.4565
0
0
0
0
0
0
2.1512
1.3771
0
0
0
8.5657
2.4101
0.0074
0
0
0
0
11.6635
5.4219
33.512
0.0022
0
0
0.0255
1.3263
11.4473
6.917
10.4503
1.7077
0.7628
0
0
0
0
1.3204
2.1749
0
0
0
0
0
0
0.0817
2.3888
12.4964
0.8904
17.1757
0.0824
0.5385
0.0395
0.0054
10.9143
1.5455
5.7042
0.1673
0.0222
9.186
2.7353
3.1323
1.2036
0.7133
8e-04
0
0
0.0958
0.1136
0.1604
0.3745
0.0185
0.3802
0.2075
15.2487
0.1487
0.0023
3.3683
3.0055
25.1239
18.3164
1.8458
1.0829
0.2469
0.0287
0.2545
0
0.6209
16.8365
0.0627
0
0.3975
3.7162
0.0529
0
0
0
0
0
0
0
0
0
0
0.3434
3.7125
25.8789
0.9649
0.028
0.6469
1.0519
0.9879
0
0.1266
0
0
0.2059
0.0593
0.4098
0
0
0
0.7007
9.8372
1.5392
0.2988
0.4347
0
7.1985
5.2077
0.031
0
0.0176
0.138
36.6017
0.8452
0.0089
0
0
0
0
0
0.0283
0
0.0581
0
11.5497
1.0926
1.3836
9.2781
0.5485
0
14.4406
1.7335
17.5672
2.4351
0
0.9916
0.4769
3.7048
31.6022
23.899
0.313
0.0297
0
0
0.9627
1.5672
0.122
0
0.1335
0
0.2563
12.1173
0.7472
0
0.2373
0
8.447
0.3016
0
0.0447
3.0026
3.1385
0
0
0
0
0.5522
0.2378
0.6353
0.0197
2.5033
0
0
0
0
0
0.3245
0.2223
0.1244
0
0
0
0
3.7163
4.3817
8.0527
0.7843
1.4114
0.8502
1.7171
0.9679
0.6967
0
0
0
0
0
0.1754
3.6832
0.9349
0.5446
4.8113
0.2413
0.003
1.6535
1.1766
0.0662
0
0.0585
0
0
0
0
0
0
0
1.7028
6.751
0.8366
0
0.1006
2.3057
5.2726
0.5555
0.4499
3.8294
3.3488
3.32
0
0.1728
0
0.4525
0
0.5187
1.353
3.961
0
0
7.5919
7.2217
1.1309
8e-04
0.1246
7.3945
5.6004
4.1642
0.0451
7.2668
0
25.1224
14.8397
0.2625
2.5229
0.1634
6.7538
9e-04
0.1028
2e-04
0.0466
0.4245
0.0095
5.7372
0.1871
0
0
12.878
4.0628
0
0
2.7102
0
0
1.2252
3.3001
4.9881
0.0806
1.2478
3.0479
1.6054
0
0
0
0
2.8763
12.935
4.1604
26.53
0.6509
1e-04
0.152
5.8638
15.8824
6.2482
5.5572
0.3725
0.0179
5.2022
0
0
0
0.5829
1.3849
4.311
0.6605
0
0
1.8923
5.812
7e-04
2e-04
0
0
0.8095
1.298
0.0734
0
0
0
0
0
6.427
0.4842
3.8798
4.9632
2.9063
3.1499
0.3091
0.256
1.2161
2.2212
0
0
0
6.8771
2.2547
0
0
0
0
0
0
0
1.6262
3.0722
0.6116
0.031
0
0
0
0.0381
1.7841
0.5748
0.0344
0
0.2549
10.5669
0.0568
0
0
0
12.018
4.1435
0.4347
0
0.0065
0.1371
1.3987
0.7339
1.2802
3.0258
11.7254
22.1714
6.47
0.0317
0
0.2118
0.3796
0.0435
0
0
0.0503
0
1.1581
0.1024
0.1911
0.2165
4.9042
10.0124
0
0
0
1.7466
3.6776
0.6316
0
1.1426
0.0045
0
0
0
0
0
0
0
0
0.8127
3.7506
0.0394
0.3852
1.51
8e-04
0
0
0
0
0.0163
2.0174
24.1784
1.3848
0.2405
0.1659
0
0
9.1309
1.0184
0.5169
0.9352
0.2759
0.1497
0
0.0894
0
7.3221
0
0
0
5.402
26.9702
23.5168
23.6441
9.4398
0.0072
0
4.6952
1.2416
3.7026
0.2758
0
0
0.2614
1.6258
0.5534
0.0069
0
0
1.2297
0.5331
0.6827
0.0803
3.0781
0.5406
0
6.6061
4.1193
17.1087
1.9942
3.8006
0.1235
0.5257
0.0616
0.9048
0.8589
2.3038
2.544
0.9241
3.0839
3.4674
8.9862
0.7516
0.0185
0.0345
0.3219
0.0154
0.1279
0
3.9151
3.0986
1.5275
0.7499
0.2703
0.2293
0.1926
0.2458
0.4836
0.3027
3.7569
0
1.8713
7e-04
0
0
0.5067
0.4533
5.516
0.9364
0
0
0.3352
4.5435
0.1761
0
0
9e-04
0.3992
0.9676
0.1259
0.847
0
3.4598
22.8853
0.684
0.3416
0.0391
0
0.0073
0.0688
0.1534
0
2.5775
2.1681
0.5569
0.0683
0
0
0
0.0254
0.759
0.5636
0
0
0
0
0.1497
0.1902
0.8094
0
0
0
0
2.1572
0.0528
18.482
1.344
0
6.6386
4.7106
0.3126
1.0513
0.3405
0.0593
0.072
1.9625
0
0
0.8814
0.1288
0
0
0
0
0.3945
10.8084
6.0841
1.5292
0.442
16.3133
1.5359
0
0.0437
0.0568
0
0
8.3982
1.8382
2.2633
0.0508
0.6718
13.5928
0
0
2.6261
1.7075
2.4154
0
0.8074
5.7141
0.478
4.3301
0.1994
0
2.0797
0
0
0.5421
0.0365
0.7105
0.6425
3.4125
0.6367
2e-04
0.3663
0.2862
8.6428
11.1969
10.5609
0.2609
8.7874
10.5046
3.7283
3.2239
9.3346
2.3334
0.218
1.7246
0.4904
0.4613
3.2816
0.8064
0.0158
0
1.1559
3.953
0.0346
0
0.3402
3.9718
0.1767
0
0.0119
0.0776
0.0942
0.3548
0.093
7.3971
2.0768
0
0
0.384
3.9023
10.115
10.5231
0
0.4016
0.0436
0.7309
1.9215
24.4487
1.0517
0.2115
0
0
3.8367
5.5792
0.4718
4.5004
0.0514
0
0
0
0
0
1.4982
0.2489
0
3.8725
25.8055
0.7235
0.0198
0
1.1248
1.3482
3.7522
0.4257
0.3768
0
0
0
9e-04
1.5091
0.2456
1.3013
0.1845
6.0373
0.0511
0.3395
0.6987
0.9819
6.2744
0.0193
16.433
16.39
18.2892
17.0145
1.029
12.5924
0.7704
4.5975
11.7026
2.0848
0.8148
20.3823
2.3929
0.274
7.3386
0.7248
0.0076
3.0886
9.3798
10.6433
0.0409
0.8059
3.6589
0.8223
0
0.3619
0.0202
6
1.4002
1.1471
4.8975
0.6189
10.3576
1.6549
0.3396
0.045
0
2.755
5.5932
0
0
0
0
5.5396
1.9764
2.0733
16.0075
11.3312
0.0018
0
0
0
1.9839
6.9409
5.0999
0.2096
6.3427
21.1732
13.9595
5.5681
14.9216
0.0148
0
0
2.7702
1.6126
1.2637
2.1278
4.3582
1.2428
0.1646
37.8431
8.5489
0
0
0
0.4149
1.6247
0
0
0
0
0
0
0
0
0
1.1188
1.7306
11.6334
1.3673
1.4414
0.2958
0
15.2345
13.1635
2.9636
0.0217
3.7582
1.2258
0.4927
0.089
0
0
0
0
0
0
0
0.2393
0.0501
0
21.5952
16.0385
0.7967
2.573
0.0979
0.0477
0.2534
0.0507
2.9131
2.5333
11.4262
26.438
1.9455
0.2133
0.2466
0.0028
0.0399
0.0642
0.0204
0.0232
13.1853
7.4693
9.816
0.1838
2.2111
0.0707
0.0939
0.0293
0
0
1.2173
0.184
0.2247
0.1153
0.1154
0.0237
0.0748
0
0
12.6252
0.1349
0.0514
0
0.2324
0
0.6979
0.2252
0.0115
1.0456
4.5039
0
0
0
0.0328
0
0
0
0
22.6915
21.2292
12.1801
0
2.2756
10.6095
22.2252
6.1079
0
0.0164
0.4484
0
7.6103
0.5238
4.4378
8.2504
0
2e-04
0
0
0
0
0
18.9491
2.0979
0.0031
4.2393
0.0128
0
0
1.131
0
0
0
0
0
0
0
0
0.0468
0.4402
0.5196
4e-04
0.2657
0.5159
13.4672
0.852
0.0045
0
7.9271
0.0544
0
0
0
12.6657
3.7961
1.1012
0.3187
0.3033
1.7261
0
0
0
0.038
0.1885
23.4409
4.7089
0.048
0
1.5996
0.8635
7.1915
2.1205
0.9449
0.7046
0.1302
1.6683
3.392
4.1267
0.2772
0.3474
5.104
1.2554
0.6455
19.774
1.4131
0
0.0298
0.0298
0.2783
0
0
6.6828
15.9216
0.2325
0.0436
0
1e-04
1e-04
0.0434
0.3171
13.6354
5.0265
0.3044
0.3367
0.065
3.0116
3.023
8.0686
0.5043
0
6.1109
4.3592
1.7221
0
0
5.8204
18.3849
0.3029
1e-04
0.0285
1.3991
2.4227
0
0.0248
1.3242
3.9202
2.6832
0
0
0
0
0
1.0188
0.1033
0.0162
0
0.1651
0.522
0.0305
0.9244
1.121
0
0.0016
3e-04
5.291
4.4491
0.8298
6e-04
0.2214
1.0271
2.9739
1.2948
9.2807
0.0021
0.1728
0.0044
4.1025
8.5835
0
17.7126
21.9654
7.5516
0.516
0
0
0
8.6367
0.2216
0
0
0.3557
3.9008
7.6793
7.8482
0.0425
0
0.1543
11.0591
6.6913
1.195
4.2378
0.6234
2.7316
1.1937
2.4291
2.4267
2e-04
0
0.2262
2.0187
3.4947
5.403
7.1444
5.515
3.8323
0
2.2251
0.0731
0
3.5839
1.4235
3.9217
0
0
0
0.0488
0.175
12.8454
0.3626
0.1219
0.0967
0.8318
0.0674
0
0
4.5686
2.2213
2.2445
0
0.7128
0.7064
0
0.2211
2.7291
1.3347
1.2897
0.6531
0.3204
0.0597
0.5582
0.2275
0.6791
0.0068
2.3307
0
0
0.2299
2.5156
0.1076
0.1945
1.7795
1.2803
3.5069
0.6624
7.6927
15.5059
9.2655
9.7608
1.0274
0
13.2593
0.2067
0.215
1.1296
0.8173
0
0.6836
0.2189
4.3489
7.7217
0.0012
0
0.0393
0.4737
0.4977
1.1456
0.0133
1.2947
1.8655
8.2172
8.9042
7.5496
1.9994
2.5781
0.7701
0.8243
0.4713
0.0089
0
0
0
0
0.4571
16.7598
0.0432
0
0
2.5861
0
0.0735
8.8326
6.0604
0
0.5538
2.3337
3.6852
0
0
0
0
0
0.0875
0.0112
0
3.438
1.601
0.2214
0
2.129
0.0689
0.8985
0.0179
0
0
0
0
0
0
10.8019
10.464
1.2345
0
17.6802
0.1935
0.032
0.0293
0
9e-04
1.8202
4.0844
0.3733
5.6014
13.1525
0.3475
0.2371
0
2.3138
1.2669
0.5063
12.097
1.2358
0.2608
0.1642
0
0
0.718
0.0333
0
0
0.7583
0.5467
0.0242
0.0288
2.3451
2.5367
0.916
4.6182
0.102
0.5766
0
2.0768
0.1364
0
0.1352
0.0872
0.0147
3e-04
0.2029
0.0551
0.0293
0.6523
1.5592
9.0267
2.2864
0.1154
0.561
0
1.5302
0.4008
0.0721
0.7311
0.9501
0.7514
4.9844
0
0
3e-04
0
0
0
0.9752
3.8874
0.3786
16.3744
14.7909
0.1494
0.3966
0.167
0.1459
0
0.9231
0.0708
0.002
0
0.0824
7.5863
1.5479
0
0
0.0431
0.349
0.5596
3e-04
0.0541
0.0637
0
0.2357
0.2103
0.2372
0.066
14.7754
5.1205
2.8157
2.996
0
0
0.1028
0
0
0
0.2602
5.936
4.9646
0.3631
2.9523
3.2459
0
0
2.1821
0.0985
0.2398
0
0
0.9795
0.2141
0
9.8464
0.0401
0
0.7749
0.3746
0
5.7538
1.0703
1.6358
0.1315
0
0
0
8.6144
2.855
1.4845
16.052
2.0635
0.1126
0.1883
12.33
7.0382
26.6424
4.2394
0.8868
0.324
0.0709
0.2255
0.0396
0.0471
0
0
0
0
0
0
0.7754
16.0398
4.4948
9.1558
4.6217
1.6685
0
0
0
0.0191
0.9887
4.5253
0.3891
0
0
2.3061
3.6204
0
0.1028
0.4219
0
0
0
0
0
0
0
0
1.6035
2.8498
6.977
0
0
0
0
0.9418
2.0866
0
0
0
0
0.7105
0
0
0
0
0.0941
1.0537
6.9201
1.803
0.0411
1.1694
1.021
2e-04
0
9.7375
2.4631
0
13.5104
36.2128
7.3591
0.9871
0.934
0.3115
6.2953
0.1479
0
0.2324
0
0
5.3151
0.543
1.0968
6.5443
3.7608
0
0
0
0.1616
0.8432
0.2098
6e-04
0.4084
0.0314
2.8665
0.6655
7.7919
8.8423
0.0636
1.1339
1.9835
0.5638
0.0035
0.1916
0.1126
0.1136
0
4.4888
6.8112
1.1698
7.115
1.3044
0
0
0
0.1127
1.6571
9.571
1.3168
27.7171
8.2907
0.0058
0
0
0
3.0483
11.918
2.623
0.1142
0
4e-04
8e-04
0.1631
1.0884
1.6375
0.6971
1.7557
0.7752
0
0
0
0
1.6198
1.0178
0.3706
1e-04
0.559
0
0
0
0
1.2386
0
0.0087
0.1796
0.0042
0
0
0
0
0.1381
0.906
5.9794
3.9097
6.4336
1.2394
0.5591
0
2.6197
0.0323
0.0213
0
0
0
0.765
0.9235
6.0987
0
0
0
0.0854
0
0
0
0.0976
0.1646
6.8989
0.029
0
0.0363
0.4097
0.6484
0.5548
0
0
0
0
0
7.4183
12.1627
0.2079
0
5.9141
3.9767
6.7101
1e-04
0.1167
19.7832
2.3756
0
0.0264
0.0312
0.209
0
0
0
0
0
0
0.3764
0
0
0
0
0
15.9909
7.0891
0
0
0
0
1.7318
0.3494
8.126
1.8639
23.6459
2.1366
7.3906
2.9988
1.8345
0
0
0
5.8648
3.7767
7.1156
2e-04
0
0
0
0
0
0
0
0
0
0
0
0.0051
3.6823
3.0154
0.5926
0.0457
0
3.6708
1.9417
4.2223
0
0.0891
0.0488
0.6599
0.3578
1.136
3.64
4.5532
0.003
0.0273
0.7613
9.7121
30.2486
4.5526
1.3595
0.3869
0.1619
0
0
0
0
0
0
0
7e-04
0
0
0.1591
0
0.2219
0
0.3353
0
0
0
0
0.1949
0
1.0001
0.1276
0
0
0
0.0737
0.278
0.027
0.3367
0.3684
0.1126
0.8651
10.5717
3.1605
0
0
0.2294
0
3.0479
0.8091
23.8897
6.1734
0
0
0
0
0
0
0
0
0
0
0.4793
0.372
0.081
0
1e-04
0
0
0
4.3842
1.779
0.0674
0.0558
0
1e-04
0.9825
0.0835
0.2687
0.1434
0.7749
0
19.6067
33.0851
7.4946
0.5249
8.3372
0.0823
0
0.0538
0
3.1295
9.4204
0.4984
1.1731
11.5869
2e-04
0
0.0301
1.467
0.2015
0.8092
0.0047
0
5.2799
0.153
0.1526
0
1.5752
3.8174
0
0
0
10.5255
5.1813
2.9756
0
0.0729
1.8267
0
0.0425
2.9185
3.3075
1.1538
0
0
0.5596
3.2419
27.2533
0.4799
0.0076
0.272
10.5802
2.0556
0.1016
0.0026
2.7734
1.0535
0.7561
0.066
0
0
0
1.3065
0
8.7345
0.3262
0
0
0.6241
0.4149
0
0
0
0
0
2.2486
1.6342
2.3946
0.8652
5.6668
12.4527
27.6452
2.6723
3.5648
1.8407
0.2973
0
0
0.4902
2.7724
0.2427
0.0468
2.5793
0.144
0.0825
0
0
0.1903
5.089
8.1935
4.2358
0.2457
0.1599
0.0114
1.0471
0.9536
1.0545
4.9414
9.4352
2.8964
0.8377
0.1458
0.2005
0
0
0
6.5128
1.5852
14.3868
9.0381
8.1241
1.5192
0.3501
14.4261
7.8506
0.09
0.011
5.8979
0.0684
0.7702
1.5595
2.6492
28.3973
4.6552
0
0
0
0
0
0
0
0
0
0
0.0014
0
0
0
0.0348
0.0744
0.0548
0
0
1.5547
7.7887
0.0854
0.215
0.2208
1.3707
0.3054
0
0
0.0771
0.4643
0.3559
0
11.2002
1.6143
3.3181
0
0
0
0
0
0
0
0.3559
0.2552
0
24.4175
5.698
39.8677
7.5305
0.1093
0
0
0
0
0
0
0.3716
0.0736
0
0
0
0.313
5.1812
1.1412
0.6647
0
0.113
0
0.1082
12.8917
0.5407
0.4797
0.8053
5.9574
2.5247
16.8714
0.2132
0
0
0.2223
11.2389
0.0198
2e-04
4.911
20.5202
1.8062
5.2154
0
0.2681
1.6201
2.6953
3.4341
1.601
0.2596
0.3475
0.1505
2e-04
0
0
0.6095
0.4297
0.5536
0
0.4033
0.1904
0.2535
0.4294
0
0.3801
0.0332
0
0.6385
1.466
0.1026
0.2495
0.6718
3.2781
7.3276
0.0032
0
0
3.1115
2.8327
0.0345
0.0143
0.2968
0
0.578
0.0738
0.2335
0.3557
0
0
0.4132
0.0888
0.2923
2.0235
6.6973
0
0
0.1181
0.6981
0.1025
3.0649
1.4494
1.0988
2.6152
0
0
1.9661
0.5565
4.4584
3.2651
11.0914
0
0
3e-04
6.7397
8.9507
0.38
0.7166
0.9769
1.661
0.9202
0.2205
0.1387
0
0
0
0
0
0
1.2471
1.5563
0.0445
0.4193
1e-04
0.2396
0
1.8494
1.0486
0.2654
0.0333
0.092
0.3942
0.4542
0.1853
0.1324
0.131
0
0
4.7994
11.7192
1.8913
0.0733
0.2536
0.0404
0.6448
0.6939
10.1714
1.0974
0.8734
0.1706
0
0
0
0
0
0
1.182
0
0
0.0034
20.7826
11.8155
0.0502
0
0
3.8713
3.4554
0
0
0.4137
0.9159
0.0242
0.7994
2.2106
0
0
2.8887
0.2772
0.0734
0.2525
0.0888
0.2523
0
0
6.9385
3.5429
0.1019
3.5091
0.9776
0.1018
0
4.1107
10.2014
0.0032
26.9896
9.0143
0.4841
0.3152
2.9334
0.901
1.2314
10.8063
11.3134
0.8028
0.2131
1.0955
4.0649
2.8164
1.1075
0.0091
1.6194
7.38
12.2571
2.5134
0.1795
0
0
7.5508
1.3425
3.6384
0.0273
0
0.8512
3.8586
0
0.5689
0.6711
0.2066
2.053
6.7805
0.1113
0.0844
0
0
0.1955
6.8554
2.7742
1.5983
0.5728
16.5725
9.3726
1.1143
6.8174
3.4814
6.2959
8.3078
1.3221
1.3034
0
1.6629
11.6432
19.9651
5.2033
0.5371
0
0
0.0422
2.1293
0.0075
0
0.0358
0
0
0
0
0
0
0
0
0
0
0.6038
0.2158
0.1653
0
0
0.2284
0.6687
13.9961
0.2296
5e-04
3.2297
0.9854
0
0.0797
0.1069
1.216
8.2829
2.1784
0
0.2114
5.7468
13.1531
9.6817
1.9146
0.1061
0
0
0.0348
0
0
0
3.8491
0
0
0
0
0.0448
0
0
0
0
1.1965
3.1528
2.98
1.7583
0.7716
0.9553
0.0802
0
0
3e-04
0
0
0
0
0
0
0
0
0
1.059
3.2569
0
3.2908
0
1.299
6.8599
2.6059
2.864
0.8674
0.9647
0.2654
0
0
0
8.8561
6.0751
0.2443
0.2818
0
10.7035
11.1037
9.2272
0
0
0
0
0
0
0
0
1e-04
0
6.8311
0.3355
0
0
0
0
0
0
0.5763
12.2332
0.7302
0.7704
0
0.1207
11.1951
0.1537
0.0522
0.4251
0
1.501
4.5217
10.0536
0
0
0.2511
0
0
0.8997
1.0944
28.3426
4.6703
0.7996
0
0.566
0
0
0
0
2.205
1.7649
0.419
0.4026
0
7e-04
0
1.9023
4.6357
7.3898
5.1869
1.5803
0.016
0
6.253
6.8334
0.002
2.4048
0.0033
3.8462
0
0.063
0
0.2828
0
20.2054
4.0673
0.0417
0
0.336
26.5735
0
0.4124
4e-04
0
0
0
10.6063
4.0091
1.7504
0.6211
0.2053
0
0.0961
0
0.4992
1.0056
0.1143
1.0408
3e-04
8.3048
0.0167
0
0.4894
6.3412
0.3496
0
0
0
4.0791
3.1819
5.135
0
0
0
0.9896
1e-04
11.2062
1.6869
2.3112
5.2757
0
4.5096
5.1739
0.2056
0.3355
0.07
0.212
0.2115
0.2405
20.0494
0.6931
0
0.0435
0.1998
3.2233
0.134
3.4792
0.3012
0.5817
2e-04
1.117
3.4532
0
0
6.2532
2.7303
13.766
0.518
0
0
0
7.5804
36.9428
0.01
1.5869
2.4345
0.356
0
4.6571
4.3374
0
2.7272
0.8466
1.1032
0
0
1.1088
40.0062
0
0
0
0.2955
5e-04
0.1377
0
0.0032
0.8858
0
9.363
0.7011
0
4.0241
6.3653
0.3683
0.874
0
0
0.0514
0.5568
10.7828
0
0
0
0
0
0
12.1569
0.2603
0
0
1.3449
0.5851
0
0
0.0422
0
0
0.8813
0.374
0.0364
0
1.3676
2.7588
0
0.6895
2.9771
2.3328
25.6366
6.819
6.3021
0.0455
3.2871
0.8081
0.5002
1.2341
0.3692
2.1235
0.0057
1.899
4.7294
0
0.5435
6.25
15.645
0
0
0
0
0
38.8435
0.0191
0.0064
0.2015
22.5723
0.1615
32.1188
7.1459
18.3228
0.2439
0.072
0
0
0
0
0
0
0
3.0016
0
1.6075
0
9.3559
0
5.2018
9e-04
2.7788
7.7495
7.9349
0
2.441
5.4689
5.9381
0.2401
0
4.2456
6.2619
0.736
0
0
0.2052
0.7038
0.5099
4.6892
6.1541
20.7938
0
0
0
0
0.0203
8.1366
0
1.3261
0
0
4.5862
8.2156
2.1095
4.2542
0
0
5.5752
0.6359
1.4501
0.0181
0
0
0
1.3477
0.302
9.1126
0
0
0
0
0.1557
0
4.951
11.3911
5.1152
0
12.1387
22.0773
7.6647
0.2132
0
0.7151
3.2876
1.4605
0
18.4552
0.0175
8.6636
7e-04
0.2682
0
0
1.2895
0
1.731
0.9343
0
0
0.7362
0
0.2398
10.0895
8.733
4.7842
1.4944
0
0
0
0
13.3844
0
1.7777
32.8566
0
0
2.296
0
0
0
0
0
1.7314
0.1004
0.038
0.2549
1.1173
0.0062
0.3552
0
0
0.6744
0.9424
0
0
0
0.4622
9.3145
0
0
0
0
0
0.1284
0.2884
0
0
1.9275
2.4123
14.6588
1.1898
0.3101
0
0
2.3358
3.6148
2.3617
0.8179
0.4376
0
0.796
0.0011
0
8e-04
0.1841
0.0287
0.9651
0
9.0202
2.8505
0.2588
0
0
0.4525
2.8563
3.0458
4.3207
0.0485
4e-04
0.2085
0.4238
0
12.7611
3.9474
0.3689
0
3.6384
3.2736
1.606
0.4014
0
0.3097
0
0
16.2379
0.086
0
0
0
0
0
0
0.4343
0
0
0
7.0147
9.0054
5.8808
7.5589
0.4597
0
0.2141
0
0.6078
0.4072
1e-04
0
4.4167
16.7029
3.0176
5.2327
12.5093
20.5742
0
0
0
0.5627
4.3093
0
4.1278
0.0011
0.4727
0.3544
0.1065
0
0
1.524
6.3963
0.3094
3e-04
0.1094
0
1.4012
0.2928
0.0374
0
0
0
0
0
0.2389
0
0
0
0
7.1691
8.0634
3.3033
0
0
2.9298
12.6067
33.8246
7.3004
1.188
3.4334
0.1063
0.1446
0.1788
0.9437
0.0827
0
1.1195
0
3.3126
0.0049
1.7741
0.455
0.6242
0
0
12.641
20.3639
0.3048
0
0.3259
1e-04
0.1438
0
0
7.1873
7.9727
0.3943
10.7704
4.4041
0.2605
0.3077
0.1163
0
0
0
12.9268
0.188
3.3261
0
9.0579
1.1987
0
0
0
0
0.02
11.5834
19.904
2.5619
0
0.102
0
7.445
0
15.9053
0.3966
0
1.0931
0.0486
1e-04
0.0297
0
0
0
22.6454
0
0
5.3761
3.6966
4.3316
23.0587
4.1089
9.2588
0.3335
0
1.1163
2.7427
0.1904
0
0.7454
0
0.6117
0
0
0
0
0
0
0
0
0
0.1042
6.3487
0
0.0462
0.3353
0
1.2699
5e-04
1.3976
8e-04
0.3608
0.1603
0.3514
1.2408
0
0
0
1.8865
6.7336
9.5747
17.8278
2.6583
0
3.2661
1.3368
4e-04
0
3.3882
0
3.9914
0.7224
1.0406
2.5096
0.0022
8.2833
3.2869
5.6416
5.2918
2.8911
0
1.5943
0
6.4821
1e-04
0.8439
3.8123
6.0909
0.0708
0
0
0
0
0.511
1.6381
2.3828
0
0
8.0856
0.4746
17.8987
19.3268
12.9552
0
0
0
0
0
0
0
0
0
0
0
24.258
18.9432
21.4866
7.7623
3.4461
0.1058
3.3035
0.1423
2e-04
0
1.5209
0.2094
8.1129
0.569
10.0415
0
0
2.4389
0.0431
1.8986
29.1873
47.4741
0
0
0.5384
2.0574
0
0
0.8987
1.7285
0
0
0
0
5.7479
0
0
0
0
0
1.7046
0
1.5803
3.1092
0
0
0.5522
0.3677
8.8915
0.0681
0
0
0
0.1617
2.1924
0
0.1386
1.0118
0.5705
0.0441
7.1162
0.0072
3.3727
0.1228
17.2151
2e-04
0
0.2382
2e-04
0
0
0
0
0
0.4473
3.0071
0.0142
0
2.7055
0
0.002
0
0
0.1561
0.2164
2.1688
0.0098
7.7588
3e-04
0.0045
0
0.2773
0
0
0
0
1.4063
0
17.7432
1e-04
0
0.1862
0.2652
0
0.3186
0
0
0
0.1596
0
0
0
0
8.772
5.6098
0
0
0.2646
1.7951
0.6063
0.2431
1.9415
0
2.8806
0.0159
3.2684
0.009
0
0
0
0
0.0108
0
0
0.8483
0.4005
0
0.9604
0.9566
7.0504
1.2279
0
0
0
0.4133
0
6e-04
0.6663
0
0.0638
0.0694
18.2758
12.098
0.0648
0.1623
2.569
0
3.166
1.3442
0.2956
3.5018
3.3827
5.1365
5.813
0.068
0
0.0016
8.1235
0.0802
0
0
21.2487
8.4267
0
4.6281
0
0
0.2434
0
1.3394
0
5.8298
2.8866
0.0567
1.0894
0
1.2254
9.5997
0.5126
0
0
3e-04
6.102
0.5676
0
0
1.1714
1.2568
0
0
0.6297
0.0525
0
0
0
4.949
0
5.6481
8.2976
1.1253
2.0373
9.0307
0.075
0
13.2898
0
0
7.1277
0.5652
0
0
0
0
0
0
0
0
0
0
0
0
0
0
0
0
0
0
0
0
0
4.1006
0
0.8582
6.8444
0
0.4271
0
0
25.235
0
10.3113
1.1642
0
0
3.5147
16.1877
0.9179
0.9462
0.8848
1.0731
0.444
2.5384
27.5469
0.0838
0
0
0
0
0
0
0
0
0.5309
0
1.5258
0.0747
0
1.7016
0
0
0
2.0581
1.173
0.008
0
0.0558
0.2417
13.7414
0.0133
1.7852
0.513
18.3958
9.7542
6.8493
0.2335
0
0
0
0
0
21.2902
5.6402
7.9939
0
0
0
0
0.3961
0
1.5089
1e-04
5.8177
14.8183
6.5576
11.0404
0
0.3252
0.3045
0
0
0
0
0
0.0931
2.8403
3.3542
1.1785
14.278
0.6817
1.9663
0
2.8786
0
0.6869
0
0
0.302
0
0
8.0417
0
0
0
0
0
0
0
9.9635
5.6764
1.9364
0
2.4018
7.9306
2.3891
12.4323
5.393
0.2258
0.0034
2.2985
0.7839
0.7274
0.3789
0.8618
0
0
0.579
1.1533
2.5529
2.0257
5.5453
0.0401
3.052
8e-04
0.095
6.5255
1.1004
0.0208
0
0
0
3.4354
0
0
0
1.1291
6.759
9.4146
4.7253
0.9513
0
0
0
0
0
0
0.0761
0.0353
0
5.6645
0
0.1099
0.408
0
0
0
1.7052
0
0
0
0
0
0
0.0552
0.3347
0
0
3.776
0
0
3e-04
0.5519
32.5274
1.6273
0
0.2169
6.7051
15.5075
0.0329
0
0
2.5742
0.7455
1.4641
0
0
10.4856
0.0462
0
0
12.8576
0.4234
0
0
0
0.1859
0
0
0
0
0
0
0
0
0.1546
0.1758
14.4627
0
0
0
0
0
0
0
0
5.2859
0
0
0
0
0
0
0
3.7802
4.3447
0.7498
0
0.0997
1.5207
0
9.8191
0
0
0
0
0
0.1487
0.5218
0.122
10.4016
3.1369
0
0
0
5.3425
0
0
1.8909
15.592
4.0263
0.5351
0.3098
0
0
6.7351
0
0
0
0
0
0
0
1.1998
0
0
0
0
0
11.2798
0.0349
0.7121
0
0.0162
0.7343
0.8622
1.6445
0
0
1.1634
0
0.1396
0
0
1.9816
0.1012
4.862
1.2829
0.6591
1.6428
0
0.097
0
0
0.6154
0
2.9932
0.1792
0
0
0.8682
1.0855
0
0
0
0
0
3.194
3.9628
0
2.3071
2.0017
0.0844
0.0054
0
8.1805
1.9664
1e-04
0
0
0.1663
5.774
0.1251
0.044
9.5751
0
0
0
0
0
0
0
0
0
0
0
0
8e-04
3.323
0.0816
0.3642
1.4583
3.2134
0.0016
0
7.8879
11.4448
0.0662
0
0
0
1.2757
0
10.8731
3.161
1.0854
0
0
0
0.0184
1.1522
0.4433
0.0334
0
7.4825
7.6707
0
0
0.8811
4e-04
0
0
0
0
1.2349
0
1.8898
39.9697
4.422
0.1122
0
0
0
0
0
0
0
0
20.5561
1.18
0
0.5445
0
0
1.0501
0.7178
1.9424
14.261
0.0988
10.7335
0.1211
0
0
3.0921
0.5146
13.1661
26.8494
0.0056
0
0.3592
5.8802
0.1503
0
0.0028
2.7556
32.2872
0.6877
2.2597
0
0
0
0
0.0046
18.1889
3.6581
0
0
0
0
0.9247
17.3333
7.2163
6.1351
8.3785
0.3358
1.2727
18.0194
0
0.3983
25.2794
0
0
1.8035
34.3553
0.835
0.0594
0.1436
1.7915
4e-04
0
0
21.9091
0.0144
0
4.0399
0
0
2.0348
6.2675
0.4552
0
0
3.2995
3.9548
0.0997
0
0
0
0
0
0
0
0
0
0
0
2.2483
11.9604
25.6093
2.6501
0.1499
8.2073
8.2563
0.0251
0
20.631
19.5043
0.3789
0.0039
0
0
0
0
0
0.3393
0
7.38
0
0
0
0
0.0923
6.9569
0.6855
0.0749
1.8823
13.0137
0
0.0743
0
0
0.0751
0
6.3485
0.0864
0
0
0
0
0
42.7595
0.7231
14.8327
0
7.4797
0.4166
0
0
0
0
7.5534
0.9326
0.3032
21.4183
4.6903
0.0359
0
0
0
0
0
0
0
0
24.5041
22.1088
3.9823
0.6728
0
0
0
0
0
0
0
1.5454
0.4678
1.8832
0.0949
0
0
0
0
0
7.2387
3.2267
0.1798
1.4123
0.2282
0
0
0
0
0
0.3555
0
0
0
7.8005
0.5573
5.1818
7.8785
0
0
5.4622
0.1631
0.0477
0
0.2392
0
0
0.0809
0.7757
0
0
0
5.3978
3.3792
1.6393
0.0793
2.2427
0.2424
0.1114
0
0.037
0
0.0455
0.5825
3.4384
2.5392
0
0.3964
20.4785
7.1564
3.5029
9.2257
0
15.7323
7.9312
0
2.897
0
0.6725
0
0.7116
0
0
0.0215
0.2432
0.3469
2.6179
1.4591
1.9833
0
0
0
0.0893
0.5883
0.2258
0
0.0413
0
0
0
0
0
1.192
0.5398
0
0.0421
0
0
0
0
0
0
0
0.1525
0
2.0399
0
0.5926
11.8891
0.6271
0
0.0609
0
0.0469
0
3.1607
0
0.4996
19.9675
4.8146
0
0
0.0056
11.4522
2.3475
0.0395
0.0056
0
0
0
0
0.6943
0.1175
3.9181
16.2694
0
0
0
0
0
0
0.0285
0
0.4765
0
0
0.2002
0
2.0388
3.5217
4.9224
0.4171
0
7.3206
1.8088
0
0
0
0
0
0
0
0.181
0
0.0454
0
0.0349
0
0
3.4896
0
0.6512
0
0
26.6616
3.2771
3e-04
4.0009
2.3868
3.2466
2.1497
0
0
11.3911
0.3781
0.308
0
0
9.2862
5.773
3.3614
0.3697
0.6182
0
0
0.0388
0
0
0
0
0.1878
0
0
0
0
0
11.6858
0.0535
0
4.9179
1.1933
0
0.055
25.4396
22.8553
0.0022
2.9039
0.1274
0
13.3556
0.7534
0
4.8102
7.9258
0.9458
18.1127
0
0.7754
0
0
4.7462
13.3092
0.9919
0.2711
7.5966
8.6002
0
0
0
0.1742
1e-04
0.9075
0
0.2412
8.5187
0.24
0
2.3269
0
2.6781
9.354
3.4201
5.7922
0
0
0
0.1829
0.8797
1.321
0.0057
1.538
0
2.4878
0.5981
1.3688
0
0.986
0.0031
0.0069
1.0028
0
0
0
0
0
0
0.474
0.3039
0.0626
0.3883
11.0297
0
2.7282
5e-04
26.3818
0
1.676
1.6597
1.407
9.8788
0.1611
0
0.9012
6.4968
0
0.1516
0
0
0
6.3843
0.6635
0.0012
3.0376
0.4976
0
0
1.7543
0
0
13.678
0.6569
0.0084
24.99
7.4181
0.8737
1.3683
0.2847
0.218
0
0
0
1.1027
0
0
0
0
0
0.0567
1.0573
3.4262
18.4347
5.5621
0
0.1014
2.1029
2.5118
0
0
0.3588
1.3175
33.8656
0.1782
9.0392
0.1504
0.2213
13.2426
1.715
1.6028
0.6122
0.0238
0.0321
0
0
0
0
3.3201
25.3195
6.4046
0
0
0
0.2204
13.7562
17.0854
0.9446
15.9347
3.1453
25.6911
0.0282
0.0057
0
0
6.7579
5.3136
6.9579
0.0558
18.219
1.8339
0
0
0
0
1.1326
0
3.6381
0
0
0
0
0
1.4581
0
0
0
0
0
0.608
1.8995
0
0
0
1.9336
0
0
0
0
0.1008
4.5452
0.1859
2.0441
3.4567
14.7157
16.5216
0
0
0
0.7195
0
0.5774
0.1532
0
0.2027
0
0
1.3486
5.0804
15.3026
0
3.4136
25.599
1.1601
0.4769
0
0
0
2.337
0.1286
0.0211
0.0294
0.0319
0.2742
0
0
0
0
0
0
0
0
3.4522
0
0
0
0
0.0331
1.1657
0.2089
0.1088
0.7985
0
0.5588
0
0.0529
0
0
0
0.3537
3.7073
0
0
0
0
3.8371
24.9159
14.6065
12.5606
0
0
0
0
0
0
0
0
6.6799
2.7694
0
0
0
0
0.5087
0.0368
0
1.0256
11.1984
1.2071
0.0077
0
0
0
14.3012
0.5285
0
0
2.6018
8.0005
0.474
0.1641
0.0506
0.3736
0
11.8715
0
0
0.1227
0
0
0.1509
1.4001
0
1e-04
0
2.4743
0.3474
0
0.1935
4.5805
6.0324
14.4944
1.8831
0
8.579
0.714
0
1.1795
18.5736
1.6743
0
0.0247
0
0
18.8108
7.8014
0
0
7.4594
21.4799
1.4081
0.0024
0
0
0.1584
0.4987
7.2879
2.2645
1.6572
0.0757
0
0.4827
0
3.9147
6.4077
0.3421
0.1831
0
10.0655
0
0
0
5.266
0.6765
5.8622
4.1535
0
4.3613
38.137
2.6002
0.8049
0.7292
3.5517
3.1695
0.6917
0
0.5802
0
0
0.0356
0.1813
10.3131
1e-04
0
0.7444
2.8716
0.3402
0.155
0
1e-04
7.3925
7.3628
14.8967
2.2724
0.0523
0
0.0807
0
0
1.5182
1e-04
1.5622
0.5666
0
0.8805
0.0207
0
0
7.6899
0
0
0
3.2469
6.0329
0.3766
0
0
0
0
0
0
1.4856
0
0
0
0
2.3068
2.1183
0
0
0
0
0
0
0
0.2402
0.1398
0
2.8578
10.4295
6.4624
0
0
7.4478
2.5076
11.1681
17.5234
1.3308
0
0
0.8565
0
1.9551
3.3013
0
0
0
0
0
0
0.008
0.8788
1.9403
0.3275
1.1905
0
0
11.0096
0.1244
0
8.5116
12.9923
1.7747
0.9702
0.2231
0.0279
0
0
0.0507
0
0
1.5566
0
0
0
0
0
0
0
0
0
0
0
0.8143
6.0708
0.0032
0.051
1.0483
10.2737
20.3708
3.0063
0.7013
0.0086
0
0
0.5757
19.7411
1.0048
0
0
0
0
0.5735
6.0598
0.002
0.0395
1.304
0
0
0
0.0321
0
0.5824
0
0
0
0.1956
0.5128
8.3402
0
0
0
0
0.106
14.4781
2.4472
0
0
0.2805
0
0
0.0307
0
0
0.4723
6.0035
0.5617
0.2537
0
0
30.1433
0.7689
0.8284
0.3108
0.244
4.3224
0.6746
0.3228
0
2.9026
0
2.618
8.0589
1.145
0
0.7057
1.3466
0.4609
0
0.4785
0.4108
0.0976
4.2389
0.0155
0
0.2867
0
0
0
0
0
0
0
0.0139
4.8664
0
0.519
0
1.519
19.8797
5.4543
1.5239
0.3859
0.1704
0
9.1658
0
0
0.3564
0
2.55
6.0869
0.5039
5.9543
0.2813
1.1855
2.5859
0.9019
0
0
0
0.325
0.0943
0
0
0
0.0322
0
0
0.0658
0
0.1106
0
0
0.0608
0
0
2.6099
0
0.0735
2.9355
0.6997
0.3945
2.9472
0
0.6651
3.4439
0
0
0
0
0.0347
1.1958
0
0.1171
3e-04
0
0
0
3.5672
0.0918
0.3219
0
0
11.5204
4.9345
0.4645
0.1718
0
0
0
0
0.7211
0
0.034
4.2544
0.9255
0
0.8186
4.4927
0.0733
0
0.1272
14.9566
0
0
0
0
0
2.8982
2.7323
8.0088
0.2875
0
0
2.8396
0.2319
0
0.2179
14.3017
0
0.6223
1.2422
0
0
18.6136
13.6211
0
9.1423
0.3485
0
0
0
0
0
0
0
0
0.0736
4.2253
0.5177
4.2275
0.5889
0.5297
0
0
0.3032
0.4816
0
0
0.6819
6.1792
10.1801
12.3754
1e-04
0
20.2051
2.2644
4.2488
8.1676
17.121
14.0745
8.1775
4.0067
0
0.0588
6.601
1.4602
0.0529
0
0
6.6978
0
0
0
0.0351
0
0
1.7141
0.2559
0
0.2506
24.0337
0
0
2.1063
2.7863
0.0438
0.116
0.5155
8.5148
0.1636
0.1293
1.9608
42.5271
0.7573
3.2487
1.2456
0
7.6414
0
2.6969
0
0
0
0
0
0
5.9826
1.6038
0.2205
1.4135
1.6157
0.1319
4.6867
0
4.294
2.9217
0
20.1366
13.5401
8.0915
2.7062
2.2902
0.1267
0.9569
0
1.5835
0
1e-04
0.9782
0
0.4271
18.3842
9.3184
0.747
0.304
0
0
13.79
0.0723
0.0152
0
0
2.9388
21.2737
11.0524
22.0423
4.9495
0.0096
0.605
10.4802
0.4389
0
6.6398
4.7857
0
0
6.7212
5.1919
0
0
0.0365
0
0.0561
2.4056
0
0
3e-04
5.4561
0.6634
0
0.7689
0.3594
0.4986
45.4334
4.897
0
0.6983
0
0
0
0
0
0.0813
0.0353
0
0
1.1745
5.8817
0
0
0
1.7287
4e-04
0
26.8009
0.7843
0.0375
8.8591
0.1854
23.3843
1.2456
0.6711
0.0793
0
0
3.0758
2.9133
0
0
0
0
0
0.6833
0.0344
0
0
25.3199
5.4813
0.6589
0
0
0
0
0
0
0
0
4.2964
8.3045
0
2.1713
1.7662
0.1123
0.0302
5.3905
0.5664
2.2307
0.3875
0.0584
0
0
0
0
0
7.3013
2.2982
0.0323
0.0341
1.7814
1.2031
0
8.9002
4.7562
0
0
0
0
9.5447
0
0
15.3113
9.2858
0.2104
0.1355
0
0
0
1e-04
8.2686
1.3631
0
0.1361
0.4792
12.0135
1.1264
0.0383
0.1
3.55
0
3.611
2.2797
0
2.7185
2.6897
0
4.2091
23.4884
3.4141
0.1498
0
0
0
9.9631
4.7312
0
0.2243
3.1151
0.5744
13.6536
1.4842
0.1179
0.1197
0
0
0
0
0.6938
0
1.3675
0.6256
0
1.5358
0.3245
0.0012
0
0
0.029
1.76
0.0476
0.1415
0.5451
4.5134
0.1561
0.2197
0
0
0
1.2808
3.8257
0
0.8711
0.9975
0.0081
0.123
0
0.1795
2e-04
0
0
0
0
0
0
0
0
4.1608
0.5991
0
0.377
1.2392
2e-04
0
0
0
0
6.857
0.3447
0
5.0657
11.9405
0
1.5909
0.1687
2e-04
0
0.298
0.0343
0
1.5237
0
2.9941
0.5829
1.8868
3.704
5.0257
0
0
0
3.4819
6.6549
6.2897
1.1179
0.079
2.5243
2.152
0.5182
0.2324
2.0749
0.072
0.1166
0
0.2819
0
0.4597
0
0
0.1525
0.3303
3.4565
0
0
0
0
0
0
0.01
9.6695
0.0977
3.2051
0
3.5555
0.2569
0.5703
0
0
6.1613
7.4912
12.8162
0
0
0.3711
0
6.0279
0.0984
3.0896
17.6073
6.7371
0.9383
2.3871
4.4669
5.9393
0
2.3593
1.3058
3.5937
0
20.1547
1.5837
1.4026
14.1151
0.4768
0
0.5268
0.1179
0.1442
12.1285
11.3432
0.4466
3.3322
0.547
0
0
4e-04
0
0
1.4849
13.5047
19.8952
13.3986
4.2458
12.1615
0.0642
7.2148
16.472
0.0428
0.1305
0
4e-04
0.4267
0
0.0503
5.1641
0
0
6.6194
0
0
0
0
0
3.4919
3.995
0.368
8.76
0
0
0
1.3641
4.568
0.8106
0
0.0289
1.1272
3.6835
6.035
1.1254
0
0.0085
13.2529
3.554
0
0.2823
2.2642
12.5393
7.4568
0
0.8799
17.315
0
0
0
11.0045
0.1775
0
0
0
0
0.871
0.216
0
0
2.0581
7.8027
0.1301
0
1.4518
10.6885
12.5021
0.1122
0.0563
0
1e-04
0
6.6379
20.0458
14.5802
18.8361
0.1962
0
1e-04
0
0.0798
4.2779
0.0535
0
13.7936
0.8833
0.3389
0.0539
0
0.0511
0
0
0
0
0.1206
0.3371
0
0
0
0
0
0
0
0
0
0.7313
7.5373
0.3739
0
1.8076
0
0
0
0
0
0
0.9179
0
0
0.0501
2.7147
0.374
16.9065
1.4183
0.0105
10.191
0.3036
0.2898
0.2323
2e-04
5.7611
3.0943
0.182
0.0483
0
0
5.5728
4.4805
0
0
10.7865
0
16.3554
0
0
0
0
0
0
0.0288
0
0
0
0
2.4342
4.1599
1e-04
9.731
4.8712
0
0.0046
0
19.7552
4.7278
0.1323
2.2984
4.1243
0.5838
2.4576
8.5562
0
0
0
0
2.9184
21.8171
0.0293
1.3734
2.1265
3.5868
0.1812
0.4815
0.3832
0
0
0.2181
0
0.0368
0
0
0.2172
15.8973
0
0.1831
0
0.1421
0.003
0
0
3.1342
0
5.7833
15.0386
1.5835
12.7739
7.6247
0.023
8.3833
0.3119
1.8889
10.2036
23.178
13.3659
2.773
0
0.4122
0
0.0319
2.7076
1e-04
0
8.4228
0.5564
2.2336
0
0.1666
0
0
0.5713
0.5605
0
0
0
0
0
0
0
12.4967
5.0565
3.8892
0
0
0
0.6088
5.8507
0.0487
10.9836
0.0489
0
0
5.1483
6.2674
0.6203
0
0
0
0.0489
0
3.5617
4.0723
0.0978
0
0
0
0
0.8732
0
0
0
2.9625
0.8399
0
0
0
0
0
0.0854
1.4644
1.0409
0
0
4.1479
1.233
1.9593
0.5907
0.5334
0.0978
0
0.009
0.1466
0.1247
12.8805
0.0336
0
0
0
1.8251
0
0
0
0
0.0065
0
0
0
0
0.0334
1.5277
0
1.8852
2.3304
9.7694
18.1152
10.6001
0.8499
12.5714
0.6316
0.733
0.2197
0.8051
0.5
0.0281
0
0
0
0
0.2503
0
0.0048
0.0812
2.2933
0
3.7271
8.3699
0
0
0
0
5.6758
3.7053
0.3893
1.6532
5.3497
0.389
0.202
0
0
3.2078
1.5263
0.5993
8e-04
0.1409
0.1191
0.1139
1e-04
0.0016
3.5343
0
0.1812
2.9899
5.8097
1.4174
0.0184
7.1168
0.0617
0
1.1773
0
0
0
0
0
0.5006
0
0
0
0.3213
0
4.379
3.3724
13.4505
0.3763
0
0.0845
0
3.8229
0
0
5.8489
0.8066
0.3331
0
7.3531
5.1242
6.9375
7.0697
7.1326
13.3478
5.3888
1.4437
0
25.7485
2.8057
0
6.9775
1.7125
7.6327
32.6758
0
1.0092
0.0921
0
0
0.0035
0.0038
0.3137
0
0
0
0.004
0.9031
1.1893
0.124
1.7058
5.7154
8.6607
2e-04
0
0
0
0
10.7281
0.1369
0
0
0
0
0
1.6463
0.398
0
9.3351
3.7371
7e-04
0
0
0
0
0
0
3.7125
0.8335
0.206
0
0
0.1722
1.4164
0
18.9428
0.4214
0
0.3436
0.0544
0
0.5146
22.1249
5.7519
3.4448
22.0083
0
0
6.6801
0.1896
0
0
0.2088
0
0
0
0.2475
5e-04
0
0.4925
0.0014
0.0489
0
0.7092
0
0
0.3585
0.4527
0
0.8817
0.5873
0.9277
0
4.5228
2.3825
0
0
0.1063
0
0
0.0279
6.3799
0
0.0064
0.0034
0.0033
3.7309
0
0.0536
6.4565
0
0
0
2.4335
0
25.1175
13.1945
0
0
0
0
0
0.0958
4.0363
1.6749
0
1.1268
7.8048
3.9694
19.0011
0.0753
1.4262
0
0
10.2143
0
0.0493
0
0.3237
9.3664
0
0.066
0.1726
0
0.3283
11.8463
0.1449
0
0
0
0.0487
0
0
0
0
14.7899
3.4216
1.0373
7.5502
12.2641
0.2487
7.291
0
15.1263
4.4692
1.0198
0.4972
0
0
0.0704
0
1e-04
2.8583
0
5.3254
1.934
0
0
11.7381
9.3416
0
0.2543
5.6635
0
0
0.0161
1.0876
0
0
0.0155
12.6543
0.0075
2e-04
0.0372
1.6157
12.8644
15.4071
1.509
0.0378
0.1073
0.0304
0
0.0613
0.6731
0.9807
0.5624
0
0.0084
9.4242
10.2294
0.6014
0.51
0
0
0
0.2107
0
0
0
0.0313
0
2e-04
2.0517
0
0
0
0.6861
0
0.1259
5.3704
9.6433
0
10.9504
16.5241
0.0355
0
0.2166
1.0562
0
0
0
0
0
0
0
1.1588
0.3502
0
1.6167
0
0
2.8592
6.201
3.2306
11.6466
0
0
0
10.4744
0
0
0
0
3.8769
0.0019
5.2712
0
0.0359
1.6457
0
0
0
0.001
1.0278
2.5305
1.2691
2.3871
0
0
0
0
0.2681
0.6442
19.2155
2.0656
0.3396
0
0
0
0
0
4.4203
29.3788
5.1823
11.7282
4.0799
12.6335
2.9688
3.4905
12.727
5.6319
0.0296
0.5923
0
0
0
14.934
20.2666
0.0337
1.3152
0
4.3974
1.287
0.1731
5.3331
1.2667
2.638
2e-04
0
9.5755
0.0036
0
0
0
0
0
0.179
0
0
0
4.8709
9.6596
1.6031
15.3792
50.6446
1.3174
0.1123
1e-04
0
4.9409
3.9406
0
0
0
6.1255
2.1058
27.1816
0
0
0
0
0.3117
1.2175
1.6156
29.8677
0.3865
21.2441
0.0026
0.1283
0
4.4234
0.4426
0.4781
0.0027
0.9733
0
0.0652
0
3.0977
2.5606
37.8334
0.5231
3.2941
0.3025
0.1364
0
15.9006
0
0
0
0.2132
0
0
0
0.1517
0
0
0.3868
0
0
0
3e-04
10.6826
0
1e-04
0
0.0287
5.2036
0
0.2181
7.8752
3.2059
35.3532
1.9182
0.0306
1.56
0.6396
0
0.0317
1.2712
2.7682
0.2902
5e-04
1.1788
0.0335
0.0989
12.2081
6.6602
0
0
0
0
10.6709
2.6577
0.2448
0
0.314
9.2678
1.0658
0.0142
0
7.9545
1.7369
0
6.9322
0.9225
10.4803
0.9342
6.0948
0
0
0.0681
0.0249
0
0
13.6091
0.322
0
0
0
0.8268
41.1753
0
2.9531
1.4837
0.1176
3.4069
1e-04
0.5055
0.1634
1.158
14.4756
8.7159
0.4183
0.0762
0.3955
0
0
0
0.0299
0.0184
0
13.8773
0.5223
9e-04
0
5.3829
0
0
0
2.6043
23.7892
1.4478
0.1052
2.5189
0
0
0
0
0
0
0
0
0.0894
0.0035
17.5099
42.7122
0
0
0.2659
0
0
0.0823
0
0
0
0.0835
7.4753
4.7706
0
0.0955
0
0.0599
2.8755
0.0315
0.4088
3.6888
13.4021
0.0035
0
7.1064
6.5185
1.9124
0
0
0.032
14.5918
11.3686
0
0
1.6917
24.7003
11.5913
1.8589
0.7092
0
0.0658
0
3.5224
12.6134
4.7436
22.7562
0
0.0309
0.4708
0.0299
0
1.1543
0
0.1044
2e-04
0.7635
0.031
0
1.6875
0
1.3263
0
0
0
0.0596
0.0588
0
0.4222
0.2045
0
0
0.0485
0
1.8721
5.5704
6.1323
2.3859
0
1.979
0.2293
0.0124
0.6132
0.0313
0.0313
0
0
5.6525
1e-04
1.1809
0
12.5331
8.8383
2e-04
0.0857
0
0
5.3075
0
0
0.827
0
0.2692
0
2.0248
11.9193
0
0.1116
0
2.4802
0
2.8512
7.4524
4.1661
0.9634
0.0028
0.0594
0.6239
2.077
0
0.0013
0.1484
8.2956
0.2226
0.9317
0.2957
0.347
0
0.1485
0
2e-04
0.097
16.9283
4.1118
0
0.7718
2.1261
0.1259
0
0
0
0
0
0
1e-04
0.0703
30.3356
23.9915
5.7406
0.0387
1.3056
1.2768
13.1154
1.5649
0
0
0
0
0
0
21.844
0.4161
0.0614
0
0
0
1.6397
8.4671
0.664
0.0035
0.0659
0.0042
0
0
0
0
0.1197
6.4988
3.0693
0.1716
0
0.3037
0.0447
1.1751
5.8684
24.2726
11.7401
0.3206
0.4458
0
7.8181
0
0
0
0
0
0
0
0
0
0
6.1203
0
3.2206
0
0
0
0
0.0017
13.3136
4.7727
1e-04
0
0
0
0
0.4026
6.1893
0
0
0
0
0.3463
0.1816
0
0.7473
0
1.1017
0
6.5211
0.0498
15.1244
0
0
0
0
0.2883
4.5829
0.3296
38.9779
9.0368
0
0
0
0
0
0
0
21.9942
0.7739
26.3293
8.6834
13.8768
5.427
0
0.0646
0
0
0.3098
4.4524
3e-04
0.1068
40.5336
59.2293
2.9362
4.5213
9.2619
8.5963
9.2841
0.1082
0.0361
0
0
0
0
0
0
0
0
0
0
3.3751
8.1907
20.0346
0.0031
2.8457
0
0
3e-04
0
0
0
0
0
0
0
0
0
0
0.0287
6.3127
0.0052
0
0
0
11.6733
3.5882
1.005
1e-04
0
0.3407
4e-04
0
1.1201
0
1.7869
0
0
0.0455
0
3.3167
0.0316
3.2991
4e-04
0
0
0.4853
21.0534
0.0498
0
0
2.2125
0.0062
0
0
0
0.0576
0
0
0
0.0576
0
0
0
0.3774
0
0.1926
0
0
0
2.8309
0
12.0321
0.3961
0
0.068
3.1236
1.4142
0.0308
0.1881
4.5081
40.3951
0.1126
0
0
18.0227
0
3e-04
1e-04
0
6.2275
0.1035
0.1912
0.7044
2.3274
0.0566
0.2088
0.0392
10.6598
0
2.7791
28.051
0.7319
0
13.5165
3.749
0
4.0189
0
0
0
0
8.2403
0
0
1.2369
8e-04
4.5588
2.2307
0
0
0.5401
0.2473
0.0782
20.0717
18.6761
1.1396
2.6407
0
0.4808
1.1302
0.0366
0
0.5522
0.0588
0.0792
0
0
1.4328
0
0.3091
0
1.6674
0.6932
0.2218
1.6535
3.1195
0
9.0782
0.2388
0
2.6808
23.1239
47.602
0.8827
0.5179
3.0762
0.3062
0
4.2351
2.45
0.2537
0
0
14.4053
0.4356
0
0.0618
0.0119
2.6242
0.7058
0
0.2643
13.6809
0.1292
0.3115
4.8351
0.2091
0
5.0305
10.8973
9.8717
0.3293
0.1131
3.4798
0
0.0416
0
0
0
0.0745
0
0
0.015
8.4685
17.078
0.1152
3.2389
6.7726
0
0
2e-04
0.268
8.3655
16.0607
0
1e-04
3.758
13.1534
0
0
13.3981
1e-04
0.0585
0
0
0.3987
4.8345
16.0189
2.1606
2.8929
0
0
0
0
0
1.3588
1.2462
0.1462
0
0
0
3.5912
0.9023
0
1.1614
3.5504
0
0
14.9112
4.2143
0
0
0
4.2605
1.8868
0.071
0.9721
12.9979
3.1711
0.0358
7.8262
0.011
2.1551
0.1673
8.3408
0
0
0
0.3893
0
0
0
2.1616
0.0838
1e-04
0
1e-04
9.3083
0
0
15.3514
0.2145
0.2876
0
0.8998
3.4495
8.1842
31.8436
0
0
14.8981
0.4574
0.0135
2.1759
0
0
0
0
15.8195
2.1143
1.2108
0.0711
8.6432
22.5103
0.2218
18.6363
2.2403
0.4551
2.6433
0
50.9189
0
0
0
1.1578
19.3119
2.5602
0.004
2.5588
3.4769
2.3171
0
0.0962
0
3.3544
2e-04
3.4731
2.2915
4.5333
0.1121
0
0
0
0.1059
0
0
0
0
0.0994
1.3686
0.0757
0
0.6721
0.6266
0
0.0502
2.1731
1.3967
1.8376
0.0458
0
0
0.0191
8.9089
0
0
0.9637
0.1677
0
0
2.1663
0
0.0994
0
3.1758
0
0.0612
1.173
0
0
0
0
0.3313
0.8775
1.1483
0
4.9458
0.1249
7.1434
0
0
23.9679
36.5792
15.6414
0.8797
0
0
0
0
0
0
0
0
0
0
0.0969
0
0.0322
5.0307
2.1813
0.0545
0
1.4004
0
0
0.4078
0
5.1861
0.2093
1.3101
0
0
0.0956
0
4.3766
12.7669
0
0
0
0
2.1506
0
0
8.6245
2.1583
0.9489
3.8007
1.4401
0
2.8527
0
0
0
3.8354
0
0
0
0.4363
0.3759
1.6445
0
0
3.7672
17.146
9.893
25.0455
1.3911
0.119
0.5707
0
0
0.0739
0
0
2.739
0.0703
0
0
0
0
7.6554
1.5531
4.2372
0.1234
0.6235
0
0.5634
0
0.1033
22.4252
5.514
0
0.0629
0
1.7436
4.5795
0.9116
5.3761
0
23.1837
0
4.4738
0
1.1956
14.1548
0
3.7262
3.4482
13.2739
0
0
0.4694
0
0
0
1.1097
0
1.0943
0.8564
0
4.4045
9.8461
0.8486
0
2.0191
3.4153
2e-04
0
1.4133
0.7267
0
0
0
0
0
0
0
0
0.7486
12.2642
0.2462
0
0
0
0
7.1364
0.1869
0
0
0
0
0
2.9237
44.3233
3.5108
0
1.8746
1.0745
0
0
7.9398
0
0.3332
4.1711
0.0384
0
0
0.171
2.1163
7.6372
0
0.0027
1.2269
0
0
0
0
0.9551
49.8598
2.0835
16.3113
27.0302
0
0
0
0
0
0
3.6913
0.0033
0
0
0
0
0.0169
2.4288
0.0664
0
1e-04
10.1577
0.3588
0.4716
0.6432
0
7.6232
0
3.1717
23.6803
0
0
0
0.8312
0
0
2.9845
24.1907
2.0074
0.3963
0
0
0.8171
19.0529
1.6348
0.1224
0
0.3676
0
0.1364
0
7.2209
1.8821
13.2024
1.2708
0.0025
0
0
0
1.1511
6.3817
3.5293
0.0242
0.0061
0.1715
0
6.3078
17.8872
0.0097
8.4787
0
0
0
0
0
0
0
1.7602
0
0.8028
11.8892
14.9981
0.0589
2e-04
0
4.8492
8.1653
1.4392
0
0
0
0.12
1.2653
0.385
0.3519
4.7451
2.5734
0.5138
0.0021
0
0.0597
1.7563
0
36.483
24.3496
0.3143
0
0
0
2.0922
4.6435
0
0
0
0.1525
0.0135
1.9253
0
0
0
0
0
0
0
1e-04
16.5176
0.1919
0
0
0
0
3.967
0.2051
5e-04
0.9238
0.1655
4.7299
13.5378
0.0263
9.876
0
0.3621
3.0855
11.75
0
0
1e-04
1.1549
0
0.0929
0
0
0.028
8.7517
0
0
8.1678
0.008
0
0
0
0.0665
9.5826
17.5574
0.3081
6.5686
0.2015
8.6403
0
0
0
0.4505
6.1713
15.7066
1.8969
0.057
0
0
0
0
0
0
0.0036
5.9336
14.6215
0.3618
0
0
0
0
0
0
0
0
0
0
1e-04
5.5747
1.7461
2.2932
0.0629
0.0055
0.1779
0.1053
3.3052
0.9627
0.1642
6e-04
26.8267
4.3296
1.1715
0.3929
0.8008
2.1654
1.8242
20.2741
1.5147
0
0.5698
0.0026
1.5788
3.0974
0
0
0
0
0
0.0857
0
18.4008
0.5974
0
0
0.6617
3.1051
2e-04
0.1632
8.944
3e-04
0
0
0.0766
0.0843
0
0
0
0
1.1593
0.0675
0
0
0
0.0028
1.4037
0.0279
0.0903
4.5227
0.0207
0
0
0.0339
0
1.7665
1.1014
1.3961
0
1.3956
3.6772
0
5.8338
9.7245
0
0
0
0.1961
0.2229
17.5501
0
0
0
6.6367
0.312
0.2053
0
0
0.0052
6.6019
0.5603
0.7972
1.2988
0.2655
0.1698
12.6672
2.3723
3.778
0.1231
0
0.0672
1.3646
0
0.037
0
1.4246
0.2663
0
4.54
1.473
0.1608
0
0.6952
0.5266
0
0
0
0
0
0
0.0325
0
0
0.0381
0
8.1279
1.835
0
0.0637
0.5608
0
0.0476
0
0.0335
0.5394
0.0647
0
0.955
2.1422
0
0
8.3724
2.3967
0.1161
0
0
0
0
1.177
1e-04
0
0
0
0
9.57
0
0.5223
1.7862
4.3188
1.7278
0.0565
0
0
0
0
0
0
0
0
0
1.0996
0.2258
6.2592
12.3262
5.0368
1.1615
0.023
0
0
0
0
0.2937
4.1849
0
0
10.2756
0
0
11.9633
3.6591
0
0
0
0
2e-04
1e-04
0.8598
0.5574
17.1106
22.3925
0
0
0
0
2.3211
0
0
1.4314
0
0
0
0
0
0
0.0027
6.5434
29.5211
17.198
0
0
0
0
6.6163
7.6391
7.8026
3.4957
1.7091
2.1004
9.03
3.6223
0
0
26.3531
0.3137
6.7014
5.5186
0
0
12.2418
7.4981
0
0.1948
5.0038
12.6797
0
0
0
0
1.8082
0.0851
0.0794
0.128
25.8304
5.607
4.9608
0
0.0986
5.7759
18.4385
0
2.6904
7.1253
0
0.8802
0.9061
5.92
4.0287
1.0361
1.182
0
0
6.0362
0
5e-04
11.8467
2.2914
10.6237
0.2574
0.1084
8.7921
1.0311
0
0
0
0
0.0558
0.0563
0
0
0
5.9215
8.0112
0.2104
1.016
2.3365
3.4954
0.0322
0.1166
0.8437
9e-04
3.2761
6e-04
0.9751
0
22.8126
1.8634
24.2639
12.3993
0
0
8.0821
2.7442
0
1e-04
0.1367
3e-04
0.0716
4.2156
0.3096
0.4279
0
0
0.0667
2.3236
20.9839
0.0225
0
1.2941
3.9231
0.0033
0
0
0
0
13.3204
0.0024
0.1338
0.7866
0
0
0
0
0
0
0
0
6.3549
1.3336
0.4776
0
0.3875
0
0
0
0
6.0851
0
0.3098
0
0
12.0157
0.162
0.0723
6e-04
0.0497
0
0.5727
1.0026
0
0
0
0.8434
17.4896
0.0049
0
0
6.0202
2.8053
0.2187
0.0509
0
0
0
0
0
0
0
0.0046
10.5849
0.1918
0
0
0.0301
0
0
0.6741
0
0
2.0756
0
8.1483
0
0.4217
0.0072
0.1122
0
0
0
0.3158
0.4918
0
0
0
0
0
0.0051
0.25
0
0.1378
1.2264
0.109
4.7274
18.0666
0
0
0
0
4.2731
9.6069
0.025
26.6922
6.2756
0
0
0
14.3248
0.5942
0
0
0
0
0
0.0834
0.0576
0
1.2586
0
17.4696
1.0052
0.0294
0.0213
0
0
0
0.0499
0
0.0134
0.5187
0
0
0.1349
0.3832
0
0
0
0.179
3.554
21.8125
0
0
0
0
0.2877
0.3574
1.0896
0.2724
0
8.8059
4.4499
1.0733
0
0.3396
0
0
3.723
0
1.4581
0.4369
0
0.3082
1.1721
0
0
1.3278
0.7866
1.1306
0
0
3.8981
11.424
0
0.058
5.0848
0.7167
1.0715
0
0
0
0
1.1817
0.0638
0
0
0
0
0
0
7.1871
19.8883
1.4515
0
2.5263
7.6463
0.3386
0.0126
32.8279
0
0
0
3.2837
26.3519
3.5528
0
0
23.0417
0
3.5669
0
0
0
6.9082
0.1861
0
0
0
1.5871
3.7873
1.9821
4.2209
0
0
0
0
0
0
0.1069
0.0012
0
0.9427
0.7172
13.0064
0
2.8163
0.1704
19.7332
0
0.1894
3.3752
0
0
0
0.1375
6.674
1.9235
3.7736
11.7127
19.2824
0
6.1112
19.0786
1.9318
23.4511
1.3234
7.7085
8.0808
0.6983
0
4.1525
0.2785
9.5183
0
0
0.7314
1.8692
0.073
0
1.5533
0
5.6577
2.3986
11.0981
13.4081
6.8395
1.5241
4.2387
3.8562
0
0.4043
0.5149
3.8913
3.3811
25.6148
31.1639
3.0755
0.7576
18.1618
0.1833
0.0691
0
0
0
0
8e-04
0
0
0
2.9787
9.0246
0.1766
0
0
0
0.6873
2.7645
1.3965
0.0478
6.7164
0.647
0.0326
7.3785
0.3774
2.1642
0
0
0.1485
0.118
0
0
0
0
0.4522
0.0012
0
0
0
0.1506
0
0
20.8376
0
0
0
0
0
0
7.2702
0.0424
0
0
15.5483
10.4132
14.4447
4e-04
0.3517
0.1487
3.6715
20.3055
0.3288
0
6.8735
0.0523
9.1595
0
0.1082
12.4963
14.961
0
4.6699
1e-04
0
0
0
10.5269
0.5128
0
0
0.6662
2.2997
3.0577
2.9341
0
0
29.2435
12.5487
0.2332
0
0
0
0
1.1236
1.6068
0
1.3534
12.4025
2e-04
0
17.6129
17.9124
12.7652
0.8748
2.02
0.0151
0
0.3586
2.8838
0
0
0
15.0396
0.0436
1.3073
3e-04
17.3645
1.1124
0.3778
36.8032
0.6884
4.8931
10.9532
1.2651
3.4109
1e-04
0.0242
0
0
0
0
0
0
0
0
0.414
0.2028
2.6268
1.1988
3.1738
0
1.6949
27.5587
26.8737
0.2955
0
0
5.1738
0.3945
4.2159
7.4824
0
2.5967
0
1.3945
0.0375
0
0
0
0
0
1.4816
1.2232
5.5234
5e-04
0.3378
0.0263
0
27.8314
0.4806
0
0
0
0.2008
0.4643
1.8767
29.2019
16.4033
0
0.0325
0
16.8818
4.6421
57.7252
4.0186
0
0.6816
0.0658
7.8561
13.9214
3.5832
0
0.0082
0.5245
0.0052
0
0
0.3521
7.7148
14.9078
0
1.0974
0
0.0499
0.4997
13.6799
0
0.3594
0.1897
0
0
7.8069
0.153
0.2551
5.1629
1.632
2.695
0.6582
0
0
0
0
0
0
0
0
2.3132
4.1759
4.9228
8e-04
0.2656
0.1593
17.9658
0
0.947
0.7331
4.6501
0
10.9877
0
0.0037
3.8165
4.7374
5.4388
0.068
0
0
0.5229
0
0
0.877
0
0
0
0
0
0.1785
1.755
0
0
3.0249
0
2.8969
0
0.0147
0
0
2.9309
2.0227
2.7831
7.7813
0
0
0
0
13.9285
0.6309
19.1457
0.0293
0.7383
4.6527
0.3739
0
4.5463
0
0
0
7.5338
17.9562
1.9315
0.6095
10.9688
0
8.5104
0
0
0
0.3675
1.7989
2.6471
2.7064
0
0
0
0
0.4493
0
0
0
7.2672
0
0
0
0
0.2519
0.0954
0
0
0
0
7.4253
0.0732
0.2226
0
0
0
0.7503
4.525
0
0
0
0.6645
1.8487
0
3.6139
0
5.7652
7.9264
2.672
0
4.4461
0
0
20.2866
8.8734
0.7846
0.3002
0
0
0
0
0.0035
0.2368
0
0
0
0
0
2e-04
0
0
0
0.1528
0.0041
0
10.3971
0
0
8.3928
0
0
0
2.0918
0
0
0
0
0
10.1457
0
0
0
0
0
22.6636
17.5264
0
0
0.8097
3.5551
0
0
0
0
0
0
0.3982
0.7439
16.4313
0.2381
0
0.1696
4.1447
1.5114
0
0.2253
1.8278
3.2279
0
0
0
0
0.5312
0
0
0.3741
5.8166
32.7723
4.4469
0
2.7804
2.7037
0
2.767
5.1649
0.4214
0
0
0.249
0
0
0
0.1773
28.827
0
0
0.0288
2.0474
23.4854
12.9004
0
0.0174
12.6914
1.5553
1.3154
0.0126
0.1008
0
0
0.5409
0
0
0
0
0
43.2513
0
0
0
0
0.1749
3.8917
11.4439
3.4804
4.6743
0.071
0.2668
14.5543
4.4427
0
0
0
0
3.934
3e-04
0
0
22.5225
0.0033
0.8551
0.5326
16.9573
0
0
2.3794
4.563
6e-04
0
0
0
0
6.5977
8.612
0
3.3199
10.9807
0
0
0
0.7806
0
0
3.3018
0.9292
0.3131
0
0.246
9.3925
4.5364
1.6765
0.0617
0
2.1276
2.2483
0
2.3418
0.7121
0
0.0026
11.6996
2.5614
0.0636
0.0479
0
0
0
0
0
0
0
1.4466
0
17.9466
0
0
0
0
0
0
0
0
0
0
2.3009
0
0
0
0
0
0
0
0
6.2467
1e-04
2.5009
0
0
1.1473
3.5617
6.0665
1.7437
0.2154
0
0
0
1.1211
0.003
1e-04
1.8474
0.5582
17.904
3.839
0
0
0.3144
0
3.2069
0.6982
0.1127
5.4701
0.7732
0.2177
0.303
0
0
0
0
0
0
0
0
0
19.3556
0
44.0896
6.8103
0
0
0
0
0
0
0
0.2822
0
0.2504
1.014
0.4573
0.4989
4.7819
1.647
6.6081
1.6329
0
2.9893
0.1161
1.4419
0.2144
0.7648
0
4.3536
2e-04
0.0865
0.1205
0
0
0
0
0
0
0
3.1206
0.3451
0
6.8755
0
0
0
23.3708
17.7482
2.7747
0
0
0
0
0.0308
0.1148
0
0
0
0
7.3457
0.0035
0
0
0
3.7698
0
3.0298
1.0033
0
0
0
0
0.013
5.3595
0.0182
0
0
0
0
0
0
0
0
0
0
0
0
0.6177
3e-04
15.0372
16.1633
16.5207
3.3804
0
0
7.8623
0.5152
4.2432
6.6646
2.0131
0
0
2.5698
18.6886
0.4175
0
0
9.2746
0.0257
0
0
0
0
0
0
0
0
0
0
5.3672
3.8693
1.8658
0
0
0.0014
0
0
0
0
0
0
3.5835
6.0872
0.4038
0
0
9.6061
14.7729
0.0844
7.4831
1.1313
20.0009
9.4831
0
0
0
0.002
0
0
0.0023
18.1854
1.4356
0.4259
22.2857
2.5015
0.7693
11.2525
1e-04
0
0
0
0
9.9407
5.3154
0
8e-04
8.9738
14.2471
2.2001
4.1151
5.1563
3.8863
0.7995
2.3351
0.1538
6.2704
16.9265
2.1318
7.0277
17.6866
24.17
0
0
0
0.0666
0
6e-04
1e-04
3e-04
1e-04
21.1573
0
4.5598
0.24
0
0
0
12.7005
0
0.9585
0
1.9907
0.578
1.4779
3.7778
0
5e-04
0.032
36.9038
1e-04
0.0917
0
4e-04
0.0011
0.0212
0
0
0
0
0
0
0
0
3.1243
4.0643
6.8887
0
0
2.8331
15.8675
0
0
3.6688
0.5668
1.6105
0
0
0
0
0.4291
0
8.3028
0
0.2775
6.9206
4.1151
0
2.1337
5.6274
0
0
2e-04
2.6013
15.1225
0
0
0
0
0
0
0
5.7135
1.2986
0
0
2.1457
7.3347
36.1093
21.3208
0.3922
0
0
0
0
0
0
0
0
3.86
1.2238
0.1396
5.5487
0.7774
1.5046
0
0.9108
5e-04
0
0.2237
0
0
0
0
16.3262
9.3248
1.9433
0.009
0
0
2.3341
0.7398
1.8031
0
0
3.3325
1.9327
0
0
0
0
7.9555
0.6788
0
0
7.6129
5.9794
0
0
0
0
0
0
0
0
0
0
0.0956
0.0141
1e-04
0.2444
0
0
0.7424
0
0.9876
0
0
10.2312
0.5646
0
2.6437
0
0
4.1053
26.6018
32.7827
0
0
0.3362
0.6122
0
0
11.3206
0
0.304
4.5203
8.7457
0
0
4.5165
19.9408
0
0
0.8559
2.6394
13.5253
0.0711
0
0
0.1193
3.1297
1.5637
0.2809
2.116
0
0.9834
0.3582
0.5441
0
3.5669
2.5214
1.4197
0
0
0.1063
0.9821
16.5476
8.4807
0
0.0616
14.2448
0
0
0.2591
5.3628
0
0
0
0
0
0
0.7552
0.8572
6.3581
0
29.2655
6.3306
0
0.0304
0
0.3671
0.6431
0
0
0
6.885
0
0
0
0
0
3.165
0
0.3112
4e-04
14.3349
0
0
0
0
0
0
2.0761
0.3416
0
5e-04
0
0
0.5491
0
1.9168
1.449
1.7291
0
0
0.2651
0
36.6837
4.4864
0.0127
0
6.8824
10.1951
1.078
0
2.658
0
0
1.3377
9.4983
0
0
0
0
0
0
0
0
0.2581
6.0154
1e-04
0
5.4194
8.894
7.7903
0.0638
0
3.6734
0.0171
0
0
4.5073
0
2.4685
3.1792
0.0211
6.0246
11.3103
7.1352
9.1712
0
9.6666
0
0
0.6061
6.1424
0
0
0
0
0
1.0463
9.0575
0
0
0
0
0.4458
0.6397
12.9024
0.0183
0
0
7.7372
0
0.3494
9.6703
0.0084
0.3521
0
0
0
0
5.8259
24.526
10.5252
0.3201
3e-04
17.7944
7.8513
2.4306
0.3096
0
0.0699
1e-04
0
0.8438
0
0
0
0
0
1e-04
10.8873
0.384
0
0
0.002
0.6047
0
0
0
0
0
0.2613
0
0
0
9.5845
0
1e-04
0.9483
0.3854
0.013
3e-04
0.4997
0.1258
0.2955
0.847
0
0.5337
0.0025
7.3242
0.0011
0
0
0
51.7047
0.1617
0.1274
0.138
0
0
0
0
2.5887
2.64
0.6856
0.2501
0
0
0
0
0
0
0
0
0.0172
1.5104
12.3473
0.0015
8e-04
0.0011
23.4346
0
0
0
63.8047
4.5679
0
1.0694
0
1.8701
5.1269
0
0
0
0
8.1476
0.3595
0
0
0
0
0
0
0
2.6551
0
1.3078
12.661
2.7645
0.2914
3.0102
8.5337
0.0067
0
0
0
0
2.17
7.0946
4.0264
2.7364
1.1024
5.902
0
1.2103
0.076
0
0
0
0
0
0
2.4955
0
0
6.6402
2.2353
0
0
5.1263
0.148
3.0033
1.3367
0.0022
0
0
0.9536
0.2319
0
0
0
1.2242
3.5908
0
0.5832
0
0
3.8568
4.7198
19.0876
0
0
0
0.118
0
0
0.4025
0
0
0
0.0311
2.7183
0
0
3.5512
0.2243
0
0
0
0
0
7.2063
1e-04
0
0
0
0
0
1.4101
11.3953
0.0977
0
0.5271
6.9319
0
0
0
0
0
18.4751
8.3106
0
2.0019
0.7527
0.0255
1.6625
0
0.2598
7.3928
0
0
0
0
0
0.138
0
0.9752
2.0387
0
0
0
1.3772
0.3858
0
0
3.5696
0.0962
0
11.1356
3.6152
0.1879
6.5266
0.2038
0
0
0
0.6394
0
4e-04
0.0873
0
1.4047
0
0
0
0.6742
0
0
4.0949
0
0
0
0
0.6738
0
0
7.8468
0
1.3052
0
0
0
0
0
0
0.0122
0
0
0.1529
1.8722
0
0
0
0
0
0
0
0
0.1877
3e-04
3.9926
14.5163
0
0
0.1333
0
1.0321
2e-04
7.2709
2.6736
0.3448
0
0.7867
10.2217
0.5801
12.8351
6.2723
1.5941
0
2.463
0
0
0.226
0
0
4.6115
16.3365
0.092
2e-04
0
0
2.2388
0
0
0
0
2.9145
0.0815
0
0
0.8404
3.3362
0.6204
0
0
4.5177
3.7667
11.7957
0.0074
0
0
6.773
4.475
2.0816
4.0696
1.8076
0
0.2257
0
0
0
0
4.0526
12.6989
6e-04
1.0497
7.4386
49.1416
0
0
0
0
0.6772
0
0.7182
3.8931
21.8411
1.0922
7.7813
0.6801
7.4686
5.8312
15.511
10.6847
1.9227
2.29
1.0607
1.5713
0.2295
1.0239
1.8527
0
4.5257
0.1642
78.9319
27.9644
1.144
0.0768
0.5159
0
0
0
0
0
16.5794
0.1416
41.5337
0.0852
0
12.7765
1.724
5.3056
1.7839
0
12.4857
4.9827
7.808
0.0782
0
0
0
0
0
8.2741
0.012
0
14.5681
0.1934
0
0
0
19.3835
0.0888
0
0
0
0
0
19.8714
0
0
0
0
9.8105
0
0.0276
27.6881
2.1856
8.2968
0
0
2.0434
1.6006
0
0
0
0
0.2244
6.7336
0
0
4.687
0.1233
3.4729
13.7515
0.2774
0
0
0.5322
0.1504
6.1415
0.7542
0.0989
0
0
0
0
0.17
23.4461
0
0
0
0
0
0
0
0
0
1.7075
0
0
0
4.8698
0
0
0
0
0
2.2726
0
0
0
0
0.0701
0.0835
1.1054
0
0
0
0
0
0.1019
0.0054
7.3651
1.1124
0
0
30.9545
0
0
0.5125
2.4004
0.0892
0
0
0
3.4431
0.9092
0.0012
0
6.6437
0
0.6819
0
0
0
0
0
7.9961
0.8716
0
4.8094
0.9406
0
0
0
0
10.8112
4.5531
0.0016
0.0096
0.7757
0.049
0.0017
0
0
0
0
0
0
0
0
0
0.0235
4.2076
0.1111
0
0.1683
0
0
0
7.7495
0.4755
3.4308
8.1317
0
5.0012
13.0291
20.2054
9.0211
0
0
0
0
0
0
0
0
0
6.3326
0.8744
16.5607
0
1.9823
0.8677
0
6.4024
2.5092
0.0586
0
0
1.1513
0
0.1363
0
0
0
5e-04
0
0.1132
0
0
0
0.6958
4.7688
3.7918
0.5217
0
0
0
0.1344
1.323
0
0.122
0.0979
0.1859
0
1.0982
0.1727
0.1104
0
0
0
0
0
0
22.511
11.0932
0
0
0
1.4487
8.0694
1.5261
1.8657
1.9055
3.5944
0
0
0
0.1846
15.4793
0.8516
0
12.4556
2.9148
0.003
0.2957
0
0
0.0318
0
0
0
0
29.9205
0.89
0
0
39.975
0
0
18.9737
5.9818
2.7071
0.5478
1.3634
0
3.3264
11.3463
4.0146
12.8938
2.9013
4.3247
0
0
1.5356
0
0
0
0
0
0
5.8012
7.1409
0
0
0
15.4537
0
5.7753
0.5318
7.0718
12.2541
9.8581
2.4793
1.0482
0.3589
1.0871
0.8868
0.0033
0.2585
5.6531
0.1936
8.5023
8.4197
6.2115
0
0
2.1554
0.3252
0
0
3.5846
0
0
0
0
0
0
0.1334
0.1286
0
0
0
0
0
2.2221
5.2178
0.0891
0.0386
0
0
0
0
0
0
0.7364
6.9349
1.3086
0.5101
0
0
0
0
0
24.791
5.0905
0
4.2178
0.9386
0
0
0
3.811
0
0
0
0
0
0
10.738
1.4795
0
0
0
0.2531
10.9792
0.5551
0.1411
0
14.6379
2.5722
0
0.5622
0
0
9.8968
0.2154
0
0
0.0056
1.0631
4.5193
0.6771
0
0
0
0
2.7079
0
0
0
0.0187
1.9617
3.2767
0.4252
13.2852
3.0529
1.4349
18.6209
2.7806
0.857
0.0392
18.3935
1.4578
0
0
0.6647
11.3974
0.4696
33.3594
1.9151
0.1145
0.0243
0.5878
0
9e-04
0
0
0
0
0
0.0202
4e-04
22.5213
0.0323
0
0
1.0489
0
0
47.8864
0.3718
0
0
0
0
0
0
0
9.4828
0
1.5852
18.8796
8.3214
8.8218
0.0535
0
0
0
0.299
0
0
0
0
0
0.049
2.1371
1.2727
0
2.8595
0
0.1567
0.3176
21.1913
7.0284
0
0
0
0
3.6226
11.021
0.0014
0
4.0476
0
0
0
14.7169
0.0209
0
0
0
1.3214
0
0
0
0
0
0
0
0
0
0
0.6616
1e-04
0
0
4.3693
5.7899
0
0
0
7.3452
9.1247
1e-04
0
0.2429
0
0.6235
3.0299
7.4699
0
0
0.1228
0
12.0669
6.6048
0
0
0.1215
0.2042
2.5384
1.1854
0.1849
0
0
0
0.0114
2.0275
0
8.249
3.165
0
6.6674
0.1538
0
0
0.0024
18.9664
11.7408
0.4481
0
0
0.3284
0
9.0458
2.0916
25.4469
0
0
0
0.0594
19.0227
0.1529
0
10.5009
0
0.6147
3.0907
3.7942
0.4813
0.0098
0.3827
0
0.149
0.0781
1.5909
0.3826
0.2418
0
0
0
0
20.4106
1.6025
0.9744
0
0.1005
4.1297
0
0
0
0
0
0
0
0
0
0
0
4.303
2.7577
0
0
1.7349
10.5232
1.6346
0
0
0
0.1431
3.8651
0
0
0
0
0
3.2166
0.2523
0
0
6.092
0.2267
0
2.867
0.2617
0
0
4.3757
0.8599
6.3033
3.6199
0
0
17.2013
18.6104
0
8.5796
0.8192
4.6557
2.4783
13.5415
5.778
0
0
0.5724
6.6267
0
0
0
0.4628
0
0
0
5.0963
14.0728
10.0028
0
0
0
0
0
2.6981
1.528
4.1353
15.4802
7.3848
1.1128
0.215
38.4996
29.3711
0.2785
0.0593
0
0
0
6.2432
0
0
0
0
0
0
0.0011
10.3925
6.7001
7.5587
0
0
13.8825
4.8243
0.0737
9.4403
4.6064
5.8661
0.3028
0.3574
0.5689
0
0
0.0022
3e-04
0
0
0
0.5393
1e-04
0
0
3.6573
10.2211
0
0.2218
1.5274
2.9736
4.1476
0.3529
0.1034
3.4316
18.5511
0.0043
0
0.275
1.5787
0.0479
0.0176
57.5793
7.2228
4e-04
0.1805
0
0
0.004
7.7979
0
0
41.6926
0.5402
25.433
16.6184
0.4103
0
0.2748
0
0
0.0114
0.3319
0
11.172
3.5098
0
0
0
0
0.0025
0
0
0
0.0827
0.6141
4.2218
3.8799
2.8457
0.0318
0.0027
0
0
0
4.1579
5e-04
0
0
0
0
12.4037
0
4.4297
0
0.1014
3.2033
0
0
0
0
0
4.1321
3.9526
0
0
0
0.0475
0.2968
0.8084
6.9978
4.0121
5.3079
0.848
0
0
0
0
0.7187
1.7257
0
0
0
2.626
29.5725
0.0485
0
0
0
0
0
0
0
0
0.0165
0
0
0
0
1.0038
1.3325
18.273
4.5488
9.4113
4.8394
0.0335
24.2179
0.002
0.0016
0
0.4231
0.1449
0
0
0
0
0
0
10.3197
6.4367
0.8826
0
1.7947
4.8875
0
1.0503
0
0
7.8353
9.2798
0.8284
52.2496
0.6857
0.1399
0
0
0
0
2.3984
1.9296
0
7.1864
0.1251
0
42.4011
4.2442
0
0.3803
1.0595
0
0
0
0
0
0
0
2.2341
0
0
0
0
1.4341
0
0
0
1.7044
0.1362
0.0929
0.2981
0.7041
2.7032
0
0
0
0.0827
0.1423
0
0
0.4481
4.7472
5.0815
1.9189
0
0
0
0.9774
1.2977
0
0
0
0.1232
0
0
0
0
3.8478
0
0.9615
0.0845
10.037
0
0
2.4565
4.8048
2.4024
0
0
0
0
2.8783
1.02
0.0552
0
0
1.3328
0
1.7592
0
0.0011
0
0
0
3.7225
1.6695
1.669
2.1626
0
6.2105
0.3022
1.7399
0
0
0.058
2.5451
4.9068
0
1.2475
21.9116
14.108
13.1779
1.3343
6.2963
0.7545
8.5043
0
0
0.1061
39.0727
3.0196
0
1e-04
0
1.2905
0.7886
0
0
0
0
0.7217
7e-04
0
0
0
7e-04
0
0
0
0.1299
0
0
0
0
0
11.0907
0.6542
16.9167
3.7762
0.5549
0.5441
9e-04
6.4159
6.1783
0
1.4072
0.047
0
0.0019
0.9532
0
1.9277
0.005
13.5213
23.5383
0.1432
1.0477
0.3643
1.1514
0
0
0
0.0095
1.1675
0.8628
0
0.074
6.4864
0
0
0
0.2118
63.0802
1.8468
0
6e-04
0
0
1.4381
2.3299
1.9247
1.6305
25.1394
14.5169
6.7123
0
0
1.0259
4.9103
0.0264
3.6396
0.0198
0
0
0
0.8788
0.0012
0
0
6.405
0.936
14.6816
0.0567
0
0
0.3007
0
0
0.227
7.9129
28.2631
2.2596
15.5584
4.4804
0.0047
0.0024
1.4802
0
0.4935
1.1923
5.3183
0
4.7163
12.8723
0
0
0
16.2753
1.3184
0
0
0.3778
0.6602
0.1567
0.064
0.0068
0
0
0
0
0.0726
0
0
0
0
0
3.2178
0.0162
0
0
4.1726
1.3085
0.2022
0
0.0495
0.1152
1.2248
0
0.0049
0.0459
0.0448
9.9871
19.7715
0.4087
0
0
0
5.2193
34.2007
7.2233
0.155
5.9519
0.0032
4.5473
0
0
0.2313
13.8133
11.796
2.95
0
0.0592
15.543
0.0217
0
0
9.9618
1.743
0
0
0.26
0
0
0.0068
0.0495
2.6237
2.8899
0
0
0.0414
17.5821
16.4606
15.4376
0
0
0
0
0
0
0
0.0294
0.9876
0.0491
0.1155
0
0
6.2958
6.7744
3.7547
0
0
0
0
0
0
0
0.0012
3.0893
6.517
10.5227
0
0
0.3648
1.2145
0.7825
3.683
0
0.1136
0
0
0
0.0912
1.1552
0.1207
0
0
0
0
0.7162
6.4594
16.5886
0.1964
0.1481
2.3546
24.5852
16.962
0.0172
0.1924
1.8718
4.194
0
0
4.0958
0.2439
0
0.0124
1.3316
0
6.7446
0.274
0
4.1692
0
0.5669
0
0
0
7.2448
0
19.4542
1e-04
0
0.0122
1.2061
9.1756
5.7843
1.2474
0
0
0.1779
0
0
0
0
0
0
0
0.4508
0.0083
2.7539
0
0
0
4.4144
10.1957
1.3363
0
0
0
0
4.4937
3.991
0
0
17.158
1.6801
0.1797
0.0614
0
0
0
0.7649
1.5864
0.3489
0
0
2.0803
2.6611
0
0
0
1.2291
0.4151
6.6666
0.7642
0
0.2395
10.6809
0
0
0.2376
2.5518
2.2505
0.2854
0
0
0.4205
0
0
3.298
1.3354
16.9831
4.6853
0
0
2.4843
1.2336
16.8765
0
0.0095
0.7103
0
1.4154
0.6582
0
4.3324
0.3436
0
0
11.6731
0
0.1628
0.008
0
0
0
1.1728
0.198
0
0.2469
0
0
5.9492
13.9353
0
0
0.7229
10.9375
0.2516
2.3863
8e-04
0
0
1.2754
4.4353
0
0
0
0.0483
0
0
0.1307
3.4867
24.2592
12.7406
0
0
0
0.0481
0.0232
0
0.1215
2.169
0
0.0327
0.3959
6.0086
0
10.6363
0.4074
0
0.0782
2.7991
16.4021
25.8723
0
0
0
0
1.2042
20.7348
1.2969
11.542
9.7701
2.3238
4.4313
3.1154
4.4603
0.0597
0
0
0.0067
0
4.4772
9.754
0.1227
4.3683
7.886
0
0
0
1.0222
8.4229
20.1048
0.1252
0.0329
3.282
4.8207
0.605
4.066
11.8969
0.3173
11.136
11.5607
4.503
0.0087
8.5504
37.1714
0.0032
0
12.477
0
0
0
0.6511
4.3425
0
0
9.6048
2.04
8.4684
8.7201
0
0
0
14.5438
0.0441
0
0
0.1366
0.1435
0
0.1958
0
0
0
0
1.3868
5.4525
19.2609
15.3288
11.1902
2.4133
0
0
7.9981
0.1473
0
0
0.0038
6.5382
4.5816
16.8464
9.0228
0
0.9742
1.5268
12.3612
0.0019
3.2589
0
0
0
0
2.9315
3.2203
0
0
0
0
0.004
0
9.7503
0.1316
0.0011
0
0
0
0.2324
28.186
0
0.9521
0.2348
2.85
7.4062
34.4305
22.1518
1.4048
9.1149
0
0
0
8.5707
5.2373
0
0
2.3881
0
3.7089
0.0209
0.0036
0.0541
0
0
0
0
0
0
0.289
22.0931
20.777
0.2481
0
0
0
0
0
0
0.7416
0
5.3075
0
0.0482
0
7.0257
12.5426
1.8857
20.274
0.0077
5.1222
1.0077
0
0
1.154
0.129
0
0
0
11.004
2.8611
0
0.0092
0
6.3044
0
0.0027
0
0
2.0763
2.8316
0
0
0
21.4519
11.8421
0
0
12.8394
19.4746
1.1724
0.2116
0
0
0
0
0
0
0
0
6.9377
1.5843
0
0.1274
0
0
0
0
0
0
1.6551
0.2727
0.1078
0.0533
0
0
8.1841
0.7934
0
0
7.758
6.0811
0
0
0
0
0.0046
0
9.6077
1e-04
0.008
0
0
0.7417
0
0.4286
1.5796
0.7702
3.9533
0
0
0
0
0
0.0019
0
0
0
13.878
17.4464
2.6875
0.026
0
0.0558
0.5242
0
0
0
0.0021
0
7.7122
28.9056
7.7248
1.8317
0
0.5851
0
0
15.7393
0
0
2e-04
0
0
11.3082
1.6268
0
0
0.2699
0
0
0
0.1084
0.1643
0
0.0661
0.1602
8.1207
0.5433
0.8382
2.9041
2.2338
0.4644
1e-04
4.4957
0
0
0
0.0526
2.3465
0
0
0
0
0
1.0009
5.0191
11.0836
1.3967
0
0
0
7.668
0.8781
0.0721
0
1.3436
0
0
0
4.8085
0
0
0.2679
0.0425
0.0724
0.1063
0.0191
8.4608
11.8621
7.1633
0
0.1106
4.091
0
0.0067
0.8612
2.5458
28.0516
11.7815
0.0239
0
1.0741
0
0
0
0
0.0128
3.0615
10.0679
7.0571
0.2482
0
0.7606
4.6919
0
1.9498
0
7.8987
0.0433
0.0437
0
1.5114
1.8082
0.3935
0.0012
0.2446
1.8124
0
0.1907
1.0194
0.6133
1.0338
0
0
0
0
0
0
0
0
3.916
1.5271
0
0
11.9147
6.7592
3e-04
0.9029
19.525
34.9275
0.608
0.5175
1.5527
1.2046
0.081
0.7817
1.5444
2.1337
3.5108
6.8274
0
0
0
0
0
9e-04
1.2888
0.0032
0
0
0
1.9625
1.4219
0.0429
16.8011
0
0
0
0
0
0
0.004
1.537
3.576
10.9879
1.6456
0.0858
0.151
7.4625
2.9328
0
0
0
0
7e-04
1.453
0
0
0
0.0481
2.6484
22.0525
1.5087
0.3669
0.0966
0
0
1.4867
0.303
0
17.8572
0.0882
0
2.8811
0.0911
0
0
0
9.3469
0.1257
0
0
0
20.306
2.2949
0
8e-04
0
0
0
0
0
0
0.0413
0
0
12.0556
5.7888
7.7293
0
0
0
0
0
0
0
0
0
0
2e-04
17.2534
13.8413
3.7642
1e-04
0
3.6245
0
0
0
0.0132
5.7839
18.1396
0
0
0
0
6.4845
0
0
0
0
0
0
0
0
0
0
0
0
0
0
2.9823
5e-04
1.2017
1.7768
0
0
7.2685
0.3688
0
0
0
0
0
0
0
7.1499
0.0688
2.6851
0
0
0
8.273
3.205
15.5933
22.0398
8.8974
0.0941
0
0.1098
0.7228
1.8561
2.9378
0
0
0.6229
0
0
0
0
0
0
0
0
0
8.8231
0
0
0
15.5851
0
0
0
0
0
0
22.8251
0.5276
0.7161
6.1161
8.3764
0
0
0
6.4646
3.3019
0
0
4e-04
0
0
0
0
0
0
0
7.6229
0
0
0
0.942
4.1946
2.6915
0.0384
0.5513
0.5025
0.0098
0.7399
0.0083
0.3398
0.479
0
1.6329
0
8.1374
1.6344
