1980 1 1
0.967
0.976
0.941
0.915
0.939
0.929
0.901
0.899
0.888
0.964
0.951
0.754
0.858
0.875
0.919
0.929
0.919
0.889
0.861
0.813
0.743
0.786
0.838
0.841
0.974
0.862
0.864
0.877
0.855
0.807
0.84
0.85
0.785
0.755
0.844
0.806
0.9
0.911
0.83
0.89
0.888
0.948
0.852
0.833
0.894
0.922
0.922
0.788
0.893
0.857
0.9
0.991
0.99
0.946
0.843
0.871
0.848
0.889
0.87
0.809
0.786
0.791
0.872
0.881
0.973
0.86
0.881
0.978
0.937
0.86
0.62
0.495
0.806
0.86
0.812
0.796
0.939
0.818
0.648
0.853
0.955
0.736
0.745
0.915
0.871
0.781
0.751
0.819
0.971
0.917
0.939
0.902
0.898
0.863
0.958
0.747
0.671
0.752
0.857
0.825
0.894
0.808
0.871
0.737
0.923
0.845
0.774
0.623
0.647
0.672
0.632
0.601
0.548
0.705
0.709
0.826
0.713
0.744
0.871
0.79
0.74
0.723
0.675
0.609
0.536
0.537
0.603
0.623
0.693
0.721
0.638
0.765
0.874
0.816
0.817
0.717
0.675
0.941
0.872
0.79
0.742
0.716
0.641
0.658
0.776
0.715
0.661
0.542
0.547
0.652
0.771
0.762
0.875
0.845
0.814
0.77
0.667
0.791
0.772
0.835
0.729
0.708
0.659
0.622
0.659
0.774
0.771
0.812
0.719
0.694
0.715
0.772
0.697
0.638
0.681
0.754
0.748
0.743
0.748
0.794
0.787
0.777
0.718
0.769
0.772
0.828
0.852
0.808
0.736
0.829
0.771
0.781
0.766
0.801
0.777
0.729
0.802
0.797
0.784
0.77
0.753
0.741
0.772
0.844
0.837
0.75
0.745
0.752
0.788
0.879
0.862
0.787
0.812
0.853
0.867
0.866
0.813
0.861
0.815
0.841
0.86
0.816
0.852
0.85
0.862
0.839
0.84
0.898
0.83
0.915
0.92
0.852
0.869
0.882
0.865
0.817
0.787
0.793
0.763
0.79
0.804
0.81
0.82
0.869
0.867
0.85
0.785
0.848
0.806
0.771
0.73
0.763
0.83
0.843
0.8
0.789
0.863
0.864
0.906
0.933
0.946
0.792
0.763
0.815
0.842
0.855
0.85
0.701
0.751
0.781
0.698
0.734
0.704
0.698
0.814
0.791
0.746
0.793
0.74
0.668
0.725
0.671
0.755
0.742
0.754
0.809
0.738
0.692
0.665
0.704
0.88
0.799
0.756
0.735
0.663
0.71
0.694
0.777
0.855
0.753
0.662
0.81
0.637
0.634
0.67
0.694
0.638
0.631
0.72
0.7
0.582
0.672
0.798
0.71
0.672
0.681
0.709
0.532
0.683
0.838
0.774
0.818
0.911
0.879
0.871
0.846
0.79
0.824
0.978
0.802
0.719
0.908
0.963
0.927
0.897
0.861
0.865
0.797
0.837
0.861
0.899
0.958
0.985
0.925
0.852
0.757
0.925
0.893
0.736
0.872
0.949
0.881
0.905
0.827
0.653
0.797
0.847
0.83
0.943
0.76
0.909
0.864
0.87
0.917
1.002
1.008
0.991
0.906
0.892
0.767
0.914
0.948
0.924
0.837
0.806
0.855
0.861
0.884
0.938
0.893
0.934
0.948
0.9
0.985
1.047
0.993
1.005
1.013
1.014
1.006
0.95
0.923
0.953
0.927
0.843
0.784
0.839
0.943
0.958
0.755
0.813
0.858
0.934
0.925
0.924
0.874
0.927
1.042
0.784
0.864
0.803
0.795
0.908
0.944
0.945
0.839
0.922
0.871
0.896
0.891
0.851
0.788
0.74
0.766
0.798
0.833
0.783
0.527
0.8
0.93
0.86
0.829
0.898
0.851
0.803
0.768
0.707
0.716
0.553
0.639
0.801
0.685
0.637
0.794
0.926
0.881
0.716
0.788
0.647
0.64
0.675
0.79
0.663
0.695
0.779
0.687
0.565
0.627
0.526
0.826
0.877
0.614
0.565
0.639
0.742
0.768
0.831
0.891
0.929
0.844
0.668
0.642
0.808
0.724
0.697
0.819
0.637
0.806
0.835
0.845
0.748
0.709
0.698
0.754
0.83
0.771
0.717
0.655
0.617
0.619
0.737
0.891
0.716
0.637
0.761
0.901
0.93
0.796
0.657
0.861
0.965
0.767
0.661
0.675
0.653
0.544
0.482
0.561
0.63
0.678
0.744
0.739
0.779
0.937
0.793
0.804
0.725
0.634
0.803
0.792
0.799
0.757
0.742
0.656
0.695
0.811
0.87
0.723
0.813
0.9
0.842
0.8
0.794
0.778
0.69
0.732
0.745
0.797
0.821
0.782
0.808
0.795
0.73
0.626
0.677
0.781
0.778
0.796
0.804
0.804
0.823
0.825
0.75
0.712
0.8
0.826
0.74
0.605
0.681
0.818
0.775
0.751
0.776
0.756
0.696
0.796
0.893
0.88
0.818
0.701
0.784
0.766
0.817
0.917
0.885
0.878
0.721
0.725
0.793
0.796
0.818
0.825
0.822
0.825
0.837
0.878
0.868
0.852
0.85
0.825
0.836
0.85
0.883
0.857
0.775
0.7
0.76
0.772
0.713
0.724
0.739
0.789
0.771
0.754
0.822
0.847
0.843
0.874
0.855
0.852
0.868
0.913
0.954
0.91
0.875
0.806
0.844
0.789
0.792
0.871
0.814
0.82
0.839
0.869
0.87
0.918
0.92
0.828
0.821
0.828
0.867
0.808
0.703
0.715
0.78
0.794
0.759
0.803
0.89
0.821
0.819
0.765
0.743
0.786
0.832
0.779
0.776
0.734
0.778
0.773
0.767
0.726
0.649
0.761
0.801
0.636
0.785
0.752
0.635
0.731
0.932
0.854
0.673
0.673
0.921
0.982
0.873
0.816
0.797
0.772
0.731
0.754
0.779
0.659
0.735
0.814
0.74
0.741
0.738
0.71
0.78
0.787
0.722
0.6
0.602
0.666
0.763
0.853
0.799
0.932
0.846
0.836
0.891
0.917
0.918
0.866
0.884
0.833
0.817
0.739
0.932
0.888
0.774
0.887
0.846
0.837
0.858
0.922
0.608
0.756
0.928
0.907
0.897
0.892
0.936
0.897
0.954
0.887
0.902
0.908
0.95
0.998
1.004
0.939
0.934
0.907
0.965
0.985
0.981
0.954
0.872
0.987
0.915
0.941
0.972
0.874
0.821
0.892
0.826
0.839
0.67
0.828
0.873
0.923
0.925
0.883
0.984
0.771
0.878
0.871
0.949
0.94
0.98
0.987
0.777
0.901
0.923
0.901
0.899
0.909
0.966
0.986
0.93
0.975
0.956
0.915
0.973
0.906
0.928
0.917
0.915
0.925
0.853
0.946
0.916
0.944
0.927
0.998
0.985
0.967
0.962
0.982
0.995
0.885
0.864
0.907
0.839
0.776
0.716
0.825
0.767
0.888
0.874
1.079
0.921
0.909
0.932
0.821
0.833
0.888
0.958
0.923
0.76
0.676
0.763
0.972
0.9
0.818
0.866
0.912
0.868
0.815
0.727
0.725
0.841
0.836
0.724
0.719
0.663
0.805
0.862
0.664
0.633
0.83
0.766
0.847
0.902
0.811
0.828
0.889
0.908
0.849
0.799
0.79
0.79
0.704
0.771
0.821
0.644
0.545
0.859
0.683
0.552
0.544
0.573
0.526
0.735
0.767
0.66
0.542
0.558
0.633
0.569
0.564
0.513
0.552
0.593
0.772
0.794
0.641
0.61
0.643
0.637
0.596
0.625
0.632
0.619
0.605
0.646
0.693
0.749
0.843
0.849
0.815
0.799
0.79
0.788
0.811
0.803
0.824
0.826
0.807
0.855
0.731
0.792
0.873
0.933
0.879
0.784
0.76
0.763
0.799
0.695
0.688
0.72
0.647
0.8
0.936
0.833
0.698
0.845
0.798
0.772
0.749
0.752
0.632
0.662
0.705
0.766
0.778
0.814
0.781
0.73
0.687
0.935
0.857
0.791
0.796
0.802
0.794
0.78
0.758
0.835
0.8
0.719
0.715
0.72
0.751
0.796
0.824
0.825
0.772
0.701
0.765
0.797
0.72
0.727
0.765
0.783
0.829
0.733
0.68
0.767
0.781
0.805
0.795
0.838
0.807
0.852
0.836
0.838
0.837
0.829
0.818
0.684
0.666
0.683
0.712
0.713
0.748
0.738
0.728
0.862
0.793
0.731
0.856
0.802
0.82
0.743
0.81
0.778
0.682
0.76
0.856
0.879
0.853
0.782
0.709
0.633
0.792
0.874
0.763
0.705
0.725
0.769
0.72
0.746
0.808
0.79
0.763
0.692
0.729
0.594
0.625
0.716
0.892
0.855
0.845
0.842
0.805
0.923
0.834
0.766
0.722
0.691
0.703
0.676
0.68
0.705
0.716
0.73
0.701
0.767
0.794
0.673
0.675
0.597
0.674
0.662
0.662
0.601
0.523
0.523
0.696
0.646
0.643
0.636
0.645
0.653
0.557
0.468
0.502
0.539
0.658
0.848
0.8
0.727
0.812
0.708
0.614
0.713
0.636
0.635
0.825
0.735
0.819
0.835
0.781
0.68
0.756
0.696
0.695
0.796
0.819
0.909
0.911
0.828
0.941
0.868
0.653
0.775
0.873
0.95
0.948
0.883
0.859
0.74
0.703
0.743
0.925
0.778
0.741
0.757
0.74
0.868
0.926
0.874
0.865
0.877
0.948
0.969
0.845
0.785
0.95
0.912
0.907
0.92
0.938
0.889
0.852
0.858
0.993
0.925
0.732
0.55
0.66
0.74
0.862
0.777
0.684
0.724
0.81
0.857
0.778
0.764
0.935
0.902
0.816
0.861
0.877
0.957
0.932
0.902
0.867
0.906
0.931
0.845
0.915
0.989
0.965
0.903
0.887
0.879
0.913
0.943
0.969
0.901
0.859
0.987
0.968
0.872
0.906
0.89
0.958
0.874
0.894
0.884
0.916
0.927
0.886
0.924
0.961
0.927
0.924
0.863
0.805
0.744
0.723
0.757
0.825
0.787
0.797
0.734
0.728
0.586
0.566
0.581
0.672
0.747
0.698
0.811
0.828
0.729
0.867
0.831
0.91
0.885
0.794
0.784
0.795
0.795
0.776
0.894
0.99
0.868
0.956
0.849
0.882
0.827
0.854
0.867
0.891
0.901
0.828
0.593
0.639
0.725
0.923
0.882
0.859
0.813
0.904
0.909
0.858
0.95
0.867
0.876
0.8
0.904
0.896
0.852
0.776
0.816
0.755
0.763
0.689
0.694
0.641
0.607
0.733
0.693
0.618
0.651
0.799
0.865
0.958
0.969
0.85
0.921
0.803
0.749
0.716
0.709
0.86
0.709
0.665
0.561
0.585
0.714
0.822
0.928
0.762
0.639
0.678
0.861
0.783
0.81
0.856
0.814
0.781
0.75
0.792
0.674
0.743
0.856
0.74
0.733
0.725
0.685
0.868
0.861
0.755
0.828
0.743
0.675
0.64
0.631
0.607
0.628
0.621
0.641
0.65
0.704
0.654
0.677
0.843
0.813
0.732
0.742
0.728
0.673
0.642
0.651
0.716
0.855
0.925
0.868
0.818
0.789
0.777
0.816
0.788
0.772
0.678
0.72
0.761
0.762
0.733
0.787
0.725
0.652
0.756
0.765
0.807
0.84
0.817
0.779
0.786
0.774
0.79
0.816
0.772
0.68
0.654
0.773
0.818
0.81
0.809
0.825
0.821
0.776
0.794
0.822
0.783
0.73
0.754
0.795
0.836
0.819
0.835
0.698
0.713
0.711
0.729
0.79
0.836
0.754
0.777
0.731
0.773
0.803
0.759
0.719
0.739
0.756
0.784
0.737
0.753
0.802
0.788
0.706
0.677
0.711
0.78
0.772
0.737
0.641
0.618
0.633
0.68
0.727
0.778
0.672
0.586
0.826
0.775
0.667
0.648
0.751
0.908
0.697
0.68
0.617
0.604
0.747
0.697
0.608
0.681
0.689
0.812
0.653
0.601
0.784
0.898
0.687
0.586
0.712
0.856
0.789
0.741
0.905
0.981
0.714
0.69
0.674
0.721
0.799
0.738
0.803
0.872
0.916
0.96
0.959
0.882
0.793
0.741
0.697
0.746
0.669
0.678
0.865
0.84
0.941
0.741
0.794
0.728
0.711
0.64
0.599
0.867
0.987
0.828
0.783
0.818
0.908
0.916
0.847
0.809
0.792
0.827
0.81
0.792
0.899
0.865
0.698
0.753
0.818
0.921
0.76
0.77
0.786
0.893
0.948
0.99
0.983
0.969
0.832
0.91
0.927
0.939
0.921
0.963
0.961
0.982
0.833
0.824
0.833
0.86
0.866
0.854
0.936
0.987
0.834
0.827
0.795
0.845
0.91
0.971
0.957
0.866
0.893
0.852
0.898
0.988
0.989
1.021
0.992
0.947
0.917
0.932
0.928
0.838
0.842
0.94
0.93
0.894
0.897
0.903
0.894
0.876
0.826
0.836
0.872
0.811
0.969
1.003
0.971
0.935
0.93
0.954
0.966
0.868
0.936
0.956
0.924
0.934
0.955
0.882
0.858
0.921
0.946
0.884
0.972
0.967
0.945
0.88
0.723
0.836
0.896
0.905
0.838
0.822
0.768
0.674
0.642
0.743
0.815
0.76
0.876
0.949
0.853
0.821
0.866
0.86
0.834
0.97
0.904
0.886
0.883
0.862
0.834
0.848
0.861
0.978
0.963
0.95
0.917
0.814
0.901
0.895
0.992
0.964
0.913
0.837
0.772
0.832
0.772
0.835
0.93
0.89
0.825
0.742
0.666
0.688
0.76
0.951
0.971
0.926
0.778
0.657
0.664
0.652
0.611
0.706
0.791
0.74
0.798
0.811
0.911
0.879
0.826
0.774
0.731
0.84
0.922
0.925
0.79
0.674
0.746
0.733
0.585
0.75
0.684
0.681
0.9
0.959
0.861
0.737
0.833
0.855
0.807
0.813
0.778
0.742
0.818
0.802
0.736
0.644
0.591
0.69
0.769
0.905
0.938
0.828
0.802
0.709
0.838
0.826
0.793
0.924
0.942
0.822
0.695
0.675
0.673
0.73
0.594
0.695
0.745
0.724
0.74
0.706
0.69
0.694
0.655
0.719
0.738
0.763
0.78
0.796
0.773
0.764
0.737
0.745
0.702
0.815
0.768
0.682
0.629
0.746
0.73
0.7
0.79
0.781
0.693
0.745
0.8
0.827
0.808
0.758
0.681
0.799
0.83
0.801
0.795
0.726
0.733
0.763
0.777
0.728
0.807
0.741
0.74
0.761
0.723
0.702
0.82
0.816
0.918
0.872
0.726
0.697
0.712
0.759
0.845
0.867
0.866
0.814
0.842
0.872
0.884
0.84
0.851
0.79
0.819
0.849
0.81
0.781
0.802
0.791
0.751
0.771
0.844
0.78
0.744
0.861
0.842
0.804
0.718
0.731
0.776
0.792
0.864
0.887
0.745
0.826
0.815
0.878
0.803
0.741
0.664
0.819
0.761
0.792
0.873
0.839
0.767
0.825
0.886
0.894
0.753
0.653
0.644
0.708
0.734
0.746
0.719
0.813
0.877
0.833
0.856
0.753
0.798
0.783
0.769
0.783
0.622
0.62
0.648
0.634
0.76
0.884
0.849
0.81
0.8
0.809
0.801
0.756
0.866
0.796
0.761
0.779
0.7
0.792
0.632
0.818
0.866
0.765
0.671
0.757
0.851
0.743
0.826
0.78
0.749
0.849
0.841
0.792
0.613
0.876
0.856
0.757
0.637
0.635
0.846
0.927
0.979
0.851
0.828
0.721
0.786
0.687
0.617
0.631
0.782
0.561
0.685
0.705
0.712
0.77
0.728
0.639
0.596
0.863
0.668
0.761
0.849
0.748
0.768
0.624
0.588
0.932
0.863
0.969
0.989
0.948
0.964
0.986
0.969
0.938
0.919
0.864
0.807
0.849
0.852
0.807
0.934
0.905
0.619
0.846
0.789
0.698
0.903
0.999
0.836
0.906
0.929
0.994
0.75
0.692
0.767
0.834
0.856
0.941
0.881
0.869
0.895
0.913
0.91
0.914
0.972
0.83
0.903
0.945
0.952
0.94
0.794
0.867
0.918
0.971
0.972
0.933
0.883
0.945
0.891
0.831
0.861
0.937
0.906
0.853
0.851
0.816
0.928
0.935
0.884
0.858
0.911
0.876
0.971
0.974
0.96
0.903
0.897
1.006
0.945
0.923
0.92
0.872
0.841
0.915
0.888
0.837
0.86
0.79
0.834
0.684
0.656
0.842
0.646
0.942
0.805
0.652
0.768
0.847
0.747
0.665
0.843
0.936
0.767
0.757
0.708
0.603
0.744
0.559
0.624
0.754
0.53
0.694
0.941
0.832
0.738
0.589
0.765
0.887
0.798
0.92
0.966
0.782
0.775
0.715
0.798
0.8
0.866
0.725
0.73
0.702
0.696
0.796
0.752
0.715
0.706
0.733
0.714
0.637
0.698
0.695
0.636
0.607
0.556
0.514
0.669
0.684
0.576
0.65
0.694
0.611
0.542
0.749
0.85
0.643
0.551
0.67
0.767
0.732
0.622
0.593
0.644
0.746
0.715
0.679
0.616
0.752
0.738
0.916
0.764
0.725
0.691
0.799
0.666
0.693
0.609
0.5
0.701
0.738
0.874
0.714
0.765
0.749
0.677
0.744
0.758
0.748
0.848
0.666
0.681
0.77
0.742
0.664
0.794
0.909
0.767
0.68
0.829
0.831
0.8
0.74
0.712
0.72
0.693
0.742
0.703
0.722
0.623
0.601
0.69
0.707
0.65
0.689
0.791
0.806
0.762
0.697
0.765
0.791
0.786
0.757
0.717
0.706
0.731
0.723
0.706
0.817
0.8
0.746
0.709
0.694
0.719
0.783
0.792
0.796
0.701
0.736
0.784
0.831
0.709
0.662
0.721
0.731
0.822
0.821
0.75
0.703
0.691
0.821
0.877
0.858
0.794
0.685
0.758
0.839
0.796
0.843
0.82
0.85
0.869
0.819
0.835
0.823
0.845
0.814
0.794
0.816
0.933
0.852
0.828
0.819
0.797
0.788
0.84
0.842
0.826
0.822
0.801
0.813
0.829
0.836
0.812
0.812
0.836
0.822
0.835
0.749
0.786
0.683
0.63
0.654
0.704
0.695
0.676
0.662
0.707
0.675
0.743
0.812
0.639
0.739
0.783
0.658
0.637
0.776
0.805
0.607
0.659
0.739
0.783
0.72
0.574
0.565
0.584
0.781
0.842
0.848
0.811
0.829
0.834
0.667
0.611
0.751
0.859
0.891
0.825
0.83
0.793
0.772
0.611
0.492
0.574
0.767
0.627
0.655
0.834
0.802
0.934
0.962
0.963
0.965
0.867
0.87
0.74
0.841
0.936
0.929
0.97
0.959
0.959
0.889
0.954
0.774
0.851
0.855
0.818
0.696
0.857
0.839
0.753
0.819
0.914
0.924
0.913
0.885
0.911
0.952
0.86
0.843
0.883
0.908
0.958
0.93
0.913
0.912
0.959
0.993
0.92
0.913
0.829
0.937
0.963
0.878
0.829
0.848
0.883
0.893
0.983
0.984
0.957
0.82
0.833
0.904
0.83
0.901
0.933
0.879
0.865
0.861
0.93
0.966
0.917
0.827
0.689
0.737
0.703
0.831
0.962
0.871
0.895
0.916
0.842
0.871
0.83
0.942
0.948
0.939
0.92
0.909
0.857
0.823
0.844
0.896
0.863
0.74
0.914
0.855
0.884
0.943
0.94
0.908
1.006
0.979
0.902
0.956
0.923
0.904
0.873
0.839
0.823
0.824
0.91
0.896
0.934
0.975
0.966
0.98
0.963
1.007
0.918
0.885
0.901
0.874
0.896
0.927
0.872
0.885
0.814
0.9
0.961
0.87
0.933
0.842
0.824
0.889
0.835
0.879
0.93
0.937
0.9
0.866
0.845
0.791
0.799
0.918
0.683
0.631
0.74
0.634
0.739
0.636
0.718
0.846
0.692
0.579
0.552
0.528
0.538
0.7
0.627
0.708
0.82
0.805
0.764
0.692
0.785
0.84
0.801
0.69
0.753
0.721
0.84
0.807
0.866
0.696
0.749
0.969
0.869
0.818
0.676
0.579
0.588
0.623
0.611
0.616
0.706
0.781
0.756
0.732
0.682
0.641
0.651
0.767
0.758
0.718
0.758
0.74
0.634
0.589
0.656
0.785
0.759
0.799
0.774
0.769
0.828
0.874
0.874
0.858
0.803
0.739
0.739
0.742
0.816
0.791
0.716
0.741
0.754
0.726
0.79
0.714
0.75
0.886
0.942
0.849
0.807
0.703
0.788
0.811
0.819
0.845
0.779
0.75
0.774
0.776
0.684
0.799
0.779
0.694
0.742
0.738
0.73
0.717
0.716
0.812
0.794
0.771
0.902
0.909
0.868
0.776
0.687
0.752
0.763
0.767
0.776
0.763
0.777
0.905
0.867
0.817
0.809
0.803
0.826
0.816
0.791
0.801
0.832
0.816
0.753
0.701
0.74
0.793
0.775
0.768
0.761
0.857
0.814
0.801
0.811
0.816
0.79
0.764
0.742
0.766
0.842
0.846
0.816
0.806
0.823
0.705
0.718
0.836
0.844
0.841
0.811
0.816
0.788
0.842
0.815
0.838
0.853
0.807
0.693
0.88
0.889
0.769
0.699
0.666
0.687
0.726
0.775
0.812
0.867
0.806
0.761
0.756
0.705
0.692
0.822
0.867
0.878
0.795
0.791
0.802
0.823
0.723
0.89
0.869
0.831
0.867
0.857
0.829
0.919
0.903
0.823
0.836
0.795
0.805
0.837
0.931
0.86
0.886
0.917
0.847
0.768
0.708
0.731
0.839
0.76
0.796
0.865
0.905
0.909
0.788
0.706
0.797
0.771
0.687
0.662
0.768
0.772
0.765
0.807
0.917
0.904
0.897
0.822
0.826
0.818
0.78
0.757
0.839
0.746
0.819
0.833
0.822
0.868
0.9
0.798
0.686
0.822
0.811
0.744
0.796
0.887
0.919
0.904
0.933
0.837
0.908
0.913
0.87
0.887
0.909
0.883
0.958
0.924
0.868
0.898
0.891
0.73
0.933
0.942
0.741
0.778
0.866
0.877
0.977
0.999
0.774
0.646
0.789
0.602
0.805
0.863
0.933
0.94
0.941
0.928
0.94
0.91
0.933
0.956
0.975
0.996
0.964
0.894
0.918
0.906
0.939
0.923
0.905
0.969
0.94
0.856
0.82
0.806
0.908
0.857
0.874
0.961
0.943
0.936
0.943
0.916
0.961
0.745
0.659
0.918
0.974
0.945
0.885
0.941
0.908
0.814
0.822
0.863
0.894
0.922
0.935
0.987
0.897
0.91
0.944
0.923
0.83
0.739
0.713
0.858
0.852
0.767
0.803
0.702
0.833
0.753
0.767
0.751
0.72
0.812
0.747
0.666
0.611
0.662
0.818
0.844
0.736
0.616
0.579
0.692
0.922
0.938
0.816
0.744
0.646
0.78
0.684
0.639
0.593
0.701
0.557
0.574
0.599
0.605
0.82
0.858
0.675
0.625
0.559
0.581
0.556
0.638
0.656
0.663
0.594
0.688
0.785
0.791
0.769
0.726
0.878
0.851
0.826
0.798
0.745
0.871
0.938
0.893
0.781
0.733
0.674
0.595
0.662
0.79
0.766
0.752
0.837
0.904
0.897
0.817
0.751
0.727
0.633
0.793
0.791
0.785
0.637
0.59
0.635
0.704
0.638
0.712
0.605
0.84
0.911
0.737
0.643
0.553
0.645
0.572
0.511
0.588
0.599
0.713
0.675
0.712
0.729
0.581
0.56
0.74
0.885
0.819
0.777
0.724
0.753
0.763
0.784
0.816
0.728
0.734
0.704
0.692
0.791
0.78
0.799
0.812
0.703
0.68
0.685
0.71
0.702
0.774
0.671
0.655
0.801
0.751
0.654
0.682
0.624
0.558
0.627
0.645
0.808
0.827
0.814
0.873
0.716
0.669
0.751
0.7
0.712
0.789
0.818
0.899
0.905
0.83
0.821
0.807
0.827
0.802
0.804
0.803
0.825
0.818
0.788
0.812
0.847
0.809
0.8
0.779
0.774
0.749
0.806
0.764
0.779
0.738
0.777
0.803
0.796
0.802
0.695
0.72
0.813
0.784
0.827
0.85
0.809
0.786
0.849
0.773
0.763
0.865
0.887
0.884
0.821
0.846
0.817
0.797
0.762
0.776
0.794
0.746
0.717
0.707
0.741
0.822
0.797
0.748
0.811
0.974
0.916
0.976
0.862
0.78
0.823
0.797
0.768
0.793
0.749
0.748
0.837
0.809
0.818
0.79
0.731
0.82
0.81
0.785
0.753
0.846
0.848
0.822
0.889
0.828
0.671
0.733
0.785
0.816
0.751
0.732
0.614
0.532
0.592
0.708
0.76
0.714
0.661
0.775
0.658
0.533
0.734
0.86
0.751
0.703
0.774
0.85
0.728
0.613
0.617
0.548
0.513
0.634
0.693
0.628
0.751
0.728
0.669
0.538
0.795
0.797
0.613
0.76
0.688
0.668
0.669
0.73
0.805
0.755
0.59
0.625
0.724
0.545
0.461
0.507
0.821
0.751
0.791
0.721
0.658
0.695
0.651
0.549
0.759
0.721
0.626
0.627
0.547
0.584
0.696
0.826
0.962
0.894
0.899
0.915
0.891
0.832
0.91
0.915
0.939
0.944
0.903
0.867
0.88
0.815
0.809
0.877
0.858
0.857
0.698
0.716
0.885
0.863
0.867
0.897
0.945
0.944
0.752
0.662
0.943
0.895
0.87
0.774
0.704
0.925
0.919
0.87
0.918
0.782
0.547
0.5
0.657
0.551
0.649
0.716
0.883
0.872
0.854
0.892
0.796
0.818
0.651
0.837
0.762
0.781
0.96
0.87
0.958
0.876
0.834
0.921
0.908
0.926
0.907
0.869
0.913
0.912
0.883
0.899
0.987
1.004
0.939
0.919
0.845
0.756
0.894
0.842
0.915
0.903
0.938
0.933
0.871
1.041
0.936
0.845
0.822
0.812
0.876
0.946
0.697
0.738
0.85
0.592
0.695
0.785
0.786
0.802
0.774
0.758
0.786
0.882
0.879
0.784
0.827
0.85
0.844
0.754
0.78
0.62
0.823
0.872
0.773
0.862
0.886
0.737
0.807
0.761
0.848
0.804
0.827
0.753
0.823
0.806
0.723
0.746
0.688
0.632
0.711
0.682
0.834
0.935
0.877
0.777
0.685
0.809
0.929
0.78
0.717
0.597
0.577
0.678
0.646
0.66
0.669
0.722
0.633
0.738
0.61
0.537
0.738
0.594
0.619
0.733
0.594
0.508
0.643
0.77
0.698
0.695
0.512
0.508
0.643
0.708
0.739
0.653
0.512
0.507
0.648
0.646
0.689
0.568
0.621
0.653
0.637
0.615
0.693
0.747
0.83
0.816
0.695
0.65
0.675
0.655
0.685
0.576
0.522
0.533
0.509
0.517
0.495
0.522
0.713
0.678
0.614
0.533
0.612
0.544
0.59
0.662
0.585
0.495
0.471
0.481
0.51
0.493
0.627
0.614
0.558
0.504
0.52
0.582
0.526
0.621
0.483
0.492
0.647
0.56
0.497
0.643
0.549
0.525
0.467
0.382
0.347
0.344
0.328
0.296
0.328
0.325
0.377
0.606
0.488
0.475
0.538
0.388
0.399
0.627
0.667
0.778
0.829
0.873
0.73
0.745
0.672
0.683
0.737
0.703
0.624
0.629
0.76
0.779
0.677
0.703
0.641
0.676
0.731
0.751
0.577
0.535
0.545
0.623
0.673
0.621
0.582
0.606
0.642
0.528
0.472
0.689
0.814
0.761
0.627
0.71
0.843
0.772
0.644
0.657
0.609
0.789
0.784
0.676
0.63
0.62
0.67
0.823
0.852
0.861
0.718
0.633
0.665
0.691
0.583
0.546
0.829
0.814
0.687
0.686
0.69
0.773
0.792
0.812
0.722
0.719
0.692
0.721
0.633
0.616
0.556
0.566
0.649
0.712
0.609
0.636
0.843
0.724
0.563
0.634
0.53
0.509
0.497
0.606
0.662
0.687
0.605
0.557
0.515
0.506
0.682
0.826
0.835
0.708
0.707
0.8
0.9
0.847
0.817
0.671
0.671
0.584
0.638
0.606
0.667
0.598
0.619
0.771
0.656
0.938
0.979
0.854
0.838
0.826
0.832
0.874
0.773
0.694
0.783
0.792
0.727
0.775
0.668
0.646
0.773
0.982
0.828
0.669
0.719
0.725
0.714
0.808
0.828
0.721
0.727
0.732
0.755
0.855
0.858
0.786
0.692
0.724
0.807
0.717
0.643
0.742
0.741
0.723
0.92
0.899
0.862
0.484
0.825
0.756
0.898
0.844
0.946
0.817
0.836
0.8
0.906
0.777
0.931
0.968
0.879
0.919
0.943
0.982
0.975
0.987
0.871
0.912
0.99
0.986
0.867
0.499
0.725
0.822
0.964
0.798
0.825
0.933
0.818
0.671
0.87
0.9
0.846
0.606
0.668
0.687
0.753
0.924
0.981
0.779
0.746
0.887
0.889
0.852
0.823
0.809
0.901
0.758
0.828
0.862
0.815
0.816
0.734
0.854
0.893
0.865
0.933
0.928
0.912
0.822
0.694
0.747
0.72
0.851
0.989
0.849
0.66
0.668
0.79
0.925
0.82
0.787
0.594
0.564
0.721
0.973
0.963
0.794
0.704
0.804
0.711
0.613
0.664
0.786
0.671
0.803
0.851
0.635
0.612
0.861
0.602
0.797
0.842
0.588
0.631
0.787
0.816
0.737
0.753
0.765
0.824
0.905
0.817
0.817
0.803
0.804
0.815
0.753
0.743
0.715
0.705
0.701
0.698
0.716
0.657
0.713
0.59
0.736
0.662
0.672
0.839
0.709
0.525
0.647
0.605
0.577
0.529
0.718
0.817
0.704
0.782
0.818
0.715
0.739
0.774
0.741
0.61
0.799
0.775
0.726
0.761
0.849
0.86
0.747
0.897
0.887
0.792
0.745
0.71
0.623
0.546
0.712
0.79
0.687
0.582
0.866
0.772
0.83
0.799
0.73
0.678
0.778
0.806
0.78
0.764
0.776
0.801
0.771
0.782
0.744
0.664
0.651
0.744
0.813
0.727
0.846
0.864
0.808
0.803
0.774
0.713
0.753
0.817
0.791
0.836
0.768
0.734
0.699
0.709
0.728
0.712
0.787
0.78
0.732
0.693
0.769
0.803
0.807
0.798
0.807
0.756
0.688
0.735
0.785
0.803
0.771
0.782
0.735
0.676
0.65
0.648
0.667
0.784
0.851
0.836
0.825
0.809
0.786
0.754
0.793
0.831
0.855
0.774
0.879
0.864
0.78
0.724
0.834
0.867
0.854
0.821
0.822
0.773
0.775
0.751
0.728
0.727
0.764
0.746
0.794
0.815
0.781
0.78
0.832
0.895
0.845
0.855
0.868
0.853
0.813
0.767
0.771
0.829
0.864
0.791
0.738
0.861
0.832
0.728
0.725
0.811
0.802
0.838
0.84
0.824
0.894
0.837
0.78
0.886
0.985
0.908
0.918
0.847
0.719
0.778
0.756
0.803
0.887
0.841
0.731
0.714
0.702
0.691
0.669
0.684
0.664
0.845
0.86
0.783
0.655
0.657
0.733
0.67
0.698
0.581
0.738
0.666
0.645
0.549
0.606
0.658
0.737
0.911
0.818
0.888
0.888
0.883
0.733
0.705
0.771
0.724
0.661
0.657
0.617
0.544
0.622
0.869
0.713
0.749
0.653
0.606
0.61
0.732
0.855
0.978
0.826
0.716
0.652
0.704
0.708
0.762
0.958
0.94
0.68
0.596
0.628
0.838
0.576
0.581
0.633
0.6
0.694
0.853
0.813
0.911
0.622
0.689
0.786
0.803
0.787
0.814
0.832
0.887
0.657
0.635
0.707
0.715
0.9
0.842
0.689
0.851
0.859
0.861
0.851
0.826
0.852
0.889
0.819
0.852
0.851
0.816
0.918
0.928
1.002
0.961
0.975
1.006
0.995
0.923
0.909
0.872
0.962
0.892
0.837
0.851
0.843
0.853
0.952
0.86
0.812
0.838
0.88
0.852
0.931
0.975
0.957
0.727
0.932
0.985
0.927
0.876
0.826
0.878
0.661
0.654
0.654
0.853
0.902
0.863
0.93
0.97
0.932
0.955
0.901
0.808
0.866
0.855
0.854
0.657
0.598
0.683
0.705
0.911
0.987
0.967
0.743
0.76
0.697
0.601
0.49
0.872
0.931
0.927
0.714
0.742
0.824
0.79
0.599
0.634
0.734
0.554
0.696
0.785
0.571
0.675
0.937
0.894
0.881
0.776
0.798
0.731
0.69
0.872
0.757
0.643
0.793
0.746
0.717
0.67
0.803
0.527
0.577
0.697
0.629
0.526
0.669
0.936
0.941
0.848
0.742
0.853
0.769
0.72
0.634
0.671
0.554
0.511
0.895
0.784
0.664
0.67
0.819
0.758
0.71
0.751
0.585
0.542
0.826
0.858
0.619
0.551
0.591
0.66
0.634
0.564
0.615
0.781
0.685
0.646
0.574
0.699
0.966
0.915
0.719
0.66
0.664
0.716
0.816
0.71
0.814
0.943
0.76
0.834
0.831
0.803
0.679
0.694
0.79
0.851
0.766
0.635
0.669
0.811
0.95
0.84
0.792
0.878
0.7
0.559
0.68
0.82
0.718
0.802
0.687
0.801
0.738
0.789
0.762
0.789
0.729
0.67
0.715
0.756
0.704
0.633
0.765
0.746
0.766
0.796
0.752
0.732
0.804
0.807
0.648
0.664
0.732
0.795
0.775
0.808
0.777
0.712
0.665
0.744
0.781
0.78
0.682
0.733
0.768
0.761
0.917
0.98
0.93
0.946
0.825
0.813
0.757
0.752
0.773
0.812
0.869
0.931
0.887
0.776
0.706
0.694
0.741
0.74
0.745
0.814
0.822
0.715
0.692
0.742
0.897
0.883
0.839
0.84
0.746
0.741
0.733
0.784
0.818
0.868
0.792
0.75
0.808
0.792
0.848
0.849
0.922
0.91
0.952
0.938
0.894
0.826
0.803
0.84
0.833
0.806
0.769
0.754
0.796
0.812
0.786
0.807
0.844
0.795
0.826
0.864
0.888
0.795
0.771
0.815
0.812
0.898
0.858
0.864
0.767
0.702
0.903
0.849
0.798
0.842
0.867
0.799
0.763
0.799
0.689
0.709
0.815
0.846
0.723
0.695
0.691
0.791
0.702
0.685
0.764
0.939
0.983
0.932
0.84
0.924
0.843
0.737
0.703
0.632
0.693
0.867
0.731
0.704
0.753
0.876
0.797
0.755
0.784
0.707
0.646
0.686
0.67
0.691
0.661
0.637
0.616
0.631
0.725
0.948
0.803
0.796
0.698
0.714
0.83
0.737
0.727
0.718
0.642
0.785
0.798
0.741
0.711
0.705
0.633
0.759
0.905
0.782
0.614
0.731
0.747
0.865
0.871
0.706
0.686
0.623
0.706
0.916
0.83
0.751
0.844
0.857
0.753
0.847
0.845
0.75
0.867
0.882
0.698
0.909
0.893
0.921
0.985
0.88
0.802
0.986
0.979
0.969
0.904
0.923
0.897
0.918
0.969
0.966
0.924
0.804
0.895
0.913
0.924
0.88
0.918
0.964
0.911
0.935
0.967
0.94
0.976
0.977
0.901
0.949
0.942
0.995
0.939
0.924
0.832
0.928
0.894
0.752
0.891
0.787
0.717
0.865
0.954
0.926
0.87
0.97
0.89
0.895
0.793
0.821
0.766
0.937
0.971
0.934
0.872
0.887
0.799
0.524
0.577
0.81
1.008
0.865
0.804
0.887
0.972
0.935
0.899
0.81
0.795
0.578
0.601
0.671
0.56
0.792
0.822
0.784
0.846
0.924
0.835
0.787
0.887
0.786
0.59
0.651
0.833
0.72
0.598
0.744
0.811
0.787
0.666
0.63
0.95
0.836
0.746
0.793
0.887
0.774
0.789
0.752
0.825
0.867
0.759
0.733
0.573
0.65
0.776
0.652
0.549
0.629
0.842
0.725
0.721
0.764
0.818
0.79
0.678
0.62
0.882
0.954
0.846
0.753
0.781
0.737
0.926
0.949
0.937
0.839
0.683
0.849
0.713
0.718
0.743
0.795
0.797
0.713
0.742
0.688
0.737
0.746
0.883
0.823
0.749
0.714
0.794
0.731
0.675
0.725
0.714
0.702
0.614
0.622
0.777
0.834
0.794
0.775
0.723
0.689
0.667
0.75
0.77
0.804
0.804
0.758
0.724
0.782
0.8
0.779
0.807
0.756
0.75
0.733
0.65
0.578
0.541
0.558
0.605
0.727
0.72
0.662
0.652
0.739
0.763
0.716
0.702
0.726
0.624
0.598
0.699
0.78
0.725
0.686
0.652
0.694
0.729
0.793
0.75
0.791
0.777
0.718
0.773
0.784
0.718
0.751
0.749
0.711
0.678
0.666
0.751
0.827
0.807
0.65
0.626
0.665
0.713
0.689
0.705
0.748
0.761
0.742
0.7
0.66
0.696
0.662
0.62
0.74
0.746
0.654
0.63
0.557
0.69
0.715
0.65
0.569
0.56
0.739
0.88
0.685
0.584
0.555
0.512
0.585
0.539
0.589
0.692
0.776
0.837
0.839
0.748
0.7
0.746
0.745
0.72
0.653
0.689
0.67
0.626
0.648
0.712
0.587
0.528
0.674
0.805
0.597
0.576
0.571
0.62
0.658
0.783
0.737
0.781
0.76
0.698
0.64
0.585
0.591
0.571
0.614
0.559
0.482
0.674
0.713
0.597
0.658
0.61
0.516
0.532
0.545
0.528
0.523
0.484
0.567
0.676
0.676
0.588
0.653
0.528
0.498
0.666
0.678
0.774
0.699
0.805
0.72
0.541
0.458
0.507
0.747
0.575
0.519
0.53
0.709
0.77
0.749
0.767
0.855
0.836
0.573
0.625
0.802
0.675
0.718
0.531
0.445
0.464
0.581
0.827
0.697
0.662
0.71
0.842
0.855
0.862
0.767
0.824
0.87
0.764
0.848
0.905
0.94
0.887
0.804
0.846
0.742
0.788
0.855
0.851
0.925
0.816
0.797
0.785
0.817
0.924
0.85
0.739
0.78
0.866
0.829
0.907
0.814
0.854
0.82
0.88
0.853
0.6
0.618
0.813
0.785
0.757
0.726
0.838
0.878
0.964
0.815
0.863
0.836
0.866
0.882
0.99
0.949
0.885
0.887
0.899
0.987
0.978
0.923
0.911
0.897
0.861
0.892
0.919
0.852
0.766
0.917
0.984
0.899
0.884
0.902
0.795
0.858
0.89
0.965
0.931
0.932
0.851
0.878
0.883
0.919
0.925
0.936
0.906
0.935
0.889
0.832
0.858
0.899
0.717
0.683
0.865
0.877
0.714
0.792
0.839
0.715
0.923
0.944
0.923
0.932
0.878
0.955
0.948
0.865
0.784
0.811
0.81
0.867
0.896
0.799
0.772
0.779
0.658
0.67
0.715
0.754
0.733
0.709
0.836
0.873
0.852
0.747
0.881
0.798
0.743
0.679
0.758
0.507
0.504
0.762
0.746
0.84
0.676
0.729
0.887
0.803
0.665
0.71
0.786
0.814
0.678
0.557
0.805
0.698
0.764
0.786
0.731
0.775
0.671
0.545
0.583
0.625
0.652
0.7
0.7
0.777
0.577
0.675
0.692
0.779
0.911
0.943
0.804
0.757
0.818
0.79
0.758
0.833
0.893
0.845
0.77
0.641
0.635
0.811
0.749
0.725
0.664
0.765
0.755
0.683
0.591
0.756
0.899
0.735
0.657
0.622
0.716
0.653
0.629
0.634
0.69
0.779
0.71
0.708
0.614
0.61
0.717
0.874
0.76
0.769
0.672
0.527
0.603
0.856
0.893
0.755
0.673
0.64
0.769
0.83
0.757
0.746
0.737
0.677
0.594
0.526
0.554
0.578
0.668
0.626
0.609
0.734
0.795
0.82
0.807
0.759
0.707
0.775
0.802
0.738
0.727
0.788
0.66
0.674
0.683
0.754
0.786
0.797
0.759
0.772
0.743
0.684
0.758
0.748
0.742
0.792
0.784
0.879
0.815
0.903
0.83
0.84
0.839
0.792
0.815
0.871
0.846
0.912
0.887
0.812
0.883
0.849
0.779
0.839
0.867
0.938
0.834
0.813
0.818
0.82
0.788
0.706
0.783
0.876
0.841
0.863
0.853
0.802
0.841
0.841
0.886
0.874
0.74
0.734
0.829
0.719
0.716
0.742
0.82
0.86
0.849
0.829
0.894
0.946
0.854
0.842
0.828
0.802
0.82
0.854
0.833
0.835
0.878
0.858
0.873
0.841
0.831
0.802
0.718
0.76
0.802
0.805
0.793
0.813
0.847
0.796
0.723
0.863
0.876
0.833
0.775
0.742
0.893
0.854
0.741
0.816
0.717
0.683
0.733
0.734
0.725
0.745
0.735
0.666
0.721
0.767
0.736
0.856
0.715
0.656
0.762
0.815
0.878
0.698
0.72
0.755
0.695
0.773
0.703
0.735
0.822
0.749
0.771
0.724
0.689
0.787
0.816
0.794
0.923
0.955
0.757
0.772
0.769
0.807
0.799
0.752
0.736
0.761
0.965
1.005
0.81
0.649
0.654
0.668
0.809
0.867
0.785
0.774
0.868
0.993
0.906
0.901
0.926
0.902
0.819
0.822
0.76
0.858
0.834
0.846
0.833
0.853
0.822
0.814
0.864
0.915
0.866
0.956
1.005
0.984
0.961
0.925
0.881
0.845
0.889
0.832
0.845
0.876
0.674
0.817
0.881
0.646
0.613
0.546
0.566
0.787
0.975
0.998
0.961
0.779
0.878
0.922
0.885
0.867
0.866
0.869
0.909
0.894
0.918
0.954
0.965
0.982
0.917
0.899
0.896
0.938
0.857
0.831
0.85
0.95
0.971
0.919
0.923
0.871
0.823
0.843
0.887
0.707
0.484
0.599
0.764
0.649
0.64
0.687
0.559
0.757
0.8
0.805
0.788
0.836
0.866
0.974
0.936
0.896
0.827
0.932
0.898
0.736
0.813
0.894
0.973
0.96
0.867
0.838
0.815
0.89
0.885
0.854
0.9
0.925
0.871
0.971
0.979
0.968
0.884
0.934
0.888
0.874
0.888
0.86
0.816
0.731
0.767
0.766
0.912
0.683
0.771
0.859
0.919
0.846
0.981
0.967
0.895
0.832
0.778
0.816
0.822
0.806
0.875
0.993
0.931
0.794
0.779
0.778
0.803
0.73
0.727
0.868
0.827
0.747
0.853
0.729
0.824
0.83
0.86
0.842
0.705
0.796
0.809
0.833
0.637
0.591
0.778
0.919
0.84
0.689
0.687
0.677
0.822
0.653
0.727
0.728
0.824
0.829
0.775
0.603
0.636
0.634
0.576
0.583
0.712
0.735
0.663
0.706
0.698
0.628
0.709
0.8
0.673
0.633
0.608
0.812
0.87
0.807
0.707
0.675
0.735
0.806
0.685
0.843
0.749
0.715
0.813
0.904
0.89
0.709
0.799
0.854
0.794
0.758
0.74
0.707
0.746
0.771
0.771
0.744
0.686
0.72
0.709
0.737
0.839
0.811
0.742
0.702
0.763
0.736
0.712
0.755
0.805
0.826
0.878
0.84
0.777
0.789
0.753
0.792
0.799
0.775
0.762
0.786
0.785
0.817
0.742
0.811
0.823
0.693
0.68
0.797
0.832
0.78
0.76
0.705
0.637
0.677
0.776
0.787
0.768
0.783
0.828
0.844
0.78
0.756
0.816
0.771
0.824
0.744
0.766
0.79
0.699
0.682
0.793
0.805
0.759
0.779
0.71
0.708
0.803
0.808
0.752
0.718
0.835
0.747
0.639
0.654
0.764
0.705
0.663
0.709
0.706
0.688
0.67
0.73
0.885
0.819
0.863
0.793
0.707
0.778
0.824
0.661
0.693
0.755
0.628
0.648
0.593
0.695
0.84
0.747
0.747
0.692
0.792
0.703
0.823
0.742
0.8
0.785
0.844
0.894
0.86
0.797
0.831
0.749
0.633
0.734
0.636
0.702
0.687
0.565
0.667
0.689
0.83
0.705
0.633
0.703
0.714
0.629
0.56
0.785
0.911
0.813
0.829
0.947
0.811
0.652
0.603
0.568
0.579
0.618
0.741
0.725
0.619
0.764
0.895
0.796
0.741
0.815
0.839
0.845
0.78
0.77
0.719
0.595
0.596
0.698
0.721
0.899
0.984
0.873
0.803
0.941
0.843
0.886
0.647
0.623
0.618
0.633
0.704
0.826
0.82
0.921
0.788
0.877
0.817
0.826
0.875
0.912
0.982
0.944
0.942
0.824
0.759
0.767
0.87
0.682
0.657
0.57
0.706
0.913
0.894
0.886
0.93
0.863
0.814
0.9
0.895
0.885
0.84
0.904
0.759
0.816
0.833
0.902
0.788
0.931
0.886
0.954
0.941
0.936
0.867
0.968
0.975
0.909
0.872
0.876
0.916
0.977
1.011
0.908
0.759
0.82
0.899
0.777
0.76
0.859
0.895
0.948
1.011
1.001
0.999
0.934
1.045
0.98
0.847
0.874
0.686
0.708
0.809
0.806
0.871
0.833
0.868
0.893
0.892
0.881
0.869
0.962
1.043
0.962
0.943
0.868
0.924
0.792
0.713
0.77
0.791
0.892
0.787
0.95
0.923
0.839
0.887
0.84
0.798
0.865
0.906
0.877
0.923
0.894
0.837
0.883
0.714
0.724
0.903
0.65
0.737
0.811
0.804
0.771
0.599
0.461
0.793
0.749
0.704
0.865
0.763
0.62
0.669
0.74
0.672
0.858
0.775
0.77
0.714
0.648
0.596
0.607
0.756
0.7
0.776
0.939
0.755
0.645
0.69
0.9
0.746
0.938
0.848
0.783
0.724
0.709
0.619
0.661
0.629
0.573
0.56
0.52
0.474
0.571
0.673
0.688
0.776
0.806
0.854
0.874
0.886
0.66
0.539
0.818
0.782
0.707
0.823
0.791
0.697
0.579
0.673
0.768
0.6
0.611
0.846
0.816
0.779
0.734
0.741
0.676
0.528
0.528
0.599
0.624
0.745
0.805
0.699
0.585
0.607
0.658
0.71
0.713
0.634
0.61
0.556
0.535
0.706
0.688
0.738
0.619
0.496
0.569
0.657
0.719
0.708
0.699
0.665
0.618
0.628
0.633
0.679
0.731
0.65
0.769
0.879
0.95
0.834
0.869
0.748
0.793
0.848
0.761
0.752
0.834
0.807
0.77
0.763
0.752
0.785
0.794
0.772
0.703
0.737
0.751
0.83
0.808
0.754
0.691
0.751
0.694
0.746
0.769
0.804
0.872
0.792
0.782
0.774
0.764
0.808
0.745
0.727
0.75
0.739
0.785
0.756
0.84
0.826
0.674
0.713
0.678
0.789
0.791
0.907
0.862
0.868
0.829
0.806
0.742
0.788
0.764
0.761
0.809
0.879
0.814
0.713
0.768
0.779
0.76
0.777
0.809
0.796
0.688
0.799
0.777
0.678
0.684
0.677
0.73
0.755
0.715
0.636
0.675
0.676
0.689
0.609
0.618
0.645
0.604
0.592
0.732
0.652
0.529
0.51
0.507
0.554
0.621
0.765
0.767
0.746
0.899
0.764
0.755
0.601
0.75
0.737
0.684
0.768
0.691
0.58
0.618
0.653
0.7
0.635
0.595
0.548
0.616
0.699
0.704
0.593
0.476
0.471
0.824
0.785
0.658
0.579
0.604
0.632
0.735
0.692
0.611
0.559
0.514
0.589
0.788
0.979
0.743
0.632
0.833
0.908
0.859
0.645
0.624
0.898
0.829
0.747
0.719
0.762
0.839
0.871
0.787
0.832
0.766
0.685
0.633
0.55
0.614
0.607
0.668
0.689
0.552
0.886
0.829
0.621
0.715
0.679
0.579
0.64
0.838
0.93
0.95
0.952
0.841
0.93
0.985
0.939
0.856
0.903
0.954
0.992
0.951
0.952
0.945
0.885
0.79
0.761
0.728
0.871
0.931
0.884
0.889
0.81
0.882
0.865
0.592
0.682
0.963
0.689
0.839
0.75
0.787
0.951
0.968
0.925
0.945
0.935
0.989
0.948
0.859
0.839
0.973
0.942
0.95
0.906
0.949
0.997
0.939
0.892
0.921
0.939
0.931
0.954
0.937
0.909
0.957
0.906
0.978
0.982
0.924
0.834
0.909
0.727
0.782
0.865
0.867
0.9
0.939
0.826
0.714
0.829
0.839
0.968
0.91
0.847
0.759
0.767
0.84
0.888
0.774
0.837
0.802
0.789
0.905
0.962
0.952
0.789
0.493
0.531
0.589
0.85
0.936
0.965
0.937
0.685
0.674
0.713
0.665
0.554
0.521
0.579
0.613
0.724
0.733
0.727
0.693
0.78
0.752
0.743
0.663
0.537
0.497
0.638
0.873
0.883
0.826
0.744
0.781
0.731
0.668
0.805
0.452
0.614
0.692
0.819
0.961
0.869
0.889
0.805
0.834
0.768
0.607
0.604
0.75
0.879
0.772
0.863
0.878
0.823
0.688
0.707
0.723
0.642
0.697
0.742
0.617
0.797
0.779
0.772
0.67
0.691
0.861
0.696
0.591
0.596
0.814
0.835
0.858
0.775
0.774
0.77
0.712
0.643
0.832
0.932
0.777
0.655
0.638
0.631
0.708
0.824
0.945
0.829
0.74
0.855
0.864
0.836
0.677
0.858
0.859
0.808
0.847
0.762
0.772
0.775
0.881
0.851
0.841
0.806
0.794
0.655
0.649
0.583
0.612
0.63
0.611
0.675
0.706
0.738
0.728
0.742
0.757
0.768
0.774
0.801
0.805
0.806
0.825
0.786
0.749
0.669
0.753
0.809
0.821
0.775
0.776
0.733
0.728
0.728
0.718
0.776
0.797
0.792
0.738
0.814
0.789
0.755
0.79
0.861
0.817
0.813
0.791
0.821
0.846
0.816
0.828
0.808
0.748
0.759
0.765
0.837
0.848
0.85
0.868
0.839
0.838
0.909
0.905
0.85
0.853
0.862
0.83
0.826
0.832
0.804
0.81
0.867
0.852
0.803
0.785
0.787
0.746
0.811
0.812
0.781
0.757
0.83
0.811
0.826
0.81
0.824
0.693
0.665
0.698
0.633
0.651
0.817
0.946
0.841
0.717
0.623
0.833
0.799
0.749
0.707
0.732
0.85
0.701
0.66
0.876
0.905
0.873
0.629
0.641
0.667
0.661
0.597
0.589
0.608
0.637
0.69
0.611
0.766
0.836
0.96
0.932
0.807
0.772
0.712
0.689
0.618
0.673
0.661
0.821
0.665
0.633
0.544
0.567
0.662
0.829
0.794
0.681
0.609
0.642
0.651
0.677
0.825
0.812
0.787
0.761
0.909
0.902
0.901
0.852
0.64
0.656
0.739
0.844
0.765
0.58
0.76
0.945
0.76
0.872
0.896
0.875
0.929
0.936
0.952
0.917
0.925
0.903
0.885
0.87
0.854
0.886
0.897
0.918
0.856
0.812
0.832
0.824
0.867
0.852
0.905
0.871
0.556
0.561
0.672
0.868
0.782
0.773
0.81
0.922
0.971
0.988
0.965
0.941
0.97
0.969
0.951
0.91
0.97
0.956
0.939
0.943
0.908
0.902
0.933
0.966
0.999
0.973
1.003
0.996
0.914
0.941
0.929
0.901
0.89
0.944
0.951
0.877
0.896
0.946
1.012
1.039
0.972
1.093
0.994
0.925
1.043
0.866
0.921
0.983
0.975
0.978
0.859
0.864
0.946
0.871
0.877
0.859
0.82
0.852
0.823
0.78
0.743
0.833
0.895
0.946
0.982
0.979
0.932
0.931
0.817
0.866
0.937
0.903
0.886
0.937
0.872
0.895
0.916
0.984
0.957
0.988
0.766
0.622
0.781
1.001
0.979
0.747
0.793
0.786
0.647
0.752
0.896
0.979
0.866
0.701
0.723
0.72
0.708
0.665
0.613
0.72
0.819
0.729
0.669
0.695
0.856
0.944
0.91
0.899
0.889
0.745
0.835
0.561
0.648
0.796
0.86
0.777
0.86
0.838
0.723
0.736
0.825
0.766
0.661
0.727
0.697
0.747
0.721
0.565
0.662
0.835
0.82
0.9
0.838
0.712
0.638
0.67
0.761
0.76
0.824
0.972
0.808
0.775
0.802
0.71
0.731
0.978
0.947
0.774
0.654
0.731
0.925
0.876
0.86
0.848
0.966
0.881
0.816
0.994
0.786
0.671
0.557
0.85
0.924
0.876
0.827
0.774
0.775
0.826
0.676
0.734
0.918
0.736
0.802
0.955
0.905
0.803
0.685
0.59
0.664
0.871
0.83
0.783
0.777
0.843
0.86
0.871
0.875
0.823
0.781
0.814
0.795
0.78
0.728
0.719
0.776
0.816
0.835
0.852
0.811
0.812
0.769
0.794
0.841
0.684
0.675
0.741
0.75
0.789
0.741
0.727
0.793
0.714
0.645
0.652
0.732
0.761
0.781
0.729
0.606
0.722
0.787
0.752
0.802
0.838
0.795
0.831
0.867
0.787
0.69
0.866
0.784
0.792
0.808
0.809
0.748
0.764
0.846
0.859
0.838
0.847
0.809
0.756
0.752
0.797
0.839
0.842
0.836
0.819
0.742
0.739
0.811
0.808
0.787
0.817
0.845
0.756
0.74
0.761
0.808
0.807
0.793
0.818
0.776
0.69
0.74
0.757
0.804
0.746
0.728
0.719
0.678
0.703
0.683
0.743
0.74
0.907
0.92
0.856
0.82
0.829
0.756
0.8
0.879
0.922
0.93
0.925
0.884
0.791
0.745
0.637
0.854
0.842
0.817
0.804
0.725
0.83
0.899
0.922
0.717
0.719
0.766
0.811
0.765
0.707
0.681
0.685
0.719
0.82
0.974
0.882
0.762
0.712
0.669
0.714
0.758
0.745
0.749
0.92
0.774
0.856
0.85
0.855
0.892
0.801
0.68
0.85
0.87
0.767
0.786
0.839
0.65
0.651
0.633
0.78
0.742
0.728
0.87
0.958
0.861
0.808
0.85
0.911
0.845
0.826
0.834
0.852
0.832
0.824
0.853
0.78
0.705
0.841
0.858
0.793
0.871
0.928
0.922
0.825
0.893
0.868
0.919
0.94
0.757
0.868
0.876
0.789
0.882
0.884
0.93
0.905
0.845
0.945
0.99
0.912
0.833
0.823
0.931
0.938
0.86
0.625
0.799
0.854
0.901
0.965
0.957
0.706
0.865
0.919
0.905
0.948
0.933
0.935
0.948
1.016
0.985
0.995
0.974
0.661
0.643
0.847
0.933
0.914
0.834
0.804
0.835
0.853
0.902
0.951
0.786
0.831
0.933
0.989
0.968
0.944
0.891
0.91
0.964
0.857
0.962
0.955
0.893
0.933
0.904
0.949
0.927
0.892
0.961
0.939
0.898
0.873
0.909
0.82
0.808
0.86
0.909
0.795
0.91
0.886
0.888
0.851
0.745
0.877
0.861
0.923
0.9
0.852
0.83
0.819
0.869
0.938
0.829
0.953
0.936
0.801
0.873
0.938
0.864
0.723
0.825
0.833
0.78
0.731
0.645
0.633
0.9
0.597
0.587
0.6
0.855
0.715
0.706
0.789
0.857
0.811
0.668
0.854
0.856
0.719
0.757
0.962
0.926
0.778
0.617
0.476
0.613
0.708
0.798
0.763
0.686
0.666
0.516
0.555
0.668
0.908
0.912
0.686
0.567
0.74
0.862
0.729
0.563
0.534
0.629
0.754
0.806
0.775
0.742
0.634
0.71
0.845
0.619
0.616
0.816
0.742
0.961
0.768
0.705
0.747
0.618
0.806
0.891
0.795
0.663
0.74
0.622
0.733
0.741
0.739
0.694
0.785
0.792
0.786
0.697
0.676
0.614
0.641
0.978
0.834
0.701
0.724
0.887
0.87
0.951
0.984
0.949
0.937
0.779
0.668
0.705
0.74
0.77
0.69
0.605
0.608
0.772
0.803
0.739
0.642
0.788
0.821
0.844
0.78
0.763
0.768
0.761
0.643
0.728
0.755
0.802
0.706
0.686
0.779
0.819
0.845
0.826
0.833
0.822
0.768
0.711
0.763
0.777
0.866
0.775
0.699
0.702
0.73
0.774
0.788
0.782
0.761
0.813
0.776
0.687
0.801
0.924
0.86
0.837
0.766
0.846
0.823
0.811
0.8
0.738
0.654
0.734
0.811
0.821
0.821
0.786
0.688
0.696
0.673
0.759
0.848
0.876
0.922
0.925
0.803
0.896
0.871
0.868
0.948
0.825
0.911
0.911
0.898
0.838
0.904
0.897
0.864
0.833
0.847
0.884
0.828
0.861
0.833
0.808
0.849
0.769
0.733
0.771
0.817
0.86
0.879
0.896
0.888
0.843
0.825
0.773
0.829
0.783
0.847
0.707
0.714
0.913
0.804
0.71
0.865
0.8
0.787
0.811
0.724
0.784
0.714
0.773
0.798
0.676
0.702
0.723
0.704
0.693
0.702
0.681
0.729
0.75
0.658
0.669
0.833
0.777
0.693
0.739
0.75
0.677
0.624
0.718
0.653
0.692
0.615
0.633
0.923
0.943
0.905
0.759
0.763
0.707
0.772
0.833
0.89
0.78
0.782
0.761
0.733
0.876
0.831
0.845
0.87
0.712
0.668
0.635
0.915
0.95
0.914
0.854
0.948
0.912
0.895
0.878
0.937
0.806
0.702
0.814
0.858
0.777
0.897
0.985
0.973
0.858
0.764
0.896
0.931
0.805
0.849
0.946
0.93
0.954
0.985
0.968
0.899
0.857
0.935
0.887
0.733
0.821
0.773
0.931
0.925
0.848
0.947
0.966
0.99
0.983
0.885
0.86
0.711
0.754
0.904
0.779
0.846
0.853
0.874
0.958
0.946
0.97
1.003
0.983
0.957
0.813
0.599
0.776
0.944
0.877
0.952
0.965
0.966
0.937
0.888
0.881
0.868
0.93
0.966
0.976
0.901
0.861
0.899
0.859
0.92
0.908
0.83
0.706
0.74
0.803
0.794
0.775
0.835
0.902
0.885
0.784
0.777
0.934
0.941
0.809
0.804
0.742
0.821
0.989
1.011
0.979
0.94
0.904
0.821
0.841
0.867
0.862
0.787
0.814
0.772
0.816
0.832
0.904
0.9
0.847
0.763
0.76
0.927
0.98
0.651
0.658
0.703
0.776
0.756
0.676
0.605
0.812
0.983
0.969
0.991
0.96
0.87
0.78
0.684
0.649
0.812
0.737
0.753
0.801
0.77
0.787
0.802
0.772
0.767
0.827
0.697
0.6
0.548
0.794
0.952
0.763
0.618
0.591
0.597
0.858
0.852
0.902
0.819
0.64
0.843
0.797
0.622
0.716
0.648
0.608
0.654
0.905
0.752
0.687
0.799
0.901
0.859
0.861
0.866
0.844
0.736
0.743
0.78
0.898
0.831
0.856
0.908
0.853
0.815
0.749
0.631
0.729
0.623
0.509
0.589
0.661
0.657
0.668
0.678
0.814
0.828
0.743
0.619
0.673
0.701
0.665
0.755
0.705
0.669
0.767
0.701
0.736
0.676
0.673
0.604
0.806
0.857
0.879
0.839
0.782
0.818
0.831
0.818
0.819
0.745
0.785
0.74
0.779
0.758
0.745
0.733
0.738
0.771
0.78
0.788
0.781
0.807
0.798
0.698
0.673
0.784
0.799
0.759
0.816
0.83
0.795
0.752
0.669
0.638
0.65
0.7
0.797
0.861
0.802
0.69
0.772
0.804
0.845
0.838
0.828
0.77
0.724
0.714
0.74
0.814
0.835
0.748
0.773
0.687
0.654
0.731
0.885
0.899
0.879
0.855
0.819
0.863
0.856
0.824
0.848
0.798
0.774
0.806
0.799
0.814
0.82
0.794
0.752
0.809
0.832
0.827
0.88
0.873
0.832
0.759
0.78
0.826
0.846
0.793
0.707
0.785
0.718
0.732
0.688
0.783
0.831
0.794
0.782
0.702
0.72
0.745
0.714
0.7
0.752
0.883
0.827
0.719
0.725
0.783
0.807
0.841
0.689
0.679
0.781
0.788
0.747
0.762
0.608
0.65
0.699
0.63
0.874
0.855
0.819
0.809
0.906
0.878
0.817
0.708
0.689
0.694
0.681
0.762
0.701
0.653
0.75
0.781
0.776
0.683
0.777
0.708
0.69
0.619
0.613
0.572
0.649
0.801
0.772
0.849
0.802
0.77
0.735
0.76
0.754
0.665
0.641
0.684
0.702
0.747
0.942
0.692
0.661
0.669
0.683
0.803
0.772
0.815
0.73
0.803
0.739
0.688
0.691
0.727
0.716
0.588
0.816
0.741
0.725
0.867
0.848
0.812
0.652
0.85
0.916
0.896
0.913
0.862
0.756
0.72
0.71
0.783
0.668
0.63
0.85
0.716
0.802
0.813
0.842
0.832
0.906
0.979
0.93
0.578
0.705
0.77
0.775
0.866
0.941
0.975
0.788
0.803
0.692
0.758
0.953
0.868
0.864
1.012
0.978
0.977
0.926
0.931
0.893
0.986
0.979
0.889
0.908
0.998
0.97
0.925
0.852
0.861
0.938
0.958
0.842
0.897
0.936
0.902
0.892
0.955
0.897
0.874
0.865
0.861
0.977
0.876
0.884
0.856
0.845
0.939
0.982
0.922
0.755
0.901
0.891
0.676
0.762
0.647
0.702
0.892
0.749
0.678
0.638
0.554
0.534
0.697
0.851
0.931
0.864
0.909
0.948
0.868
0.764
0.931
0.79
0.708
0.922
0.843
0.85
0.902
0.877
0.869
0.848
0.827
0.841
0.855
0.822
0.854
0.848
0.793
0.657
0.713
0.738
0.648
0.695
0.682
0.69
0.642
0.546
0.627
0.486
0.528
0.89
0.84
0.772
0.814
0.808
0.738
0.685
0.71
0.871
0.75
0.839
0.773
0.657
0.551
0.664
0.946
0.899
0.875
0.778
0.8
0.847
0.83
0.885
0.69
0.585
0.553
0.602
0.731
0.678
0.576
0.555
0.555
0.543
0.505
0.686
0.787
0.651
0.716
0.812
0.609
0.654
0.684
0.779
0.906
0.722
0.702
0.724
0.739
0.755
0.6
0.581
0.712
0.864
0.868
0.729
0.756
0.619
0.57
0.591
0.543
0.697
0.788
0.789
0.796
0.688
0.704
0.73
0.685
0.681
0.562
0.617
0.649
0.658
0.716
0.782
0.714
0.673
0.708
0.623
0.594
0.623
0.616
0.616
0.597
0.721
0.767
0.693
0.785
0.82
0.797
0.687
0.811
0.798
0.778
0.769
0.767
0.769
0.72
0.666
0.743
0.785
0.658
0.643
0.741
0.722
0.679
0.705
0.73
0.788
0.8
0.81
0.836
0.804
0.764
0.792
0.728
0.707
0.727
0.763
0.772
0.774
0.749
0.829
0.747
0.719
0.732
0.767
0.692
0.761
0.833
0.728
0.766
0.791
0.774
0.828
0.912
0.751
0.704
0.753
0.8
0.801
0.811
0.711
0.661
0.679
0.821
0.883
0.856
0.815
0.772
0.697
0.703
0.684
0.619
0.636
0.572
0.536
0.665
0.782
0.767
0.598
0.581
0.524
0.438
0.47
0.576
0.521
0.412
0.588
0.586
0.483
0.47
0.66
0.71
0.503
0.398
0.491
0.639
0.476
0.483
0.706
0.844
0.756
0.59
0.572
0.827
0.892
0.703
0.704
0.657
0.818
0.956
0.927
0.724
0.544
0.767
0.774
0.654
0.733
0.913
0.794
0.639
0.625
0.568
0.638
0.783
0.732
0.63
0.545
0.683
0.662
0.611
0.573
0.679
0.659
0.84
0.754
0.612
0.637
0.685
0.609
0.581
0.706
0.73
0.807
0.748
0.743
0.732
0.658
0.721
0.663
0.597
0.602
0.795
0.767
0.764
0.73
0.735
0.753
0.915
0.824
0.777
0.741
0.708
0.756
0.816
0.689
0.811
0.928
0.879
0.787
0.717
0.707
0.847
0.765
0.805
0.929
0.963
0.943
0.822
0.774
0.742
0.872
0.904
0.589
0.833
0.839
0.761
0.833
0.904
0.813
0.838
0.97
0.967
0.944
0.856
0.983
0.989
1.007
0.797
0.807
0.882
0.754
0.849
0.937
0.814
0.768
0.853
0.775
0.795
0.816
0.729
0.81
0.819
0.903
0.802
0.805
0.927
0.757
0.63
0.695
0.635
0.695
0.726
0.939
0.848
0.804
0.637
0.838
0.946
0.713
0.666
0.734
0.657
0.69
0.847
0.932
0.647
0.804
0.97
0.817
0.863
0.616
0.878
0.943
0.951
0.849
0.811
0.756
0.82
0.894
0.837
0.857
0.683
0.542
0.682
0.703
0.621
0.542
0.643
0.56
0.577
0.624
0.628
0.796
0.823
0.821
0.677
0.63
0.621
0.784
0.688
0.525
0.786
0.935
0.894
0.801
0.731
0.719
0.7
0.547
0.709
0.673
0.772
0.648
0.559
0.489
0.798
0.85
0.836
0.569
0.596
0.796
0.933
0.688
0.659
0.751
0.756
0.609
0.695
0.735
0.708
0.849
0.86
0.817
0.85
0.878
0.873
0.671
0.65
0.616
0.544
0.501
0.589
0.51
0.575
0.763
0.823
0.668
0.733
0.742
0.704
0.699
0.774
0.765
0.781
0.624
0.759
0.794
0.668
0.557
0.613
0.696
0.739
0.931
0.802
0.716
0.698
0.772
0.706
0.628
0.614
0.841
0.969
0.847
0.772
0.775
0.724
0.728
0.75
0.707
0.895
0.794
0.64
0.658
0.63
0.684
0.73
0.828
0.783
0.75
0.785
0.8
0.834
0.917
0.762
0.741
0.802
0.728
0.742
0.784
0.805
0.781
0.771
0.7
0.773
0.727
0.692
0.731
0.822
0.865
0.793
0.74
0.724
0.659
0.751
0.808
0.817
0.696
0.726
0.771
0.839
0.845
0.802
0.826
0.857
0.799
0.804
0.782
0.733
0.745
0.748
0.781
0.751
0.763
0.807
0.859
0.855
0.842
0.842
0.836
0.826
0.716
0.902
0.827
0.832
0.876
0.857
0.826
0.796
0.755
0.778
0.843
0.832
0.877
0.947
0.803
0.753
0.749
0.781
0.881
0.836
0.779
0.78
0.848
0.864
0.838
0.838
0.839
0.845
0.818
0.838
0.89
0.786
0.763
0.726
0.821
0.849
0.872
0.885
0.839
0.778
0.818
0.866
0.787
0.742
0.724
0.699
0.73
0.841
0.768
0.901
0.949
0.865
0.812
0.752
0.789
0.675
0.701
0.714
0.735
0.765
0.867
0.968
0.917
0.753
0.796
0.746
0.699
0.648
0.589
0.599
0.606
0.789
0.813
0.889
0.792
0.702
0.677
0.672
0.713
0.676
0.86
0.896
0.79
0.775
0.811
0.754
0.68
0.593
0.585
0.552
0.633
0.686
0.656
0.643
0.875
0.946
0.962
0.911
0.79
0.846
0.881
0.802
0.733
0.744
0.788
0.729
0.677
0.678
0.851
0.849
0.794
0.814
0.881
0.95
0.952
0.87
0.904
0.91
0.839
0.721
0.844
0.751
0.768
0.566
0.874
0.949
0.84
0.907
0.985
0.912
0.896
0.954
0.925
0.982
0.995
0.826
0.887
0.883
0.867
0.8
0.87
0.845
0.816
0.866
0.92
0.874
0.951
0.946
0.944
0.952
0.924
0.912
0.965
0.978
0.967
0.989
0.95
0.911
0.944
0.941
0.935
0.987
0.984
1.004
0.964
0.944
0.954
0.963
0.887
0.897
0.95
0.953
0.977
0.856
0.884
0.92
0.918
0.933
0.956
0.954
0.875
0.82
0.816
0.844
0.963
0.95
0.879
0.834
0.97
0.877
0.582
0.696
0.836
0.966
0.934
0.903
0.61
0.552
0.615
0.834
0.681
0.781
0.907
0.868
0.901
0.748
0.765
0.559
0.589
0.815
0.826
0.751
0.762
0.725
0.851
0.768
0.872
0.758
0.77
0.841
0.926
0.784
0.738
0.904
0.943
0.811
0.645
0.639
0.696
0.721
0.664
0.69
0.65
0.721
0.721
0.585
0.662
0.826
0.787
0.801
0.655
0.648
0.69
0.638
0.909
0.814
0.722
0.701
0.83
0.89
0.74
0.738
0.643
0.839
0.873
0.706
0.694
0.583
0.846
0.872
0.811
0.756
0.787
0.589
0.544
0.616
0.593
0.512
0.51
0.58
0.636
0.621
0.595
0.78
0.663
0.773
0.789
0.584
0.601
0.693
0.81
0.632
0.615
0.93
0.894
0.84
0.781
0.72
0.666
0.822
0.9
0.684
0.815
0.802
0.812
0.838
0.841
0.806
0.732
0.639
0.817
0.854
0.88
0.813
0.847
0.955
0.832
0.658
0.607
0.685
0.746
0.703
0.671
0.71
0.727
0.751
0.636
0.596
0.656
0.72
0.786
0.857
0.765
0.669
0.606
0.687
0.698
0.683
0.681
0.765
0.783
0.722
0.792
0.841
0.77
0.662
0.751
0.791
0.678
0.702
0.747
0.729
0.684
0.71
0.608
0.641
0.733
0.795
0.799
0.78
0.796
0.81
0.783
0.782
0.804
0.824
0.704
0.8
0.883
0.804
0.767
0.723
0.807
0.839
0.784
0.691
0.713
0.791
0.8
0.832
0.855
0.819
0.822
0.801
0.725
0.629
0.778
0.814
0.833
0.84
0.886
0.73
0.857
0.87
0.817
0.792
0.859
0.798
0.766
0.681
0.712
0.842
0.779
0.664
0.706
0.755
0.69
0.639
0.718
0.778
0.838
0.815
0.718
0.618
0.718
0.763
0.687
0.638
0.665
0.805
0.925
0.827
0.786
0.833
0.767
0.93
0.922
0.807
0.819
0.829
0.797
0.688
0.667
0.685
0.615
0.678
0.942
0.813
0.666
0.624
0.628
0.722
0.863
0.954
0.895
0.899
0.743
0.853
0.759
0.639
0.682
0.688
0.744
0.873
0.886
0.936
0.818
0.699
0.752
0.661
0.653
0.711
0.619
0.611
0.773
0.721
0.633
0.718
0.637
0.618
0.711
0.771
0.746
0.755
0.65
0.627
0.741
0.717
0.788
0.794
0.747
0.876
0.797
0.667
0.632
0.655
0.815
0.862
0.768
0.875
0.85
0.974
0.946
0.852
0.816
0.787
0.788
0.705
0.724
0.862
0.86
0.834
0.748
0.755
0.908
0.938
0.978
0.869
0.846
0.974
0.924
0.908
0.707
0.688
0.708
0.872
0.632
0.658
0.83
0.903
0.906
0.866
0.828
0.829
0.933
0.848
0.859
0.916
0.857
0.923
0.936
0.904
0.939
0.946
0.955
0.919
0.916
0.87
0.924
0.746
0.796
0.742
0.856
0.915
0.951
0.884
0.898
0.979
0.754
0.651
0.701
0.822
0.935
0.992
0.968
0.989
0.678
0.843
0.872
0.882
0.876
0.823
0.847
0.821
0.893
0.897
0.847
0.794
0.725
0.74
0.857
0.839
0.771
0.761
0.924
0.892
0.892
0.768
0.73
0.71
0.96
0.699
0.555
0.739
0.813
0.925
0.589
0.774
0.759
0.812
0.792
0.844
0.577
0.484
0.716
0.826
0.816
0.873
0.885
0.762
0.868
0.84
0.932
0.869
0.551
0.665
0.726
0.919
0.965
0.948
0.874
0.838
0.82
0.716
0.733
0.865
0.92
0.711
0.721
0.727
0.669
0.882
0.936
0.791
0.724
0.785
0.896
0.908
0.864
0.78
0.786
0.775
0.787
0.891
0.836
0.924
0.784
0.728
0.745
0.686
0.764
0.925
0.872
0.751
0.708
0.906
0.706
0.633
0.651
0.841
0.883
0.945
0.877
0.696
0.714
0.922
0.977
0.805
0.754
0.859
0.916
0.848
0.74
0.731
0.725
0.635
0.732
0.829
0.891
0.816
0.718
0.749
0.796
0.823
0.788
0.726
0.696
0.817
0.879
0.828
0.946
0.816
0.754
0.728
0.73
0.746
0.794
0.817
0.824
0.841
0.782
0.717
0.671
0.688
0.751
0.695
0.705
0.688
0.69
0.666
0.762
0.793
0.804
0.666
0.771
0.828
0.782
0.757
0.757
0.745
0.705
0.635
0.65
0.765
0.788
0.679
0.615
0.642
0.663
0.672
0.75
0.74
0.781
0.778
0.738
0.736
0.785
0.842
0.79
0.753
0.797
0.825
0.831
0.842
0.834
0.741
0.733
0.777
0.741
0.78
0.771
0.794
0.76
0.711
0.623
0.605
0.668
0.763
0.7
0.746
0.797
0.749
0.757
0.757
0.856
0.798
0.657
0.819
0.866
0.887
0.803
0.703
0.697
0.795
0.809
0.7
0.708
0.738
0.702
0.725
0.642
0.631
0.588
0.508
0.428
0.384
0.434
0.597
0.484
0.366
0.561
0.808
0.723
0.493
0.595
0.774
0.847
0.811
0.71
0.708
0.59
0.638
0.858
0.977
0.836
0.727
0.744
0.769
0.771
0.801
0.814
0.815
0.651
0.674
0.578
0.582
0.649
0.761
0.806
0.751
0.561
0.662
0.798
0.624
0.734
0.8
0.671
0.676
0.642
0.808
0.737
0.861
0.93
0.828
0.722
0.805
0.829
0.757
0.684
0.587
0.649
0.76
0.757
0.902
0.728
0.73
0.864
0.956
0.861
0.818
0.746
0.752
0.869
0.878
0.876
0.754
0.827
0.673
0.85
0.929
0.883
0.844
0.785
0.767
0.885
0.871
0.873
0.852
0.66
0.737
0.896
0.865
0.928
0.908
0.962
0.952
0.861
0.908
0.858
0.958
0.953
0.976
0.94
0.91
0.914
0.934
0.985
0.89
0.73
0.808
0.691
0.814
0.959
0.949
0.959
0.973
1.001
0.962
0.973
0.95
0.932
0.953
0.939
0.946
0.953
0.937
0.979
0.939
0.909
0.767
0.825
0.792
0.731
0.754
0.897
0.875
0.844
0.849
0.866
0.834
0.821
0.747
0.868
0.877
0.895
0.77
0.933
0.957
0.942
0.987
0.988
0.998
0.966
0.968
0.715
0.838
0.875
0.796
0.816
0.93
0.786
0.81
0.834
0.922
0.895
0.891
0.933
0.965
0.987
0.97
0.908
0.999
0.939
0.914
0.806
0.828
0.99
0.982
0.982
0.987
0.844
0.927
0.94
0.893
0.932
0.889
0.805
0.731
0.808
0.842
0.956
0.9
0.757
0.811
0.766
0.876
0.892
0.87
0.924
0.835
0.798
0.679
0.783
0.791
0.636
0.7
0.878
0.64
0.701
0.783
0.753
0.809
0.95
0.96
0.694
0.889
0.928
0.878
0.831
0.748
0.687
0.713
0.606
0.614
0.619
0.81
0.887
0.815
0.759
0.812
0.869
0.707
0.494
0.604
0.686
0.468
0.566
0.669
0.664
0.744
0.922
0.834
0.686
0.833
0.775
0.844
0.884
0.899
0.845
0.848
0.898
0.716
0.645
0.858
0.849
0.831
0.89
0.86
0.871
0.819
0.734
0.813
0.785
0.784
0.771
0.74
0.733
0.7
0.802
0.909
0.786
0.628
0.832
0.933
0.832
0.69
0.822
0.802
0.771
0.706
0.825
0.912
0.908
0.788
0.717
0.806
0.87
0.817
0.78
0.776
0.703
0.631
0.609
0.617
0.722
0.773
0.76
0.682
0.756
0.747
0.73
0.712
0.695
0.779
0.817
0.809
0.818
0.821
0.887
0.88
0.835
0.793
0.696
0.69
0.796
0.805
0.733
0.822
0.721
0.706
0.857
0.851
0.839
0.783
0.765
0.824
0.862
0.898
0.753
0.722
0.81
0.816
0.839
0.831
0.837
0.84
0.834
0.828
0.804
0.83
0.827
0.824
0.834
0.837
0.797
0.829
0.866
0.83
0.774
0.719
0.76
0.858
0.888
0.762
0.704
0.861
0.886
0.843
0.831
0.849
0.835
0.799
0.974
0.954
0.901
0.866
0.808
0.722
0.748
0.814
0.848
0.837
0.797
0.783
0.825
0.85
0.859
0.707
0.657
0.727
0.879
0.776
0.693
0.91
0.817
0.838
0.771
0.693
0.834
0.779
0.839
0.736
0.693
0.688
0.653
0.846
0.736
0.652
0.661
0.705
0.69
0.774
0.753
0.757
0.601
0.771
0.781
0.825
0.753
0.621
0.765
0.726
0.778
0.8
0.758
0.667
0.829
0.892
0.773
0.788
0.818
0.738
0.786
0.888
0.864
0.83
0.76
0.875
0.878
0.696
0.662
0.576
0.584
0.891
0.918
0.762
0.608
0.753
0.928
0.863
0.933
0.889
0.787
0.811
0.865
0.812
0.848
0.608
0.792
0.911
0.922
0.839
0.791
0.755
0.618
0.622
0.684
0.856
0.95
0.89
0.894
0.923
0.952
0.909
0.671
0.66
0.911
0.967
0.934
0.881
0.896
0.928
0.875
0.865
0.866
0.948
0.965
0.92
0.934
0.848
0.755
0.889
0.879
0.777
0.813
0.965
0.962
0.963
0.957
0.881
0.779
0.844
0.869
0.779
0.879
0.954
0.925
0.881
0.921
0.85
0.923
0.963
0.853
0.798
0.855
0.857
0.79
0.897
0.875
0.961
0.981
0.896
0.866
0.882
0.885
0.947
0.923
0.961
0.934
0.916
0.971
0.941
0.911
0.907
0.929
0.833
0.897
0.93
0.924
0.882
0.842
0.834
0.865
0.858
0.92
0.9
0.832
0.849
0.918
0.871
0.859
0.804
0.65
0.682
0.85
0.874
0.838
0.939
0.91
0.866
0.774
0.803
0.862
0.729
0.784
0.594
0.577
0.799
0.728
0.874
0.896
0.919
0.88
0.866
0.784
0.641
0.675
0.798
0.886
0.9
0.891
0.843
0.841
0.957
0.953
0.913
0.904
0.804
0.766
0.626
0.608
0.768
0.775
0.779
0.71
0.733
0.813
0.916
0.752
0.6
0.646
0.758
0.739
0.729
0.837
0.801
0.878
0.862
0.678
0.789
0.741
0.746
0.673
0.651
0.817
0.839
0.954
0.736
0.694
0.777
0.736
0.835
0.758
0.74
0.729
0.749
0.736
0.744
0.798
0.918
0.819
0.789
0.799
0.821
0.842
0.862
0.808
0.794
0.781
0.838
0.81
0.816
0.841
0.778
0.788
0.838
0.696
0.694
0.739
0.68
0.652
0.686
0.721
0.77
0.771
0.86
0.959
0.901
0.829
0.817
0.781
0.8
0.825
0.823
0.796
0.683
0.748
0.777
0.706
0.72
0.902
0.728
0.708
0.78
0.748
0.679
0.738
0.73
0.82
0.823
0.806
0.798
0.797
0.82
0.8
0.784
0.798
0.867
0.838
0.841
0.815
0.764
0.769
0.836
0.791
0.774
0.793
0.847
0.836
0.772
0.797
0.92
0.941
0.881
0.81
0.854
0.864
0.816
0.745
0.815
0.864
0.878
0.787
0.77
0.728
0.774
0.858
0.859
0.826
0.81
0.79
0.753
0.743
0.742
0.842
0.882
0.94
0.859
0.792
0.82
0.816
0.835
0.857
0.869
0.865
0.881
0.915
0.786
0.758
0.771
0.815
0.819
0.789
0.798
0.86
0.939
0.901
0.745
0.711
0.77
0.774
0.774
0.802
0.822
0.879
0.798
0.737
0.717
0.671
0.616
0.643
0.738
0.746
0.722
0.709
0.753
0.848
0.693
0.669
0.783
0.555
0.606
0.656
0.591
0.566
0.705
0.706
0.677
0.751
0.727
0.858
0.849
0.889
0.803
0.614
0.805
0.944
0.938
0.881
0.837
0.899
0.861
0.701
0.659
0.781
0.784
0.865
0.81
0.658
0.794
0.936
0.837
0.908
0.75
0.701
0.784
0.676
0.604
0.595
0.78
0.798
0.744
0.678
0.587
0.783
0.923
0.959
0.975
0.925
0.841
0.817
0.954
1.002
0.91
0.734
0.687
0.803
0.791
0.831
0.861
0.816
0.817
0.774
0.866
0.929
0.983
0.876
0.878
0.974
0.867
0.9
0.871
0.85
0.904
0.877
0.879
0.902
0.94
0.801
0.918
0.951
0.949
0.93
0.968
0.941
0.946
0.9
0.962
0.991
0.974
0.926
0.973
0.988
0.937
0.963
0.972
0.936
0.966
0.987
0.973
0.985
0.994
0.912
0.936
0.783
0.833
0.758
0.712
0.93
0.896
0.876
0.898
0.861
0.972
0.97
0.965
0.911
0.909
0.882
0.968
0.967
0.948
0.957
0.955
0.928
0.898
0.817
0.827
0.963
0.97
0.898
0.912
0.898
0.795
0.948
0.935
0.894
0.717
0.563
0.747
0.865
0.926
0.955
0.887
0.885
0.893
0.877
0.866
0.926
0.937
0.834
0.878
0.945
0.923
0.871
0.877
0.684
0.613
0.738
0.934
0.901
0.809
0.724
0.726
0.78
0.773
0.797
0.856
0.936
0.86
0.828
0.935
0.875
0.813
0.823
0.783
0.906
0.813
0.717
0.794
0.811
0.886
0.751
0.696
0.661
0.72
0.835
0.849
0.724
0.65
0.668
0.721
0.71
0.635
0.677
0.608
0.595
0.6
0.626
0.712
0.865
0.91
0.971
0.874
0.747
0.839
0.822
0.734
0.817
0.879
0.732
0.726
0.836
0.67
0.617
0.555
0.633
0.645
0.611
0.72
0.709
0.893
0.808
0.809
0.796
0.772
0.688
0.666
0.789
0.874
0.66
0.69
0.845
0.866
0.815
0.681
0.675
0.684
0.704
0.616
0.624
0.651
0.799
0.873
0.809
0.757
0.691
0.619
0.665
0.711
0.721
0.771
0.802
0.848
0.772
0.791
0.811
0.765
0.788
0.786
0.729
0.631
0.746
0.64
0.65
0.679
0.64
0.688
0.703
0.745
0.731
0.797
0.796
0.764
0.748
0.775
0.768
0.754
0.764
0.685
0.639
0.615
0.759
0.794
0.857
0.836
0.858
0.824
0.824
0.805
0.738
0.798
0.791
0.756
0.772
0.827
0.77
0.928
0.81
0.732
0.725
0.731
0.718
0.71
0.693
0.728
0.835
0.799
0.787
0.75
0.802
0.8
0.817
0.801
0.812
0.883
0.894
0.809
0.74
0.779
0.813
0.838
0.819
0.774
0.82
0.773
0.75
0.79
0.914
0.77
0.714
0.945
0.9
0.768
0.706
0.737
0.637
0.723
0.717
0.719
0.751
0.778
0.728
0.66
0.632
0.659
0.711
0.75
0.875
0.954
0.808
0.743
0.762
0.604
0.71
0.875
0.838
0.802
0.859
0.81
0.689
0.765
0.63
0.674
0.759
0.765
0.732
0.717
0.755
0.887
0.91
0.879
0.901
0.9
0.873
0.855
0.775
0.68
0.712
0.658
0.64
0.61
0.806
0.853
0.848
0.714
0.914
0.896
0.738
0.701
0.699
0.61
0.65
0.737
0.787
0.693
0.611
0.648
0.803
0.82
0.77
0.786
0.865
0.651
0.646
0.579
0.714
0.662
0.961
0.9
0.624
0.649
0.616
0.669
0.794
0.798
0.779
0.895
0.796
0.803
0.783
0.855
0.893
0.761
0.763
0.847
0.827
0.948
0.936
0.911
0.868
0.918
0.934
0.959
0.961
0.932
0.908
0.902
0.968
0.96
0.853
0.913
0.906
0.922
0.948
0.986
0.951
0.939
0.96
0.973
0.954
0.933
0.987
0.968
0.977
0.923
0.895
0.971
0.937
0.938
0.807
0.828
0.881
0.86
0.856
0.928
0.824
0.863
0.893
0.784
0.83
0.975
0.917
0.85
0.919
0.903
0.741
0.84
0.785
0.843
0.785
0.761
0.768
0.886
0.835
0.835
0.814
0.871
0.968
0.952
0.912
0.854
0.874
0.842
0.818
0.909
0.907
0.879
0.865
0.854
0.803
0.903
0.861
0.497
0.628
0.679
0.738
0.774
0.811
0.821
0.77
0.643
0.773
0.842
0.748
0.892
0.839
0.785
0.799
0.865
0.85
0.784
0.977
0.91
0.874
0.924
0.863
0.811
0.699
0.675
0.756
0.623
0.69
0.733
0.596
0.68
0.787
0.737
0.729
0.793
0.685
0.782
0.814
0.701
0.768
0.808
0.797
0.816
0.748
0.752
0.664
0.855
0.853
0.717
0.642
0.616
0.699
0.709
0.732
0.773
0.694
0.794
0.756
0.669
0.582
0.661
0.642
0.688
0.779
0.78
0.662
0.599
0.623
0.62
0.673
0.77
0.719
0.773
0.72
0.727
0.792
0.599
0.538
0.667
0.738
0.843
0.894
0.849
0.856
0.933
0.867
0.79
0.778
0.878
0.779
0.737
0.725
0.613
0.575
0.761
0.837
0.789
0.72
0.683
0.637
0.698
0.792
0.844
0.777
0.784
0.611
0.532
0.624
0.732
0.76
0.775
0.704
0.76
0.745
0.684
0.59
0.573
0.668
0.752
0.771
0.714
0.786
0.815
0.846
0.75
0.67
0.792
0.801
0.754
0.755
0.692
0.702
0.725
0.782
0.798
0.798
0.701
0.664
0.658
0.759
0.815
0.8
0.844
0.832
0.817
0.838
0.768
0.738
0.806
0.787
0.8
0.801
0.839
0.736
0.733
0.776
0.781
0.844
0.858
0.834
0.832
0.823
0.83
0.834
0.866
0.842
0.751
0.81
0.85
0.844
0.802
0.837
0.84
0.745
0.713
0.819
0.798
0.753
0.756
0.805
0.849
0.86
0.745
0.724
0.786
0.782
0.78
0.783
0.826
0.932
0.953
0.9
0.871
0.837
0.873
0.898
0.769
0.741
0.758
0.718
0.725
0.725
0.842
0.856
0.831
0.789
0.783
0.785
0.775
0.707
0.762
0.799
0.8
0.699
0.839
0.855
0.819
0.717
0.606
0.614
0.789
0.699
0.794
0.75
0.697
0.78
0.805
0.827
0.668
0.689
0.704
0.655
0.741
0.792
0.701
0.577
0.635
0.599
0.625
0.962
0.882
0.942
0.857
0.72
0.854
0.834
0.805
0.737
0.629
0.888
0.848
0.656
0.748
0.828
0.765
0.66
0.746
0.711
0.706
0.678
0.839
0.928
0.832
0.842
0.965
0.845
0.836
0.797
0.863
0.989
0.886
0.825
0.907
0.79
0.699
0.742
0.773
0.648
0.69
0.785
0.792
0.707
0.859
0.911
0.971
0.778
0.735
0.639
0.788
0.798
0.857
0.588
0.41
0.516
0.637
0.74
0.885
0.852
0.845
0.817
0.927
0.868
0.783
0.77
0.868
0.987
0.923
0.906
0.915
0.968
0.859
0.788
0.824
0.845
0.929
0.898
0.836
0.813
0.867
0.99
0.964
0.885
0.877
0.82
0.691
0.789
0.904
0.988
0.943
0.973
0.856
0.715
0.77
0.865
0.788
0.895
0.972
0.92
0.952
0.851
0.871
0.935
0.911
0.851
0.899
0.861
0.914
0.922
0.748
0.68
0.727
0.799
0.864
0.886
0.89
0.888
0.894
0.903
0.937
0.889
0.9
0.901
0.96
0.903
0.965
0.903
0.958
0.955
0.865
0.903
0.964
0.964
0.93
0.879
0.922
0.851
0.819
0.818
0.812
0.591
0.824
0.854
0.808
0.828
0.732
0.649
0.786
0.86
0.848
0.748
0.804
0.709
0.823
0.873
0.87
0.877
0.966
0.934
0.827
0.758
0.781
0.823
0.608
0.602
0.709
0.866
0.734
0.73
0.943
0.771
0.734
0.763
0.851
0.835
0.709
0.843
0.952
0.803
0.683
0.809
0.738
0.771
0.768
0.842
0.689
0.491
0.543
0.7
0.813
0.882
0.897
0.922
0.841
0.727
0.725
0.81
0.837
0.749
0.758
0.773
0.632
0.61
0.684
0.67
0.709
0.642
0.811
0.733
0.593
0.694
0.799
0.843
0.698
0.617
0.764
0.784
0.714
0.628
0.602
0.697
0.692
0.728
0.708
0.666
0.648
0.574
0.595
0.686
0.725
0.782
0.871
0.727
0.681
0.749
0.767
0.579
0.547
0.616
0.642
0.627
0.642
0.539
0.636
0.621
0.707
0.683
0.635
0.679
0.603
0.668
0.736
0.711
0.715
0.804
0.74
0.613
0.617
0.648
0.598
0.708
0.789
0.691
0.622
0.667
0.725
0.734
0.789
0.678
0.722
0.627
0.728
0.623
0.69
0.792
0.82
0.78
0.653
0.616
0.61
0.712
0.709
0.762
0.811
0.773
0.813
0.77
0.624
0.655
0.698
0.703
0.696
0.853
0.826
0.823
0.799
0.766
0.836
0.718
0.682
0.699
0.568
0.628
0.737
0.672
0.622
0.805
0.978
0.939
0.886
0.785
0.773
0.839
0.838
0.773
0.734
0.715
0.839
0.816
0.751
0.714
0.701
0.762
0.679
0.675
0.71
0.841
0.9
0.86
0.867
0.793
0.705
0.744
0.773
0.64
0.676
0.695
0.723
0.772
0.723
0.7
0.627
0.68
0.675
0.797
0.838
0.718
0.648
0.627
0.657
0.788
0.741
0.653
0.702
0.715
0.713
0.649
0.647
0.769
0.898
0.78
0.647
0.648
0.636
0.765
0.771
0.784
0.748
0.608
0.488
0.54
0.975
0.8
0.772
0.844
0.934
0.705
0.576
0.61
0.652
0.691
0.606
0.584
0.611
0.659
0.665
0.765
0.616
0.65
0.734
0.824
0.873
0.833
0.822
0.679
0.685
0.684
0.848
0.801
0.885
0.894
0.951
0.793
0.816
0.86
0.938
0.87
0.839
0.774
0.812
0.889
0.925
0.911
0.823
0.916
0.906
0.968
0.961
0.96
0.972
0.972
0.943
0.949
0.908
0.898
0.972
0.938
0.986
0.956
0.978
0.943
0.89
0.943
0.745
0.866
0.814
0.902
0.947
0.903
0.888
0.895
0.913
0.908
0.895
0.893
0.901
0.926
0.95
0.918
0.925
0.78
0.937
0.821
0.842
0.866
0.909
0.922
0.916
0.876
0.794
0.654
0.784
0.894
0.89
0.87
0.848
0.906
0.941
0.919
0.85
0.848
0.664
0.92
0.94
0.951
0.928
1.007
1.02
0.936
0.907
0.851
0.849
0.672
0.905
0.932
0.944
0.919
0.903
0.953
0.922
0.51
0.522
0.719
0.932
0.918
0.911
0.925
0.98
0.863
0.77
0.929
0.907
0.854
0.902
0.989
0.955
0.937
0.921
0.921
0.86
0.928
0.936
0.891
0.84
0.858
0.825
0.839
0.782
0.851
0.993
0.796
0.836
0.888
0.842
0.766
0.669
0.766
0.769
0.891
0.7
0.738
0.934
0.9
0.7
0.669
0.943
0.797
0.731
0.765
0.77
0.783
0.865
0.872
0.886
0.892
0.778
0.588
0.595
0.674
0.675
0.681
0.885
0.797
0.743
0.703
0.629
0.693
0.739
0.646
0.772
0.758
0.667
0.75
0.799
0.83
0.759
0.616
0.586
0.738
0.97
0.872
0.78
0.836
0.923
0.778
0.87
0.845
0.81
0.73
0.78
0.73
0.696
0.755
0.787
0.717
0.739
0.629
0.772
0.869
0.752
0.594
0.622
0.788
0.746
0.629
0.736
0.86
0.824
0.779
0.785
0.78
0.757
0.821
0.693
0.719
0.759
0.775
0.65
0.744
0.772
0.755
0.758
0.661
0.682
0.728
0.711
0.752
0.736
0.827
0.808
0.836
0.782
0.82
0.722
0.738
0.868
0.829
0.804
0.799
0.798
0.824
0.82
0.769
0.799
0.793
0.82
0.771
0.692
0.772
0.805
0.747
0.761
0.84
0.829
0.807
0.82
0.747
0.766
0.854
0.756
0.746
0.761
0.818
0.828
0.835
0.84
0.785
0.786
0.846
0.842
0.803
0.811
0.754
0.815
0.837
0.749
0.769
0.787
0.764
0.732
0.785
0.784
0.818
0.788
0.772
0.768
0.719
0.772
0.827
0.778
0.85
0.92
0.852
0.77
0.609
0.621
0.708
0.64
0.646
0.813
0.774
0.727
0.69
0.761
0.626
0.659
0.831
0.893
0.838
0.869
0.78
0.71
0.768
0.722
0.661
0.669
0.754
0.706
0.663
0.619
0.718
0.829
0.809
0.765
0.792
0.798
0.756
0.697
0.627
0.59
0.706
0.656
0.82
0.683
0.509
0.578
0.541
0.493
0.693
0.774
0.813
0.722
0.653
0.591
0.513
0.717
0.692
0.66
0.749
0.853
0.72
0.711
0.764
0.715
0.603
0.59
0.742
0.799
0.747
0.618
0.54
0.586
0.804
0.732
0.815
0.815
0.758
0.742
0.856
0.901
1.001
0.809
0.833
0.817
0.79
0.878
0.826
0.715
0.756
0.88
0.93
0.891
0.848
0.852
0.841
0.925
0.953
0.86
0.754
0.851
0.591
0.632
0.816
0.864
0.858
0.948
0.845
0.845
0.794
0.782
0.897
0.694
0.889
0.922
0.993
0.955
0.893
0.832
0.883
0.976
0.889
0.884
1.028
0.95
0.774
0.793
0.858
0.798
0.806
0.921
0.907
0.77
0.684
0.973
0.905
0.927
0.964
0.953
0.951
0.953
0.905
0.91
0.868
0.954
0.914
0.953
0.937
0.961
0.993
1.009
0.87
0.857
0.894
0.912
0.944
0.966
0.709
0.834
0.899
0.725
0.82
0.879
0.786
0.932
0.916
0.904
0.849
0.934
0.988
0.862
0.806
0.897
0.864
0.782
0.548
0.846
0.875
0.726
0.824
0.861
0.825
0.782
0.774
0.889
0.967
0.699
0.785
0.64
0.524
0.374
0.606
0.854
0.87
0.962
0.858
0.884
0.906
0.478
0.69
0.65
0.597
0.669
0.677
0.76
0.777
0.646
0.578
0.56
0.65
0.537
0.809
0.86
0.679
0.779
0.88
0.777
0.716
0.656
0.565
0.892
0.75
0.738
0.889
0.824
0.667
0.576
0.713
0.767
0.641
0.693
0.951
0.925
0.661
0.522
0.521
0.67
0.946
0.796
0.778
0.693
0.698
0.688
0.626
0.618
0.778
0.874
0.844
0.816
0.744
0.586
0.583
0.689
0.77
0.857
0.773
0.814
0.792
0.674
0.541
0.724
0.769
0.621
0.809
0.668
0.53
0.513
0.517
0.59
0.615
0.722
0.684
0.751
0.82
0.888
0.922
0.831
0.663
0.653
0.74
0.878
0.862
0.72
0.682
0.572
0.643
0.779
0.814
0.839
0.926
0.857
0.677
0.663
0.657
0.64
0.842
0.831
0.793
0.794
0.785
0.742
0.711
0.649
0.649
0.788
0.717
0.672
0.708
0.847
0.858
0.906
0.876
0.828
0.811
0.701
0.694
0.723
0.728
0.68
0.815
0.751
0.685
0.674
0.673
0.788
0.755
0.817
0.787
0.729
0.76
0.861
0.886
0.815
0.844
0.825
0.779
0.764
0.883
0.792
0.842
0.746
0.813
0.704
0.803
0.801
0.684
0.6
0.768
0.795
0.814
0.792
0.746
0.694
0.658
0.593
0.613
0.659
0.828
0.8
0.848
0.71
0.757
0.774
0.685
0.585
0.666
0.74
0.869
0.823
0.762
0.715
0.663
0.638
0.631
0.625
0.57
0.58
0.812
0.93
0.881
0.78
0.735
0.751
0.668
0.692
0.706
0.735
0.734
0.617
0.652
0.727
0.915
0.852
0.844
0.76
0.7
0.871
0.823
0.694
0.723
0.723
0.581
0.84
0.71
0.754
0.69
0.752
0.758
0.758
0.966
0.806
0.684
0.724
0.77
0.818
0.901
0.915
0.799
0.67
0.634
0.694
0.662
0.714
0.94
0.935
0.759
0.647
0.719
0.86
0.786
0.834
0.873
0.662
0.697
0.753
0.651
0.675
0.659
0.642
0.771
0.711
0.804
0.746
0.754
0.726
0.754
0.804
0.784
0.731
0.816
0.893
0.805
0.833
0.823
0.84
0.866
0.824
0.784
0.817
0.756
0.806
0.838
0.686
0.825
0.916
0.688
0.585
0.575
0.795
0.822
0.91
0.607
0.589
0.54
0.832
0.966
0.933
0.688
0.747
0.733
0.93
0.908
0.931
0.929
0.902
0.924
0.919
0.87
0.796
0.915
0.785
0.9
0.964
0.919
0.81
0.789
0.89
0.94
0.956
0.927
0.938
0.89
0.939
0.935
0.947
0.961
0.96
0.954
0.969
0.983
0.98
0.974
0.944
0.926
0.966
0.93
0.942
0.947
0.775
0.758
0.811
0.642
0.779
0.852
0.897
0.915
0.948
0.895
0.87
0.921
0.936
0.884
0.957
0.944
0.934
0.974
0.958
0.959
0.979
0.955
0.967
0.97
0.989
0.971
0.883
0.961
0.982
0.956
0.925
0.913
0.967
0.983
0.969
0.949
0.953
0.926
0.909
0.859
0.774
0.756
0.763
0.851
0.804
0.878
0.976
0.969
0.929
0.724
0.526
0.508
0.674
0.704
0.826
0.908
0.873
0.65
0.736
0.689
0.736
0.864
0.896
0.743
0.643
0.685
0.64
0.633
0.631
0.602
0.657
0.654
0.853
0.761
0.635
0.629
0.52
0.702
0.649
0.552
0.667
0.641
0.713
0.695
0.57
0.515
0.554
0.628
0.752
0.843
0.95
0.751
0.622
0.535
0.686
0.757
0.834
0.756
0.624
0.602
0.69
0.695
0.846
0.693
0.541
0.829
0.908
0.884
0.767
0.686
0.7
0.891
0.952
0.864
0.642
0.691
0.792
0.746
0.749
0.745
0.705
0.685
0.751
0.722
0.616
0.686
0.775
0.698
0.776
0.773
0.818
0.845
0.737
0.617
0.878
0.726
0.71
0.781
0.816
0.842
0.887
0.777
0.785
0.774
0.772
0.752
0.705
0.75
0.78
0.775
0.724
0.671
0.809
0.831
0.781
0.669
0.637
0.574
0.581
0.707
0.752
0.712
0.7
0.666
0.818
0.73
0.65
0.78
0.822
0.805
0.77
0.773
0.743
0.816
0.808
0.785
0.804
0.737
0.805
0.801
0.85
0.717
0.652
0.813
0.837
0.671
0.729
0.789
0.779
0.796
0.837
0.83
0.785
0.72
0.669
0.68
0.71
0.789
0.807
0.782
0.764
0.783
0.727
0.604
0.626
0.554
0.605
0.723
0.802
0.825
0.824
0.782
0.693
0.578
0.503
0.575
0.547
0.483
0.49
0.486
0.52
0.563
0.475
0.391
0.422
0.499
0.578
0.608
0.665
0.749
0.471
0.513
0.524
0.67
0.818
0.585
0.701
0.725
0.545
0.566
0.589
0.491
0.605
0.676
0.89
0.974
0.803
0.69
0.731
0.741
0.901
0.831
0.777
0.695
0.61
0.547
0.456
0.592
0.531
0.663
0.655
0.713
0.597
0.637
0.559
0.608
0.607
0.502
0.556
0.554
0.446
0.476
0.695
0.789
0.619
0.54
0.669
0.506
0.608
0.681
0.682
0.606
0.616
0.739
0.705
0.525
0.491
0.545
0.687
0.672
0.53
0.535
0.709
0.574
0.674
0.817
0.797
0.7
0.806
0.824
0.753
0.804
0.734
0.84
0.778
0.834
0.876
0.812
0.968
0.854
0.718
0.83
0.819
0.818
0.833
0.807
0.888
0.891
0.898
0.904
0.923
0.871
0.844
0.906
0.932
0.941
0.928
0.955
0.964
0.935
0.937
0.935
0.908
0.936
0.929
0.912
0.954
0.964
0.975
0.928
0.969
0.643
0.673
0.702
0.624
0.839
0.827
0.896
0.921
0.847
0.933
0.912
0.891
0.891
0.94
0.848
0.895
0.984
0.958
0.888
0.839
0.859
0.8
0.921
0.969
0.973
0.948
0.949
0.964
0.95
0.909
0.953
0.961
0.923
0.923
0.938
0.999
0.987
0.908
0.868
0.903
0.93
0.899
0.916
0.887
0.888
0.846
0.865
0.798
0.685
0.633
0.937
0.901
0.931
0.931
0.943
0.95
0.92
0.918
0.803
0.815
0.73
0.804
0.902
0.85
0.847
0.767
0.925
0.965
0.851
0.828
0.842
0.826
0.89
0.883
0.785
0.774
0.783
0.707
0.81
0.879
0.935
0.802
0.627
0.576
0.59
0.62
0.583
0.693
0.84
0.699
0.765
0.757
0.921
0.791
0.678
0.812
0.923
0.89
0.852
0.807
0.817
0.662
0.56
0.766
0.809
0.734
0.819
0.954
0.929
0.791
0.842
0.854
0.88
0.947
0.809
0.794
0.797
0.791
0.663
0.795
0.871
0.935
0.816
0.632
0.701
0.696
0.789
0.711
0.731
0.801
0.803
0.789
0.804
0.94
0.949
0.963
0.905
0.815
0.862
0.739
0.712
0.772
0.778
0.841
0.801
0.917
0.837
0.844
0.754
0.735
0.708
0.686
0.684
0.711
0.763
0.678
0.726
0.712
0.759
0.818
0.802
0.831
0.765
0.731
0.755
0.772
0.778
0.779
0.775
0.832
0.827
0.792
0.819
0.878
0.824
0.725
0.762
0.796
0.789
0.665
0.637
0.761
0.801
0.724
0.7
0.653
0.711
0.734
0.669
0.717
0.804
0.805
0.795
0.751
0.73
0.791
0.836
0.83
0.864
0.805
0.787
0.786
0.792
0.818
0.809
0.769
0.773
0.799
0.819
0.75
0.684
0.748
0.85
0.858
0.868
0.847
0.812
0.846
0.862
0.843
0.814
0.735
0.646
0.747
0.834
0.851
0.775
0.683
0.731
0.739
0.695
0.799
0.75
0.639
0.778
0.805
0.814
0.813
0.827
0.713
0.62
0.702
0.721
0.634
0.591
0.746
0.848
0.873
0.938
0.917
0.868
0.828
0.775
0.761
0.715
0.82
0.791
0.671
0.764
0.765
0.818
0.856
0.887
0.787
0.921
0.852
0.857
0.868
0.799
0.809
0.863
0.92
0.915
0.791
0.817
0.783
0.705
0.75
0.729
0.715
0.64
0.61
0.602
0.818
0.873
0.785
0.667
0.708
0.645
0.703
0.97
0.991
0.863
0.728
0.676
0.741
0.653
0.767
0.928
0.775
0.674
0.685
0.753
0.745
0.608
0.67
0.822
0.673
0.628
0.808
0.779
0.839
0.753
0.704
0.644
0.706
0.895
0.881
0.845
0.639
0.52
0.626
0.845
0.872
0.936
0.89
0.838
0.797
0.787
0.897
0.961
0.984
0.871
0.883
0.904
0.85
0.839
0.994
0.947
0.892
0.838
0.888
0.785
0.731
0.742
0.826
0.95
0.96
0.78
0.877
0.91
0.875
0.944
0.961
0.936
0.892
0.827
0.839
0.86
0.92
0.882
0.893
0.948
0.93
0.95
0.672
0.573
0.658
0.912
0.871
0.883
0.853
0.761
0.843
0.878
0.984
0.808
0.742
0.636
0.829
0.979
0.665
0.765
0.753
0.925
0.991
0.92
0.849
0.858
0.942
0.954
0.876
0.814
0.854
0.804
0.893
0.866
0.8
0.903
0.916
0.867
0.9
0.86
0.81
0.821
0.833
0.825
0.903
0.931
0.925
0.935
0.875
0.822
0.717
0.825
0.86
0.869
0.821
0.918
0.787
0.728
0.732
0.747
0.924
0.853
0.906
0.871
0.818
0.843
0.677
0.719
0.884
0.701
0.665
0.657
0.835
0.837
0.722
0.828
0.843
0.796
0.787
0.798
0.771
0.704
0.694
0.717
0.815
0.9
0.859
0.643
0.732
0.776
0.868
0.903
0.881
0.819
0.77
0.774
0.765
0.724
0.583
0.552
0.573
0.725
0.758
0.672
0.584
0.772
0.815
0.755
0.695
0.658
0.647
0.697
0.866
0.826
0.672
0.608
0.585
0.871
0.679
0.667
0.673
0.747
0.815
0.845
0.751
0.772
0.882
0.776
0.815
0.848
0.699
0.734
0.539
0.508
0.669
0.756
0.612
0.609
0.629
0.644
0.611
0.558
0.605
0.801
0.75
0.729
0.706
0.741
0.726
0.688
0.691
0.611
0.741
0.882
0.695
0.65
0.712
0.758
0.683
0.566
0.528
0.519
0.541
0.743
0.755
0.69
0.645
0.664
0.677
0.755
0.743
0.683
0.655
0.663
0.732
0.644
0.551
0.664
0.641
0.534
0.595
0.685
0.667
0.662
0.656
0.638
0.657
0.672
0.637
0.605
0.749
0.715
0.593
0.628
0.599
0.625
0.707
0.702
0.579
0.511
0.59
0.709
0.812
0.717
0.546
0.56
0.605
0.55
0.511
0.634
0.737
0.616
0.467
0.457
0.605
0.427
0.387
0.565
0.754
0.655
0.516
0.566
0.688
0.813
0.878
0.736
0.628
0.753
0.688
0.599
0.703
0.625
0.533
0.573
0.529
0.451
0.409
0.4
0.439
0.447
0.699
0.747
0.695
0.57
0.488
0.643
0.831
0.802
0.883
0.816
0.716
0.704
0.821
0.741
0.648
0.606
0.64
0.661
0.79
0.642
0.551
0.586
0.864
0.623
0.567
0.598
0.822
0.75
0.653
0.681
0.875
0.892
0.848
0.707
0.703
0.745
0.938
0.848
0.698
0.867
0.811
0.779
0.691
0.706
0.731
0.624
0.686
0.7
0.811
0.826
0.742
0.65
0.665
0.674
0.846
0.722
0.715
0.736
0.732
0.671
0.82
0.877
0.859
0.83
0.895
0.927
0.809
0.757
0.772
0.769
0.732
0.734
0.761
0.807
0.728
0.724
0.588
0.764
0.68
0.648
0.789
0.765
0.752
0.721
0.668
0.667
0.677
0.705
0.765
0.692
0.632
0.765
0.694
0.653
0.687
0.719
0.809
0.875
0.921
0.915
0.829
0.773
0.917
0.968
0.953
0.929
0.749
0.719
0.692
0.717
0.737
0.859
0.911
0.881
0.817
0.855
0.87
0.774
0.809
0.935
0.966
0.953
0.956
0.963
0.979
0.943
0.908
0.937
0.918
0.947
0.923
0.967
0.956
0.942
0.916
0.894
0.856
0.908
0.955
0.962
0.855
0.682
0.67
0.725
0.571
0.662
0.72
0.456
0.381
0.745
0.712
0.67
0.796
0.853
0.96
0.93
0.836
0.855
0.528
0.718
0.863
0.882
0.964
0.935
0.916
0.948
0.912
0.826
0.874
0.786
0.76
0.813
0.817
0.494
0.629
0.543
0.813
0.483
0.603
0.932
0.953
0.842
0.794
0.928
0.963
0.949
0.9
0.821
0.714
0.777
0.677
0.912
0.913
0.85
0.789
0.769
0.869
0.881
0.745
0.687
0.672
0.94
0.718
0.882
0.829
0.669
0.571
0.73
0.715
0.776
0.892
0.878
0.821
0.731
0.664
0.548
0.72
0.728
0.579
0.607
0.444
0.602
0.595
0.648
0.735
0.771
0.847
0.983
0.94
0.859
0.785
0.817
0.866
0.851
0.824
0.834
0.699
0.66
0.637
0.597
0.896
0.754
0.584
0.526
0.822
0.873
0.783
0.727
0.685
0.65
0.602
0.641
0.653
0.766
0.766
0.626
0.71
0.828
0.723
0.656
0.62
0.701
0.62
0.634
0.755
0.785
0.761
0.731
0.729
0.773
0.792
0.71
0.616
0.746
0.803
0.742
0.699
0.716
0.774
0.765
0.798
0.696
0.713
0.865
0.867
0.761
0.688
0.856
0.799
0.734
0.82
0.77
0.693
0.76
0.753
0.721
0.755
0.661
0.611
0.691
0.716
0.7
0.743
0.776
0.804
0.803
0.8
0.824
0.885
0.9
0.827
0.778
0.856
0.843
0.842
0.802
0.833
0.84
0.85
0.833
0.835
0.828
0.802
0.779
0.762
0.77
0.797
0.845
0.831
0.825
0.83
0.858
0.825
0.706
0.855
0.83
0.803
0.719
0.77
0.817
0.775
0.818
0.763
0.681
0.751
0.867
0.839
0.827
0.686
0.794
0.739
0.759
0.743
0.639
0.601
0.665
0.712
0.713
0.601
0.661
0.732
0.716
0.629
0.586
0.543
0.6
0.675
0.707
0.612
0.574
0.631
0.634
0.651
0.477
0.496
0.483
0.437
0.594
0.672
0.518
0.511
0.578
0.67
0.555
0.454
0.669
0.599
0.614
0.67
0.661
0.798
0.739
0.798
0.739
0.708
0.712
0.714
0.683
0.749
0.833
0.712
0.65
0.673
0.8
0.81
0.808
0.836
0.642
0.63
0.587
0.687
0.763
0.759
0.741
0.755
0.742
0.791
0.694
0.808
0.646
0.61
0.658
0.673
0.646
0.681
0.6
0.684
0.642
0.721
0.757
0.909
0.826
0.833
0.764
0.592
0.667
0.726
0.835
0.606
0.583
0.679
0.67
0.687
0.702
0.528
0.536
0.83
0.903
0.752
0.621
0.63
0.669
0.931
0.778
0.478
0.569
0.742
0.779
0.66
0.776
0.786
0.825
0.862
0.872
0.907
0.893
0.816
0.825
0.892
0.952
0.867
0.908
0.861
0.885
0.971
0.981
0.929
0.974
0.95
0.935
0.969
1.011
0.914
0.874
0.617
0.803
0.905
0.813
0.787
0.838
0.777
0.774
0.899
0.955
0.807
0.882
0.924
1.078
0.751
0.929
0.964
0.969
0.945
0.94
0.893
0.925
0.787
0.712
0.956
0.891
0.948
0.968
0.898
0.813
0.859
0.84
0.863
0.777
0.92
0.765
0.765
0.841
0.726
0.905
0.972
0.919
0.927
0.947
0.925
0.88
0.893
0.945
0.861
0.83
0.826
0.924
0.913
0.871
0.925
0.911
0.92
0.876
0.878
0.871
0.726
0.797
0.762
0.777
0.686
0.607
0.609
0.566
0.905
0.854
0.883
0.86
0.83
0.761
0.833
0.839
0.796
0.858
0.976
0.882
0.794
0.84
0.679
0.592
0.743
0.941
0.869
0.775
0.764
0.704
0.417
0.579
0.545
0.535
0.822
0.921
0.809
0.573
0.638
0.699
0.865
0.945
0.779
0.585
0.768
0.838
0.733
0.628
0.753
0.589
0.699
0.708
0.926
0.592
0.586
0.628
0.694
0.567
0.494
0.664
0.704
0.5
0.752
0.661
0.699
0.755
0.824
0.888
0.797
0.818
0.746
0.628
0.642
0.689
0.688
0.687
0.685
0.739
0.589
0.693
0.718
0.771
0.819
0.783
0.697
0.554
0.482
0.614
0.73
0.682
0.682
0.647
0.523
0.556
0.679
0.779
0.796
0.709
0.621
0.615
0.728
0.734
0.769
0.78
0.618
0.556
0.724
0.79
0.764
0.808
0.79
0.724
0.68
0.648
0.697
0.647
0.701
0.791
0.796
0.801
0.717
0.728
0.761
0.793
0.744
0.726
0.705
0.773
0.779
0.756
0.703
0.785
0.699
0.556
0.64
0.752
0.775
0.706
0.731
0.705
0.604
0.756
0.697
0.7
0.695
0.622
0.507
0.815
0.794
0.72
0.646
0.643
0.667
0.53
0.474
0.715
0.769
0.689
0.72
0.547
0.444
0.616
0.594
0.539
0.564
0.663
0.533
0.437
0.494
0.548
0.81
0.833
0.736
0.636
0.555
0.531
0.753
0.718
0.62
0.607
0.597
0.694
0.668
0.642
0.592
0.52
0.556
0.624
0.499
0.467
0.722
0.685
0.651
0.515
0.452
0.515
0.689
0.516
0.493
0.535
0.601
0.767
0.708
0.723
0.569
0.556
0.732
0.505
0.541
0.569
0.534
0.607
0.64
0.524
0.515
0.458
0.548
0.572
0.536
0.474
0.63
0.625
0.515
0.652
0.784
0.582
0.607
0.799
0.686
0.603
0.69
0.646
0.616
0.764
0.811
0.886
0.864
0.736
0.792
0.67
0.734
0.878
0.79
0.766
0.628
0.616
0.58
0.538
0.64
0.616
0.687
0.726
0.811
0.662
0.447
0.605
0.724
0.825
0.833
0.717
0.71
0.576
0.65
0.796
0.687
0.626
0.593
0.694
0.936
0.774
0.859
0.827
0.82
0.953
0.862
0.934
0.714
0.705
0.82
0.769
0.627
0.898
0.886
0.653
0.83
0.701
0.854
0.928
0.841
0.566
0.876
0.865
0.717
0.835
0.877
0.927
0.871
0.942
0.845
0.755
0.852
0.819
0.759
0.759
0.939
0.988
0.861
0.846
0.884
0.916
0.705
0.605
0.482
0.446
0.577
0.887
0.977
0.695
0.8
0.81
0.835
0.83
0.803
0.885
0.961
0.931
0.916
0.96
0.945
0.961
0.952
0.942
0.959
0.974
0.947
0.942
0.937
0.966
0.925
0.937
0.938
0.918
0.893
0.881
0.938
0.971
0.95
0.949
0.858
0.923
0.927
0.912
0.98
0.944
1.001
0.919
0.842
0.872
0.736
0.889
0.925
0.88
0.821
0.765
0.952
0.95
0.835
0.898
0.879
0.895
0.809
0.747
0.959
0.91
0.942
0.965
0.791
0.855
0.979
0.985
0.907
0.894
0.895
0.754
0.821
0.929
0.81
0.774
0.807
0.581
0.565
0.702
0.708
0.637
0.546
0.688
0.846
0.9
0.756
0.616
0.51
0.714
0.735
0.693
0.748
0.931
0.747
0.622
0.701
0.955
0.926
0.881
0.823
0.739
0.607
0.687
0.633
0.503
0.739
0.766
0.544
0.705
0.891
0.621
0.739
0.691
0.644
0.695
0.717
0.806
0.749
0.644
0.818
0.752
0.584
0.543
0.641
0.774
0.813
0.679
0.632
0.63
0.651
0.671
0.769
0.743
0.664
0.724
0.802
0.789
0.741
0.755
0.778
0.664
0.605
0.526
0.551
0.689
0.73
0.719
0.743
0.756
0.749
0.939
0.859
0.825
0.786
0.742
0.696
0.806
0.762
0.753
0.738
0.663
0.715
0.709
0.802
0.77
0.785
0.837
0.85
0.842
0.817
0.808
0.803
0.734
0.779
0.732
0.744
0.781
0.896
0.896
0.81
0.799
0.827
0.83
0.793
0.749
0.673
0.754
0.815
0.911
0.936
0.864
0.766
0.811
0.836
0.848
0.869
0.76
0.848
0.836
0.825
0.808
0.827
0.774
0.679
0.717
0.754
0.811
0.724
0.75
0.784
0.797
0.753
0.77
0.795
0.832
0.796
0.807
0.784
0.801
0.823
0.81
0.831
0.852
0.836
0.799
0.82
0.818
0.765
0.81
0.802
0.824
0.832
0.719
0.643
0.736
0.815
0.816
0.874
0.82
0.728
0.717
0.793
0.782
0.78
0.792
0.772
0.781
0.773
0.729
0.706
0.703
0.763
0.693
0.719
0.822
0.777
0.694
0.663
0.621
0.628
0.729
0.812
0.744
0.687
0.715
0.691
0.7
0.648
0.645
0.702
0.807
0.844
0.815
0.738
0.745
0.826
0.829
0.764
0.771
0.722
0.652
0.747
0.716
0.572
0.605
0.737
0.71
0.564
0.649
0.615
0.644
0.481
0.448
0.49
0.614
0.691
0.717
0.754
0.621
0.663
0.952
0.76
0.803
0.741
0.766
0.624
0.596
0.706
0.774
0.762
0.681
0.617
0.583
0.849
0.779
0.851
0.643
0.651
0.626
0.646
0.625
0.621
0.831
0.51
0.544
0.772
0.608
0.814
0.704
0.645
0.847
0.958
0.837
0.847
0.932
0.862
0.783
0.777
0.757
0.712
0.792
0.845
0.905
0.86
0.785
0.869
0.865
0.788
0.857
0.821
0.819
0.703
0.533
0.583
0.797
0.921
0.97
0.815
0.699
0.856
1.006
0.919
0.901
0.911
0.87
0.752
0.713
0.824
0.672
0.589
0.551
0.519
0.764
0.958
0.982
0.808
0.88
0.86
0.977
0.946
0.932
0.742
0.585
0.569
0.791
0.897
0.898
0.777
0.872
0.8
0.895
0.767
0.76
0.842
0.738
0.93
0.904
0.775
0.887
0.828
0.654
0.649
0.676
0.843
0.925
0.767
0.678
0.763
0.669
0.735
0.932
0.942
0.879
0.832
0.789
0.702
0.831
0.797
0.74
0.981
0.958
0.837
0.83
0.816
0.779
0.851
0.729
0.604
0.886
0.9
0.865
0.79
0.778
0.779
0.967
0.883
0.728
0.83
0.889
0.866
0.754
0.585
0.655
0.779
0.651
0.7
0.671
0.745
0.833
0.863
0.763
0.768
0.895
0.748
0.612
0.866
0.827
0.755
0.622
0.831
0.587
0.64
0.889
0.777
0.812
0.732
0.944
0.734
0.648
0.695
0.666
0.581
0.549
0.509
0.592
0.607
0.689
0.779
0.789
0.639
0.645
0.781
0.821
0.856
0.905
0.879
0.893
0.923
0.827
0.694
0.814
0.718
0.666
0.694
0.711
0.917
0.869
0.803
0.79
0.85
0.743
0.638
0.75
0.743
0.609
0.599
0.829
0.686
0.63
0.555
0.605
0.749
0.736
0.684
0.712
0.693
0.613
0.658
0.687
0.647
0.688
0.803
0.692
0.719
0.68
0.613
0.636
0.703
0.688
0.654
0.637
0.741
0.78
0.733
0.588
0.55
0.722
0.706
0.649
0.842
0.725
0.608
0.687
0.704
0.758
0.715
0.584
0.697
0.7
0.611
0.824
0.813
0.77
0.77
0.745
0.765
0.738
0.668
0.721
0.757
0.755
0.736
0.791
0.703
0.734
0.692
0.622
0.651
0.761
0.725
0.712
0.707
0.65
0.584
0.605
0.643
0.709
0.693
0.655
0.612
0.561
0.576
0.59
0.59
0.475
0.485
0.568
0.634
0.706
0.721
0.766
0.879
0.87
0.879
0.856
0.79
0.76
0.772
0.803
0.732
0.61
0.671
0.783
0.711
0.652
0.747
0.701
0.57
0.637
0.745
0.688
0.61
0.547
0.519
0.621
0.6
0.635
0.72
0.763
0.751
0.571
0.578
0.818
0.727
0.674
0.801
0.788
0.716
0.592
0.561
0.587
0.639
0.724
0.621
0.697
0.535
0.795
0.873
0.914
0.834
0.766
0.736
0.69
0.651
0.683
0.637
0.683
0.7
0.667
0.608
0.593
0.738
0.594
0.67
0.745
0.724
0.719
0.714
0.867
0.897
0.75
0.706
0.764
0.704
0.74
0.842
0.8
0.76
0.893
0.787
0.74
0.658
0.753
0.744
0.677
0.706
0.612
0.737
0.828
0.686
0.731
0.726
0.651
0.672
0.684
0.78
0.719
0.659
0.793
0.686
0.732
0.719
0.622
0.841
0.851
0.803
0.745
0.708
0.886
0.857
0.752
0.765
0.791
0.759
0.814
0.875
0.814
0.614
0.752
0.684
0.886
0.925
0.889
0.894
0.847
0.873
0.969
0.962
0.904
0.884
0.841
0.854
0.864
0.899
0.943
1.028
0.923
0.767
0.878
0.8
0.663
0.851
0.94
0.994
0.892
0.696
0.714
0.656
0.695
0.825
0.9
0.914
0.995
0.745
0.676
0.697
0.741
0.984
0.945
0.869
0.95
0.889
0.88
1.003
0.944
0.902
0.879
0.84
0.766
0.804
0.704
0.884
0.855
0.659
0.618
0.517
0.507
0.823
0.956
0.924
0.782
0.718
0.809
0.904
0.68
0.634
0.79
0.661
0.653
0.737
0.787
0.713
0.741
0.849
0.867
0.799
0.834
0.514
0.617
0.83
0.867
0.724
0.592
0.473
0.551
0.792
0.903
0.577
0.587
0.6
0.387
0.445
0.537
0.85
0.617
0.603
0.577
0.927
0.849
0.817
0.791
0.579
0.482
0.787
0.831
0.933
0.857
0.879
0.793
0.826
0.924
0.828
0.633
0.757
0.906
0.812
0.953
0.784
0.643
0.565
0.66
0.726
0.746
0.691
0.649
0.622
0.694
0.646
0.538
0.698
0.751
0.785
0.766
0.618
0.596
0.784
0.753
0.702
0.733
0.932
0.851
0.796
0.819
0.759
0.859
1.007
0.825
0.739
0.67
0.606
0.696
0.861
0.831
0.714
0.731
0.672
0.672
0.727
0.69
0.803
0.885
0.829
0.766
0.652
0.81
0.859
0.801
0.854
0.822
0.723
0.657
0.651
0.677
0.604
0.586
0.575
0.754
0.787
0.802
0.673
0.623
0.649
0.702
0.745
0.734
0.699
0.729
0.658
0.625
0.728
0.735
0.71
0.69
0.69
0.903
0.779
0.698
0.685
0.708
0.646
0.771
0.819
0.841
0.731
0.739
0.721
0.755
0.781
0.8
0.806
0.682
0.812
0.868
0.831
0.843
0.828
0.864
0.805
0.784
0.797
0.796
0.781
0.815
0.792
0.843
0.843
0.828
0.771
0.775
0.843
0.8
0.765
0.71
0.714
0.731
0.812
0.829
0.823
0.81
0.821
0.77
0.73
0.738
0.821
0.858
0.802
0.747
0.786
0.81
0.847
0.851
0.831
0.754
0.77
0.813
0.799
0.749
0.681
0.652
0.746
0.847
0.815
0.79
0.829
0.745
0.854
0.789
0.706
0.826
0.783
0.804
0.768
0.734
0.692
0.716
0.697
0.857
0.918
0.799
0.745
0.693
0.709
0.771
0.736
0.688
0.66
0.595
0.592
0.588
0.55
0.589
0.693
0.592
0.664
0.526
0.47
0.537
0.621
0.797
0.897
0.703
0.74
0.887
0.794
0.845
0.868
0.749
0.669
0.819
0.719
0.556
0.603
0.641
0.545
0.611
0.595
0.737
0.845
0.774
0.674
0.687
0.855
0.844
0.785
0.679
0.696
0.889
0.88
0.805
0.893
0.917
0.791
0.782
0.693
0.593
0.51
0.636
0.843
0.772
0.853
0.894
0.789
0.963
0.914
0.666
0.688
0.75
0.693
0.716
0.759
0.761
0.772
0.682
0.701
0.833
0.815
0.781
0.807
0.723
0.788
0.559
0.624
0.532
0.58
0.741
0.718
0.8
0.591
0.897
0.909
0.893
0.887
0.945
0.874
0.81
0.726
0.899
0.939
0.869
0.861
0.773
0.798
0.731
0.842
0.882
0.85
0.861
0.872
0.884
0.837
0.725
0.778
0.835
0.936
0.999
0.975
0.986
1.05
0.78
0.72
0.917
0.896
0.879
0.907
0.93
0.919
0.954
0.983
0.954
0.895
0.764
0.761
0.859
0.857
0.916
0.563
0.63
0.769
0.425
0.483
0.749
0.89
0.89
0.914
0.861
0.933
0.96
0.97
0.854
0.914
0.919
0.976
0.976
0.729
0.83
0.965
0.921
0.972
0.901
0.99
0.978
0.828
0.669
0.579
0.807
0.981
0.821
0.759
0.737
0.688
0.755
0.815
0.591
0.634
0.632
0.692
0.694
0.741
0.662
0.698
0.625
0.607
0.625
0.58
0.686
0.788
0.655
0.689
0.698
0.591
0.636
0.865
0.929
0.975
0.889
0.759
0.807
0.707
0.951
0.943
0.634
0.709
0.581
0.596
0.616
0.735
0.707
0.788
0.762
0.87
1.01
0.91
0.801
0.812
0.812
0.701
0.556
0.582
0.712
0.889
0.908
0.766
0.618
0.821
0.663
0.573
0.653
0.729
0.819
0.787
0.669
0.702
0.758
0.634
0.656
0.759
0.835
0.894
0.91
0.848
0.804
0.81
0.77
0.81
0.823
0.826
0.805
0.842
0.82
0.682
0.571
0.67
0.736
0.632
0.66
0.779
0.841
0.789
0.89
0.838
0.74
0.7
0.751
0.703
0.704
0.775
0.855
0.888
0.814
0.798
0.679
0.577
0.682
0.708
0.713
0.824
0.829
0.829
0.855
0.889
0.807
0.815
0.79
0.822
0.818
0.719
0.764
0.76
0.774
0.716
0.734
0.716
0.796
0.695
0.725
0.754
0.763
0.761
0.674
0.689
0.7
0.715
0.765
0.789
0.751
0.673
0.795
0.833
0.849
0.887
0.808
0.784
0.756
0.789
0.793
0.721
0.714
0.81
0.841
0.781
0.778
0.765
0.749
0.779
0.812
0.817
0.817
0.812
0.735
0.732
0.717
0.766
0.816
0.84
0.867
0.835
0.794
0.787
0.855
0.827
0.746
0.704
0.808
0.867
0.812
0.794
0.806
0.854
0.806
0.758
0.768
0.743
0.716
0.678
0.795
0.812
0.89
0.954
0.942
0.87
0.808
0.862
0.822
0.824
0.783
0.809
0.78
0.763
0.765
0.738
0.781
0.687
0.895
0.864
0.814
0.636
0.706
0.718
0.693
0.724
0.773
0.785
0.824
0.906
0.849
0.831
0.778
0.719
0.765
0.859
0.778
0.784
0.677
0.849
0.644
0.678
0.635
0.631
0.706
0.678
0.642
0.722
0.684
0.629
0.723
0.955
0.945
0.843
0.684
0.844
0.976
0.937
0.816
0.707
0.813
0.827
0.723
0.721
0.852
0.694
0.663
0.694
0.805
0.629
0.834
0.941
0.934
0.902
0.956
0.89
0.77
0.664
0.713
0.905
0.899
0.941
0.764
0.78
0.811
0.915
0.959
0.869
0.857
0.77
0.749
0.752
0.693
0.661
0.757
0.89
0.866
0.867
0.889
0.878
0.913
0.909
0.88
0.858
0.802
0.928
0.998
0.897
0.855
0.765
0.742
0.76
0.814
0.928
0.849
0.777
0.943
0.974
0.902
0.813
0.799
0.83
0.893
0.823
0.92
0.768
0.524
0.739
0.743
0.941
0.927
0.957
0.945
0.934
0.956
0.936
0.913
0.794
0.9
0.95
0.953
0.785
0.825
0.87
0.939
0.887
0.753
0.792
0.881
1.023
0.906
0.924
0.939
1.017
1.046
0.885
0.469
0.57
0.915
0.973
0.749
0.721
0.865
0.682
0.782
0.863
0.658
0.901
0.867
0.751
0.843
0.934
0.576
0.462
0.641
0.646
0.627
0.773
0.751
0.658
0.538
0.535
0.615
0.53
0.696
0.897
0.75
0.664
0.635
0.879
0.89
0.811
0.686
0.714
0.613
0.594
0.84
0.844
0.679
0.639
0.812
0.595
0.518
0.704
0.916
0.977
0.806
0.618
0.608
0.662
0.638
0.833
0.838
0.776
0.77
0.662
0.716
0.767
0.795
0.679
0.866
0.841
0.74
0.799
0.79
0.97
0.957
0.816
0.669
0.752
0.785
0.801
0.911
0.764
0.837
0.834
0.942
0.878
0.826
0.877
0.936
0.802
0.656
0.787
0.842
0.837
0.863
0.819
0.94
0.949
0.753
0.653
0.699
0.819
0.839
0.756
0.826
0.822
0.818
0.777
0.806
0.793
0.798
0.812
0.824
0.837
0.812
0.728
0.706
0.822
0.693
0.673
0.805
0.863
0.812
0.804
0.821
0.898
0.716
0.614
0.842
0.758
0.83
0.914
0.897
0.902
0.824
0.858
0.83
0.728
0.731
0.782
0.778
0.755
0.703
0.728
0.765
0.803
0.743
0.784
0.8
0.787
0.764
0.796
0.855
0.803
0.808
0.803
0.804
0.845
0.777
0.782
0.742
0.828
0.902
0.859
0.845
0.825
0.841
0.898
0.793
0.784
0.714
0.716
0.781
0.785
0.809
0.829
0.827
0.861
0.827
0.779
0.775
0.768
0.812
0.83
0.794
0.797
0.783
0.716
0.798
0.858
0.833
0.833
0.825
0.833
0.835
0.839
0.802
0.836
0.862
0.816
0.808
0.767
0.879
0.924
0.807
0.787
0.808
0.762
0.862
0.872
0.812
0.833
0.833
0.822
0.845
0.832
0.799
0.782
0.767
0.83
0.838
0.809
0.718
0.797
0.853
0.755
0.742
0.803
0.761
0.682
0.76
0.753
0.635
0.667
0.572
0.744
0.859
0.807
0.749
0.792
0.855
0.822
0.764
0.752
0.658
0.577
0.663
0.726
0.773
0.777
0.547
0.659
0.594
0.809
0.804
0.737
0.656
0.676
0.705
0.72
0.545
0.586
0.753
0.876
0.839
0.713
0.775
0.947
0.97
0.776
0.736
0.68
0.654
0.733
0.643
0.743
0.572
0.492
0.694
0.881
0.84
0.814
0.902
0.933
0.884
0.805
0.817
0.888
0.857
0.847
0.863
0.778
0.831
0.852
0.846
0.85
0.799
0.867
0.77
0.804
0.879
0.844
0.831
0.782
0.787
0.738
0.73
0.951
0.876
0.497
0.59
0.74
0.906
0.795
0.799
0.907
0.873
0.835
0.923
0.887
0.9
0.84
0.89
0.869
0.948
0.918
0.883
0.959
0.957
0.873
0.917
0.876
0.979
0.968
0.825
0.804
0.628
0.734
0.557
0.922
0.963
0.952
0.879
0.904
0.853
0.892
0.544
0.886
0.902
0.902
0.932
0.916
0.834
0.898
0.979
0.938
0.954
0.922
0.84
0.814
0.784
0.861
0.854
0.879
0.927
0.714
0.962
0.929
0.875
0.871
0.903
0.928
0.768
0.919
0.741
0.696
0.809
0.861
0.901
0.808
0.662
0.511
0.508
0.614
0.862
0.983
0.934
0.708
0.637
0.76
0.821
0.864
0.946
0.811
0.722
0.865
0.769
0.662
0.707
0.863
0.862
0.807
0.833
0.701
0.741
0.724
0.809
0.791
0.926
0.899
0.692
0.667
0.885
0.789
0.775
0.749
0.901
0.95
0.866
0.79
0.907
0.892
0.743
0.62
0.684
0.874
0.714
0.828
0.811
0.723
0.709
0.697
0.747
0.902
0.603
0.647
0.636
0.726
0.782
0.737
0.713
0.726
0.656
0.826
0.907
0.775
0.893
0.666
0.766
0.851
0.893
0.843
0.71
0.72
0.738
0.756
0.696
0.629
0.74
0.636
0.67
0.86
0.701
0.548
0.794
0.807
0.782
0.792
0.829
0.921
0.798
0.851
0.942
0.82
0.788
0.741
0.692
0.759
0.856
0.809
0.775
0.709
0.583
0.719
0.768
0.724
0.713
0.687
0.701
0.623
0.675
0.767
0.715
0.653
0.758
0.679
0.773
0.695
0.629
0.608
0.674
0.61
0.652
0.72
0.792
0.747
0.672
0.701
0.812
0.81
0.723
0.676
0.723
0.645
0.585
0.691
0.599
0.601
0.655
0.693
0.657
0.722
0.793
0.775
0.774
0.715
0.687
0.787
0.761
0.644
0.76
0.761
0.757
0.811
0.813
0.779
0.733
0.724
0.808
0.791
0.672
0.745
0.779
0.879
0.938
0.814
0.804
0.76
0.651
0.696
0.659
0.76
0.755
0.782
0.733
0.723
0.739
0.731
0.793
0.659
0.648
0.613
0.537
0.492
0.498
0.59
0.614
0.59
0.538
0.577
0.683
0.832
0.737
0.694
0.773
0.79
0.628
0.65
0.537
0.619
0.789
0.826
0.816
0.87
0.857
0.83
0.822
0.766
0.668
0.645
0.689
0.717
0.641
0.568
0.566
0.574
0.615
0.638
0.651
0.679
0.711
0.796
0.768
0.67
0.684
0.717
0.558
0.729
0.77
0.615
0.565
0.588
0.489
0.648
0.782
0.822
0.683
0.497
0.722
0.643
0.42
0.504
0.892
0.916
0.872
0.854
0.809
0.849
0.792
0.852
0.796
0.803
0.881
0.846
0.66
0.755
0.596
0.599
0.679
0.671
0.706
0.668
0.613
0.664
0.736
0.803
0.796
0.764
0.694
0.763
0.61
0.681
0.624
0.515
0.588
0.741
0.88
0.84
0.703
0.878
0.921
0.865
0.815
0.663
0.827
0.835
0.843
0.615
0.797
0.874
0.799
0.802
0.746
0.836
0.824
0.834
0.922
0.864
0.771
0.572
0.774
0.955
0.933
0.892
0.922
0.926
0.881
0.765
0.794
0.758
0.785
0.909
0.894
0.704
0.876
0.872
