1980 1 1
0.929
0.969
0.906
0.861
0.913
0.876
0.86
0.836
0.87
0.922
0.948
0.732
0.804
0.866
0.933
0.945
0.952
0.927
0.9
0.857
0.824
0.869
0.844
0.804
0.932
0.881
0.822
0.872
0.84
0.791
0.81
0.816
0.77
0.735
0.817
0.757
0.885
0.866
0.777
0.844
0.844
0.915
0.854
0.808
0.871
0.871
0.89
0.765
0.863
0.834
0.854
0.98
0.994
0.971
0.884
0.881
0.797
0.855
0.821
0.738
0.722
0.695
0.823
0.857
0.944
0.861
0.858
0.965
0.947
0.894
0.688
0.654
0.923
0.881
0.87
0.864
0.981
0.863
0.726
0.842
0.957
0.764
0.809
0.937
0.877
0.752
0.783
0.771
0.954
0.921
0.943
0.895
0.867
0.86
0.971
0.834
0.602
0.604
0.746
0.844
0.912
0.814
0.904
0.731
0.919
0.862
0.758
0.624
0.576
0.583
0.576
0.556
0.455
0.619
0.706
0.837
0.66
0.701
0.855
0.75
0.707
0.676
0.621
0.552
0.471
0.51
0.497
0.602
0.666
0.688
0.711
0.779
0.807
0.832
0.828
0.688
0.696
0.921
0.881
0.741
0.762
0.655
0.555
0.512
0.706
0.706
0.674
0.565
0.491
0.531
0.741
0.83
0.865
0.809
0.753
0.767
0.692
0.754
0.676
0.825
0.719
0.634
0.586
0.593
0.635
0.728
0.78
0.776
0.668
0.629
0.707
0.749
0.701
0.661
0.602
0.65
0.68
0.686
0.695
0.755
0.722
0.737
0.741
0.735
0.753
0.818
0.87
0.797
0.694
0.806
0.74
0.799
0.765
0.755
0.784
0.66
0.749
0.742
0.811
0.788
0.74
0.715
0.813
0.801
0.768
0.75
0.733
0.715
0.797
0.839
0.871
0.782
0.765
0.874
0.869
0.868
0.765
0.874
0.821
0.79
0.873
0.809
0.863
0.869
0.837
0.819
0.849
0.84
0.726
0.833
0.924
0.849
0.802
0.854
0.861
0.772
0.777
0.762
0.728
0.74
0.741
0.749
0.777
0.841
0.862
0.884
0.826
0.846
0.789
0.709
0.728
0.759
0.802
0.758
0.739
0.806
0.83
0.812
0.862
0.877
0.913
0.746
0.785
0.787
0.839
0.824
0.813
0.614
0.722
0.763
0.63
0.743
0.744
0.63
0.784
0.818
0.708
0.773
0.692
0.643
0.738
0.736
0.731
0.718
0.748
0.82
0.717
0.708
0.718
0.751
0.837
0.845
0.775
0.731
0.71
0.708
0.703
0.747
0.856
0.782
0.658
0.772
0.624
0.622
0.718
0.744
0.622
0.664
0.791
0.712
0.63
0.699
0.832
0.788
0.73
0.714
0.72
0.628
0.765
0.792
0.763
0.739
0.813
0.774
0.81
0.809
0.738
0.773
0.954
0.789
0.675
0.845
0.91
0.888
0.865
0.878
0.915
0.768
0.74
0.797
0.9
0.961
1.011
0.913
0.847
0.693
0.887
0.879
0.723
0.762
0.867
0.742
0.889
0.788
0.675
0.746
0.754
0.814
0.914
0.716
0.884
0.831
0.836
0.907
0.977
0.985
0.962
0.897
0.855
0.713
0.87
0.946
0.906
0.798
0.82
0.838
0.816
0.848
0.926
0.899
0.933
0.92
0.884
0.955
1.019
0.989
0.986
1.001
0.987
0.988
0.945
0.923
0.965
0.921
0.862
0.747
0.8
0.917
0.953
0.743
0.797
0.839
0.931
0.908
0.913
0.866
0.912
1.03
0.764
0.882
0.815
0.806
0.905
0.992
0.997
0.957
0.965
0.897
0.954
0.949
0.888
0.825
0.772
0.84
0.845
0.879
0.819
0.631
0.817
0.924
0.846
0.803
0.889
0.865
0.794
0.761
0.767
0.821
0.602
0.734
0.818
0.726
0.586
0.699
0.857
0.867
0.714
0.798
0.55
0.56
0.61
0.754
0.571
0.626
0.843
0.665
0.552
0.654
0.48
0.935
0.897
0.616
0.492
0.607
0.792
0.672
0.822
0.916
0.931
0.856
0.657
0.608
0.749
0.696
0.664
0.789
0.665
0.836
0.931
0.903
0.765
0.63
0.652
0.701
0.839
0.777
0.642
0.617
0.578
0.511
0.651
0.878
0.697
0.616
0.701
0.888
0.958
0.811
0.69
0.755
0.945
0.774
0.71
0.663
0.638
0.565
0.48
0.547
0.513
0.581
0.655
0.684
0.773
0.917
0.759
0.756
0.667
0.628
0.796
0.73
0.727
0.691
0.765
0.679
0.762
0.837
0.867
0.728
0.78
0.883
0.792
0.753
0.808
0.737
0.718
0.73
0.724
0.795
0.788
0.72
0.795
0.837
0.653
0.58
0.649
0.772
0.74
0.82
0.812
0.808
0.794
0.789
0.709
0.621
0.782
0.841
0.657
0.572
0.66
0.793
0.681
0.686
0.674
0.725
0.664
0.751
0.901
0.858
0.753
0.607
0.72
0.75
0.811
0.868
0.877
0.824
0.667
0.687
0.748
0.742
0.787
0.834
0.817
0.769
0.8
0.805
0.814
0.821
0.808
0.8
0.857
0.873
0.869
0.784
0.672
0.636
0.698
0.769
0.72
0.689
0.724
0.788
0.759
0.743
0.796
0.845
0.836
0.856
0.821
0.78
0.814
0.913
0.929
0.894
0.847
0.825
0.797
0.724
0.769
0.889
0.818
0.777
0.784
0.8
0.799
0.86
0.822
0.778
0.779
0.774
0.868
0.726
0.664
0.686
0.76
0.835
0.731
0.721
0.886
0.87
0.816
0.722
0.713
0.79
0.825
0.763
0.719
0.701
0.732
0.761
0.759
0.749
0.629
0.716
0.801
0.62
0.805
0.76
0.674
0.778
0.924
0.842
0.667
0.665
0.877
0.972
0.877
0.844
0.82
0.744
0.66
0.728
0.808
0.631
0.667
0.82
0.733
0.808
0.79
0.687
0.777
0.745
0.759
0.709
0.743
0.719
0.805
0.871
0.86
0.92
0.82
0.792
0.803
0.818
0.863
0.808
0.88
0.807
0.758
0.717
0.898
0.881
0.784
0.844
0.783
0.739
0.842
0.917
0.645
0.726
0.861
0.826
0.822
0.844
0.889
0.832
0.852
0.751
0.797
0.826
0.869
0.962
0.981
0.912
0.912
0.889
0.918
0.95
0.922
0.91
0.763
0.942
0.841
0.9
0.957
0.871
0.885
0.906
0.887
0.885
0.757
0.817
0.852
0.91
0.906
0.868
0.922
0.745
0.848
0.883
0.916
0.913
0.933
0.987
0.779
0.865
0.904
0.891
0.896
0.927
0.942
0.978
0.907
0.957
0.945
0.888
0.903
0.872
0.949
0.934
0.895
0.911
0.858
0.924
0.897
0.934
0.926
0.995
0.989
0.971
0.982
1.006
1.005
0.936
0.9
0.933
0.826
0.776
0.819
0.899
0.893
0.937
0.862
1.071
0.931
0.912
0.913
0.818
0.827
0.86
0.989
0.976
0.868
0.8
0.821
0.954
0.941
0.864
0.878
0.955
0.927
0.876
0.809
0.761
0.862
0.861
0.74
0.732
0.718
0.812
0.942
0.789
0.746
0.881
0.808
0.863
0.868
0.77
0.797
0.849
0.899
0.88
0.844
0.806
0.778
0.654
0.634
0.843
0.695
0.447
0.848
0.714
0.597
0.668
0.622
0.426
0.605
0.734
0.705
0.664
0.583
0.552
0.482
0.481
0.426
0.427
0.482
0.677
0.785
0.625
0.558
0.545
0.562
0.561
0.695
0.728
0.582
0.55
0.589
0.605
0.688
0.874
0.909
0.854
0.757
0.789
0.83
0.829
0.748
0.774
0.757
0.791
0.806
0.77
0.793
0.829
0.922
0.851
0.783
0.781
0.81
0.774
0.727
0.681
0.72
0.717
0.778
0.926
0.823
0.724
0.835
0.768
0.761
0.697
0.706
0.616
0.7
0.734
0.798
0.761
0.789
0.722
0.672
0.672
0.899
0.866
0.818
0.789
0.822
0.759
0.75
0.728
0.828
0.792
0.737
0.675
0.669
0.663
0.795
0.859
0.832
0.778
0.727
0.742
0.806
0.74
0.718
0.776
0.79
0.799
0.718
0.698
0.752
0.811
0.82
0.77
0.791
0.789
0.861
0.828
0.818
0.831
0.734
0.708
0.615
0.612
0.653
0.725
0.741
0.755
0.702
0.719
0.848
0.702
0.65
0.818
0.791
0.791
0.726
0.766
0.69
0.629
0.711
0.844
0.872
0.858
0.751
0.672
0.647
0.768
0.827
0.714
0.684
0.672
0.717
0.644
0.654
0.735
0.78
0.749
0.676
0.743
0.593
0.629
0.664
0.804
0.861
0.812
0.852
0.832
0.9
0.841
0.825
0.76
0.659
0.786
0.695
0.741
0.735
0.658
0.662
0.6
0.721
0.822
0.745
0.716
0.698
0.693
0.708
0.655
0.62
0.617
0.615
0.745
0.69
0.696
0.675
0.664
0.714
0.655
0.508
0.507
0.655
0.668
0.825
0.868
0.754
0.836
0.74
0.67
0.74
0.705
0.719
0.824
0.827
0.82
0.873
0.8
0.68
0.776
0.704
0.708
0.786
0.832
0.951
0.929
0.823
0.923
0.864
0.683
0.771
0.803
0.889
0.96
0.869
0.791
0.814
0.773
0.864
0.918
0.839
0.798
0.771
0.737
0.792
0.857
0.739
0.8
0.812
0.945
0.967
0.8
0.775
0.935
0.916
0.866
0.851
0.87
0.907
0.891
0.92
0.964
0.974
0.766
0.592
0.709
0.829
0.88
0.745
0.697
0.75
0.787
0.888
0.807
0.813
0.938
0.92
0.808
0.864
0.863
0.953
0.895
0.863
0.847
0.881
0.913
0.897
0.923
0.986
0.979
0.937
0.851
0.814
0.863
0.935
0.97
0.944
0.938
1.015
0.987
0.85
0.855
0.832
0.937
0.835
0.827
0.866
0.906
0.889
0.851
0.896
0.962
0.928
0.929
0.864
0.821
0.788
0.744
0.859
0.873
0.8
0.84
0.784
0.782
0.625
0.522
0.538
0.586
0.673
0.812
0.828
0.747
0.642
0.833
0.783
0.896
0.845
0.784
0.686
0.767
0.822
0.864
0.9
0.986
0.88
0.941
0.806
0.805
0.713
0.727
0.8
0.906
0.936
0.787
0.667
0.8
0.799
0.932
0.862
0.864
0.744
0.905
0.888
0.817
0.924
0.852
0.839
0.804
0.918
0.941
0.869
0.785
0.797
0.712
0.661
0.65
0.74
0.68
0.607
0.779
0.707
0.579
0.539
0.733
0.82
0.967
0.973
0.931
0.942
0.83
0.745
0.626
0.754
0.851
0.633
0.614
0.512
0.614
0.73
0.755
0.867
0.716
0.592
0.679
0.856
0.838
0.769
0.887
0.851
0.761
0.781
0.755
0.643
0.686
0.86
0.744
0.695
0.689
0.683
0.822
0.865
0.806
0.856
0.757
0.689
0.61
0.598
0.526
0.537
0.532
0.563
0.62
0.638
0.569
0.645
0.799
0.824
0.77
0.762
0.668
0.617
0.714
0.637
0.702
0.838
0.883
0.883
0.816
0.776
0.709
0.839
0.79
0.707
0.606
0.703
0.778
0.713
0.679
0.752
0.725
0.639
0.722
0.763
0.851
0.838
0.733
0.717
0.73
0.721
0.755
0.831
0.757
0.692
0.624
0.726
0.775
0.746
0.785
0.854
0.801
0.758
0.77
0.781
0.753
0.746
0.802
0.766
0.793
0.81
0.758
0.654
0.696
0.708
0.73
0.764
0.825
0.73
0.762
0.765
0.802
0.808
0.792
0.749
0.715
0.733
0.745
0.732
0.766
0.812
0.795
0.731
0.676
0.696
0.797
0.8
0.748
0.698
0.618
0.63
0.665
0.706
0.731
0.611
0.577
0.807
0.785
0.735
0.691
0.775
0.899
0.699
0.657
0.612
0.618
0.747
0.713
0.63
0.797
0.836
0.851
0.69
0.661
0.78
0.892
0.736
0.643
0.716
0.837
0.775
0.793
0.912
0.972
0.723
0.748
0.693
0.758
0.764
0.739
0.779
0.834
0.871
0.948
0.941
0.864
0.784
0.735
0.757
0.742
0.643
0.741
0.858
0.822
0.897
0.751
0.766
0.775
0.768
0.638
0.529
0.813
0.942
0.807
0.728
0.735
0.84
0.904
0.819
0.772
0.862
0.877
0.855
0.808
0.919
0.865
0.704
0.804
0.813
0.937
0.763
0.782
0.792
0.839
0.852
0.935
0.945
0.956
0.835
0.836
0.878
0.896
0.897
0.959
0.961
0.978
0.852
0.812
0.782
0.78
0.821
0.753
0.847
0.971
0.834
0.792
0.77
0.811
0.886
0.948
0.92
0.843
0.887
0.835
0.892
0.97
0.984
1.007
0.981
0.932
0.898
0.912
0.905
0.824
0.809
0.927
0.908
0.864
0.864
0.882
0.876
0.855
0.798
0.789
0.829
0.783
0.946
0.995
0.963
0.925
0.885
0.947
0.947
0.833
0.873
0.913
0.936
0.952
0.943
0.867
0.828
0.899
0.952
0.865
0.985
1.001
0.988
0.942
0.764
0.899
0.96
0.968
0.909
0.884
0.811
0.636
0.57
0.759
0.824
0.715
0.853
0.934
0.816
0.788
0.848
0.846
0.787
0.954
0.894
0.845
0.834
0.813
0.805
0.833
0.832
0.957
0.936
0.937
0.918
0.875
0.915
0.921
0.984
0.952
0.892
0.832
0.823
0.862
0.851
0.892
0.946
0.895
0.859
0.806
0.716
0.713
0.775
0.98
0.997
0.968
0.837
0.74
0.805
0.8
0.725
0.765
0.899
0.882
0.918
0.911
0.944
0.924
0.791
0.735
0.71
0.829
0.954
0.949
0.806
0.578
0.622
0.654
0.522
0.732
0.77
0.685
0.804
0.953
0.87
0.723
0.826
0.83
0.782
0.829
0.81
0.788
0.827
0.777
0.687
0.576
0.611
0.739
0.788
0.868
0.938
0.815
0.805
0.792
0.848
0.856
0.767
0.882
0.917
0.76
0.689
0.709
0.68
0.738
0.62
0.591
0.722
0.681
0.822
0.743
0.636
0.732
0.631
0.65
0.671
0.754
0.749
0.843
0.794
0.718
0.762
0.777
0.742
0.798
0.789
0.687
0.67
0.76
0.801
0.678
0.773
0.764
0.7
0.761
0.803
0.785
0.815
0.713
0.619
0.727
0.802
0.81
0.824
0.764
0.703
0.778
0.781
0.751
0.77
0.703
0.741
0.783
0.734
0.697
0.807
0.721
0.855
0.791
0.65
0.66
0.681
0.743
0.845
0.818
0.849
0.824
0.858
0.884
0.87
0.768
0.805
0.753
0.799
0.838
0.818
0.776
0.83
0.802
0.715
0.78
0.811
0.713
0.686
0.825
0.806
0.743
0.676
0.712
0.74
0.742
0.838
0.853
0.703
0.783
0.786
0.836
0.729
0.621
0.629
0.748
0.75
0.749
0.842
0.774
0.806
0.795
0.807
0.853
0.67
0.596
0.651
0.727
0.778
0.749
0.702
0.754
0.882
0.839
0.846
0.735
0.745
0.725
0.703
0.704
0.603
0.683
0.701
0.659
0.781
0.888
0.863
0.774
0.831
0.874
0.871
0.819
0.863
0.911
0.786
0.78
0.767
0.859
0.742
0.832
0.86
0.737
0.678
0.767
0.884
0.704
0.792
0.705
0.765
0.832
0.881
0.79
0.641
0.838
0.875
0.771
0.65
0.681
0.87
0.946
0.952
0.857
0.828
0.761
0.787
0.729
0.688
0.676
0.784
0.598
0.68
0.659
0.739
0.805
0.759
0.608
0.541
0.861
0.727
0.773
0.861
0.768
0.815
0.663
0.617
0.856
0.826
0.922
0.922
0.928
0.949
0.969
0.964
0.93
0.952
0.871
0.885
0.835
0.862
0.865
0.905
0.924
0.697
0.848
0.806
0.777
0.912
1.006
0.954
0.963
0.926
0.985
0.811
0.764
0.836
0.878
0.898
0.93
0.897
0.858
0.87
0.895
0.913
0.905
0.968
0.801
0.878
0.934
0.929
0.924
0.769
0.832
0.902
0.952
0.961
0.933
0.859
0.922
0.874
0.803
0.812
0.917
0.882
0.811
0.825
0.852
0.91
0.909
0.874
0.862
0.9
0.894
0.968
0.987
0.962
0.885
0.877
0.958
0.93
0.934
0.908
0.868
0.796
0.957
0.973
0.967
0.924
0.858
0.853
0.782
0.752
0.907
0.782
0.992
0.851
0.691
0.796
0.913
0.821
0.758
0.845
0.96
0.849
0.834
0.763
0.681
0.795
0.602
0.673
0.724
0.676
0.816
0.929
0.893
0.803
0.547
0.785
0.9
0.795
0.886
0.96
0.805
0.813
0.812
0.738
0.818
0.868
0.766
0.781
0.661
0.672
0.825
0.714
0.673
0.614
0.637
0.649
0.723
0.736
0.648
0.58
0.538
0.492
0.443
0.56
0.65
0.533
0.645
0.598
0.6
0.451
0.55
0.805
0.607
0.505
0.686
0.784
0.768
0.633
0.573
0.548
0.664
0.638
0.637
0.591
0.756
0.739
0.881
0.724
0.746
0.748
0.73
0.63
0.723
0.605
0.477
0.664
0.766
0.87
0.707
0.726
0.735
0.757
0.701
0.71
0.704
0.84
0.67
0.691
0.731
0.732
0.722
0.728
0.859
0.748
0.647
0.754
0.85
0.823
0.771
0.662
0.671
0.675
0.768
0.768
0.742
0.613
0.634
0.681
0.695
0.64
0.726
0.809
0.797
0.763
0.715
0.81
0.778
0.793
0.799
0.706
0.608
0.712
0.71
0.656
0.844
0.795
0.733
0.658
0.698
0.752
0.825
0.777
0.763
0.611
0.708
0.724
0.79
0.691
0.677
0.687
0.74
0.828
0.803
0.702
0.681
0.712
0.768
0.853
0.869
0.801
0.666
0.738
0.788
0.76
0.844
0.75
0.822
0.847
0.806
0.815
0.784
0.769
0.747
0.738
0.749
0.875
0.838
0.786
0.799
0.821
0.808
0.788
0.802
0.792
0.805
0.842
0.863
0.878
0.849
0.769
0.743
0.772
0.786
0.766
0.662
0.733
0.613
0.579
0.632
0.709
0.68
0.67
0.618
0.735
0.709
0.752
0.808
0.655
0.756
0.773
0.656
0.646
0.74
0.801
0.593
0.673
0.768
0.805
0.72
0.637
0.627
0.623
0.797
0.83
0.835
0.831
0.789
0.865
0.697
0.662
0.787
0.88
0.877
0.804
0.857
0.828
0.803
0.712
0.567
0.636
0.786
0.69
0.709
0.841
0.824
0.943
0.959
0.958
0.95
0.863
0.851
0.774
0.825
0.95
0.926
0.941
0.947
0.964
0.874
0.938
0.782
0.787
0.843
0.854
0.726
0.865
0.832
0.754
0.74
0.942
0.908
0.895
0.877
0.895
0.955
0.889
0.774
0.794
0.814
0.901
0.862
0.884
0.889
0.941
0.978
0.921
0.859
0.805
0.928
0.96
0.869
0.802
0.847
0.874
0.886
0.976
0.981
0.962
0.819
0.817
0.895
0.855
0.901
0.939
0.909
0.898
0.873
0.908
0.978
0.913
0.845
0.753
0.783
0.865
0.911
0.981
0.951
0.916
0.909
0.823
0.88
0.857
0.989
0.99
0.93
0.939
0.907
0.837
0.862
0.849
0.892
0.861
0.731
0.894
0.838
0.879
0.952
0.961
0.909
0.983
0.994
0.931
0.939
0.906
0.88
0.868
0.795
0.806
0.814
0.904
0.874
0.921
0.981
0.989
0.998
0.995
0.965
0.948
0.897
0.862
0.841
0.863
0.897
0.857
0.886
0.859
0.895
0.965
0.914
0.916
0.84
0.789
0.893
0.933
0.937
0.934
0.969
0.972
0.911
0.899
0.816
0.857
0.984
0.769
0.646
0.78
0.743
0.777
0.709
0.808
0.902
0.761
0.619
0.561
0.498
0.468
0.71
0.738
0.747
0.927
0.817
0.702
0.7
0.822
0.835
0.84
0.683
0.792
0.733
0.889
0.817
0.855
0.609
0.609
0.945
0.91
0.807
0.586
0.525
0.46
0.499
0.524
0.538
0.746
0.693
0.771
0.749
0.641
0.74
0.712
0.732
0.689
0.69
0.804
0.764
0.514
0.611
0.621
0.712
0.669
0.775
0.728
0.7
0.811
0.883
0.858
0.839
0.789
0.758
0.755
0.779
0.852
0.817
0.668
0.684
0.769
0.695
0.754
0.677
0.707
0.821
0.946
0.873
0.759
0.702
0.789
0.827
0.787
0.828
0.743
0.757
0.782
0.731
0.62
0.789
0.812
0.709
0.751
0.767
0.73
0.67
0.685
0.786
0.711
0.791
0.859
0.868
0.858
0.701
0.673
0.735
0.759
0.729
0.756
0.787
0.741
0.892
0.874
0.834
0.799
0.776
0.77
0.757
0.794
0.81
0.764
0.796
0.747
0.707
0.68
0.732
0.709
0.742
0.701
0.833
0.762
0.781
0.844
0.811
0.728
0.722
0.743
0.778
0.816
0.831
0.826
0.779
0.76
0.652
0.668
0.82
0.857
0.83
0.779
0.763
0.779
0.842
0.79
0.829
0.862
0.741
0.648
0.872
0.829
0.674
0.638
0.621
0.643
0.7
0.763
0.83
0.844
0.778
0.717
0.663
0.63
0.643
0.769
0.869
0.853
0.741
0.751
0.757
0.768
0.654
0.826
0.879
0.825
0.854
0.853
0.793
0.868
0.907
0.791
0.758
0.741
0.729
0.863
0.954
0.883
0.917
0.943
0.842
0.723
0.656
0.735
0.822
0.723
0.755
0.867
0.902
0.879
0.774
0.666
0.74
0.728
0.677
0.725
0.759
0.752
0.708
0.793
0.899
0.928
0.879
0.842
0.87
0.773
0.723
0.719
0.833
0.726
0.768
0.781
0.815
0.792
0.902
0.822
0.669
0.765
0.737
0.754
0.781
0.833
0.896
0.901
0.899
0.788
0.817
0.882
0.831
0.85
0.883
0.833
0.946
0.915
0.881
0.887
0.882
0.738
0.906
0.923
0.748
0.747
0.813
0.868
0.945
0.971
0.805
0.669
0.791
0.627
0.786
0.896
0.911
0.926
0.928
0.911
0.914
0.851
0.888
0.933
0.953
0.978
0.945
0.868
0.868
0.879
0.888
0.899
0.826
0.95
0.914
0.806
0.771
0.798
0.914
0.832
0.871
0.95
0.914
0.904
0.935
0.901
0.972
0.736
0.704
0.904
0.947
0.938
0.894
0.913
0.901
0.785
0.832
0.839
0.891
0.912
0.924
0.971
0.889
0.904
0.973
0.944
0.859
0.773
0.83
0.915
0.862
0.759
0.835
0.782
0.889
0.816
0.866
0.826
0.861
0.907
0.853
0.76
0.754
0.801
0.84
0.88
0.808
0.749
0.768
0.858
0.937
0.975
0.864
0.793
0.7
0.813
0.764
0.714
0.708
0.762
0.703
0.77
0.732
0.671
0.828
0.877
0.761
0.737
0.755
0.776
0.622
0.699
0.662
0.708
0.666
0.754
0.841
0.771
0.745
0.705
0.827
0.797
0.757
0.835
0.718
0.805
0.926
0.891
0.67
0.65
0.614
0.531
0.536
0.791
0.737
0.666
0.821
0.941
0.868
0.813
0.723
0.725
0.607
0.844
0.737
0.78
0.735
0.507
0.523
0.744
0.713
0.704
0.557
0.766
0.844
0.785
0.677
0.515
0.612
0.506
0.483
0.574
0.51
0.701
0.692
0.639
0.747
0.606
0.523
0.675
0.93
0.855
0.741
0.646
0.687
0.763
0.793
0.825
0.699
0.673
0.646
0.616
0.713
0.715
0.759
0.73
0.708
0.727
0.692
0.737
0.784
0.705
0.594
0.62
0.832
0.75
0.561
0.585
0.6
0.577
0.618
0.551
0.744
0.813
0.765
0.81
0.694
0.609
0.749
0.705
0.694
0.799
0.826
0.841
0.907
0.85
0.79
0.773
0.848
0.77
0.748
0.773
0.818
0.777
0.746
0.731
0.792
0.732
0.738
0.773
0.759
0.746
0.819
0.77
0.733
0.724
0.755
0.815
0.774
0.737
0.68
0.694
0.783
0.785
0.822
0.847
0.791
0.745
0.801
0.779
0.773
0.891
0.883
0.847
0.793
0.834
0.795
0.731
0.708
0.704
0.8
0.762
0.737
0.724
0.735
0.801
0.708
0.649
0.739
0.927
0.925
0.943
0.807
0.753
0.78
0.733
0.715
0.73
0.714
0.766
0.812
0.811
0.797
0.785
0.706
0.83
0.766
0.782
0.76
0.832
0.868
0.738
0.87
0.835
0.727
0.723
0.721
0.777
0.781
0.681
0.654
0.559
0.552
0.683
0.77
0.723
0.68
0.766
0.653
0.624
0.771
0.824
0.727
0.684
0.725
0.833
0.709
0.597
0.624
0.583
0.488
0.679
0.728
0.708
0.849
0.742
0.714
0.645
0.808
0.795
0.665
0.784
0.677
0.665
0.709
0.84
0.855
0.787
0.56
0.667
0.783
0.612
0.586
0.704
0.842
0.766
0.785
0.751
0.762
0.787
0.744
0.557
0.767
0.786
0.69
0.687
0.622
0.621
0.707
0.862
0.953
0.898
0.898
0.936
0.907
0.858
0.911
0.865
0.867
0.892
0.841
0.798
0.813
0.802
0.88
0.885
0.838
0.908
0.791
0.774
0.899
0.865
0.801
0.788
0.902
0.951
0.842
0.695
0.926
0.852
0.905
0.766
0.715
0.895
0.84
0.755
0.869
0.774
0.657
0.64
0.767
0.665
0.739
0.771
0.88
0.862
0.861
0.902
0.816
0.881
0.729
0.848
0.805
0.83
0.978
0.925
0.998
0.901
0.814
0.908
0.902
0.91
0.893
0.854
0.9
0.904
0.917
0.927
1.005
0.952
0.927
0.879
0.826
0.741
0.884
0.828
0.888
0.881
0.926
0.914
0.844
1.016
0.949
0.88
0.877
0.867
0.897
0.978
0.763
0.832
0.886
0.725
0.758
0.839
0.838
0.805
0.84
0.805
0.828
0.865
0.844
0.775
0.861
0.891
0.907
0.855
0.821
0.686
0.886
0.907
0.817
0.85
0.895
0.804
0.862
0.814
0.839
0.745
0.835
0.806
0.852
0.76
0.683
0.773
0.762
0.545
0.702
0.675
0.716
0.944
0.853
0.779
0.633
0.739
0.936
0.801
0.704
0.536
0.522
0.722
0.577
0.59
0.665
0.748
0.735
0.789
0.645
0.669
0.801
0.662
0.69
0.798
0.624
0.437
0.705
0.79
0.791
0.705
0.464
0.444
0.706
0.748
0.675
0.574
0.486
0.413
0.726
0.692
0.671
0.527
0.662
0.678
0.625
0.561
0.677
0.783
0.869
0.865
0.684
0.643
0.662
0.686
0.68
0.633
0.553
0.491
0.429
0.449
0.446
0.5
0.675
0.669
0.607
0.652
0.659
0.601
0.598
0.681
0.557
0.58
0.583
0.463
0.466
0.465
0.589
0.684
0.585
0.487
0.53
0.529
0.591
0.676
0.605
0.673
0.684
0.595
0.562
0.63
0.584
0.574
0.569
0.507
0.534
0.485
0.346
0.311
0.353
0.344
0.372
0.578
0.545
0.534
0.595
0.54
0.422
0.629
0.646
0.749
0.8
0.853
0.736
0.752
0.703
0.66
0.697
0.693
0.613
0.584
0.763
0.799
0.651
0.663
0.596
0.614
0.657
0.749
0.634
0.561
0.561
0.628
0.689
0.672
0.593
0.638
0.699
0.554
0.574
0.749
0.82
0.737
0.67
0.695
0.797
0.83
0.719
0.689
0.649
0.834
0.745
0.616
0.65
0.67
0.702
0.767
0.847
0.828
0.673
0.588
0.67
0.706
0.661
0.683
0.784
0.848
0.745
0.703
0.7
0.769
0.794
0.736
0.795
0.749
0.731
0.842
0.726
0.659
0.67
0.588
0.685
0.811
0.662
0.619
0.868
0.747
0.601
0.684
0.571
0.542
0.543
0.673
0.722
0.712
0.65
0.623
0.621
0.666
0.762
0.835
0.858
0.716
0.714
0.781
0.882
0.826
0.816
0.738
0.732
0.617
0.666
0.628
0.669
0.626
0.661
0.798
0.663
0.949
0.982
0.874
0.837
0.825
0.821
0.898
0.749
0.692
0.818
0.841
0.748
0.8
0.721
0.751
0.815
0.976
0.832
0.643
0.716
0.736
0.662
0.715
0.899
0.765
0.753
0.762
0.789
0.821
0.892
0.772
0.769
0.806
0.86
0.707
0.666
0.77
0.704
0.666
0.859
0.901
0.867
0.623
0.818
0.813
0.91
0.874
0.958
0.847
0.894
0.787
0.899
0.813
0.932
0.95
0.854
0.919
0.943
0.948
0.969
0.966
0.82
0.814
0.944
0.966
0.922
0.625
0.772
0.872
0.973
0.847
0.794
0.96
0.884
0.773
0.889
0.929
0.863
0.61
0.718
0.696
0.66
0.918
0.993
0.822
0.812
0.911
0.948
0.9
0.861
0.853
0.84
0.674
0.815
0.833
0.789
0.823
0.726
0.854
0.893
0.857
0.911
0.951
0.913
0.854
0.717
0.778
0.848
0.888
0.988
0.901
0.712
0.67
0.845
0.917
0.857
0.791
0.681
0.673
0.876
1.001
0.959
0.78
0.71
0.816
0.763
0.716
0.72
0.767
0.778
0.823
0.937
0.735
0.73
0.881
0.697
0.838
0.841
0.643
0.744
0.814
0.787
0.721
0.686
0.805
0.819
0.851
0.782
0.82
0.782
0.844
0.806
0.764
0.793
0.703
0.733
0.727
0.672
0.673
0.733
0.772
0.556
0.74
0.631
0.595
0.805
0.651
0.472
0.598
0.588
0.691
0.57
0.569
0.699
0.611
0.758
0.815
0.667
0.715
0.833
0.791
0.599
0.808
0.763
0.71
0.755
0.786
0.844
0.733
0.859
0.894
0.838
0.764
0.672
0.554
0.469
0.602
0.717
0.751
0.505
0.74
0.751
0.784
0.825
0.728
0.633
0.732
0.815
0.775
0.719
0.738
0.81
0.789
0.764
0.754
0.65
0.573
0.666
0.806
0.708
0.802
0.891
0.847
0.826
0.745
0.677
0.75
0.832
0.846
0.856
0.783
0.711
0.661
0.663
0.676
0.632
0.763
0.735
0.694
0.704
0.728
0.754
0.755
0.807
0.779
0.694
0.682
0.736
0.807
0.726
0.784
0.738
0.665
0.631
0.625
0.67
0.673
0.74
0.838
0.853
0.806
0.766
0.729
0.705
0.74
0.885
0.816
0.717
0.804
0.85
0.766
0.752
0.874
0.887
0.845
0.836
0.754
0.68
0.694
0.702
0.724
0.747
0.801
0.762
0.81
0.797
0.732
0.74
0.798
0.849
0.87
0.852
0.863
0.81
0.767
0.762
0.751
0.78
0.893
0.816
0.766
0.847
0.753
0.681
0.693
0.775
0.784
0.786
0.818
0.778
0.832
0.814
0.771
0.853
0.942
0.869
0.885
0.834
0.755
0.797
0.827
0.8
0.851
0.841
0.7
0.688
0.712
0.663
0.679
0.72
0.712
0.823
0.868
0.762
0.639
0.72
0.782
0.677
0.693
0.573
0.736
0.739
0.661
0.568
0.514
0.622
0.697
0.908
0.838
0.912
0.878
0.897
0.759
0.667
0.733
0.678
0.635
0.626
0.588
0.503
0.528
0.8
0.717
0.72
0.658
0.619
0.66
0.803
0.859
0.953
0.846
0.736
0.704
0.736
0.724
0.81
0.953
0.926
0.724
0.675
0.699
0.875
0.629
0.629
0.681
0.645
0.715
0.87
0.768
0.92
0.649
0.753
0.813
0.802
0.779
0.767
0.769
0.868
0.675
0.657
0.699
0.731
0.813
0.713
0.742
0.843
0.838
0.843
0.848
0.823
0.867
0.883
0.815
0.84
0.847
0.822
0.903
0.905
0.953
0.941
0.957
0.994
1.009
0.941
0.937
0.904
0.962
0.937
0.881
0.906
0.91
0.877
0.963
0.888
0.815
0.832
0.876
0.872
0.967
1.003
0.969
0.814
0.941
0.989
0.956
0.921
0.878
0.888
0.731
0.706
0.759
0.84
0.871
0.882
0.919
0.979
0.928
0.917
0.899
0.872
0.873
0.891
0.906
0.735
0.709
0.765
0.761
0.916
0.95
0.959
0.747
0.735
0.761
0.638
0.535
0.783
0.944
0.868
0.726
0.723
0.855
0.828
0.731
0.778
0.764
0.664
0.85
0.845
0.791
0.876
0.981
0.965
0.991
0.95
0.96
0.862
0.789
0.874
0.794
0.767
0.789
0.699
0.719
0.722
0.821
0.554
0.608
0.756
0.584
0.5
0.757
0.935
0.926
0.85
0.731
0.857
0.818
0.796
0.675
0.698
0.605
0.502
0.859
0.811
0.649
0.689
0.789
0.867
0.685
0.77
0.585
0.465
0.779
0.855
0.594
0.502
0.499
0.588
0.583
0.501
0.485
0.761
0.624
0.633
0.63
0.662
0.946
0.86
0.717
0.723
0.634
0.659
0.833
0.699
0.77
0.933
0.772
0.829
0.783
0.805
0.745
0.75
0.743
0.857
0.747
0.639
0.678
0.755
0.938
0.83
0.715
0.863
0.655
0.591
0.67
0.859
0.777
0.801
0.633
0.766
0.712
0.813
0.78
0.781
0.707
0.642
0.679
0.717
0.662
0.563
0.675
0.804
0.774
0.768
0.809
0.7
0.811
0.808
0.678
0.727
0.765
0.781
0.846
0.821
0.726
0.711
0.717
0.802
0.766
0.738
0.617
0.725
0.791
0.778
0.876
0.942
0.836
0.915
0.83
0.8
0.782
0.796
0.783
0.828
0.841
0.888
0.855
0.719
0.683
0.713
0.763
0.765
0.713
0.781
0.748
0.646
0.671
0.714
0.875
0.865
0.775
0.774
0.688
0.724
0.741
0.779
0.826
0.79
0.742
0.749
0.818
0.76
0.79
0.825
0.917
0.915
0.921
0.903
0.886
0.818
0.774
0.813
0.858
0.832
0.765
0.757
0.761
0.786
0.753
0.779
0.822
0.775
0.781
0.851
0.895
0.789
0.81
0.798
0.771
0.874
0.828
0.803
0.673
0.658
0.838
0.818
0.742
0.82
0.807
0.769
0.746
0.801
0.673
0.628
0.809
0.839
0.703
0.732
0.71
0.812
0.769
0.757
0.811
0.928
0.949
0.929
0.818
0.866
0.823
0.775
0.744
0.672
0.736
0.876
0.74
0.701
0.762
0.878
0.765
0.766
0.786
0.685
0.651
0.707
0.66
0.673
0.624
0.57
0.693
0.715
0.67
0.964
0.813
0.764
0.683
0.698
0.831
0.731
0.698
0.7
0.689
0.828
0.867
0.772
0.695
0.714
0.666
0.748
0.935
0.827
0.676
0.824
0.742
0.882
0.933
0.719
0.715
0.7
0.771
0.897
0.843
0.757
0.829
0.849
0.801
0.875
0.86
0.741
0.828
0.904
0.668
0.89
0.907
0.853
0.973
0.87
0.785
0.911
0.962
0.928
0.875
0.888
0.841
0.834
0.922
0.987
0.983
0.816
0.896
0.911
0.892
0.885
0.897
0.944
0.875
0.894
0.95
0.916
0.958
0.98
0.888
0.951
0.981
0.989
0.961
0.919
0.902
0.947
0.85
0.729
0.877
0.783
0.682
0.849
0.943
0.943
0.881
0.945
0.864
0.889
0.838
0.886
0.817
0.955
0.951
0.953
0.901
0.929
0.857
0.612
0.665
0.803
0.985
0.854
0.771
0.897
0.954
0.982
0.917
0.878
0.853
0.702
0.745
0.749
0.643
0.838
0.87
0.812
0.959
0.958
0.853
0.841
0.861
0.8
0.621
0.694
0.859
0.712
0.659
0.821
0.855
0.748
0.569
0.538
0.969
0.897
0.762
0.689
0.812
0.866
0.858
0.775
0.725
0.907
0.814
0.751
0.593
0.649
0.841
0.649
0.618
0.545
0.842
0.656
0.644
0.682
0.794
0.84
0.733
0.726
0.891
0.975
0.866
0.749
0.711
0.715
0.917
0.945
0.941
0.876
0.697
0.841
0.66
0.627
0.656
0.725
0.734
0.754
0.778
0.792
0.759
0.796
0.864
0.86
0.8
0.768
0.784
0.703
0.6
0.68
0.676
0.663
0.589
0.551
0.713
0.835
0.806
0.815
0.651
0.624
0.59
0.682
0.735
0.744
0.769
0.75
0.684
0.718
0.747
0.739
0.771
0.729
0.728
0.721
0.693
0.578
0.511
0.52
0.528
0.766
0.724
0.684
0.644
0.688
0.725
0.685
0.676
0.694
0.598
0.571
0.795
0.778
0.756
0.694
0.615
0.663
0.707
0.788
0.745
0.829
0.782
0.685
0.768
0.79
0.692
0.724
0.754
0.677
0.679
0.663
0.761
0.84
0.747
0.671
0.642
0.691
0.726
0.659
0.698
0.762
0.693
0.751
0.727
0.734
0.701
0.633
0.618
0.778
0.773
0.706
0.73
0.578
0.673
0.757
0.698
0.635
0.663
0.783
0.862
0.711
0.602
0.646
0.587
0.588
0.648
0.705
0.733
0.82
0.836
0.798
0.751
0.73
0.753
0.816
0.807
0.704
0.682
0.646
0.627
0.63
0.714
0.67
0.667
0.713
0.752
0.656
0.62
0.565
0.607
0.623
0.772
0.732
0.729
0.756
0.782
0.618
0.644
0.654
0.62
0.62
0.608
0.513
0.657
0.724
0.633
0.681
0.664
0.569
0.555
0.581
0.564
0.648
0.554
0.535
0.661
0.757
0.644
0.695
0.615
0.601
0.675
0.69
0.749
0.668
0.753
0.726
0.59
0.523
0.57
0.815
0.602
0.609
0.566
0.637
0.735
0.753
0.777
0.839
0.903
0.703
0.554
0.865
0.769
0.758
0.647
0.589
0.572
0.655
0.751
0.665
0.661
0.733
0.807
0.836
0.868
0.807
0.914
0.888
0.775
0.829
0.885
0.937
0.886
0.846
0.839
0.779
0.804
0.805
0.786
0.931
0.816
0.846
0.814
0.747
0.912
0.849
0.777
0.775
0.874
0.908
0.937
0.84
0.888
0.822
0.918
0.812
0.679
0.679
0.797
0.739
0.667
0.759
0.881
0.9
0.972
0.834
0.916
0.864
0.906
0.897
0.974
0.935
0.905
0.91
0.924
0.968
0.947
0.912
0.906
0.907
0.875
0.899
0.942
0.834
0.764
0.933
0.952
0.81
0.86
0.87
0.747
0.803
0.868
0.963
0.956
0.932
0.872
0.857
0.854
0.887
0.926
0.936
0.946
0.951
0.899
0.844
0.92
0.922
0.771
0.793
0.89
0.883
0.74
0.773
0.86
0.736
0.945
0.959
0.989
0.963
0.946
0.987
1.001
0.925
0.855
0.89
0.917
0.924
0.938
0.849
0.871
0.899
0.746
0.795
0.798
0.887
0.882
0.857
0.923
0.924
0.943
0.729
0.865
0.767
0.681
0.63
0.636
0.626
0.628
0.789
0.755
0.782
0.689
0.731
0.887
0.75
0.716
0.66
0.807
0.835
0.687
0.543
0.784
0.746
0.803
0.697
0.708
0.772
0.661
0.485
0.502
0.594
0.601
0.695
0.713
0.766
0.613
0.787
0.77
0.839
0.887
0.958
0.908
0.695
0.79
0.778
0.769
0.818
0.919
0.853
0.777
0.613
0.605
0.839
0.74
0.788
0.782
0.803
0.741
0.746
0.572
0.762
0.917
0.73
0.615
0.549
0.651
0.689
0.686
0.588
0.647
0.763
0.782
0.677
0.535
0.503
0.675
0.854
0.733
0.708
0.595
0.569
0.596
0.896
0.878
0.747
0.69
0.689
0.836
0.88
0.816
0.688
0.748
0.682
0.632
0.621
0.612
0.507
0.596
0.692
0.678
0.78
0.848
0.829
0.77
0.763
0.663
0.719
0.799
0.709
0.747
0.748
0.639
0.669
0.701
0.78
0.838
0.839
0.776
0.795
0.706
0.656
0.722
0.847
0.801
0.821
0.795
0.905
0.802
0.848
0.824
0.807
0.802
0.76
0.831
0.809
0.745
0.887
0.874
0.817
0.889
0.842
0.712
0.829
0.819
0.916
0.794
0.787
0.799
0.733
0.71
0.676
0.778
0.866
0.852
0.856
0.818
0.735
0.78
0.769
0.815
0.808
0.679
0.715
0.753
0.663
0.689
0.736
0.814
0.808
0.824
0.832
0.892
0.937
0.811
0.809
0.795
0.755
0.771
0.856
0.838
0.827
0.873
0.816
0.828
0.844
0.835
0.736
0.659
0.713
0.779
0.778
0.767
0.81
0.862
0.751
0.704
0.852
0.871
0.773
0.716
0.722
0.86
0.865
0.789
0.766
0.663
0.663
0.768
0.766
0.701
0.705
0.728
0.689
0.723
0.763
0.764
0.845
0.752
0.668
0.761
0.881
0.872
0.695
0.691
0.724
0.677
0.763
0.705
0.733
0.864
0.701
0.76
0.687
0.733
0.819
0.796
0.777
0.884
0.96
0.809
0.788
0.745
0.775
0.744
0.702
0.719
0.787
0.955
0.996
0.808
0.684
0.681
0.668
0.818
0.871
0.774
0.781
0.87
0.976
0.934
0.924
0.943
0.903
0.815
0.813
0.747
0.843
0.82
0.825
0.802
0.784
0.8
0.774
0.805
0.864
0.81
0.89
0.959
0.948
0.93
0.903
0.812
0.888
0.861
0.835
0.857
0.861
0.724
0.83
0.832
0.713
0.657
0.634
0.666
0.795
0.962
0.998
0.991
0.814
0.834
0.918
0.977
0.931
0.837
0.842
0.86
0.808
0.869
0.917
0.935
0.967
0.872
0.851
0.818
0.926
0.8
0.774
0.825
0.951
0.98
0.943
0.934
0.871
0.796
0.846
0.902
0.782
0.671
0.744
0.812
0.723
0.737
0.78
0.705
0.796
0.863
0.817
0.89
0.848
0.878
0.972
0.939
0.913
0.869
0.92
0.869
0.694
0.783
0.864
0.953
0.956
0.866
0.833
0.809
0.865
0.825
0.832
0.914
0.974
0.92
0.965
0.978
0.955
0.93
0.956
0.933
0.886
0.865
0.824
0.795
0.709
0.756
0.788
0.892
0.665
0.837
0.872
0.957
0.877
0.959
0.981
0.937
0.882
0.839
0.863
0.851
0.851
0.896
0.992
0.946
0.852
0.801
0.86
0.848
0.718
0.728
0.907
0.873
0.748
0.796
0.667
0.751
0.791
0.802
0.843
0.711
0.759
0.846
0.811
0.639
0.525
0.704
0.924
0.853
0.74
0.641
0.63
0.805
0.633
0.787
0.63
0.764
0.761
0.752
0.548
0.615
0.549
0.483
0.516
0.628
0.701
0.717
0.801
0.748
0.703
0.69
0.775
0.624
0.625
0.627
0.746
0.891
0.819
0.723
0.748
0.806
0.8
0.683
0.864
0.734
0.683
0.77
0.832
0.881
0.723
0.804
0.861
0.823
0.835
0.779
0.762
0.817
0.812
0.793
0.726
0.7
0.666
0.688
0.727
0.858
0.79
0.751
0.707
0.761
0.794
0.773
0.786
0.772
0.764
0.842
0.852
0.716
0.734
0.695
0.782
0.741
0.764
0.731
0.815
0.774
0.801
0.731
0.767
0.779
0.683
0.69
0.772
0.823
0.791
0.734
0.668
0.653
0.68
0.772
0.786
0.796
0.75
0.84
0.798
0.744
0.774
0.837
0.777
0.782
0.659
0.685
0.735
0.679
0.715
0.78
0.81
0.71
0.721
0.693
0.708
0.781
0.796
0.75
0.697
0.834
0.754
0.676
0.676
0.789
0.704
0.615
0.68
0.72
0.78
0.762
0.778
0.843
0.779
0.871
0.808
0.739
0.778
0.793
0.656
0.727
0.778
0.648
0.678
0.684
0.786
0.866
0.807
0.779
0.71
0.794
0.707
0.846
0.779
0.836
0.728
0.785
0.9
0.853
0.807
0.78
0.7
0.667
0.736
0.65
0.77
0.655
0.608
0.687
0.673
0.805
0.746
0.643
0.722
0.717
0.634
0.617
0.755
0.935
0.827
0.808
0.927
0.826
0.671
0.688
0.694
0.68
0.605
0.733
0.737
0.67
0.756
0.85
0.764
0.669
0.792
0.837
0.885
0.789
0.734
0.695
0.656
0.691
0.761
0.802
0.926
0.974
0.913
0.773
0.916
0.837
0.862
0.679
0.682
0.679
0.632
0.688
0.862
0.841
0.917
0.754
0.816
0.749
0.768
0.838
0.918
0.957
0.929
0.91
0.83
0.781
0.818
0.935
0.721
0.694
0.685
0.863
0.921
0.917
0.876
0.909
0.913
0.872
0.867
0.863
0.795
0.771
0.833
0.74
0.707
0.75
0.825
0.777
0.94
0.887
0.941
0.936
0.925
0.837
0.921
0.941
0.891
0.87
0.861
0.91
0.965
1.002
0.894
0.76
0.795
0.879
0.746
0.739
0.85
0.896
0.934
0.996
0.994
0.989
0.908
1.032
1.001
0.908
0.884
0.752
0.768
0.845
0.841
0.891
0.866
0.942
0.856
0.877
0.845
0.837
0.932
1.018
0.956
0.962
0.916
0.954
0.846
0.725
0.795
0.84
0.934
0.85
0.976
0.934
0.89
0.879
0.814
0.75
0.83
0.909
0.911
0.952
0.919
0.876
0.928
0.779
0.757
0.889
0.742
0.765
0.857
0.872
0.873
0.696
0.611
0.861
0.834
0.787
0.945
0.874
0.731
0.759
0.766
0.72
0.89
0.752
0.806
0.783
0.705
0.642
0.53
0.701
0.653
0.672
0.909
0.707
0.66
0.673
0.836
0.682
0.964
0.817
0.797
0.616
0.774
0.716
0.672
0.655
0.551
0.521
0.498
0.442
0.555
0.592
0.608
0.791
0.813
0.865
0.873
0.868
0.671
0.583
0.798
0.749
0.747
0.74
0.755
0.75
0.638
0.735
0.805
0.633
0.606
0.824
0.84
0.767
0.72
0.73
0.675
0.514
0.465
0.55
0.609
0.714
0.796
0.662
0.599
0.61
0.64
0.736
0.758
0.587
0.625
0.612
0.508
0.681
0.68
0.726
0.627
0.597
0.625
0.683
0.758
0.69
0.644
0.613
0.611
0.617
0.623
0.68
0.712
0.636
0.716
0.885
0.928
0.833
0.835
0.732
0.808
0.819
0.762
0.752
0.83
0.829
0.75
0.727
0.681
0.727
0.822
0.751
0.655
0.761
0.752
0.848
0.829
0.773
0.746
0.752
0.664
0.694
0.718
0.788
0.861
0.83
0.795
0.767
0.722
0.741
0.719
0.754
0.76
0.734
0.733
0.721
0.846
0.779
0.603
0.631
0.676
0.75
0.726
0.853
0.845
0.862
0.81
0.707
0.703
0.752
0.78
0.758
0.789
0.834
0.77
0.715
0.761
0.761
0.709
0.761
0.811
0.748
0.673
0.766
0.746
0.632
0.606
0.617
0.693
0.709
0.695
0.711
0.676
0.691
0.703
0.61
0.625
0.667
0.576
0.63
0.72
0.715
0.61
0.536
0.575
0.65
0.728
0.851
0.86
0.726
0.874
0.802
0.782
0.676
0.816
0.739
0.696
0.758
0.715
0.595
0.612
0.635
0.737
0.659
0.623
0.677
0.646
0.748
0.825
0.788
0.625
0.499
0.849
0.866
0.718
0.609
0.713
0.73
0.73
0.723
0.647
0.664
0.648
0.665
0.757
0.962
0.781
0.649
0.825
0.945
0.901
0.71
0.652
0.904
0.836
0.77
0.71
0.728
0.81
0.897
0.863
0.861
0.856
0.761
0.769
0.682
0.675
0.687
0.715
0.779
0.676
0.847
0.857
0.722
0.758
0.712
0.7
0.668
0.845
0.936
0.935
0.938
0.827
0.885
0.941
0.887
0.736
0.821
0.88
0.942
0.942
0.965
0.913
0.884
0.762
0.675
0.67
0.836
0.917
0.887
0.896
0.837
0.89
0.843
0.73
0.71
0.963
0.741
0.797
0.723
0.792
0.92
0.939
0.899
0.933
0.914
0.975
0.998
1.001
0.957
1.019
0.933
0.955
0.95
0.969
0.994
0.919
0.86
0.867
0.904
0.914
0.939
0.941
0.907
0.945
0.872
0.967
0.98
0.879
0.78
0.899
0.698
0.758
0.845
0.856
0.899
0.941
0.836
0.728
0.823
0.826
0.97
0.896
0.829
0.807
0.782
0.877
0.901
0.805
0.849
0.836
0.816
0.914
0.968
0.958
0.819
0.606
0.61
0.694
0.921
0.972
1.024
0.891
0.684
0.706
0.797
0.719
0.579
0.574
0.639
0.653
0.74
0.824
0.818
0.606
0.845
0.797
0.739
0.663
0.583
0.474
0.717
0.877
0.832
0.865
0.798
0.767
0.723
0.732
0.834
0.528
0.692
0.718
0.907
0.945
0.818
0.884
0.814
0.894
0.795
0.585
0.646
0.757
0.905
0.848
0.818
0.933
0.874
0.68
0.723
0.723
0.654
0.678
0.823
0.646
0.763
0.813
0.774
0.576
0.616
0.88
0.714
0.533
0.631
0.864
0.851
0.886
0.791
0.743
0.819
0.737
0.565
0.803
0.876
0.82
0.753
0.728
0.68
0.677
0.846
0.927
0.798
0.738
0.848
0.882
0.822
0.671
0.751
0.879
0.821
0.846
0.782
0.723
0.718
0.857
0.824
0.85
0.828
0.762
0.643
0.677
0.64
0.613
0.591
0.551
0.656
0.659
0.767
0.785
0.768
0.777
0.833
0.844
0.826
0.807
0.78
0.793
0.778
0.684
0.624
0.743
0.815
0.833
0.787
0.733
0.697
0.777
0.745
0.683
0.719
0.751
0.76
0.669
0.786
0.816
0.796
0.8
0.85
0.794
0.828
0.754
0.776
0.832
0.767
0.822
0.814
0.739
0.712
0.695
0.788
0.826
0.777
0.865
0.794
0.844
0.89
0.895
0.829
0.787
0.865
0.766
0.792
0.778
0.777
0.762
0.852
0.847
0.77
0.722
0.748
0.722
0.81
0.757
0.737
0.77
0.836
0.808
0.797
0.828
0.795
0.679
0.67
0.729
0.65
0.657
0.797
0.914
0.761
0.673
0.596
0.765
0.845
0.803
0.751
0.738
0.81
0.675
0.665
0.871
0.88
0.867
0.634
0.609
0.65
0.685
0.7
0.665
0.687
0.627
0.755
0.714
0.744
0.875
0.941
0.924
0.808
0.764
0.683
0.657
0.621
0.662
0.604
0.778
0.712
0.639
0.632
0.599
0.606
0.83
0.798
0.746
0.647
0.709
0.675
0.722
0.853
0.832
0.78
0.774
0.896
0.877
0.946
0.872
0.697
0.646
0.718
0.846
0.751
0.637
0.768
0.947
0.774
0.821
0.82
0.841
0.869
0.863
0.915
0.877
0.892
0.871
0.829
0.828
0.747
0.823
0.87
0.924
0.884
0.753
0.763
0.867
0.833
0.86
0.888
0.819
0.637
0.672
0.692
0.846
0.788
0.788
0.799
0.892
0.988
0.995
0.97
0.936
0.967
0.955
0.928
0.902
0.966
0.951
0.935
0.937
0.898
0.878
0.924
0.957
0.979
0.962
0.987
0.985
0.899
0.92
0.909
0.879
0.889
0.939
0.946
0.856
0.85
0.928
0.998
1.028
0.942
1.08
1.008
0.981
1.053
0.844
0.925
0.981
0.964
0.982
0.848
0.84
0.941
0.874
0.874
0.867
0.808
0.842
0.825
0.764
0.693
0.829
0.901
0.952
1.002
0.985
0.977
0.945
0.808
0.859
0.925
0.879
0.858
0.939
0.891
0.89
0.946
0.987
0.969
1.01
0.874
0.761
0.807
1.029
0.969
0.742
0.804
0.814
0.735
0.788
0.901
0.97
0.865
0.733
0.733
0.74
0.748
0.748
0.678
0.758
0.892
0.826
0.818
0.789
0.875
0.94
0.889
0.9
0.915
0.779
0.859
0.669
0.645
0.837
0.863
0.783
0.847
0.835
0.739
0.694
0.923
0.765
0.672
0.699
0.655
0.694
0.795
0.619
0.686
0.917
0.843
0.918
0.884
0.742
0.522
0.584
0.71
0.77
0.753
0.974
0.82
0.825
0.867
0.726
0.661
0.92
0.933
0.818
0.632
0.6
0.884
0.867
0.873
0.794
0.952
0.913
0.797
0.945
0.703
0.592
0.598
0.772
0.918
0.921
0.858
0.725
0.805
0.832
0.693
0.722
0.843
0.689
0.722
0.901
0.871
0.774
0.642
0.595
0.62
0.815
0.822
0.76
0.75
0.813
0.857
0.854
0.906
0.797
0.757
0.803
0.834
0.767
0.663
0.687
0.798
0.879
0.788
0.814
0.798
0.806
0.754
0.801
0.824
0.661
0.727
0.756
0.798
0.791
0.704
0.702
0.757
0.636
0.64
0.669
0.729
0.776
0.749
0.655
0.592
0.697
0.756
0.8
0.731
0.824
0.803
0.77
0.872
0.719
0.656
0.767
0.777
0.782
0.794
0.742
0.688
0.718
0.789
0.806
0.774
0.77
0.732
0.747
0.747
0.773
0.76
0.77
0.801
0.778
0.674
0.703
0.743
0.787
0.722
0.821
0.811
0.714
0.731
0.72
0.78
0.79
0.752
0.801
0.728
0.754
0.761
0.749
0.841
0.748
0.741
0.724
0.715
0.716
0.703
0.745
0.779
0.913
0.937
0.859
0.78
0.807
0.736
0.79
0.836
0.935
0.927
0.873
0.849
0.743
0.742
0.685
0.808
0.831
0.823
0.801
0.727
0.776
0.881
0.897
0.716
0.741
0.71
0.866
0.748
0.685
0.671
0.665
0.718
0.849
0.939
0.838
0.721
0.717
0.752
0.752
0.744
0.741
0.702
0.876
0.756
0.857
0.862
0.897
0.885
0.833
0.728
0.794
0.857
0.81
0.81
0.873
0.677
0.686
0.676
0.741
0.72
0.705
0.862
0.976
0.866
0.771
0.754
0.847
0.782
0.734
0.723
0.729
0.726
0.756
0.867
0.755
0.703
0.728
0.758
0.776
0.851
0.918
0.879
0.754
0.83
0.791
0.881
0.955
0.762
0.809
0.875
0.781
0.869
0.876
0.914
0.861
0.804
0.925
0.977
0.919
0.837
0.819
0.922
0.958
0.853
0.7
0.797
0.844
0.885
0.976
0.956
0.714
0.878
0.937
0.963
0.974
0.961
0.931
0.938
1.016
0.989
0.994
0.992
0.704
0.717
0.77
0.881
0.902
0.825
0.805
0.847
0.874
0.896
0.938
0.762
0.798
0.913
0.978
0.935
0.975
0.933
0.959
0.954
0.842
0.954
0.919
0.877
0.937
0.927
0.975
0.943
0.917
0.998
0.954
0.933
0.92
0.907
0.824
0.839
0.883
0.903
0.821
0.94
0.879
0.865
0.848
0.813
0.93
0.91
1.009
0.944
0.914
0.864
0.765
0.861
0.975
0.886
1.005
0.961
0.848
0.871
0.862
0.866
0.717
0.865
0.845
0.825
0.78
0.633
0.691
0.941
0.661
0.6
0.696
0.826
0.764
0.651
0.733
0.823
0.823
0.678
0.901
0.886
0.754
0.621
0.989
0.944
0.781
0.609
0.419
0.586
0.727
0.733
0.839
0.724
0.726
0.561
0.536
0.685
0.924
0.929
0.714
0.469
0.679
0.848
0.766
0.594
0.493
0.527
0.712
0.776
0.709
0.671
0.595
0.635
0.836
0.557
0.507
0.827
0.788
0.968
0.843
0.778
0.831
0.644
0.694
0.9
0.799
0.746
0.811
0.705
0.758
0.715
0.752
0.734
0.817
0.831
0.763
0.662
0.645
0.636
0.631
0.883
0.794
0.703
0.73
0.848
0.877
0.9
0.955
0.953
0.91
0.749
0.687
0.697
0.694
0.747
0.708
0.58
0.598
0.76
0.763
0.689
0.647
0.755
0.861
0.862
0.786
0.729
0.778
0.745
0.601
0.671
0.786
0.768
0.684
0.628
0.709
0.747
0.814
0.797
0.836
0.806
0.692
0.708
0.752
0.81
0.853
0.726
0.694
0.735
0.723
0.72
0.806
0.817
0.843
0.835
0.699
0.675
0.776
0.901
0.865
0.859
0.779
0.789
0.8
0.769
0.712
0.68
0.671
0.758
0.817
0.813
0.764
0.687
0.628
0.674
0.688
0.72
0.805
0.887
0.918
0.913
0.754
0.834
0.909
0.87
0.879
0.702
0.839
0.863
0.84
0.763
0.838
0.877
0.846
0.81
0.836
0.804
0.783
0.83
0.843
0.766
0.787
0.698
0.708
0.767
0.815
0.853
0.862
0.874
0.843
0.811
0.805
0.772
0.816
0.747
0.829
0.775
0.736
0.891
0.734
0.688
0.815
0.736
0.8
0.799
0.74
0.771
0.77
0.799
0.745
0.687
0.715
0.728
0.689
0.724
0.661
0.644
0.671
0.801
0.741
0.705
0.755
0.793
0.642
0.72
0.733
0.647
0.627
0.734
0.631
0.705
0.644
0.666
0.892
0.875
0.895
0.762
0.774
0.753
0.787
0.748
0.892
0.757
0.76
0.75
0.778
0.9
0.843
0.858
0.842
0.697
0.692
0.641
0.871
0.891
0.84
0.822
0.899
0.867
0.875
0.908
0.935
0.802
0.695
0.788
0.894
0.854
0.908
0.98
0.975
0.823
0.731
0.852
0.929
0.812
0.832
0.911
0.901
0.887
0.952
0.921
0.897
0.889
0.944
0.911
0.831
0.866
0.811
0.927
0.905
0.806
0.926
0.961
0.953
0.982
0.92
0.874
0.727
0.778
0.87
0.691
0.767
0.897
0.928
0.996
0.995
0.966
1.003
0.977
0.957
0.845
0.681
0.795
0.908
0.812
0.911
0.925
0.933
0.906
0.835
0.841
0.761
0.917
0.969
0.979
0.906
0.891
0.941
0.895
0.913
0.946
0.891
0.743
0.71
0.845
0.815
0.761
0.812
0.894
0.889
0.746
0.676
0.83
0.952
0.812
0.783
0.81
0.856
0.984
0.993
0.97
0.938
0.917
0.798
0.898
0.834
0.873
0.812
0.905
0.785
0.839
0.827
0.936
0.916
0.845
0.743
0.726
0.942
0.979
0.713
0.621
0.648
0.729
0.785
0.698
0.672
0.837
0.972
0.978
0.98
0.94
0.843
0.786
0.731
0.586
0.866
0.772
0.712
0.789
0.705
0.696
0.759
0.814
0.731
0.872
0.693
0.543
0.478
0.881
0.985
0.749
0.547
0.517
0.457
0.829
0.838
0.885
0.849
0.658
0.732
0.803
0.553
0.647
0.557
0.529
0.575
0.887
0.792
0.754
0.694
0.926
0.926
0.915
0.9
0.905
0.757
0.714
0.755
0.915
0.793
0.866
0.919
0.909
0.805
0.71
0.624
0.642
0.593
0.462
0.537
0.595
0.624
0.695
0.696
0.771
0.885
0.745
0.553
0.574
0.659
0.597
0.781
0.727
0.751
0.727
0.643
0.659
0.597
0.623
0.563
0.729
0.894
0.921
0.859
0.734
0.811
0.792
0.843
0.831
0.722
0.684
0.752
0.674
0.733
0.716
0.692
0.676
0.779
0.723
0.749
0.707
0.823
0.763
0.645
0.705
0.751
0.814
0.769
0.787
0.812
0.741
0.679
0.633
0.644
0.684
0.638
0.783
0.843
0.84
0.729
0.746
0.812
0.792
0.883
0.776
0.739
0.645
0.655
0.753
0.84
0.807
0.701
0.718
0.655
0.658
0.725
0.841
0.88
0.867
0.773
0.738
0.778
0.835
0.764
0.807
0.795
0.808
0.822
0.796
0.799
0.828
0.713
0.709
0.816
0.823
0.816
0.881
0.873
0.793
0.766
0.74
0.859
0.85
0.778
0.743
0.776
0.747
0.722
0.723
0.798
0.85
0.693
0.708
0.683
0.764
0.786
0.762
0.642
0.797
0.875
0.868
0.738
0.693
0.736
0.742
0.741
0.607
0.669
0.748
0.759
0.829
0.794
0.594
0.615
0.692
0.636
0.843
0.823
0.835
0.82
0.892
0.854
0.791
0.684
0.728
0.696
0.724
0.739
0.701
0.689
0.72
0.832
0.824
0.731
0.741
0.682
0.726
0.721
0.689
0.562
0.628
0.857
0.743
0.82
0.78
0.736
0.777
0.736
0.73
0.653
0.639
0.696
0.68
0.74
0.916
0.727
0.733
0.765
0.79
0.828
0.792
0.854
0.774
0.829
0.777
0.717
0.715
0.758
0.778
0.625
0.888
0.806
0.763
0.808
0.871
0.902
0.739
0.884
0.917
0.872
0.896
0.908
0.766
0.792
0.799
0.858
0.72
0.615
0.853
0.81
0.842
0.853
0.806
0.865
0.901
0.956
0.874
0.608
0.635
0.695
0.682
0.79
0.905
0.968
0.752
0.723
0.674
0.773
0.931
0.868
0.844
1
0.955
0.964
0.908
0.92
0.857
0.963
0.942
0.875
0.885
0.997
0.982
0.968
0.903
0.892
0.944
1.006
0.969
0.958
0.953
0.932
0.933
0.981
0.903
0.906
0.952
0.863
0.999
0.919
0.885
0.872
0.874
0.927
0.969
0.936
0.809
0.765
0.921
0.658
0.699
0.641
0.66
0.934
0.784
0.708
0.639
0.666
0.67
0.714
0.862
0.912
0.889
0.892
0.976
0.899
0.85
0.944
0.81
0.788
0.91
0.768
0.8
0.917
0.851
0.825
0.808
0.791
0.856
0.854
0.835
0.911
0.903
0.843
0.709
0.757
0.795
0.7
0.669
0.665
0.695
0.611
0.498
0.588
0.529
0.398
0.841
0.854
0.699
0.818
0.851
0.817
0.7
0.665
0.862
0.805
0.88
0.801
0.605
0.49
0.552
0.952
0.938
0.878
0.751
0.792
0.76
0.937
0.948
0.717
0.556
0.512
0.622
0.839
0.789
0.574
0.46
0.472
0.474
0.455
0.555
0.716
0.572
0.676
0.821
0.573
0.767
0.774
0.806
0.872
0.784
0.678
0.666
0.665
0.762
0.628
0.529
0.667
0.916
0.9
0.74
0.762
0.688
0.608
0.559
0.494
0.601
0.8
0.801
0.834
0.687
0.708
0.679
0.63
0.699
0.554
0.61
0.62
0.64
0.683
0.753
0.685
0.614
0.637
0.613
0.627
0.71
0.711
0.68
0.639
0.659
0.711
0.621
0.696
0.814
0.783
0.686
0.823
0.816
0.707
0.784
0.762
0.825
0.763
0.723
0.781
0.78
0.634
0.675
0.746
0.7
0.68
0.692
0.722
0.76
0.781
0.858
0.839
0.793
0.716
0.769
0.701
0.673
0.706
0.7
0.775
0.742
0.662
0.761
0.678
0.704
0.763
0.772
0.712
0.76
0.836
0.668
0.721
0.772
0.761
0.82
0.849
0.686
0.711
0.829
0.782
0.748
0.797
0.714
0.687
0.724
0.825
0.865
0.823
0.794
0.777
0.703
0.698
0.71
0.721
0.678
0.605
0.655
0.807
0.826
0.77
0.607
0.645
0.601
0.528
0.521
0.603
0.602
0.566
0.674
0.662
0.618
0.55
0.722
0.708
0.535
0.611
0.627
0.764
0.566
0.519
0.669
0.781
0.783
0.672
0.662
0.795
0.879
0.662
0.714
0.652
0.769
0.931
0.918
0.767
0.631
0.756
0.763
0.639
0.743
0.864
0.792
0.652
0.641
0.589
0.697
0.798
0.754
0.684
0.673
0.732
0.66
0.557
0.51
0.662
0.639
0.802
0.75
0.685
0.696
0.771
0.66
0.619
0.734
0.765
0.852
0.761
0.732
0.8
0.686
0.712
0.677
0.63
0.703
0.859
0.715
0.721
0.667
0.815
0.818
0.951
0.868
0.791
0.751
0.641
0.653
0.757
0.742
0.885
0.921
0.887
0.783
0.711
0.647
0.836
0.758
0.806
0.909
0.96
0.962
0.85
0.797
0.753
0.897
0.913
0.668
0.783
0.765
0.691
0.717
0.863
0.845
0.84
0.961
0.976
0.937
0.89
0.962
1.005
1.001
0.82
0.83
0.864
0.812
0.856
0.934
0.878
0.831
0.887
0.737
0.762
0.837
0.817
0.828
0.834
0.896
0.784
0.745
0.918
0.779
0.7
0.795
0.739
0.801
0.84
0.972
0.922
0.891
0.776
0.885
0.959
0.819
0.785
0.826
0.746
0.78
0.872
0.937
0.747
0.89
0.963
0.857
0.884
0.745
0.914
0.92
0.953
0.902
0.816
0.832
0.859
0.986
0.938
0.948
0.809
0.616
0.736
0.782
0.655
0.541
0.636
0.532
0.522
0.614
0.663
0.883
0.815
0.795
0.606
0.651
0.586
0.776
0.711
0.614
0.859
0.947
0.884
0.775
0.705
0.685
0.737
0.607
0.651
0.575
0.795
0.674
0.524
0.43
0.728
0.878
0.853
0.64
0.661
0.711
0.895
0.74
0.698
0.793
0.734
0.66
0.673
0.68
0.668
0.871
0.864
0.819
0.873
0.839
0.873
0.673
0.626
0.666
0.53
0.488
0.603
0.483
0.567
0.683
0.845
0.649
0.662
0.704
0.671
0.648
0.727
0.74
0.823
0.599
0.7
0.808
0.698
0.678
0.719
0.782
0.726
0.942
0.817
0.724
0.711
0.782
0.742
0.725
0.71
0.861
0.95
0.84
0.774
0.749
0.72
0.772
0.719
0.676
0.84
0.775
0.691
0.749
0.769
0.723
0.757
0.835
0.802
0.692
0.848
0.802
0.806
0.85
0.782
0.72
0.844
0.792
0.768
0.752
0.789
0.782
0.823
0.715
0.718
0.702
0.737
0.702
0.783
0.852
0.767
0.754
0.671
0.647
0.788
0.836
0.8
0.725
0.742
0.773
0.765
0.759
0.786
0.798
0.759
0.713
0.721
0.696
0.671
0.693
0.75
0.801
0.779
0.741
0.816
0.862
0.831
0.843
0.853
0.797
0.741
0.693
0.892
0.868
0.832
0.879
0.871
0.784
0.749
0.731
0.754
0.864
0.81
0.756
0.906
0.727
0.68
0.677
0.768
0.854
0.824
0.761
0.795
0.851
0.869
0.839
0.869
0.852
0.809
0.8
0.831
0.844
0.729
0.708
0.725
0.802
0.83
0.833
0.885
0.873
0.78
0.833
0.821
0.721
0.739
0.76
0.677
0.763
0.833
0.713
0.878
0.896
0.751
0.745
0.749
0.773
0.664
0.679
0.692
0.762
0.735
0.848
0.937
0.895
0.736
0.763
0.718
0.724
0.732
0.723
0.654
0.713
0.861
0.853
0.901
0.844
0.762
0.664
0.711
0.819
0.714
0.891
0.924
0.81
0.754
0.801
0.735
0.713
0.659
0.669
0.63
0.572
0.747
0.704
0.705
0.899
0.924
0.941
0.908
0.765
0.844
0.902
0.803
0.756
0.744
0.82
0.764
0.716
0.719
0.832
0.793
0.645
0.691
0.786
0.951
0.944
0.885
0.892
0.891
0.782
0.717
0.758
0.746
0.806
0.653
0.839
0.892
0.735
0.791
0.95
0.874
0.81
0.898
0.84
0.934
0.976
0.809
0.833
0.872
0.845
0.81
0.876
0.82
0.82
0.88
0.913
0.88
0.933
0.926
0.932
0.934
0.93
0.941
0.957
0.976
0.973
0.973
0.939
0.922
0.977
0.967
0.957
0.973
0.985
0.996
0.981
0.95
0.961
0.951
0.886
0.912
0.956
0.971
0.98
0.859
0.879
0.912
0.933
0.937
0.977
0.975
0.928
0.821
0.832
0.857
0.957
0.969
0.907
0.895
1.013
0.882
0.712
0.874
0.867
0.958
0.926
0.924
0.706
0.687
0.726
0.883
0.787
0.829
0.897
0.904
0.951
0.815
0.809
0.679
0.728
0.887
0.902
0.871
0.817
0.796
0.888
0.854
0.894
0.807
0.826
0.903
0.971
0.867
0.794
0.943
0.933
0.849
0.707
0.837
0.823
0.778
0.711
0.733
0.735
0.735
0.686
0.675
0.783
0.883
0.848
0.851
0.733
0.677
0.733
0.556
0.883
0.831
0.683
0.609
0.811
0.94
0.813
0.776
0.593
0.764
0.889
0.715
0.697
0.519
0.771
0.86
0.813
0.756
0.845
0.541
0.48
0.542
0.638
0.483
0.443
0.486
0.571
0.567
0.556
0.786
0.764
0.784
0.783
0.531
0.527
0.621
0.808
0.622
0.622
0.9
0.904
0.869
0.78
0.698
0.659
0.819
0.904
0.716
0.769
0.791
0.768
0.83
0.835
0.827
0.681
0.639
0.828
0.842
0.861
0.776
0.781
0.924
0.816
0.641
0.645
0.697
0.73
0.628
0.639
0.68
0.658
0.719
0.617
0.591
0.695
0.66
0.832
0.888
0.75
0.68
0.641
0.707
0.637
0.657
0.613
0.787
0.827
0.635
0.735
0.867
0.757
0.623
0.708
0.794
0.621
0.69
0.734
0.669
0.624
0.695
0.644
0.617
0.689
0.797
0.82
0.792
0.759
0.765
0.729
0.737
0.794
0.791
0.655
0.754
0.868
0.81
0.796
0.692
0.75
0.778
0.732
0.623
0.666
0.804
0.801
0.854
0.859
0.796
0.809
0.787
0.673
0.64
0.748
0.836
0.835
0.774
0.846
0.73
0.814
0.873
0.847
0.824
0.844
0.808
0.744
0.704
0.7
0.795
0.735
0.661
0.702
0.774
0.722
0.712
0.731
0.776
0.782
0.825
0.768
0.669
0.759
0.758
0.665
0.654
0.688
0.814
0.901
0.86
0.803
0.859
0.776
0.877
0.927
0.831
0.813
0.793
0.773
0.731
0.714
0.719
0.679
0.767
0.951
0.827
0.651
0.596
0.654
0.732
0.889
0.959
0.882
0.895
0.762
0.85
0.765
0.642
0.7
0.772
0.731
0.879
0.902
0.91
0.824
0.751
0.763
0.645
0.699
0.733
0.723
0.714
0.88
0.779
0.719
0.737
0.708
0.683
0.718
0.766
0.809
0.757
0.675
0.634
0.795
0.723
0.808
0.829
0.713
0.836
0.799
0.703
0.669
0.695
0.721
0.932
0.756
0.897
0.878
0.965
0.973
0.891
0.819
0.772
0.708
0.678
0.726
0.796
0.839
0.82
0.729
0.758
0.901
0.955
0.966
0.857
0.862
0.971
0.936
0.891
0.8
0.789
0.737
0.891
0.726
0.757
0.819
0.908
0.903
0.883
0.839
0.836
0.922
0.833
0.85
0.933
0.89
0.929
0.919
0.892
0.957
0.979
0.969
0.952
0.949
0.867
0.946
0.839
0.854
0.83
0.861
0.92
0.941
0.92
0.891
0.99
0.84
0.749
0.753
0.838
0.927
0.969
0.967
0.961
0.773
0.867
0.884
0.908
0.938
0.883
0.933
0.909
0.944
0.887
0.896
0.838
0.765
0.781
0.915
0.857
0.796
0.768
0.965
0.935
0.908
0.801
0.765
0.742
0.952
0.788
0.692
0.795
0.835
0.938
0.652
0.819
0.821
0.842
0.878
0.902
0.663
0.64
0.732
0.867
0.894
0.949
0.901
0.848
0.908
0.882
0.957
0.882
0.615
0.778
0.783
0.905
0.944
0.891
0.902
0.782
0.894
0.696
0.752
0.854
0.919
0.667
0.677
0.682
0.635
0.811
0.982
0.781
0.718
0.667
0.898
0.883
0.843
0.737
0.729
0.766
0.744
0.871
0.839
0.912
0.735
0.667
0.77
0.687
0.723
0.957
0.88
0.82
0.649
0.932
0.712
0.594
0.597
0.734
0.888
0.928
0.929
0.775
0.771
0.928
0.957
0.812
0.772
0.871
0.882
0.824
0.683
0.643
0.666
0.616
0.722
0.87
0.877
0.843
0.721
0.765
0.722
0.77
0.826
0.741
0.742
0.784
0.85
0.796
0.919
0.787
0.752
0.653
0.676
0.747
0.807
0.817
0.844
0.806
0.77
0.742
0.734
0.73
0.733
0.636
0.645
0.64
0.638
0.622
0.731
0.827
0.784
0.624
0.664
0.775
0.743
0.74
0.71
0.698
0.698
0.644
0.64
0.72
0.781
0.633
0.606
0.661
0.618
0.696
0.771
0.756
0.794
0.731
0.714
0.662
0.727
0.853
0.76
0.741
0.808
0.843
0.845
0.902
0.83
0.727
0.69
0.743
0.772
0.748
0.723
0.742
0.724
0.677
0.65
0.608
0.657
0.756
0.743
0.796
0.853
0.842
0.842
0.847
0.863
0.823
0.679
0.816
0.873
0.903
0.813
0.712
0.714
0.815
0.795
0.756
0.747
0.782
0.725
0.724
0.732
0.708
0.719
0.611
0.435
0.38
0.44
0.663
0.582
0.441
0.591
0.811
0.758
0.58
0.578
0.692
0.812
0.823
0.715
0.729
0.625
0.692
0.815
0.946
0.864
0.729
0.692
0.743
0.717
0.815
0.867
0.826
0.65
0.712
0.578
0.598
0.619
0.781
0.846
0.737
0.574
0.685
0.8
0.627
0.73
0.819
0.65
0.653
0.692
0.783
0.732
0.831
0.923
0.811
0.698
0.784
0.807
0.714
0.712
0.657
0.642
0.753
0.733
0.882
0.738
0.784
0.876
0.978
0.924
0.833
0.759
0.83
0.907
0.866
0.885
0.751
0.853
0.725
0.773
0.917
0.832
0.874
0.779
0.729
0.784
0.787
0.854
0.849
0.658
0.73
0.813
0.812
0.837
0.835
0.908
0.905
0.722
0.874
0.868
0.925
0.922
0.948
0.925
0.868
0.86
0.911
0.985
0.915
0.772
0.819
0.741
0.758
0.922
0.901
0.924
0.96
0.99
0.965
0.99
0.917
0.91
0.917
0.89
0.902
0.9
0.889
0.96
0.962
0.871
0.762
0.805
0.768
0.657
0.706
0.837
0.837
0.78
0.822
0.818
0.731
0.731
0.739
0.839
0.845
0.859
0.688
0.854
0.898
0.897
0.933
0.949
0.958
0.947
0.936
0.698
0.779
0.824
0.764
0.778
0.884
0.745
0.801
0.777
0.882
0.876
0.888
0.922
0.925
0.946
0.942
0.884
0.949
0.901
0.86
0.749
0.752
0.93
0.949
0.942
0.947
0.806
0.9
0.897
0.855
0.907
0.917
0.863
0.717
0.797
0.833
0.925
0.904
0.708
0.795
0.788
0.948
0.944
0.881
0.924
0.865
0.761
0.668
0.745
0.814
0.659
0.693
0.903
0.692
0.764
0.774
0.712
0.885
0.97
0.917
0.726
0.926
0.929
0.895
0.88
0.793
0.638
0.727
0.507
0.53
0.577
0.89
0.896
0.81
0.683
0.77
0.875
0.668
0.438
0.562
0.604
0.415
0.514
0.633
0.704
0.728
0.925
0.888
0.709
0.851
0.74
0.81
0.935
0.934
0.845
0.846
0.892
0.771
0.704
0.833
0.92
0.898
0.917
0.851
0.817
0.811
0.751
0.853
0.832
0.816
0.765
0.718
0.734
0.668
0.785
0.881
0.775
0.65
0.761
0.911
0.865
0.722
0.728
0.745
0.804
0.631
0.848
0.921
0.928
0.815
0.67
0.797
0.886
0.848
0.776
0.773
0.723
0.603
0.587
0.578
0.645
0.757
0.788
0.715
0.797
0.764
0.657
0.66
0.633
0.783
0.862
0.786
0.809
0.834
0.842
0.881
0.824
0.75
0.672
0.708
0.807
0.811
0.742
0.812
0.676
0.741
0.857
0.809
0.801
0.767
0.773
0.818
0.901
0.787
0.741
0.725
0.825
0.797
0.773
0.797
0.829
0.827
0.83
0.813
0.774
0.808
0.787
0.78
0.777
0.827
0.79
0.859
0.853
0.778
0.748
0.717
0.768
0.846
0.905
0.712
0.655
0.838
0.903
0.819
0.783
0.865
0.796
0.694
0.928
0.91
0.888
0.818
0.723
0.672
0.751
0.849
0.843
0.853
0.812
0.759
0.784
0.835
0.807
0.691
0.689
0.719
0.872
0.727
0.676
0.851
0.791
0.784
0.749
0.639
0.808
0.739
0.786
0.68
0.652
0.671
0.649
0.83
0.696
0.587
0.647
0.694
0.618
0.705
0.751
0.768
0.68
0.708
0.782
0.794
0.677
0.583
0.776
0.739
0.821
0.798
0.749
0.646
0.77
0.872
0.748
0.755
0.811
0.716
0.819
0.864
0.875
0.865
0.773
0.858
0.845
0.691
0.664
0.574
0.611
0.869
0.918
0.808
0.661
0.747
0.916
0.881
0.908
0.928
0.846
0.832
0.861
0.823
0.874
0.666
0.745
0.87
0.919
0.832
0.8
0.774
0.631
0.602
0.709
0.828
0.865
0.755
0.816
0.846
0.939
0.902
0.702
0.679
0.85
0.908
0.862
0.872
0.871
0.854
0.815
0.829
0.869
0.95
0.933
0.88
0.902
0.876
0.726
0.907
0.879
0.795
0.817
0.958
0.983
0.923
0.919
0.849
0.806
0.825
0.808
0.717
0.821
0.932
0.889
0.781
0.876
0.792
0.852
0.909
0.8
0.731
0.775
0.852
0.783
0.843
0.831
0.932
0.939
0.874
0.845
0.837
0.89
0.922
0.929
0.939
0.901
0.896
0.963
0.904
0.867
0.873
0.912
0.787
0.85
0.888
0.9
0.823
0.731
0.785
0.862
0.887
0.948
0.907
0.816
0.847
0.91
0.885
0.889
0.869
0.753
0.638
0.754
0.93
0.842
0.911
1.003
0.901
0.824
0.844
0.842
0.712
0.77
0.666
0.63
0.805
0.778
0.834
0.842
0.863
0.877
0.861
0.79
0.591
0.71
0.829
0.903
0.905
0.906
0.909
0.754
0.967
0.946
0.927
0.904
0.826
0.796
0.592
0.646
0.798
0.767
0.756
0.673
0.726
0.809
0.896
0.719
0.519
0.577
0.663
0.677
0.816
0.869
0.865
0.873
0.871
0.628
0.791
0.775
0.78
0.69
0.715
0.722
0.856
0.939
0.736
0.707
0.785
0.656
0.803
0.761
0.777
0.685
0.704
0.69
0.661
0.736
0.892
0.842
0.794
0.781
0.833
0.821
0.88
0.796
0.741
0.819
0.825
0.815
0.763
0.825
0.787
0.846
0.885
0.83
0.633
0.689
0.726
0.677
0.624
0.648
0.703
0.726
0.844
0.967
0.872
0.816
0.787
0.765
0.766
0.789
0.798
0.761
0.633
0.735
0.783
0.736
0.694
0.85
0.755
0.761
0.729
0.752
0.65
0.67
0.701
0.82
0.778
0.834
0.797
0.748
0.856
0.774
0.751
0.766
0.787
0.807
0.821
0.852
0.776
0.694
0.802
0.733
0.744
0.724
0.795
0.806
0.725
0.706
0.858
0.919
0.854
0.787
0.798
0.822
0.786
0.698
0.771
0.826
0.831
0.703
0.741
0.758
0.774
0.883
0.847
0.77
0.713
0.726
0.717
0.732
0.726
0.858
0.916
0.92
0.854
0.754
0.818
0.845
0.761
0.789
0.806
0.813
0.87
0.877
0.755
0.77
0.773
0.813
0.763
0.764
0.739
0.803
0.912
0.888
0.703
0.675
0.761
0.729
0.726
0.743
0.798
0.855
0.764
0.702
0.732
0.659
0.623
0.592
0.66
0.739
0.712
0.706
0.771
0.778
0.67
0.691
0.782
0.588
0.64
0.624
0.631
0.6
0.697
0.782
0.712
0.758
0.746
0.808
0.861
0.873
0.826
0.696
0.799
0.934
0.923
0.881
0.835
0.871
0.896
0.74
0.724
0.85
0.861
0.874
0.852
0.731
0.765
0.91
0.83
0.882
0.751
0.745
0.814
0.651
0.61
0.642
0.8
0.781
0.712
0.677
0.645
0.781
0.913
0.929
0.938
0.946
0.83
0.785
0.905
0.978
0.892
0.743
0.703
0.802
0.745
0.817
0.865
0.838
0.82
0.781
0.881
0.897
0.969
0.88
0.836
0.957
0.873
0.88
0.86
0.823
0.852
0.842
0.816
0.855
0.944
0.867
0.891
0.891
0.928
0.938
0.988
0.902
0.892
0.822
0.919
0.924
0.965
0.915
0.965
0.974
0.916
0.914
0.941
0.876
0.909
0.936
0.931
0.951
0.943
0.937
0.883
0.739
0.782
0.756
0.738
0.893
0.833
0.841
0.871
0.901
0.94
0.925
0.929
0.907
0.899
0.818
0.923
0.942
0.938
0.939
0.936
0.934
0.9
0.814
0.854
0.944
0.936
0.852
0.876
0.905
0.863
0.923
0.928
0.882
0.717
0.611
0.699
0.81
0.92
0.922
0.814
0.821
0.834
0.828
0.809
0.936
0.911
0.824
0.815
0.895
0.878
0.891
0.895
0.755
0.629
0.689
0.872
0.847
0.702
0.629
0.656
0.699
0.785
0.834
0.917
0.926
0.864
0.817
0.913
0.879
0.827
0.857
0.819
0.918
0.85
0.735
0.765
0.883
0.892
0.79
0.717
0.538
0.652
0.768
0.906
0.756
0.568
0.724
0.803
0.801
0.706
0.749
0.554
0.502
0.544
0.561
0.66
0.881
0.876
0.948
0.87
0.79
0.865
0.862
0.767
0.732
0.87
0.763
0.74
0.779
0.646
0.67
0.566
0.546
0.611
0.491
0.606
0.685
0.873
0.8
0.758
0.846
0.761
0.644
0.726
0.866
0.903
0.583
0.645
0.846
0.891
0.795
0.616
0.63
0.602
0.688
0.571
0.595
0.601
0.671
0.833
0.831
0.708
0.642
0.578
0.589
0.632
0.656
0.708
0.774
0.819
0.755
0.868
0.869
0.766
0.772
0.761
0.73
0.629
0.707
0.628
0.575
0.633
0.633
0.648
0.624
0.705
0.684
0.757
0.808
0.726
0.714
0.719
0.772
0.774
0.781
0.692
0.595
0.533
0.641
0.719
0.783
0.798
0.832
0.804
0.767
0.788
0.715
0.766
0.737
0.735
0.697
0.835
0.731
0.881
0.788
0.719
0.677
0.68
0.703
0.706
0.676
0.681
0.807
0.72
0.755
0.722
0.743
0.75
0.807
0.777
0.805
0.882
0.83
0.755
0.737
0.736
0.81
0.863
0.862
0.741
0.74
0.731
0.733
0.763
0.892
0.778
0.667
0.892
0.877
0.755
0.763
0.725
0.671
0.786
0.739
0.709
0.757
0.838
0.753
0.7
0.622
0.63
0.692
0.765
0.897
0.918
0.798
0.794
0.774
0.622
0.697
0.845
0.805
0.766
0.837
0.822
0.727
0.767
0.608
0.664
0.721
0.734
0.688
0.657
0.699
0.863
0.892
0.862
0.892
0.9
0.88
0.866
0.779
0.717
0.702
0.66
0.755
0.729
0.724
0.784
0.844
0.672
0.868
0.88
0.743
0.637
0.681
0.584
0.694
0.739
0.804
0.734
0.732
0.728
0.761
0.837
0.814
0.812
0.884
0.694
0.671
0.659
0.731
0.665
0.931
0.895
0.731
0.737
0.672
0.717
0.804
0.814
0.766
0.9
0.882
0.751
0.799
0.854
0.889
0.785
0.745
0.868
0.803
0.887
0.886
0.905
0.886
0.89
0.913
0.962
0.931
0.861
0.849
0.828
0.907
0.907
0.802
0.851
0.884
0.958
0.929
0.956
0.904
0.884
0.923
0.939
0.913
0.899
0.956
0.932
0.928
0.891
0.901
0.944
0.937
0.929
0.764
0.816
0.862
0.837
0.835
0.905
0.825
0.856
0.895
0.752
0.8
0.92
0.908
0.813
0.897
0.91
0.777
0.875
0.814
0.831
0.756
0.746
0.799
0.896
0.885
0.829
0.786
0.854
0.96
0.95
0.891
0.831
0.808
0.751
0.778
0.816
0.819
0.802
0.816
0.824
0.825
0.894
0.872
0.667
0.73
0.71
0.726
0.754
0.833
0.752
0.774
0.661
0.74
0.745
0.702
0.874
0.791
0.75
0.813
0.834
0.849
0.775
0.982
0.929
0.779
0.887
0.93
0.817
0.716
0.674
0.779
0.647
0.703
0.728
0.66
0.728
0.782
0.701
0.704
0.776
0.643
0.798
0.75
0.624
0.723
0.88
0.874
0.902
0.769
0.782
0.678
0.84
0.848
0.695
0.635
0.515
0.697
0.716
0.642
0.722
0.64
0.845
0.814
0.669
0.529
0.552
0.603
0.67
0.797
0.742
0.669
0.668
0.76
0.746
0.78
0.661
0.577
0.764
0.651
0.717
0.778
0.603
0.472
0.613
0.641
0.811
0.891
0.883
0.824
0.941
0.887
0.777
0.763
0.886
0.797
0.755
0.696
0.626
0.525
0.665
0.785
0.784
0.683
0.646
0.596
0.658
0.755
0.777
0.713
0.747
0.581
0.497
0.547
0.67
0.707
0.773
0.653
0.727
0.706
0.635
0.59
0.482
0.584
0.694
0.772
0.678
0.703
0.808
0.766
0.748
0.672
0.812
0.789
0.709
0.767
0.688
0.642
0.781
0.743
0.746
0.776
0.687
0.653
0.622
0.76
0.798
0.734
0.792
0.798
0.762
0.804
0.723
0.69
0.805
0.761
0.767
0.779
0.852
0.717
0.738
0.775
0.732
0.8
0.839
0.795
0.801
0.769
0.785
0.782
0.854
0.82
0.718
0.755
0.823
0.83
0.781
0.772
0.824
0.663
0.658
0.792
0.826
0.73
0.732
0.766
0.783
0.837
0.733
0.75
0.808
0.784
0.764
0.816
0.801
0.879
0.957
0.882
0.857
0.813
0.825
0.857
0.765
0.709
0.764
0.699
0.702
0.752
0.832
0.856
0.817
0.793
0.741
0.785
0.774
0.706
0.775
0.805
0.791
0.651
0.764
0.847
0.846
0.757
0.691
0.689
0.761
0.642
0.765
0.782
0.716
0.81
0.82
0.829
0.668
0.683
0.701
0.655
0.794
0.85
0.758
0.668
0.709
0.607
0.635
0.953
0.881
0.91
0.841
0.721
0.823
0.854
0.804
0.694
0.588
0.859
0.863
0.699
0.765
0.846
0.726
0.685
0.719
0.671
0.679
0.688
0.847
0.926
0.848
0.871
0.952
0.846
0.851
0.819
0.842
0.971
0.882
0.793
0.87
0.791
0.683
0.748
0.82
0.74
0.682
0.783
0.804
0.698
0.901
0.947
0.944
0.823
0.799
0.767
0.812
0.788
0.851
0.707
0.567
0.626
0.656
0.683
0.889
0.853
0.867
0.785
0.906
0.827
0.74
0.771
0.844
0.968
0.92
0.9
0.877
0.933
0.861
0.767
0.808
0.876
0.912
0.914
0.816
0.813
0.855
0.979
0.958
0.873
0.874
0.799
0.703
0.715
0.882
0.958
0.923
0.938
0.852
0.689
0.773
0.873
0.773
0.819
0.929
0.881
0.88
0.808
0.814
0.916
0.848
0.823
0.857
0.86
0.852
0.863
0.788
0.827
0.854
0.846
0.862
0.927
0.914
0.886
0.888
0.863
0.924
0.906
0.89
0.92
0.928
0.856
0.878
0.909
0.944
0.928
0.825
0.856
0.939
0.922
0.91
0.866
0.936
0.86
0.817
0.827
0.824
0.662
0.801
0.812
0.832
0.86
0.801
0.709
0.828
0.844
0.873
0.807
0.789
0.651
0.745
0.862
0.849
0.922
0.918
0.942
0.844
0.701
0.759
0.878
0.784
0.709
0.781
0.851
0.824
0.69
0.89
0.749
0.71
0.734
0.81
0.755
0.702
0.824
0.928
0.794
0.744
0.799
0.744
0.82
0.77
0.881
0.619
0.454
0.436
0.658
0.783
0.874
0.926
0.927
0.868
0.696
0.749
0.823
0.869
0.85
0.839
0.832
0.733
0.6
0.576
0.59
0.69
0.628
0.819
0.764
0.609
0.715
0.847
0.852
0.683
0.69
0.827
0.844
0.661
0.553
0.518
0.64
0.694
0.735
0.694
0.603
0.593
0.537
0.506
0.625
0.656
0.742
0.873
0.728
0.641
0.77
0.737
0.567
0.511
0.593
0.631
0.611
0.636
0.525
0.578
0.584
0.631
0.72
0.629
0.628
0.596
0.631
0.688
0.67
0.668
0.779
0.738
0.59
0.693
0.673
0.6
0.705
0.742
0.666
0.62
0.635
0.695
0.659
0.842
0.768
0.735
0.704
0.764
0.611
0.64
0.78
0.777
0.783
0.663
0.649
0.635
0.708
0.741
0.737
0.778
0.769
0.809
0.77
0.59
0.62
0.652
0.704
0.709
0.83
0.839
0.797
0.803
0.762
0.831
0.717
0.71
0.721
0.656
0.733
0.75
0.716
0.681
0.791
0.94
0.931
0.886
0.749
0.745
0.836
0.821
0.772
0.755
0.675
0.806
0.819
0.74
0.716
0.738
0.78
0.739
0.624
0.727
0.839
0.887
0.86
0.845
0.758
0.707
0.764
0.727
0.613
0.652
0.681
0.711
0.769
0.708
0.685
0.697
0.705
0.614
0.817
0.828
0.722
0.71
0.628
0.702
0.837
0.774
0.667
0.672
0.667
0.716
0.634
0.691
0.799
0.862
0.779
0.647
0.65
0.765
0.794
0.793
0.845
0.815
0.697
0.663
0.619
0.946
0.79
0.77
0.854
0.912
0.666
0.594
0.667
0.674
0.707
0.612
0.642
0.647
0.68
0.729
0.757
0.624
0.664
0.734
0.775
0.898
0.861
0.833
0.701
0.706
0.681
0.826
0.788
0.901
0.917
0.921
0.736
0.734
0.83
0.917
0.874
0.771
0.802
0.784
0.827
0.91
0.912
0.804
0.839
0.817
0.9
0.901
0.896
0.921
0.93
0.912
0.891
0.861
0.846
0.935
0.924
0.942
0.898
0.937
0.862
0.854
0.912
0.77
0.812
0.823
0.886
0.923
0.878
0.847
0.866
0.87
0.869
0.832
0.848
0.838
0.924
0.953
0.952
0.933
0.843
0.936
0.797
0.797
0.867
0.883
0.859
0.811
0.844
0.767
0.743
0.764
0.839
0.866
0.825
0.83
0.832
0.894
0.881
0.83
0.912
0.797
0.924
0.907
0.914
0.933
0.975
0.972
0.923
0.885
0.847
0.911
0.768
0.879
0.902
0.879
0.874
0.838
0.904
0.907
0.623
0.614
0.659
0.882
0.879
0.872
0.893
0.922
0.833
0.683
0.844
0.866
0.789
0.882
0.94
0.92
0.896
0.884
0.901
0.774
0.839
0.884
0.873
0.846
0.848
0.84
0.819
0.772
0.879
0.96
0.789
0.798
0.833
0.777
0.717
0.68
0.844
0.806
0.874
0.677
0.759
0.952
0.942
0.701
0.706
0.935
0.807
0.752
0.725
0.73
0.773
0.811
0.905
0.902
0.886
0.767
0.632
0.552
0.675
0.585
0.525
0.875
0.761
0.665
0.65
0.618
0.576
0.743
0.668
0.748
0.717
0.622
0.788
0.746
0.808
0.771
0.553
0.517
0.679
0.974
0.86
0.749
0.801
0.922
0.75
0.852
0.895
0.807
0.802
0.828
0.707
0.592
0.755
0.786
0.694
0.731
0.595
0.687
0.844
0.743
0.627
0.499
0.799
0.705
0.585
0.622
0.863
0.788
0.728
0.796
0.747
0.705
0.814
0.715
0.675
0.67
0.75
0.598
0.79
0.755
0.764
0.752
0.659
0.645
0.719
0.696
0.731
0.7
0.812
0.793
0.847
0.85
0.827
0.698
0.759
0.894
0.827
0.775
0.78
0.751
0.778
0.866
0.787
0.777
0.713
0.829
0.8
0.706
0.72
0.776
0.688
0.71
0.798
0.807
0.771
0.789
0.743
0.734
0.831
0.792
0.757
0.706
0.76
0.827
0.795
0.83
0.783
0.755
0.785
0.821
0.801
0.777
0.762
0.775
0.771
0.72
0.735
0.757
0.763
0.724
0.8
0.809
0.852
0.757
0.797
0.764
0.67
0.711
0.83
0.75
0.801
0.893
0.868
0.809
0.626
0.652
0.736
0.682
0.794
0.865
0.792
0.732
0.72
0.731
0.629
0.685
0.775
0.883
0.857
0.865
0.733
0.733
0.774
0.747
0.68
0.722
0.832
0.789
0.718
0.643
0.768
0.857
0.819
0.854
0.838
0.782
0.765
0.73
0.609
0.606
0.723
0.705
0.832
0.755
0.652
0.733
0.612
0.496
0.715
0.755
0.818
0.736
0.649
0.59
0.599
0.761
0.723
0.711
0.729
0.85
0.745
0.744
0.776
0.766
0.61
0.686
0.827
0.845
0.79
0.616
0.484
0.543
0.764
0.749
0.835
0.844
0.754
0.718
0.885
0.895
0.978
0.823
0.777
0.785
0.734
0.847
0.81
0.797
0.71
0.807
0.914
0.866
0.824
0.85
0.834
0.859
0.924
0.859
0.761
0.856
0.707
0.725
0.814
0.782
0.822
0.924
0.882
0.882
0.768
0.756
0.888
0.788
0.894
0.913
0.934
0.915
0.949
0.962
0.895
0.951
0.9
0.884
0.993
0.942
0.809
0.801
0.826
0.746
0.792
0.858
0.86
0.817
0.733
0.934
0.89
0.888
0.917
0.908
0.888
0.91
0.845
0.905
0.967
0.944
0.881
0.919
0.915
0.949
0.958
0.953
0.85
0.837
0.87
0.841
0.918
0.932
0.768
0.811
0.895
0.792
0.746
0.849
0.755
0.863
0.9
0.902
0.86
0.91
0.963
0.886
0.826
0.887
0.833
0.727
0.577
0.81
0.852
0.687
0.754
0.834
0.795
0.681
0.742
0.886
0.975
0.783
0.805
0.705
0.653
0.476
0.651
0.872
0.87
0.964
0.891
0.882
0.915
0.569
0.643
0.694
0.717
0.726
0.673
0.778
0.827
0.643
0.605
0.64
0.718
0.674
0.865
0.831
0.642
0.77
0.886
0.801
0.794
0.758
0.657
0.938
0.791
0.758
0.9
0.802
0.734
0.635
0.608
0.797
0.695
0.763
0.947
0.933
0.607
0.484
0.488
0.664
0.956
0.864
0.858
0.761
0.629
0.716
0.585
0.536
0.723
0.923
0.816
0.871
0.738
0.556
0.51
0.611
0.713
0.867
0.74
0.802
0.824
0.684
0.537
0.7
0.854
0.584
0.873
0.66
0.594
0.489
0.431
0.519
0.601
0.71
0.695
0.811
0.872
0.874
0.891
0.844
0.705
0.611
0.727
0.876
0.851
0.751
0.694
0.558
0.578
0.797
0.814
0.812
0.942
0.849
0.689
0.675
0.674
0.738
0.857
0.874
0.812
0.84
0.789
0.762
0.727
0.627
0.63
0.78
0.739
0.697
0.74
0.811
0.803
0.872
0.852
0.818
0.803
0.778
0.745
0.724
0.784
0.716
0.827
0.807
0.708
0.669
0.632
0.842
0.755
0.783
0.761
0.716
0.782
0.845
0.873
0.836
0.814
0.847
0.812
0.786
0.88
0.792
0.805
0.786
0.794
0.723
0.824
0.836
0.684
0.661
0.758
0.852
0.883
0.837
0.788
0.808
0.781
0.716
0.671
0.697
0.824
0.801
0.841
0.762
0.764
0.778
0.751
0.671
0.764
0.827
0.865
0.83
0.758
0.685
0.667
0.657
0.733
0.785
0.728
0.743
0.889
0.886
0.869
0.828
0.739
0.742
0.704
0.711
0.762
0.792
0.776
0.679
0.696
0.759
0.889
0.846
0.821
0.752
0.723
0.854
0.8
0.72
0.758
0.753
0.605
0.807
0.698
0.749
0.69
0.704
0.781
0.717
0.947
0.802
0.661
0.697
0.769
0.791
0.896
0.921
0.784
0.639
0.652
0.723
0.7
0.73
0.945
0.942
0.805
0.694
0.71
0.876
0.802
0.9
0.881
0.66
0.686
0.769
0.617
0.684
0.626
0.685
0.808
0.716
0.796
0.771
0.78
0.787
0.77
0.761
0.815
0.793
0.835
0.916
0.82
0.863
0.863
0.843
0.871
0.861
0.805
0.824
0.772
0.832
0.846
0.741
0.812
0.907
0.712
0.65
0.632
0.761
0.795
0.899
0.778
0.718
0.637
0.791
0.933
0.912
0.719
0.737
0.729
0.89
0.82
0.85
0.86
0.805
0.891
0.886
0.849
0.757
0.858
0.731
0.805
0.919
0.879
0.757
0.808
0.855
0.889
0.911
0.897
0.889
0.834
0.89
0.889
0.894
0.912
0.929
0.942
0.938
0.963
0.955
0.948
0.901
0.875
0.947
0.939
0.938
0.961
0.794
0.734
0.772
0.612
0.686
0.771
0.855
0.877
0.936
0.883
0.899
0.898
0.884
0.814
0.902
0.908
0.881
0.929
0.897
0.927
0.931
0.916
0.926
0.94
0.943
0.933
0.864
0.947
0.948
0.933
0.881
0.879
0.944
0.955
0.95
0.914
0.927
0.906
0.894
0.872
0.826
0.757
0.717
0.764
0.796
0.966
0.987
0.972
0.924
0.69
0.502
0.522
0.659
0.709
0.88
0.926
0.879
0.627
0.65
0.709
0.715
0.858
0.9
0.785
0.574
0.587
0.566
0.533
0.635
0.515
0.61
0.714
0.866
0.784
0.652
0.691
0.503
0.836
0.729
0.499
0.711
0.695
0.741
0.686
0.569
0.53
0.645
0.783
0.824
0.963
0.947
0.768
0.641
0.519
0.613
0.681
0.793
0.767
0.619
0.547
0.691
0.717
0.838
0.688
0.567
0.807
0.916
0.893
0.827
0.754
0.755
0.901
0.949
0.874
0.633
0.592
0.732
0.784
0.775
0.761
0.728
0.689
0.721
0.719
0.594
0.615
0.812
0.682
0.803
0.788
0.801
0.855
0.705
0.661
0.871
0.776
0.724
0.748
0.799
0.832
0.921
0.84
0.846
0.767
0.757
0.766
0.707
0.794
0.743
0.792
0.732
0.691
0.809
0.899
0.755
0.6
0.594
0.59
0.599
0.653
0.729
0.698
0.679
0.659
0.812
0.737
0.685
0.761
0.784
0.799
0.752
0.802
0.791
0.841
0.817
0.773
0.846
0.793
0.811
0.786
0.816
0.69
0.676
0.787
0.811
0.649
0.669
0.77
0.789
0.827
0.862
0.853
0.769
0.705
0.731
0.708
0.732
0.807
0.833
0.864
0.808
0.784
0.768
0.693
0.69
0.641
0.712
0.798
0.844
0.829
0.847
0.814
0.742
0.614
0.63
0.645
0.603
0.529
0.537
0.565
0.611
0.673
0.555
0.502
0.568
0.629
0.619
0.669
0.715
0.779
0.648
0.678
0.677
0.761
0.842
0.646
0.79
0.743
0.573
0.614
0.622
0.591
0.694
0.741
0.88
0.953
0.807
0.762
0.733
0.757
0.919
0.854
0.771
0.764
0.715
0.607
0.646
0.695
0.566
0.757
0.708
0.772
0.619
0.69
0.667
0.644
0.587
0.585
0.66
0.605
0.553
0.545
0.706
0.799
0.68
0.646
0.706
0.609
0.68
0.735
0.683
0.668
0.678
0.765
0.773
0.566
0.575
0.729
0.835
0.802
0.718
0.715
0.699
0.638
0.712
0.857
0.789
0.715
0.832
0.812
0.855
0.869
0.752
0.866
0.813
0.823
0.799
0.749
0.917
0.872
0.721
0.744
0.711
0.773
0.771
0.757
0.795
0.733
0.831
0.864
0.871
0.886
0.849
0.82
0.881
0.896
0.887
0.888
0.898
0.846
0.845
0.871
0.837
0.892
0.88
0.87
0.922
0.934
0.928
0.933
0.959
0.699
0.706
0.767
0.647
0.795
0.78
0.821
0.879
0.788
0.866
0.873
0.808
0.812
0.875
0.752
0.798
0.945
0.926
0.841
0.802
0.763
0.768
0.812
0.932
0.935
0.895
0.906
0.913
0.895
0.842
0.916
0.928
0.889
0.911
0.908
0.95
0.951
0.848
0.858
0.912
0.902
0.876
0.91
0.923
0.847
0.832
0.772
0.861
0.763
0.749
0.934
0.854
0.928
0.914
0.911
0.895
0.915
0.914
0.842
0.829
0.724
0.858
0.959
0.882
0.893
0.885
0.946
0.974
0.885
0.869
0.888
0.888
0.919
0.893
0.711
0.802
0.799
0.827
0.872
0.886
0.954
0.81
0.65
0.623
0.664
0.668
0.669
0.78
0.869
0.752
0.769
0.859
0.995
0.827
0.767
0.91
0.939
0.914
0.825
0.876
0.838
0.687
0.52
0.875
0.885
0.8
0.866
0.92
0.953
0.83
0.86
0.862
0.84
0.947
0.804
0.794
0.835
0.801
0.666
0.816
0.787
0.905
0.789
0.64
0.675
0.647
0.759
0.791
0.831
0.88
0.793
0.784
0.824
0.981
0.938
0.945
0.956
0.872
0.861
0.751
0.67
0.726
0.757
0.891
0.796
0.902
0.845
0.852
0.737
0.671
0.763
0.744
0.702
0.684
0.786
0.674
0.687
0.685
0.752
0.848
0.854
0.823
0.705
0.725
0.748
0.809
0.825
0.85
0.863
0.887
0.841
0.822
0.845
0.874
0.822
0.755
0.759
0.85
0.79
0.674
0.659
0.709
0.781
0.717
0.724
0.667
0.746
0.819
0.738
0.692
0.776
0.784
0.777
0.747
0.745
0.789
0.775
0.833
0.863
0.83
0.795
0.753
0.757
0.814
0.806
0.766
0.726
0.78
0.795
0.761
0.71
0.796
0.84
0.871
0.863
0.851
0.842
0.843
0.868
0.814
0.788
0.697
0.652
0.696
0.798
0.819
0.752
0.687
0.728
0.773
0.733
0.789
0.724
0.661
0.801
0.822
0.804
0.82
0.813
0.668
0.649
0.715
0.747
0.662
0.618
0.72
0.838
0.862
0.922
0.892
0.863
0.805
0.747
0.767
0.799
0.839
0.793
0.662
0.739
0.754
0.83
0.877
0.894
0.831
0.906
0.85
0.85
0.868
0.797
0.753
0.824
0.89
0.9
0.765
0.783
0.77
0.749
0.787
0.772
0.702
0.635
0.596
0.677
0.722
0.912
0.802
0.714
0.788
0.716
0.751
0.951
0.956
0.855
0.705
0.671
0.786
0.767
0.813
0.912
0.752
0.652
0.694
0.699
0.808
0.699
0.748
0.82
0.687
0.65
0.819
0.784
0.839
0.759
0.736
0.702
0.74
0.926
0.881
0.839
0.654
0.581
0.658
0.866
0.854
0.904
0.889
0.863
0.838
0.821
0.932
0.949
0.967
0.869
0.857
0.871
0.832
0.822
0.973
0.934
0.883
0.806
0.823
0.728
0.714
0.725
0.793
0.916
0.979
0.778
0.805
0.869
0.882
0.928
0.966
0.94
0.863
0.774
0.849
0.86
0.877
0.856
0.84
0.936
0.941
0.923
0.712
0.638
0.692
0.887
0.885
0.896
0.8
0.762
0.881
0.87
0.978
0.823
0.751
0.604
0.774
0.977
0.672
0.727
0.677
0.872
0.915
0.949
0.845
0.852
0.931
0.944
0.871
0.817
0.826
0.86
0.931
0.84
0.743
0.909
0.927
0.889
0.895
0.84
0.801
0.818
0.853
0.802
0.888
0.9
0.912
0.902
0.908
0.807
0.687
0.823
0.845
0.884
0.909
0.947
0.816
0.748
0.78
0.777
0.936
0.889
0.886
0.893
0.844
0.796
0.712
0.788
0.947
0.756
0.657
0.677
0.696
0.859
0.662
0.746
0.845
0.803
0.727
0.783
0.744
0.702
0.699
0.74
0.877
0.932
0.843
0.631
0.796
0.819
0.837
0.905
0.844
0.874
0.825
0.831
0.776
0.73
0.609
0.604
0.738
0.769
0.739
0.661
0.583
0.729
0.863
0.807
0.748
0.707
0.635
0.617
0.86
0.826
0.691
0.685
0.669
0.898
0.679
0.661
0.734
0.761
0.851
0.852
0.706
0.779
0.95
0.877
0.9
0.862
0.71
0.737
0.529
0.512
0.697
0.813
0.614
0.636
0.744
0.745
0.71
0.513
0.539
0.807
0.794
0.746
0.743
0.778
0.785
0.667
0.751
0.648
0.754
0.874
0.716
0.691
0.739
0.76
0.682
0.613
0.576
0.544
0.553
0.712
0.822
0.693
0.704
0.764
0.671
0.747
0.717
0.693
0.627
0.656
0.775
0.729
0.607
0.682
0.638
0.593
0.617
0.643
0.645
0.692
0.746
0.684
0.662
0.685
0.683
0.657
0.804
0.739
0.651
0.674
0.688
0.695
0.771
0.752
0.69
0.597
0.741
0.825
0.875
0.765
0.634
0.682
0.759
0.647
0.681
0.78
0.821
0.718
0.628
0.565
0.743
0.569
0.523
0.697
0.801
0.669
0.617
0.691
0.804
0.8
0.876
0.718
0.667
0.772
0.721
0.709
0.761
0.641
0.571
0.611
0.602
0.602
0.565
0.589
0.616
0.61
0.766
0.811
0.755
0.683
0.605
0.775
0.891
0.891
0.889
0.86
0.769
0.748
0.793
0.669
0.6
0.609
0.642
0.683
0.762
0.658
0.602
0.625
0.834
0.618
0.608
0.62
0.82
0.744
0.631
0.691
0.875
0.861
0.827
0.653
0.686
0.76
0.904
0.885
0.734
0.856
0.81
0.733
0.675
0.68
0.732
0.628
0.695
0.683
0.862
0.831
0.737
0.673
0.75
0.68
0.849
0.766
0.701
0.766
0.721
0.629
0.867
0.88
0.861
0.865
0.932
0.919
0.812
0.748
0.789
0.769
0.751
0.727
0.755
0.786
0.771
0.75
0.715
0.791
0.67
0.636
0.767
0.762
0.791
0.79
0.755
0.687
0.711
0.691
0.807
0.714
0.668
0.749
0.678
0.681
0.728
0.733
0.834
0.9
0.906
0.969
0.842
0.765
0.865
0.965
0.923
0.92
0.733
0.713
0.709
0.754
0.779
0.882
0.884
0.886
0.819
0.829
0.863
0.787
0.789
0.863
0.925
0.91
0.897
0.909
0.906
0.893
0.874
0.88
0.826
0.886
0.88
0.925
0.928
0.887
0.882
0.883
0.896
0.941
0.9
0.965
0.851
0.692
0.732
0.78
0.612
0.745
0.756
0.547
0.602
0.736
0.763
0.691
0.822
0.763
0.943
0.949
0.915
0.857
0.646
0.766
0.788
0.818
0.91
0.876
0.888
0.924
0.901
0.869
0.903
0.834
0.836
0.839
0.874
0.544
0.647
0.618
0.843
0.599
0.683
0.91
0.927
0.87
0.85
0.947
0.982
0.953
0.91
0.853
0.741
0.73
0.786
0.917
0.897
0.838
0.769
0.728
0.833
0.926
0.785
0.662
0.72
0.904
0.734
0.873
0.828
0.709
0.659
0.766
0.776
0.8
0.908
0.893
0.855
0.783
0.648
0.484
0.589
0.741
0.582
0.601
0.473
0.653
0.654
0.712
0.696
0.779
0.917
0.966
0.927
0.883
0.791
0.784
0.816
0.867
0.903
0.805
0.708
0.636
0.721
0.478
0.86
0.783
0.653
0.441
0.712
0.856
0.748
0.652
0.576
0.523
0.648
0.72
0.732
0.782
0.818
0.644
0.619
0.867
0.732
0.615
0.584
0.645
0.57
0.761
0.866
0.847
0.724
0.684
0.66
0.816
0.803
0.69
0.623
0.723
0.787
0.783
0.653
0.63
0.786
0.812
0.808
0.675
0.779
0.9
0.882
0.798
0.814
0.898
0.836
0.725
0.845
0.799
0.694
0.725
0.71
0.732
0.795
0.742
0.668
0.627
0.693
0.671
0.745
0.754
0.796
0.831
0.795
0.805
0.878
0.912
0.829
0.725
0.836
0.802
0.864
0.796
0.786
0.859
0.82
0.826
0.844
0.888
0.788
0.774
0.754
0.754
0.824
0.846
0.789
0.807
0.834
0.833
0.784
0.683
0.792
0.793
0.755
0.688
0.739
0.836
0.795
0.827
0.711
0.66
0.731
0.846
0.812
0.831
0.715
0.807
0.77
0.709
0.682
0.618
0.638
0.725
0.758
0.721
0.612
0.65
0.697
0.703
0.706
0.596
0.542
0.623
0.733
0.838
0.697
0.658
0.765
0.712
0.702
0.57
0.653
0.597
0.523
0.668
0.72
0.582
0.529
0.599
0.734
0.634
0.53
0.718
0.659
0.651
0.672
0.678
0.78
0.712
0.834
0.735
0.752
0.764
0.775
0.751
0.764
0.84
0.698
0.666
0.666
0.798
0.765
0.833
0.848
0.703
0.647
0.678
0.784
0.79
0.762
0.773
0.788
0.764
0.777
0.736
0.792
0.67
0.654
0.678
0.655
0.661
0.694
0.66
0.699
0.702
0.737
0.747
0.926
0.852
0.85
0.766
0.639
0.679
0.749
0.846
0.633
0.622
0.71
0.71
0.711
0.689
0.62
0.622
0.802
0.935
0.797
0.657
0.652
0.67
0.93
0.777
0.608
0.662
0.741
0.801
0.63
0.669
0.754
0.825
0.871
0.88
0.879
0.9
0.736
0.74
0.791
0.91
0.837
0.852
0.828
0.871
0.905
0.925
0.842
0.923
0.912
0.891
0.947
0.994
0.988
0.883
0.684
0.722
0.869
0.873
0.813
0.853
0.784
0.752
0.871
0.929
0.799
0.802
0.909
1.022
0.904
0.885
0.92
0.947
0.983
0.943
0.895
0.942
0.825
0.768
0.911
0.857
0.891
0.93
0.853
0.793
0.832
0.81
0.869
0.802
0.903
0.794
0.855
0.792
0.796
0.894
0.933
0.896
0.895
0.913
0.873
0.84
0.871
0.881
0.776
0.729
0.857
0.922
0.871
0.83
0.858
0.843
0.892
0.891
0.88
0.886
0.808
0.847
0.87
0.831
0.768
0.773
0.664
0.785
0.882
0.791
0.839
0.802
0.859
0.879
0.864
0.878
0.887
0.922
0.938
0.845
0.831
0.9
0.753
0.795
0.864
0.953
0.903
0.825
0.816
0.746
0.486
0.651
0.596
0.644
0.868
0.914
0.817
0.554
0.661
0.765
0.853
0.988
0.797
0.549
0.76
0.852
0.73
0.672
0.804
0.51
0.648
0.755
0.913
0.573
0.609
0.558
0.768
0.683
0.439
0.666
0.754
0.569
0.77
0.75
0.763
0.851
0.842
0.916
0.854
0.873
0.829
0.764
0.691
0.81
0.786
0.755
0.682
0.704
0.529
0.641
0.671
0.779
0.86
0.811
0.702
0.582
0.525
0.506
0.68
0.65
0.679
0.608
0.497
0.537
0.663
0.785
0.862
0.793
0.642
0.66
0.653
0.819
0.835
0.8
0.674
0.656
0.742
0.834
0.754
0.781
0.745
0.766
0.701
0.721
0.631
0.643
0.685
0.78
0.845
0.813
0.739
0.753
0.728
0.777
0.791
0.814
0.744
0.772
0.784
0.793
0.777
0.779
0.691
0.601
0.69
0.821
0.84
0.767
0.765
0.771
0.695
0.792
0.71
0.686
0.694
0.601
0.583
0.823
0.84
0.791
0.75
0.656
0.719
0.583
0.558
0.758
0.769
0.684
0.736
0.611
0.537
0.693
0.738
0.636
0.599
0.779
0.692
0.63
0.695
0.738
0.863
0.853
0.753
0.651
0.591
0.627
0.817
0.832
0.715
0.627
0.607
0.719
0.814
0.799
0.697
0.571
0.656
0.695
0.648
0.668
0.775
0.784
0.703
0.651
0.56
0.545
0.701
0.586
0.618
0.665
0.693
0.808
0.739
0.764
0.612
0.646
0.777
0.585
0.614
0.689
0.621
0.695
0.713
0.638
0.682
0.642
0.756
0.761
0.708
0.588
0.679
0.785
0.648
0.714
0.81
0.682
0.652
0.793
0.734
0.633
0.717
0.661
0.673
0.768
0.827
0.875
0.862
0.805
0.829
0.687
0.73
0.863
0.807
0.778
0.671
0.726
0.713
0.622
0.753
0.682
0.725
0.739
0.842
0.706
0.573
0.697
0.83
0.791
0.838
0.719
0.746
0.683
0.728
0.812
0.722
0.707
0.648
0.654
0.874
0.857
0.839
0.812
0.744
0.899
0.864
0.965
0.745
0.728
0.809
0.729
0.68
0.924
0.885
0.686
0.841
0.737
0.84
0.918
0.849
0.655
0.868
0.873
0.744
0.869
0.897
0.914
0.866
0.922
0.854
0.76
0.838
0.799
0.758
0.787
0.926
0.971
0.887
0.863
0.908
0.926
0.673
0.618
0.594
0.591
0.651
0.849
0.971
0.748
0.795
0.812
0.852
0.846
0.808
0.817
0.918
0.905
0.914
0.93
0.903
0.89
0.95
0.953
0.942
0.945
0.915
0.933
0.955
0.949
0.881
0.898
0.907
0.847
0.858
0.815
0.922
0.923
0.911
0.926
0.807
0.901
0.897
0.903
0.952
0.919
0.964
0.901
0.778
0.861
0.798
0.871
0.896
0.809
0.842
0.734
0.877
0.904
0.795
0.882
0.854
0.854
0.757
0.681
0.889
0.863
0.87
0.931
0.735
0.779
0.935
0.952
0.925
0.874
0.898
0.808
0.842
0.913
0.842
0.764
0.843
0.697
0.673
0.807
0.725
0.667
0.663
0.738
0.875
0.873
0.792
0.587
0.632
0.776
0.725
0.706
0.642
0.929
0.764
0.693
0.6
0.967
0.945
0.88
0.895
0.732
0.545
0.635
0.638
0.466
0.77
0.77
0.49
0.757
0.947
0.731
0.762
0.704
0.635
0.757
0.815
0.839
0.761
0.604
0.791
0.757
0.528
0.477
0.555
0.754
0.889
0.714
0.579
0.57
0.607
0.619
0.808
0.755
0.704
0.765
0.764
0.769
0.704
0.747
0.783
0.664
0.681
0.522
0.446
0.681
0.747
0.749
0.74
0.734
0.714
0.952
0.85
0.812
0.837
0.768
0.673
0.843
0.753
0.782
0.751
0.712
0.724
0.706
0.835
0.777
0.756
0.837
0.795
0.849
0.881
0.801
0.797
0.738
0.867
0.77
0.724
0.832
0.909
0.887
0.799
0.789
0.816
0.815
0.775
0.764
0.718
0.776
0.82
0.88
0.909
0.865
0.768
0.785
0.842
0.843
0.852
0.742
0.818
0.835
0.848
0.828
0.825
0.745
0.675
0.741
0.782
0.83
0.771
0.766
0.778
0.814
0.788
0.762
0.8
0.85
0.778
0.78
0.718
0.743
0.782
0.813
0.82
0.818
0.779
0.776
0.863
0.837
0.746
0.816
0.847
0.821
0.816
0.732
0.633
0.724
0.798
0.769
0.842
0.789
0.751
0.762
0.846
0.776
0.775
0.813
0.803
0.78
0.799
0.773
0.714
0.759
0.813
0.687
0.718
0.802
0.737
0.694
0.67
0.653
0.675
0.746
0.82
0.748
0.671
0.737
0.758
0.787
0.786
0.77
0.724
0.848
0.905
0.833
0.75
0.771
0.84
0.866
0.817
0.85
0.755
0.693
0.82
0.74
0.704
0.721
0.803
0.755
0.67
0.724
0.69
0.682
0.565
0.571
0.572
0.685
0.788
0.812
0.776
0.664
0.699
0.944
0.794
0.805
0.728
0.841
0.688
0.596
0.593
0.718
0.804
0.71
0.628
0.655
0.874
0.819
0.849
0.71
0.688
0.731
0.702
0.657
0.705
0.867
0.592
0.6
0.799
0.654
0.848
0.757
0.72
0.882
0.913
0.827
0.851
0.897
0.89
0.796
0.797
0.814
0.728
0.828
0.85
0.879
0.908
0.812
0.806
0.882
0.758
0.881
0.829
0.852
0.726
0.627
0.643
0.795
0.914
0.939
0.878
0.618
0.896
0.972
0.9
0.922
0.899
0.837
0.776
0.759
0.836
0.68
0.629
0.617
0.62
0.747
0.956
0.958
0.8
0.852
0.854
0.939
0.945
0.927
0.745
0.684
0.673
0.708
0.831
0.835
0.766
0.828
0.819
0.912
0.811
0.8
0.833
0.742
0.863
0.936
0.815
0.962
0.861
0.679
0.736
0.694
0.857
0.913
0.761
0.678
0.711
0.709
0.652
0.887
0.938
0.871
0.769
0.779
0.8
0.825
0.847
0.854
0.961
0.919
0.758
0.816
0.867
0.861
0.899
0.765
0.65
0.859
0.838
0.866
0.803
0.716
0.729
0.958
0.905
0.717
0.802
0.943
0.928
0.852
0.716
0.674
0.792
0.648
0.708
0.792
0.811
0.924
0.901
0.798
0.815
0.918
0.784
0.629
0.949
0.921
0.785
0.652
0.87
0.615
0.672
0.919
0.756
0.785
0.647
0.949
0.724
0.725
0.817
0.829
0.604
0.527
0.502
0.565
0.733
0.658
0.782
0.834
0.63
0.695
0.793
0.876
0.885
0.915
0.868
0.924
0.956
0.824
0.672
0.832
0.719
0.579
0.694
0.758
0.889
0.913
0.82
0.825
0.852
0.725
0.691
0.816
0.782
0.615
0.638
0.845
0.654
0.635
0.496
0.526
0.68
0.717
0.622
0.656
0.662
0.632
0.732
0.707
0.647
0.697
0.855
0.725
0.73
0.665
0.657
0.568
0.717
0.707
0.664
0.711
0.771
0.753
0.813
0.562
0.463
0.752
0.798
0.701
0.852
0.774
0.614
0.658
0.795
0.78
0.681
0.608
0.7
0.678
0.647
0.763
0.811
0.734
0.78
0.726
0.77
0.745
0.717
0.726
0.775
0.791
0.781
0.796
0.761
0.825
0.769
0.734
0.655
0.78
0.768
0.707
0.783
0.789
0.696
0.749
0.775
0.802
0.788
0.794
0.765
0.722
0.731
0.662
0.684
0.599
0.635
0.677
0.604
0.743
0.763
0.798
0.862
0.84
0.846
0.851
0.813
0.762
0.791
0.802
0.724
0.644
0.683
0.861
0.799
0.727
0.784
0.784
0.668
0.707
0.777
0.714
0.691
0.699
0.625
0.67
0.675
0.778
0.802
0.829
0.743
0.625
0.672
0.83
0.699
0.698
0.838
0.816
0.757
0.688
0.658
0.626
0.702
0.758
0.647
0.703
0.615
0.75
0.829
0.905
0.838
0.711
0.768
0.771
0.71
0.696
0.646
0.675
0.687
0.67
0.637
0.693
0.767
0.624
0.711
0.825
0.822
0.814
0.765
0.834
0.879
0.741
0.756
0.78
0.71
0.732
0.882
0.812
0.789
0.854
0.769
0.723
0.684
0.777
0.768
0.751
0.804
0.656
0.748
0.82
0.736
0.776
0.717
0.732
0.751
0.722
0.787
0.747
0.713
0.805
0.743
0.763
0.734
0.672
0.863
0.853
0.816
0.768
0.741
0.871
0.791
0.789
0.795
0.786
0.746
0.841
0.855
0.822
0.7
0.777
0.715
0.808
0.885
0.892
0.909
0.888
0.854
0.897
0.9
0.84
0.851
0.833
0.86
0.886
0.895
0.933
0.996
0.93
0.787
0.867
0.824
0.71
0.831
0.911
0.972
0.883
0.733
0.721
0.628
0.666
0.768
0.854
0.92
0.993
0.799
0.765
0.774
0.786
0.958
0.956
0.901
0.924
0.87
0.849
1.007
0.943
0.893
0.897
0.854
0.781
0.799
0.673
0.838
0.902
0.719
0.72
0.647
0.621
0.852
0.966
0.95
0.715
0.708
0.831
0.914
0.724
0.731
0.823
0.666
0.679
0.775
0.781
0.755
0.754
0.806
0.85
0.804
0.827
0.58
0.666
0.733
0.96
0.739
0.605
0.526
0.664
0.818
0.944
0.695
0.712
0.601
0.498
0.492
0.597
0.812
0.673
0.645
0.672
0.937
0.869
0.773
0.843
0.636
0.568
0.854
0.882
0.989
0.881
0.867
0.826
0.908
0.973
0.834
0.6
0.669
0.936
0.884
0.963
0.801
0.69
0.495
0.67
0.687
0.774
0.692
0.824
0.569
0.73
0.636
0.524
0.701
0.784
0.86
0.784
0.596
0.635
0.883
0.778
0.718
0.776
0.926
0.878
0.769
0.835
0.78
0.835
0.974
0.831
0.749
0.685
0.665
0.811
0.863
0.873
0.722
0.739
0.727
0.58
0.689
0.805
0.776
0.894
0.841
0.786
0.634
0.846
0.926
0.83
0.83
0.822
0.747
0.762
0.755
0.752
0.659
0.666
0.685
0.765
0.789
0.8
0.688
0.685
0.77
0.733
0.687
0.717
0.73
0.725
0.666
0.603
0.769
0.766
0.755
0.73
0.702
0.873
0.81
0.7
0.653
0.682
0.682
0.797
0.789
0.824
0.767
0.765
0.786
0.798
0.803
0.827
0.815
0.682
0.792
0.811
0.887
0.854
0.842
0.824
0.783
0.81
0.814
0.816
0.767
0.819
0.747
0.817
0.807
0.782
0.75
0.775
0.831
0.723
0.735
0.687
0.722
0.753
0.784
0.789
0.787
0.753
0.766
0.705
0.758
0.719
0.797
0.844
0.795
0.738
0.8
0.813
0.849
0.865
0.841
0.773
0.759
0.82
0.763
0.654
0.621
0.623
0.681
0.838
0.792
0.808
0.816
0.714
0.753
0.794
0.763
0.832
0.736
0.752
0.739
0.7
0.653
0.737
0.769
0.843
0.884
0.788
0.726
0.708
0.714
0.785
0.747
0.702
0.68
0.59
0.599
0.659
0.61
0.65
0.698
0.606
0.676
0.559
0.59
0.566
0.739
0.83
0.855
0.812
0.79
0.88
0.853
0.886
0.882
0.793
0.738
0.819
0.71
0.596
0.662
0.698
0.637
0.629
0.677
0.765
0.843
0.8
0.688
0.69
0.872
0.845
0.791
0.689
0.661
0.887
0.863
0.794
0.924
0.909
0.749
0.737
0.713
0.679
0.58
0.634
0.797
0.755
0.803
0.888
0.768
0.917
0.893
0.71
0.726
0.755
0.701
0.74
0.802
0.761
0.835
0.766
0.769
0.818
0.855
0.815
0.849
0.753
0.815
0.617
0.664
0.627
0.639
0.773
0.715
0.793
0.681
0.846
0.848
0.848
0.862
0.926
0.907
0.832
0.761
0.889
0.903
0.839
0.832
0.762
0.75
0.667
0.774
0.831
0.821
0.843
0.853
0.867
0.826
0.731
0.741
0.754
0.9
0.959
0.945
1.005
1.027
0.749
0.612
0.835
0.844
0.823
0.879
0.903
0.908
0.939
0.945
0.966
0.853
0.742
0.73
0.841
0.894
0.911
0.619
0.637
0.822
0.537
0.566
0.753
0.838
0.828
0.86
0.771
0.891
0.938
0.941
0.876
0.902
0.891
0.972
0.95
0.773
0.845
0.949
0.911
0.966
0.905
0.934
0.956
0.919
0.73
0.61
0.724
0.962
0.822
0.738
0.753
0.727
0.826
0.875
0.661
0.694
0.6
0.62
0.678
0.733
0.684
0.742
0.634
0.669
0.67
0.654
0.746
0.769
0.697
0.699
0.693
0.668
0.684
0.877
0.939
0.934
0.889
0.803
0.813
0.648
0.917
0.916
0.659
0.777
0.604
0.585
0.594
0.72
0.73
0.819
0.709
0.86
0.961
0.904
0.792
0.762
0.823
0.703
0.51
0.613
0.726
0.803
0.907
0.768
0.575
0.836
0.667
0.579
0.572
0.677
0.784
0.842
0.665
0.645
0.75
0.582
0.566
0.783
0.831
0.918
0.93
0.882
0.789
0.8
0.746
0.878
0.841
0.815
0.825
0.841
0.8
0.66
0.542
0.596
0.711
0.628
0.635
0.793
0.839
0.743
0.889
0.857
0.782
0.799
0.743
0.693
0.688
0.788
0.931
0.905
0.816
0.803
0.68
0.572
0.613
0.686
0.692
0.838
0.86
0.836
0.898
0.922
0.884
0.854
0.811
0.847
0.826
0.689
0.719
0.702
0.794
0.728
0.789
0.685
0.776
0.634
0.708
0.733
0.774
0.738
0.649
0.697
0.684
0.72
0.742
0.803
0.687
0.639
0.763
0.81
0.835
0.885
0.813
0.774
0.795
0.779
0.739
0.699
0.711
0.82
0.845
0.783
0.769
0.748
0.739
0.763
0.796
0.827
0.843
0.841
0.763
0.718
0.707
0.79
0.867
0.832
0.853
0.83
0.764
0.792
0.847
0.793
0.713
0.708
0.774
0.869
0.841
0.807
0.824
0.852
0.837
0.761
0.753
0.774
0.739
0.664
0.815
0.774
0.771
0.917
0.923
0.842
0.81
0.879
0.842
0.827
0.821
0.784
0.772
0.769
0.791
0.767
0.773
0.662
0.839
0.902
0.82
0.646
0.702
0.716
0.703
0.737
0.783
0.807
0.867
0.843
0.854
0.896
0.827
0.67
0.717
0.879
0.804
0.786
0.65
0.82
0.663
0.737
0.665
0.676
0.751
0.716
0.68
0.762
0.699
0.63
0.742
0.934
0.933
0.827
0.727
0.871
0.935
0.927
0.809
0.72
0.824
0.852
0.738
0.702
0.816
0.755
0.686
0.705
0.786
0.696
0.784
0.908
0.89
0.843
0.921
0.852
0.768
0.674
0.732
0.89
0.91
0.942
0.767
0.782
0.764
0.89
0.939
0.937
0.877
0.765
0.735
0.767
0.622
0.602
0.674
0.844
0.826
0.835
0.857
0.828
0.897
0.91
0.876
0.819
0.79
0.883
0.981
0.892
0.856
0.771
0.681
0.79
0.825
0.941
0.853
0.782
0.871
0.975
0.901
0.819
0.807
0.802
0.892
0.824
0.964
0.758
0.608
0.679
0.723
0.885
0.867
0.903
0.885
0.824
0.909
0.849
0.889
0.791
0.799
0.916
0.919
0.789
0.763
0.833
0.856
0.865
0.818
0.883
0.851
0.963
0.891
0.89
0.954
0.955
0.997
0.872
0.564
0.706
0.919
0.97
0.782
0.78
0.873
0.736
0.827
0.85
0.687
0.893
0.909
0.827
0.884
0.943
0.663
0.558
0.738
0.697
0.745
0.834
0.776
0.666
0.579
0.592
0.615
0.65
0.784
0.936
0.835
0.762
0.684
0.784
0.933
0.836
0.684
0.665
0.548
0.504
0.844
0.859
0.678
0.649
0.765
0.622
0.539
0.653
0.88
0.986
0.799
0.604
0.646
0.735
0.605
0.891
0.849
0.734
0.749
0.633
0.693
0.84
0.87
0.748
0.815
0.847
0.732
0.876
0.759
0.955
0.959
0.818
0.604
0.66
0.799
0.702
0.942
0.811
0.848
0.817
0.942
0.88
0.876
0.892
0.939
0.792
0.609
0.744
0.888
0.847
0.842
0.785
0.922
0.926
0.76
0.63
0.642
0.803
0.9
0.709
0.887
0.809
0.774
0.812
0.82
0.78
0.775
0.837
0.846
0.829
0.822
0.722
0.666
0.821
0.688
0.662
0.721
0.86
0.836
0.871
0.883
0.879
0.755
0.576
0.834
0.826
0.848
0.952
0.951
0.93
0.828
0.867
0.819
0.773
0.727
0.715
0.798
0.73
0.636
0.676
0.729
0.756
0.706
0.754
0.784
0.744
0.727
0.764
0.858
0.799
0.816
0.784
0.747
0.806
0.764
0.761
0.699
0.799
0.85
0.809
0.811
0.772
0.807
0.852
0.766
0.735
0.68
0.707
0.73
0.788
0.8
0.836
0.801
0.867
0.826
0.742
0.777
0.73
0.789
0.822
0.824
0.825
0.796
0.672
0.775
0.824
0.82
0.831
0.826
0.78
0.777
0.835
0.777
0.814
0.873
0.763
0.75
0.736
0.82
0.917
0.833
0.828
0.86
0.792
0.826
0.881
0.824
0.871
0.762
0.78
0.884
0.831
0.8
0.773
0.766
0.835
0.832
0.847
0.743
0.766
0.89
0.816
0.779
0.801
0.76
0.676
0.785
0.777
0.741
0.74
0.657
0.821
0.9
0.868
0.73
0.8
0.901
0.847
0.766
0.782
0.658
0.659
0.728
0.77
0.76
0.813
0.616
0.693
0.662
0.818
0.819
0.725
0.711
0.676
0.755
0.766
0.632
0.663
0.739
0.852
0.87
0.753
0.806
0.931
0.944
0.821
0.731
0.706
0.686
0.762
0.655
0.763
0.638
0.551
0.728
0.879
0.852
0.756
0.849
0.9
0.858
0.739
0.794
0.879
0.868
0.837
0.869
0.781
0.842
0.87
0.866
0.876
0.826
0.838
0.779
0.854
0.883
0.851
0.847
0.79
0.783
0.712
0.717
0.941
0.886
0.61
0.631
0.702
0.87
0.814
0.744
0.834
0.829
0.759
0.874
0.834
0.882
0.853
0.906
0.829
0.877
0.926
0.902
0.964
0.947
0.85
0.888
0.86
0.947
0.936
0.812
0.817
0.727
0.759
0.609
0.891
0.992
0.962
0.883
0.903
0.891
0.854
0.616
0.867
0.896
0.856
0.888
0.873
0.753
0.877
0.952
0.925
0.93
0.904
0.805
0.811
0.786
0.876
0.891
0.904
0.914
0.76
0.938
0.889
0.818
0.812
0.915
0.909
0.787
0.858
0.738
0.679
0.846
0.899
0.931
0.815
0.687
0.593
0.657
0.727
0.867
0.963
0.946
0.75
0.639
0.741
0.827
0.886
0.913
0.912
0.763
0.839
0.767
0.66
0.749
0.883
0.811
0.795
0.855
0.771
0.803
0.779
0.78
0.731
0.935
1.004
0.73
0.714
0.9
0.783
0.83
0.673
0.918
0.973
0.918
0.88
0.939
0.887
0.709
0.558
0.62
0.856
0.699
0.728
0.819
0.775
0.703
0.676
0.649
0.883
0.593
0.643
0.608
0.73
0.81
0.778
0.693
0.739
0.692
0.854
0.897
0.747
0.916
0.62
0.713
0.807
0.852
0.825
0.613
0.704
0.691
0.768
0.674
0.672
0.759
0.617
0.722
0.853
0.742
0.72
0.783
0.765
0.841
0.887
0.945
0.941
0.771
0.803
0.907
0.863
0.771
0.705
0.656
0.669
0.79
0.843
0.81
0.673
0.598
0.737
0.79
0.656
0.648
0.67
0.735
0.708
0.727
0.789
0.791
0.706
0.72
0.639
0.773
0.78
0.671
0.635
0.635
0.597
0.596
0.65
0.761
0.773
0.745
0.742
0.858
0.843
0.762
0.726
0.771
0.644
0.617
0.732
0.655
0.676
0.626
0.703
0.655
0.672
0.794
0.791
0.775
0.735
0.722
0.761
0.789
0.664
0.776
0.82
0.817
0.829
0.805
0.817
0.769
0.734
0.826
0.801
0.723
0.785
0.765
0.817
0.91
0.792
0.785
0.724
0.619
0.681
0.674
0.725
0.738
0.76
0.77
0.765
0.844
0.818
0.779
0.722
0.69
0.633
0.585
0.58
0.532
0.586
0.589
0.62
0.596
0.71
0.655
0.843
0.722
0.714
0.781
0.807
0.714
0.668
0.635
0.726
0.791
0.819
0.875
0.892
0.847
0.804
0.848
0.763
0.633
0.673
0.724
0.698
0.592
0.572
0.591
0.587
0.642
0.627
0.61
0.692
0.701
0.761
0.771
0.675
0.718
0.701
0.537
0.708
0.764
0.669
0.698
0.667
0.529
0.688
0.819
0.874
0.763
0.636
0.749
0.655
0.51
0.548
0.873
0.905
0.884
0.87
0.832
0.853
0.773
0.844
0.761
0.801
0.845
0.832
0.651
0.759
0.665
0.694
0.758
0.72
0.715
0.675
0.546
0.555
0.644
0.823
0.806
0.785
0.735
0.816
0.666
0.693
0.623
0.605
0.69
0.775
0.865
0.838
0.663
0.84
0.953
0.903
0.831
0.72
0.848
0.812
0.836
0.726
0.815
0.839
0.771
0.81
0.711
0.83
0.854
0.83
0.944
0.881
0.769
0.62
0.725
0.895
0.868
0.833
0.903
0.911
0.887
0.779
0.816
0.766
0.787
0.839
0.877
0.695
0.843
0.883
