1980 1 1
0.0182
0.2569
0.682
0.7268
0.6172
0.1309
0.3553
0
0
0
12.9396
0.0872
0
1.6577
0.0036
0.0253
0.1903
0
0
0
0
0.026
1.502
0.9686
1.499
0
0
0
0
0.0258
0.0511
0
0
0
0
0
0.1359
0.0238
0
0.5641
0.1674
0.0384
0
0.216
0
4.8211
1.9914
0
0
0.0238
0.017
0.8763
11.5078
0.0321
0.0064
0.9753
1.0729
0.0524
1.1725
0.202
0
0.058
3e-04
0.0342
5.5312
0.0568
2.5292
15.071
0.1068
0.046
0.085
0
1.7771
0.8193
0
0.4046
15.8065
0.8476
0
0.6974
26.2391
0.0321
0
10.5153
0.4696
0
0.1633
3.8554
7.7815
2.2878
9.632
0.8265
0.503
2.1951
8.4281
0.0054
0
0.5952
7.9328
4.6381
1.1623
0.4253
4.8578
0.4557
22.9389
1.4951
0.515
0
0
0
0
0.2412
0
0
0.3257
0.6312
0.1157
3.6721
13.375
0.3198
0
0
0
0
0
0
0
0
0.4903
0.0478
1.5691
3.3212
7.7952
6.1859
1.7714
0
0.7934
23.6325
13.5428
1.3887
0.1531
0
0.2892
1.1252
7.3643
0.4075
0
0
0
3.6943
6.4678
6.8482
12.8365
10.3897
3.15
0.283
0.3943
5.3554
13.4552
2.9664
0.05
0.0631
0
0
0.2909
7.4285
10.0073
5.2679
0
0.2318
8.0266
1.5946
0
0
0.7047
6.5607
0
0
0
0.095
0.5258
0.196
0.3434
0
5.8163
16.1674
11.0219
1.0607
0.0684
4.5175
8.4849
2.0093
1.5999
5.3213
1.2257
0.146
0.7335
0.7985
0.1797
0
0.8497
0.5457
5.4074
33.3092
5.4621
0
0
0.5792
4.402
15.0322
3.9177
0.4106
1.3588
0.2015
9.2005
3.8975
0.327
5.4872
0.9086
0.0066
1.7419
1.2872
10.4286
12.7785
4.3643
0.4919
11.6135
1.2714
2.5216
9.7663
1.4814
1.697
23.3518
13.0236
3.8244
0
0
0
0
0
0.525
0.626
6.9084
12.4881
5.3081
2.5251
0.0729
9.1964
0.7019
0
0.0195
0.134
2.456
0.5349
0
0.2592
0.9072
0.5939
0.0662
0.3014
12.3998
0.2153
0
0.2
0.674
3.1533
5.4672
0
1.2046
0.8556
0
0
0
0
0.0018
8.6411
2.0077
0.2317
0.2725
0.2603
0
0
0
0.228
0.2687
0.1824
0.1444
0.0942
0.4622
0.7554
2.5566
2.1534
0.3192
0.466
0
0
0
2.4143
6.0885
0.0107
0.0936
9.1406
0
0
0
0
0
0.2235
0.1358
0
0
0
0.9019
0
0
0
0
0.8923
5.3528
0.2809
0
2.2879
0.5882
0
0
0
0.055
0.454
1.9879
0.0803
0
8.5612
1.1615
1.6098
0.4511
0.0306
5.4448
0.0975
0
0.0103
1.8139
7.6642
8.6065
4.8244
0.1654
0.1593
0.5423
0
0.1514
0.2347
0.0985
0
0.5434
0.1327
0
0
0
0
4.8446
0
0
1.2489
0.0265
8.6964
0.3533
6.5768
1.1062
1.0117
0.9987
0.0995
0.8884
3.17
2.7049
0.026
0
0.019
0.0188
0.0069
0
0
0.0774
0.5316
2e-04
0.1096
0
0
0
0
0
0.1894
0
0.4011
0.3404
0
0.0189
0
0
10.2795
1.3274
0.0651
0.1685
0.1013
1.0513
0.0155
0.0271
0.0215
13.4017
10.7136
0.0034
0
0
0
2.5803
0.3316
0.0215
7.9921
5.2927
0
1.5914
5.2986
0.3787
0
0
0.0064
0.7231
0
0.3152
0
0.7656
0.452
1e-04
1e-04
0
0
0.0063
0.0199
0
0
0
0
1.5652
3e-04
0.1842
0.8764
0.9284
0
0
0
0
0
4.6011
3.4428
0.0209
0.0852
5.8646
0
0
0
2.3086
4.7191
0.9151
0.0345
0
0.2561
6.6817
2.0577
3.567
9.0526
4.9698
21.1675
0.0048
0.286
7.8783
3.5558
0.4275
0.5348
1.0594
1.0019
6.946
0.7623
0.0191
0.1882
0.1205
18.705
9.4122
0.1859
0.0011
0
0
0.153
1.7199
5.9658
0
0
1.9802
18.658
9.0833
1.9648
0
13.6433
7.8317
0.1523
0
0
0
0
0
0.1042
0.0321
0.4188
0.4331
4.7701
9.8478
6.3501
0.1977
3.0995
0.0115
0
0.078
5.4895
5.9525
5.4913
4.9704
0
10.7531
43.1917
9.5615
0
8.1567
39.2347
8.8991
0.3275
2.4637
0.2957
0
0
2.96
15.3361
26.0627
0.015
3.7315
26.2431
0
0
0
0.4623
0.152
0.646
2.5515
1.9293
0.1581
0.0815
0
0
0
0.9038
3.6257
0
0.1361
0.7062
0.101
0
0
0
0
5.9187
16.5745
2.346
0.2965
0
0
0
22.9428
3.0076
12.901
0.1814
0
0
0
0.5776
6.7088
1.6496
0.4482
0.5833
1.9872
1.3586
0.1353
1.4035
6.5117
0.2862
0.0037
0.0927
1.136
0
0
0
0
0
0
0
0
0
0
0.0221
1.1484
8.9609
16.5708
34.1476
19.1932
9.1525
18.0278
23.2842
14.6956
0.7136
0.0049
0.3018
4.5063
0
0
0
0
0
5.1742
6.8388
6.3825
17.024
4.7473
1.0743
0
1.0187
2.5107
0
0
0.4976
2.3815
6.2306
0
3.1263
11.5809
2.9088
0.0825
0
0
0.427
15.1245
0.0093
0
0
0
0
0
0
0.034
0.0245
0
1.0144
17.166
1.0425
0.1384
6.9846
6.6463
6.7989
0.2517
0.1164
11.2212
32.7284
2.9783
0
0
0
0
0.0417
0
0
3.444
1.1201
0.3522
0
0
0
0
0
0
0
0
0.0012
0.0832
0.2166
4.3875
14.4844
0.7012
0
0.7913
3.2686
0
0.931
1.5786
0
0
0
7.8291
0.0512
0
5.5427
0.3455
0
0.7197
2.6616
0.0128
0
0
0
0
0
0
0.2234
5.9604
0.2386
0.0453
0.1417
5.3476
6.1761
23.8805
0
0
0
6.5098
5.0365
0.7014
0.9733
0.9513
0.4453
0
1.5119
11.0312
0.2863
0.7991
3.0246
0.2201
1.0468
0.2017
0.4377
0.4075
3.1592
0.0623
0.6644
1.8765
0.3132
0.1242
0.0011
0.0356
1.2031
1.3905
13.1214
2.6026
0.6936
0.2823
0
0.0139
0
27.5619
14.2631
3.3269
3.6155
8.6393
1.7325
1.9344
0.5823
0.2632
0
5.0843
0.0011
0.0059
0
0.5782
9e-04
7e-04
0.1849
2.2251
0.4696
3.6341
0.0182
0.0239
0.0018
0.0909
5.5363
0
0
0
0
4.0755
2.739
1.8683
19.5199
0.6381
0.0615
0.1708
1.9557
1.7472
2.3063
5.0001
0.4969
8.5587
0.0714
2.953
14.3306
0.483
0
3.9019
6.1558
1.3228
0
0
2.6725
4.5506
1.3053
0
2e-04
0
3.2453
10.9933
0.1151
0.0839
8.4468
1.4897
1.9878
10.5962
0.3239
0
3.0995
1.4268
0.4728
0
0
9e-04
1.9098
5.1473
4.3001
0.0134
1.0572
1.3686
0.6208
0.1462
0.3232
0.178
0.4453
0.6741
0
0
6e-04
0
0.2068
0
0
0
0.0036
0.9416
5.913
3.2908
0
1.0536
0
0
1.6965
0
0.0792
0.1776
0
1.5612
1.7822
1.732
7.8162
9.6566
10.0958
1.1532
0.6423
9.5653
24.1977
13.1955
2.9532
2.1386
0.7733
5.0551
0
0.046
0
0.2244
0.0456
0.2253
2.9475
2.855
2.0471
0
0
0
0
10.024
18.9027
1.1979
0.0705
6.2328
2.311
4.9472
5.0267
0.0495
0
0
0
0.5094
14.5519
7.6607
0.571
0
0
41.1604
0.2005
1.8641
0
2.3204
0.599
3.1987
4.4345
4.6657
0.1535
0
0
0
0
0.7477
1.9694
5.3741
0.9453
0
0.4462
0.0446
0
0
0
7e-04
0.0011
0
0
1.6452
0
1.0404
0.4795
0.7166
0.1661
0
1.1322
11.4406
4.3109
0
0
0
0
0
0
0
0
0
0.0102
12.0368
0.4433
0.0998
0.4601
0.3954
0.7015
0
0
0
0
0.0073
0.014
1.1958
0.6881
0.0314
0
0
4.8937
0.4657
0.1989
0
0
0
0
0.396
2.0397
0.3972
0
0.0391
4.0291
0.2469
0.7881
0.1149
2.3357
1.8224
0.3705
1.0763
0.9326
26.6651
0.4737
0
0
0
0
0
0
0.558
2.1053
2.7522
0.5432
0.4884
0.0091
0
0
0.1221
0.3192
0.1243
0.0369
0
0.3545
0.1024
4.5974
0
0
0
0
0
0
0
0
0.9988
0
18.4169
18.3517
38.1655
5.6565
0.0025
0
0
0.2196
0.0091
1.3601
0.8369
10.6316
5.3116
0.259
0
1.0447
9e-04
0
0.0056
0.0089
20.9114
15.9809
2.4756
12.8442
3.5484
0
7.4759
0.2848
15.3582
1.5195
0
0.1026
0.11
1.4678
3.1952
3.8197
0.2525
0.0123
0.3125
1.0312
0.5749
0.5205
0
0.0248
0.7763
8.4896
13.3087
0
0
6.8702
1.5727
0.6517
0.5131
4.7881
2.6853
13.6749
2.3881
9.291
3.7004
0
0
0
0
0
0
0
0.0828
0
0.1009
0
0
2.0331
0.5792
0.0601
8e-04
0.4178
0.9155
0.0138
0
0
0
0
0.6081
5.0522
2.5357
0.0599
3e-04
0.02
0.0162
0
0.211
3.4702
0.0011
0.2196
6.9258
0.3126
0.2087
0.3168
0.4233
3.8275
0.0248
0.024
0
1e-04
1e-04
0
0
0.0117
0.0132
0
0
0.1601
0
0
0.0968
0.2931
0
0.0824
0
0
0
0
0
0
2e-04
0
4.5497
4.1035
3.1926
0.2421
1.3747
1.8289
0
0.0052
0.053
0
0.001
2e-04
2.3375
3.9759
2.2774
9.3088
0.1124
0.254
0
0.0021
0.0017
6.1829
2.729
0
0
0
0.9149
10.0615
4.888
0.259
0.5156
4.0009
7.2746
5.3519
5.744
2.0527
1.2117
0.1371
11.0818
12.9985
3.3514
0.1713
2.3449
0.0964
0.0269
0
0
0
0
0
0
0
0
11.1602
1.6917
13.5023
8.7278
22.8041
6.7303
2.9166
1.0315
2.7625
1.3081
8.7078
3e-04
0
0
0
0.1323
3.0031
6.2418
0.4215
0
0
6.8066
0.1171
0.5488
15.0022
0.939
0.1603
5.1981
0.4141
0
1.3505
8.2219
0.3342
1.7319
0.6481
1.8493
2.5673
1.0775
0.297
18.0772
0
0
0.6708
2.1787
9e-04
0
0
1.0645
1.0214
0.8771
0.002
0.0941
2.779
0.11
0
0
0
0
0
0
17.4123
36.6485
4.6926
13.0058
2.3231
2.6036
6.4242
12.7223
2.0615
0
0
0
0.0637
0.009
0
0
0
0
0
3.9517
15.6589
5.9742
8.1405
0.022
0.5051
7.8093
1.5271
1.2506
0
0
0
0.3259
1.8463
6.1447
13.4432
0.8831
0.0022
0
4.635
0.37
0
0
0.5865
0.5114
0.067
17.7949
0.6599
0
0
0
0
1.5222
0.0136
0
1.7972
0.167
0.8848
0.1498
0.3156
0.8098
0.2435
0.4599
2.5145
0.176
5.0222
3.903
0
0.2523
0
0.0212
2.8641
10.7716
10.4317
0
0
0
0.0136
0.0264
0
0
0.1847
7.247
0.6321
0.0365
1.2806
7.016
12.7113
0.018
7e-04
0.2265
0.0395
0.0208
0
0
0
0
0
0
0.7974
10.0857
12.1596
0.0344
0
6.2599
0.6273
0.1249
0.0108
4.8073
49.8266
1.3402
0
0.3545
0
2.2571
0.1288
0.5515
2.6679
22.8791
1.8697
0.2332
0.3364
0.4881
0.3197
0
0
0
6e-04
8.2148
8.5992
3.954
0
0
0
0
0
0
11.0945
22.9997
0.0254
1.0963
3.6243
15.2812
10.6827
0.1315
0
11.0368
2.1178
0.4749
0
11.5079
0.0476
0.0379
0.2976
5.7557
22.5693
4e-04
0
0.796
0.5775
0.4219
15.1233
0.5624
24.8263
0.7946
2.8887
0.3605
0.4024
9.799
6.2633
0.0124
1.8125
0.2887
0.1539
0.0422
0.0428
0.4323
3.3998
5.1298
10.1994
0.0114
0.402
0
0
0.695
9.2178
0.4032
0.7749
6e-04
0.026
0
0
0
8e-04
0
0
1.1638
2.3786
2.8564
0
0
0.4697
0.5226
0
0.0222
0.1928
0.7022
0.0487
0
0
0.308
0.3377
5.3314
0
0
0.2407
0
1.9158
6.1135
0.0391
0
0.1033
2.7882
0.0999
0.8573
0
0.0191
0
0.8507
1.0992
2.5548
0.1602
2.9056
3.4649
0
0.0533
1.5501
0.1228
0.7492
0.0376
0
0
0.0646
0.2365
6.2322
3.4122
1.6103
2.4593
0.1234
0
0
0.4981
0.0563
5.1136
0.0246
1.4771
2.2715
0.2005
0.1016
0.1305
0
7.2603
0
1.1482
10.0247
0.0125
0.5206
0.1409
13.7739
10.6152
1.909
0.0107
0.0501
0.9612
1.4899
1.8488
1.0097
0.7939
0.104
0
0
2.0335
2.0886
3.8908
6.5608
0.322
0
0
0
0
0
1.6544
10.0343
5.9344
4.2064
2.4984
4.7418
2.4743
0.1254
0.0309
6.1428
35.4884
7.8179
4.358
0
0
18.5208
0.0175
0.1417
1.3595
0
2.5881
1.4354
1.8852
0.3533
0.3348
1.9077
2.5957
0.0187
1.1022
0.9275
4.8784
2.8458
0.1454
0
0
0
2.4551
2.9849
32.2355
6.6216
4.4252
16.7922
0
8.0673
9.8847
0.0984
14.6743
2.0747
0.2381
0
0.3127
0.1689
3.8872
0
0.3865
0.1748
0
0
0
0
0
0
5.8136
7.4869
0
0
1.5168
0.8975
0.8284
0
0
3.8464
7.053
3.1851
0
0.1606
2.1241
0.5419
1e-04
0.0361
1.272
0
0.5753
6.5929
23.7844
2.9257
0.2759
0
9.3741
1.4962
1.759
0
0
0
0
0
0.8631
0.8908
5e-04
0.0923
0.2651
1.459
0
4.268
3.1748
10.2218
7.5656
0.1542
0.1188
0
0.1386
6.2366
12.6989
10.191
0.9854
0.0462
0.7341
21.2515
4.6738
10.3584
1.1094
0.2585
0.1416
0.0686
0
0.8928
0.5567
0.0662
2.7114
1.143
0
0
3.8577
0.6181
0
0
0
0.016
0.665
0.3879
14.7276
2.4524
3.0004
0.6766
8.9728
0.2935
0.2066
0
3.8362
0.3178
2.8597
3.1587
2.9015
0.1984
1.3852
4.8163
2.08
0
0
0
0
0
0
0.0742
3.2643
1.4751
4.5776
4.8778
0.1021
1.2861
0.0194
0
0.2122
0.0212
0
0
1.3413
0
7.9462
3.1225
0.507
0.2334
0
0
0.0801
5.0572
1.8881
5.2724
0.1597
0
2.2408
0.5544
5.5004
0.482
0.007
0.5318
0.7904
0.0747
0
0.8549
0.8086
0
1.3457
8.6843
1.7501
0
9.0049
0.6636
0.0233
0
0
7.9133
2.6077
16.4358
0.4907
0
0
5.4167
0.0159
0
0
6e-04
0
0
0
0
0
0
0
0.2256
11.9413
0.4524
0.0556
0.9248
0.0015
4.3327
0.3277
0.0682
3.2373
0.0575
0
0.1895
1.9869
0
2.3739
4.4878
9.2013
0
0
0
0.1084
2.5205
0
7.0685
1.8935
0.0698
0.6733
0.4624
2.4973
3.3684
4.8773
4.5516
4.9557
2.4971
20.8643
0.0707
0
0
0
0.0506
0.1188
0.0594
0
2.6098
1.294
0
0
0.2417
0.146
0
5.5998
0.8019
0.1779
0.0443
0.1871
0.4254
0.623
0.28
1.6885
0.0776
8e-04
0.0265
0
0
1.6222
0.0015
0.2106
0.0387
0
1.7269
0.7264
0
0
0.6963
3.3871
13.1097
7.067
2.8581
0.6775
9e-04
0
0
0
0
0
0.4394
5.0532
15.9498
2.2628
0.0406
2.575
2.6446
0
0.1201
0.1406
0.0021
16.2459
1.7239
0.0798
0.254
1.0444
0
0
5.7473
3.1581
0.1645
0.0399
0
0.0199
0
0.3063
0.1045
0.049
0
1.1002
4.745
2.261
0.0103
0.1026
3.8954
15.1139
16.677
17.0891
18.4347
1.0612
1.1237
6.4141
1.9532
7.9682
6.837
0.7154
1.6345
0.7687
0
0.3953
0
0
0.0036
0.1232
0.1174
0
0
0
0
0
0
0
1.3581
0.0799
0
0
0
0
0
5.5843
3.4905
0.0346
0
0.0239
0.1721
0.0716
0
0
0
0
0
1.0388
2.2075
6.2005
2.8845
7.0759
1.6557
3.7665
3.0342
4.3551
0
0.1623
0.1513
0.2654
1.9215
11.4172
18.3466
0.0024
0.1811
0.1262
0.1412
8.8682
5.5071
1.0697
1.9709
0.2351
5e-04
2.9886
17.5685
2.9955
8.5266
7.284
1.6781
0.6486
4.3279
5.2461
6.7934
0.8755
0
0
0
1.9234
0.8149
0.3638
0
0
0
0
0
0.3072
4.9996
5.3052
1.4558
0.0966
4.9769
1.4211
0.0319
0.6654
0.7044
29.0264
0
0
1.1562
11.2127
6.3332
0.5582
0.0011
0
0
1.7887
0.6468
1.2404
0
0
0.7376
9.2694
0.022
0
0
0.2384
15.9823
0.8727
0
0.0192
0.0887
3.7726
4.0397
0.8717
0.1531
0.1004
0.2093
0.0511
0
8.7056
5.6203
15.0199
1.2014
0.1831
1.7062
0.9229
0.0375
0
0
3.6215
12.3923
13.319
9.0271
0.198
0
0.4917
18.0717
0.7323
0
0
0
1.3542
2.1611
2.8325
0
5.454
25.0108
0.8224
0.0256
0
0
0
0
0
0
0
0
0
0
0
7.6706
3.6732
0.3779
1.0419
0.0026
0
0.4868
1.8067
2.0735
0
0
1.2653
1.3839
0.5281
0
1e-04
0.3019
2.9905
4.0745
6.3145
4.6687
7.4056
18.791
0
3.3315
5.4519
29.0641
1.9618
0.1563
0
0.4005
8.1975
0.5269
1.3485
0
0
8e-04
0.5187
0.9985
0.8773
7.6876
14.8256
6.0471
2.676
0.0449
4.1405
0.2045
8.3623
11.3365
3.1894
3.2118
7.0388
6.3608
3.4708
16.8665
0.1022
6.6369
5.071
4.281
0
5.3296
0.0315
0
3.8137
20.324
4.14
6.5708
0.2105
0.2268
3.6559
0.5975
0
0
2.4286
0.5964
0
0
0
11.7592
18.6626
1.2661
2.3435
0.0717
0.1886
0.3082
0.5978
0
0
0.1695
0.1625
1.0114
0.4233
0.6703
0.4991
0.2838
2.368
0.0349
0.1096
0
0
0
0.0349
1.6039
0.0066
1.0754
0.0349
0
0
0
0.0228
0.229
0.0622
0.7564
1.9536
0
0
1.4262
0.4973
8.3035
2.0367
0.0386
0
0
0
1.4363
0.4249
1.2734
0.3012
2.0509
0
0.34
0.2429
0.4242
2.1804
14.6978
3.0063
0.8165
9.2922
0.1318
0
0
0
3e-04
0
1.2039
0.5428
2.1618
4.8327
0.5088
4.5269
0.2867
8.2114
0
0
0.8018
0.2799
3.4593
0.8544
0
0.259
0.8482
1.3002
0.6172
0.0912
2.8264
0.0925
0
2.7776
2.2948
6.8728
4.5945
7.0827
0.5015
0.1244
0
4.802
0.6953
13.7196
0.0101
0.0099
0
0.0261
0
0.306
2.2844
1.8602
0
0
0
2.9988
1.4684
1.1363
0
11.025
2.8208
1.6295
0
0.0581
0.0054
0.0054
0.3118
0.4372
5.4389
0.8042
9.7756
1.3144
0.7686
0.0353
1.4134
19.6375
4.1671
0.2153
0
0
0
0.0037
1.8334
3.7735
0.2833
5.3564
1.2262
0
0
0.6007
0
1.9017
9.0421
0
0
0
0
0.11
0.4686
3.7641
1.7189
10.5431
10.4741
19.5158
2.7051
0.5765
1.2589
0.7128
0.6561
0.6708
0.3888
2.1713
8.5018
0.0125
1.0904
4.018
0.4611
0.4368
0.1038
0.0227
0.4317
20.8022
10.2711
6.336
7.7519
2.2001
5.7985
7.2127
1.7744
0.9074
0.2209
9.6126
9.5866
0.7089
1.2545
8.1523
1.3114
0
0.7758
0.4399
0
0
0.7736
3.7522
5.6755
0
13.2825
0.8816
8.4588
0.1375
0
0.5839
0
0
2.7949
25.026
2.9074
23.0135
8.5868
3.3033
0.3196
0.3123
22.061
0.0022
0
5e-04
0.134
0.0487
0
0
0.6798
4.2853
5.407
0.1358
1.912
0.0729
0
1.0532
3.9387
0
0
0
3.4542
1.103
11.9871
0.9438
0.2624
18.2906
0.652
0.3225
0.2441
6.3295
4.5583
4.0614
0
0
0
0
0
0
0.405
0.0675
0.1148
34.3462
7.8527
0.0145
0
0
0
0
0
0
8.1282
0.0485
0
0.4151
0
0
5.3346
16.3671
7.0995
0
0
0.6093
0
0.0858
12.3524
0.0123
0.0812
0.0235
3.5467
3.6951
1.8646
17.9477
5.8312
13.323
0.3555
4.6791
11.6705
13.1961
0.2357
35.2714
4.5316
0.2763
0.6397
0
0.0223
2.0951
0
0.0831
2.1553
10.3027
8.8202
0
0
0.1764
0
0
0
0
0
0
0.0844
5.9361
3.6036
1.5335
0.0317
0
0.0296
0
0.2413
1.4816
0.0225
0.2679
0.1009
0.0286
0.0139
1.1734
0.8792
0.0442
2.2315
0.0364
0.0818
0
0.4126
0
4.0015
8.0973
0.4676
10.2014
1.566
0.1362
0.0841
0.2147
0.7334
26.6523
0.0489
0.6232
0
0
2.2161
15.3962
1.0558
0
0
0.2662
7.9256
5.6184
5.1929
0.0363
0
0
0
0
0.478
0.917
0.442
3.4188
0.9268
0
0
0
0
3.1768
2.4259
0
0
0.002
0
0
0
0.2899
0.5353
0.0893
0
0.3033
0
0
0.0063
0.537
8.4226
0.3026
0
0.0881
0.1071
0.7849
0
0
4.7625
10.4827
8e-04
4e-04
0.779
0.1375
0
0.0749
1.4665
0
0.3169
5.4391
5.571
0.1012
0
0
0
0
0
0
0
0.033
0.0063
0
0
0.218
0.1904
1.4247
0
0.0476
0
0
0
0
0
0
0
0
0
0
1.9011
5.0096
6.0352
0.1312
0.102
0
1.6625
0
0
0
0
0
0
0
0
6.7693
0.2696
0.2104
0
0
0
0
0
0.5184
0
0.0107
0.8095
0.5336
0.0599
0
2.4382
23.4546
2.6365
0.6398
3.896
0.0682
6.573
13.0875
0.4982
0.2797
0
0
0
1.8961
4.5959
0.0648
0.3993
2.3015
0.4993
0
0
0.6031
0
0
0.7098
2.7665
0.1528
0.0042
1.7911
1.7966
0.6565
0
0
0.6189
18.2903
9.4451
0.1675
0
0
0.0321
0
0
0
0
0.3786
0.2738
0.5313
1.5273
6e-04
0
19.0711
3.8664
0.3921
0.039
0.043
0
0
0.4795
1.8859
0.0788
0
0
10.6053
3.6877
16.0101
6.7623
15.1467
0.0178
0
0.498
0.9732
0.2213
3.0321
0.3521
0.0453
14.2693
0.4699
0
0
0
0
0
5.352
22.7188
4.4739
8.9822
1.7644
0.7527
0.8956
2.028
0.0441
0.0463
11.2375
22.1535
5.0326
4.6614
2.2604
5.6405
3.8718
8.3854
2.097
2.4908
0.0181
0
2.9835
0.0691
3.1119
5.5022
0
0.2673
0.3167
0
0
0
0
0.1954
0
5.0067
0.3154
5e-04
0
0
0
0.0539
1.4148
2.6991
1.3646
4.9488
0.0108
0.1303
0
2.9885
3.012
7.4414
0.4457
0
0
0
0
0
0.3602
1.6856
0
0
0
6.4296
10.6084
1.1335
0.1283
2.9769
26.0048
23.3713
10.1747
0.2281
1.5996
6.7266
0
0.085
0
0
0
0
0
0
0
0
7.4006
1.3863
0.5059
1.4501
13.4967
1.8473
4.361
6.3596
0.7016
0.3991
0.1721
1.2945
0.0489
0
0
0
0.4862
0
2.6461
1.2751
0.691
0.1002
0.4838
0.5965
0
3.2046
2.2052
1.3016
2.0699
0.556
3.4334
0
0
0
0
0.6243
4.9383
0
0.1694
1.4069
0.7038
0.0984
5.8059
1.5724
0.6175
0
11.0779
0.1542
0.0942
0
0
0.5055
0.0071
0.0211
0
0
0
0.2307
4.0834
6.0538
0
0
0
0
0
0.0328
0.2314
1.2759
0.2732
0
0.4952
0.3345
0
1.2812
0.6793
26.0609
0.913
2.9779
1.1242
3.5643
1.1212
3.7988
5.6945
3.7615
2.4482
0.0652
0
2.2851
1.1332
2.2568
0
4.1632
3.9905
0
1.3656
21.4836
0.5834
0.0681
2.704
0.9264
5.7983
1.1086
0.036
1.2417
0.2558
1.918
0.6724
1.1849
6.9468
0.9286
0.0246
0.018
9e-04
0
0
0.0463
0
0
2e-04
1e-04
0
0
0
0.0351
0.0377
0
1.4243
0
5.5639
4.9792
1.1286
2.5112
0.1871
0
0.6832
0.1522
0.9202
2.2815
0
0.0219
0.1845
1.221
1.4239
2.3151
4.5841
0.8416
8.7263
0
0
0
0.0534
0.209
0.2398
5.9682
3.8747
0
0
0.2112
0
0
0
7.5428
1.7156
1.439
0
2.0549
2e-04
0.0248
0.6146
0
0
0
0
0.6241
1.5333
0.5426
0
0
0
0.2095
0.1997
0.0051
0
5.8567
0.4371
0.9853
0.4791
0
0
0.2145
0.0458
4.3545
0
0.8269
0
19.7789
3.6013
0.2859
0.317
0
0.285
1.2413
1.5034
0.8786
2.5018
11.7861
3.0471
0
9.2218
3.2038
9e-04
0
0
0
0
0
0.1034
0
0.3855
0
0.8357
0.4953
1.8772
1.4051
0.0333
0.9236
0
0
0
1.0915
2.7411
0.446
0.1667
0
0
0
2e-04
0.0538
0.0097
0.1508
0.1423
5.4144
0.3739
0.0704
0
0.068
0.3367
0.6406
4.0196
0
0.8271
0.8923
0.8431
0
0
1.6242
1.7754
0
0.006
0
0
0
0
0
1.652
5.1331
0.1514
0
0
0
0
1e-04
0.0038
0
0
0
0
0
0
0.4616
0.0325
0
0
0
0
0.6965
2.86
0
0
0
0
0.0524
0.0862
0
0
0
0
0
0
0
0
0
2.1442
5.8057
4.6558
0
0
0
0.0012
0.5159
10.4041
2.395
5.4885
3.3831
9.8321
0.0832
2.6277
0
18.664
6.8869
0
0
0
12.9556
6.575
0.1983
0
1.9017
0.9968
5.4076
6.6959
0
0
1.0621
7.3266
3.0949
0.9006
0.3582
3.9241
6.2845
0
1.7063
10.3051
14.1347
0.6939
0
2.1747
13.2466
0.5465
0.0016
3.0016
0.9846
22.789
0.4358
0.2836
0
1.4047
2.4283
16.2006
6.2278
1.0956
0.001
0
0
0
9e-04
8.1383
1.9702
3.2543
0
0
0.0797
0.0913
1.0823
5.0556
3.1748
0
1.2617
0.4779
0
0
0
0
0
0
0
1.2624
3.2554
0.211
0
0
0
0
0
1.2751
0.0845
0.0262
0.0072
0
0
0
6.8835
6.3166
46.5168
0.4451
0
3.9118
2.6973
5.3109
1.3425
0.027
0.2324
0.1183
2.36
0
0.2292
0
0.0696
0.3359
0.1565
22.6023
18.5899
7.4403
1.1168
3.6257
0.528
14.7114
2.3764
0.0272
7.069
0
2.1421
3.1415
0.0469
0.0058
2.2015
22.2848
0.5469
0
0
0
0
0.3475
3.0631
0.3876
0.4431
0
0.5548
0.2034
0
0
0
0
0
0
0.5134
1.3704
0.3604
0.0118
0.516
0.0246
0.0178
0.2282
0.3132
0.1466
1.058
0.1258
0.0533
0.1653
8.8302
0.9211
0.3631
0.3166
12.8587
14.6765
0.0014
0
0
0
0
2.4375
0.542
0.0603
13.2263
0.027
4.2434
0
0.1613
0.0702
3.3438
1.6917
1.2524
0.9345
0
0
0
0
0.2952
0
0
0
0.0042
0.6749
14.0748
0.1012
0
2.7936
1.1398
0
0.2952
0.3591
2.3627
0
2.3573
0.9962
0
0
0.0496
0
0
0
1.565
0.5723
0.3942
0.0644
0
0.0293
0.0054
1.5111
7.1058
0
0.2415
0.1495
0.0925
0.9861
0.0632
0
0.1044
0.7288
0
2.5333
3.9435
0.5179
0.0029
0
0
0
0
0.1399
0.1656
0.0096
0.3377
0
0.4654
14.3166
0.1239
7.0311
0.5155
0
0
0
0.3051
0
6.4769
10.7444
0.9316
9.3994
1.3316
2.594
2.9348
17.5421
17.2244
3.1312
0.7785
1.8562
2.5216
0.671
0.1328
0
2.9799
1.9965
1.8015
3.7887
3.6985
2.9003
3.9551
0.7318
0
0.0818
0
0
0
7.8807
0.8198
1.0878
2.8812
0.9755
0.0066
0.0921
0.7223
0.7565
0.3067
11.235
3.7386
3.2375
0.7619
4.4031
0.907
1.1915
3.224
7.9862
0.5326
2.5812
0.1897
0
0
3.0999
3.9278
1.8819
0.8714
14.1016
1.1666
15.9196
25.4057
0
0
0.6608
0.6433
30.2216
8.4467
18.6794
6.5213
6.0381
2.0887
0.0225
0.0275
0.0078
0.1232
0.2336
0
14.6944
8.1338
5.9513
2.0897
1.6711
1.7038
1.5072
16.7123
1.5479
4.448
2.799
0.3822
1.0998
0.0011
0.8012
0.9
0.8591
0
0
3.5102
0.1947
7.2231
0.6068
0.2054
0.3237
0
0.003
2.2722
2.7435
1.2248
0.5734
0.1933
0
0
0
0
0
25.3172
25.5013
0.9632
0.5674
0.0201
2e-04
3.0977
14.9401
4.887
3.9459
0.1425
9.1641
0.6261
0
0
0
3.3536
3.3806
0
0
0
0
0.7924
0.2002
0.3397
0
0
7.2181
1.472
0
0
0.201
15.297
2.4611
2.1118
0.4102
0.1178
0
0
0
7.7221
1.7648
0.2892
0
17.9831
0.0106
0
0
0
1.6542
6.6754
3.2935
9.3598
9.6299
0.0537
0
9.0837
7.7839
3.0755
12.7693
2.1605
0
0
0
0.1415
0.1128
5e-04
0
0
0
0
0
0
0
0
0.2206
0
0
0.0083
0.0494
0
0
0
7.5202
0.0462
0
0
0
0.0895
1.9047
10.4448
0.2513
23.2
2.5003
2.6269
0.213
0
0
0
0
0
0
0
3.0473
1.8632
0.0702
0.05
0.1075
0
0.3004
2.732
7.9419
1.8206
0.7246
0.2157
0
0
0.5809
7.3437
15.1127
9.7396
0.556
0.1782
0.0242
0.0577
0.0358
0.1118
0
0.0012
0
0.92
0.8248
3.237
0
0
0.0497
0.1097
0.1772
0
0
0.5073
0.0446
0.3248
9e-04
0
2.5389
0
0
1.6854
1.54
0.1337
0
0.1286
2.2275
0.4342
0.3229
0
0
0
0.7474
1.6571
0.154
1.7265
3.0648
5.7731
5.6372
0.2888
0
0.2979
8.0209
0
0
0
3.4204
1.4962
1.5616
0.2301
0.109
0
0
0.6665
0.1399
8.1479
4.594
0.0835
8.0724
0.698
0.0787
0.0146
0.1319
2.1053
0.0439
0
0.0161
3.4625
0.3535
0
4.028
16.5946
1.84
8.1788
0.2962
0
0.489
0.0079
0.9012
0
0
0
0.9686
7.2905
25.073
3.1601
0
0
0
0
0
44.2481
4.731
0.9429
0.0395
0
0
0
0
0
0
0.1045
0
0.9747
1.3287
0.7584
13.6598
1.0263
1.1505
0
0
0.0029
0.2625
9.6177
0.7101
0.1767
4.1655
0.0568
0.1969
1.1589
1.1887
0
0
0
0
1.2916
2.5991
8.3675
1.999
6.2323
2.4552
0.6171
0.2224
0.1687
0.4072
0.6006
0.2254
0
24.864
2.3009
0.4949
0
3.4774
0.0456
0
0.1004
0
0
7.4836
7.4659
0
0
0
0
0
0
0
8e-04
2e-04
0
0.5135
9.6863
23.8624
3.4935
0.0811
0
0
0.2129
5.7387
4.9316
5.9353
11.6838
5.6824
5.4746
19.3563
3.6725
0.1153
0.0487
1.9669
0.2199
0
0
0.967
4.2881
14.0903
0.0524
0.0933
0.2209
0.3144
0
2.5347
3.3433
12.7702
5.5292
7e-04
0.0638
1.3687
17.4031
4.8182
0.0036
0
0
0
3.0863
0.7194
0
0
0
0
0.0016
1.6307
4.8446
2.5469
0.9614
0.4645
0.1197
6.741
6.6356
9.8981
0
0
0
0
0
0
0
0
0.0914
2.5567
1.2634
27.5646
16.2034
2.6051
12.331
0.5521
0.0011
0.1618
0
0.1078
9.0543
12.8812
31.4681
2.8765
0
0
0
0
0
0
3.2879
1.9714
0
0
0
10.7163
5.1307
0.2758
0.0147
0
0
0
5.7045
3.4014
28.751
0.0378
0
0
0.0373
1.6877
7.0689
5.6201
8.7834
2.0684
0.8333
0
0
0
0
0.1645
0.2593
0
0
0
0
0
0
0.0457
2.0552
11.4612
1.842
32.1055
0.0538
9e-04
0
0
11.1088
1.9483
5.6602
0
0.0254
6.9109
1.2196
2.9884
1.6258
0.5773
0.2002
0
0
0
0
0.5675
0.769
0.0157
0
0.2202
19.1119
0.2299
0.0906
2.4844
2.6488
24.2714
18.9575
2.2975
2.2073
0.2891
0.0122
0.106
0
0.8172
17.7491
0.0646
0
0.5897
7.8668
0.1588
0
0
0
0
0
0
0
0
0
0
0.0875
1.7223
19.4863
0.8645
0.0151
0.8909
1.6397
2.0282
0
0.3769
0
0
0.1114
0.0956
0.5841
0
0
0
0.6788
11.6401
1.3694
0.1641
0.0291
0
7.0524
5.6364
0.0705
0
0.0188
0.1461
33.391
1.3098
0.0446
0
0
0
0
0
0
0
0.0278
0
14.4081
1.0526
1.9161
12.5926
0.4976
0
18.2539
1.9594
17.2781
2.2091
0
0.6843
0.658
4.2063
25.6967
28.0661
0.273
0
0
0
0
2.4119
0.1333
0
0.1084
0.0219
0.3583
12.0765
0.6351
0
0.0066
0
8.8583
0.3466
0.0172
0.0943
3.1154
4.1772
0
9e-04
0
0
0.8285
0.3062
0.4978
0.0501
4.1974
0
0
0
0
0
0.4137
0.4542
0.3022
0
0
0
0
2.0225
3.8636
7.3366
1.0341
2.6013
0.46
1.7616
1.3337
1.326
0
0
0
0
0
0.0846
3.36
0.5851
0.4469
3.26
0.1501
0.7322
3.4191
2.232
0.0444
0
0.0562
0.0652
0
0
0
0
0
0
0.7722
7.7493
1.2478
0
0.0837
3.5686
5.5939
0.6508
0.7074
3.3918
2.2421
2.2616
0
0.0602
0
0.2292
0
0.0018
1.665
3.7937
0
0
5.2593
5.5479
0.8234
0.2787
0.118
8.9027
4.867
3.0184
0.0294
10.6852
0
25.8743
11.7832
0.452
1.8174
0.1807
6.4781
0.0015
0.0566
0.0018
0.3211
0.3893
0.023
4.3846
0.1558
0
0
13.1709
3.503
0
0
3.275
0
0
0.4898
1.9725
3.8493
0.1352
0.3729
3.85
2.3396
0
0
0
0
2.7499
12.2017
3.6842
21.4172
1.2275
0.0247
0.0785
5.758
20.0139
4.1717
3.0449
0.0948
4.2751
0
0
0
0
0.273
1.027
4.2394
0.8265
0
0
1.696
7.2111
0.1675
0.0593
0
0
0.011
0.1473
0.0989
0
0
0
0
0
5.9078
0.2202
2.2404
6.425
2.3736
4.6596
0.6026
0.1548
0.4159
1.7947
0
0
0
9.7505
3.6412
0
0
0
0
0
0
0
1.9888
5.9138
1.313
0.0863
0
0
0
0.0036
3.6399
1.4957
0.0854
0
0.3086
12.0224
0.3832
0
0
0
9.6776
3.3845
0.3563
0
0.1745
0.2967
0.5428
0.1957
3.0083
5.1144
13.0646
12.6459
3.711
0.069
0
0
0.5104
0.1092
0
0
0.0266
0
1.469
0.1631
0.2853
0.3234
9.1076
12.6044
0
0
0
1.3077
3.7198
0.7857
0
0.6219
0.0033
0
0
3e-04
0.0035
0
6e-04
3e-04
0
0.5931
4.6433
0.0122
0.1464
1.1375
0.2003
0
0
0
0
0.0099
1.3621
22.1503
1.6202
0.3372
0.3066
0
0
7.9487
1.6388
0.5962
1.6851
0.7062
0.5847
0
0
0
6.3622
0
0
0
3.9714
26.5645
22.2715
23.8602
7.1167
0.0138
0
5.0237
1.4979
3.0068
0.1895
0
0
0.3956
2.0082
0.7991
0.0118
0
0
2.0741
0.6989
0.5009
0.0766
3.0446
0.962
0
7.1606
4.9067
14.0851
2.6886
3.5391
0.1389
0.629
0.1126
1.5167
0.6476
1.804
1.405
0.8979
2.8357
3.4145
8.4381
0.7239
0.0188
0.0166
0
0.0077
0.0704
0
3.9837
2.0029
1.1305
0.1552
0.1108
0.159
0.1588
0.1808
0.3252
0.3137
4.2385
0
2.0193
7e-04
0
0
0.0024
0.8948
4.2702
0.7333
0
0
0.3895
4.7149
0.1001
0
0
0
0.0856
1.2572
0.1664
0.6772
0
3.2581
21.916
0.6901
0.3818
0.0262
0
0.0201
0.2473
0
0
2.5776
2.2092
0.8107
0.1032
0
0
0
0
0.631
0.8483
0.1144
0
0
0
0.0503
0.32
1.1592
0
0
0
0
2.7209
0.0548
15.2313
0.7698
0
7.4439
5.8498
0.2861
0.5762
0.4717
0.0931
0.0477
1.1564
0
0
1.0279
0.3042
0
0
0
0
0.5484
10.6443
4.5902
1.3728
0.3339
14.4068
1.6676
0
0.0208
0.0517
0.0487
0.1506
9.316
3.1015
3.3762
0.0453
0.4695
8.928
0
0
2.7718
1.8768
2.129
0
0.6645
5.4844
0.6109
5.3976
0.199
0
1.8315
0
0
0.02
0.0053
0.9514
0.5937
1.7664
0.0869
0
0.2901
0.3412
9.345
16.9106
13.6397
0.328
6.7144
9.8324
4.5772
1.1788
5.1843
2.174
0.2932
1.6849
0.1149
0.4513
3.4688
0.9843
0.349
0.283
0.0058
2.5969
0.0169
0
0.6806
5.7583
0.2422
0
0
0.0358
0.1058
0.7345
0.1316
11.6305
4.0055
0
0
0.679
3.775
12.3655
21.5728
0
0.7601
0.3741
0.019
2.7295
24.9655
0.672
0.2845
0
0
1.5238
4.1614
0.4403
2.725
0.062
0
0
0
0
0
2.7462
0.3199
0
0.6792
30.7828
0.5592
0.1071
0
1.2128
2.2124
6.3854
0.8133
0.4152
0
0
0
3e-04
0.0024
0.0683
0.9294
0.0221
2.2029
0.0571
0.1358
0.2242
0.6316
9.372
0.0035
16.1325
27.9878
18.5705
25.4685
1.7122
17.2895
1.0503
4.2422
9.8491
1.9111
0.8775
20.7164
4.6131
0.278
8.6878
1.3586
0.0529
5.1504
11.461
13.9543
0.0684
0.4682
5.3394
1.1995
0
0
0.0115
2.1751
0.9912
1.3847
7.4714
0.6645
15.3283
3.7894
2.7127
0.3401
0
1.9648
6.8049
0
0
0
0
3.8144
1.6566
2.5048
15.4754
8.7964
0
0.0024
0
0
0.8084
6.5476
8.315
0.7119
14.4995
18.1518
14.732
6.442
17.3987
0.0324
0
0
0.6025
4e-04
2e-04
2.1497
7.6671
2.4673
0.1879
40.0384
7.9505
0
0
0
0.1606
0.6271
0
0
0
0
0
0
0
0
0
0.5654
1.1779
13.6989
1.6018
1.6377
0.3237
0
13.4783
13.7369
3.5629
0.0221
2.7864
1.3472
0.5632
0.1093
0
0
0
0
0
0
0
0.3205
0.1157
0.0026
20.1794
15.5748
0.6856
2.9376
0.2425
0.0768
0.3967
0.1984
2.6363
3.5837
12.9554
25.0575
2.1629
0.0419
0.076
0
0
0.0376
0.0311
0.0382
12.1216
9.1316
11.2142
0.2833
2.329
0.0565
0.1441
0.0344
0
0
1.2015
0.2729
0.2795
0.0842
0.0446
0.0207
0.0602
3e-04
0
9.6564
0.2309
0.014
0
0
0
0.3154
0.1576
0.0083
0.4568
5.4441
0
0
0
0.0263
0
0
0
0
19.5823
19.8093
10.6462
0
1.9087
10.6356
19.6991
6.9837
0
0.021
0.4168
0
7.0657
0.4936
4.0472
8.5596
0
0
0
0
0
0
0
14.3936
2.0077
0.0101
4.4289
0.0094
0
0
0.4231
0
0
0
0
0
0
0
0
0.0464
0
0
0
0.3189
0.5799
13.249
1.0418
0.0037
0
7.849
0.0733
0.002
0
0
10.1562
4.2687
1.1614
0.3538
0.3948
2.1985
0
0
0
0.0573
0.246
20.9709
4.3942
0.0016
0
1.9809
0.5544
5.75
1.936
0.4678
0.7156
0.1978
1.4394
3.7653
5.8663
0.0012
0.3792
5.5021
1.3384
0.434
18.0808
1.579
0
0.0575
0.0346
0.2529
0
0
6.1482
15.7916
0.1421
0.0324
0
0.0059
0.0661
2e-04
0.0014
16.5791
6.866
0.4774
0.539
0.1212
1.9756
2.1504
9.2985
0.688
0
5.0113
4.2476
2.3052
0
0
6.7449
18.5563
0.8493
0
0.0077
1.4229
3.2353
3e-04
0.0072
0.8573
3.6889
2.752
0.0054
0
0
0
0
1.1202
0.0833
5e-04
0
3e-04
0
0
0.7378
0.7503
0
0
0
6.9178
4.553
0.9432
0
0.0265
0.575
4.9947
1.272
11.0356
0.0179
0.0327
7e-04
2.9403
6.0308
0
13.8386
32.9105
13.2963
0.6351
0
0
0
9.3281
0.4506
0
0
0.013
0.5347
5.0797
12.1743
0.2328
0
0.0094
5.5534
8.9819
0.8147
7.8883
0.737
2.485
1.8363
4.0032
6.6591
0
0
0.2698
1.9189
2.679
2.1831
4.3683
3.8269
5.013
0
1.3833
0.0858
0
1.9238
0.7098
4.7028
8e-04
0
0
0
0.1582
9.6681
0.4779
0.003
0.0584
0.5299
0
0
0
3.1968
3.2322
4.0926
0
0.459
0.5336
0
0.2704
3.0014
1.7455
1.4086
0.6674
0.2208
0.0458
0.4556
0.0547
5e-04
0.0028
1.013
0
0
0.0027
0.026
0
0.1379
1.187
0.0217
0.0013
0.2665
4.5179
7.3967
7.9312
9.7727
0.9442
0
13.2634
0.4278
0.0025
0.7085
0.9565
0
0.075
0.0116
1.8946
4.9276
0.3121
0
0.0276
0.5418
0.3036
1.0478
0.0215
2.1198
1.5416
9.1204
10.2233
4.6812
1.6252
3.0117
1.4146
0.6951
0.3849
0
0
0
0
0
0.27
10.8131
0.1283
0
0
0
0
0.0416
10.2162
10.3875
0.0254
0.5858
2.4727
4.9067
0
0
0
0
0
0
0.0049
0
5.849
3.1112
0.4038
0
2.8863
0.2065
2.6826
0.0822
0
0
0
0
0
0
13.1103
13.0672
1.6243
0
25.163
0.3077
0.2838
0.0033
0
0
1.0504
2.3074
0.4178
3.5466
13.8113
0.5802
0.2277
0
2.3275
1.853
0.7939
15.9907
1.8642
0.2428
0.123
0
0
0.6981
0.0268
0
0
1.3954
0.9338
0
0
2.1774
1.9763
1.1011
4.8962
0.153
0.2038
0
1.9718
0.0916
0
0.0013
0.0762
0.0267
0.0506
0.1203
0.0606
0.1007
1.6918
1.3784
6.0683
2.936
0.081
0.1068
0
1.2631
0.493
0.0819
0.5195
0.0642
0.5525
5.2349
2e-04
0
0.0624
0
0
0.1952
0.8628
4.497
0.5956
14.309
12.4634
0.1414
0.3163
9e-04
0.2243
0
0.079
0.0662
0.004
0
0.073
6.4053
2.0052
0
0
0.0781
0.4016
0
0
0
0
0
0
0.1971
0.0694
0.0509
9.9514
1.2663
2.2419
2.501
0
0
0.1443
0
0
0
0.3112
3.842
4.0965
0.5741
3.0117
4.1293
0
0
2.1396
0.2177
0.2152
0
0
0.4214
0.0043
0
7.4042
0.0529
0
0.3915
0.0012
0
4.0078
0.5022
1.3329
0.0227
0
0
0
6.2214
1.3625
2.0962
18.3395
3.7541
0.0084
0.3155
16.1896
9.8825
26.6045
4.36
0.0304
0.1654
0.038
4e-04
0.0132
0.0408
0
0
0
0
0
0
0.5112
10.1028
3.8328
6.6598
4.5967
1.8303
0
0
0
0.0665
1.2648
5.0469
0.6665
0
0
1.2343
5.9158
0
0.1618
0.7062
0.0236
0
0
0
0
0
0
0
0.2784
4.656
5.3566
0
0
0
0
0.005
2.8845
0
0
0
0
4e-04
6e-04
0.2001
0
0
0.0242
0.828
3.0473
0.4395
0.1475
1.0084
0.8962
0
0
4.1628
3.8996
0
6.6894
35.3931
10.7477
6.2926
1.6459
0.1295
9.5109
0.4081
0
0.3599
0.0545
0
2.1545
0.3534
1.2587
7.6149
5.9437
0
0
0
0.5783
1.3933
0.3305
0
0.2842
0.0637
1e-04
0.2224
5.3911
11.4176
0.2495
1.0976
3.7336
0.7889
0.9279
4.9724
0.4057
0.3624
0
0.8405
1.574
0.6488
9.0341
2.892
0
0
0
0
0.8025
5.4958
1.0685
21.9206
12.2363
0.0092
0
0
0
3.7457
14.9234
4.6256
0.2936
0
0.0479
0.0793
0.1339
1.3336
2.7629
1.3102
0.6268
0.6948
0
0
0
0
1.6966
0.8874
0.4868
0.0112
1.1454
0
0
0
0
0.9899
0
0.0386
0.6867
0.0314
0
5e-04
4e-04
0
0.0014
0.4419
5.9396
2.7386
4.1924
1.558
0.6803
0
0.7016
0
0
0
0
0
0.038
0.259
7.0866
0.0029
0
0
0
0
0
0
0.0345
0.0788
5.7265
0.0365
0
0
0.3031
0.9972
0.8025
0
0
0
0
0
3.8038
9.6496
0.2215
0
6.7468
4.0306
5.6417
0.0087
0
17.8435
2.8693
0
0
0
0.2593
0
0
0
0
0
0
0.3353
0
0
0
0
0
14.4124
7.6317
0
0
0
0
1.3529
0.2486
5.7655
1.3739
18.0133
2.6145
9.2028
3.2892
1.6854
0
0
0
4.6424
4.2156
6.8381
0.0702
0
0
0
0
0
0
0
0
0
0
0
0.0032
2.219
2.2724
2e-04
0
0
2.5121
1.9969
3.8376
0
0.0745
0.03
1.2678
0.445
1.2637
4.6048
8.4104
1.4348
0
0.3474
8.2011
30.0035
4.2108
1.4703
0.2401
0.2493
0
0.0025
0
0
0
0
0
0.0898
0
0
0.13
0
3e-04
0
0.0224
0
0
0
0
0.2857
0
1.3523
0.1232
0
0
0
0.0759
0.242
0
0.8164
0.4782
0.0487
0.2442
10.6901
4.976
0
0
0
0
2.9367
1.2227
21.9363
7.0267
0
0
0
0
0
0
0
0
0
0
0.2623
0.7512
0.4919
0
0.0234
0
0
0
2.8424
1.2386
0.0312
0.0492
0
0.0102
0.2975
0.2299
1.0246
0.0519
0.278
0
21.2298
29.8306
10.6698
0.4599
9.1512
0.1251
0.0086
0
0
4.1491
11.1969
0.698
1.3876
16.4027
0.024
0
0.0129
0.8797
0.032
0.1519
0.0086
0
5.2228
0.1055
0.2725
0
1.2107
5.1712
0
0
0
13.1974
4.951
3.5222
0
0.2924
3.4798
0
0.1067
6.0297
6.9691
3.256
0
0
0
2.3767
26.251
2.637
0.0044
0.1986
18.8368
6.3651
0.057
0.0163
4.4864
5.6967
2.6927
0.0094
0
0.2194
0
1.6437
0
7.3231
0.4401
0.001
0
1.4364
1.1255
0
0
0
0
0
2.1953
1.766
3.2253
2.0748
2.7052
9.4333
26.7708
1.9599
3.6981
1.26
0.0624
0
0
0.9425
5.8461
0.3223
0.0253
0
0.0338
0.0264
0
0
0.2982
7.4024
0.3868
2.6327
1.5987
0.287
0.023
0.9997
0.7616
2.6381
11.1752
13.6391
5.3306
2.6857
1.5707
1.6918
0
0
0
4.3898
2.3364
3.9367
7.0845
7.7672
1.3612
0.0664
8.1722
4.7326
0.4374
0
1.4712
0
0
3.8948
0.8007
17.9971
3.8371
0
0
0.0474
0
0
0
0
0
0
0
0.3855
0
0
0
0
0.015
0.018
0
0
0.093
2.8734
0.1849
0.3134
0.1141
0.8592
0.2191
0.128
0
0.0367
0.748
0.5883
0
12.6511
1.0078
2.1451
0
0
0
0
0
0
0
0.5883
0.3527
0
21.7612
5.0501
48.7097
8.3598
0.0857
0
0
0
0
0
0
0.1339
0.0296
0
0
0
0.2285
4.062
1.5375
0.9959
0
0.0355
3e-04
0.0579
10.1639
0.7401
0.314
0.5777
5.5011
1.554
16.4804
0.2192
0
9e-04
0.2782
14.7819
0.021
0.0132
3.9053
21.432
1.4549
4.594
0.0126
0.3011
0.9676
1.8252
3.3152
1.3988
0.0636
0.1546
0.1334
0.0242
0
0
0.001
0.1082
0.201
0
0.6154
0.1808
0.4847
0.5406
0
0.5497
0.0459
0
0.2674
1.7137
0.1034
0.1343
0.7799
3.4068
8.9688
0.0102
0
0
5.2851
4.9413
0.0606
0
0.5339
0
1.0929
0.1763
0.1865
0.3908
0
0
0.5974
0.0857
0.5118
3.4151
7.3242
0
2e-04
0.1198
0.8608
0.1468
2.871
1.7113
1.0841
3.7464
0.013
9e-04
1.8122
0.6831
3.5785
1.6092
10.5785
0
0
0
6.488
9.2387
0.0622
0.1858
1.1588
1.3226
0.6348
0.2509
0.2952
0
0
0
0
0
0
1.0212
2.0776
0.0908
0.3177
0.0388
0.0275
0
1.7379
0.8358
0.2962
0.0299
0.1006
0.2915
0.5182
0.147
0.0762
0
0
0
5.6602
14.882
3.6363
0.0691
0.3067
0
0.7068
0.8125
10.6813
1.6263
0.3861
0
0.1997
0
0
0
0
0
0.789
0
0
0.428
24.193
12.6595
0.2998
0
0
2.6579
3.0393
0
0
0.1468
0.3513
0.401
1.3803
3.5613
0
0
3.392
0.6654
0.0949
0.3264
0
0.2924
0
0
4.8395
3.6599
0.1855
4.3994
1.755
0.1039
0
3.1973
4.2414
0
26.603
15.1713
0.1631
0.3543
3.1511
0.7532
1.3846
11.1335
12.2871
1.2798
0.3109
0.9134
6.0169
3.0072
1.1781
0.0174
1.449
7.0219
16.3499
6.0382
0.2316
0.0033
0
10.648
2.1639
5.0654
0.018
0
0.3593
1.6283
0
0.6357
1.1584
0.4434
3.2
9.5146
0.1844
0.1447
0
0
0.101
5.1008
2.3015
1.5985
0.6629
16.9734
13.3471
1.134
2.867
2.5797
6.2603
9.3884
1.8584
1.7898
1e-04
1.2506
6.2579
9.0899
3.4346
0.5582
0
0.0022
0.1294
4.8379
0.0909
1e-04
0.0278
0
0
0
0
0
0
0
0
0
0
0.5396
0.213
0.1904
0
7e-04
0.0397
6.5829
15.6323
0.3965
0.0026
7.3044
0.6838
0
0.0029
0.0671
0.9164
3.4323
1.9382
0
0.3422
6.1136
19.9624
10.9913
0.9784
0.4025
0
0
0.027
0
0
0
2.0475
0
0
0
0
0.1989
0
0
0
0.0011
0.3194
2.0958
2.418
1.4885
0.5856
0.7165
0.0724
0
0
0.0444
1e-04
0
0
0
0
0
0
9e-04
0
1.3531
5.3861
0
3.8848
0.0019
0.5654
5.4971
1.8939
2.5944
1.5039
2.0456
0.4319
0
0
0
7.4627
10.5888
0.2622
0.0308
0
9.397
11.6533
17.5562
0
0
0
0
0
0
0
0
0
0
7.6384
0.769
0
0
0
0
0
0
0.6572
16.2495
1.0052
0.9399
0
0.0162
9.3355
0.1972
2e-04
0.3928
2e-04
1.2544
2.2644
10.8664
0
0.0017
0.3321
0
0
0.55
0.6392
16.8897
8.7708
1.9251
0.0011
1.3345
0
0
0
0
2.1506
1.6692
0.3631
0.3376
0
0
0
0.9759
8.7723
6.952
7.1639
2.8835
9e-04
0
6.792
10.09
0.638
1.6056
0.002
2.5564
0.0018
0.2699
0
0.441
0
22.7034
3.8925
2.6906
0
0.1302
13.1411
16.1676
0.4914
0.0467
0
0
0.0405
5.2853
6.4657
0.0266
0.2072
0.1049
0
0.0463
0
0.1333
1.2924
0.3354
0.3537
0.0466
5.7447
0
0
0.6238
3.7262
0.3687
0
0
0
2.1695
1.1046
6.8465
0
0
0
0.3153
0.0171
11.0503
0.0042
3.3215
3.0328
0
8.6263
2.88
0.6318
0.0012
0.0465
0.3313
0.5793
0
18.7688
1.0292
0
0.177
0.4997
0.4482
0.0792
3.0763
0.2966
1.1663
0.0615
1.0136
2.9972
0
0
2.7468
4.8123
3.9558
0.4882
0
0
0
6.417
37.1564
0.0037
1.0768
5.1185
0.315
0
5.3913
4.9102
0
2.2798
1.3693
1.7358
0
0
0.0102
33.9044
0.0383
0
0
0.1244
0
0.1078
0
0.5382
0.6168
0
11.1627
0.5861
0
3.2796
8.684
0.781
1.4777
0
0
0
0.5275
8.7652
0
0
0
0
0
5e-04
12.6706
0.4744
0
0
1.9352
0.9148
0
0
0
0
0
0.0532
0.0484
0
0
0.3861
4.2041
0.0909
0.0039
3.8161
5.2364
17.1079
4.33
8.2995
0.2278
0
4.6845
0.2252
0.9285
0.5044
1.7123
1.8284
0.872
5.4088
0
0.5004
18.4937
11.1133
0
0
0
0
0.0151
59.437
0.0247
0.0088
0.0334
19.1194
0.2594
27.6006
23.851
14.8972
0.2713
0.177
0
0
0
0
0
0
0
3.6995
0.5685
2.2536
0
4.944
0.0637
9.2593
0
0
3.2103
9.0428
0
1.6311
4.5693
12.4289
0.3001
0
0.5679
9.9777
4.5011
1e-04
0.2517
0
0.9652
0
7.8295
0.8769
42.3183
0
0
0
0
1.0405
8.0293
0
0.5293
0
0
3.0382
4.7064
7.8426
5.8947
0
0
0.1355
2.2085
2.7599
0
0
0
0
2.4792
1.0102
7.0645
0
0
0
0
0
0
8.0235
4.6679
8.0633
0
15.0593
21.524
5.7236
1.0509
0.0799
0.17
0.6211
0.9869
0.0324
18.0865
0.0526
6.7552
0
0
0
0
0.9842
0
1.0591
2.0059
0
0
0.4237
0
0.0087
5.8061
5.8828
0.0277
1.4675
0
0
0
0
6.2453
0.0044
2.9941
35.0779
0
0
2.0917
0
0
0
0
0.0016
1.0468
0.246
0.3352
0
1.109
0
0.0286
0
0
0.7263
1.1199
0
0
0
0.252
8.7129
0.1014
0
0
0
0
0.1114
0.113
0
0
1.7331
3.8776
14.084
3.2862
0
0
0
1.4821
2.1548
1.8428
1.0126
0.5535
0
0
0.317
0
5e-04
0
0
0.0039
0.2403
7.7563
1.5566
0.3592
0
0
0.5764
2.4785
3.3269
7.0395
2.1591
0.0904
2e-04
0.026
0
15.073
3.1909
0.4849
0
2.6192
4.0349
1.5757
0.5179
0
0.4856
0
0
17.2578
0.0758
0
0
0
0
0
0
0
0
0
0
8.1503
6.9108
8.0049
8.1364
0.6398
0
0
0
0.6753
0.3924
0
0
2.8457
15.5906
0.9147
6.5692
13.843
23.5055
3e-04
0
0.001
0
3.8291
0
2.8995
0.023
0.0732
0.2014
0.1013
3e-04
0
0.9099
5.3737
0.0231
0.0226
0
0
5e-04
0.1798
0.0341
0
0
0
0
0
0.28
0
0
0
0
3.1995
7.6662
3.5701
0
0
0.0075
11.4562
31.0067
10.1685
1.5262
3.2673
0.1064
0.2146
0.2103
0.822
0.0512
0
0.7592
3e-04
2.0275
0.8164
1.8384
0.9112
0.2333
0
0
7.7739
15.9124
0.5378
0
0
0
0.2063
0
0
3.4214
7.1884
0.3673
10.8105
4.4079
0.3819
0.328
0.0863
0
0
0
13.5879
0
0.0023
0
9.4728
1.1263
0
0
0
0
0.0013
17.2607
16.1913
3.3694
0
0.0013
0
8.6666
0
20.5134
0.3754
0
2.8128
0.133
0.0366
0.0369
0
0
0.0023
20.3091
0
0
5.4793
2.7648
4.9258
23.4804
13.3306
2.052
0.0882
0
1.6346
1.7277
0.2471
0
0.3496
0
0.3448
0
0
0
0
0
0
0
0
0
0.0613
5.0698
2e-04
0
0
0
0.1336
0.0958
0.3035
0.1208
0.569
0.2859
0.6034
1.0405
0
0
0
1.2412
7.4856
11.6029
25.7914
5.4763
0
2.7811
2.0084
0.0073
0
6.774
0
0.0755
0.7878
0.7854
0
0.1127
5.4065
13.9429
5.8578
8.0017
1.225
0
0
0
6.9422
0
0
2.1347
2.909
0.5214
0
0
0
0
0
1.3202
6.9152
2e-04
0
7.8185
1.8612
18.3275
33.2336
23.3247
2e-04
0
0
0
0
0
0
0
0
0.2018
0
23.9324
27.035
20.8698
4.9509
2.79
2.1811
3.0572
0.9533
0
0
0
0.6977
8.493
0.0024
10.1453
0
0
1.165
0.0692
0.971
38.5234
46.5359
0
0
0.0022
1.1787
0
0
0.0414
0.275
0.0037
9e-04
0
0
5.2376
0.0017
0
0
0
0
0
0
0.0539
2.003
0
0
0.6488
0.3497
12.3525
0.2138
0
0
5e-04
1.3953
0.7783
0
0
0.0176
0.2677
0.0773
8.3458
0.0153
0.2338
0.0058
18.6863
0.0245
0
0.2057
0.0239
0
0
0
0
0
0
2.9899
0.0156
0.004
3.3558
2e-04
0.0046
0
0
0
0.1926
0.0324
1.8764
8.2634
0.0015
0.0077
0
0.3323
0
0
0
0
0.0055
0
20.4332
0
0
0.0479
0
0
0
0
0
9e-04
0.0659
0
0
0
0
6.9967
4.9989
0
0
0.1068
0.8782
0.3851
0.0233
0.8447
9e-04
9e-04
0
3.1455
0
0
9e-04
0.2026
0
0
0
2e-04
0.1672
0.3048
0
0.3019
1.6753
9.6181
2.3616
0
0
0
0.5949
0
0.3237
1.0549
0
0.12
0.1406
12.4425
7.6046
0.0444
0.009
2.0129
0
3.3932
1.6741
0.3654
1.8429
2.4633
4.3745
3.5197
0
0
2e-04
5.8354
0.1447
0
0
14.4674
5.3624
0
3.3792
0
0
0.1844
0
1.6691
0
4.9297
2.3313
0.0668
0.9831
0
0.7337
9.8331
0.6988
0
0
0
8.9147
0.6183
0
0
1.1424
1.5689
0
0
0.6665
0.039
0
0
5e-04
3.4232
0
5.6495
9.1959
1.1562
1.6659
9.6284
0
0.0338
15.7785
0
0.0016
5.7255
0.3727
0
0
0
0
0
0
0
0
0
0
0
0
0
0
0
0
0
0
0
0
0
4.3652
0
0.7279
5.1309
0
0.3068
0
0
22.7197
0
10.1707
1.627
0
0
4.0458
17.4329
1.2296
0.8571
0.6512
0.4278
0.4142
2.3416
21.9429
0.1202
0
0
0
0
0
0
0
0
0
0
0.3301
0.1386
0
1.9129
6e-04
0
0
0.9702
1.6559
5e-04
0
0
0.1053
6.6658
0.018
0
0.2846
15.0076
8.307
7.3987
0.418
0
0
0
0
0
14.1292
7.4244
3.2292
0
0
0
0
0
0
0.1837
0.0761
11.638
17.0761
6.0477
13.7295
0
0.6177
1.4656
0
0
0
0
0
0.0691
0.2184
2.6273
0.0016
13.2641
0.1642
0.9821
0
6.0372
0
0
0
0
10.6187
0
0
4.071
0
0
0
0
0.2249
0
0
7.0999
6.9735
3.8866
1e-04
3.8583
16.5137
0.5483
15.3159
4.4913
0.4571
0.0373
3.7835
0.2732
0.7466
3.314
1.103
0
0
1.1935
0.0584
1.8523
1.4073
5.4331
0.0582
4.4498
0
0.061
6.7919
13.2126
0.0313
0
0
0
2.6764
0
0
0
0.7038
7.0992
10.555
4.9535
2.908
0
0
0
0
0
0
0.0282
0.0421
0
9.0548
0.0341
0.0703
0.7279
0
0
0
1.8137
0
0
0
0
2.8092
0
0.8841
0
0
0
4.6723
0
0
0.0836
0.1371
27.1992
2.1417
0
0
4.4108
16.1355
0
0
0
3.1071
2.365
1.5405
0
0
9.818
0.1047
0
0
15.2592
0.5654
0
0
0
0
0
0
0
0
0
0
0
0
0.0675
0.2353
22.131
0.1489
0
0
0
0
0
0
0
1.6715
0
0
0
0
0
0
0
2.4599
4.9763
0.7152
0.0015
0.9702
0.3114
0
11.2613
0
0
0
0
0
0.0877
0.3664
0.11
10.3127
2.2176
0
0
0
11.3578
0
0
3.609
17.9894
2.5689
0.2561
0.2784
0
0
3.9934
0
0
0
0
0
0
0
0.3322
0
0
0
0
0
8.9477
3.3017
0
0
0
0
0.1288
0.7227
0.0383
0
1.0899
0
0
0
0
1.2099
0.3513
3.2705
0.9701
0.62
0.4547
0
0.0302
0
0
0
0
2.185
0
0
0
0.8468
0.5231
0
0
0
0
0
3.8925
5.6645
0
2.5932
0.8427
0
0
0
8.0468
0.5991
0
0
0
1.2663
4.3283
2.6479
0
6.4341
0
0
0
0
0
0
0
0
0
0
2e-04
0
2e-04
5.2997
0
0.0964
0.728
3.0565
0.0014
0
7.3397
9.8007
0.1569
0
0
0
0.5386
0
11.0735
2.1562
1.5298
0
0
0
0.2897
4.2448
1.082
0
0
7.5332
15.9681
4e-04
0
0.762
0
0
0
0
0
1.4616
6e-04
1.2077
21.0743
3.6133
0.135
0
0
0
0
0
0
0
0
19.0033
3.7845
0
1.4412
2e-04
0
0.6953
0.4728
1.703
13.662
0.3165
11.7645
0.8022
0
0
2.8
0.2173
6.3673
20.1961
0.0032
0
0.6753
9.1532
0.2198
0
0.0018
2.3654
29.987
1.5091
2.9524
0
0
0
0
0.0422
19.9316
2.5725
0
0
0
0
0.6927
16.4538
14.3391
9.9869
4.8839
2.0622
1.3829
18.6963
0
0.1913
18.4279
1.7268
0
0.6632
28.8682
0.4418
0.4631
0.0724
1.7032
8e-04
0
0
29.0762
0.0127
0
2.8427
0
0
0.4508
1.6924
4.1205
4e-04
0
3.3914
4.545
0.1428
0
0
0.0854
0
0
0
0
0
0
0
0.5091
2.0193
21.6337
23.8223
7.3746
0.4639
6.0909
4.137
0.0629
0
22.9747
24.6444
0
0.1815
0
0
0
0
0
0
0
5.62
0.2966
0
0
0
0.0523
12.1784
0.6805
0.026
0.7593
10.789
0
0.0415
0
0
0.0428
0
4.4734
0.0463
0
0
0
0
0
28.6982
0.667
13.4578
0
7.8199
0.4208
0
0
0
0
7.2539
1.5025
0.1526
26.9627
3.2004
0.5797
0
0
0
0
0
0
0
0
19.259
25.8481
6.9438
0.5062
0.0928
0
0
0
0
0
0
2.0895
0.5036
3.0159
0.338
0
0
0
0
0
7.1929
4.5749
0.1755
0.8622
0.1991
0
0
0
0
4e-04
0.9941
0
0
0
7.0005
0.9269
7.0253
7.1631
0.0508
0
3.4088
0.1869
0.5076
2e-04
0.0894
0
0
0.1902
0.5177
0
0
0
6.0262
2.4058
1.7829
0
1.7383
0.3314
0.0472
0
0
0
0.1307
0.4929
2.5518
1.7794
0
0.351
18.2156
5.896
3.2294
7.8734
0
11.7944
5.8216
0
1.5583
0
0.4786
0
0.0706
0
0
0.024
0.252
0.2018
0.5419
2.3438
1.7667
0
0
0
0.1292
0.9581
0.1851
0
0.1243
0
0
0
0
0
1.0753
0.5955
0
0
0
0
0
0
0
0
0
0.1646
0
1.1339
0
0.8259
9.807
1.3238
0
0.1586
0
0.2138
0
2.6842
0
0.4267
13.6458
4.0278
0
0
0.0152
12.3816
1.9666
0.1963
0.0208
0
0
0
0
0.967
0.2028
2.1362
10.754
0
0
0
0
0
0
0.03
0
0.5452
0
0
0.1673
0
1.9989
3.3794
5.9944
0.0616
0
7.9368
1.9264
0
0
0
0
0
0
0
0.4282
0
0
0
0.0404
0
0
4.3974
0
0.8091
0
0
29.6897
0.7377
0.502
5.022
2.872
6.7028
0.8658
0
0
7.8985
0.5866
0.6682
0
0
13.539
2.5618
5.1125
0.0317
0.5491
0
0
0
0
0
0
0
5e-04
0
0
0
0
0
12.0172
0
0
3.648
4.7801
0
0.1235
29.846
22.5773
0.8373
4.8924
0.0115
0
10.5764
0.8458
0.4096
4.9859
9.9705
5.81
15.2408
0
1.85
0
0
2.8349
13.685
0.4861
0.3996
8.6852
7.8262
0
0
0
8e-04
0.097
0.8093
0
0.3444
6.3917
0.5397
0
1.4165
0
3.9581
4.4107
2.4319
6.8738
0
0
0
0.9253
0.232
0.4754
0.918
2.7381
0
2.0554
3.1086
0.3339
0
0.7614
3e-04
1.312
2.2863
0
0
0
0
0
0
0.3949
0.2594
2.1739
0.8292
10.0892
0.1818
1.1569
0.2223
33.9175
0.0806
1.9532
1.9082
0.8299
9.5601
0.2994
0
1.6766
1.0229
0
0.2114
0
0
0
9.8668
0.2005
0
6.6706
0.4875
0
0
0.9032
0
1e-04
4.5583
0.6269
0
15.5207
11.4808
0.1528
1.1522
0.2364
0.1539
0
0
0
1.3305
0
0
0
0
0
0.0358
1.0568
1.5
9.5991
15.6649
0
0.1309
1.4475
2.225
0
0
0.0901
3.461
27.4429
0.4642
7.4135
0.0842
0.06
13.7453
1.7806
0.8804
0.3117
0
0.0632
0
0
0
0
3.6177
27.1867
7.0316
0
0
0
0.273
12.1624
15.8045
1.5714
18.048
3.1513
18.8586
0.2384
0
0
0
5.3418
7.8571
7.0112
1.604
20.1901
1.1782
0
0
0
0
0.6087
0
3.4267
0
0
0
0
0
1.0994
0
0
0
0
0
0.3705
1.272
0
0
0
2.4595
0
0
0
0
0.1539
5.1822
0.1959
2.8084
4.331
13.1081
16.1591
0
0
0
0.6089
0
0.3976
0.1182
0
0.246
0
0
1.0043
4.8034
14.7341
0
5.8083
23.5187
1.5393
0.3335
0
0
9e-04
2.0519
0.0902
0
0
0
0.387
1e-04
0
0
0
0
0
0
0
3.7523
0.3822
0
0
0
0
1.025
0.4006
0.0961
0.5616
0
0.1941
0
0
0
0
0
0.2895
4.2659
0
0
0
0
2.5337
20.7758
13.1413
17.28
0
0
0
0
0
0
0
0
4.8598
3.8441
0
0
0
0
0.4831
0.1475
0
1.2438
12.5247
0.4046
0.4576
0
0
0
10.0792
0.3481
0
0
2.195
8.1903
0.3559
0.1327
0.0506
0.1742
0
8.8938
0
0
0.2156
0
0
0.3662
1.449
0
0.0304
0
2.8897
0.2638
0
0.8884
3.2546
6.2264
14.4587
1.7928
7e-04
8.0607
2.735
0
1.1935
14.5143
1.9124
0
0.1423
0
0
15.2269
11.3568
0
0
6.5804
20.0311
1.9894
0.1207
0
0.0788
0.0369
0.4872
8.309
3.8588
0.7162
0
0
0.8493
0
3.2621
8.7423
0.4351
0.5271
0
13.5811
0
0
0
5.1481
0.9554
5.7557
3.565
0
8.1832
30.546
10.2849
0.4931
0.4036
3.3011
3.5258
0.891
0
0.8548
0
0
0.0424
0.1951
10.7918
0.4346
0
0.6099
7.4029
0.7291
0
0
0.0324
6.1258
6.9723
12.9265
1.8254
0.1298
0
0.0591
0
0.001
1.5408
6e-04
3.8867
0.2071
0.1259
0.4956
0.5374
6e-04
0
2.9729
0
0
0
6.8673
1.7299
0.6644
0
0
0
0
0
0
1.4184
0
0
0
0
2.7841
0.3568
0
0
0
0
0
0
0
0.3065
0.364
3e-04
0.6499
7.0054
4.2342
0
0
5.2108
3.5012
1.9231
19.1933
1.3846
0
0.0208
0.0579
0
0.0759
3.7803
0
0
0
0
0
0
1.3014
0
2.0773
0.5603
2.2532
0
0
11.6732
0.1493
0
9.7908
19.6165
1.6553
0.6825
0.1683
0
0
0
0.028
0
0
1.5106
0
0
0
0
0
0
0
0
0
0
0
3.4081
0.8602
0
0.0288
1.1684
2.4853
14.7024
1.6639
0.5021
0.2565
0
0
0.1194
24.4004
0.8779
0
0
0
0
0.1825
4.7127
0.083
0
0.8009
0
0
0
0.0368
0
0.272
0
0
0
0
0.7138
8.3225
0
0
0
0
0.1311
16.9479
2.7469
0
0
0.7484
0
0
0
0
0
1.0228
6.5025
0.8653
0.2115
0
0
26.7849
4.2305
0.2812
0.2109
0.1535
3.377
1.2521
0.2698
0
2.7459
0
2.1527
10.0021
2.2123
0.0034
0.3704
1.9278
0.8609
0
0.4739
0.3583
0.0014
2.6865
1e-04
0
0.1356
0
0
0
0
0
0
0
0.3459
5.1394
0
0.8264
3e-04
1.0867
22.9427
4.5277
0.6776
0.7603
0.1319
0.0683
7.0881
0
0
0.3407
0
4.2896
7.8449
0.8186
3.0951
0.4102
1.0332
1.025
1.976
0
0
0
0.2621
0.0346
0
0
0
0.0312
0
0
0
0
0.0273
0
0
0
0
0
1.2653
0
0.2601
3.0754
0.5244
0.2055
1.8722
0
0.4293
3.0491
0.6661
0.1313
0
0
0
0.7363
0
0.0608
0
0
0.0029
0
2.7282
0.1312
0.9348
0
0
10.5642
4.7424
1.4507
0.2545
0
0
0
1e-04
1.0793
0
0.0643
4.0857
1.028
0
0.7658
3.0771
0.0678
0
0.3994
13.4332
0
0
0
0
0
2.665
1.8732
10.4785
0
0
0
1.6637
0.5271
0
0.118
12.4101
0
0.3298
1.5516
0
0
12.574
21.7923
0.1101
11.5547
0.1948
0
0
0
0
0
0
0
0.065
0.2327
2.1579
0.8212
2.968
0.3469
0.4042
0
0
0.423
1.1254
0
0
1.3447
1.8618
5.8757
17.9023
0.6612
0
21.9293
0.9477
7.3655
6.9832
22.9973
14.3073
11.0544
4.5033
0
0.6757
5.9019
0.2791
0.0728
0
0
9.9635
0
0
0
0.0583
0
0
1.3366
1.4201
0
0.2376
28.0348
0
0
4.6874
1.7217
1e-04
0.083
0.9771
12.3576
0.3242
0.1017
5.9393
32.6994
0.6241
7.8121
0
0
12.3715
0.0775
1.7299
0
0
0
0
0
0
6.1635
2.6188
0.3308
0.7846
2.5461
0.7962
8.8072
0
4.0812
4.2476
0.1176
25.117
24.6372
4.3174
5.0855
1.0641
0.4506
0
0
0.8557
0
0
1.1739
0
1.4232
23.2343
10.9625
1.5273
1.6767
0
0
20.5586
0.2816
0.0504
0
0
0.3029
20.9731
19.5949
15.4266
2.6353
0.2146
0.6126
1.7901
2.7458
0
1.2071
4.4335
0
0
1.9885
2.8035
0
0.0262
0.0076
0
0.0316
2.607
0
0
0.0666
6.8042
2.4936
0
0.3257
0.2053
1.6623
42.5334
4.7218
0
0.0368
0
0
0
0
0
0.0613
0.0336
0
0
0.9782
5.4431
0
0
0
2.2202
0.2526
0
17.772
1.3459
1.1103
8.5508
0.1481
26.6985
1.2757
1.217
0.1541
0
0
3.3515
2.8034
0
0
0
0
0
1.5221
0.0504
0
0
24.8901
5.2597
1.199
0
0
0
0
0
0
0
0
6.0566
10.2794
0
2.5681
1.8631
0.0635
0.1557
4.5667
0.1887
0.0298
0.068
0.03
0
0
0
0
0
4.3494
5.7944
0
0.0446
1.0722
1.234
0
6.1764
4.2312
0
0
0
0
7.144
0
0
23.5287
11.7329
0.0762
0.2043
0
0
0
0.0313
9.4795
1.3774
0
0.1435
0.532
9.945
0.6395
0
0.1455
3.6221
0
2.3007
0
0
0.4366
2.6204
0
0
21.0587
2.8879
0.1208
0
0
0
7.0598
7.07
0
0.0179
1.9817
0.7243
17.6806
1.9487
0.1912
0.1452
0.1081
5e-04
0
0
0.626
0
0.8524
0.4389
0
1.4884
0
0.3863
0
0
0
0.4686
0.2494
0.2557
0.6701
3.0775
0
0.0474
0.0478
0
0
0.4532
4.9797
0
1.0338
0.0408
1.0334
0.2805
0
0
0
0
0
0
0
0
0
0
0
2.9621
0.6134
0
0.3983
0.8211
0.064
0
0
0
0
7.9163
0.5226
0
8.7397
7.4132
0
0.868
0.1418
0.0657
0
0.0879
0
0
1.6596
0
2.4328
0.5374
1.6736
1.4617
4.6633
0.0866
0.2929
0
3.8221
3.7013
7.3015
0.5772
0.1886
2.0915
4.6039
0.9273
0.405
2.8271
0.0648
0.3062
0
0.1443
1e-04
0.9597
0
0
0.1245
1.0022
3.7113
0.0055
0
0
0
0
0
0
5.8751
0.5716
2.6169
0
3.9493
0.5831
0.4962
0
0
4.455
4.1786
16.7079
5e-04
0
0
0
10.0308
0
0.2108
5.4576
3.7794
4.2018
1.9352
4.034
10.6319
0
2.2214
4.4267
1.4121
0
23.0822
0.5912
1.2583
11.554
0.2077
0
0.1337
0.7536
0.3474
11.3077
19.2155
0.5227
2.2726
0.2844
0
0
0
0
0
3.9164
8.1242
20.3495
14.8712
0.874
23.2397
0.9229
4.4547
7.9434
0.1393
0.3219
0
0
0.3246
0
0.0036
8.4351
0.0617
0
8.2131
0.1787
0
0
0
0.1535
0.8734
2.0128
0.555
4.2007
0
0
0.4041
0.8114
2.3135
0
0
0
0.1971
4.7247
6.2421
0
0.0075
0.5156
13.8472
6.5937
0
0.5804
4.3948
5.4886
0.0749
0
1.4947
19.4161
0
0
0
10.5892
0.6681
0
0
0
0
0.5984
0
0
0
0
7.4767
0.2098
0
0.3653
12.7242
14.8708
0.0503
0.3103
0
0.2039
0
0.0641
27.9608
10.7301
16.7125
0.0828
0
0.0433
0
0.8728
2.0262
0.0341
0
4.7261
1.1073
0.3188
0.1046
0
0.032
0
0
0
8e-04
1.5233
0.1001
0
0
0
0
0
0
0
0
0
0.0763
9.2867
0.1001
0
1.23
0
0
0
0
0
0
0.0624
0
0
0.0393
1.6687
0.1557
19.2123
1.0391
2.6857
12.8114
0.577
0.4293
0.3199
0.1781
6.3124
4.2415
1e-04
1e-04
0
0
4.3021
3.4232
0
0
15.3643
0
18.2153
0
0
0
0
0
0
0.032
0
0
0
0
2.3092
4.2291
0.3876
13.7356
2.5947
0
1.1832
0
17.0337
5.8758
0.0954
1.2296
4.6956
0.972
4.2259
6.207
0
0
0
0
2.9846
10.317
0.7123
1.5158
1.9062
3.3546
0.0973
0.0928
0.6193
0
0
0.3028
0
0.0661
0
0
5.94
16.6609
0
0.0326
0
0.2107
0
0
0
3.3094
0
4.6463
15.0008
1.8101
20.4854
8.4034
0.0096
8.1679
0.1762
0.7698
9.3653
25.3708
12.0267
2.9394
0
0.2735
0
0
2.5088
0.0326
0
5.887
0.6938
1.9156
0.0312
0.1104
0
0
1.4404
0.8804
0
0
0
0
0
0
0
9.0729
6.6055
2.903
0.1197
0
0
0.4687
2.7546
0.0379
7.5442
0.0254
0
0
4.5973
4.1544
0.0785
0
0
0
0.0708
0
2.6755
2.3803
4e-04
0.1846
0
0
0
0.7114
0
0
0
1.4574
1.5055
0
0
0
0
0
0
1.8315
1.0643
0
0
4.7583
0.3586
3.9739
1.19
0.4794
0.2545
0
0
0.1417
0.9764
18.8519
0.0283
0
0
0
2.7762
0
0
0
0
1.7827
0
0
0
0
1.7801
1.8306
0.0045
4.0255
7.7897
10.8428
21.4392
10.3488
0.6413
13.5899
0.5347
0.1666
0.5758
1.6919
0.2658
0
0
0
0
0.004
0.1507
0
4e-04
0.9907
2.4346
9e-04
4.0319
7.5181
0
0
0
0
6.0912
3.9754
0
0.5799
3.2535
0.7581
0.3776
0
0.1086
5.9025
0.3845
1.3115
0.1366
5e-04
0
0.0998
0.0088
0
3.5453
0
0.4858
3.9408
3.0159
0.2994
0.0028
3.9161
0.863
0
0.4118
0.157
0
0
0
0
0.4105
0
0
0
0.8556
0
5.9808
9.7216
15.6672
2.701
0
0.137
0
4.2
0
8e-04
3.8139
4.2033
0.3595
0
11.6068
7.302
10.078
11.824
18.5723
7.8796
4.687
5.2791
0
20.5815
2.395
0
2.9415
3.7302
2.8487
41.6473
0.0064
1.4176
0.2176
0
0
0.9762
1.0215
0.9591
0.0171
0
0
1.1888
1.235
0.8409
2.0513
0.1628
6.5507
8.529
0.0973
0
0
0
0.6045
5.561
0.2091
0
0
0
0
0
2.4762
0.0066
0
16.3119
11.145
0.2051
0
0
0
0
0
0
7.5738
0.075
0.3232
0
0
0.2516
1.4254
0
11.688
0.7962
0.1207
0.413
0.005
0
0.2157
26.5786
5.1562
2.5678
27.7476
0
0
5.7468
0.2868
0
0
2e-04
0
0
0
0.4336
0
0
0.1302
0.5271
0.0612
0
0.581
0
0
0.4215
0.1924
0
1.274
1.4795
1.5411
6e-04
16.9391
2.0587
0
0
0.1309
0
0
0
5.8917
0
0
0
0
3.8079
0
0.9458
5.1335
0
0
0
2.3289
0
19.1158
11.0092
0
5e-04
0
0
0
0.0244
2.7359
1.0157
0
0.173
5.148
3.2108
15.6664
0.0813
0.4926
0
0
2.7841
0
1e-04
0
1.1179
4.8649
0
0
0.2353
0
0.2775
7.943
0.2534
0
0
0
0.0252
0
0
0
0
14.9319
2.8855
1.2726
9.9693
8.0697
0.0237
6.7935
0
14.5456
6.1158
0.697
0.6361
0.1162
0
0.0548
0
0.1485
1.5899
0
4.0579
2.3787
0
0
9.8087
7.9959
0
0.0643
4.3604
0
0
0.1211
0.4331
0
0
0
8.0365
0
0.0289
0
4.0986
9.0815
13.3307
0.7359
0.0141
0.1159
0
0
0
7e-04
1.1011
0.4287
0
0.0048
6.4918
8.1105
0.4926
0.3929
0
0
0
0
0
0
0
0.062
0
0.1044
1.4128
0
0
0
0.5025
0
0.0276
5.2073
6.5857
0.0717
10.8128
10.9344
0.0275
0
0.6979
0.7315
0
0
0
0
0
0
0
0.5835
0.4924
0
0.9669
0
0
1.8896
7.8907
3.3442
12.2918
0
0
0
9.2122
0.043
0
0
0
1.4621
0.0045
7.4063
4e-04
0.2035
3.7009
0
0
0
0.8554
1.5329
1.8938
1.2255
3.7004
0
0
0
0.1209
0.4504
0.6333
14.8602
0.3809
0.1518
0
0
0
0
0
5.9562
21.4668
5.2407
11.7755
6.2507
15.3149
5.8484
3.4566
11.6134
3.3791
0
1.1005
0
0
0
27.9427
14.7324
1.0511
1.3417
0
5.1537
3.1028
0.39
9.3058
3.3446
4.4816
0
0
15.9637
0.2012
0.1093
0
0
0
0
0.028
0
0
0
3.7193
10.6104
2.954
24.2072
39.6946
2.9656
0.4396
0.0329
0
3.4401
4.0441
0.0298
0
0
4.1264
4.5262
15.0197
0
0
0
0
0
3.907
2.6558
28.787
0.9637
23.4356
0.0011
1.3263
0
0.6274
0.8275
0.0438
0.3805
2.385
6e-04
0.0613
0
1.5698
3.7156
26.8217
0.8679
3.7779
0.004
0.1193
0
6.3768
0.1221
0
0
0.4958
0
0
0
0.0338
0
0
2.2954
0
0
0
0.0147
7.04
0
0.0344
0
0
3.0295
0
0.2284
7.887
5.5792
33.1652
0.6504
0.7277
0.8104
1.0197
0
0.0335
2.2554
2.476
0.3911
0.1599
1.0511
0.5494
0.1611
15.389
2.44
0
0
0
0
12.2379
4.1648
0.1572
0
0.2337
5.5866
0.6382
0
0
8.1584
4.6459
0
10.6396
1.1915
9.7206
0.2843
3.4847
9e-04
0
0.0262
0.0522
0
0
10.0007
0.2483
0
0
0
1.2332
46.4906
0
3.6659
2.1533
0.0047
2.0619
0.118
0.4857
0.2164
3.2153
15.5247
6.5326
0.2349
0.641
1.1555
0
0
0
0
1e-04
0
11.5805
0.0426
0.6753
0
3.789
0
0
0
5.8777
23.332
1.1454
0.1853
2.4898
0
0
0
0
0
0
0
0
0
0.6274
16.5288
41.6281
0
0
0
0
0
0.0557
0
0
0
0.0274
6.4545
4.0125
0
0.2594
0
0.2301
5.3507
0.0304
0.0789
4.8822
9.9901
0.1236
0
6.0082
8.6586
0
0
0
0.7048
11.0658
8.9013
0
0
1.2024
25.1252
13.4048
1.9257
0.6689
0
0.0277
0
3.0143
16.4758
5.0632
20.7073
0
0.0318
0.0467
0.037
0
0.7638
0
0.0954
0.135
0.0785
0
0
0.1957
0
0.3088
0
0
0
0
0
0
0.2415
0.1341
0
0
1e-04
0
0.3029
5.9596
3.7266
1.6891
0
1.2689
0.1252
0.0192
0.5222
0.0304
0.0304
0
0
5.3778
0.0775
0.8354
0
10.802
10.1838
0
0.0765
0
0
5.1926
0
0
0.3938
0
0.1675
0
2.9473
15.0709
0
0
0
3.6403
0
2.5078
3.4378
9.8496
1.3607
0
0
0.387
0.7001
0
0.0353
1.1461
7.0246
0.2092
0.2033
0.5185
0.5881
0
0.1147
0
0.092
0
19.0286
3.1435
0
0.9325
2.3951
0
0
0
0
0
0
0
0.0352
8e-04
24.658
26.6587
7.2252
0.0836
1.3571
1.3894
13.9716
4.1785
0
0
0
0
0
0
10.3881
1.0759
0
0
0
0
0.4319
8.2501
0.472
1e-04
0.0594
4e-04
0
0
0
0
1.5239
8.1412
0.7058
0.144
0
0.3541
0.1489
3.0238
2.8927
5.0772
8.7877
0.1127
0.2446
0
18.93
0
0
0
0
0
0
0
0
0
0.181
6.4834
0
1.1557
0
0
0
0
0.0136
3.2905
8.1706
0.0044
0
0
0
0
0.7605
4.9189
0.2216
0
0
0
4.5345
0.4291
0
1.6482
1e-04
1.8634
0
8.0255
0.031
22.1923
0
0
0
0
0.1743
5.8462
1.1695
33.4965
2.9312
0
0
0
0
0
0
0
22.3089
9.0541
15.7857
4.9985
14.3107
2.0877
0
0.0392
0
0
0.3281
9.2903
0
0
14.7445
68.2881
34.6264
4.9695
1.1056
3.1061
8.5656
0.0099
0.0376
0
0
0.6599
0
0
0
0
0
0
0.0924
4.3571
5.8786
25.7993
0
1.0219
0
0
0.109
0
0
0
0
0
0
0
0
0
0
0
8.4628
0
0
0
0
9.3839
3.8562
0.9671
0
0
0
0
0
0.6853
0
2.8522
0
0
0.0519
5e-04
3.823
0.0379
3.4994
0.2128
0
0
2.6276
24.4501
0.3803
5e-04
0
1.8539
0
0
0
0
0.1309
0
0
0
0.131
0
0
0
0.2657
0.2969
0.0428
0
0
0
5.2958
0.0611
15.2194
0.3669
0
0.8694
1.9758
2.133
0.0374
0.0734
8.5855
36.7332
0.0924
0
0
20.7998
0
0.1143
0.0322
0
4.8573
0.0408
0.5657
0.329
2.7817
0.4659
0.055
0.08
11.2039
0
5.6282
25.463
1.3653
0
12.9446
2.0482
0.8192
4.0249
0
0
0
0
7.1491
0
0
1.0042
0.1454
2.6951
1.8609
0
0
0.5247
0.122
0.1148
13.9837
25.9361
1.2782
1.5111
0
0.8359
0.902
0
0
0.6146
0.0913
0
0
0
0.6292
0
0.3447
0
0.7745
0.4543
0.2526
0.8496
3.7371
0
7.9749
0.2827
0
3.9001
25.8214
46.0553
0.5358
0.3723
1.6765
0.3711
0
3.0665
2.3902
0.3418
0
0
11.3282
1.11
0
0.04
0.0728
3.0887
1.4011
0
0
14.1316
0.0016
0.4738
3.2618
0.0514
0
4.7703
14.7805
8.569
0.4203
0.8582
4.2323
2e-04
0.0482
0
0
0
0.9291
1e-04
0
0.1271
5.5235
22.8514
0.4974
2.6968
4.6669
0
1e-04
0.0815
0.0883
8.8325
19.1023
0
0.1097
2.4953
11.6732
0
0.1258
14.4065
0
0
0
0
0.6009
3.8842
13.2396
5.4749
2.8349
0
3e-04
0
0
0
2.4111
1.9809
0
0
0
0
5.0552
1.1994
0
0.9964
6.5271
0
0
23.1488
3.7564
0
0
0
5.1092
2.9607
0.9815
1.9228
13.9523
2.961
0.0333
8.3157
0.2188
5.1903
0.2142
6.9318
0
0
1e-04
0.3223
0
0
0
1.4037
0.1087
0.064
0
0.0052
18.7922
0
0
15.5573
3.5363
0.2548
0
0.3806
1.4699
6.4223
29.1853
0
0
14.6702
1.6679
0
3.6038
0
0
0
0
13.4991
4.7871
1.7661
0.0103
10.3701
22.6957
1.7719
10.1844
2.1753
0.5234
2.5333
0
38.6683
0.048
0
0
0
17.1698
9.4119
0
1.38
1.6367
5.8103
0
0.1171
0
2.5335
0
2.6202
2.307
2.7597
0.923
0
0
0
0.1304
0
0
0
0
0.1024
7.2723
0.089
0
0.3735
0.8639
0
0.6953
0.236
2.5554
0.4546
0
0
0
1.2738
4.5678
0
0
0.6693
0
0
0
0
1.2377
1.0046
0
2.0749
0.034
0.0752
0.1617
0.024
0
0
0
0
0.6795
1.5316
0.0026
2.3131
0
5.9437
0
0
49.5999
21.4781
7.8334
0.2276
0
0
0
0
0
0
0
0
0
0
0.102
0
0.0668
4.7723
2.702
0.0324
0
1.4758
1e-04
0
0.0356
0
5.0449
0.2536
0.7854
0
0
0.1057
0
5.0071
13.9136
0.4525
0
0
0
1.1132
0
0
9.1884
0.9612
0.7693
2.8544
0.9518
0
1.7274
0
0
0
2.2858
0
0
0
0.5556
0.0686
1.6373
0
0
2.501
16.1726
6.8212
27.9166
0.6576
3e-04
0.1004
0
0
0
0
0
2.3111
0.0715
0
0
0
0
6.8846
2.0489
2.4703
0.0476
0.4933
0
0.1498
0.0707
0.0442
18.4235
9.4541
0
0.0092
0.0298
2.1998
4.7026
1.2962
3.1612
0
20.802
0
3.4452
0
1.2334
14.2028
0
3.0874
1.4458
9.064
0
0
0.1833
0
0
0
0.8354
0
0.8083
0.287
0
3.2708
7.7976
0.7753
2e-04
1.5054
3.3612
0.0049
0.0345
0.4734
0.2961
0
0
0
0
0
0
0
0
1.3986
15.8772
0
0.1459
0
0
0.0212
6.0391
0.1197
0
0
0
0
0
2.48
44.0415
4.5425
0
0.8218
0.9217
0
0
7.1954
0.0034
0.352
2.7319
0.0291
5e-04
0.1024
0.0268
1.6349
6.446
0
0.5111
1.3697
0
0
0
0
3.2156
54.6188
0.919
13.54
12.7055
0
0
0
0
0
0
1.7999
0.6089
0
0
0
0
0
2.2819
0.0561
0
0.0199
7.5211
0.6022
0.4274
0.5579
0
9.5771
0
3.4677
19.4601
0
0
0
2.7791
0
0
5.2082
20.925
1.8401
0.0733
0
0
1.8021
12.6138
1.8588
0.5031
0
0.2039
0
0
0
7.1133
1.8772
11.4987
3.9216
0.4336
0
0
0
3.2122
3.9397
10.076
0.0072
0.0283
0.5605
0
4.1783
27.2285
0
6.071
0
0
0
0
0
0
0
0
0
2.7418
20.057
7.6438
5e-04
0.0683
0
6.1554
9.7089
2.7861
0.006
0
0
0
1.4093
0.2796
0.7966
3.9082
3.5531
0.7718
0.0026
0
0.0048
2.9823
0.0028
42.0264
9.2416
0
0
0
1e-04
0.5317
5.4586
0
2e-04
0.1052
0.1719
0
2.6633
0
1e-04
0
0
0
0
0
0.9345
16.9319
0.299
0.0013
0
0
0
3.3463
0
0.2482
1.5724
0.9253
7.4423
13.3389
0.5012
8.2948
0
1.3574
2.1497
13.8127
2.3371
0.0702
0
1.0946
0
0.1342
0
0
0.0012
3.4631
0
0
4.848
0.1566
0
0
0
0.0682
7.4321
16.5497
0.412
4.4378
1.146
7.9603
0
0
0
0.0139
1.0855
13.4621
1.8953
0
0
0
0
0
0
1e-04
0.0068
5.2838
9.4869
0.5753
0
0
0
0
0
0.0019
0
0
0
0
0.0704
3.3393
1.3624
1.0064
0.0023
0.2899
0.1139
0.2286
3.9678
0.1152
0.0856
0.1121
30.4925
0.3404
4.3305
0
0.7164
3.0548
1.8885
18.0477
1.8976
0
0.501
0.0012
2.3751
5.1871
0
0
0
0
0
0
0.0248
14.5728
1.0866
0
2e-04
1.108
3.761
0.2574
0
8.5192
0
0
0
0.1069
0.0539
0
0
0
0
0.1471
0.0372
0
0
0
0
0.9409
0.0405
0.2008
4.6301
0.6047
0
0
0.0358
1e-04
1.232
1.3247
1.6349
0
1.7387
3.0922
0
5.4566
6.9243
0
0
0
0.0399
0.4032
12.1732
0
0
0
5.9106
0.1206
0.0818
0
0
0.1976
6.944
0.4506
0.6466
1.4849
0.3677
0.1064
10.3266
1.2858
2.5305
0.0206
0
0.1491
0.9601
0.2127
0.0301
0
1.2365
0.1954
0.0903
4.4277
1.0805
0.2096
0
0.5108
0.035
0
0
0
0
0
0
0.0334
0
0
0.0352
0
7.291
2.0406
0
0
0.8372
0
0.0409
0
0
0.1989
1e-04
0
0.8832
2.5738
0
0
7.4935
1.8476
0.3355
6e-04
0.1361
0
0.0093
0.9585
0.4547
0
0
0
0.0512
6.1418
0
0.6787
1.7611
3.2857
1.2437
0.1091
0
0
0
0
0
0
0
0
0
0.7901
0.2357
3.3012
10.7634
5.0823
0.8626
0.0264
0
0
0
0
0.0284
6.9588
0
0
7.8739
0.178
0
11.5727
4.7511
0
0
0
0
0.0366
0.0315
0.9693
0.8265
12.5197
24.8171
0
0
0
0
1.0724
0
0
1.3582
0
0
0
0
0
0
0
7.9739
24.3506
18.1702
0
0
0
0
5.0466
6.8081
4.8476
3.717
1.1934
4.4355
1.6452
6.2096
0
0
26.8378
6.496
0.9676
6.6057
0
0.0506
20.0217
3.3101
0
0.3615
6.0253
5.9903
0
0
0
0
6.9999
0.2693
0.1346
0
26.9213
12.218
2.6393
0
1.0706
16.0816
9.0808
0
1.6332
8.7419
3e-04
1.4748
0.3226
12.6427
5.1771
3.5641
0.6274
0
0
3.5111
0
0.1421
7.2272
9.693
2.4564
0.2773
0.1775
16.7168
7.8659
0
0
0
0
0.1418
0.0456
0
0
0
9.8496
10.2015
0.3571
0.2238
2.61
0.8557
0.0215
0
1.3412
0
3.5196
0.1951
0.029
0
13.5308
3.7661
22.6084
6.2074
1e-04
0
9.2873
1.9397
0.0111
0.0128
0
0.1254
2.1486
2.485
7.2265
1.1557
0
0
0.0034
0.9985
16.9224
1.623
0
3.5543
3.2841
0.3862
0
0
0
0
13.9293
0.0042
0.1506
0.7641
0
0
0
0
0
0
0
0
3.0117
1.7928
0.1331
0.0868
0.0792
0
0
0
0
4.3341
0
0.1307
0
0
11.9674
0.0122
6e-04
0.158
0.0696
0
0.6562
0.9492
0
0
0
3.2499
17.2013
2e-04
0
0
6.4046
2.935
0.3234
0.0313
0
0
0
0
0
0
0
0.4958
9.4318
0.412
0
0
0.0926
0
0
0.4553
0
0
2.6287
0
8.2944
0
0.0842
3e-04
0.1544
0
0
0
0.3019
0.5814
0
0
0
0
0
0.0078
0.0638
0
0.2845
0.8992
0.196
11.932
11.4125
0
0
0
0
2.9255
6.9261
0.2585
32.301
4.7589
0
0
0
16.5835
0.1792
0
0
0
0
0
0.2427
0.0471
0
0.787
0
13.3623
0.4064
0.0168
0.0171
0
0
0
0.0282
0
0.0299
0.432
0
0
0.1368
0.401
0
0
0
0.4248
1.5588
6.0387
0
0
0
0
0.0295
0.1613
2.178
0.2635
0
7.7202
2.5534
0.8193
0
0.1175
0
0
2.9842
0.0016
1.4321
0.0707
0
0.4925
0.861
0
0
0.7017
0.3536
0.5399
0.0221
0
4.9011
7.3378
0.0175
0.0282
2.1605
0.5808
1.1518
0
0
0
0
0.9519
0.1328
0
0
0
0
0
0
3.7526
12.4741
0.8809
0
1.5196
6.4411
0.1765
0
38.8432
0
0
0
1.7629
21.4063
3.3505
0
0
20.2275
0
2.4826
0
0
0
6.1567
0.155
0
0
0
0.4003
2.2596
0.8589
4.4813
1e-04
0
0
0
0
0
0.2895
0.1618
0
1.0558
0.5863
19.3204
0.1875
0.3376
0.0012
15.8629
0
0.0234
2.3643
0
0
0
0.0161
8.422
1.4461
3.1361
14.375
16.5637
0
7.7971
12.8392
2.1997
25.235
1.3715
7.6276
3.8087
0.2245
0
2.289
2.7846
13.3512
0.0563
1e-04
0.7636
1.0124
0.1283
5e-04
4.0279
0.0014
3.5217
2.8558
16.3664
11.737
8.0508
1.9791
4.0772
3.5635
0.001
0.1725
0.3027
3.6797
6.3115
27.2797
29.4998
3.6699
0.8046
16.5879
0.1145
0
0
0
0
0.2108
0.1977
0
0
0
2.0567
10.4928
0.6517
0
0
0
0.2227
1.9751
0.4791
4.3522
7.5445
1.0774
0.0471
4.2306
1.1444
1.7897
0
0
0.2127
0
0
0
0.1628
2.6899
0
0
0
0
0
0.1673
9e-04
0
25.9228
0.0424
0
0
0
0
0
21.4769
0.9959
0.1139
0
14.5162
29.3369
12.4808
0.3353
0.5911
0.0027
4.2753
7.7608
1.4488
0
7.8257
0.7235
7.5483
0.1087
0.1392
2.9703
30.701
0.003
6.121
0.2258
0
0
0.0278
7.6094
0.2603
0
0
1.0649
2.0305
0.0386
3.1828
2e-04
0.0413
29.289
15.5288
0.2853
0
0
0
0
1.1455
1.1075
0.1744
0.6164
10.5402
0.0207
0
15.9136
21.9823
9.1858
1.647
3.0795
0.091
0
0.2809
2.2993
0
0
0
10.5446
0.0938
3.1639
0.0194
16.6169
0.3505
0.6602
41.606
0.0926
2.6745
10.2958
1.2026
4.3766
1e-04
0.2271
0
0
0
0
0
0
0
0
0.4992
0.8246
1.0971
1.4701
2.1897
0
2.1942
35.7098
22.009
0.2514
0
0
4.3607
0.7995
4.5724
7.7029
0
1.0534
0.0057
1.206
0.0359
0
0
0
0
0
1.0583
0.3324
4.5149
0
0.1696
0.0275
0
22.7331
4.8429
0
0
0
0.9113
0.0854
2.487
26.719
11.0011
0
0
0
16.0434
6.7657
44.2337
3.135
0
0.1185
0.0256
5.3752
17.5077
4.5484
0.1518
0.012
0.3379
0.0035
0
0
1.5689
4.4514
12.6116
0
1.0713
0
0.0526
1.5789
18.278
0
0.6619
0.1155
0
0
8.0937
0.3086
0.2092
4.0152
1.3513
1.4514
0.1097
0.0202
0
0
0
0
0
0
0
3.4252
2.8898
4.4123
0
0.5511
0.0016
11.2605
0
0.7862
0.5367
4.5039
0
5.366
0
0.1206
6.0092
4.8649
2.9712
1e-04
0
0
0.0192
0
0
5.7076
9e-04
0
0
0
0
0.0126
0.6365
0
0
1.7855
0
1.3779
0
0
0
0
2.5301
1.6233
1.2163
12.8278
0
0
0
0
17.2643
1.6692
15.2441
0
0.7108
2.7151
0
0
4.0063
0
0
0
5.1419
5.2233
3.7327
1.8489
4.4984
3e-04
9.5066
2e-04
0
0
1.111
2.539
5.2285
0
0
0
0
0
1.042
0
0
0
4.8799
0
0
0
0
0
0.2103
0
0
0
0
6.3874
0.2738
0.3636
0
0
0
0.0983
3.9271
0
0
0
0.7694
2.6797
0
2.4533
0
2.7968
8.5183
1.1837
0.4961
4.1309
0.054
1e-04
24.0251
4.485
1.4478
0.8318
0
0
0
0
0
0
0
0
0
0
0.007
0
0
0
0
0
0
0
12.8433
0.0105
0
16.1963
0
0
0
1.7504
0
0
0
0
1e-04
8.2207
0
0
0
0
0.1214
2.9165
10.0914
0
0
0.0161
8.1495
0
0
0
0
0
0
0.5835
4.2027
5.4391
1.266
0.0065
0.07
4.8633
1.2282
0
0
0.0194
2.5825
0
0
0
0
2.72
0
0
0.0032
7.9011
21.2238
4.551
0
5.9272
3.231
0
1.1138
3.5121
3.6608
0
0
0.0031
0
0
0
1e-04
28.4697
0.0153
0
0.1648
2.7273
24.7549
3.8271
0
0.278
16.2766
4.3848
0.8886
0.0256
0.1347
0
2e-04
1.5171
0.0198
0
0
0
0
27.7076
0.0102
0
0
0
3.6649
1.3415
16.3025
6.4371
1.0426
0
5.0929
20.544
4.4458
0
0
0
0
3.5142
0.2227
0
0
14.3221
11.6238
0.0141
0.9791
15.45
0
0
1.3021
13.5133
0.8851
0.0695
0
0
0
13.3669
4.8394
0
5.7888
15.6352
0
0
0
0.933
0
0
3.1476
1.6824
0.163
0
0.3285
8.159
5.0366
1.2425
0.3982
0
4.0689
0.7529
0
4.3939
3.5973
8e-04
0.2199
10.8548
4.2789
0.7831
0.0646
0
0
0
0
0
0
0
4.8398
0.0191
15.1489
0
0
0
0
0
0
0
0
0
0
1.2054
0
0
0
0
0
0
0
0
7.3398
0.3898
4.0728
0
0
1.2987
5.0479
8.3
8.0026
0.4061
0.0147
0
0
1.2742
1e-04
0
0.5522
0.1344
13.962
2.9993
0
0
0.0028
0
4.0143
0.2765
0.0555
4.5612
0.8003
0.2261
0.0686
0
0
0
0
0.006
0
0
0
0.0646
15.6796
0
35.7798
9.7761
0
0
0
0
0
0
0
0
0
0.149
0.693
0.1223
0.4236
3.4713
1.3521
9.3992
1.9457
0
0.5781
0.0217
1.2517
0.1211
0.888
0
3.5505
0
2e-04
6e-04
0
0
0
0
0
0
0
2.6328
0
0
2.952
0
0
0
22.5699
15.9125
1.9124
0
0
0
0
0.0888
0.438
0
0
0
0
8.7222
1e-04
0
0
0
4.666
0
3.9172
0.8419
0
0
0
0
0.032
5.249
0.5542
0
0
0
0
0
0.0332
0
0
0
0
0
0
1.0568
1.405
12.1619
27.311
17.2868
2.6651
0
0
5.9666
0.1511
0.7961
5.8979
1.3582
0
0
0.9125
22.5656
0.1918
0
0
13.6011
0.4023
0.015
0
0
0
0
0
0
0
0
0
7.7544
2.5652
0.9595
0
0
0
0
0
0
0
0
0
2.2598
2.8349
0.214
0
0
4.3669
14.2083
0
0.0218
2.024
14.2618
4.0637
0
0
0
0
0
0
0.0048
9.4698
0.9558
0.109
16.8619
0
0.4617
5.0285
3e-04
0
0
0
0
0.3348
4.9948
0.0052
0.5048
6.4484
12.7956
6.6887
4.9471
1.4048
10.887
0.5835
5.5181
4.1335
10.7434
16.6822
2.1936
17.1132
25.2034
33.4424
0
0
0
0.004
0
3e-04
0.0023
0.0946
0.0252
35.3477
0
5.2036
0.0148
0
0
0
9.4931
0
0.0027
0
0
5.51
6.8337
20.0034
0
0
0.0455
14.9452
0.1336
0.9032
0.1031
0
0.0534
7.7265
0
0
0
0
0
0
0
4e-04
6.2401
13.8762
0.6916
0
0
0.816
7.9977
0
0
8.258
0.8506
0.5131
0
0
0
0
0.3734
0
1.2382
0
0.0521
3.1189
4.7555
0
0.2941
4.4343
0
0
0
16.4699
20.2834
0
0
0
0
0
0
0
4.0502
0.7467
0
0
0.6406
19.2425
40.2563
23.4152
2.6267
0
0
0
0
0
0
0
0.0559
3.7893
0.7621
0.1183
6.5169
0
0.495
0.0981
0.6526
0
0
0.1455
0.0312
0
0
0
10.9959
11.8133
3.1454
4e-04
0
0
2.5917
1.1875
0.9345
0
0
1.7383
2.6112
0
0
0
0
8.7211
4.9916
0
0
5.1612
4.2299
0
0
0
0
0
0
0
0
0
0
0.0248
0.228
0.0437
0.7054
0
0.0021
0.0021
0
0.1931
0
0
2.4662
0.1161
0
1.6979
0
0
3.9885
26.2195
49.0903
0
0
0.0187
0.0145
0
0
0.9747
0
0
0.8829
4.5525
0
0
4.597
7.947
0
0
0.3176
1.5875
13.1652
0
0
0.0481
0.0372
1.4406
0.8546
0.0509
2.1293
0
0.409
0.0315
0.0327
0
1.1417
1.7593
0.9035
0
0
1e-04
0.239
11.4519
12.9635
0
0.7472
8.1181
0
0
0.0193
5.4556
0
0
0
0
0
0
0.1555
1.2701
4.2023
0
14.0501
3.9516
0
0.8687
0
1e-04
0.015
3e-04
0
0.0061
4.0655
0
0
0
0
0
1.5401
0
0.8346
0.0077
8.4282
0
0
0
0
0
0
2.4437
0.5831
0
0.4671
0
0
0.1884
0
1.438
2.5078
0.8447
0
0
0.0106
0
35.7177
4.0958
2e-04
0
7.8589
10.9419
1.7349
0
2.5827
0
0
4.9221
10.4008
0
0
0
0
0
0
0.0194
0
0.2396
5.2921
1e-04
0
7.4322
5.3846
6.7301
0.9712
0
0.4339
1.3392
0
0
3.64
0
1.373
4.7374
0.0311
4.4493
5.0137
3.375
14.114
0
4.582
0
0
0.096
8.8946
0
0
0
0
0
0.1495
9.2979
0.4478
0
0
0
0.1748
1.7146
17.8332
0.1237
0
0
21.3459
0
0.3661
3.8791
0.2268
0.47
0
0
0.0471
0
9.8211
10.8536
9.7519
0.111
0.2527
14.3252
17.2162
6.0456
0.0026
0
0
0.347
0
0.2861
0.0228
0
0
0
0
0.0038
22.5926
0.3175
0
0
0
0.2236
0
0.0013
0
0
0
2.3631
0
0
0
7.8912
0
0.0026
1.6485
0.9009
0.1632
0
1.0419
0
1e-04
1.6507
0
0.0111
1.1265
7.8086
0.1106
0
0
0
45.5789
2.3742
0.1484
0.0432
0
0
0
0
0.7131
6.0276
1.1809
3.1597
0
0
0
0
0
0
0
0
0
1.5778
3.9185
1e-04
0
0.3084
24.5713
0
0
0.011
67.8
9.5611
0
0.3381
0
2.8495
3.6768
0
0
0
0
9.8903
0.738
0
0
0
0
0
0
0
12.0627
0
1.0261
10.3213
1.8978
0.0555
1.2603
6.6109
2e-04
0
0
0
0
1.3485
6.5082
5.8399
3.1806
0.266
2.8001
0
3.9243
0.0173
0.0022
0
0
0
0
0
1.3958
0
0
5.9199
1.9402
0
0
2.4588
0.9257
3.4904
1.6391
0
0
0
0.8664
0.4425
0
0
0
0.8188
4.9052
0
0
0
0
1.508
3.5904
17.6602
0
0
0
0
0
0
0.7753
0
0
0
0.5768
9.1882
0
0
1.9695
0.1305
0
0
0
0
0
6.8827
0.2703
0
0
0
0
0
0.9194
9.5145
1.0687
0
0.0483
6.6005
0
0
0
0
0
19.3756
8.9946
0
1.6294
1.1703
0.0253
0.1907
0
0.1459
8.3456
0
0
0
0
0
0.0942
0
1.6155
3.9799
0
0
0
2.8311
1.4331
0
0
0.6002
0.696
0
12.3642
4.5466
0.0294
5.8768
0.1162
0
0
0
0.3319
0
0.0068
0.027
0
0.2692
0
0
0
0.1627
0
0
3.7516
0
0
0
0
0.4456
0
0
10.1356
0
1.3569
0
0
0
0
0
0
0.5861
0.09
0
1.6932
6.7199
0
0
0
0
0
0
0
0
1.1593
0.0243
3.2457
13.2325
0
0
0.1362
0.0605
0.3087
0.2137
6.0899
4.1833
0.0965
0
0.8445
12.8756
0.9936
17.0992
1.7825
0.7696
0
4.2612
0
0
0.189
0
0
5.2683
12.5026
0.5895
0.0438
0
0
3.0065
0
0
0
0
4.749
1.9285
0
0
1.099
2.5985
0.1803
0
0
4.3873
3.4148
5.3445
0
0
0
9.038
3.4115
4.0731
2.9119
0.9361
0
0.0497
0
0
0
0
8.3582
17.257
0.7871
5.4008
5.5847
60.5096
0
0
0
0
0.378
0
0.038
5.6952
12.0263
0.8907
1.8362
7.2442
8.6218
12.0111
9.6351
7.3738
5.5695
1.8881
1.8789
0.2159
1.4137
1.7226
0.3167
0
7.0529
0.67
47.2643
49.2791
4.7006
0.7615
0.3944
0
0
0
0
0
9.1373
1.1304
66.9775
0.8771
0.0016
14.8554
2.7063
8.5315
0.2102
0.0072
7.0215
11.8846
7.7873
0.2623
0
0
0
0
0
0.6468
1.8818
0
3.2377
1.8311
0
0
0
11.1441
10.325
0
0
0
0
0
7.7591
0
0
0
4e-04
13.28
0
0.0864
37.4236
0.2235
4.3447
0
0
3.2812
14.4765
0
0
0
0
0.2171
4.8398
0
0
2.7388
0.0051
2.6485
25.8345
4e-04
0
0
0.1722
0.3901
7.9007
3.7707
0.2198
0
0
0
0
0.0127
17.088
0
0
0
0
0
0
0
0
0
1.6803
0.089
0
0
3.786
4e-04
0
0
0
0
1.4018
0
0
0
0
0
0.156
0.7064
0
0
0
0
0
0.6843
0.0493
3.6073
2.693
0
0
31.3881
0
0
0.2857
2.9928
0.2788
0
0
0
2.4765
0
0.335
0
7.1462
0
0.7264
0
0
0
0
0
6.1272
0.6492
0
2.1171
0.3518
0
0
0
0
10.0855
6.2782
0.0048
0
0.2953
0.032
2e-04
0
0
0
0
0
0
0
0
0
0.2596
3.271
0.7674
0
0
0
0
0
4.0402
0.4433
2.6121
6.3119
0
5.2993
24.6751
30.8134
6.3367
0
0
0
0
0
0
0
0
0
6.1424
0.2887
26.8705
0
0.9907
1.2765
0
5.5357
1.693
0.1871
0
0
1.2646
0
0
0
0
0
0.095
0
0
0
0
0
0.4815
1.7955
11.4735
0.7737
0
0
0
0.0457
0.6308
0
0.1637
0.2264
0.0012
0
0.3678
0.2194
0
0
0
0
0
0
0
30.8168
8.8913
0
0
0
0.0748
10.2486
0.7189
1.5012
2.4918
1.7707
0
0
0
1.0051
21.0428
1.6727
0
11.8946
4.4807
0.1173
0.1741
0
0
0
0
0
0
0
25.3542
0.4007
0
0
23.7474
0
0.0063
15.5794
4.6724
2.7218
0.6047
0.5076
0
4.2263
15.6889
3.0105
7.4826
2.9194
3.8121
0
0
0.5752
0
0
0
0
0
0
5.5614
8.0333
0
0
0
13.5462
0
6.7552
2.6885
9.6802
7.9283
11.296
5.157
0.2983
5.1244
0
8e-04
0.3499
0.7134
7.2498
0.041
2.9913
9.8756
4.4609
0
0
1.0543
2.2821
0
0
7.4547
0
0
0
0
0
0
2.4912
0.1199
0
0
0.0575
0.1401
0
3.0524
20.7141
1.1009
0.9207
0
0
0
0
0
0
0.1462
5.5091
0.3492
0.7025
0
0
0
0
0
29.1741
7.3914
0
1.0133
1.771
0
0
0
1.9781
0
0
0
0
0
0.0301
0.7446
0.3593
0
0
0
0
9.6762
0.4193
0.3198
0
5.5712
0.0171
0
0.2445
0
0
6.6954
0.0167
0
0
0.0152
1.2023
3.5414
0.5175
0
0
0
0
0.7091
0
0
0
1.3282
1.2409
9.9136
1.4521
22.4216
1.5294
1.1825
14.8984
0.0024
2.6642
1.7704
13.3165
0.7958
0
0
0.1351
7.7591
0.0012
15.6565
0.3572
1e-04
0.004
0.5978
1e-04
0
0
0
0
2e-04
0
0.0387
0.0026
27.5102
1e-04
0
0
5.0957
0
0
47.618
0.003
0
0
0
0
0
0
0
7.6077
0
7.0677
9.7462
5.4546
7.3171
0.9297
9e-04
0
0
0.0772
0
0
0
0
0
0
3.3317
1.8991
0
2.7867
0
0.0182
0.5076
17.7791
11.2624
0
0
0
0
1.7518
3.4953
4e-04
0
5.384
0
0
0
4.7466
0.3134
0
0
0
3.1408
0
0
0
0
0
0
0
0
0
0
0.7284
0
0
0
3.7777
5.1144
0
0
0
4.9199
6.3818
0.1904
0
0.0096
0
1.1163
2.8409
7.9247
0
0
0
0
7.7171
4.8464
0
0
0
0.5227
3.0724
0.7331
0.534
0
0
0
0.0016
1.4779
0
3.777
2.1465
0
4.786
0.448
0
0
0
16.7388
15.9088
0.3777
0
0
0.0421
0
6.2057
2.5511
22.9641
0
0
0
0.0922
9.9698
0.0278
0
14.0025
0
0.5286
6.0715
2.0321
0.529
8e-04
0.1737
0
0
0
2.7964
0.0076
0.0088
0
0
0
0
21.7128
1.6256
0.9395
0
0.0016
6.1243
0
0
0
0
0
0
0
0
0
0
0
6.5197
2.3933
0
0
0.1798
6.7793
0.6727
0
0
0
0.2165
3.9448
0
0
0.1019
0
0
1.7066
0.2454
0
0
5.3527
0.0335
0
1.9353
0.2807
0
1e-04
1.1963
0.3261
7.1372
4.0657
0.007
0
17.8671
7.219
0
3.1906
1.6383
3.8143
2.1691
14.5439
6.7905
0
0
0.0218
8.9588
0
0
0
0.1146
0
0
0
3.7582
7.7902
4.941
0
0
0
0
0
1.82
1.4595
8.9922
15.5188
8.031
2.9074
0.0254
29.4867
33.9968
1.5229
0
0
0
0
8.3139
0
0
0
0
0
0
0.4492
17.5398
4.5299
10.572
0
0
1.2724
5.9722
0.2395
14.3203
5.3381
6.7676
0.0939
0.2832
0.6812
0
0
0.0758
0.2118
0
0.1046
0
0.0049
0
0
0
15.3133
8.2344
0.0016
5.3659
5.0209
3.8423
0.9501
0.0536
0
1.024
18.227
0
0
0.8744
1.82
0.1099
1.479
44.0213
20.519
0
2.8828
0
0
0
16.1399
0
0
52.6744
1.5578
4.2276
47.1053
7.3199
0
6.0887
0.2807
0
0
0.1455
0
11.4424
2.0541
0
0
0
0.0222
0.0435
0
0
0
0.0636
1.0357
1.4326
5.6292
2.4256
0
0
0
0
0
0.6603
0.3842
0
0
0
0
10.7831
0
1.8184
0.0014
7.5131
5.1604
0
0
0
0
0
1.9483
10.9547
0.0025
0
0
0.1091
0.1611
0.5104
15.6669
3.8439
7.6174
0.1746
0
0
0
2e-04
1.0926
2.6262
0
0
0
0.3617
22.1551
0.001
0
0
0
0
0
0
0
0
0
0
0
0
0
1.2871
0.4864
2.6318
4.8514
10.7804
3.5744
0
20.0675
0.8567
0.0127
0
0.6392
0.0799
0
0
0
0
0
0
7.3496
6.1319
0.236
0
0.7043
9.6338
0
1.4904
0
0
11.0828
5.6029
1.2711
41.2135
4.9088
0.3276
0
0
0
0
1.3852
1.656
0
6.0221
0
0
54.8665
3.4754
0
0.1343
0.4873
0
0
0
0
0
0
0
2.1069
0
0
0
0.003
0.5693
0
0
0
0.4678
0.0138
0.0039
0.0292
0.7077
1.7526
0
0
0
0
0
0
0
0.2388
7.799
3.7441
1.1641
0
0
0
0.4397
0.8729
0
0
0
0.0012
0
0
0
0
0.3566
0
0.5294
0.7029
14.2274
0
0
1.1062
1.7699
0.8832
0
0
0
0
1.6354
4.9878
0.3134
0
0
2.4076
0
0.9951
0
8e-04
0
0
0
2.6108
1.8351
1.4991
1.192
8e-04
3.1599
0.3261
0.7031
0
0
0.2297
3.875
5.3572
0.0049
0.9833
21.4628
7.2199
10.2532
4.042
2.2503
5.0651
11.3116
0
0
0.4576
33.4735
3.4645
0
0.0023
0
0.3381
1.4304
0
0
0
0
0.0846
0.1388
0
0
0
0.8973
0
0
0
0.1216
0
0
0
0
0
8.9126
2.8224
18.971
4.0734
0.146
0.1058
0.7847
13.2471
3.3734
0
0.8626
0.8048
0
0
0.0056
0
0.7779
0.054
13.4424
28.9391
0.0218
0.6337
0.1029
1.4049
0
0
0
0
4.2575
1.8169
0
0.0294
4.4743
0
0
0
0.2244
30.9695
0.527
0
0.0363
0
0
1.3591
5.786
1.1724
0.2664
18.9188
8.8075
7.5881
0
0
1.2128
4.174
0.094
2.1173
1.1054
0
0
0
2.5775
0
0
0
7.6593
6.0055
9.3116
0.036
0
0
1.3609
0
0
4.5236
15.0526
21.1759
11.1723
6.9238
9.2725
0.0105
0
3.4469
0
0.1378
2.6017
3.6136
0.0172
6.4323
16.8313
0.0425
0
2e-04
28.8572
0.1225
0
0
8e-04
0.9141
1.5699
2.7802
6.746
0
0
0
0
3.6936
0
0
0
0
0
0.4952
0.0127
0
0
5.2748
8.6534
0.004
0.0109
0.1107
0
1.5396
0
0
0.0183
1.222
6.9774
15.7317
0.0226
0
0
0
1.2307
31.2345
3.9839
0
3.9869
0
2.7098
0
0
0.2734
13.0099
9.3682
8.4626
0
0.0257
28.9148
0.4913
0
0
12.1852
2.6132
0
0
1.1067
0
0
0.0012
0.1083
0.6214
0.7968
0
0
0.1513
9.8449
13.8967
7.1963
0
0
0
0
0
0
0
0
0.2545
0.1048
1e-04
0
0
2.5459
10.4577
8.999
0
0
0
0
0
0
0
0.1691
5.5228
8.624
15.911
0
0
0.8522
1.719
0.4019
1.6778
1e-04
0.0989
0
0
0
0.2046
1.3588
2e-04
0
0
0
0
0.9163
6.7601
20.5162
0.0375
0.001
0.4453
25.7478
11.8386
2.272
0.9598
1.0937
2.7565
0
0
5.1746
0.726
0
0
0.5906
0
8.4866
0.2696
0
3.2286
0
0.2347
0
0
0
4.3936
0
12.6361
0.4798
0
0.0588
0.3376
9.068
2.7912
1.3267
0
0
0.0012
0
0
0
0
0
0
0
0.1915
0.4644
3.7301
0
0
0
3.2476
15.4922
0.0537
0
0
0
0
2.8576
2.4546
0
0
20.4995
1.869
0.0114
0
0
0
0
0.2896
2.1061
0.1726
0
0
1.7036
1.3448
0
0
0
0.9519
0.2866
3.7282
1.1061
0
0.0096
8.9482
0.5033
0
0
7.7078
0.7936
0.1119
1e-04
0
0.3019
0
0
3.2119
0.934
18.5705
7.5266
0.115
0
2.8627
1.3758
18.0858
0
0
0.0672
0
0.726
0.159
0
7.5481
0.2533
0
0
9.6262
0
0.001
0
0
0
0
0.9358
0.0183
0
0
0
0
6.6455
17.8085
0
0
0.1182
13.6447
0.0592
0.851
0.8491
0
0
0.5901
9.6975
0
0
0
0.554
0
0
0.4554
2.9155
21.0617
11.1279
0
0
0
0.4972
0.1153
0
0.5059
0.545
0
0.0016
0.0244
6.2122
0
11.4978
0.441
0
8e-04
2.4623
13.2288
21.4279
0
4e-04
0.0489
0
3.3679
39.4456
2.5372
7.958
9.7104
4.1785
4.901
4.3937
3.6133
0.5146
9e-04
0
0
0
7.311
6.2079
0.0166
5.7618
7.7058
0
0
0
1.6988
6.1208
19.2586
2.431
0.8142
1.3866
3.5892
0.0024
5.0656
10.1353
1.7536
14.2381
6.0042
4.4638
0.1267
35.4781
29.2848
0.4824
0
9.983
0.0767
0
0
0.9097
4.4498
0
0
5.0483
4.9858
7.0255
14.5858
0
2e-04
0.0589
21.5802
0.328
0
0
2e-04
0
0
0
0
0
0
0
2.7492
13.577
4.8555
2.5187
2.3056
6.4513
3e-04
0
1.2297
10.593
0
0
4.3449
7.8571
5.6438
21.6984
5.9446
0
0.0762
2.5978
9.4213
0.2254
1.5573
0
0
0
0
0.7481
2.836
0
0
0
0
0
0
9.712
0.0095
0.0066
0
0
0
1.2043
10.836
1e-04
0.1667
0.6065
1.1208
14.1131
26.2715
4.7696
1.3859
22.8482
0
0
0
5.163
6.0015
0
0
0.6327
0
7.2262
0.0198
0.126
0
0
0
0
1e-04
0
0
0.2521
5.48
14.0804
1.7901
0
0
0
0
0
0
0.4568
0
5.7873
0
0.1112
0
1.9676
9.4584
1.384
22.8905
0.0156
2.7465
0.3384
0
0
3.1308
2.6161
0
0
0
5.7787
3.8799
0
0.0346
0
7.3041
0
0.002
0
0
2.4084
2.0072
0
0
0
19.3253
6.3966
0
0
18.2121
20.5821
1.5445
0.4861
0
0
0
0
0
0
0
0
6.1175
1.1149
0
0.0574
0
0
0
0
0
0
0.5782
0.06
1.1472
0.8951
0
0
6.394
0.1064
0
0
3.6029
4.0561
1e-04
0
0
0
0.0045
0
9.7987
0.1611
0.003
0
0
2.7492
0
0.1649
0.976
0.9151
4.7617
0
0
0
0
0
0.0047
0.001
0
0
8.1382
13.8709
5.035
0.0254
0
1.3343
2.0301
0
0
0
0.0049
0
17.2282
24.4456
10.7389
2.4693
0
0.4732
0
0
14.6269
0
0
0.0051
0
0
8.5102
1.9961
0
2e-04
0.0779
0
0
0
0.0281
0.0225
0
1.9149
0.5925
5.7154
0.258
1.8401
0.8147
3.5549
0.5718
0.1611
5.6212
0
0
0
0.0303
2.8956
0
0
0
0
0
0.9644
6.7522
6.6213
0.6728
0
0
0
7.5849
0.8201
0.051
0
0.917
0
0
0
2.6554
0
0
2.7347
0.015
0.0411
0
0
13.3183
12.1251
4.9652
0
0.2256
3.6888
0
0.0072
1.0086
1.8534
19.8066
7.5466
5.4501
0.002
0.0021
0
0
0
0
0.0343
3.9906
6.9243
8.3929
0.3923
0
0.0078
3.8954
0
1.9175
0
7.3851
0.0793
0.0714
3e-04
1.4836
1.7977
0.6633
0.413
0.0588
5.6948
0
0.8106
1.0152
0.974
2.532
0
0
0
0.0322
0.012
0
0
0
4.2038
1.6457
0
0
15.1065
12.1128
0
1.4174
12.2929
38.5718
0.4564
0.3318
2.4706
0.0881
0.1547
0.4949
2.5084
0.0345
1.1252
4.6335
1e-04
0
0
0
0
0.6015
0.3507
0
0
0
0
8.2668
0.1119
0.0771
13.4837
0
0
0
0
0
0
0
0.4412
0.3596
14.0663
0.2488
0.153
0.9724
2.3458
4.2337
0
0
0
0
0.0024
1.7976
0
0
0
3.9353
0.1899
7.7484
0.5835
0.0075
0
0
0
0.5922
6e-04
0
1.8154
0
0.0954
9.9875
1.8584
0
0
0
14.6818
2.2539
0
0
0
21.3829
2.1695
0.0015
0.0384
0
0
0
0
0
0
0.024
0
0
12.4898
3.9204
6.8057
0
0
0
0
0
0
0
1e-04
0.0195
0
0.3711
24.0062
17.1629
5.9762
0.0287
0
5.1077
0
0
0
0
20.3942
9.1035
0
0
0
0
5.6082
0
0
0
0
0
0
0
0
0
0
0
0
0
0
3.5937
0.7327
1.1281
0.0272
0
0
5.4077
0
0
0
0
0
0
0
0
4.915
0
2.3351
0
0
0
7.1891
6.3337
18.2184
28.9434
5.4384
0.0379
0
0.6069
0.1278
2.1193
8.1598
0
0
0.5086
0
0
0
0
0
0
0
0
0
2.7829
0
0
0
10.211
0
0.0475
0
0
0
0
22.1259
0
1e-04
7.2847
9.281
0
0
0
7.1639
4.0584
0
0
0.1054
0
0
0
0
0
0
0
4.318
0
0
0
0.4581
2.7266
3.7966
0
0.7559
0.6044
0.0143
0.7515
0.8016
0.0042
0.0024
0
1.7531
0
6.2249
2.2981
