1980 1 1
0.922
0.96
0.904
0.862
0.91
0.882
0.858
0.836
0.87
0.926
0.943
0.717
0.815
0.863
0.927
0.946
0.943
0.915
0.886
0.84
0.8
0.868
0.841
0.807
0.934
0.88
0.831
0.867
0.838
0.781
0.804
0.805
0.75
0.718
0.792
0.741
0.873
0.864
0.784
0.852
0.846
0.913
0.85
0.811
0.868
0.869
0.888
0.743
0.848
0.841
0.863
0.98
0.989
0.962
0.868
0.872
0.792
0.853
0.819
0.742
0.719
0.69
0.805
0.842
0.942
0.836
0.852
0.963
0.938
0.885
0.653
0.623
0.921
0.874
0.858
0.862
0.964
0.844
0.711
0.842
0.954
0.747
0.789
0.936
0.862
0.752
0.771
0.782
0.949
0.913
0.938
0.893
0.87
0.862
0.963
0.806
0.615
0.628
0.758
0.838
0.9
0.806
0.893
0.718
0.913
0.856
0.75
0.624
0.595
0.6
0.593
0.566
0.476
0.633
0.706
0.823
0.665
0.701
0.855
0.754
0.71
0.68
0.629
0.558
0.482
0.522
0.516
0.604
0.663
0.688
0.693
0.764
0.816
0.822
0.817
0.686
0.686
0.927
0.872
0.742
0.747
0.655
0.563
0.53
0.713
0.699
0.665
0.563
0.497
0.55
0.742
0.806
0.865
0.812
0.762
0.759
0.687
0.753
0.691
0.819
0.717
0.638
0.592
0.593
0.629
0.731
0.779
0.774
0.672
0.638
0.707
0.746
0.7
0.655
0.611
0.666
0.685
0.688
0.704
0.755
0.722
0.734
0.732
0.733
0.748
0.821
0.868
0.79
0.696
0.805
0.749
0.795
0.759
0.759
0.781
0.671
0.757
0.753
0.802
0.781
0.74
0.72
0.802
0.807
0.776
0.749
0.737
0.721
0.796
0.851
0.861
0.775
0.771
0.865
0.866
0.866
0.769
0.867
0.82
0.797
0.866
0.811
0.866
0.869
0.838
0.822
0.848
0.842
0.742
0.848
0.92
0.847
0.816
0.86
0.855
0.772
0.774
0.764
0.734
0.747
0.752
0.758
0.784
0.845
0.86
0.87
0.814
0.842
0.788
0.713
0.726
0.756
0.803
0.768
0.75
0.808
0.835
0.819
0.863
0.881
0.915
0.742
0.782
0.787
0.832
0.828
0.81
0.628
0.722
0.761
0.639
0.74
0.739
0.636
0.78
0.803
0.714
0.769
0.695
0.643
0.735
0.722
0.735
0.719
0.753
0.81
0.715
0.703
0.708
0.751
0.842
0.825
0.771
0.725
0.694
0.706
0.7
0.754
0.85
0.768
0.651
0.768
0.616
0.619
0.702
0.733
0.611
0.647
0.766
0.7
0.614
0.695
0.823
0.763
0.709
0.697
0.713
0.61
0.745
0.791
0.757
0.747
0.813
0.774
0.807
0.803
0.732
0.778
0.952
0.769
0.669
0.853
0.916
0.891
0.867
0.876
0.899
0.757
0.756
0.818
0.894
0.959
1.004
0.905
0.843
0.692
0.888
0.874
0.708
0.771
0.876
0.76
0.889
0.79
0.692
0.768
0.778
0.834
0.917
0.727
0.891
0.839
0.845
0.913
0.978
0.986
0.965
0.894
0.859
0.719
0.876
0.951
0.905
0.802
0.83
0.84
0.819
0.851
0.927
0.903
0.936
0.923
0.886
0.959
1.022
0.991
0.986
1.002
0.989
0.989
0.951
0.924
0.959
0.915
0.851
0.742
0.803
0.923
0.949
0.744
0.798
0.84
0.931
0.912
0.912
0.868
0.919
1.03
0.771
0.894
0.826
0.825
0.912
0.984
0.997
0.942
0.949
0.886
0.944
0.929
0.872
0.807
0.755
0.82
0.833
0.859
0.796
0.597
0.81
0.915
0.832
0.792
0.878
0.853
0.783
0.746
0.741
0.794
0.58
0.711
0.801
0.711
0.585
0.699
0.861
0.863
0.71
0.79
0.563
0.571
0.616
0.754
0.583
0.644
0.823
0.665
0.551
0.637
0.488
0.899
0.872
0.595
0.499
0.607
0.771
0.695
0.819
0.91
0.927
0.851
0.646
0.61
0.756
0.702
0.67
0.783
0.653
0.839
0.903
0.883
0.751
0.639
0.657
0.707
0.835
0.767
0.652
0.616
0.58
0.528
0.675
0.865
0.691
0.611
0.708
0.899
0.953
0.792
0.679
0.769
0.944
0.762
0.698
0.656
0.632
0.556
0.48
0.548
0.531
0.594
0.666
0.692
0.776
0.905
0.755
0.758
0.667
0.624
0.795
0.735
0.736
0.698
0.745
0.663
0.754
0.825
0.859
0.719
0.781
0.887
0.8
0.761
0.8
0.735
0.704
0.726
0.726
0.793
0.791
0.726
0.797
0.822
0.658
0.585
0.645
0.759
0.743
0.811
0.811
0.802
0.793
0.792
0.713
0.635
0.781
0.834
0.663
0.578
0.659
0.795
0.691
0.701
0.687
0.726
0.67
0.76
0.904
0.86
0.761
0.622
0.729
0.75
0.805
0.874
0.878
0.824
0.672
0.685
0.754
0.746
0.788
0.827
0.815
0.774
0.806
0.818
0.823
0.827
0.815
0.807
0.852
0.869
0.872
0.789
0.689
0.648
0.707
0.77
0.722
0.693
0.722
0.788
0.763
0.743
0.802
0.846
0.833
0.855
0.824
0.792
0.821
0.916
0.932
0.895
0.844
0.816
0.8
0.732
0.776
0.882
0.818
0.785
0.794
0.815
0.812
0.875
0.832
0.785
0.782
0.788
0.871
0.738
0.669
0.689
0.759
0.819
0.732
0.738
0.889
0.867
0.807
0.72
0.721
0.789
0.821
0.757
0.718
0.703
0.74
0.764
0.759
0.749
0.633
0.73
0.793
0.621
0.81
0.753
0.67
0.786
0.929
0.841
0.668
0.661
0.879
0.973
0.873
0.848
0.827
0.754
0.684
0.751
0.811
0.647
0.682
0.814
0.724
0.8
0.772
0.682
0.775
0.749
0.762
0.718
0.745
0.72
0.799
0.864
0.849
0.915
0.813
0.788
0.819
0.832
0.863
0.817
0.875
0.804
0.76
0.716
0.891
0.876
0.779
0.849
0.791
0.755
0.842
0.911
0.62
0.713
0.865
0.832
0.834
0.857
0.895
0.841
0.87
0.771
0.812
0.836
0.885
0.967
0.982
0.923
0.928
0.906
0.928
0.958
0.931
0.924
0.781
0.946
0.857
0.907
0.951
0.875
0.891
0.904
0.887
0.88
0.758
0.817
0.853
0.91
0.907
0.872
0.924
0.749
0.854
0.892
0.918
0.912
0.932
0.985
0.776
0.87
0.906
0.896
0.895
0.924
0.944
0.975
0.906
0.963
0.946
0.889
0.905
0.874
0.963
0.939
0.895
0.919
0.866
0.928
0.899
0.935
0.93
0.997
0.986
0.97
0.981
1.001
1.002
0.928
0.896
0.93
0.827
0.783
0.829
0.904
0.897
0.932
0.86
1.065
0.932
0.916
0.915
0.82
0.824
0.862
0.983
0.964
0.845
0.773
0.822
0.929
0.917
0.85
0.871
0.946
0.915
0.855
0.787
0.751
0.854
0.847
0.726
0.721
0.708
0.812
0.905
0.765
0.731
0.867
0.808
0.865
0.866
0.777
0.8
0.853
0.896
0.871
0.838
0.794
0.769
0.667
0.66
0.838
0.683
0.47
0.845
0.693
0.582
0.639
0.61
0.448
0.618
0.726
0.686
0.638
0.579
0.568
0.497
0.502
0.447
0.457
0.506
0.699
0.776
0.626
0.569
0.566
0.576
0.569
0.696
0.709
0.594
0.566
0.6
0.62
0.696
0.871
0.904
0.848
0.763
0.786
0.827
0.836
0.756
0.783
0.766
0.791
0.812
0.756
0.788
0.827
0.915
0.845
0.776
0.774
0.806
0.772
0.712
0.674
0.715
0.699
0.781
0.923
0.812
0.718
0.838
0.773
0.763
0.707
0.71
0.617
0.694
0.736
0.794
0.766
0.79
0.723
0.678
0.676
0.903
0.86
0.81
0.789
0.812
0.76
0.747
0.731
0.823
0.788
0.731
0.683
0.679
0.677
0.794
0.849
0.827
0.772
0.724
0.742
0.799
0.735
0.714
0.776
0.793
0.798
0.716
0.693
0.752
0.804
0.818
0.772
0.796
0.79
0.86
0.831
0.821
0.828
0.747
0.718
0.624
0.621
0.662
0.726
0.738
0.756
0.71
0.723
0.847
0.711
0.667
0.821
0.789
0.789
0.728
0.768
0.698
0.637
0.716
0.837
0.859
0.837
0.747
0.67
0.636
0.777
0.826
0.711
0.672
0.663
0.716
0.645
0.659
0.741
0.778
0.74
0.676
0.737
0.589
0.627
0.667
0.821
0.852
0.802
0.838
0.816
0.901
0.834
0.808
0.745
0.658
0.763
0.687
0.722
0.724
0.66
0.668
0.604
0.72
0.805
0.72
0.699
0.668
0.679
0.688
0.638
0.604
0.587
0.582
0.725
0.668
0.671
0.653
0.654
0.699
0.631
0.497
0.503
0.618
0.654
0.834
0.879
0.77
0.842
0.72
0.654
0.734
0.703
0.708
0.823
0.81
0.826
0.866
0.789
0.681
0.778
0.703
0.709
0.791
0.836
0.949
0.93
0.821
0.935
0.854
0.682
0.795
0.812
0.899
0.956
0.87
0.803
0.802
0.765
0.848
0.914
0.82
0.792
0.773
0.727
0.805
0.864
0.755
0.818
0.827
0.945
0.961
0.808
0.776
0.935
0.911
0.87
0.862
0.878
0.906
0.878
0.903
0.957
0.96
0.746
0.574
0.715
0.828
0.877
0.733
0.687
0.751
0.79
0.878
0.796
0.809
0.931
0.911
0.81
0.866
0.868
0.949
0.901
0.868
0.851
0.879
0.92
0.902
0.928
0.989
0.979
0.94
0.86
0.82
0.87
0.943
0.975
0.952
0.948
1.014
0.987
0.85
0.862
0.841
0.937
0.839
0.837
0.869
0.904
0.892
0.854
0.9
0.958
0.923
0.919
0.853
0.813
0.779
0.74
0.847
0.86
0.797
0.843
0.786
0.786
0.639
0.544
0.55
0.61
0.697
0.817
0.839
0.763
0.66
0.837
0.783
0.881
0.824
0.771
0.703
0.76
0.805
0.849
0.901
0.976
0.864
0.938
0.809
0.815
0.729
0.745
0.806
0.906
0.926
0.782
0.652
0.783
0.791
0.934
0.859
0.855
0.753
0.899
0.882
0.812
0.921
0.851
0.841
0.797
0.917
0.925
0.857
0.78
0.796
0.714
0.673
0.66
0.725
0.673
0.614
0.76
0.689
0.589
0.562
0.746
0.827
0.963
0.969
0.907
0.934
0.818
0.742
0.64
0.74
0.843
0.636
0.62
0.524
0.608
0.724
0.765
0.872
0.714
0.598
0.677
0.854
0.818
0.778
0.873
0.839
0.753
0.77
0.757
0.644
0.695
0.852
0.743
0.704
0.696
0.677
0.83
0.861
0.793
0.857
0.75
0.686
0.614
0.602
0.537
0.547
0.543
0.572
0.622
0.647
0.58
0.64
0.795
0.81
0.755
0.746
0.676
0.625
0.694
0.631
0.705
0.848
0.884
0.875
0.814
0.774
0.724
0.83
0.787
0.713
0.618
0.708
0.778
0.721
0.686
0.755
0.718
0.643
0.731
0.762
0.842
0.835
0.752
0.728
0.743
0.73
0.763
0.823
0.756
0.688
0.625
0.729
0.783
0.759
0.787
0.844
0.802
0.757
0.774
0.788
0.758
0.749
0.798
0.769
0.807
0.813
0.769
0.662
0.697
0.706
0.728
0.771
0.826
0.738
0.77
0.769
0.801
0.808
0.789
0.756
0.729
0.74
0.753
0.73
0.766
0.809
0.792
0.719
0.673
0.697
0.782
0.787
0.743
0.687
0.619
0.631
0.665
0.707
0.735
0.618
0.578
0.8
0.782
0.716
0.683
0.762
0.892
0.695
0.663
0.612
0.611
0.74
0.703
0.623
0.777
0.812
0.847
0.672
0.641
0.776
0.874
0.715
0.633
0.712
0.832
0.77
0.774
0.898
0.969
0.719
0.738
0.695
0.748
0.753
0.735
0.774
0.829
0.874
0.947
0.935
0.856
0.784
0.734
0.748
0.733
0.646
0.746
0.858
0.824
0.898
0.733
0.756
0.761
0.758
0.643
0.544
0.82
0.94
0.795
0.735
0.74
0.851
0.898
0.811
0.77
0.856
0.884
0.843
0.804
0.916
0.851
0.691
0.792
0.814
0.928
0.754
0.782
0.799
0.856
0.867
0.942
0.949
0.945
0.834
0.85
0.89
0.903
0.904
0.947
0.956
0.975
0.844
0.822
0.79
0.788
0.833
0.777
0.864
0.974
0.838
0.793
0.773
0.815
0.89
0.948
0.921
0.849
0.898
0.844
0.898
0.972
0.984
1.008
0.979
0.929
0.9
0.912
0.905
0.823
0.816
0.929
0.908
0.865
0.87
0.884
0.876
0.859
0.802
0.796
0.836
0.8
0.948
0.995
0.965
0.927
0.89
0.946
0.946
0.834
0.88
0.92
0.937
0.952
0.941
0.862
0.83
0.904
0.96
0.877
0.984
0.992
0.97
0.924
0.759
0.886
0.954
0.953
0.892
0.862
0.797
0.645
0.592
0.759
0.813
0.72
0.854
0.93
0.813
0.788
0.85
0.849
0.792
0.953
0.891
0.836
0.836
0.816
0.811
0.832
0.831
0.956
0.935
0.933
0.906
0.852
0.904
0.91
0.978
0.939
0.888
0.822
0.805
0.851
0.823
0.873
0.925
0.873
0.832
0.776
0.687
0.701
0.767
0.97
0.985
0.952
0.812
0.723
0.791
0.779
0.702
0.766
0.878
0.876
0.9
0.893
0.93
0.906
0.792
0.738
0.707
0.834
0.952
0.94
0.801
0.599
0.646
0.662
0.541
0.733
0.752
0.681
0.81
0.944
0.861
0.721
0.819
0.829
0.786
0.819
0.798
0.772
0.824
0.772
0.689
0.582
0.605
0.728
0.783
0.877
0.937
0.816
0.797
0.772
0.846
0.849
0.767
0.888
0.915
0.771
0.689
0.704
0.678
0.731
0.619
0.608
0.728
0.687
0.798
0.733
0.645
0.722
0.63
0.664
0.681
0.751
0.748
0.827
0.788
0.724
0.759
0.769
0.737
0.8
0.778
0.683
0.66
0.751
0.785
0.681
0.768
0.759
0.697
0.755
0.798
0.787
0.811
0.718
0.627
0.74
0.803
0.805
0.811
0.751
0.708
0.773
0.775
0.752
0.775
0.708
0.743
0.777
0.73
0.689
0.808
0.732
0.863
0.798
0.661
0.663
0.675
0.733
0.847
0.825
0.851
0.822
0.853
0.879
0.873
0.786
0.813
0.76
0.8
0.836
0.809
0.771
0.828
0.803
0.725
0.785
0.813
0.723
0.694
0.825
0.804
0.748
0.677
0.715
0.743
0.749
0.837
0.851
0.703
0.792
0.79
0.839
0.736
0.637
0.635
0.761
0.746
0.751
0.844
0.779
0.798
0.8
0.822
0.852
0.68
0.602
0.64
0.724
0.767
0.747
0.706
0.761
0.877
0.833
0.836
0.731
0.745
0.726
0.705
0.696
0.597
0.663
0.687
0.656
0.78
0.886
0.853
0.77
0.822
0.856
0.853
0.806
0.867
0.894
0.783
0.776
0.753
0.842
0.719
0.82
0.845
0.732
0.665
0.761
0.874
0.708
0.779
0.694
0.755
0.83
0.867
0.777
0.635
0.844
0.864
0.753
0.641
0.661
0.859
0.937
0.949
0.855
0.835
0.763
0.792
0.71
0.676
0.671
0.769
0.574
0.655
0.642
0.726
0.798
0.754
0.613
0.55
0.863
0.714
0.769
0.851
0.754
0.795
0.645
0.612
0.867
0.829
0.931
0.926
0.928
0.946
0.975
0.957
0.917
0.943
0.866
0.878
0.83
0.857
0.857
0.912
0.914
0.681
0.851
0.808
0.796
0.917
0.996
0.925
0.952
0.932
0.977
0.793
0.738
0.813
0.868
0.893
0.93
0.896
0.862
0.876
0.894
0.912
0.907
0.967
0.796
0.879
0.933
0.932
0.923
0.772
0.836
0.903
0.954
0.961
0.93
0.86
0.925
0.875
0.81
0.821
0.92
0.88
0.815
0.831
0.862
0.915
0.91
0.876
0.86
0.903
0.896
0.97
0.99
0.954
0.883
0.879
0.969
0.934
0.941
0.913
0.875
0.811
0.952
0.953
0.939
0.909
0.851
0.846
0.762
0.744
0.889
0.761
0.987
0.836
0.679
0.79
0.895
0.804
0.745
0.847
0.947
0.828
0.815
0.741
0.664
0.778
0.582
0.66
0.727
0.651
0.801
0.925
0.876
0.782
0.555
0.797
0.899
0.792
0.88
0.951
0.79
0.798
0.789
0.751
0.823
0.864
0.751
0.762
0.661
0.678
0.812
0.724
0.691
0.627
0.649
0.655
0.706
0.74
0.66
0.594
0.553
0.505
0.455
0.577
0.653
0.541
0.64
0.613
0.597
0.463
0.57
0.782
0.603
0.512
0.677
0.777
0.746
0.627
0.57
0.56
0.67
0.644
0.638
0.591
0.744
0.733
0.876
0.718
0.739
0.727
0.733
0.625
0.704
0.593
0.48
0.676
0.757
0.861
0.697
0.721
0.726
0.728
0.702
0.712
0.701
0.825
0.659
0.679
0.722
0.723
0.708
0.737
0.854
0.74
0.647
0.766
0.842
0.812
0.762
0.668
0.674
0.671
0.753
0.75
0.73
0.609
0.63
0.677
0.691
0.633
0.716
0.806
0.791
0.755
0.703
0.795
0.778
0.785
0.783
0.701
0.62
0.713
0.701
0.66
0.837
0.796
0.733
0.668
0.693
0.744
0.821
0.776
0.761
0.625
0.706
0.729
0.788
0.69
0.669
0.688
0.737
0.847
0.815
0.71
0.677
0.702
0.774
0.855
0.862
0.794
0.668
0.741
0.788
0.766
0.842
0.763
0.828
0.843
0.806
0.819
0.791
0.775
0.753
0.745
0.756
0.885
0.838
0.794
0.8
0.814
0.801
0.795
0.806
0.794
0.802
0.826
0.847
0.863
0.841
0.773
0.756
0.786
0.791
0.766
0.674
0.736
0.621
0.582
0.63
0.702
0.679
0.669
0.623
0.733
0.707
0.75
0.802
0.653
0.752
0.768
0.647
0.637
0.742
0.795
0.591
0.66
0.773
0.804
0.715
0.62
0.606
0.612
0.802
0.831
0.84
0.833
0.8
0.858
0.69
0.648
0.794
0.882
0.868
0.8
0.842
0.82
0.797
0.691
0.558
0.627
0.78
0.69
0.709
0.837
0.812
0.938
0.957
0.949
0.943
0.852
0.845
0.768
0.829
0.947
0.92
0.939
0.946
0.958
0.872
0.934
0.768
0.803
0.854
0.849
0.713
0.865
0.826
0.746
0.752
0.942
0.901
0.892
0.875
0.894
0.947
0.873
0.78
0.81
0.834
0.907
0.869
0.887
0.888
0.945
0.979
0.91
0.863
0.801
0.927
0.957
0.86
0.8
0.846
0.876
0.884
0.977
0.978
0.956
0.816
0.818
0.892
0.845
0.9
0.939
0.908
0.893
0.88
0.909
0.978
0.91
0.843
0.749
0.783
0.872
0.913
0.98
0.95
0.906
0.91
0.827
0.885
0.856
0.975
0.982
0.92
0.926
0.899
0.823
0.839
0.848
0.878
0.85
0.718
0.889
0.836
0.88
0.946
0.95
0.905
0.98
0.99
0.923
0.935
0.906
0.881
0.864
0.799
0.807
0.813
0.902
0.872
0.922
0.979
0.982
0.993
0.989
0.963
0.941
0.894
0.869
0.841
0.869
0.897
0.854
0.885
0.848
0.896
0.961
0.909
0.915
0.831
0.795
0.896
0.92
0.923
0.932
0.954
0.947
0.895
0.882
0.809
0.854
0.971
0.733
0.616
0.757
0.722
0.759
0.696
0.796
0.883
0.742
0.617
0.568
0.512
0.49
0.707
0.717
0.759
0.925
0.824
0.709
0.693
0.796
0.824
0.819
0.678
0.776
0.737
0.873
0.814
0.845
0.626
0.639
0.947
0.897
0.797
0.589
0.531
0.489
0.533
0.551
0.561
0.738
0.712
0.765
0.734
0.637
0.717
0.707
0.745
0.7
0.69
0.782
0.757
0.538
0.606
0.622
0.717
0.677
0.777
0.738
0.713
0.817
0.872
0.857
0.837
0.784
0.751
0.751
0.771
0.841
0.81
0.674
0.695
0.761
0.7
0.748
0.674
0.707
0.831
0.947
0.872
0.765
0.699
0.798
0.822
0.792
0.823
0.745
0.752
0.778
0.733
0.628
0.795
0.8
0.704
0.748
0.757
0.727
0.673
0.686
0.79
0.721
0.777
0.864
0.869
0.857
0.708
0.674
0.738
0.756
0.734
0.762
0.799
0.753
0.908
0.873
0.821
0.8
0.779
0.779
0.768
0.794
0.807
0.779
0.797
0.744
0.706
0.689
0.748
0.721
0.743
0.71
0.832
0.763
0.78
0.834
0.81
0.736
0.731
0.74
0.777
0.822
0.833
0.822
0.783
0.769
0.663
0.674
0.821
0.854
0.833
0.784
0.768
0.779
0.839
0.787
0.829
0.858
0.745
0.658
0.875
0.833
0.685
0.653
0.626
0.646
0.7
0.757
0.826
0.84
0.772
0.722
0.672
0.645
0.651
0.773
0.866
0.85
0.75
0.758
0.765
0.771
0.663
0.831
0.871
0.823
0.857
0.855
0.799
0.879
0.908
0.797
0.771
0.749
0.742
0.856
0.951
0.877
0.913
0.933
0.832
0.722
0.659
0.733
0.823
0.725
0.76
0.86
0.898
0.877
0.773
0.672
0.745
0.729
0.675
0.712
0.76
0.755
0.721
0.793
0.897
0.923
0.879
0.829
0.858
0.769
0.729
0.725
0.824
0.723
0.759
0.777
0.8
0.794
0.888
0.807
0.653
0.765
0.735
0.741
0.787
0.851
0.898
0.899
0.899
0.793
0.836
0.884
0.836
0.851
0.878
0.844
0.95
0.916
0.881
0.888
0.883
0.743
0.904
0.919
0.739
0.751
0.827
0.88
0.947
0.968
0.786
0.673
0.798
0.623
0.801
0.896
0.913
0.929
0.927
0.909
0.916
0.858
0.898
0.941
0.959
0.981
0.954
0.867
0.87
0.876
0.891
0.896
0.831
0.947
0.918
0.819
0.786
0.812
0.914
0.83
0.872
0.954
0.916
0.907
0.94
0.905
0.965
0.721
0.686
0.909
0.948
0.939
0.899
0.922
0.897
0.791
0.837
0.85
0.899
0.918
0.929
0.971
0.885
0.906
0.968
0.937
0.85
0.761
0.819
0.901
0.856
0.729
0.816
0.765
0.88
0.79
0.867
0.824
0.862
0.903
0.856
0.778
0.771
0.822
0.844
0.871
0.796
0.727
0.74
0.838
0.936
0.963
0.844
0.775
0.677
0.81
0.76
0.706
0.695
0.744
0.661
0.73
0.706
0.656
0.835
0.866
0.747
0.718
0.731
0.749
0.606
0.684
0.659
0.704
0.663
0.731
0.825
0.774
0.744
0.705
0.825
0.786
0.76
0.824
0.709
0.797
0.913
0.884
0.682
0.662
0.625
0.547
0.556
0.787
0.739
0.685
0.822
0.938
0.862
0.807
0.726
0.728
0.614
0.83
0.738
0.759
0.707
0.513
0.538
0.721
0.689
0.698
0.563
0.78
0.852
0.772
0.665
0.524
0.616
0.518
0.493
0.578
0.529
0.695
0.684
0.646
0.731
0.598
0.528
0.688
0.921
0.85
0.741
0.652
0.692
0.755
0.786
0.818
0.701
0.679
0.651
0.628
0.724
0.726
0.765
0.739
0.699
0.71
0.689
0.725
0.763
0.706
0.598
0.618
0.816
0.737
0.569
0.593
0.593
0.566
0.61
0.559
0.755
0.812
0.771
0.816
0.692
0.616
0.74
0.699
0.69
0.791
0.82
0.841
0.9
0.838
0.79
0.781
0.842
0.775
0.759
0.778
0.815
0.779
0.75
0.742
0.791
0.746
0.749
0.768
0.76
0.745
0.816
0.766
0.741
0.727
0.759
0.814
0.778
0.742
0.679
0.695
0.785
0.782
0.827
0.847
0.789
0.753
0.797
0.77
0.765
0.89
0.881
0.849
0.794
0.835
0.8
0.744
0.718
0.718
0.794
0.755
0.73
0.716
0.744
0.807
0.72
0.663
0.756
0.935
0.928
0.949
0.81
0.757
0.786
0.743
0.723
0.741
0.719
0.761
0.805
0.802
0.795
0.779
0.709
0.824
0.773
0.779
0.766
0.841
0.871
0.753
0.874
0.831
0.717
0.73
0.731
0.782
0.772
0.684
0.649
0.556
0.557
0.683
0.762
0.715
0.675
0.753
0.648
0.609
0.769
0.825
0.719
0.683
0.721
0.825
0.704
0.593
0.616
0.57
0.488
0.663
0.716
0.692
0.836
0.734
0.705
0.631
0.814
0.792
0.651
0.772
0.677
0.664
0.696
0.823
0.858
0.792
0.573
0.663
0.768
0.587
0.56
0.665
0.827
0.748
0.765
0.737
0.749
0.774
0.739
0.556
0.753
0.771
0.674
0.668
0.586
0.604
0.705
0.85
0.954
0.887
0.898
0.93
0.899
0.849
0.906
0.872
0.879
0.892
0.843
0.808
0.825
0.807
0.88
0.883
0.846
0.9
0.768
0.755
0.893
0.864
0.8
0.801
0.907
0.941
0.829
0.691
0.926
0.86
0.895
0.754
0.699
0.901
0.848
0.776
0.877
0.758
0.632
0.613
0.755
0.657
0.734
0.772
0.879
0.861
0.857
0.903
0.817
0.869
0.716
0.849
0.804
0.825
0.969
0.92
0.989
0.892
0.809
0.908
0.899
0.911
0.891
0.854
0.903
0.905
0.914
0.925
0.995
0.944
0.923
0.88
0.826
0.741
0.889
0.829
0.891
0.879
0.921
0.91
0.844
1.032
0.946
0.872
0.869
0.857
0.901
0.971
0.747
0.818
0.876
0.695
0.734
0.825
0.824
0.796
0.824
0.792
0.818
0.839
0.823
0.772
0.857
0.88
0.903
0.832
0.8
0.668
0.877
0.893
0.797
0.845
0.886
0.78
0.847
0.792
0.835
0.752
0.83
0.802
0.858
0.769
0.695
0.76
0.752
0.572
0.709
0.671
0.724
0.932
0.857
0.777
0.644
0.751
0.919
0.786
0.7
0.548
0.534
0.709
0.588
0.605
0.654
0.735
0.709
0.77
0.628
0.64
0.782
0.636
0.672
0.771
0.608
0.452
0.689
0.775
0.758
0.691
0.473
0.459
0.689
0.723
0.659
0.569
0.49
0.431
0.693
0.677
0.662
0.527
0.646
0.663
0.618
0.569
0.669
0.755
0.849
0.848
0.677
0.641
0.66
0.669
0.671
0.614
0.542
0.497
0.441
0.459
0.454
0.503
0.674
0.661
0.6
0.62
0.645
0.585
0.595
0.664
0.553
0.556
0.557
0.463
0.47
0.469
0.583
0.66
0.574
0.485
0.527
0.538
0.578
0.656
0.577
0.622
0.668
0.58
0.55
0.621
0.573
0.56
0.546
0.478
0.492
0.453
0.337
0.303
0.344
0.339
0.383
0.585
0.529
0.517
0.577
0.502
0.418
0.635
0.644
0.744
0.794
0.843
0.723
0.74
0.683
0.653
0.697
0.68
0.602
0.576
0.751
0.787
0.649
0.663
0.594
0.611
0.664
0.744
0.618
0.549
0.552
0.631
0.698
0.673
0.594
0.639
0.691
0.555
0.562
0.754
0.822
0.739
0.665
0.706
0.812
0.818
0.709
0.691
0.644
0.834
0.733
0.624
0.643
0.654
0.698
0.773
0.843
0.83
0.676
0.596
0.663
0.697
0.643
0.656
0.795
0.831
0.728
0.697
0.696
0.76
0.78
0.753
0.782
0.743
0.731
0.814
0.706
0.645
0.653
0.586
0.687
0.793
0.66
0.624
0.863
0.739
0.599
0.672
0.563
0.537
0.539
0.673
0.71
0.698
0.634
0.604
0.599
0.636
0.748
0.83
0.849
0.722
0.713
0.78
0.877
0.831
0.817
0.73
0.723
0.614
0.651
0.615
0.663
0.617
0.656
0.786
0.657
0.943
0.979
0.867
0.831
0.822
0.824
0.889
0.745
0.692
0.804
0.834
0.754
0.79
0.702
0.745
0.818
0.975
0.825
0.641
0.709
0.736
0.672
0.731
0.883
0.75
0.745
0.756
0.78
0.825
0.891
0.767
0.756
0.801
0.853
0.689
0.68
0.778
0.703
0.669
0.87
0.896
0.851
0.58
0.818
0.802
0.911
0.867
0.95
0.839
0.884
0.791
0.895
0.793
0.934
0.947
0.843
0.923
0.947
0.955
0.968
0.966
0.825
0.834
0.951
0.973
0.908
0.589
0.761
0.861
0.967
0.826
0.776
0.953
0.874
0.757
0.888
0.923
0.861
0.587
0.709
0.7
0.686
0.917
0.981
0.809
0.805
0.913
0.933
0.891
0.855
0.83
0.843
0.684
0.815
0.836
0.794
0.824
0.725
0.853
0.892
0.849
0.909
0.938
0.9
0.837
0.699
0.772
0.855
0.891
0.984
0.894
0.697
0.666
0.837
0.917
0.85
0.797
0.641
0.645
0.855
0.985
0.942
0.742
0.675
0.785
0.74
0.694
0.717
0.766
0.746
0.81
0.919
0.701
0.713
0.883
0.668
0.835
0.826
0.626
0.725
0.813
0.79
0.728
0.707
0.799
0.814
0.843
0.775
0.804
0.779
0.834
0.803
0.763
0.775
0.7
0.721
0.711
0.672
0.68
0.718
0.756
0.566
0.733
0.642
0.617
0.808
0.654
0.486
0.613
0.587
0.672
0.567
0.598
0.717
0.627
0.756
0.806
0.672
0.709
0.805
0.776
0.597
0.796
0.757
0.704
0.749
0.777
0.822
0.717
0.859
0.886
0.826
0.752
0.668
0.561
0.478
0.621
0.726
0.73
0.515
0.744
0.742
0.784
0.809
0.72
0.633
0.735
0.807
0.778
0.73
0.743
0.81
0.78
0.762
0.749
0.65
0.579
0.677
0.803
0.705
0.809
0.885
0.835
0.813
0.746
0.679
0.747
0.824
0.836
0.847
0.772
0.708
0.667
0.671
0.681
0.643
0.755
0.733
0.688
0.695
0.733
0.756
0.756
0.797
0.775
0.702
0.681
0.735
0.797
0.733
0.776
0.738
0.672
0.639
0.625
0.664
0.67
0.749
0.842
0.85
0.808
0.776
0.736
0.714
0.751
0.869
0.815
0.724
0.813
0.845
0.764
0.747
0.865
0.88
0.843
0.83
0.759
0.696
0.712
0.715
0.724
0.742
0.796
0.757
0.808
0.799
0.739
0.746
0.798
0.856
0.859
0.847
0.859
0.812
0.774
0.76
0.752
0.789
0.882
0.807
0.759
0.846
0.757
0.688
0.696
0.773
0.784
0.794
0.822
0.787
0.844
0.813
0.771
0.861
0.948
0.87
0.896
0.83
0.745
0.793
0.814
0.793
0.85
0.827
0.697
0.682
0.709
0.662
0.67
0.716
0.705
0.818
0.858
0.758
0.637
0.714
0.771
0.666
0.686
0.568
0.724
0.723
0.65
0.56
0.524
0.625
0.698
0.903
0.821
0.906
0.874
0.89
0.75
0.669
0.739
0.684
0.64
0.633
0.593
0.509
0.542
0.804
0.702
0.72
0.643
0.607
0.642
0.781
0.855
0.952
0.839
0.73
0.69
0.728
0.731
0.8
0.957
0.92
0.699
0.649
0.689
0.867
0.605
0.61
0.65
0.628
0.701
0.857
0.769
0.913
0.626
0.74
0.81
0.804
0.764
0.77
0.778
0.869
0.654
0.643
0.699
0.729
0.828
0.734
0.742
0.846
0.84
0.844
0.849
0.828
0.872
0.883
0.813
0.842
0.851
0.821
0.904
0.903
0.956
0.943
0.96
0.993
1.006
0.936
0.936
0.903
0.958
0.923
0.873
0.896
0.911
0.875
0.955
0.875
0.795
0.826
0.879
0.865
0.965
1.005
0.965
0.785
0.937
0.985
0.953
0.912
0.869
0.886
0.707
0.691
0.727
0.834
0.873
0.872
0.918
0.974
0.921
0.917
0.896
0.865
0.871
0.879
0.886
0.709
0.68
0.737
0.747
0.908
0.951
0.953
0.736
0.728
0.751
0.618
0.526
0.801
0.94
0.874
0.712
0.724
0.841
0.81
0.697
0.754
0.749
0.631
0.823
0.829
0.741
0.855
0.976
0.958
0.973
0.914
0.928
0.831
0.766
0.868
0.776
0.734
0.786
0.693
0.712
0.717
0.808
0.535
0.593
0.739
0.585
0.504
0.742
0.929
0.921
0.844
0.733
0.841
0.794
0.772
0.657
0.691
0.589
0.506
0.865
0.792
0.64
0.681
0.792
0.842
0.689
0.756
0.574
0.475
0.787
0.846
0.596
0.511
0.514
0.601
0.593
0.513
0.5
0.756
0.627
0.623
0.609
0.669
0.945
0.854
0.707
0.703
0.635
0.666
0.821
0.689
0.768
0.924
0.754
0.829
0.788
0.799
0.727
0.735
0.753
0.846
0.739
0.63
0.674
0.765
0.936
0.821
0.711
0.846
0.655
0.579
0.66
0.841
0.759
0.796
0.638
0.767
0.705
0.797
0.766
0.773
0.699
0.635
0.678
0.716
0.661
0.571
0.683
0.778
0.762
0.766
0.788
0.698
0.812
0.8
0.669
0.713
0.754
0.782
0.822
0.811
0.727
0.709
0.699
0.786
0.763
0.74
0.624
0.721
0.782
0.765
0.877
0.942
0.839
0.917
0.823
0.798
0.774
0.785
0.779
0.82
0.838
0.896
0.854
0.73
0.684
0.704
0.758
0.759
0.714
0.782
0.749
0.653
0.671
0.716
0.885
0.862
0.78
0.778
0.697
0.722
0.736
0.779
0.825
0.801
0.745
0.755
0.818
0.767
0.802
0.83
0.917
0.916
0.923
0.903
0.88
0.816
0.779
0.816
0.848
0.818
0.76
0.753
0.76
0.78
0.748
0.776
0.813
0.77
0.786
0.846
0.889
0.786
0.8
0.792
0.773
0.877
0.823
0.807
0.682
0.667
0.844
0.816
0.748
0.817
0.811
0.765
0.743
0.792
0.667
0.637
0.797
0.833
0.703
0.719
0.691
0.794
0.753
0.732
0.803
0.922
0.947
0.931
0.817
0.865
0.81
0.751
0.73
0.661
0.712
0.865
0.725
0.693
0.75
0.86
0.754
0.752
0.776
0.673
0.643
0.692
0.65
0.673
0.631
0.578
0.669
0.696
0.686
0.961
0.803
0.758
0.674
0.692
0.82
0.727
0.692
0.696
0.678
0.82
0.851
0.751
0.696
0.711
0.66
0.752
0.92
0.814
0.651
0.795
0.744
0.878
0.922
0.706
0.706
0.691
0.757
0.896
0.834
0.748
0.828
0.845
0.796
0.869
0.855
0.736
0.834
0.893
0.658
0.895
0.899
0.855
0.966
0.862
0.788
0.923
0.959
0.924
0.88
0.899
0.855
0.855
0.929
0.98
0.967
0.804
0.896
0.913
0.891
0.884
0.905
0.941
0.872
0.899
0.95
0.916
0.958
0.978
0.89
0.951
0.978
0.991
0.952
0.915
0.895
0.948
0.846
0.731
0.876
0.76
0.651
0.844
0.941
0.939
0.888
0.945
0.863
0.897
0.845
0.885
0.82
0.952
0.944
0.938
0.888
0.916
0.835
0.577
0.637
0.787
0.982
0.847
0.774
0.896
0.955
0.969
0.908
0.87
0.844
0.66
0.718
0.716
0.599
0.83
0.865
0.81
0.939
0.942
0.826
0.818
0.854
0.779
0.603
0.681
0.835
0.698
0.641
0.79
0.822
0.733
0.574
0.553
0.954
0.869
0.754
0.705
0.82
0.833
0.836
0.756
0.742
0.894
0.791
0.738
0.579
0.648
0.82
0.633
0.597
0.571
0.835
0.667
0.656
0.69
0.792
0.822
0.709
0.705
0.892
0.969
0.858
0.745
0.72
0.711
0.913
0.937
0.934
0.853
0.694
0.835
0.665
0.649
0.671
0.733
0.742
0.736
0.774
0.764
0.741
0.779
0.868
0.849
0.784
0.749
0.784
0.705
0.615
0.691
0.68
0.665
0.593
0.561
0.721
0.826
0.79
0.8
0.653
0.627
0.6
0.692
0.743
0.754
0.776
0.75
0.689
0.727
0.755
0.746
0.782
0.733
0.729
0.721
0.683
0.573
0.517
0.527
0.539
0.758
0.719
0.677
0.646
0.692
0.724
0.682
0.674
0.695
0.601
0.581
0.781
0.767
0.745
0.694
0.615
0.662
0.698
0.78
0.739
0.819
0.778
0.693
0.762
0.785
0.692
0.725
0.748
0.677
0.673
0.657
0.762
0.838
0.751
0.666
0.636
0.692
0.727
0.669
0.702
0.76
0.706
0.746
0.715
0.721
0.698
0.638
0.619
0.774
0.766
0.695
0.708
0.579
0.685
0.748
0.689
0.625
0.648
0.791
0.861
0.706
0.596
0.627
0.572
0.577
0.63
0.677
0.72
0.801
0.842
0.804
0.747
0.727
0.752
0.808
0.797
0.699
0.681
0.652
0.628
0.633
0.7
0.656
0.645
0.712
0.745
0.634
0.603
0.556
0.602
0.63
0.764
0.721
0.731
0.738
0.759
0.612
0.61
0.622
0.595
0.604
0.581
0.492
0.654
0.71
0.625
0.665
0.651
0.554
0.548
0.56
0.552
0.612
0.527
0.54
0.666
0.736
0.637
0.69
0.6
0.583
0.667
0.682
0.749
0.665
0.751
0.718
0.575
0.51
0.555
0.796
0.59
0.588
0.559
0.652
0.747
0.765
0.792
0.846
0.897
0.702
0.598
0.861
0.779
0.754
0.618
0.555
0.547
0.653
0.755
0.672
0.662
0.73
0.81
0.842
0.866
0.807
0.91
0.879
0.777
0.829
0.895
0.941
0.879
0.843
0.838
0.762
0.794
0.811
0.798
0.934
0.83
0.832
0.806
0.753
0.909
0.846
0.762
0.766
0.871
0.91
0.929
0.834
0.886
0.831
0.906
0.807
0.667
0.665
0.796
0.732
0.668
0.758
0.875
0.9
0.967
0.82
0.903
0.857
0.898
0.889
0.971
0.935
0.91
0.912
0.923
0.969
0.946
0.909
0.902
0.903
0.873
0.9
0.928
0.826
0.759
0.924
0.947
0.826
0.857
0.873
0.744
0.806
0.869
0.963
0.959
0.934
0.865
0.856
0.854
0.888
0.921
0.932
0.94
0.944
0.892
0.848
0.917
0.912
0.747
0.778
0.881
0.872
0.715
0.765
0.848
0.695
0.941
0.952
0.984
0.953
0.937
0.978
0.991
0.909
0.835
0.881
0.905
0.899
0.92
0.825
0.847
0.879
0.71
0.766
0.786
0.866
0.86
0.851
0.917
0.914
0.922
0.736
0.87
0.764
0.678
0.625
0.622
0.584
0.595
0.786
0.746
0.775
0.69
0.728
0.893
0.763
0.719
0.673
0.8
0.824
0.671
0.553
0.793
0.729
0.789
0.693
0.689
0.764
0.648
0.497
0.521
0.598
0.611
0.697
0.718
0.759
0.6
0.768
0.755
0.838
0.893
0.954
0.902
0.709
0.794
0.784
0.774
0.831
0.902
0.839
0.767
0.608
0.616
0.832
0.734
0.773
0.751
0.785
0.733
0.723
0.57
0.755
0.909
0.728
0.623
0.563
0.661
0.672
0.675
0.592
0.654
0.756
0.76
0.676
0.555
0.523
0.688
0.851
0.734
0.717
0.602
0.56
0.59
0.889
0.878
0.741
0.684
0.679
0.829
0.865
0.805
0.697
0.736
0.677
0.626
0.601
0.595
0.514
0.603
0.674
0.665
0.766
0.829
0.821
0.771
0.753
0.669
0.729
0.797
0.712
0.739
0.748
0.637
0.662
0.69
0.776
0.834
0.826
0.77
0.785
0.71
0.664
0.728
0.82
0.786
0.807
0.79
0.897
0.805
0.858
0.821
0.808
0.806
0.767
0.827
0.812
0.76
0.893
0.875
0.816
0.887
0.837
0.721
0.826
0.827
0.918
0.798
0.793
0.8
0.744
0.722
0.681
0.779
0.863
0.849
0.857
0.819
0.747
0.791
0.782
0.824
0.816
0.684
0.721
0.765
0.672
0.691
0.736
0.819
0.814
0.83
0.836
0.896
0.937
0.817
0.812
0.801
0.761
0.777
0.851
0.835
0.827
0.872
0.824
0.835
0.843
0.832
0.744
0.667
0.718
0.782
0.789
0.773
0.814
0.856
0.756
0.705
0.855
0.869
0.771
0.729
0.729
0.869
0.858
0.788
0.771
0.67
0.664
0.763
0.764
0.703
0.713
0.727
0.692
0.721
0.761
0.76
0.85
0.751
0.67
0.764
0.875
0.871
0.688
0.705
0.725
0.682
0.761
0.702
0.738
0.85
0.694
0.761
0.685
0.726
0.816
0.792
0.771
0.888
0.953
0.797
0.785
0.746
0.769
0.736
0.706
0.722
0.786
0.954
0.997
0.807
0.68
0.676
0.671
0.815
0.863
0.774
0.786
0.864
0.977
0.929
0.914
0.936
0.903
0.811
0.809
0.746
0.844
0.826
0.832
0.797
0.793
0.792
0.769
0.804
0.876
0.818
0.903
0.964
0.949
0.933
0.907
0.828
0.877
0.869
0.835
0.853
0.856
0.711
0.826
0.837
0.69
0.644
0.617
0.661
0.802
0.963
0.993
0.98
0.8
0.84
0.921
0.955
0.911
0.835
0.845
0.867
0.818
0.876
0.92
0.94
0.968
0.878
0.863
0.837
0.927
0.803
0.783
0.843
0.954
0.976
0.935
0.927
0.859
0.791
0.837
0.896
0.755
0.629
0.713
0.788
0.698
0.722
0.763
0.684
0.775
0.848
0.809
0.881
0.845
0.863
0.968
0.935
0.912
0.868
0.92
0.865
0.693
0.785
0.871
0.956
0.954
0.864
0.831
0.816
0.864
0.825
0.839
0.924
0.973
0.914
0.962
0.97
0.957
0.927
0.953
0.916
0.884
0.865
0.824
0.782
0.694
0.729
0.782
0.889
0.632
0.801
0.882
0.953
0.878
0.957
0.972
0.919
0.863
0.819
0.839
0.835
0.832
0.896
0.987
0.94
0.834
0.788
0.846
0.838
0.729
0.731
0.896
0.851
0.747
0.8
0.676
0.761
0.804
0.814
0.837
0.713
0.773
0.838
0.803
0.63
0.535
0.716
0.922
0.838
0.726
0.656
0.65
0.799
0.636
0.791
0.656
0.774
0.772
0.749
0.566
0.63
0.577
0.508
0.534
0.641
0.698
0.698
0.771
0.734
0.686
0.681
0.768
0.627
0.626
0.622
0.761
0.883
0.811
0.715
0.738
0.79
0.788
0.683
0.858
0.73
0.688
0.772
0.839
0.877
0.716
0.802
0.867
0.814
0.816
0.765
0.754
0.806
0.797
0.785
0.725
0.697
0.676
0.695
0.73
0.849
0.789
0.748
0.711
0.756
0.777
0.762
0.776
0.768
0.773
0.845
0.851
0.728
0.743
0.704
0.781
0.754
0.768
0.736
0.808
0.775
0.799
0.727
0.772
0.781
0.686
0.692
0.784
0.823
0.784
0.735
0.673
0.653
0.685
0.787
0.783
0.792
0.755
0.834
0.798
0.746
0.773
0.829
0.781
0.791
0.673
0.702
0.749
0.685
0.712
0.788
0.812
0.722
0.734
0.702
0.717
0.792
0.8
0.758
0.71
0.839
0.759
0.678
0.688
0.794
0.713
0.634
0.699
0.722
0.787
0.765
0.78
0.851
0.785
0.873
0.802
0.738
0.79
0.796
0.66
0.727
0.778
0.653
0.681
0.679
0.777
0.858
0.802
0.777
0.711
0.799
0.715
0.845
0.774
0.832
0.735
0.792
0.896
0.86
0.805
0.788
0.706
0.662
0.723
0.648
0.761
0.655
0.598
0.683
0.676
0.809
0.72
0.637
0.721
0.703
0.628
0.608
0.757
0.927
0.816
0.805
0.923
0.817
0.666
0.673
0.676
0.667
0.617
0.728
0.724
0.658
0.743
0.843
0.746
0.664
0.783
0.823
0.866
0.772
0.721
0.681
0.646
0.682
0.755
0.782
0.92
0.972
0.897
0.766
0.917
0.834
0.864
0.659
0.668
0.669
0.637
0.7
0.852
0.839
0.907
0.75
0.814
0.748
0.771
0.846
0.915
0.958
0.926
0.91
0.821
0.771
0.803
0.918
0.694
0.677
0.662
0.863
0.909
0.909
0.876
0.906
0.892
0.858
0.869
0.868
0.806
0.782
0.842
0.736
0.719
0.762
0.835
0.771
0.938
0.889
0.936
0.931
0.92
0.832
0.925
0.938
0.891
0.873
0.869
0.911
0.964
1.001
0.888
0.755
0.794
0.877
0.744
0.741
0.853
0.898
0.934
0.994
0.991
0.987
0.904
1.029
0.998
0.904
0.88
0.729
0.748
0.843
0.836
0.888
0.866
0.941
0.858
0.873
0.843
0.839
0.932
1.015
0.953
0.963
0.914
0.949
0.841
0.724
0.793
0.817
0.918
0.819
0.972
0.933
0.887
0.877
0.814
0.762
0.836
0.892
0.894
0.941
0.904
0.873
0.919
0.75
0.735
0.881
0.716
0.758
0.842
0.848
0.848
0.662
0.573
0.847
0.804
0.756
0.932
0.847
0.71
0.731
0.744
0.702
0.882
0.75
0.791
0.765
0.686
0.631
0.544
0.701
0.652
0.688
0.901
0.701
0.659
0.669
0.829
0.691
0.96
0.819
0.791
0.634
0.754
0.687
0.669
0.641
0.546
0.517
0.497
0.444
0.555
0.601
0.618
0.78
0.803
0.854
0.862
0.858
0.663
0.564
0.781
0.742
0.729
0.749
0.747
0.726
0.619
0.722
0.79
0.616
0.599
0.821
0.822
0.752
0.712
0.716
0.664
0.514
0.471
0.551
0.608
0.713
0.795
0.655
0.591
0.604
0.63
0.72
0.739
0.585
0.617
0.592
0.505
0.674
0.675
0.712
0.613
0.567
0.615
0.668
0.741
0.688
0.647
0.613
0.604
0.613
0.622
0.676
0.714
0.634
0.731
0.884
0.928
0.824
0.826
0.724
0.798
0.816
0.756
0.748
0.822
0.823
0.752
0.732
0.692
0.734
0.806
0.749
0.656
0.75
0.747
0.836
0.811
0.763
0.734
0.747
0.67
0.697
0.724
0.789
0.857
0.817
0.788
0.765
0.725
0.747
0.715
0.74
0.75
0.73
0.738
0.719
0.84
0.777
0.615
0.639
0.669
0.745
0.733
0.865
0.841
0.863
0.81
0.721
0.707
0.748
0.771
0.759
0.79
0.837
0.77
0.708
0.756
0.759
0.711
0.756
0.802
0.743
0.665
0.758
0.731
0.626
0.602
0.61
0.686
0.7
0.677
0.675
0.655
0.675
0.685
0.593
0.605
0.642
0.56
0.6
0.687
0.678
0.584
0.517
0.533
0.621
0.691
0.828
0.843
0.729
0.877
0.793
0.777
0.662
0.812
0.736
0.693
0.752
0.699
0.588
0.606
0.634
0.722
0.644
0.619
0.662
0.645
0.736
0.809
0.766
0.615
0.498
0.84
0.841
0.7
0.599
0.682
0.717
0.72
0.709
0.632
0.643
0.614
0.638
0.756
0.962
0.77
0.647
0.83
0.937
0.888
0.69
0.649
0.903
0.827
0.77
0.716
0.734
0.823
0.878
0.845
0.856
0.829
0.744
0.755
0.646
0.649
0.669
0.711
0.761
0.658
0.855
0.846
0.707
0.755
0.705
0.679
0.662
0.834
0.929
0.932
0.934
0.836
0.9
0.948
0.891
0.749
0.839
0.893
0.952
0.946
0.965
0.92
0.878
0.771
0.696
0.687
0.841
0.914
0.881
0.892
0.84
0.891
0.835
0.723
0.728
0.959
0.735
0.804
0.716
0.787
0.926
0.938
0.901
0.933
0.915
0.976
0.987
0.98
0.935
1.004
0.919
0.943
0.946
0.967
0.988
0.916
0.86
0.871
0.907
0.913
0.938
0.94
0.908
0.942
0.876
0.965
0.972
0.875
0.791
0.895
0.688
0.755
0.839
0.849
0.896
0.939
0.815
0.721
0.816
0.819
0.967
0.886
0.826
0.801
0.78
0.871
0.885
0.787
0.846
0.814
0.789
0.906
0.965
0.953
0.802
0.564
0.577
0.668
0.904
0.96
1.022
0.884
0.656
0.672
0.79
0.712
0.581
0.58
0.637
0.642
0.729
0.796
0.815
0.622
0.824
0.778
0.726
0.652
0.567
0.485
0.704
0.868
0.837
0.843
0.773
0.758
0.719
0.718
0.819
0.498
0.674
0.704
0.891
0.939
0.817
0.888
0.805
0.878
0.779
0.587
0.641
0.751
0.898
0.828
0.813
0.912
0.852
0.676
0.709
0.72
0.651
0.685
0.796
0.636
0.761
0.793
0.756
0.588
0.627
0.869
0.703
0.544
0.631
0.866
0.848
0.876
0.781
0.746
0.799
0.724
0.58
0.8
0.875
0.794
0.726
0.704
0.663
0.686
0.853
0.925
0.794
0.739
0.848
0.879
0.817
0.667
0.759
0.875
0.815
0.837
0.766
0.729
0.727
0.855
0.821
0.846
0.82
0.759
0.637
0.667
0.629
0.606
0.592
0.563
0.663
0.668
0.754
0.764
0.758
0.768
0.819
0.833
0.813
0.795
0.778
0.796
0.773
0.688
0.627
0.741
0.808
0.826
0.784
0.734
0.703
0.762
0.738
0.686
0.725
0.758
0.766
0.686
0.79
0.808
0.787
0.802
0.849
0.793
0.822
0.762
0.782
0.833
0.777
0.819
0.807
0.736
0.716
0.709
0.799
0.832
0.789
0.864
0.793
0.842
0.891
0.895
0.828
0.8
0.862
0.776
0.801
0.791
0.786
0.778
0.86
0.848
0.777
0.732
0.749
0.726
0.811
0.772
0.748
0.768
0.836
0.807
0.804
0.819
0.789
0.676
0.665
0.72
0.646
0.654
0.798
0.916
0.763
0.674
0.594
0.763
0.822
0.778
0.742
0.733
0.805
0.669
0.655
0.871
0.875
0.86
0.636
0.611
0.653
0.674
0.677
0.652
0.678
0.625
0.729
0.69
0.757
0.864
0.944
0.925
0.805
0.76
0.683
0.656
0.619
0.663
0.614
0.772
0.694
0.629
0.614
0.588
0.607
0.816
0.79
0.729
0.634
0.691
0.662
0.71
0.841
0.826
0.775
0.773
0.897
0.882
0.939
0.859
0.679
0.625
0.724
0.836
0.739
0.621
0.768
0.943
0.766
0.831
0.826
0.839
0.88
0.874
0.92
0.884
0.901
0.878
0.838
0.837
0.759
0.833
0.878
0.923
0.87
0.739
0.774
0.859
0.842
0.857
0.891
0.829
0.631
0.671
0.69
0.855
0.784
0.783
0.796
0.896
0.986
0.993
0.967
0.937
0.967
0.951
0.926
0.899
0.966
0.949
0.933
0.934
0.898
0.879
0.923
0.957
0.979
0.965
0.986
0.982
0.896
0.921
0.91
0.881
0.886
0.94
0.945
0.852
0.853
0.929
0.998
1.027
0.943
1.082
1.007
0.967
1.041
0.841
0.927
0.981
0.967
0.978
0.847
0.843
0.935
0.871
0.873
0.863
0.805
0.837
0.82
0.76
0.682
0.824
0.899
0.948
0.995
0.979
0.966
0.934
0.798
0.854
0.922
0.878
0.86
0.939
0.88
0.891
0.933
0.98
0.958
1.001
0.844
0.745
0.806
1.023
0.956
0.735
0.793
0.804
0.707
0.779
0.896
0.965
0.854
0.72
0.725
0.738
0.745
0.749
0.679
0.752
0.869
0.802
0.777
0.77
0.866
0.93
0.883
0.894
0.917
0.781
0.855
0.632
0.64
0.834
0.853
0.771
0.855
0.815
0.728
0.706
0.923
0.755
0.669
0.704
0.66
0.7
0.768
0.609
0.681
0.911
0.83
0.921
0.87
0.728
0.543
0.598
0.709
0.764
0.774
0.967
0.81
0.811
0.847
0.712
0.663
0.921
0.927
0.807
0.634
0.621
0.887
0.864
0.862
0.8
0.951
0.909
0.799
0.947
0.71
0.6
0.593
0.779
0.92
0.92
0.849
0.733
0.793
0.823
0.685
0.725
0.844
0.69
0.732
0.904
0.868
0.766
0.647
0.589
0.618
0.818
0.813
0.759
0.754
0.816
0.853
0.85
0.895
0.794
0.752
0.798
0.82
0.764
0.671
0.689
0.806
0.875
0.795
0.818
0.798
0.804
0.748
0.795
0.819
0.661
0.714
0.75
0.781
0.783
0.706
0.704
0.758
0.644
0.638
0.663
0.727
0.768
0.752
0.664
0.592
0.694
0.752
0.787
0.745
0.822
0.8
0.774
0.864
0.727
0.66
0.774
0.775
0.783
0.795
0.753
0.695
0.725
0.798
0.815
0.783
0.786
0.747
0.749
0.745
0.776
0.771
0.782
0.807
0.779
0.687
0.71
0.749
0.788
0.737
0.82
0.813
0.715
0.729
0.729
0.783
0.792
0.763
0.805
0.728
0.743
0.756
0.749
0.832
0.742
0.733
0.716
0.7
0.706
0.691
0.733
0.757
0.9
0.929
0.848
0.783
0.799
0.729
0.787
0.842
0.937
0.925
0.879
0.842
0.739
0.728
0.665
0.814
0.836
0.814
0.795
0.722
0.782
0.878
0.893
0.715
0.738
0.712
0.837
0.737
0.682
0.666
0.664
0.716
0.847
0.936
0.844
0.719
0.711
0.723
0.732
0.74
0.739
0.718
0.877
0.741
0.838
0.843
0.883
0.881
0.821
0.718
0.796
0.855
0.785
0.814
0.863
0.662
0.678
0.657
0.744
0.727
0.704
0.855
0.969
0.857
0.771
0.764
0.857
0.797
0.754
0.741
0.75
0.745
0.765
0.86
0.756
0.692
0.746
0.761
0.782
0.854
0.915
0.88
0.762
0.845
0.812
0.887
0.951
0.751
0.816
0.872
0.783
0.866
0.878
0.922
0.864
0.81
0.927
0.972
0.91
0.84
0.821
0.915
0.95
0.861
0.687
0.797
0.85
0.887
0.97
0.948
0.705
0.877
0.936
0.95
0.964
0.95
0.926
0.936
1.014
0.985
0.994
0.985
0.684
0.699
0.786
0.898
0.901
0.824
0.802
0.842
0.87
0.902
0.936
0.764
0.801
0.917
0.978
0.94
0.964
0.92
0.942
0.953
0.841
0.956
0.921
0.878
0.94
0.933
0.973
0.942
0.91
0.994
0.945
0.924
0.911
0.898
0.817
0.835
0.88
0.9
0.811
0.931
0.875
0.864
0.845
0.808
0.927
0.896
0.998
0.929
0.905
0.855
0.774
0.872
0.968
0.872
0.993
0.942
0.832
0.866
0.868
0.857
0.707
0.851
0.836
0.813
0.768
0.625
0.685
0.937
0.646
0.59
0.675
0.827
0.744
0.661
0.743
0.821
0.816
0.668
0.904
0.869
0.752
0.649
0.98
0.936
0.768
0.604
0.437
0.609
0.735
0.754
0.818
0.703
0.709
0.541
0.539
0.686
0.924
0.923
0.706
0.49
0.693
0.842
0.747
0.582
0.505
0.553
0.72
0.777
0.716
0.68
0.599
0.644
0.827
0.569
0.532
0.814
0.779
0.964
0.819
0.769
0.808
0.634
0.717
0.894
0.787
0.731
0.795
0.689
0.749
0.719
0.742
0.722
0.811
0.824
0.76
0.665
0.645
0.63
0.631
0.899
0.791
0.703
0.73
0.855
0.868
0.905
0.955
0.956
0.91
0.749
0.678
0.694
0.694
0.746
0.706
0.584
0.602
0.759
0.766
0.692
0.646
0.752
0.847
0.86
0.784
0.735
0.776
0.748
0.614
0.684
0.777
0.77
0.686
0.636
0.716
0.755
0.817
0.802
0.833
0.805
0.702
0.712
0.755
0.802
0.851
0.731
0.689
0.726
0.724
0.733
0.803
0.809
0.826
0.832
0.709
0.682
0.78
0.902
0.865
0.854
0.774
0.8
0.804
0.774
0.721
0.69
0.664
0.763
0.816
0.812
0.774
0.699
0.64
0.686
0.688
0.726
0.812
0.89
0.921
0.913
0.759
0.842
0.9
0.872
0.887
0.718
0.849
0.871
0.848
0.774
0.852
0.879
0.848
0.811
0.835
0.814
0.785
0.834
0.839
0.768
0.791
0.707
0.715
0.77
0.814
0.853
0.866
0.875
0.848
0.82
0.806
0.768
0.816
0.75
0.831
0.766
0.737
0.896
0.74
0.694
0.82
0.744
0.798
0.795
0.738
0.775
0.759
0.793
0.745
0.683
0.714
0.73
0.695
0.719
0.67
0.649
0.681
0.786
0.725
0.703
0.766
0.788
0.647
0.712
0.729
0.647
0.622
0.725
0.628
0.696
0.639
0.663
0.891
0.882
0.889
0.757
0.772
0.745
0.788
0.772
0.89
0.761
0.764
0.751
0.776
0.893
0.827
0.849
0.839
0.684
0.682
0.634
0.875
0.899
0.852
0.828
0.919
0.876
0.88
0.91
0.936
0.795
0.688
0.792
0.89
0.842
0.904
0.977
0.964
0.813
0.724
0.861
0.924
0.808
0.825
0.912
0.904
0.899
0.952
0.923
0.907
0.898
0.951
0.919
0.836
0.869
0.814
0.93
0.908
0.806
0.93
0.958
0.956
0.98
0.915
0.869
0.718
0.769
0.863
0.688
0.777
0.894
0.929
0.989
0.987
0.963
1.002
0.972
0.95
0.835
0.666
0.798
0.909
0.823
0.918
0.926
0.937
0.91
0.847
0.848
0.784
0.921
0.968
0.975
0.907
0.894
0.944
0.896
0.913
0.935
0.884
0.747
0.722
0.834
0.795
0.745
0.806
0.892
0.884
0.75
0.689
0.849
0.943
0.801
0.784
0.793
0.853
0.981
0.992
0.968
0.936
0.911
0.8
0.886
0.836
0.866
0.816
0.902
0.787
0.838
0.823
0.922
0.902
0.835
0.748
0.733
0.934
0.978
0.686
0.614
0.642
0.741
0.777
0.684
0.654
0.839
0.974
0.98
0.974
0.937
0.839
0.777
0.716
0.598
0.852
0.766
0.727
0.796
0.722
0.721
0.768
0.806
0.736
0.855
0.687
0.56
0.504
0.879
0.982
0.745
0.56
0.541
0.488
0.837
0.839
0.882
0.832
0.655
0.743
0.797
0.567
0.667
0.571
0.547
0.594
0.889
0.78
0.741
0.72
0.926
0.924
0.906
0.892
0.894
0.753
0.719
0.763
0.916
0.793
0.857
0.908
0.892
0.807
0.716
0.627
0.655
0.599
0.477
0.548
0.608
0.623
0.683
0.689
0.782
0.871
0.734
0.561
0.588
0.666
0.607
0.765
0.714
0.725
0.726
0.646
0.664
0.601
0.627
0.564
0.737
0.881
0.915
0.85
0.741
0.804
0.783
0.825
0.821
0.72
0.697
0.749
0.691
0.733
0.721
0.693
0.685
0.771
0.731
0.757
0.716
0.811
0.761
0.65
0.699
0.755
0.805
0.77
0.792
0.81
0.743
0.684
0.637
0.638
0.671
0.648
0.783
0.845
0.827
0.718
0.75
0.807
0.801
0.871
0.784
0.745
0.657
0.662
0.751
0.835
0.804
0.7
0.722
0.66
0.657
0.725
0.852
0.885
0.873
0.791
0.752
0.79
0.838
0.772
0.813
0.796
0.804
0.823
0.797
0.802
0.822
0.728
0.715
0.824
0.826
0.819
0.885
0.873
0.794
0.758
0.747
0.853
0.849
0.772
0.733
0.777
0.746
0.721
0.715
0.798
0.844
0.704
0.715
0.684
0.761
0.787
0.763
0.659
0.791
0.879
0.857
0.736
0.7
0.747
0.753
0.751
0.618
0.675
0.754
0.766
0.816
0.781
0.594
0.622
0.688
0.637
0.847
0.823
0.83
0.814
0.888
0.852
0.785
0.68
0.717
0.692
0.714
0.731
0.696
0.688
0.721
0.813
0.81
0.722
0.746
0.672
0.718
0.707
0.682
0.571
0.638
0.847
0.745
0.825
0.783
0.737
0.764
0.738
0.718
0.639
0.627
0.689
0.681
0.733
0.915
0.713
0.722
0.755
0.779
0.82
0.787
0.837
0.755
0.812
0.762
0.702
0.705
0.745
0.766
0.627
0.872
0.794
0.767
0.823
0.871
0.879
0.735
0.879
0.915
0.877
0.897
0.891
0.75
0.778
0.789
0.846
0.722
0.625
0.851
0.8
0.84
0.837
0.809
0.854
0.887
0.954
0.863
0.589
0.628
0.69
0.678
0.795
0.902
0.963
0.734
0.709
0.652
0.764
0.931
0.867
0.849
1.003
0.958
0.966
0.905
0.922
0.856
0.961
0.939
0.871
0.886
0.996
0.983
0.958
0.895
0.892
0.948
1.006
0.947
0.943
0.949
0.924
0.926
0.971
0.894
0.904
0.952
0.868
0.993
0.911
0.882
0.865
0.867
0.928
0.968
0.932
0.81
0.799
0.916
0.637
0.67
0.636
0.675
0.919
0.77
0.687
0.629
0.627
0.63
0.684
0.841
0.907
0.877
0.895
0.963
0.88
0.824
0.934
0.791
0.774
0.911
0.755
0.785
0.915
0.842
0.808
0.793
0.777
0.836
0.834
0.835
0.906
0.888
0.822
0.694
0.749
0.775
0.691
0.668
0.664
0.688
0.614
0.508
0.596
0.525
0.425
0.845
0.846
0.708
0.818
0.829
0.801
0.692
0.67
0.867
0.79
0.876
0.785
0.609
0.502
0.576
0.946
0.922
0.865
0.749
0.786
0.775
0.935
0.946
0.709
0.565
0.523
0.623
0.82
0.764
0.573
0.479
0.495
0.492
0.473
0.584
0.724
0.584
0.688
0.81
0.578
0.742
0.755
0.793
0.866
0.766
0.675
0.669
0.674
0.75
0.617
0.538
0.673
0.915
0.895
0.736
0.756
0.669
0.605
0.568
0.501
0.619
0.791
0.792
0.818
0.679
0.706
0.685
0.639
0.689
0.556
0.617
0.627
0.642
0.695
0.755
0.683
0.623
0.642
0.613
0.618
0.699
0.696
0.67
0.631
0.665
0.717
0.627
0.708
0.809
0.778
0.683
0.823
0.808
0.716
0.778
0.762
0.81
0.748
0.713
0.772
0.774
0.632
0.664
0.738
0.697
0.68
0.697
0.729
0.767
0.785
0.846
0.844
0.796
0.725
0.776
0.705
0.679
0.713
0.711
0.767
0.742
0.676
0.761
0.686
0.698
0.759
0.765
0.708
0.763
0.83
0.675
0.731
0.771
0.766
0.826
0.853
0.689
0.703
0.812
0.776
0.755
0.791
0.701
0.672
0.718
0.823
0.869
0.827
0.793
0.772
0.696
0.699
0.703
0.701
0.659
0.59
0.626
0.768
0.809
0.756
0.591
0.619
0.58
0.504
0.512
0.589
0.582
0.533
0.648
0.641
0.582
0.531
0.699
0.691
0.517
0.563
0.603
0.739
0.553
0.502
0.668
0.793
0.774
0.659
0.646
0.801
0.87
0.661
0.712
0.656
0.778
0.927
0.913
0.749
0.605
0.752
0.757
0.636
0.739
0.871
0.788
0.647
0.636
0.581
0.684
0.784
0.734
0.669
0.645
0.721
0.663
0.571
0.523
0.663
0.641
0.808
0.733
0.661
0.684
0.743
0.644
0.609
0.726
0.762
0.841
0.758
0.737
0.784
0.669
0.699
0.667
0.624
0.686
0.848
0.719
0.727
0.673
0.788
0.803
0.942
0.861
0.785
0.744
0.63
0.669
0.769
0.733
0.866
0.922
0.875
0.771
0.713
0.663
0.83
0.753
0.809
0.902
0.955
0.954
0.841
0.799
0.754
0.909
0.919
0.652
0.794
0.779
0.691
0.736
0.87
0.829
0.836
0.961
0.975
0.938
0.894
0.963
0.996
0.988
0.808
0.827
0.87
0.826
0.865
0.935
0.873
0.82
0.884
0.737
0.774
0.84
0.816
0.837
0.822
0.893
0.782
0.744
0.912
0.766
0.69
0.766
0.706
0.776
0.828
0.969
0.915
0.875
0.73
0.873
0.952
0.794
0.753
0.805
0.72
0.761
0.874
0.935
0.735
0.867
0.955
0.847
0.872
0.715
0.903
0.92
0.951
0.9
0.82
0.825
0.856
0.97
0.924
0.928
0.782
0.606
0.72
0.752
0.635
0.541
0.638
0.545
0.539
0.62
0.652
0.852
0.797
0.778
0.608
0.64
0.596
0.772
0.688
0.598
0.857
0.944
0.883
0.773
0.704
0.692
0.721
0.586
0.652
0.588
0.779
0.651
0.526
0.44
0.733
0.86
0.823
0.611
0.633
0.725
0.884
0.718
0.681
0.781
0.728
0.645
0.675
0.686
0.672
0.848
0.845
0.824
0.875
0.847
0.859
0.668
0.627
0.646
0.533
0.488
0.6
0.487
0.571
0.698
0.835
0.656
0.677
0.71
0.674
0.656
0.732
0.739
0.809
0.604
0.707
0.794
0.682
0.648
0.71
0.772
0.723
0.936
0.803
0.71
0.704
0.771
0.729
0.7
0.688
0.854
0.95
0.831
0.768
0.751
0.719
0.755
0.714
0.673
0.846
0.764
0.674
0.722
0.732
0.709
0.747
0.835
0.801
0.699
0.828
0.79
0.793
0.856
0.771
0.724
0.832
0.781
0.76
0.76
0.789
0.777
0.808
0.708
0.726
0.704
0.73
0.708
0.787
0.847
0.771
0.757
0.677
0.647
0.777
0.828
0.792
0.722
0.741
0.772
0.775
0.773
0.786
0.796
0.771
0.723
0.737
0.707
0.68
0.699
0.746
0.795
0.775
0.744
0.816
0.858
0.832
0.843
0.853
0.802
0.753
0.702
0.901
0.858
0.834
0.879
0.864
0.786
0.757
0.733
0.759
0.865
0.812
0.779
0.91
0.736
0.695
0.692
0.775
0.857
0.821
0.765
0.797
0.849
0.867
0.842
0.861
0.851
0.816
0.802
0.831
0.847
0.734
0.719
0.727
0.804
0.83
0.843
0.887
0.865
0.776
0.839
0.825
0.728
0.745
0.76
0.684
0.761
0.83
0.73
0.887
0.898
0.757
0.746
0.75
0.772
0.661
0.682
0.694
0.75
0.737
0.848
0.941
0.893
0.733
0.765
0.714
0.718
0.721
0.707
0.646
0.701
0.851
0.846
0.899
0.823
0.751
0.667
0.703
0.804
0.722
0.89
0.92
0.812
0.762
0.795
0.74
0.708
0.653
0.668
0.624
0.586
0.732
0.694
0.697
0.895
0.925
0.939
0.903
0.757
0.841
0.911
0.8
0.746
0.744
0.81
0.765
0.718
0.711
0.832
0.802
0.671
0.711
0.805
0.948
0.94
0.883
0.896
0.891
0.788
0.71
0.771
0.752
0.797
0.636
0.846
0.901
0.749
0.81
0.955
0.878
0.83
0.908
0.854
0.943
0.977
0.812
0.844
0.877
0.846
0.807
0.878
0.823
0.818
0.882
0.913
0.878
0.933
0.927
0.933
0.935
0.933
0.945
0.957
0.974
0.97
0.973
0.938
0.921
0.977
0.971
0.959
0.974
0.988
0.996
0.979
0.949
0.963
0.952
0.878
0.908
0.955
0.972
0.978
0.854
0.882
0.907
0.93
0.941
0.974
0.968
0.916
0.811
0.826
0.856
0.956
0.957
0.895
0.89
1.008
0.866
0.682
0.851
0.858
0.956
0.913
0.903
0.668
0.656
0.701
0.877
0.755
0.826
0.894
0.904
0.94
0.792
0.792
0.639
0.688
0.87
0.881
0.839
0.791
0.759
0.873
0.84
0.883
0.786
0.806
0.893
0.956
0.841
0.788
0.927
0.929
0.833
0.698
0.829
0.81
0.755
0.696
0.719
0.71
0.727
0.696
0.661
0.775
0.87
0.832
0.838
0.711
0.673
0.72
0.581
0.896
0.829
0.69
0.63
0.813
0.93
0.795
0.764
0.606
0.779
0.883
0.707
0.684
0.531
0.785
0.862
0.817
0.759
0.825
0.546
0.497
0.56
0.628
0.493
0.462
0.504
0.586
0.581
0.569
0.781
0.752
0.779
0.77
0.544
0.544
0.635
0.798
0.616
0.616
0.905
0.9
0.858
0.775
0.696
0.659
0.813
0.895
0.701
0.768
0.786
0.776
0.83
0.836
0.819
0.685
0.635
0.823
0.843
0.863
0.776
0.787
0.925
0.81
0.636
0.636
0.695
0.728
0.637
0.645
0.687
0.665
0.717
0.616
0.592
0.685
0.671
0.819
0.879
0.745
0.675
0.63
0.696
0.638
0.657
0.623
0.776
0.812
0.642
0.745
0.859
0.751
0.626
0.716
0.787
0.628
0.689
0.728
0.672
0.628
0.691
0.636
0.622
0.698
0.795
0.818
0.789
0.767
0.772
0.738
0.746
0.8
0.793
0.664
0.765
0.87
0.807
0.791
0.704
0.765
0.785
0.736
0.631
0.677
0.804
0.801
0.849
0.855
0.802
0.815
0.786
0.679
0.637
0.757
0.83
0.834
0.782
0.851
0.73
0.823
0.874
0.842
0.825
0.843
0.802
0.746
0.704
0.706
0.791
0.735
0.654
0.698
0.762
0.717
0.694
0.721
0.769
0.794
0.823
0.761
0.661
0.758
0.76
0.676
0.649
0.687
0.825
0.908
0.854
0.797
0.853
0.783
0.885
0.92
0.831
0.813
0.794
0.775
0.722
0.706
0.712
0.668
0.764
0.953
0.82
0.654
0.606
0.649
0.735
0.891
0.956
0.883
0.891
0.758
0.853
0.759
0.644
0.7
0.755
0.73
0.874
0.888
0.913
0.819
0.736
0.757
0.643
0.692
0.73
0.712
0.694
0.856
0.762
0.701
0.728
0.69
0.673
0.716
0.759
0.802
0.747
0.665
0.634
0.791
0.735
0.806
0.828
0.727
0.847
0.792
0.691
0.669
0.687
0.733
0.912
0.751
0.885
0.864
0.959
0.962
0.877
0.816
0.781
0.73
0.697
0.72
0.798
0.829
0.814
0.729
0.763
0.906
0.953
0.962
0.858
0.868
0.969
0.926
0.9
0.776
0.762
0.725
0.881
0.694
0.749
0.822
0.908
0.903
0.88
0.836
0.834
0.921
0.836
0.852
0.93
0.891
0.929
0.914
0.891
0.953
0.973
0.963
0.946
0.942
0.871
0.94
0.827
0.852
0.825
0.863
0.921
0.938
0.917
0.888
0.979
0.82
0.736
0.749
0.835
0.918
0.963
0.965
0.954
0.772
0.867
0.875
0.901
0.934
0.888
0.923
0.902
0.95
0.882
0.887
0.823
0.759
0.776
0.905
0.842
0.79
0.771
0.965
0.919
0.897
0.791
0.762
0.743
0.943
0.767
0.65
0.786
0.835
0.929
0.625
0.811
0.812
0.837
0.873
0.894
0.632
0.597
0.727
0.852
0.881
0.936
0.879
0.821
0.89
0.873
0.945
0.873
0.591
0.756
0.773
0.901
0.942
0.899
0.901
0.797
0.872
0.701
0.743
0.861
0.908
0.667
0.677
0.681
0.645
0.823
0.971
0.78
0.73
0.691
0.896
0.882
0.844
0.746
0.742
0.77
0.751
0.867
0.827
0.908
0.734
0.674
0.753
0.684
0.728
0.948
0.871
0.796
0.661
0.919
0.705
0.6
0.611
0.757
0.883
0.929
0.922
0.753
0.768
0.93
0.955
0.803
0.762
0.868
0.878
0.816
0.686
0.657
0.671
0.619
0.72
0.859
0.877
0.834
0.719
0.763
0.733
0.778
0.808
0.733
0.725
0.794
0.856
0.802
0.913
0.783
0.748
0.66
0.684
0.743
0.797
0.809
0.832
0.807
0.766
0.734
0.715
0.719
0.737
0.646
0.656
0.648
0.649
0.631
0.738
0.817
0.777
0.621
0.675
0.783
0.748
0.741
0.719
0.704
0.699
0.639
0.644
0.729
0.773
0.639
0.6
0.652
0.616
0.687
0.766
0.754
0.791
0.736
0.717
0.673
0.737
0.845
0.762
0.74
0.807
0.839
0.837
0.886
0.826
0.732
0.703
0.75
0.769
0.756
0.733
0.749
0.734
0.688
0.648
0.609
0.669
0.76
0.74
0.787
0.84
0.82
0.819
0.823
0.864
0.815
0.678
0.819
0.872
0.896
0.805
0.707
0.711
0.81
0.792
0.744
0.743
0.772
0.719
0.72
0.706
0.69
0.689
0.594
0.432
0.382
0.444
0.642
0.558
0.426
0.574
0.797
0.733
0.559
0.57
0.697
0.815
0.815
0.717
0.722
0.617
0.68
0.809
0.945
0.849
0.728
0.695
0.741
0.719
0.809
0.85
0.81
0.638
0.691
0.571
0.592
0.61
0.765
0.835
0.725
0.563
0.662
0.777
0.617
0.719
0.805
0.64
0.646
0.677
0.777
0.723
0.834
0.92
0.805
0.692
0.776
0.792
0.716
0.697
0.634
0.634
0.745
0.727
0.874
0.724
0.766
0.868
0.968
0.904
0.822
0.743
0.812
0.892
0.853
0.869
0.741
0.839
0.715
0.782
0.905
0.837
0.878
0.777
0.724
0.798
0.8
0.851
0.842
0.63
0.725
0.829
0.826
0.854
0.849
0.918
0.91
0.745
0.891
0.877
0.93
0.925
0.945
0.924
0.862
0.867
0.914
0.982
0.904
0.756
0.812
0.726
0.761
0.924
0.907
0.934
0.962
0.989
0.961
0.976
0.912
0.908
0.922
0.9
0.913
0.906
0.897
0.963
0.964
0.866
0.758
0.805
0.775
0.654
0.694
0.841
0.84
0.791
0.824
0.822
0.745
0.739
0.729
0.839
0.85
0.862
0.693
0.865
0.904
0.902
0.946
0.956
0.967
0.957
0.932
0.691
0.792
0.821
0.758
0.772
0.889
0.745
0.796
0.78
0.89
0.876
0.88
0.923
0.931
0.953
0.952
0.901
0.955
0.899
0.864
0.753
0.765
0.94
0.954
0.947
0.951
0.805
0.914
0.907
0.859
0.92
0.92
0.863
0.717
0.811
0.84
0.928
0.913
0.722
0.809
0.789
0.942
0.937
0.876
0.926
0.859
0.756
0.676
0.761
0.802
0.662
0.703
0.893
0.667
0.75
0.776
0.718
0.87
0.962
0.909
0.719
0.925
0.925
0.885
0.866
0.783
0.641
0.715
0.532
0.55
0.587
0.867
0.898
0.806
0.693
0.775
0.862
0.663
0.448
0.567
0.612
0.426
0.522
0.633
0.7
0.732
0.921
0.867
0.696
0.843
0.741
0.813
0.924
0.925
0.842
0.843
0.886
0.748
0.687
0.842
0.905
0.886
0.903
0.845
0.821
0.797
0.741
0.84
0.82
0.806
0.764
0.717
0.726
0.68
0.782
0.882
0.766
0.64
0.763
0.906
0.856
0.712
0.739
0.753
0.791
0.643
0.835
0.922
0.92
0.806
0.68
0.794
0.877
0.835
0.77
0.764
0.711
0.606
0.593
0.59
0.653
0.753
0.779
0.704
0.781
0.753
0.664
0.668
0.642
0.781
0.85
0.786
0.804
0.831
0.848
0.877
0.823
0.751
0.67
0.701
0.8
0.8
0.74
0.812
0.681
0.738
0.852
0.814
0.803
0.761
0.77
0.818
0.89
0.797
0.736
0.717
0.817
0.795
0.782
0.8
0.827
0.828
0.827
0.811
0.776
0.807
0.788
0.788
0.787
0.827
0.792
0.854
0.855
0.784
0.75
0.712
0.766
0.845
0.891
0.713
0.664
0.843
0.897
0.816
0.79
0.861
0.793
0.705
0.935
0.914
0.883
0.817
0.728
0.676
0.751
0.843
0.841
0.848
0.811
0.764
0.783
0.834
0.81
0.695
0.683
0.721
0.866
0.731
0.673
0.861
0.793
0.792
0.749
0.645
0.805
0.75
0.793
0.691
0.654
0.665
0.652
0.83
0.698
0.591
0.643
0.694
0.625
0.717
0.753
0.755
0.665
0.718
0.773
0.794
0.679
0.583
0.77
0.727
0.805
0.779
0.734
0.642
0.776
0.864
0.742
0.758
0.81
0.716
0.806
0.861
0.869
0.862
0.775
0.854
0.842
0.69
0.645
0.571
0.602
0.871
0.914
0.784
0.643
0.747
0.916
0.873
0.91
0.91
0.831
0.827
0.862
0.811
0.863
0.65
0.755
0.87
0.908
0.826
0.794
0.767
0.617
0.594
0.714
0.834
0.875
0.775
0.829
0.858
0.931
0.891
0.686
0.669
0.858
0.915
0.871
0.875
0.876
0.866
0.822
0.836
0.87
0.95
0.937
0.887
0.906
0.882
0.735
0.911
0.873
0.791
0.813
0.956
0.974
0.91
0.922
0.852
0.802
0.839
0.822
0.728
0.833
0.933
0.891
0.788
0.878
0.801
0.868
0.915
0.807
0.739
0.793
0.853
0.782
0.85
0.839
0.933
0.942
0.874
0.847
0.844
0.888
0.933
0.943
0.942
0.904
0.902
0.963
0.907
0.876
0.882
0.915
0.796
0.858
0.892
0.902
0.827
0.752
0.8
0.868
0.888
0.946
0.897
0.815
0.847
0.912
0.88
0.877
0.856
0.757
0.653
0.775
0.914
0.838
0.911
0.985
0.888
0.808
0.826
0.836
0.712
0.765
0.637
0.603
0.806
0.764
0.835
0.845
0.871
0.873
0.861
0.775
0.587
0.698
0.817
0.901
0.905
0.899
0.904
0.775
0.964
0.94
0.911
0.887
0.808
0.773
0.581
0.638
0.789
0.764
0.749
0.675
0.722
0.798
0.882
0.71
0.534
0.592
0.68
0.683
0.787
0.852
0.845
0.861
0.854
0.63
0.785
0.757
0.762
0.676
0.693
0.734
0.854
0.929
0.725
0.701
0.775
0.665
0.798
0.757
0.771
0.692
0.713
0.695
0.673
0.745
0.887
0.826
0.788
0.779
0.822
0.821
0.875
0.794
0.744
0.811
0.827
0.809
0.767
0.823
0.781
0.834
0.872
0.794
0.645
0.689
0.71
0.669
0.63
0.66
0.71
0.731
0.849
0.964
0.87
0.816
0.792
0.759
0.772
0.792
0.798
0.758
0.633
0.732
0.772
0.728
0.698
0.85
0.738
0.746
0.729
0.743
0.656
0.678
0.704
0.821
0.787
0.825
0.795
0.756
0.843
0.769
0.755
0.77
0.798
0.804
0.817
0.832
0.768
0.707
0.8
0.738
0.749
0.739
0.801
0.802
0.727
0.717
0.861
0.916
0.852
0.784
0.806
0.826
0.788
0.707
0.781
0.836
0.834
0.714
0.742
0.752
0.772
0.868
0.845
0.778
0.728
0.734
0.72
0.729
0.727
0.852
0.91
0.922
0.849
0.755
0.82
0.841
0.77
0.796
0.815
0.822
0.875
0.874
0.754
0.766
0.768
0.809
0.769
0.768
0.744
0.806
0.906
0.876
0.705
0.672
0.757
0.731
0.731
0.746
0.795
0.846
0.759
0.703
0.72
0.652
0.614
0.593
0.662
0.731
0.696
0.688
0.753
0.776
0.66
0.673
0.765
0.578
0.626
0.617
0.615
0.588
0.683
0.752
0.694
0.751
0.736
0.816
0.848
0.87
0.819
0.673
0.806
0.932
0.919
0.871
0.827
0.87
0.882
0.725
0.708
0.837
0.846
0.872
0.839
0.709
0.763
0.908
0.818
0.887
0.741
0.736
0.803
0.634
0.596
0.632
0.792
0.773
0.715
0.678
0.635
0.777
0.909
0.926
0.941
0.938
0.82
0.783
0.908
0.979
0.883
0.75
0.705
0.799
0.753
0.821
0.856
0.837
0.821
0.786
0.882
0.902
0.971
0.873
0.837
0.959
0.864
0.88
0.855
0.817
0.857
0.849
0.822
0.86
0.936
0.859
0.894
0.898
0.929
0.943
1.012
0.908
0.906
0.839
0.929
0.936
0.965
0.909
0.968
0.973
0.911
0.915
0.944
0.886
0.919
0.946
0.942
0.959
0.957
0.933
0.874
0.738
0.785
0.743
0.723
0.893
0.836
0.845
0.873
0.891
0.956
0.934
0.936
0.912
0.911
0.851
0.932
0.949
0.94
0.947
0.942
0.943
0.909
0.825
0.852
0.941
0.943
0.855
0.881
0.903
0.859
0.914
0.931
0.872
0.7
0.585
0.699
0.82
0.918
0.929
0.821
0.829
0.847
0.836
0.826
0.943
0.909
0.819
0.823
0.907
0.886
0.888
0.884
0.722
0.619
0.694
0.881
0.852
0.709
0.639
0.674
0.713
0.784
0.835
0.918
0.921
0.857
0.814
0.913
0.872
0.821
0.847
0.809
0.904
0.834
0.723
0.77
0.862
0.88
0.769
0.71
0.564
0.67
0.785
0.885
0.758
0.603
0.722
0.797
0.785
0.694
0.741
0.573
0.526
0.563
0.578
0.675
0.864
0.882
0.942
0.862
0.773
0.862
0.85
0.759
0.736
0.857
0.753
0.737
0.785
0.645
0.662
0.573
0.57
0.624
0.52
0.626
0.694
0.865
0.798
0.767
0.827
0.756
0.651
0.709
0.85
0.884
0.592
0.664
0.839
0.874
0.791
0.627
0.64
0.617
0.688
0.579
0.6
0.612
0.69
0.836
0.826
0.71
0.646
0.587
0.598
0.641
0.664
0.714
0.775
0.823
0.757
0.845
0.842
0.755
0.772
0.763
0.727
0.63
0.711
0.632
0.591
0.641
0.631
0.655
0.634
0.709
0.691
0.763
0.798
0.728
0.714
0.727
0.767
0.771
0.777
0.69
0.6
0.544
0.661
0.733
0.794
0.797
0.838
0.805
0.776
0.79
0.719
0.771
0.744
0.74
0.717
0.831
0.739
0.884
0.788
0.722
0.685
0.686
0.711
0.716
0.685
0.7
0.811
0.734
0.761
0.727
0.754
0.76
0.811
0.789
0.814
0.889
0.833
0.761
0.738
0.748
0.807
0.863
0.851
0.746
0.752
0.739
0.74
0.774
0.887
0.774
0.673
0.892
0.871
0.752
0.745
0.719
0.658
0.769
0.732
0.703
0.752
0.828
0.749
0.693
0.62
0.629
0.694
0.758
0.896
0.919
0.791
0.78
0.762
0.618
0.695
0.846
0.808
0.775
0.836
0.813
0.713
0.758
0.612
0.665
0.717
0.737
0.693
0.665
0.705
0.844
0.877
0.847
0.888
0.894
0.876
0.861
0.774
0.705
0.695
0.647
0.726
0.704
0.725
0.786
0.822
0.67
0.869
0.869
0.723
0.638
0.673
0.578
0.684
0.735
0.795
0.717
0.702
0.703
0.759
0.827
0.798
0.801
0.872
0.673
0.663
0.641
0.711
0.648
0.933
0.893
0.706
0.73
0.67
0.718
0.805
0.796
0.752
0.887
0.866
0.763
0.808
0.851
0.886
0.773
0.759
0.855
0.803
0.899
0.893
0.91
0.887
0.903
0.917
0.969
0.937
0.876
0.866
0.84
0.918
0.917
0.815
0.865
0.886
0.956
0.933
0.969
0.914
0.899
0.935
0.941
0.922
0.907
0.957
0.936
0.936
0.896
0.901
0.943
0.932
0.923
0.751
0.816
0.865
0.838
0.831
0.902
0.823
0.858
0.884
0.74
0.808
0.923
0.906
0.819
0.899
0.905
0.776
0.878
0.816
0.826
0.74
0.748
0.796
0.893
0.879
0.821
0.788
0.855
0.961
0.951
0.885
0.826
0.805
0.756
0.78
0.834
0.835
0.811
0.822
0.828
0.825
0.887
0.863
0.632
0.707
0.706
0.728
0.759
0.832
0.754
0.773
0.648
0.749
0.76
0.714
0.882
0.789
0.748
0.81
0.846
0.851
0.781
0.979
0.922
0.789
0.889
0.914
0.806
0.702
0.663
0.778
0.641
0.695
0.724
0.635
0.716
0.784
0.703
0.705
0.772
0.648
0.799
0.757
0.638
0.725
0.857
0.855
0.88
0.76
0.77
0.678
0.833
0.836
0.694
0.636
0.537
0.705
0.716
0.66
0.728
0.655
0.831
0.801
0.675
0.55
0.568
0.606
0.672
0.787
0.752
0.66
0.657
0.734
0.741
0.781
0.688
0.608
0.764
0.665
0.718
0.77
0.599
0.488
0.617
0.657
0.814
0.882
0.877
0.828
0.935
0.874
0.776
0.759
0.877
0.787
0.748
0.694
0.617
0.536
0.685
0.796
0.782
0.69
0.654
0.602
0.667
0.759
0.778
0.718
0.749
0.583
0.506
0.562
0.681
0.71
0.764
0.659
0.727
0.708
0.641
0.588
0.498
0.597
0.7
0.768
0.682
0.715
0.809
0.776
0.738
0.669
0.807
0.789
0.715
0.759
0.686
0.651
0.773
0.753
0.757
0.77
0.684
0.653
0.627
0.759
0.798
0.739
0.799
0.795
0.772
0.808
0.736
0.706
0.804
0.769
0.775
0.781
0.838
0.714
0.737
0.774
0.743
0.807
0.84
0.8
0.806
0.778
0.794
0.793
0.855
0.816
0.723
0.764
0.825
0.827
0.782
0.781
0.826
0.68
0.667
0.792
0.819
0.732
0.735
0.781
0.796
0.834
0.731
0.751
0.805
0.787
0.771
0.814
0.806
0.887
0.954
0.879
0.856
0.814
0.82
0.857
0.762
0.712
0.759
0.701
0.706
0.751
0.833
0.854
0.821
0.786
0.747
0.779
0.767
0.706
0.776
0.799
0.786
0.657
0.774
0.843
0.838
0.745
0.675
0.665
0.76
0.647
0.768
0.774
0.712
0.805
0.821
0.818
0.665
0.684
0.695
0.651
0.785
0.842
0.741
0.661
0.704
0.606
0.637
0.951
0.878
0.913
0.829
0.719
0.826
0.846
0.8
0.7
0.595
0.866
0.855
0.689
0.762
0.835
0.723
0.675
0.727
0.68
0.682
0.687
0.844
0.923
0.843
0.867
0.953
0.835
0.844
0.817
0.847
0.972
0.877
0.8
0.874
0.78
0.681
0.749
0.817
0.733
0.684
0.785
0.803
0.697
0.879
0.937
0.942
0.81
0.811
0.745
0.806
0.79
0.845
0.671
0.53
0.613
0.666
0.702
0.886
0.857
0.865
0.787
0.91
0.821
0.743
0.774
0.851
0.97
0.918
0.9
0.884
0.933
0.862
0.777
0.815
0.881
0.917
0.914
0.818
0.818
0.858
0.978
0.953
0.877
0.87
0.803
0.688
0.725
0.883
0.959
0.923
0.935
0.842
0.689
0.782
0.871
0.772
0.83
0.935
0.886
0.892
0.807
0.823
0.919
0.855
0.824
0.866
0.859
0.864
0.871
0.774
0.797
0.828
0.83
0.858
0.919
0.909
0.886
0.889
0.876
0.924
0.895
0.895
0.916
0.936
0.859
0.893
0.913
0.946
0.932
0.825
0.864
0.944
0.931
0.916
0.868
0.936
0.858
0.822
0.823
0.818
0.639
0.803
0.82
0.839
0.851
0.785
0.704
0.828
0.848
0.858
0.781
0.781
0.649
0.756
0.86
0.855
0.915
0.918
0.937
0.839
0.715
0.763
0.868
0.762
0.706
0.772
0.846
0.796
0.701
0.897
0.738
0.702
0.725
0.811
0.767
0.705
0.833
0.925
0.787
0.73
0.787
0.732
0.801
0.768
0.867
0.63
0.467
0.46
0.667
0.78
0.873
0.925
0.924
0.856
0.699
0.746
0.829
0.864
0.835
0.836
0.83
0.721
0.61
0.6
0.615
0.696
0.631
0.817
0.755
0.612
0.708
0.828
0.843
0.676
0.678
0.817
0.828
0.678
0.564
0.534
0.654
0.701
0.741
0.695
0.619
0.605
0.545
0.526
0.637
0.665
0.752
0.869
0.724
0.646
0.764
0.735
0.568
0.519
0.603
0.632
0.613
0.641
0.525
0.593
0.589
0.647
0.706
0.635
0.634
0.593
0.636
0.691
0.672
0.677
0.778
0.724
0.589
0.678
0.669
0.599
0.711
0.746
0.669
0.624
0.647
0.703
0.671
0.815
0.744
0.728
0.691
0.753
0.61
0.657
0.782
0.784
0.777
0.661
0.644
0.635
0.713
0.739
0.736
0.787
0.772
0.81
0.764
0.596
0.636
0.664
0.71
0.705
0.842
0.837
0.809
0.81
0.767
0.83
0.722
0.713
0.721
0.653
0.738
0.756
0.708
0.678
0.806
0.947
0.932
0.887
0.764
0.762
0.844
0.818
0.769
0.759
0.688
0.81
0.811
0.739
0.709
0.736
0.781
0.734
0.643
0.73
0.841
0.885
0.853
0.844
0.763
0.699
0.762
0.726
0.618
0.653
0.684
0.712
0.772
0.713
0.683
0.679
0.703
0.625
0.81
0.816
0.712
0.695
0.627
0.709
0.833
0.764
0.663
0.681
0.677
0.72
0.637
0.678
0.792
0.866
0.767
0.644
0.651
0.745
0.798
0.782
0.826
0.793
0.667
0.625
0.603
0.942
0.783
0.769
0.848
0.912
0.67
0.59
0.658
0.67
0.701
0.607
0.631
0.64
0.676
0.708
0.745
0.612
0.653
0.728
0.777
0.887
0.852
0.818
0.685
0.691
0.679
0.824
0.786
0.895
0.919
0.911
0.743
0.752
0.841
0.917
0.868
0.781
0.798
0.793
0.837
0.91
0.904
0.788
0.846
0.832
0.911
0.909
0.907
0.928
0.936
0.915
0.898
0.854
0.856
0.937
0.924
0.96
0.909
0.951
0.883
0.86
0.914
0.759
0.815
0.828
0.897
0.93
0.88
0.856
0.873
0.88
0.871
0.843
0.858
0.851
0.92
0.949
0.947
0.926
0.845
0.931
0.799
0.805
0.866
0.884
0.869
0.83
0.837
0.75
0.705
0.748
0.839
0.869
0.83
0.832
0.848
0.903
0.889
0.826
0.889
0.801
0.931
0.912
0.921
0.94
0.979
0.973
0.924
0.891
0.851
0.904
0.743
0.876
0.904
0.89
0.88
0.846
0.911
0.901
0.587
0.583
0.662
0.889
0.883
0.88
0.899
0.929
0.829
0.693
0.858
0.871
0.799
0.888
0.936
0.922
0.904
0.884
0.897
0.782
0.851
0.886
0.872
0.845
0.843
0.83
0.814
0.777
0.876
0.957
0.783
0.803
0.843
0.79
0.725
0.677
0.827
0.802
0.867
0.684
0.764
0.943
0.931
0.69
0.699
0.929
0.799
0.75
0.734
0.739
0.773
0.821
0.899
0.894
0.882
0.762
0.621
0.568
0.679
0.605
0.552
0.868
0.77
0.679
0.661
0.624
0.6
0.737
0.664
0.743
0.714
0.624
0.788
0.762
0.804
0.76
0.563
0.531
0.697
0.963
0.847
0.742
0.802
0.912
0.751
0.857
0.875
0.799
0.781
0.807
0.702
0.599
0.746
0.777
0.694
0.727
0.603
0.7
0.844
0.735
0.619
0.518
0.789
0.706
0.59
0.639
0.856
0.789
0.733
0.786
0.749
0.713
0.819
0.71
0.683
0.687
0.745
0.608
0.773
0.746
0.757
0.749
0.653
0.656
0.721
0.701
0.73
0.708
0.814
0.793
0.839
0.83
0.817
0.695
0.753
0.885
0.821
0.77
0.783
0.758
0.788
0.849
0.784
0.778
0.725
0.818
0.793
0.704
0.734
0.782
0.702
0.727
0.807
0.808
0.776
0.789
0.738
0.74
0.831
0.784
0.755
0.712
0.767
0.822
0.8
0.826
0.776
0.76
0.793
0.821
0.798
0.778
0.756
0.781
0.78
0.721
0.74
0.759
0.765
0.722
0.799
0.806
0.846
0.762
0.797
0.773
0.689
0.724
0.826
0.753
0.801
0.889
0.86
0.792
0.621
0.651
0.729
0.676
0.778
0.844
0.768
0.717
0.706
0.724
0.619
0.673
0.779
0.889
0.854
0.859
0.732
0.73
0.77
0.74
0.673
0.714
0.817
0.777
0.71
0.644
0.761
0.846
0.808
0.837
0.83
0.779
0.757
0.72
0.608
0.601
0.725
0.701
0.827
0.738
0.623
0.716
0.603
0.493
0.701
0.75
0.815
0.72
0.639
0.584
0.582
0.749
0.71
0.705
0.733
0.847
0.733
0.73
0.762
0.752
0.601
0.67
0.811
0.84
0.777
0.617
0.489
0.55
0.772
0.737
0.825
0.836
0.754
0.719
0.876
0.898
0.982
0.814
0.778
0.78
0.739
0.844
0.802
0.796
0.727
0.824
0.911
0.862
0.832
0.851
0.843
0.873
0.928
0.859
0.76
0.85
0.684
0.708
0.807
0.794
0.829
0.923
0.876
0.878
0.771
0.756
0.885
0.784
0.904
0.925
0.945
0.928
0.951
0.945
0.909
0.957
0.902
0.901
0.994
0.938
0.807
0.803
0.827
0.753
0.801
0.871
0.87
0.805
0.767
0.94
0.889
0.892
0.924
0.914
0.899
0.916
0.853
0.907
0.953
0.954
0.886
0.926
0.919
0.959
0.97
0.969
0.849
0.845
0.877
0.853
0.921
0.939
0.749
0.811
0.894
0.783
0.761
0.85
0.754
0.878
0.904
0.897
0.859
0.916
0.964
0.877
0.822
0.897
0.844
0.74
0.578
0.815
0.835
0.666
0.761
0.832
0.793
0.693
0.748
0.884
0.97
0.757
0.791
0.681
0.614
0.448
0.64
0.864
0.868
0.969
0.879
0.887
0.912
0.542
0.637
0.682
0.706
0.726
0.685
0.785
0.813
0.633
0.6
0.629
0.709
0.677
0.863
0.827
0.648
0.773
0.878
0.789
0.79
0.735
0.645
0.932
0.773
0.762
0.893
0.797
0.718
0.631
0.615
0.782
0.682
0.761
0.945
0.921
0.622
0.498
0.506
0.678
0.955
0.852
0.836
0.743
0.644
0.714
0.601
0.555
0.739
0.907
0.826
0.856
0.734
0.567
0.522
0.628
0.722
0.861
0.744
0.802
0.814
0.68
0.535
0.699
0.825
0.606
0.86
0.65
0.58
0.495
0.451
0.532
0.609
0.714
0.699
0.796
0.863
0.874
0.893
0.833
0.695
0.618
0.729
0.874
0.845
0.74
0.684
0.569
0.592
0.802
0.812
0.817
0.942
0.837
0.686
0.67
0.665
0.723
0.852
0.859
0.806
0.83
0.784
0.76
0.725
0.632
0.635
0.774
0.73
0.682
0.731
0.814
0.812
0.875
0.852
0.815
0.8
0.76
0.736
0.722
0.773
0.715
0.816
0.786
0.701
0.668
0.642
0.826
0.753
0.787
0.765
0.719
0.781
0.848
0.871
0.826
0.819
0.84
0.808
0.781
0.874
0.78
0.796
0.777
0.79
0.726
0.819
0.829
0.68
0.656
0.767
0.846
0.87
0.834
0.784
0.796
0.772
0.707
0.667
0.701
0.821
0.785
0.83
0.744
0.767
0.776
0.732
0.648
0.753
0.808
0.868
0.827
0.754
0.685
0.665
0.654
0.719
0.763
0.701
0.726
0.885
0.893
0.868
0.819
0.741
0.741
0.69
0.701
0.747
0.776
0.765
0.662
0.689
0.748
0.882
0.838
0.812
0.739
0.715
0.844
0.791
0.698
0.733
0.725
0.59
0.804
0.696
0.749
0.685
0.704
0.766
0.719
0.949
0.796
0.66
0.7
0.761
0.791
0.893
0.909
0.768
0.633
0.643
0.712
0.694
0.726
0.944
0.936
0.797
0.68
0.712
0.868
0.791
0.881
0.872
0.651
0.68
0.762
0.612
0.672
0.622
0.666
0.798
0.719
0.792
0.763
0.781
0.783
0.763
0.759
0.805
0.786
0.838
0.906
0.814
0.851
0.851
0.838
0.86
0.847
0.799
0.814
0.761
0.825
0.835
0.723
0.81
0.901
0.697
0.641
0.616
0.763
0.798
0.893
0.742
0.695
0.638
0.799
0.934
0.908
0.702
0.741
0.741
0.899
0.835
0.867
0.874
0.823
0.901
0.892
0.852
0.758
0.863
0.732
0.823
0.927
0.883
0.757
0.799
0.855
0.893
0.915
0.901
0.895
0.838
0.899
0.896
0.9
0.92
0.939
0.943
0.943
0.969
0.96
0.954
0.906
0.888
0.949
0.941
0.935
0.956
0.79
0.719
0.763
0.595
0.687
0.783
0.857
0.888
0.937
0.881
0.9
0.894
0.89
0.82
0.911
0.912
0.887
0.934
0.906
0.932
0.937
0.921
0.93
0.941
0.947
0.94
0.869
0.954
0.952
0.938
0.885
0.88
0.945
0.957
0.948
0.914
0.926
0.904
0.89
0.861
0.823
0.76
0.737
0.793
0.807
0.96
0.988
0.966
0.918
0.694
0.508
0.528
0.668
0.713
0.868
0.917
0.866
0.629
0.67
0.687
0.72
0.878
0.887
0.769
0.585
0.603
0.579
0.55
0.635
0.526
0.616
0.701
0.865
0.774
0.648
0.683
0.514
0.819
0.724
0.517
0.712
0.676
0.726
0.68
0.57
0.529
0.634
0.754
0.81
0.953
0.938
0.757
0.631
0.526
0.627
0.696
0.798
0.76
0.622
0.562
0.693
0.723
0.839
0.68
0.559
0.815
0.911
0.89
0.806
0.735
0.738
0.9
0.948
0.861
0.635
0.611
0.742
0.775
0.776
0.761
0.73
0.689
0.72
0.716
0.598
0.632
0.802
0.683
0.801
0.783
0.8
0.851
0.706
0.655
0.866
0.762
0.723
0.755
0.797
0.832
0.912
0.822
0.824
0.763
0.758
0.76
0.706
0.787
0.751
0.786
0.725
0.685
0.807
0.875
0.748
0.606
0.598
0.588
0.594
0.659
0.735
0.699
0.683
0.666
0.81
0.727
0.677
0.759
0.785
0.794
0.756
0.792
0.783
0.833
0.811
0.775
0.835
0.782
0.811
0.789
0.821
0.692
0.671
0.793
0.807
0.652
0.68
0.777
0.793
0.824
0.856
0.847
0.773
0.711
0.731
0.715
0.738
0.81
0.828
0.859
0.808
0.785
0.767
0.693
0.689
0.634
0.701
0.799
0.83
0.824
0.847
0.806
0.733
0.605
0.611
0.64
0.598
0.526
0.526
0.564
0.605
0.656
0.541
0.479
0.526
0.601
0.6
0.646
0.714
0.769
0.612
0.645
0.65
0.752
0.831
0.638
0.787
0.741
0.573
0.608
0.616
0.572
0.671
0.722
0.875
0.951
0.8
0.75
0.725
0.754
0.897
0.834
0.746
0.736
0.682
0.592
0.61
0.683
0.559
0.738
0.695
0.755
0.607
0.674
0.644
0.631
0.573
0.562
0.639
0.581
0.529
0.525
0.696
0.789
0.65
0.622
0.687
0.586
0.664
0.71
0.677
0.658
0.664
0.739
0.744
0.546
0.555
0.703
0.825
0.796
0.706
0.704
0.702
0.628
0.704
0.843
0.784
0.708
0.826
0.809
0.831
0.856
0.746
0.849
0.79
0.828
0.816
0.762
0.924
0.855
0.707
0.743
0.729
0.764
0.768
0.751
0.809
0.758
0.842
0.871
0.878
0.878
0.842
0.832
0.893
0.905
0.896
0.901
0.91
0.863
0.862
0.88
0.846
0.895
0.885
0.872
0.928
0.942
0.933
0.929
0.958
0.671
0.706
0.769
0.627
0.81
0.787
0.831
0.885
0.802
0.88
0.875
0.821
0.83
0.885
0.763
0.815
0.952
0.926
0.85
0.802
0.775
0.77
0.831
0.938
0.94
0.905
0.914
0.921
0.902
0.854
0.918
0.929
0.897
0.931
0.923
0.962
0.958
0.856
0.866
0.92
0.919
0.881
0.917
0.926
0.857
0.846
0.789
0.835
0.743
0.732
0.933
0.862
0.942
0.921
0.912
0.905
0.916
0.911
0.834
0.826
0.743
0.858
0.946
0.873
0.888
0.882
0.954
0.965
0.871
0.86
0.873
0.87
0.916
0.887
0.728
0.791
0.79
0.815
0.866
0.882
0.945
0.796
0.642
0.604
0.647
0.662
0.653
0.769
0.856
0.736
0.758
0.836
0.974
0.803
0.748
0.891
0.933
0.908
0.832
0.857
0.817
0.676
0.535
0.863
0.866
0.78
0.858
0.915
0.941
0.815
0.859
0.857
0.84
0.944
0.805
0.79
0.825
0.79
0.666
0.807
0.786
0.898
0.786
0.634
0.682
0.658
0.758
0.779
0.824
0.875
0.804
0.789
0.82
0.976
0.935
0.943
0.943
0.869
0.858
0.751
0.678
0.728
0.758
0.882
0.794
0.907
0.842
0.853
0.738
0.68
0.745
0.732
0.7
0.692
0.777
0.675
0.692
0.689
0.749
0.842
0.849
0.817
0.703
0.72
0.742
0.79
0.813
0.835
0.849
0.88
0.834
0.807
0.838
0.871
0.814
0.744
0.751
0.829
0.782
0.665
0.656
0.718
0.78
0.713
0.712
0.667
0.738
0.802
0.719
0.693
0.774
0.783
0.772
0.749
0.753
0.79
0.775
0.827
0.858
0.824
0.791
0.76
0.761
0.809
0.8
0.765
0.734
0.782
0.795
0.751
0.702
0.79
0.841
0.863
0.86
0.848
0.839
0.841
0.863
0.817
0.79
0.706
0.657
0.7
0.8
0.819
0.749
0.681
0.728
0.763
0.723
0.79
0.725
0.652
0.788
0.814
0.8
0.809
0.809
0.672
0.639
0.711
0.736
0.651
0.605
0.719
0.831
0.854
0.924
0.893
0.867
0.809
0.752
0.766
0.785
0.835
0.786
0.665
0.751
0.759
0.827
0.869
0.883
0.816
0.908
0.844
0.853
0.865
0.796
0.759
0.834
0.889
0.89
0.758
0.772
0.763
0.741
0.78
0.77
0.704
0.638
0.612
0.667
0.73
0.899
0.793
0.699
0.788
0.71
0.748
0.953
0.958
0.846
0.708
0.668
0.77
0.746
0.799
0.906
0.754
0.659
0.697
0.701
0.793
0.679
0.734
0.814
0.688
0.648
0.822
0.79
0.831
0.748
0.725
0.69
0.732
0.918
0.877
0.828
0.642
0.569
0.651
0.853
0.84
0.906
0.877
0.861
0.831
0.815
0.924
0.939
0.968
0.863
0.866
0.878
0.836
0.833
0.974
0.928
0.876
0.813
0.839
0.728
0.726
0.74
0.806
0.916
0.971
0.771
0.815
0.879
0.883
0.926
0.963
0.935
0.858
0.784
0.848
0.86
0.885
0.846
0.845
0.937
0.933
0.923
0.695
0.606
0.672
0.89
0.886
0.894
0.803
0.763
0.875
0.87
0.977
0.806
0.734
0.588
0.766
0.973
0.655
0.721
0.652
0.879
0.922
0.94
0.836
0.849
0.934
0.937
0.87
0.813
0.827
0.856
0.919
0.839
0.753
0.907
0.92
0.88
0.891
0.827
0.797
0.815
0.846
0.804
0.896
0.91
0.915
0.905
0.901
0.811
0.669
0.812
0.851
0.884
0.898
0.941
0.804
0.738
0.768
0.769
0.93
0.882
0.887
0.882
0.835
0.803
0.704
0.769
0.929
0.739
0.655
0.682
0.724
0.85
0.682
0.762
0.843
0.802
0.739
0.782
0.754
0.713
0.709
0.751
0.872
0.924
0.837
0.636
0.78
0.796
0.836
0.892
0.845
0.857
0.828
0.819
0.77
0.719
0.606
0.594
0.701
0.754
0.732
0.656
0.586
0.733
0.851
0.79
0.73
0.696
0.64
0.631
0.849
0.811
0.671
0.659
0.65
0.882
0.662
0.662
0.722
0.764
0.838
0.847
0.709
0.776
0.934
0.856
0.896
0.847
0.705
0.724
0.53
0.516
0.695
0.796
0.608
0.63
0.719
0.728
0.7
0.526
0.55
0.795
0.774
0.739
0.723
0.766
0.771
0.666
0.725
0.639
0.751
0.881
0.705
0.676
0.724
0.755
0.674
0.596
0.563
0.539
0.546
0.708
0.794
0.682
0.69
0.745
0.666
0.737
0.716
0.685
0.63
0.656
0.762
0.707
0.593
0.674
0.632
0.578
0.608
0.641
0.64
0.681
0.735
0.677
0.661
0.685
0.681
0.651
0.788
0.732
0.645
0.668
0.675
0.68
0.749
0.74
0.67
0.584
0.719
0.812
0.868
0.755
0.624
0.667
0.732
0.63
0.65
0.756
0.807
0.696
0.601
0.553
0.718
0.538
0.485
0.662
0.784
0.659
0.6
0.669
0.794
0.804
0.875
0.72
0.668
0.777
0.715
0.698
0.754
0.638
0.561
0.597
0.586
0.576
0.536
0.55
0.583
0.575
0.756
0.799
0.75
0.677
0.602
0.761
0.88
0.872
0.881
0.849
0.756
0.729
0.788
0.674
0.6
0.6
0.635
0.669
0.759
0.649
0.583
0.608
0.832
0.616
0.598
0.611
0.816
0.741
0.629
0.683
0.864
0.857
0.822
0.652
0.684
0.752
0.905
0.873
0.721
0.854
0.803
0.733
0.668
0.677
0.724
0.613
0.682
0.689
0.851
0.818
0.729
0.664
0.727
0.679
0.842
0.755
0.697
0.758
0.732
0.64
0.846
0.861
0.839
0.829
0.909
0.909
0.798
0.738
0.768
0.749
0.728
0.718
0.76
0.784
0.758
0.738
0.677
0.775
0.664
0.628
0.772
0.753
0.779
0.788
0.749
0.693
0.712
0.695
0.789
0.697
0.653
0.749
0.664
0.67
0.718
0.732
0.837
0.888
0.903
0.956
0.829
0.767
0.863
0.957
0.922
0.91
0.723
0.709
0.711
0.751
0.78
0.873
0.878
0.869
0.809
0.827
0.854
0.771
0.799
0.875
0.925
0.914
0.9
0.916
0.918
0.9
0.889
0.888
0.84
0.896
0.887
0.935
0.934
0.896
0.89
0.887
0.898
0.94
0.908
0.962
0.832
0.679
0.709
0.768
0.588
0.732
0.741
0.517
0.557
0.739
0.771
0.718
0.835
0.78
0.945
0.943
0.894
0.847
0.624
0.773
0.802
0.827
0.919
0.884
0.899
0.926
0.909
0.88
0.893
0.819
0.825
0.836
0.863
0.526
0.633
0.602
0.832
0.573
0.664
0.913
0.928
0.873
0.844
0.954
0.984
0.95
0.906
0.849
0.738
0.732
0.772
0.913
0.892
0.834
0.768
0.741
0.837
0.91
0.772
0.653
0.706
0.904
0.726
0.873
0.822
0.699
0.651
0.754
0.763
0.8
0.896
0.879
0.833
0.762
0.643
0.495
0.607
0.723
0.568
0.593
0.464
0.642
0.636
0.689
0.703
0.778
0.908
0.96
0.915
0.874
0.785
0.797
0.823
0.852
0.891
0.807
0.7
0.635
0.723
0.505
0.866
0.77
0.638
0.462
0.736
0.855
0.75
0.663
0.596
0.546
0.627
0.707
0.726
0.773
0.807
0.635
0.629
0.845
0.721
0.615
0.582
0.649
0.57
0.739
0.852
0.837
0.722
0.684
0.667
0.8
0.785
0.686
0.616
0.731
0.793
0.771
0.66
0.643
0.778
0.796
0.797
0.67
0.766
0.884
0.869
0.781
0.795
0.894
0.821
0.722
0.827
0.781
0.689
0.728
0.708
0.726
0.785
0.73
0.665
0.636
0.7
0.677
0.739
0.752
0.786
0.811
0.785
0.801
0.878
0.91
0.832
0.729
0.832
0.802
0.854
0.794
0.789
0.849
0.814
0.822
0.839
0.879
0.794
0.774
0.757
0.757
0.816
0.842
0.792
0.806
0.827
0.831
0.786
0.685
0.8
0.798
0.761
0.686
0.738
0.827
0.789
0.818
0.71
0.657
0.731
0.845
0.811
0.818
0.698
0.797
0.754
0.704
0.675
0.607
0.618
0.703
0.737
0.692
0.589
0.624
0.674
0.682
0.669
0.574
0.516
0.595
0.709
0.797
0.673
0.631
0.73
0.682
0.683
0.546
0.616
0.572
0.508
0.652
0.705
0.556
0.514
0.583
0.713
0.613
0.51
0.703
0.645
0.637
0.655
0.664
0.772
0.699
0.817
0.733
0.746
0.752
0.763
0.737
0.765
0.83
0.691
0.653
0.667
0.795
0.77
0.82
0.837
0.692
0.648
0.675
0.772
0.79
0.745
0.761
0.78
0.746
0.775
0.725
0.789
0.661
0.642
0.661
0.643
0.645
0.681
0.642
0.694
0.695
0.734
0.745
0.918
0.842
0.846
0.758
0.633
0.678
0.748
0.831
0.62
0.609
0.693
0.703
0.687
0.685
0.6
0.602
0.8
0.916
0.776
0.64
0.651
0.666
0.929
0.768
0.568
0.657
0.743
0.781
0.628
0.687
0.757
0.828
0.866
0.876
0.875
0.875
0.739
0.742
0.807
0.913
0.84
0.862
0.835
0.889
0.919
0.931
0.857
0.933
0.917
0.905
0.948
0.987
0.981
0.874
0.668
0.735
0.877
0.875
0.815
0.85
0.774
0.754
0.881
0.932
0.786
0.811
0.915
1.021
0.872
0.896
0.931
0.953
0.979
0.938
0.891
0.941
0.834
0.784
0.916
0.862
0.9
0.934
0.86
0.813
0.838
0.81
0.866
0.795
0.901
0.79
0.853
0.805
0.799
0.902
0.936
0.902
0.899
0.916
0.88
0.843
0.88
0.89
0.787
0.742
0.866
0.929
0.874
0.827
0.868
0.855
0.893
0.89
0.887
0.878
0.808
0.857
0.88
0.848
0.773
0.78
0.688
0.808
0.885
0.803
0.847
0.814
0.868
0.899
0.876
0.878
0.88
0.917
0.939
0.849
0.832
0.888
0.753
0.777
0.862
0.947
0.89
0.811
0.809
0.72
0.465
0.64
0.57
0.619
0.852
0.902
0.802
0.556
0.655
0.741
0.849
0.978
0.782
0.555
0.771
0.845
0.73
0.667
0.786
0.526
0.659
0.745
0.905
0.576
0.614
0.578
0.753
0.672
0.453
0.665
0.73
0.561
0.774
0.73
0.75
0.834
0.832
0.9
0.838
0.858
0.807
0.729
0.678
0.787
0.774
0.746
0.679
0.698
0.537
0.646
0.676
0.78
0.86
0.795
0.692
0.572
0.517
0.521
0.681
0.65
0.671
0.607
0.501
0.54
0.666
0.786
0.844
0.772
0.636
0.653
0.66
0.791
0.819
0.787
0.656
0.632
0.731
0.81
0.749
0.778
0.746
0.748
0.69
0.701
0.631
0.63
0.684
0.78
0.84
0.806
0.73
0.746
0.729
0.77
0.777
0.793
0.736
0.758
0.773
0.774
0.761
0.78
0.687
0.59
0.679
0.803
0.82
0.751
0.754
0.754
0.681
0.773
0.702
0.686
0.693
0.603
0.561
0.817
0.823
0.776
0.73
0.648
0.697
0.563
0.534
0.742
0.761
0.679
0.73
0.587
0.512
0.662
0.687
0.606
0.6
0.756
0.655
0.592
0.661
0.703
0.858
0.846
0.742
0.641
0.582
0.609
0.8
0.807
0.696
0.621
0.592
0.702
0.774
0.764
0.675
0.552
0.633
0.672
0.62
0.624
0.742
0.736
0.678
0.616
0.536
0.531
0.695
0.569
0.598
0.644
0.678
0.796
0.731
0.755
0.599
0.637
0.764
0.57
0.599
0.667
0.6
0.676
0.693
0.617
0.657
0.62
0.725
0.733
0.692
0.568
0.668
0.752
0.63
0.696
0.798
0.663
0.644
0.796
0.726
0.625
0.709
0.651
0.66
0.759
0.809
0.87
0.853
0.785
0.811
0.67
0.72
0.852
0.788
0.77
0.657
0.696
0.679
0.606
0.715
0.659
0.708
0.73
0.822
0.69
0.548
0.685
0.808
0.788
0.826
0.713
0.729
0.655
0.708
0.794
0.709
0.685
0.64
0.646
0.881
0.839
0.848
0.813
0.758
0.911
0.867
0.957
0.728
0.72
0.794
0.715
0.66
0.91
0.875
0.674
0.827
0.729
0.833
0.906
0.844
0.646
0.866
0.858
0.73
0.866
0.893
0.912
0.865
0.924
0.84
0.748
0.83
0.788
0.754
0.778
0.919
0.974
0.873
0.853
0.905
0.916
0.671
0.605
0.563
0.561
0.63
0.858
0.968
0.723
0.793
0.806
0.844
0.84
0.804
0.836
0.924
0.911
0.919
0.939
0.913
0.904
0.952
0.952
0.947
0.95
0.922
0.94
0.96
0.952
0.882
0.901
0.914
0.857
0.855
0.828
0.929
0.923
0.926
0.934
0.814
0.915
0.91
0.911
0.951
0.924
0.974
0.901
0.787
0.866
0.775
0.87
0.905
0.823
0.835
0.732
0.887
0.909
0.787
0.893
0.857
0.861
0.764
0.698
0.898
0.87
0.882
0.934
0.739
0.8
0.945
0.959
0.935
0.881
0.893
0.798
0.854
0.906
0.826
0.769
0.827
0.664
0.654
0.797
0.718
0.652
0.644
0.719
0.865
0.873
0.769
0.574
0.602
0.752
0.73
0.7
0.665
0.92
0.745
0.684
0.623
0.962
0.931
0.88
0.874
0.726
0.554
0.646
0.633
0.474
0.774
0.757
0.495
0.75
0.934
0.704
0.752
0.694
0.626
0.74
0.786
0.82
0.747
0.605
0.793
0.747
0.535
0.489
0.572
0.762
0.874
0.713
0.589
0.582
0.615
0.629
0.798
0.742
0.686
0.757
0.766
0.767
0.702
0.739
0.766
0.649
0.655
0.517
0.454
0.673
0.736
0.743
0.739
0.735
0.717
0.953
0.841
0.805
0.824
0.766
0.676
0.825
0.749
0.772
0.744
0.703
0.723
0.709
0.832
0.779
0.759
0.828
0.799
0.843
0.861
0.796
0.794
0.738
0.839
0.756
0.732
0.82
0.912
0.88
0.793
0.781
0.815
0.813
0.774
0.761
0.707
0.777
0.821
0.876
0.91
0.856
0.768
0.788
0.844
0.841
0.847
0.746
0.827
0.836
0.845
0.826
0.823
0.747
0.675
0.74
0.777
0.823
0.765
0.762
0.781
0.807
0.778
0.762
0.804
0.845
0.784
0.782
0.731
0.756
0.794
0.82
0.827
0.819
0.786
0.782
0.859
0.835
0.756
0.819
0.851
0.825
0.82
0.738
0.639
0.737
0.805
0.783
0.848
0.792
0.748
0.768
0.852
0.783
0.782
0.818
0.8
0.787
0.807
0.772
0.721
0.762
0.807
0.688
0.722
0.801
0.743
0.7
0.676
0.647
0.674
0.753
0.827
0.75
0.681
0.737
0.748
0.786
0.782
0.768
0.729
0.845
0.901
0.822
0.747
0.765
0.836
0.863
0.816
0.844
0.745
0.688
0.808
0.73
0.687
0.704
0.793
0.749
0.66
0.719
0.675
0.669
0.55
0.551
0.557
0.674
0.776
0.798
0.76
0.652
0.701
0.941
0.788
0.799
0.724
0.824
0.681
0.6
0.613
0.723
0.789
0.698
0.628
0.645
0.869
0.808
0.841
0.69
0.672
0.715
0.697
0.653
0.676
0.856
0.581
0.599
0.795
0.677
0.854
0.75
0.714
0.878
0.905
0.826
0.857
0.898
0.884
0.785
0.793
0.811
0.726
0.824
0.846
0.88
0.892
0.803
0.801
0.878
0.766
0.871
0.824
0.841
0.709
0.604
0.632
0.794
0.911
0.941
0.86
0.625
0.89
0.966
0.901
0.914
0.9
0.832
0.765
0.747
0.831
0.668
0.604
0.594
0.608
0.763
0.954
0.954
0.793
0.854
0.853
0.948
0.953
0.927
0.733
0.658
0.65
0.723
0.843
0.846
0.761
0.829
0.807
0.904
0.798
0.791
0.823
0.735
0.879
0.926
0.813
0.941
0.851
0.665
0.722
0.695
0.852
0.905
0.75
0.669
0.716
0.684
0.65
0.891
0.934
0.867
0.767
0.768
0.778
0.825
0.831
0.829
0.959
0.917
0.76
0.813
0.854
0.837
0.882
0.748
0.653
0.86
0.846
0.861
0.8
0.731
0.748
0.959
0.895
0.725
0.812
0.93
0.911
0.827
0.687
0.673
0.782
0.635
0.697
0.757
0.796
0.927
0.886
0.791
0.818
0.91
0.771
0.63
0.935
0.903
0.776
0.635
0.86
0.599
0.669
0.908
0.75
0.788
0.65
0.942
0.713
0.715
0.801
0.82
0.619
0.551
0.518
0.573
0.719
0.677
0.784
0.813
0.633
0.694
0.791
0.856
0.877
0.905
0.863
0.916
0.951
0.815
0.682
0.819
0.713
0.596
0.686
0.745
0.891
0.906
0.819
0.81
0.843
0.719
0.677
0.804
0.761
0.609
0.625
0.826
0.653
0.632
0.506
0.545
0.689
0.717
0.629
0.665
0.662
0.624
0.714
0.704
0.64
0.694
0.845
0.714
0.723
0.662
0.644
0.58
0.709
0.695
0.658
0.695
0.77
0.752
0.784
0.564
0.481
0.739
0.767
0.691
0.849
0.759
0.607
0.659
0.769
0.768
0.676
0.6
0.694
0.678
0.639
0.761
0.805
0.741
0.777
0.727
0.765
0.737
0.706
0.721
0.766
0.779
0.772
0.795
0.749
0.803
0.754
0.717
0.662
0.777
0.76
0.717
0.772
0.765
0.682
0.74
0.767
0.804
0.785
0.782
0.757
0.713
0.714
0.66
0.663
0.579
0.608
0.654
0.578
0.745
0.756
0.801
0.861
0.844
0.852
0.847
0.811
0.764
0.787
0.804
0.729
0.645
0.69
0.852
0.786
0.735
0.789
0.775
0.671
0.711
0.78
0.722
0.694
0.692
0.626
0.666
0.672
0.755
0.774
0.823
0.739
0.613
0.656
0.831
0.702
0.694
0.842
0.808
0.745
0.679
0.649
0.624
0.7
0.751
0.651
0.705
0.608
0.759
0.836
0.901
0.836
0.714
0.763
0.757
0.698
0.689
0.642
0.673
0.686
0.671
0.635
0.674
0.754
0.618
0.697
0.823
0.801
0.791
0.748
0.831
0.867
0.733
0.747
0.772
0.707
0.744
0.875
0.806
0.787
0.858
0.759
0.725
0.682
0.77
0.756
0.739
0.791
0.652
0.752
0.812
0.727
0.764
0.71
0.726
0.748
0.722
0.788
0.738
0.702
0.799
0.719
0.742
0.726
0.672
0.858
0.845
0.803
0.762
0.753
0.87
0.801
0.772
0.786
0.779
0.737
0.833
0.862
0.816
0.68
0.764
0.701
0.825
0.896
0.9
0.915
0.883
0.867
0.906
0.904
0.854
0.86
0.837
0.86
0.886
0.895
0.936
1.004
0.921
0.778
0.868
0.819
0.69
0.833
0.916
0.974
0.87
0.72
0.713
0.627
0.647
0.774
0.862
0.909
0.986
0.778
0.734
0.752
0.78
0.938
0.945
0.9
0.929
0.874
0.855
1.001
0.933
0.887
0.877
0.841
0.767
0.797
0.668
0.848
0.893
0.704
0.725
0.636
0.611
0.847
0.961
0.937
0.711
0.697
0.83
0.907
0.704
0.716
0.81
0.652
0.675
0.773
0.781
0.754
0.766
0.81
0.843
0.799
0.823
0.558
0.657
0.745
0.934
0.724
0.575
0.506
0.64
0.805
0.923
0.663
0.684
0.577
0.464
0.473
0.583
0.811
0.656
0.626
0.659
0.929
0.857
0.782
0.822
0.611
0.559
0.844
0.877
0.983
0.879
0.865
0.813
0.899
0.967
0.822
0.61
0.694
0.929
0.87
0.959
0.784
0.677
0.514
0.668
0.695
0.763
0.691
0.807
0.591
0.723
0.633
0.533
0.698
0.781
0.843
0.769
0.598
0.631
0.865
0.771
0.707
0.765
0.918
0.871
0.772
0.829
0.768
0.84
0.972
0.819
0.739
0.677
0.653
0.79
0.86
0.854
0.714
0.734
0.715
0.6
0.694
0.767
0.777
0.886
0.84
0.772
0.633
0.835
0.905
0.816
0.833
0.82
0.736
0.736
0.731
0.732
0.646
0.649
0.66
0.76
0.78
0.787
0.674
0.675
0.737
0.719
0.691
0.717
0.729
0.722
0.658
0.602
0.75
0.753
0.74
0.721
0.694
0.873
0.797
0.7
0.655
0.681
0.669
0.781
0.79
0.823
0.757
0.762
0.774
0.789
0.797
0.817
0.806
0.676
0.794
0.816
0.87
0.846
0.834
0.822
0.783
0.805
0.811
0.81
0.77
0.811
0.751
0.817
0.807
0.783
0.748
0.772
0.83
0.731
0.731
0.685
0.721
0.756
0.79
0.789
0.789
0.766
0.769
0.709
0.756
0.722
0.8
0.841
0.795
0.744
0.798
0.812
0.853
0.857
0.835
0.767
0.76
0.817
0.765
0.664
0.623
0.619
0.687
0.842
0.798
0.802
0.808
0.716
0.758
0.777
0.748
0.822
0.737
0.753
0.739
0.699
0.654
0.728
0.754
0.84
0.875
0.774
0.717
0.698
0.715
0.792
0.748
0.704
0.681
0.592
0.595
0.649
0.601
0.636
0.687
0.6
0.667
0.55
0.568
0.565
0.708
0.803
0.851
0.786
0.772
0.87
0.832
0.886
0.879
0.788
0.727
0.815
0.708
0.589
0.65
0.683
0.619
0.621
0.655
0.748
0.839
0.788
0.688
0.69
0.861
0.833
0.781
0.673
0.655
0.883
0.86
0.796
0.924
0.902
0.748
0.736
0.711
0.648
0.565
0.633
0.8
0.752
0.81
0.884
0.769
0.923
0.888
0.698
0.719
0.738
0.697
0.734
0.79
0.748
0.825
0.749
0.755
0.824
0.846
0.811
0.842
0.74
0.796
0.601
0.647
0.606
0.637
0.761
0.715
0.791
0.666
0.855
0.866
0.853
0.86
0.925
0.897
0.828
0.76
0.891
0.892
0.842
0.832
0.759
0.754
0.681
0.787
0.838
0.828
0.846
0.854
0.873
0.821
0.719
0.742
0.77
0.907
0.966
0.959
0.994
1.023
0.742
0.622
0.84
0.851
0.831
0.88
0.909
0.907
0.939
0.947
0.96
0.855
0.74
0.734
0.842
0.885
0.912
0.589
0.609
0.808
0.5
0.543
0.748
0.84
0.839
0.866
0.786
0.902
0.942
0.942
0.879
0.911
0.898
0.976
0.942
0.761
0.841
0.928
0.916
0.962
0.895
0.916
0.947
0.897
0.718
0.612
0.744
0.963
0.81
0.734
0.748
0.723
0.813
0.868
0.643
0.674
0.598
0.611
0.668
0.718
0.66
0.73
0.617
0.651
0.659
0.645
0.727
0.744
0.672
0.679
0.691
0.652
0.675
0.871
0.929
0.936
0.876
0.793
0.803
0.645
0.911
0.913
0.64
0.758
0.598
0.576
0.599
0.722
0.719
0.812
0.717
0.868
0.953
0.896
0.786
0.758
0.81
0.694
0.519
0.607
0.729
0.813
0.897
0.757
0.583
0.827
0.654
0.58
0.591
0.686
0.793
0.825
0.669
0.655
0.742
0.584
0.58
0.774
0.831
0.913
0.923
0.878
0.788
0.8
0.746
0.859
0.833
0.813
0.821
0.834
0.796
0.659
0.549
0.618
0.711
0.624
0.641
0.786
0.833
0.747
0.883
0.848
0.765
0.777
0.736
0.688
0.693
0.789
0.928
0.893
0.813
0.802
0.673
0.579
0.63
0.686
0.695
0.837
0.86
0.83
0.897
0.923
0.863
0.843
0.807
0.838
0.818
0.694
0.726
0.711
0.786
0.728
0.784
0.691
0.77
0.645
0.71
0.73
0.769
0.738
0.648
0.693
0.686
0.721
0.747
0.794
0.696
0.642
0.768
0.813
0.837
0.884
0.812
0.771
0.789
0.779
0.745
0.698
0.703
0.815
0.843
0.784
0.766
0.748
0.738
0.767
0.802
0.824
0.836
0.835
0.757
0.719
0.707
0.786
0.857
0.833
0.855
0.83
0.77
0.792
0.848
0.793
0.722
0.713
0.785
0.867
0.833
0.805
0.819
0.844
0.831
0.763
0.754
0.768
0.74
0.667
0.809
0.773
0.789
0.916
0.926
0.837
0.796
0.873
0.835
0.819
0.814
0.777
0.764
0.764
0.782
0.753
0.762
0.659
0.842
0.89
0.811
0.641
0.696
0.708
0.699
0.728
0.772
0.798
0.85
0.85
0.849
0.886
0.815
0.676
0.718
0.868
0.788
0.779
0.648
0.814
0.655
0.724
0.639
0.667
0.734
0.696
0.671
0.752
0.688
0.622
0.736
0.934
0.933
0.822
0.717
0.855
0.936
0.917
0.803
0.72
0.819
0.844
0.725
0.69
0.816
0.736
0.678
0.708
0.784
0.677
0.793
0.91
0.896
0.851
0.925
0.854
0.76
0.656
0.716
0.886
0.904
0.936
0.756
0.779
0.77
0.892
0.942
0.917
0.862
0.751
0.734
0.759
0.614
0.586
0.658
0.84
0.821
0.833
0.852
0.834
0.889
0.897
0.869
0.818
0.792
0.89
0.979
0.885
0.846
0.76
0.679
0.783
0.832
0.931
0.838
0.768
0.877
0.966
0.893
0.806
0.803
0.802
0.888
0.82
0.953
0.739
0.581
0.656
0.709
0.885
0.864
0.907
0.886
0.838
0.912
0.859
0.884
0.784
0.812
0.919
0.919
0.785
0.771
0.842
0.876
0.866
0.802
0.865
0.854
0.975
0.896
0.906
0.945
0.946
0.994
0.856
0.535
0.69
0.917
0.97
0.773
0.781
0.869
0.723
0.816
0.849
0.677
0.89
0.893
0.807
0.869
0.934
0.637
0.535
0.717
0.674
0.72
0.815
0.767
0.642
0.544
0.565
0.596
0.617
0.77
0.922
0.813
0.736
0.681
0.808
0.917
0.826
0.679
0.666
0.561
0.522
0.845
0.847
0.669
0.651
0.763
0.612
0.532
0.659
0.883
0.981
0.791
0.6
0.644
0.714
0.61
0.883
0.843
0.743
0.744
0.632
0.693
0.822
0.851
0.729
0.818
0.827
0.73
0.864
0.767
0.956
0.956
0.808
0.614
0.675
0.786
0.714
0.932
0.793
0.831
0.823
0.941
0.883
0.871
0.892
0.93
0.783
0.621
0.756
0.878
0.849
0.842
0.781
0.918
0.921
0.749
0.635
0.654
0.804
0.886
0.721
0.869
0.801
0.781
0.797
0.814
0.785
0.777
0.828
0.844
0.831
0.816
0.72
0.681
0.817
0.684
0.664
0.736
0.854
0.827
0.862
0.877
0.876
0.744
0.577
0.826
0.805
0.846
0.947
0.946
0.925
0.823
0.87
0.812
0.764
0.726
0.725
0.786
0.731
0.644
0.681
0.73
0.757
0.71
0.76
0.785
0.754
0.735
0.774
0.855
0.793
0.808
0.786
0.755
0.805
0.763
0.761
0.709
0.804
0.854
0.813
0.816
0.78
0.813
0.852
0.762
0.738
0.683
0.709
0.735
0.785
0.798
0.829
0.8
0.859
0.818
0.74
0.776
0.736
0.798
0.822
0.818
0.813
0.79
0.678
0.784
0.832
0.821
0.835
0.825
0.79
0.793
0.835
0.784
0.818
0.867
0.768
0.761
0.743
0.83
0.918
0.823
0.821
0.846
0.785
0.835
0.874
0.817
0.854
0.766
0.78
0.867
0.827
0.801
0.776
0.766
0.84
0.837
0.838
0.745
0.774
0.88
0.807
0.772
0.797
0.759
0.678
0.775
0.771
0.723
0.723
0.648
0.806
0.9
0.867
0.737
0.803
0.888
0.84
0.761
0.772
0.648
0.646
0.725
0.771
0.773
0.803
0.608
0.693
0.649
0.811
0.808
0.718
0.7
0.671
0.746
0.755
0.619
0.653
0.736
0.856
0.858
0.751
0.802
0.93
0.943
0.809
0.731
0.694
0.677
0.756
0.65
0.752
0.616
0.539
0.721
0.876
0.839
0.763
0.858
0.908
0.869
0.758
0.805
0.881
0.866
0.845
0.859
0.778
0.836
0.865
0.861
0.866
0.812
0.836
0.779
0.844
0.877
0.845
0.842
0.784
0.779
0.723
0.723
0.945
0.873
0.588
0.623
0.709
0.867
0.804
0.746
0.83
0.823
0.758
0.884
0.846
0.885
0.856
0.908
0.838
0.887
0.919
0.898
0.97
0.941
0.841
0.891
0.866
0.945
0.935
0.806
0.804
0.715
0.751
0.592
0.89
0.987
0.954
0.885
0.903
0.892
0.85
0.595
0.873
0.893
0.865
0.903
0.892
0.775
0.89
0.959
0.929
0.931
0.905
0.807
0.816
0.79
0.876
0.886
0.9
0.917
0.743
0.937
0.891
0.833
0.821
0.909
0.909
0.79
0.862
0.738
0.689
0.84
0.896
0.925
0.807
0.678
0.574
0.632
0.708
0.865
0.959
0.936
0.736
0.63
0.745
0.83
0.877
0.915
0.893
0.749
0.841
0.757
0.663
0.743
0.874
0.815
0.797
0.843
0.749
0.781
0.772
0.78
0.741
0.933
0.984
0.707
0.703
0.892
0.779
0.822
0.693
0.911
0.967
0.906
0.865
0.925
0.883
0.711
0.564
0.644
0.853
0.703
0.751
0.813
0.76
0.693
0.675
0.667
0.877
0.586
0.648
0.603
0.726
0.795
0.768
0.694
0.739
0.68
0.851
0.89
0.753
0.888
0.62
0.721
0.812
0.852
0.818
0.625
0.702
0.693
0.758
0.665
0.661
0.743
0.609
0.706
0.84
0.728
0.678
0.789
0.771
0.83
0.882
0.931
0.94
0.757
0.801
0.909
0.853
0.773
0.707
0.66
0.683
0.794
0.829
0.793
0.671
0.59
0.73
0.779
0.662
0.647
0.668
0.72
0.687
0.704
0.77
0.762
0.691
0.719
0.64
0.765
0.761
0.659
0.624
0.636
0.596
0.603
0.656
0.756
0.759
0.725
0.728
0.842
0.829
0.756
0.714
0.761
0.646
0.613
0.725
0.643
0.668
0.629
0.703
0.658
0.676
0.786
0.782
0.771
0.731
0.713
0.763
0.779
0.66
0.777
0.81
0.807
0.824
0.8
0.811
0.764
0.729
0.818
0.791
0.712
0.775
0.76
0.83
0.911
0.791
0.783
0.721
0.617
0.673
0.664
0.725
0.733
0.753
0.744
0.746
0.82
0.798
0.766
0.696
0.672
0.623
0.562
0.557
0.514
0.568
0.576
0.594
0.569
0.662
0.648
0.835
0.721
0.704
0.767
0.793
0.686
0.657
0.618
0.706
0.785
0.814
0.867
0.886
0.839
0.802
0.83
0.755
0.632
0.654
0.714
0.681
0.596
0.567
0.58
0.572
0.628
0.619
0.601
0.671
0.688
0.763
0.762
0.658
0.708
0.69
0.529
0.705
0.756
0.647
0.662
0.642
0.515
0.667
0.799
0.853
0.732
0.603
0.728
0.642
0.488
0.516
0.867
0.896
0.872
0.869
0.827
0.84
0.774
0.829
0.753
0.791
0.836
0.817
0.639
0.753
0.641
0.672
0.738
0.708
0.711
0.675
0.559
0.571
0.659
0.81
0.802
0.775
0.73
0.806
0.645
0.68
0.613
0.586
0.663
0.754
0.863
0.829
0.657
0.843
0.941
0.89
0.823
0.715
0.836
0.796
0.827
0.72
0.816
0.835
0.753
0.791
0.702
0.813
0.847
0.824
0.942
0.867
0.763
0.598
0.725
0.9
0.875
0.84
0.9
0.911
0.875
0.771
0.796
0.738
0.768
0.849
0.876
0.695
0.844
0.885
