1980 1 1
0.0014
0.3276
0.4071
1.1249
1.9428
0.22
0.2011
0
0.2714
0
15.6969
0.298
0
0.5655
0
0
0
0
0
0
0
0
0.9206
0.9032
1.8658
0
0
0
0
0.2219
0.3106
0.0288
0
0
0
0
0.1059
0
0
0.1244
5e-04
0.4957
3e-04
6e-04
0
4.5774
3.6751
0
0
0.2533
3e-04
0.779
14.3431
0.0491
0.0084
0.5779
3.6087
0.405
1.0081
0.205
0
0
3e-04
0.0392
6.4257
0.1924
1.6686
23.1322
0.3351
0.1734
0.4018
0
0.7434
1.0291
0
0.4743
11.2322
1.7639
0
0.2468
29.8097
0.2898
0
9.7623
0.9596
0
0.1415
3.356
6.623
1.7449
10.6145
0.1909
0.672
1.9571
13.8605
0.0655
0
0.3945
7.0502
8.0016
2.2894
0.716
5.4242
0.4752
16.4651
1.6595
0.6917
0
0
0
0
0.0012
0
0
0
0.1323
0.1684
1.9957
3.7259
0
0
0
0
0
0
0
0
0
0.1192
0.0067
1.114
5.0534
12.0666
7.167
1.6279
0
0.2833
16.846
12.8361
1.9279
0.0398
0
0.1014
1.3607
7.0621
0.5508
0
0
0.0274
1.2366
4.6446
7.432
14.8332
16.7353
5.1939
0.1536
0.3992
9.5578
9.7558
3.3739
0.4331
0.1564
0
0
0.0011
8.9234
10.251
6.815
0
0.061
5.2909
1.7084
0
0
0.0458
3.4606
0
0
0
1.6535
8.6343
0
0.0018
0
0.0299
10.3409
15.5602
1.0478
0.1453
4.7584
7.5286
1.7423
0.7416
3.8341
2.057
0
0.4968
0.6479
0.3762
0
0.3265
0.1703
2.8472
23.8018
3.1551
0
0
0.3085
4.594
12.4504
4.2022
1.0549
0.7882
0.6734
11.8163
11.4365
1.0177
2.3765
0.328
1.0926
1.9195
1.1573
8.1102
16.3327
5.0568
0.2974
6.3076
4.1654
1.6998
12.3972
7.6512
2.5067
22.024
8.8481
3.6519
0
0
0
0
0
0.2611
1.1943
4.3223
6.2641
5.1673
1.7709
0.0456
9.022
0.8926
0.016
0.0079
0.0686
2.9952
1.0525
0
0.9267
8.4745
2.4001
0.0222
0.1377
9.3322
0.0487
0
0.0012
0.7208
4.7247
9.3311
0
0.8043
3.42
0
0
0
0
0
8.0544
0.6649
0.1307
0
0
0
0
0
0.0012
0.0488
0.054
2e-04
0.161
0.5065
0.9822
2.5125
7.7676
0.0813
0.0292
0
0
0
1.1705
9.9559
0.0044
0.0296
8.6769
0
0
0
0
0
0.0255
0.7014
0
0
0
1.194
0
0
0
6e-04
0.6176
4.1503
0.2893
0
3.9486
1.3442
0
0
0.2687
0
0.2967
4.0527
0.1979
0
10.2303
1.4998
1.1536
0.3224
0.0444
3.6277
0.2067
0
0.0081
0.908
7.2616
6.196
4.5906
0.1685
0.2791
0.6191
0
0.2809
0.8532
0.4778
0
0.3642
0.2887
0.1107
0.2788
0
0
7.6678
0
0
0
0.0418
9.0656
0.6719
5.1467
1.4603
1.8874
1.9197
0.2212
0.4124
2.9822
2.9924
1e-04
0
0.1167
0
0
4e-04
0
0.0266
1.1802
0.183
0
0
0
0
0
0
0.0012
0
0.0583
0.2774
0
0.1018
0
0
12.4099
2.2414
0.0876
0.6438
0.0636
0.852
0.0941
0
0
7.2817
9.7335
0.2803
0
0
0
3.1051
0.6729
0.0135
13.2233
6.5104
0.2274
0.4217
6.4055
0.4829
0.0275
0
0.0016
0.5245
0.1382
0
0
0.6949
1.1528
0.0498
0.0658
0
2e-04
0
1e-04
0
0
0
0
2.3722
0.0867
0.3789
1.2559
1.1729
0.1019
0
0
0
0.9051
4.014
6.935
0
0.0226
4.5209
0
0.0415
0
2.3164
4.724
2.1911
0
0
0.1131
3.347
2.0143
6.438
16.0005
2.9537
21.4509
0
0.5664
8.8006
2.7715
0.3254
1.3175
0.5442
0.6314
7.3145
0.7717
0.0473
0.4958
0.0708
13.6422
13.3824
0.3371
0
0
0
0.1092
1.6581
11.5682
0
0
0.6318
11.7163
15.041
0.5639
0
9.9319
8.2593
0.2725
0
0
0
0
0
0.0378
0
0.0577
0.0564
1.6269
9.5647
6.9232
0.248
4.9271
0.0453
0
0.2866
7.2609
4.32
2.8276
3.6129
0
6.2211
57.6472
9.7778
0
5.4995
37.7304
13.0311
0.3693
1.3401
0.0676
0
0
0
16.3793
25.9062
0
1.5403
23.2299
0.0622
0.2296
0
0.0717
0.2554
1.1126
0.4297
0.1585
2.4016
3.1801
0.1137
0
4e-04
2.227
6.351
0
0.0279
2.9817
1.2566
0.1808
0.0067
0
0
6.3388
24.8784
2.1679
0.1082
0
0
0
9.1261
2.2036
9.9003
0.3885
0
0
0.2736
0.2031
3.9739
3.4045
0.1961
0.4494
3.3484
1.5075
0.0379
1.9584
17.1176
0.0396
0.0351
0.4402
5.5426
0.0595
0
0
0
0
0
0
0
0
0
0.0061
1.1144
8.6968
13.8418
32.6097
11.9101
7.3094
28.9467
15.2918
7.8924
1.7206
0.8341
0.1717
5.1705
0
5e-04
0
0
0.0073
7.9158
9.7501
4.9993
21.6979
11.4534
4.0417
0
0.4423
1.3407
0
0
0.093
0.7811
3.9939
0
1.0243
5.2291
2.8151
0.1507
0
0
0.7451
17.6003
0.0286
0
0
0
0
0
0
0
0
0.2365
0.1344
7.2401
0.9201
2e-04
3.1005
1.8391
3.325
0
0.0814
10.836
9.489
0.6674
0
0
0
0
3e-04
0
0
4.5913
1.8145
0.086
0
0.2687
0
0
0
0
0
0.0064
0.0317
0.1754
0.2761
4.826
22.2057
1.6804
0
0.3051
1.9637
0
0.8388
1.2603
0
0
0
10.4133
0.4866
0
5.8869
0.6779
0
0.2826
3.3357
0.1936
0
0
0
0
0
7e-04
0.2258
7.8112
0.4469
0.069
0.305
4.4023
6.5808
27.9757
0
0
0
4.6518
5.4642
1.3272
0.4554
2.7586
1.0734
0
2.0095
8.9131
1.7067
0.6561
3.3715
0.3369
2.4697
0.2672
0.5518
0.7631
2.987
0.2792
1.1199
3.0224
0.1455
0.0576
0.1626
0.0869
1.2056
1.3371
14.4586
0.4526
0.3964
0.2274
0
2.2459
0
31.131
16.426
4.2975
2.0405
6.283
1.2826
0.3912
0.7248
0.2479
0
5.7479
0.0073
0.6096
0
0.7313
0.0018
0.1121
0.5198
2.3281
0.3724
3.9846
0.0034
0.0943
0.0126
0.1907
3.8643
0
0
0
0
2.3943
5.8519
3.6994
16.4621
0.822
0.1083
0.5015
0.5304
0.8606
2.5033
7.2151
0.7504
4.2214
0.0432
5.2032
14.8533
3.1501
0
3.3306
6.6625
0.0826
0
0
2.7288
3.4156
3.1254
1.1166
0
0.108
4.5467
15.5824
0.0451
0.0244
7.154
2.2438
1.1747
12.7472
1.0542
0
4.0244
1.285
0.317
2e-04
0
0
1.8313
3.8259
5.4543
0.0968
0
1.5287
0.578
0
0
0
0.1643
1.794
0
0
0.0986
0.0492
0.3158
0.0667
0
0
0.5749
1.7432
4.9273
7.3212
0
0
0
0
0.1161
0
0
0
0
0.9674
8.5626
5.2641
4.9576
11.5453
15.5418
0
1e-04
3.2612
16.2858
16.9353
2.9241
4.1353
1.8962
3.7049
0
0.1004
0.0131
1.3589
0.2528
0.0011
1.9415
3.0824
4.5528
7e-04
0
0
0
8.9338
27.8389
2.8034
0.1945
1.8537
1.5629
6.2662
7.9299
0.8224
0
6e-04
0.0018
0.3875
20.5476
20.192
0.2958
0
0
40.6237
0.3453
0.0014
0
3.4378
1.9681
0.8284
1.9004
1.1727
0.0224
0
0
0
0.0448
1.9617
4.4219
8.6992
2.0241
0
0.1585
0.0436
0
0
0.2851
0.4117
0.6378
0
0
0.8084
0
1.5304
3.4335
7.6348
1.7129
0
0.8473
8.1517
2.0449
0
0
0
0
0
0
0
0
1.7353
0
9.3411
1.4224
0.0912
0.4412
0.5669
2.0088
0
0
0
0
0.0064
0.0849
1.0962
4.7094
0.2585
0
0
3.9179
1.3784
0.2942
0
0
0
0
0.4056
3.6844
0.8305
0
1.1488
3.7782
0.0404
0.3331
0.1321
8.1237
5.9636
1.3273
3.4656
2.0465
25.2539
0.5119
0
0
0
0
0
0
0.4282
0.8177
6.3951
2.1128
0.6749
0.1144
0.0872
0
0.0174
0.0778
0.4738
0.1903
0
0
0.0515
2.9325
0.0377
0
0
0
0
0
0
0
1.55
0
23.6581
13.3692
17.0951
9.8724
2.1067
0
0
0.0694
0
2.4091
1.1614
9.9719
8.29
0.651
0
0
0.0385
0
0
2.4153
15.618
12.5603
3.018
10.8481
5.957
0
6.9213
0.2794
12.8502
1.3576
0
0.1367
0.2784
0.9109
1.7504
5.4125
1.2511
0.4177
0.3204
0.6918
1.1225
1.7247
0
0
2.0846
9.0237
15.1878
0
0
11.2009
1.3463
0.1674
0.4039
6.7065
1.7314
7.4866
2.1971
13.3358
3.3442
0
0
0
0
0
0
0
0
0
0.0603
0
0
2.5673
0.5536
0.1395
0.1392
0.2429
0.6567
0.1656
0.1089
0.1615
0
0
1.5381
6.1429
2.1056
0.1183
0
0
0
0
0.465
7.1764
0
0.1138
7.9644
1.0298
0.7702
0.3918
0.4744
3.535
0
0
0.0223
0.3708
0.0854
0
0
0
0
0
0
0.2297
0
0
0.0597
0.0895
0
0.5677
0.2612
0
0
0
0
0
0.0345
0
2.6545
1.3121
3.6857
0.6065
3.3098
4.9981
0.2833
0
0
0
0.0835
0.0199
3.2605
8.6449
1.6398
8.1832
0.009
0.0807
0
0.6537
0
5.8383
2.2697
0
0
0
0.5863
8.0154
7.5794
0.7827
1.0146
3.0184
4.0458
5.3902
8.3063
4.0503
0.9448
0.2899
9.8819
12.9663
5.1501
0.259
2.057
0.2827
0.0544
0
0
0
0
0
0
0
0
11.2651
2.2528
16.7401
11.7605
17.5374
12.5082
3.1987
1.261
0.5519
1.8652
11.5303
0.0015
0
0
0
0.2699
4.0962
7.742
0.9799
0
0
6.4628
0.157
3.0956
10.8032
1.571
2.7312
3.8234
1.1204
0
0.4986
7.7564
0.9321
0.5332
0.2736
0.6094
2.9143
3.5413
0.6761
11.5558
0
0
0.1742
2.1265
0.2824
0
0
1.0569
0.8511
1.7062
0
0.0286
5.3772
0.4859
0
0
0
0
0
0
15.3815
23.9658
5.8826
8.4006
7.6546
7.9068
6.9028
10.156
3.276
0
0
0
0
0
0
0
0
0
0
3.7081
11.7327
4.7998
3.5069
1.5348
0.6182
6.6654
3.7625
1.7733
0
0
0
0.0379
3.6711
4.1065
13.8392
3.9679
0.3703
0
1.3313
1.0717
0
0
0.138
2.2878
0.02
16.0762
0.6816
0
0
0
0
0.3862
0.0933
0
0.506
0.1806
1.4712
0
0
0
1.2779
1.7721
8.4913
0.8993
6.7686
7.9002
0.0817
0.3234
0
3.7257
1.6528
5.1952
24.6043
0
0
0
0.0189
0.0507
0
0
0.1559
14.2835
2.9223
0.2171
0.2505
8.5627
20.4315
0.1353
0.0201
0.0012
0.3465
0.0531
0
0
0
0
0
0
3.4872
14.0938
24.0098
0.5235
0
3.8054
1.7121
0.1133
0.0509
3.1417
34.5785
1.3705
0
0
0.0378
5.0637
0.6048
2.4641
3.2839
17.7338
7.0097
0.6422
0.2989
0.4265
0.7222
0
0
0
0.0963
11.4885
7.7739
10.9122
0.0278
0
0
0.0386
0
0
9.1179
37.2085
0.1502
0
0.4743
8.704
9.1875
0.4061
0
7.6357
1.9875
0.9182
0
12.0239
0.0809
0
0.1221
2.001
22.5453
0.0515
0.0101
0.0577
1.9353
1.3007
20.4519
0.7522
20.8635
1.1608
1.423
1.0098
0.2796
3.8641
7.3951
0.0169
0.443
0.3595
0.0595
0.0203
0.0182
0.3479
1.4017
2.2075
11.4323
0.0164
0.7726
0.1267
0
0.7951
8.0882
0.4342
0.9381
0
0
0
0
6e-04
0
0.2015
0
0.5587
1.3447
3.8005
0
0
0.1067
1.2628
0.0444
0.1176
0.0326
0.5866
0.0498
0
0
0
0.4306
7.0398
0
0
0
0
2.7266
5.5758
0.0977
0.0032
0.6417
5.411
0.3729
1.5288
0.0687
0.0297
0
0.0027
1.7983
2.7124
0.706
5.3434
14.3625
0
0.0319
1.0559
0.3989
0.9169
0.0389
0
0
0
0.2125
4.9838
1.8202
2.5592
8.2555
1.1066
0
0
2e-04
0.0229
7.5516
0.1863
2.0544
4.3664
0.2932
0.076
0.0575
0
5.649
1.0894
0.3382
9.0726
0.0086
0.8018
0.2141
15.0672
24.7839
2.7732
0.0597
0.0236
1.7375
0.8571
2.7006
2.4305
2.036
0.4413
0
0
1.4318
1.7795
4.1838
5.8696
0.9382
0
0
0.04
0
0
0.2912
5.6802
3.8845
6.0061
2.4262
7.4806
5.1458
0.3947
0.1272
3.7992
24.7856
8.7217
6.3123
0.9523
0
9.7258
0.0779
0.1178
1.9944
0.0032
2.453
4.7669
4.3416
0.3216
0.4784
2.8499
6.4532
0.075
1.6044
1.0589
11.3197
4.1778
0.537
0
0
0
2.2677
3.9272
32.0209
10.1666
3.8856
17.8645
0
2.0509
4.5212
0.13
12.9349
2.6216
0.5613
0
0
0.1163
2.3575
0
1.0271
1.4743
0.0072
0
0
0
0
0
8.3296
20.3218
0
0
2.5179
3.9876
6.0054
4.5916
0.1088
0.805
3.1145
4.7886
0.0041
0.0207
0.6082
0.6273
0.0871
0.082
1.4641
1.0424
0.4661
4.7406
21.6853
8.1719
1.4085
0
4.9215
1.7606
2.7171
0.8227
0.9247
0
0.347
0.108
0.9925
2.6485
2e-04
1e-04
9e-04
0.0069
0
3.4542
1.5834
6.9802
12.3343
0.1782
0.1496
0.2889
0
0.45
4.7754
7.2062
3.6135
1.2023
0.0713
13.8169
6.8305
8.3524
1.7942
1.2189
0.0285
3e-04
0
0
0
0
2.4865
5.4886
0
0
4.6718
2.3587
0
0
0
0.003
0.4326
0.6945
23.215
1.6981
1.382
0.7837
12.8345
0.6505
0.1575
0
0.5305
0.0484
3.8122
10.661
1.0469
0.4592
1.3475
4.2207
1.1324
0
0.4674
0.3427
0
0
0
0.1377
6.283
1.0441
4.2524
5.7262
0.1365
1.9435
2e-04
0.6381
11.0492
0.3592
0
0
0
0
7.9214
4.5014
0.4549
0
0
0
0.0084
1.2698
0.4208
2.1974
0.029
0.2901
0.0436
0.5357
8.9366
1.6542
0.2726
0.347
1.0033
0.3096
0.02
5.3558
5.9397
0
0.2607
8.9805
6.4875
0
20.4765
3.0313
0.5486
0
0
6.0456
6.1402
9.3665
0.2179
0
0
2.7011
0.0018
0
0.0671
0.1938
0
0
0
0
0
0
0
0.0932
12.4893
0.0017
0.1893
3.0552
0
3.2549
9e-04
0.113
7.4424
0.2549
0
0.3298
3.1086
0.0077
2.0864
4.3345
6.8373
0
0
0
0.2018
1.9997
0
6.299
3.8109
0.0683
0.8892
1.6564
1.2416
2.7118
2.6798
8.1333
11.7347
2.4474
14.9097
0.0252
0
0
0
0.2202
0.4199
3e-04
0
2.4632
1.9721
0
0
1.1025
0.6374
0
6.277
1.3563
0.1432
0.0329
0.2148
1.4114
0.3873
0.3187
2.6855
0.3557
0.0013
0.1307
0.1218
0
1.6345
0.2776
1.0644
0.2146
0
1.48
1.0526
1e-04
0
0
1.9115
8.8488
13.3081
8.2827
1.8569
0
0
0
0
0
0
0.0106
5.227
8.6284
1.2886
0.1583
3.3331
1.9918
0
0.5119
0.2736
0
15.9883
3.7867
0.172
0.3929
1.6114
0
0
5.3015
5.1272
0.1393
0.1459
0
0.0298
0
0
0.4037
0.1974
0
0.8982
4.8668
3.1055
0.0348
0.4047
2.1535
12.2775
19.9497
15.3725
14.6384
0.7398
0.6361
6.1996
0.4687
5.8299
10.2887
1.1119
1.6822
1.4708
0
0.4523
0.0019
0.0104
0.0683
0.0884
0.1389
0.1087
0.4026
0
0
0.0267
1e-04
0
0.2942
0.1958
0
0.0121
0.0322
0
0
5.9223
8.8708
0.2135
0
0.2115
1.0705
0.4423
0
0
0
0
0
0.2948
2.464
10.9166
8.0278
16.3548
2.6246
1.9076
6.2914
11.162
1e-04
0.001
0
0.3934
1.4098
4.0433
21.0339
0.0141
0.0148
0.954
7e-04
4.7392
3.7227
2.1603
4.264
0
0
1.765
10.4937
3.2757
7.2532
10.5456
3.4073
1.5591
2.5818
6.36
5.3699
1.9809
0.7579
0.2308
0
2.7158
1.2255
0.0709
0
0
0
0
0
0.5082
7.2381
11.7023
1.8441
0.1205
4.2399
2.5692
0
2e-04
0
21.8367
0
0
0.1176
7.8265
10.7827
0.2782
0.0015
0
0
0.3073
0.5729
2.2485
0
0
0.3453
7.7891
0.0566
0
0
0.5299
18.2612
0.8778
0
0.0242
0.0438
1.7004
9.4619
18.3188
6.3049
0.0554
0.136
0.066
0
3.1798
8.2245
23.5137
5.3995
0.2307
2.8273
0.5671
0.0048
0
0
2.0252
12.682
14.1581
6.4405
0.2925
0
0.6737
23.3712
1.5237
0
0
0
1.2841
0.6421
0.5446
0
3.4158
12.6874
2.3171
0.1474
0
0
0
0
0
0
0
0
0
0
0
4.89
5.132
0.5571
1.0893
0.0978
0
0.6218
1.3756
3.1591
0
0.2937
0.2076
0.7212
0.8019
0
0.0354
0.2002
2.2871
2.8025
2.5519
3.5713
6.6975
17.3878
0.0011
1.5221
1.8359
16.7508
6.1472
1.0548
0
0.3682
8.0221
0.5995
1.5232
0
0
0.0226
1.1244
0.9493
0.2977
7.4669
25.2877
13.1794
10.9115
0.2505
7.8656
0.3819
6.3566
13.404
4.1102
4.2334
6.6713
5.1538
2.649
16.4158
0.5733
0.0581
0.7088
4.0883
0
5.1348
0.0581
0
1.3529
22.4391
6.3336
7.3422
0.2483
0.2817
4.0493
0.8585
0
0
2.6683
1.4167
0.0016
0.0017
0
13.4734
19.6635
1.2573
3.1184
0.1193
0.4715
0.3819
1.2212
0
0
0.5419
0.1936
1.5025
1.0724
1.318
0.1975
0.1481
2.3258
0.3121
0.1431
6e-04
6e-04
0
0
1.4705
0
1.124
0
0
0
0
0.0309
0.3012
0.048
1.5283
0.7518
0.0538
0
1.7922
0.3317
8.1943
4.1385
0.0378
0
0
0
2.1409
0.5506
2.9659
0.4158
2.3129
0
0.7926
0.8738
0.7946
1.5088
16.86
4.5287
0.727
12.4462
0.159
0
0
0
0.0393
0
1.7646
0.3384
0.66
5.6166
0.4166
4.5054
0.1066
12.3726
0.0032
0.0016
1.0701
0.0011
3.3805
0.8574
0
0
0.4473
1.5794
0.306
0.0551
6.1033
0.5453
0
2.7009
3.0301
6.041
4.4137
18.0297
1.0268
0.1607
0
2.8138
0.3375
15.6152
0.0048
0.0257
0
0.0012
0
0
0.8777
2.89
0.1298
0.1523
0
0.5294
1.3776
1.3812
0
7.152
3.8831
2.9117
0
0.3951
0.4704
1.2078
2.0428
0.8008
6.9621
0.2889
11.0801
1.7909
1.5087
2e-04
0.2971
18.8918
12.8098
0.8817
0
0
0
0.9939
8e-04
0.3401
0.11
2.5351
0.8663
0
0
0
0
0.9173
11.92
0
0
0
0
0.0537
0.5464
1.7921
2.591
29.0016
3.4287
15.9463
7.9812
0.9474
2.3269
1.9895
1.2178
0.8132
0
1.0612
11.8088
0.4805
0.0089
3.4087
0.7934
0.4268
1.7475
2.0163
0.3189
22.1801
6.8209
4.906
2.2701
1.5474
2.8153
3.2853
2.2922
1.7103
0.0616
8.2279
5.5437
5.4677
0.3168
8.7958
6.1962
0.2202
0.6705
1.3205
0
0
1.2276
6.6526
17.2912
0.0482
6.2262
1.321
13.2972
0.1125
0
0
0
0
1.2462
29.5374
2.1936
21.9577
15.0587
6.6289
0.202
0.2293
11.0464
0.7575
0
0.7069
1.1239
0.2858
0
0
0.6482
1.9146
6.093
1e-04
0.0016
0.0036
0
0.9685
5.0591
0
0
0
1.5245
1.4925
10.3946
1.4239
1.1345
14.6052
1.9864
0.001
2e-04
1.383
0.4586
3.171
0.6602
0.0396
0
0.5484
0.4924
0
1.1956
0.3422
0.1026
14.7108
9.1511
0.0942
0.001
0
0
0
0.001
0
7.0627
0.5328
0
0.0592
0
0
0.9871
10.6357
16.8909
0
0
0.2082
0.0476
0.2527
18.6086
0.5824
0.0275
0.0062
4.4932
7.3098
3.1454
16.1277
5.9539
29.2537
3.7464
2.7116
9.4769
20.1817
0.7099
26.2379
8.3946
1.0681
0.9961
0.0254
0
0.7074
0
0.0206
0.7495
8.4869
11.3706
0.0028
0
0
0
0
0.3886
0.2535
0
0.1494
0.0192
5.282
5.7128
3.4207
0.3991
0
0
0
0.4078
1.0463
0.0932
2.0347
0.6881
0.1616
0.017
1.9298
2.6992
0.0245
5.0906
0.1687
0.2894
0
0.1078
0
3.453
10.1083
5.6963
6.4703
2.2452
0.0538
0.2633
0.622
0.4007
27.7392
0.247
0.0174
0.0601
0
0.9876
20.3331
4.1268
0.0143
0.0491
0.1071
6.1582
6.0283
10.2614
0.484
0
0.0025
6e-04
0
0.0274
1.1191
0.4814
3.2886
1.1262
0
0
0
0
6.8568
10.6974
0
0
0.3347
0
0
0.1512
0.2106
2.4876
0.5886
0
0
0
0
0
0.1873
7.5402
0.8943
0
0
0.019
0.5591
0
0
4.1995
12.9119
0.2817
0
0.8321
0.3175
0.0114
0.0114
2.3487
0
0.0339
2.1631
10.4478
0.2545
1e-04
0
0
0
0
0
0
0.7221
0.1426
0
0
1.1775
0.0839
0.0331
0
0
0
0
0
0
0
0
0
0
0
0
1.0471
3.8558
7.2295
0.2071
0.5575
0
2.5469
0.0022
0
0
0
0
0
0
0
9.2057
0.2764
0
0
0
0
0
0
0.3795
0
0.0031
1.2763
0.5588
0.4437
0
0.0719
35.6091
9.1374
0.1084
2.7978
0.1656
10.2352
13.5033
0.9104
1.0721
0
0
0
0.7292
9.7037
0
0.1286
1.1941
0.4153
0.0656
0
0
0
0
0.2362
3.8488
2.2685
0.0855
1.1607
3.5022
3.2786
0
0
0.3604
12.2658
5.7627
0.2167
0.299
0
0
0
0
0
0
0.3256
0.0034
1.0282
3.7858
7e-04
0
19.8655
6.8012
1.4983
0.9512
3.6639
0
0
0.8945
5.796
2.4732
1e-04
0
7.3121
15.1733
6.254
6.6508
21.8671
0
0
1.9089
1.2913
0.7888
20.0996
0
0.0175
16.4541
0.3857
0
0
0
0
0
3.071
36.4724
6.8291
7.7688
1.1699
0.0019
1.9924
8.0413
0.4112
0.3775
6.8977
28.4182
17.5084
22.459
3.9042
11.3872
2.5663
4.437
2.9068
2.6878
2.6979
2.975
8.0697
0.0398
7.283
17.915
0.0286
0.0615
0
0
0
0
0
0.2653
0
9.2785
1.4063
0.6725
0
0
0
0.1465
0.2605
1.1023
8.2875
10.1788
0.1593
9.4344
0
0.004
2.7986
11.0745
1.4923
0
0
0
0
0
0.1182
0.4127
0.0214
0.0612
0
7.8829
10.6776
1.2867
0
1.9503
17.7687
24.2202
17.7568
0.569
0.2232
4.9388
0.2968
0.45
0
0
0
0
0
0
0
0
6.6725
6.0149
1.7296
0.6624
9.6293
0.7533
3.3525
6.6132
0.4494
0.0104
0.2029
4.1297
0.1442
0.0013
0.304
0
0
0
1.9529
1.8383
1.431
0.5456
1.8381
0
0
1.915
4.1593
1.2605
1.3897
1.0999
4.4196
0
0
0
0.003
0.0832
2.9382
0.3263
0.0415
0.86
0.9023
0.0668
3.4285
4.6824
2.1011
0
11.3395
0.1743
0.4049
0
0
0.1214
0
0
0
0
0
2e-04
2.8736
6.3649
0.3869
0.0031
0
0
0
0.0067
0.0479
0.6602
0.1826
0.0011
3.4858
0.0137
0
1.2225
0.3314
19.4095
1.3757
0.71
0.5819
5.7631
1.3209
3.9387
5.208
5.1739
3.9278
0.3324
0
0.1135
0.4649
1.6883
0
2.2486
6.4915
0.0529
0.4775
14.5698
0.4509
0.0895
0.6737
0.738
9.1265
1.3413
0.0405
0.0242
0.2488
2.7699
1.3927
0.934
6.7652
1.1729
0.2913
0.1635
0.0115
0
0
0.1307
0
0
2e-04
1e-04
0
0
0
0
0.2115
0.0328
0
0
3.1989
5.8631
1.6705
4.906
0.4236
0
0.5462
0.1498
0.7814
3.8379
0
0.0517
0.3353
2.1033
2.8624
6.8666
4.7848
1.1427
11.3785
0
0
0.0243
0.1435
0.3684
0.1011
3.1692
8.7188
0.2627
0
1.6204
0
0
0
8.4018
4.5017
1.136
0
4.4519
0.0371
0.0597
0
0
0
0
0
1.1255
4.8267
2.7593
0
0
0
0.3113
0.9273
0.0379
0
2.6236
1.0016
1.6746
0.6596
0.1134
0.4258
0.9066
0.2964
4.3562
0
0.2551
0.1276
12.8626
8.4977
2.5342
0.6558
1e-04
0.169
0.8283
0.9145
1.5019
4.078
15.8961
5.7151
0
6.1548
5.9594
0
0
0
0
0
0
0.2175
1.9449
0
0
0.7255
1.0422
0.5763
1.1494
0.1163
2.004
0.1848
0
0
1.7034
5.0088
1.0918
0.0807
0
0
0
0.25
1.2982
0.1578
0.1807
0.0323
4.9134
2.609
1.6003
0
0.2016
0.278
0.2471
6.9808
0.0017
0.0629
0.4912
0.587
0
0
0.4089
0.1455
0
1.0078
0
0
0
0
0
0.5137
5.174
0.286
0
0
0
0
0.0425
0.924
0
0
0
0
0
0
2.0818
0.2773
0
0
0
0
0.5248
2.2494
0
0.0573
0.0568
0
0.0925
0.0523
0
0
0
0
0
0
0
0
0
0.6602
3.7524
5.7132
0
0
0
0
0.4118
7.3119
2.8989
8.4729
6.9764
9.8768
0.1122
5.7265
1.6473
2.1738
18.268
0
0
0
11.3752
8.3726
0.0053
0
2.8675
1.9566
3.7312
4.4095
0
0
8e-04
0.3229
1.2975
0.6819
0.1877
1.4025
3.7429
0.1597
0.8105
10.3445
13.2035
0.5935
0.0122
1.372
13.0657
0.7169
0
6.1136
0.4493
26.5191
6.7068
0.0031
0
0
0.6435
16.874
8.969
2.2777
0.0292
0
0
0
0.0031
2.1007
3.0861
8.237
0
0
0.799
0.8586
0
3.0965
2.641
0
4e-04
0.0019
0
0
0
0
0
0
0
0.6396
2.5073
0.4184
0
0
0
0
0
0.6138
0.4341
0.6395
0.025
0
0
0
3.708
2.7016
31.4878
0.3951
0
5.4782
2.8338
3.2592
1.5537
0.1078
0.0012
0.2762
2.7752
0
0.0012
0
0.0277
0.7524
0.018
10.1781
21.1319
2.964
1.1973
4.4001
0.1916
16.7437
1.6293
0.0106
9.6418
0
1.0132
1.3695
0.0669
0
1.7721
23.3859
0.7794
0
0
0
0
0.1059
3.3047
0.3832
0.2125
0
1.3147
0.0012
0
0
0
0
0
0
0.1571
2.8094
1.4614
0.0141
1.8785
0.2503
0.1811
0.1264
0.3345
0.1369
0.7574
0.9171
0.4797
0.1252
7.7438
1.1975
0.0548
0.1614
10.52
22.4621
0.023
0.001
0
0
0
2.3786
1.3983
0.0209
13.2237
0.0237
3.4216
0
0.2109
0.0145
2.256
2.0102
2.1332
2.3906
0
0
0
0
0.1618
0
0
0
0.189
0.5035
18.9218
0.4272
0
2.1738
1.508
0
0
0.4979
4.5878
0
1.7825
1.6021
0.0398
0
0.0398
0
0
0
0.8447
2.3417
1.7326
0.3932
0
0.2645
0.022
1.977
11.181
0
0.2622
0.0396
0.243
2.6405
0.1952
0
0
0.5628
0
1.853
5.2156
1.2461
0.3485
0
0
0
0
0
0
0.0134
1.3598
0
0.3138
10.4592
4.8059
3.4859
2.3408
0
0
0
0
0
1.6521
9.957
6.8674
14.0249
3.6741
0.2266
2.0276
13.9448
19.146
2.8384
0.7194
4.6406
4.6085
1.6447
0.3258
0.057
1.1454
3.4709
2.6694
3.8725
0.3908
1.9811
7.3053
2.0082
0
0.0552
0
0
0
7.5705
2.3195
0.7548
1.6464
2.0327
0.3624
0.7176
0.6595
0.7435
0.2513
11.1916
5.7684
5.3116
0.5324
5.9274
3.5543
3.4644
4.6656
6.2454
0.2008
0.064
0.0142
0
0
3.1783
6.1637
2.8085
1.23
27.1414
2.4485
12.5944
26.4143
0.0058
0
0.0576
0.0549
22.0431
3.9664
10.4187
6.8949
8.7149
3.5551
0.066
0
0
3.8751
0.7419
0.3088
9.6811
7.8593
8.8851
7.2495
3.8601
0.6612
1.0614
5.7518
2.4696
0.0129
0.2262
0.095
0.276
0
6.23
5.9545
5.6451
0
0
0
0.0026
0.8745
0.5426
0.2487
0.2465
0
0.3047
0.6341
0.2011
1.3071
0.8764
7e-04
0
0
0
0
0
10.0971
9.8548
0.7204
0.3002
0.1316
0.3088
1.4935
7.0114
8.3394
8.3706
0.3271
8.0404
1.3009
0
0
0
6.3237
3.9223
0
0
0
0
0
0
0.2008
0.0368
0
2.9551
1.1734
0
0.115
0.1728
9.1569
1.4355
1.129
0.1723
0.1396
0.021
0
0
1.0009
1.5565
1.1481
0
17.1833
0.0845
0
0
0
0.8805
4.9105
5.5018
1.7318
9.5283
0.2716
0
9.9647
12.4298
3.4581
10.1786
1.5038
0
0
0
0.4665
1.6454
0.8559
0
0
0
0
0
0
0.0031
0.124
0.3559
0
0
0
0
0
0
0
7.9911
0.429
0
0
0
0
3.6358
15.1361
0.2751
25.5175
2.2277
2.9012
0.1197
0
0
0
0
0
0
0
2.4261
3.5452
0.3109
0.121
0.4317
0
0.5935
3.6809
11.1903
2.35
1.4498
1.3161
0
0
1.0796
10.4445
17.9255
13.6309
0.5767
0.0964
0.3633
0
0
0.203
0
0.401
0
3.2565
0.6862
3.1636
0
0
0.2788
0.2352
0.4909
0
0
1.4298
0.0371
0
0
0
1.6424
0
0
2.0212
2.9203
0.4157
0
0.1939
1.0967
0.8026
0.4764
0.0031
0
0
0.5633
3.127
0.0547
2.6674
3.2848
5.6505
13.863
0.18
0
0.6088
5.8171
0
0
0
1.4811
1.2566
2.9602
0.2978
0.2183
0.0096
0
0
0.1577
4.5588
4.8456
0.0167
8.2493
1.6141
0.2008
0.009
0.3252
2.0698
0.119
0
0.635
6.0551
0.5931
0
6.0484
17.0191
2.6873
8.14
1.8264
0
0.7554
0.0109
1.9045
0.3308
0
0
1.9186
11.1946
23.0145
4.779
0.133
0
0
0
0
20.178
4.2323
1.9185
0.3995
0
0
0
0
0
0
3e-04
0
0.2408
0.9459
0.1811
6.9937
1.0362
1.8485
0
0
0
0.0902
4.2259
2.2648
0.0633
4.3752
0.274
0.0302
0.8705
0.3923
0
0
0
0
1.586
1.4561
3.9309
2.9389
7.5872
3.0391
1.2076
0.5337
0.3285
0.2765
0.1408
0.4988
0
30.5247
4.205
0.8139
0
4.3845
0.1314
0
1.3578
0.0032
0
10.8407
12.0981
0
0
0
0
0
0
0
0
0
0
0.639
3.4229
24.0922
7.1621
0.2151
0
0
0.0316
2.4686
4.6799
5.4547
14.8736
0.5633
3.0444
15.0762
3.9156
0.1782
0.0094
3.7484
2.034
0
0
0.5758
2.7354
19.8978
0.0619
0.9131
3.2075
0.0806
0
2.1183
4.9757
19.2248
3.8666
0.2623
0.0978
1.6404
24.7915
4.714
0
0
0.6297
0
2.7139
0.7657
0
0
0
0
1.0821
0.4573
4.8081
5.1721
1.4635
0.4659
0.1791
2.2438
4.4761
5.5185
0.0436
0.2197
0
0
0
0
0
0
0.1601
17.0291
3.67
27.9689
25.3751
6.6277
23.5659
1.4402
0.0017
0.0854
0
0.0053
4.4445
9.4153
20.6965
4.1357
0
0
0
0
0
0
5.381
2.1977
0.0031
0
0
12.518
15.5381
2.7724
3.3754
0
0
0
0
1.6534
29.5135
0.164
0.0421
0
0.0266
2.5723
10.3763
4.3042
10.9931
1.6116
0.1217
0
0
0
0
0.2578
0.6436
0
0
0
0
0
0
0.0231
2.8943
15.4662
2.6062
41.6612
0.1351
0.6772
0.1821
0.0275
17.3277
5.2705
6.879
0
0.0074
6.1777
1.1146
3.7083
5.2487
1.9416
0.1083
0
0
0
0
1.33
3.7364
0.0111
0
0.1716
24.4483
0.1875
0
1.0062
2.0393
19.6924
14.9142
3.905
3.4761
0.4222
0.0064
0.0767
0
0.3162
16.2944
0.0659
0
0
12.9641
0.2589
0
0.084
1.4517
0
0.083
0
0
0
0
0
2e-04
0.2805
13.8173
2.3968
0.0032
0.7074
2.7351
5.0408
0
0.5346
0
0
1.2993
0.2101
1.6007
0
0
0
0.6166
10.0982
2.5103
0.3552
0.0233
0
2.3863
4.1349
0.3795
0
0
0.0292
39.6973
2.8049
0.1261
0
0
0
0
0
0
0
0.0435
0
14.3063
2.3008
1.7344
21.3754
1.4274
0
17.034
5.5324
23.2462
4.8375
0
0.0013
0.3977
3.5247
16.4395
40.0685
1.0063
0
0
0
0.549
1.4941
0.2641
0
0.1345
0.0331
0.3371
10.1207
1.2884
0
0.2239
0
9.134
1.0783
0.0264
0.4576
3.1604
3.7608
0
0
0
0
2.5227
1.5901
1.1806
0.1459
7.5449
0
0
0
0
0
0.1342
0.8144
1.3455
0.5353
0
0
0
0.5963
3.5507
10.8362
2.6346
4.1313
0.2414
2.4947
2.2929
1.8897
0
0
0
1e-04
0
3e-04
2.4629
0.4504
0.5018
2.6504
0.6816
2.5993
6.7803
6.5404
0.4534
0
0.4303
0.2193
0
0.0094
0.0788
0
0
0.242
0.5225
7.943
1.0141
0
0.0307
3.2668
5.2208
0.5275
1.1312
1.9618
2.4837
2.203
0.031
0.0365
0
0.3799
0
0.1883
0.501
2.9314
0
0
2.2278
5.1244
1.3142
0.1896
0.0114
9.9324
4.5854
4.1356
0.0439
9.2135
0.073
15.5755
13.99
1.3207
2.033
0.0708
5.8613
0.2427
0.226
8e-04
0.4281
0.4597
0.0256
0.2315
0.0123
0
0
7.715
3.6853
0
0
0.784
0
0
0.2044
3.342
5.0162
0
0.7411
3.9882
0.2993
0
0
0
0
1.3267
11.5369
3.3345
11.9768
2.6392
0.0913
0.1331
9.034
16.4615
6.9682
6.8758
0.9497
0
0
0
0
0
0.2853
0.7938
5.3572
4.7099
0
0
1.5581
5.5821
8e-04
3e-04
0
0
0
0.4449
0.4895
0
0
0
0
0
0
0.7065
2.9986
3.3227
1.6481
4.2279
0.7876
0.0062
0.8472
2.4884
0
0
0
3.1936
2.3705
0.2297
0
0
0
0
0
0
7.8767
13.5689
6.49
0.5029
0
0
0
0.0254
3.2182
1.0003
0
0
0.1641
4.6307
0.9259
0
0
0
7.2004
6.5334
0.0368
0
0.0024
0.5299
0.2282
0
1.1665
4.3484
11.7664
16.5873
12.4225
0.4071
0
0.1047
0
0
0
0
6e-04
0
0.746
0.253
0
0
10.6412
26.258
4e-04
0
0
0.2377
3.5408
1.1201
0
0.0015
2e-04
0
0
0.3572
1.2437
0.2379
0.6662
0.0494
0.2472
0.4151
8.854
0.1598
1.0221
0.3564
0
0.0012
0
0
0
0.0064
0.4722
10.6021
2.0294
0.1934
0.232
0
0
7.3641
1.3012
0.8193
1.4385
1.4484
3.5782
0
0
0
3.9567
0
0
0
0.392
6.6055
10.0822
15.9818
1.8589
0.1499
0
3.4201
2.9903
1.6481
0.3188
0.0163
0
0
0.3827
0.9839
0.0087
0
0
1.3758
1.6917
0.7353
0.0975
2.8879
2.852
0
6.8444
5.4213
7.2743
4.3295
1.742
0.09
2.1318
0.38
0.3812
0.7943
1.3616
1.1876
1.2219
2.9308
3.5047
11.8715
1.0333
0
0.2293
0.1191
0.0083
0.0721
0
0.9922
1.6528
1.3015
0.7625
0.4053
0.1768
9e-04
0.3057
0
0.351
5.5863
0
2.8347
0.0034
0.0166
0.0197
0.9874
0.727
3.3877
0.5907
0
3e-04
0.2571
3.6871
0.1828
0
0.0896
0.4341
0.2146
1.4083
0.4934
0.0014
0
4.5631
29.3117
2.4299
1.7123
0.4058
0.0031
0.1297
1.9194
0.7675
0
3.4069
0.829
2.6518
0.3413
0
0
0
0.0334
0.0868
0.5639
0.1963
0
0
0
0.3273
0.6664
1.0411
0
1e-04
0.1097
0
1.9867
0.1507
11.1782
1.5931
0
4.3772
6.8554
0.6623
0.1393
0.2716
0.1713
0.0844
0.102
0
0
2.7504
2.8462
0
0
0
0
0.2524
7.681
6.6541
1.8452
0.1295
8.333
2.5112
0.0336
0
0.2477
4e-04
7e-04
5.2839
5.1571
7.6716
0.0382
1.6856
6.6976
0.0338
0
1.8967
3.0134
2.304
0
0.0776
4.4177
0.9908
5.1972
0.5433
0
0.0997
0
0
0.5696
0.2818
0.3193
0.4502
3.0414
2.7324
0
0
0.0555
6.024
18.4225
11.286
0.7461
4.8316
13.1067
4.8901
1.0109
4.4917
2.954
0.8488
0.2138
0.0265
0.6069
3.2147
0.215
0.3758
1.1798
0.1628
1.7322
7e-04
0
0.6443
4.0122
3e-04
0
0.1922
0.4075
0.1399
0.5311
0.8376
7.8466
9.1202
0.1057
0
0
0.2537
4.8919
23.3289
0
1.2858
0.1424
0.002
1.1648
16.9924
1.4699
0.3624
0
0
1.0359
3.4753
0.7544
1.9415
0.1572
0
0
0
0
0
2.3316
0
0
0.4201
38.2687
3.3949
0.1649
0.2641
0.3005
2.5442
11.2298
2.5361
1.9147
0.24
0
0
9e-04
0.9788
0.1093
0.7045
0.0912
3.3243
0.4814
0.121
0.6216
1.9068
11.3005
0.3816
9.063
32.2444
12.0468
24.0627
2.1009
23.6521
1.3584
2.2592
7.8548
3.0034
0.4269
13.8577
5.2493
0.121
10.3413
2.263
0.0522
2.3222
8.027
15.3673
0.5434
1e-04
2.7826
1.2676
0
0
0.0072
5.0741
3.0846
0.2638
11.1019
0.0536
6.6814
2.0204
6.6364
0.8644
0.0162
0.9942
4.9605
0.0338
0
0.0407
0.0048
1.6476
2.8794
1.8442
13.2849
19.4668
0.0467
0.6464
0
0
4.6527
6.8611
0.437
0.3446
15.5921
5.5747
2.7488
4.7858
13.105
0.0404
0
0
0.0011
6e-04
3e-04
0.5416
8.337
7.9412
0.1102
19.5895
6.1914
0
0
0
0.0223
0.5163
0.0397
0
0
0
0.0176
0.0208
0
0.0351
0
0.23
0.5523
7.2759
0.7565
1.0882
0.3513
0
7.5124
12.7354
5.466
0.1446
0.3092
1.4929
0.8904
0.2664
0
0
0.1987
0
0
0
0
0.5026
0.1533
0.048
6.4333
15.4917
1.285
3.5582
1.4088
0.3951
0.3196
0.1926
0.713
3.0677
9.9821
24.057
5.1066
0.4555
0.0976
0.0092
0.0902
0.104
0.012
0.0166
6.406
7.522
7.8763
0.5769
3.2435
0.0278
0.0516
0.101
0
0
0.0719
0.5672
0.6688
0.0465
0.445
0
0
0
0
6.3916
1.5301
0.1734
0
0
0
0
0.0339
0.0091
0.6096
7.9589
0
0
0
0
0.001
1e-04
0
0
5.3794
13.85
11.5263
0.0707
0.2756
4.0042
20.1918
19.7585
0
0.0752
1.3831
0
4.2519
0.5875
2.6445
15.5174
0
0.0542
0
0
0
0
0
9.8702
4.2586
0.0692
11.0703
0.0852
0
0
0.2266
0
0
0
0
0
0
0
0
0.2001
0
0
0
9e-04
0.215
12.3129
1.5637
0.4156
0
6.1943
0.1836
0.0217
0
0
7.9272
7.3578
1.0528
0.2323
0.1002
1.6389
0.083
0.0042
0.0628
0
0
15.7508
4.1438
0.6613
0
4.5344
0.9663
3.4174
1.7531
0.4137
1.3551
0.581
0.1784
2.3593
7.2794
0
0.3007
3.135
2.1237
0.0962
15.2435
2.2804
0
0.0606
0.1991
0.4655
0.0336
0
3.0145
14.341
0.2416
0.0885
0
0.0471
0.1169
0
0
13.3369
11.8948
1.1188
1.6675
0.2052
1.4833
1.4441
11.2361
0.3683
0
2.0075
6.9366
8.6536
0
0
2.8417
16.8047
9.6227
0
0
0.8276
2.2116
0.0838
0.0066
0.3664
3.5384
2.8547
0.0057
0
0.001
0
0
0
0.7984
0.9063
0
0
0.4877
0.2971
0.7568
0.9485
0
0.2139
0.0406
2.2664
2.7929
0.6372
0
0
1.0625
8.3854
0.6129
6.0079
0.0642
1.419
0.0098
4.0405
3.9631
0
5.0201
18.7481
12.0813
0.9856
0
0
0
3.7071
0.3842
0
0
0.0797
0.2757
3.282
15.5304
0.3489
0
0.0386
6.9274
8.3357
0.1498
4.6581
0.2506
0.9432
2.5496
8.4414
2.8844
0.0268
0
0.575
3.3234
4.0261
0.2529
5.3465
4.705
13.305
0
0.2927
0.1076
0
0
0.07
2.7947
0.0104
0
0
0.0818
0.0279
1.0701
7e-04
0.1849
0.1876
1.7773
3e-04
0
0
2.209
1.5937
3.7448
0
0.1428
0.2164
0
8e-04
1.9222
2.1726
0.4496
0.8583
0
0.0088
0.3354
0.1454
0
8e-04
0.8123
0
0
0
0.0088
0.1186
0
0.0028
0.0232
0.0029
0.1482
2.3652
1.3122
8.0794
13.2532
1.2361
0
2.9527
0.5374
0.0294
0.0939
0.5125
0
0.1533
0.0363
0.8429
5.6145
0.3203
0
0
0.0011
0.1271
0.7555
0.0166
2.7118
0.6585
6.6408
15.2946
2.0571
1.7478
3.8435
3.0671
0.0246
5.5462
0.0554
0
0
0
8e-04
0.3161
6.3855
0.1912
0
0.0354
0
0.0011
0.0018
6.8139
10.8946
0.0231
1.4291
4.395
6.2183
0
0
0
0
0
0
0
0
5.61
7.509
3.1563
0
3.9566
0.1678
1.4755
0.5107
0
0
0
0
0
0
12.0915
18.5317
5.8025
0
27.1295
1.7573
0.2375
0.045
0
0
0.0569
1.0546
0.35
2.5682
17.8412
1.1215
0.2388
0
0.1857
2.6436
2.1547
18.5195
5.6857
0.3363
0.2942
0
0
0.6902
0.0088
0
0
0.6038
1.3641
0
0
1.7174
1.1112
0.7505
3.0555
3e-04
0.5495
0
1.3952
0.3236
0
0
0.2871
0.1567
0.0877
0.5122
0.3118
0.1141
2.5032
0.6013
2.8529
3.8859
0.202
0
0
0.6724
0.0688
0.162
0.8008
0.1513
0.2054
5.0309
0.0017
0
0.2442
0
0.0825
1.1537
0.0811
5.5325
1.6944
8.4141
14.6831
0.3244
0.3189
0
0.4701
0
0.1286
0
0
0
0.0722
4.0544
1.7379
0
0
0.1256
0.548
1.1125
0.6443
0.0462
0.0554
0
0
0.0672
0.5203
0.0104
6.8779
1.1773
1.5627
2.5178
0
0
0.2124
0.01
0
0
0
0.69
1.0862
0.7762
2.17
4.3762
0.4021
0
5.0454
0.5586
0.2255
0
0
1.5557
0.0213
0
7.7893
0.144
0
2.5108
0
0
3.6684
0.4113
1.2905
0.0012
0
0
0.1087
8.2135
0.053
1.3293
14.7815
4.9524
0
0.3434
13.0962
6.1294
18.8952
4.9095
0.0625
0.8586
0.2717
0
0
0.0265
0
0
0
0
0
0
0.5342
4.1321
1.4427
1.0767
6.6594
5.0419
0
0.0303
0.0667
0.1657
1.132
6.3139
1.8455
0.0264
0.0025
0.5153
4.4152
0
0.1103
2.9098
1.0146
0
0
0
0
0
0
0
1.178
9.1589
4.334
0
0
0
0
0
4.6158
0
0
0
0
0
0
0.7484
0
0
9e-04
1.0663
3.4372
0.5468
1.636
0.5652
0.4427
0
0
5.6647
10.0763
0.1009
2.2403
26.4524
8.5019
13.9694
4.2903
0.0013
8.4866
0.7633
0
4.4465
2.0611
0
1.553
0.2211
2.7451
11.8967
3.3233
0
0
0
1.3158
1.7378
0.141
0
0.1269
0.091
0.0271
0.0456
1.4466
9.3071
0.3556
0.2943
1.1976
0.3918
1.7059
6.7824
1.9869
2.3472
0
0.1296
2.1129
2.3661
6.3484
7.2771
0
0
0.1311
0.2207
0.1444
2.6081
0.5585
18.5267
11.7121
0
0
0
0
0.3979
8.8968
9.7903
0.375
0
0.3409
3.1601
0.3045
0.2513
1.7216
2.4052
0.2482
1.287
0.0279
0
0
0
0
1.7583
3.5351
0.0111
1.5493
0
0
0
0
0.1821
0.0012
0.7568
6.4893
0.5005
0
0
0
0
0
0.2738
6.2162
3.4689
1.6772
0.516
0.295
0
0.1477
0.0087
0
0
0
0
0.252
0.7013
4.0854
0.0233
0
0
0.0455
0.0447
0
0
0
0.0022
1.8245
0.0533
0
0
0
0.5012
1.8029
0
0
0
0
0
1.3716
6.5282
0.545
0
3.5466
3.5983
5.5654
0.0103
0
15.2858
4.6485
0
0
0
0.211
0.0095
0.36
0
0
0
0
0.7129
0
0
0
0
0
7.7181
7.0363
0
0
0
0
0
0.5968
8.5846
0.8617
15.0383
0.6163
10.2579
5.9554
3.6619
0.8677
0
0
0.0054
3.29
10.0738
0
0.0012
0
4e-04
7e-04
0
0.001
0
0
0
0.0011
0
0
1.6603
3.2677
0.0952
0
0
0.0043
2.7576
6.2014
0
0.0196
0.0067
1.5321
1.5694
0.1648
4.2626
25.0492
10.4228
0.7101
0.138
1.8205
28.1083
5.6378
1.7195
0.7873
0.1369
0
0.0424
0
0.0347
0.0026
0
0
0.4347
0
0
0.618
0
0
0
0.0549
0
0.0682
0
0
0
0
1.9745
0.9079
0
0
0
0.0151
0.0573
0.0288
0.8425
0.9694
1e-04
0.002
7.4974
8.0208
0
0.0012
0
0
1.7382
1.6765
13.935
14.2907
0.2766
0.1603
0
0
0
0
0.0011
0
0.0011
0
0
1.204
1.7344
0
0.0302
0
0
0
1.1702
1.6412
0.0381
0.0773
0.3015
0.1826
0.2268
0.2783
2.6425
0.2154
0.1914
0
10.7161
18.2684
14.8509
0.1912
14.5056
0.7285
0.0256
0.0358
0
1.9785
9.5111
1.477
2.0384
29.1187
0.0264
0
0
1.1769
0.0042
0.0223
0
0
3.7538
0.1088
1.4255
0.0062
0.4664
4.2608
0
0
0
10.5175
7.3756
6.9127
0
0.2433
5.1177
0
0.02
5.9956
19.0165
8.161
0
6e-04
0
0.3245
12.2088
12.8133
0.1599
0.037
16.1499
8.4814
0.008
0.0102
4.8845
5.7882
9.87
0.1928
0
0.0292
0.6066
2.2688
0
12.5244
1.9158
0.9493
0
0.2178
0.888
0
0
0
0
0
3.6351
2.7476
0.5001
1.1558
2.1295
4.4242
15.6349
4.3752
15.6296
7.3637
1.3286
0
0
0.1488
4.7992
4.6103
0.2531
0
0.064
0.0556
0
0
0.2632
10.8289
0.0415
1.8329
15.2113
0
0
2.0157
8.1595
1.619
13.8316
0.7087
2.642
8.1444
6.3194
3.5176
0
0
0
7.3817
8.2795
0.0934
14.6789
22.2902
3.9717
0.4899
20.7362
8.3115
4.1818
0
1.969
5e-04
0.011
4.7653
0.1199
17.0098
17.2929
0
0
0
0
0
0
0
0
0
0
0
0
0
0
0
0
0
0
0
0.081
2.8652
0.756
0
0.6467
4.9505
1.2589
7.6934
0.0282
4e-04
2.7353
0
0
10.8099
0.7398
2.3797
0
0
0
0
0
0
0
0
0
0
19.2656
6.4785
38.8996
13.6282
0.1009
0
0
0
0
0
0
3.2254
0.2407
0
0
0
6e-04
2.9925
2.0935
1.1075
0
0.0812
0.0408
0.002
6.217
1.3342
0.9128
0.3431
4.104
2.4571
12.945
0.6085
0
0
0.3262
12.5476
0.1103
0.0825
3.4883
31.0046
0.5064
0.3955
0.1107
0.0321
0.2367
1.2049
4.1209
0
0.0077
0.105
0.1347
0.026
0
0
9e-04
0.093
0.2234
0
0.0164
0.212
0.5481
0.4557
0
0.0287
0.0012
0
0.3615
1.5765
0
0
0.6462
2.1278
7.789
0.0058
0
0
3.6729
9.288
0.4627
0.079
0.153
0
1.6953
1.4036
0.0478
0.1168
0
0
0.362
0.1724
0.2712
2.3378
6.7047
0.02
0.204
0.1844
1.684
0.5588
2.5629
0.4869
0.514
3.7274
0
0
0.4182
0.2732
4.4778
1.5131
12.0589
0
0
0
6.8516
11.4094
0.2767
2.3564
2.845
0.0249
0.2444
0.5645
0.8673
0
0
0
0
0
0
0.3526
3.5781
0.3994
0.339
0.6506
0.5893
0
2.3864
0.27
5e-04
0.0483
0.842
0.1921
1.2545
0.0844
0.0655
0
0
0
6.0452
18.4084
6.9673
0.0634
0.0032
0.086
1.3848
0.4562
12.5174
5.3268
0.5908
0.0631
0.0013
0
0
0
0
0
0.173
0
0
0.5196
23.0997
17.1595
1.9271
0.0297
0
0.3467
0.4928
0.028
0
0.2464
0.3086
1.9187
3.5056
18.8465
0.002
0
2.7185
1.3354
0.0383
0.1952
0
0.11
0.1557
0
2.2708
5.9984
0.6795
5.4039
4.0283
0.2955
0
1.3654
11.7834
0.0046
14.0127
33.0033
1.2239
0.6863
4.5277
0.5806
1.4829
14.815
18.1105
2.0368
0.4869
0.817
8.6545
3.6539
2.3635
0.1164
1.5527
9.4411
17.8742
13.3471
0.8077
0.0065
0
5.4922
2.2555
7.6374
0.0056
0
0.4344
2.5784
0.1158
0.836
2.5872
0.9703
1.2951
11.178
0.5643
1.6262
0
0
0.1716
6.1606
5.8059
5.8541
2.2159
12.0609
20.533
7.1873
3.6433
1.1738
9.866
5.5734
1.7143
2.7834
0.0121
0.0082
0.713
6.1974
5.5181
1.9484
0
0.0948
1.0589
12.8527
1.2546
0
0
0
0
0
0
1e-04
5e-04
0
0
0
0.5073
0.0883
0.0671
1.0847
0
0
0.3894
4.5021
18.1462
2.9913
0.6602
10.908
0.2969
1e-04
0.0616
0.3485
0.2092
1.2955
2.3081
0.2524
0
6.2781
9.2831
16.8808
2.1629
3.4552
0.1324
0
0
0
0
0
0.2903
0
0.0022
0
0
0.162
2.3437
1.1411
0.2385
0
0
0.1018
0.4398
0.4905
3.4578
3.8176
0.3186
0
0
0.0547
0.0752
0
0
0
0
0
0
0.0312
0
5.9548
41.4134
0
6.1646
1.3594
0.1977
12.9278
0.2163
0.5434
5.6081
4.4715
11.6053
0.0017
0
0
5.7158
15.5262
0.1801
0.2011
0
3.583
12.7062
38.0926
0
0
0
0.1592
0.0054
0
0
0
0.001
0
8.6404
1.2501
1e-04
1e-04
0
0
0
0.001
0.681
21.6734
3.4125
2.1592
0.8975
0
6.9953
0.668
0
0.6772
1e-04
1.6018
0.9634
11.9839
0
9e-04
0
0
0
0.0372
0.8774
4.6008
8.9016
4.2645
3.5176
1.368
0
0.2718
0
0
0.2358
1.7966
0.6425
0
0
3e-04
0
0.0043
0.4851
16.6768
17.021
0
4.5238
0.6097
4.4456
11.2621
0.2859
0.4514
0.2562
0.5908
0.5584
0.246
0
0.9057
0
30.9835
6.9735
2.0464
0
0
6.5883
26.7799
0.0626
0.0165
0
0
1.1258
5.0434
10.681
0
0.33
0.0636
0
0
0
0
0.199
0.6184
0.1979
0.3794
5.6366
1e-04
0
0
3.1808
0.5864
0.0296
0
0
0
1.5246
6.7707
0
0
0
2e-04
0
8.7765
0.6724
3.5413
3.2044
0.0773
10.5338
4.5768
0
0
0.0378
0
0
0
15.8226
2.6005
0
0.1299
0.6016
0
0.0794
2.1111
0.965
0.0792
0.9765
0.3331
3.1638
0
0.2587
0.5252
1.1277
1.8926
0
0.263
0
0
2.3145
38.8511
4e-04
1.6512
13.4173
0.1551
0
9.6138
4.0797
0
1.9282
2.2157
3.6564
0
0
0.0051
21.4672
5e-04
0
0
0.9603
0
0.0013
0
1.0019
1.7376
0
7.6498
2.8364
0
1.8305
8.4716
4.4094
1.0416
0
0
0.1192
1.7203
6.9703
0
0
0
0.0747
0
0.0015
21.8432
1.128
0
0
3.2624
3.5412
0
0
0
0.0965
2.5902
0
0.08
0.461
0
0.7117
6.1745
0
0.0189
7.3305
6.165
24.7765
1.5234
5.3181
3.8848
0
8.1681
0.8807
0.8214
0.0451
1.3724
0.8712
0.6686
4.2858
0
0.5347
27.2935
4.8376
0.0216
0.4738
0
0
0
45.1334
0
0
0
8.7816
6.8116
27.3036
30.477
8.239
0.1741
0
0
0
0.0109
0
0
0
1e-04
9.3915
0.4759
0.0011
0.0045
0.415
0.0414
12.9941
3e-04
0
0
9.7697
0
0.9456
0
19.1717
0
0
6.2023
3.4769
0.5964
0.0018
0.0015
0
0
0
2.4386
0.6084
28.0171
0
0
0
0
0.1345
1.1572
0
0.5006
0.1133
2.0695
0
1.2555
11.5609
2.4508
0.3309
0
16.152
5.8368
2.3692
0
0
0
0
2.5944
0.2901
10.8006
0.2221
0
0
0
0
0
2.3285
3.3113
12.4522
0
9.3394
15.1448
25.055
1.123
0.0179
3.3533
1.0608
2.4378
3.6068
9.2308
0.6072
0
0
0
0
3e-04
0.7723
0.0209
0.0101
3.4847
0
1e-04
0.7444
0
2.9476
0.1435
24.9209
1e-04
0.0966
0
0
0
0
1.3023
1.2549
0.9103
32.1383
0
0.3212
2.1014
0
0
0
0.3212
0
0.6993
1.0301
0.7478
1e-04
0.5129
0
0.6142
0
0
0.0044
1.6699
1.417
0
0
0.2941
6.9453
0
0.0268
0
0
0
0
0
0
0
1.5418
2.7126
17.3313
2.8791
0
0
0
0.0901
1.1277
1.2794
2.2311
0.5374
0
0.3348
0.8165
0.0436
0.4094
0.1849
0.4215
0.0042
0.976
10.1406
1.7693
0.6082
0
0
0
1.4608
0.3161
8.8898
0.4141
0
0.3343
0.4401
0
16.1689
2.6233
1.2574
0.0089
2.7072
1.3098
5.0132
0.9498
2.7745
0
0
0.6556
17.6359
0.3435
0
0
0
0
0
0
0
0
0
0
9.1864
4.4479
4.337
9.1594
0.6914
0
0.1493
0
1.9545
0
0
0
0.3738
10.5975
0
6.6605
40.4847
15.0272
3.7414
0
0
0.2797
1.7322
0
2.1428
9e-04
0.6967
0.4671
0.148
0
0
1.9383
5.986
0.5332
0
0
0
0.1757
0.0105
0.5486
0
0
0
0
0.1656
0
0
0
0
0
1.8676
3.0974
4.6973
0
0
2.0526
13.7288
18.4506
14.4096
1.5656
1.8988
0.1948
0
0.0168
0.2244
0
0
1.5121
0.651
1.6341
0
3.8467
0.8061
0
0
0
7.5219
12.6715
2.4062
0.5233
0
0
0.4107
0
0
2.6573
5.7852
0.0677
11.377
16.4736
0.0518
5e-04
0.0258
0
0
0
8.6637
0.8388
0
0
6.532
0.421
0
0
0
0.5135
0.0776
15.958
14.9889
0.9871
0
0
0
10.4408
0.0316
23.6318
7.5148
0
9.6479
0.3063
0.3727
0.1488
0
0.374
0
16.149
0
0
2.6947
4.3753
4.1986
7.2444
6.3487
3.0741
0.4802
0
1.976
7.9957
0.5317
0
0.0581
0
0
0
0
0
0
0
0
0
0
0
0.3299
2.2231
0.0341
0
0.1537
0
0.0621
0.0733
6.522
0.0193
0.0027
0.7277
1.2476
1.7723
0
0.003
0
1.033
10.706
2.9822
26.6066
31.1427
0.7578
1.7523
3.1472
0.0016
0
6.6136
0
2.4633
0.072
5e-04
0
5.6777
13.164
22.7474
21.7826
16.7507
9.5474
0.1064
0
0
2.7977
0
0
5.9725
0.7667
1.0396
0
0
0
0
0.3984
1.4514
1.7635
0.3461
0
1.8199
11.9693
10.1943
26.0531
19.6887
2e-04
0
0.0345
0
0
0
0
0
0
0.0012
0
0.7905
29.1077
1.8783
13.6304
0.012
2.5957
7.2794
0.0278
0
0
0
0
1.4253
0
4.112
0
0
0.001
0.7844
0.0737
34.655
40.3946
0.092
0
0.1124
2.0656
0.2809
0
0
0.0736
0
0.3688
0
0
6.2433
3.094
0
0.2821
0
0
0
0
0.4306
0
0
0
0.3063
0.3857
10.642
0.0592
0.0015
0.0068
0.1888
0
3e-04
0
0
0.4745
9e-04
0.7352
12.7432
0.4839
0.3144
3.3768
8.1396
1.6989
0
0
0
0
3e-04
0
0
0
0.2182
8.1079
0.1756
0.5964
2.7784
2.0864
0
0
0
0
0.0267
0.1469
7e-04
6.1293
1.3345
0
0
0
0
0
0
0
0
0
21.8228
0.2056
0
1e-04
0
0
0
0
0
0
1.7359
0
1e-04
1e-04
0
2.5444
5.4907
0
0
0
0.0027
2.0128
0
0
0.0012
3.1136
0
3.6721
0
0
0
0.0011
0
0.2832
0
0
0.4065
1.0218
0.0175
0.2715
2.4278
10.1948
12.8087
0
0
0
0
0
0.019
3.4433
0.1767
0.2118
0.0358
6.5365
11.547
1e-04
0.0384
0.3583
2.3701
2.9103
5.7317
0.4166
0
7.6222
9.4473
1.4835
7e-04
0
0.7261
5.6718
0.0487
0
2.3362
9.3142
3.5854
0.2299
1.8157
0
0.2103
0.0087
0
1.6916
0
6.6325
1.2248
0.2219
0.987
0
0.3514
10.7074
0.1743
0
0
0
7.2698
0.2183
0
0
0.0758
2.7265
0
0.9613
0.4349
0.3299
0
0
0.6544
2.4455
0.0484
9.5396
5.9147
1.4276
3.2297
19.3375
0
0.0097
19.3831
0.5417
5.0027
3.0277
0
0
0
0
0
0
0
0
0
0
0
0
0
0
0
0
0
0
0
0
0
0
4.8534
5e-04
1.8357
4.3582
0
0.4859
0
0
33.0551
0
12.0888
2.1565
0
0
6.7882
16.2589
5.5489
2.5793
1.943
2.6784
1.5899
3.5308
19.4789
0.2836
0
0
0
0
0
0
0
0
0
0
0
0.5082
0
1.9204
1.4673
0
0
0
4.2295
1.2454
0
0
0
1.0044
0.0267
0
0.2798
10.7132
7.0193
12.132
1e-04
0
0
0
0
0
11.0252
6.9863
4.7791
0
0.0432
0
0
0
0
0
6.0464
5.1174
14.9422
0.0743
16.8206
0
0
3.1645
0
0
0
0
0
0
2e-04
0.0012
1.0876
10.5641
1.8251
0.4899
0
4.3633
6.971
0
0
0
15.2482
0.0905
0.0014
8.6277
3.1555
0
0
0
0.1247
0
0
0.1082
5.8634
9.5522
2.0164
11.3037
2.8094
1.4487
10.453
0.441
0.1222
0.43
4.114
0.0863
0.2283
0.7324
15.7262
11.6795
0
2.0321
0.6448
0.0276
5.7851
12.7562
0
2.8391
0
0
4.2963
10.9394
0
0
0
0
2.9406
0
0.0434
0.2342
0.5931
9.2308
5.6019
5.1864
1.2306
1.453
0.0042
0
0
0
0.04
9.3366
0
3e-04
4.3508
0.0953
0.2352
1.2168
0
0
0
2.1611
0
0
0
0
1.6271
0
4.1535
0.2719
0
0
3.9711
0
0.5854
1.7557
0.091
28.8685
3.4122
0
0.0382
0
15.4291
0
0
0
2.4811
14.4013
1.3773
0
0
15.6367
0.0603
0
0.0708
10.7565
0.2529
0
0
0
0
0.9057
0.0864
0.0389
0
0
0
0
0
0
0
35.2496
7.771
0.0998
7.3406
0
0
0.2985
0
0
0.4001
0
0
0
0
0
0
0
0
1.6154
0
0
0
0.5392
0.1356
10.6459
0.0828
0
0
0
0
0.0428
0.6138
0.3833
10.2521
0.8017
0.1117
0
0
16.1227
0
0.3729
6.5495
23.0098
1.7457
0.7979
0
0
0
0.2626
0
0
0
0
0
0
0
0.9356
0
0.0523
0
0
0
11.8541
16.7604
0.084
0
0
0
0
1.5795
1e-04
0
0.9935
0
0
0
0
1.9082
0.6147
5.4088
0.0734
0
1.1373
0
0
0.0425
0
1e-04
0
5.7297
0
0
0
3.6594
1.0698
0
0
0
0
0
6.0016
10.2776
0
2.7805
3.5967
0.3363
8e-04
0
9.442
0.1815
2e-04
0
0
0.9752
0
7.9533
0
6.1023
0
0
0.6432
0
0
0
0
0
0
0
0
0
8.6203
0.8423
0
0
0
7.6811
0.0837
0.0016
4.4282
10.9728
0.003
0
0
0
0.3926
0
12.1049
4.2747
1.6092
0
0
0
3.0491
8.8116
2.7564
0.3517
0
10.5139
30.6703
0
0
0.8264
0
1.1743
0.0044
0
0.0016
1.8842
0.5184
0
6.415
10.6606
0.237
0
0
0
0
0
0
0
0
9.8205
13.5557
0
0.0208
6.1794
0.5701
0
1.2083
0.0558
12.0426
0
0
1.6033
0
0
0.2454
0.2451
2e-04
35.1851
0
0.0019
0.0014
8.7405
0.5239
0
0.005
3.0503
37.1405
1.6751
2.2319
0
0
0
0
0
27.8398
6.0207
0
0
0
0.3765
0.1099
2.8412
19.2304
0.9988
21.3082
10.3576
4.6358
18.1598
0
0.0088
20.0121
1.5602
0
9.1125
12.5186
0.0998
0.5172
0.3936
1.9124
0
0
0
30.4856
0.2797
0
0
0
0
1e-04
6.8409
3.7956
0.0072
0
12.8883
3.4233
3.1346
0.0499
0.0514
0.1045
0.0024
0
0
0
0
0
0
0.0223
3.8005
26.8074
5.9136
10.1809
1.7777
4.8939
6.4201
0
0
30.4995
32.169
0
0.7282
0
0
2e-04
0
0
0.0519
0
4.0536
2.989
0.9933
0
0
0
16.4988
10.6918
0
0.0077
8.3628
0
0
0
0
0
0
0.0175
3.6144
0
0
0
1e-04
0
26.8606
4.1626
6.6029
0.3984
0.666
4.7948
0
0
0
0
2.6299
14.8108
0
28.3045
8.7256
2.2956
0.233
0
0
0
0
0
0
0
8.7557
23.4413
4.4916
0.0482
1.4733
2e-04
0
0
0
0
0
3.9038
0
4.5589
0
0.0314
0
0
0
0
11.089
0.2159
0
0.3173
0.1471
0
0
0
0
0.0014
1.6561
0
0
0
5.6912
0.3966
8.9834
8.8522
0.0545
0
0.9765
0
0.5826
0.0825
0.185
0
0
0.5196
0.25
0
0
0
5.9287
1.806
2.9322
0.037
2.4898
0.3155
0.0957
0
0
0
0.1792
0.0613
3.8393
2.5942
0
0.3144
10.1015
5.4174
0.0013
10.8542
0
15.4644
5.0236
0.0017
1.3575
0.0713
0.3134
0.2433
0
0.1601
0.0186
0.124
0.4486
0.4486
1.8382
2.6555
0
3e-04
0
0.309
0.3089
2.3021
0
0
0.1483
0
0
0
0
0
0.7345
0.4157
0
0
0
0.1786
0
0
0
0
0
0.5687
0
3.7731
0.1768
0.2773
8.7711
2.1165
0
0.1169
0
0.3215
1.1963
1.6434
0
2.604
8.4153
8.0916
0
0
0.0232
12.5725
3.475
1.4691
0
0
0
0.0302
0
1.0673
0
1.4318
1.7191
0
0
0
0
0.0456
0
0.0454
4e-04
2.8039
0
0
0.3601
0
1.0025
1.6451
10.4628
0.0342
0
8.9503
1.759
0
0
0.0168
0.0958
0
0
0
0.0057
1.4837
0.1999
0.0346
0
0
0
6.015
0.4502
0.4444
0
0
35.3207
0.0373
0.6789
4.6529
3.4698
8.367
0.1814
0
2e-04
11.2966
0.4975
0.9256
0
0
14.6633
0.6156
6.703
1e-04
0.2094
0
0
0.0419
0
0
0
0.3716
0.0308
0
0
0
0
0
7.2184
0
0
0.0885
14.0456
0
0
23.0252
11.6484
0.8057
3.2254
0.0629
0
8.8776
3.4554
0.4906
4.5188
5.79
7.0255
8.2037
0
3.6786
0
0
6.3483
6.7893
0.2704
1.1586
0.3254
14.8393
0.5762
6e-04
0
0.001
0.3113
0.0017
0
0
0.3872
7.2221
0
0.0915
0
0.1875
5.429
7.9273
2.5252
8e-04
0
0
1.8275
0.5615
1.2539
2.068
5.4294
0
1.3998
5.3143
0.099
0
0
0.2688
0.887
3.399
0.1811
0
0
0
0
0
0.0083
3.6934
2.2888
0.0012
5.5563
8.9198
0.0826
0
26.4012
0.4742
0
0
4.6569
0.3125
0.0298
0
0.1665
23.0659
0.1898
0.054
0
2e-04
0
14.5076
3.1039
0
11.4506
0
0
0
1.3083
0.2769
0
10.0526
0.7682
0.0199
4.5103
12.6803
0.0057
0.3113
4.6143
4.1852
0.043
3e-04
0
3.2417
0
0
0
0.0923
0
1e-04
3.3905
3.7877
4.8632
22.4147
0
0
0.3022
5.0418
0
0
0
5.4254
14.0099
0.5122
11.9449
2.6105
0.0783
11.4471
0.8251
1.5223
0.6912
0.1434
0.2261
0
0
0
0
0.1903
21.9046
17.1025
0
0
0
0
0.7505
20.8011
0.7422
18.8559
1.1056
16.1394
1.3813
0
0
0
2.8646
12.1904
9.9983
8.3926
10.1655
0.2818
0.4104
0
0
0
0.1038
0
4.1945
0.1264
0
0
0
0
3.38
0.2192
0
0
0
0
0
1.8448
0
0
0
4.6751
0.2194
0
0
0
0.6626
4.669
0
4.2558
7.6679
10.3436
15.9902
0.1047
0
0
0.4938
3e-04
0.2017
0.0029
0.3907
1e-04
0
0
0
5.1649
17.5494
0.7092
0.9944
21.0212
6.2052
0.4773
0.2425
0
0
2.0595
0.3792
0
0.1889
0.3006
2.5017
0.2626
0.0647
0.0675
0
0
0
0
0
5.6266
1.5079
0
0
0
0
0.3987
1.3669
0
0.6813
0
0
0
0.1632
0
0.0608
0
0.4454
5.0192
0
0
0
0
0.388
21.4286
9.4316
14.6787
0
0
0
0
0
0
0
0
5.4057
5.6701
2e-04
0.0535
0
0
0.4203
0.4801
0
0.3003
7.4345
2.087
0.0036
0
0
0
7.0417
0
1.2342
0
0.8947
10.4233
0.0305
0.017
0.0953
0
0.0474
8.9797
0
0
0.082
0
0
1.843
6.9378
0.0016
0
0
4.2121
0.9339
0.0567
0.4261
4.8377
5.5085
7.7632
0.0013
0.2417
3.8407
10.8059
0
3.531
4.7674
11.3902
0
0.1922
1.5465
0
9.2261
10.7857
0
0
7.9475
19.3377
9.448
0
0
0
0
0.3684
11.8778
4.6362
0.6367
0
0
1.1024
0
1.0068
11.2506
8e-04
0.159
0
23.1374
0
0
0
4.03
1.5455
7.9205
2.1271
0
0.8967
18.0471
18.3743
0.283
1.0909
2.3071
7.7076
1.9708
0.3967
1.2262
0
0
0.089
1.6846
2.0309
7.3424
0
2.734
3.7727
4.7863
0.4575
0
0
11.7942
15.2637
16.9464
9.1522
0
0
0.0408
0
0.0663
8.95
0.0447
9.0823
0.5129
0.4527
0.1359
0.4504
0.1552
0
1.8105
0
0
0
0.1695
2.585
1.1562
0
0
0
0
0
0
3.4195
0
0
0
0
4.3897
1.4912
0
0
0
0
0
0
0
0.2244
3.2392
0.1267
0.2397
0.3839
7.6046
0
0
5.4249
7.7268
0.5843
10.9962
2.499
0
0
0
0
0.4854
6.2425
0
0
0
0
0
0
2.8108
6e-04
3.7438
2.7675
9.0036
0.4445
0
12.1537
0.575
0
8.6216
16.697
10.7635
0
0.0377
0
0
0
0.0376
0
0
3.5837
0.0453
0
0
0
0
0
0
0
0
0
0
10.2738
3.5045
0
0
1.273
1.4176
17.571
12.4565
0.1364
0.0901
0
0
0
43.384
0.0853
8e-04
0
0
0
0
5.8635
0.1523
0
0
0
0
0
0.0334
0
0.6569
0
0
0.1765
0
0.1736
12.0467
0
0
0
0.6141
0.1463
18.16
1.3046
3e-04
0
4.4247
0.0946
0.1015
0
0
0
1.0965
6.4533
1.1544
2e-04
2e-04
0
12.6985
17.45
0.1209
0
1e-04
0.4589
4.2183
0.3433
0
3.5752
0
2.6485
11.7038
0.2604
0.3285
0.0065
2.5469
1.4314
0
0.0013
1.3492
0.0031
1.6847
0.1041
0
0.19
0
0
0
0
0
1.8504
0
1.0107
6.2369
0
0
0.5115
1.5536
16.1029
3.6307
0.5609
0.394
0
0.3664
8.8446
0
0
0.2414
0.2911
8.7989
8.1602
4.3538
4.1008
0
0.0403
1.8314
2.3062
0
0
0
0.5163
0
0
0
6e-04
0
0
0
0
0
0.7363
0
0
1e-04
0.3665
0
2.7793
0
1.2478
4.728
0.1825
0.3459
0.4184
4e-04
0.034
4.1834
0.9595
0
0.4733
0
0.2459
0.5315
0
0.0916
0
3e-04
0.6611
0
2.4716
0.2543
0.8505
0
0.0141
18.6039
4.4559
1.5653
4e-04
0
0
0
0.0018
1.6778
0
5e-04
5.373
1.1812
0
0.0764
4.4268
0
0
0.2737
19.1697
0
0
0
0
0
1.2983
1.1201
6.6062
0
0
0
1.0896
6.8789
0
0
14.3847
0
0.3977
1.659
0
0
15.6963
18.185
0
15.5777
0.3869
0
0
0
0
0
0
0
0
0.6716
0.827
0.7937
1.0015
4.4205
0.1309
0
0
4e-04
0.8005
0
0
2.4977
0.3691
4.9618
14.3193
0.518
0.1562
15.9305
0.0101
9.1604
19.1592
19.9757
14.5105
2.9722
6.5145
0.4364
0
5.8593
1.1978
0
0
0
11.3609
0.1695
0
0
0.0429
0
0.0354
1.0115
2.9675
1.1033
0.1612
14.1446
0
0
6.0386
1.071
0.0015
0.0161
1.7738
24.4634
0.0954
0.0258
10.6003
24.4034
2.6759
6.4166
0.6176
0
12.2375
0.897
2.1721
0
0
0
0
0
0
6.4534
4.8427
2e-04
1.2053
6.2276
17.2388
1.774
0
3.3976
3.7914
0.8012
20.8832
32.9367
14.4641
5.0758
3.1263
0.4288
0
0.1915
0.3359
0.3042
1e-04
0.3744
0
0.5485
33.3404
5.6027
1.4104
0
0
0
22.3094
2.9145
0
0
0
0.2014
18.6371
9.0969
7.2931
3.539
2.3419
7.3073
0.0595
0.0467
2e-04
0
0.1009
0
0
3.9255
5.3696
2.7263
0.0771
0
0
0
4.3321
0
0
0
2.7906
9.4252
0
0.4484
7.6353
2.288
44.1512
2.566
1.3675
0
0
0
0
0
0
0.1627
0.0365
0
0
0.9784
7.9941
0.0161
0
0
25.3944
0.304
0
17.215
0.9051
1.318
4.1905
0.5473
35.786
1.5253
1.0043
1.5851
0.0013
0
1.0496
5.3285
0
0
0
0
0
2.4127
0
0
0
19.1224
6.8454
1.1865
0.5475
7e-04
0
0
0
0.5408
4e-04
0
1.9574
20.1514
0.2999
1.4874
2.4866
0.0363
0
2.8062
0.1115
4e-04
0.0889
0.0026
0.1958
0
0
0
0
4.0379
6.0786
2.7
0
1.5767
0.2277
1.6711
5.3662
5.5525
0
0
0
0
5.5693
0
0
19.6471
13.8236
0.0694
0.0239
0
0
0
0
13.0786
0.8249
0
0.0919
0.7018
12.2925
0.6477
0.0583
0
6.6363
0
3.63
0.2395
5e-04
0.4808
1.3784
0
0
19.5814
2.138
1.7932
0
0
0
4.6754
12.9241
0
0.0379
3.1509
3.1017
19.8489
3.1779
5e-04
0
0
0
0
0
0.0684
0.1482
0.8258
0.9455
0
2.8679
0.0011
0.1771
0
0
0.1116
1.0711
0.7806
0.1147
6.3775
4.4037
0.1592
0
0.523
3e-04
0
1e-04
6.6542
0
2.2684
0.8267
0.7914
0.2445
0
0
0
0
0
0
0
0
0
0
0
2.3444
1.7645
0
0.2539
1.2939
0
0
0
0
0
5.6702
0.4236
0
7.0463
7.546
0
0.9684
0.5782
0.2254
0
0.3309
0.0958
0
1.7566
0
4.5313
0.6944
2.3378
1.5956
6.8173
0
0.8293
0
3.1058
3.4227
9.6317
7.0024
0
1.0821
21.4511
3.4398
2.6735
6.5789
0.3402
0.47
0
0
0
2.8418
0
0
0.2122
3.4411
6.1526
3.3778
0
0
1.4514
1.4445
0.148
0.1193
4.2198
1.8243
1.7199
0.1413
5.1284
1.6415
0.9259
0
0
6.6275
9.4514
19.7531
0.162
0
0.0494
0
9.999
0
0.0016
1.6385
2.1651
5.9218
2.9554
5.2301
12.4248
0.0408
3.2089
11.4344
2.6853
0.7173
50.2619
1.5284
0.0025
6.7088
0.1645
0.1062
0.0295
0.2021
0
0.3324
30.2994
0.3604
3.0604
0.0269
0
0
0
0
0
7.8328
8.9939
30.8101
7.2614
0
12.4546
4.5132
6.6138
0.9736
4.8633
0.1866
0
0
1.0004
0
4.3895
3.8844
0.0919
0
11.6493
0.0723
0
0
0.001
0.0104
5.0161
0.1236
2.0339
4.3084
0
0
5e-04
1.7248
8.6187
0.3876
0.001
2.4388
0
12.5051
0.7333
1.4865
1.9529
8e-04
6.1215
4.5384
0
2.8511
4.8189
3.4083
0
0
1.7729
16.8123
0.0808
1e-04
0
12.6481
0.9884
0
1.3076
0
0
2e-04
0
0
4e-04
0
4.3466
0.1354
0
6.5246
15.2445
15.7728
0.6899
0.4125
0
0
0
1.5137
5.6074
10.6963
6.4432
0.393
0
0.0632
0
0.4455
1.2035
0.2343
0
0.467
26.2646
5.0782
0
0
0.0505
0.0636
0
0
5.1655
12.5148
8e-04
0
0
0
0
0
0
0
0
0
0
1.1256
0.0992
0
1.2892
0
0
0
0
0
0
0
0
0
0
3.5622
0.0313
14.4667
1.9833
0.047
12.1042
1.1332
0.5422
0.1029
6e-04
2.6085
6.2816
0
1e-04
8e-04
0.1757
8.8019
1.5074
0
0.2395
17.6501
0.9287
14.5344
0.6382
0
0
0
0
0
0.3716
0.6121
0
0
0
3.4266
4.5163
1.6206
14.9975
2.429
0.1483
1.5676
0
12.87
7.031
0.0875
0.0577
2.2747
0.6057
6.2312
7.0941
0
0
0
0
1.5408
6.8651
2.1749
2.2965
2.6972
1.5396
1.1522
1.6887
1.3397
0.0017
8e-04
0
0.074
3.4703
0
0
9.1752
22.1555
0
0
0.1038
0.2605
0
0
0
3.8171
0
3.5162
18.052
5.1778
23.5301
17.9717
0.0234
8.1095
0
0
11.1046
27.9111
8.7926
7.8077
0
1.0798
0
0
1.5978
0.4044
0.0212
7.8828
0.2649
0.2216
0
4e-04
0
0
1.5134
0.9213
0.0479
0
0.053
0.236
0
0
0
2.2561
8.7597
4.4377
0.6291
0
0
0.271
2.6021
8e-04
9.6266
0.1331
0.0256
0.0551
3.5713
4.1497
0.3141
0.0314
0.6651
0.0386
0.1099
0
4.9958
1.7571
0.7632
1.38
0
0
0
0.9787
0
0.1248
0.2701
3.0845
1.7981
0
0
0
0
0
0
4.2231
1.0834
0
0
16.3695
0.1106
3.2667
2.0199
0.1859
4.0745
0
0
0
0.2387
20.6204
4.77
0
0
0
2.7902
0
0.0026
0
0
2.4969
0
0
0
0
2.6056
0
2.476
8.2218
6.3433
10.1483
30.9806
7.1851
4.8156
10.8325
3.0982
0.0183
0.7268
2.653
0.0768
0.0015
3e-04
0
0
0
1e-04
0
0.0012
0.9581
1.2615
4.1115
1.3389
11.3326
0
0
0
0
4.3441
3.4956
0.1752
0.9902
7.0387
1.8739
0
0
0.8432
5.3998
0
1.7141
0.0334
0.1381
0
0.4757
0
0
8.2813
0
2.473
3.388
1.4541
0.0405
0.1117
0.4261
1.9891
1.0163
5.1721
1.4008
0
0
0
0
2.7956
0
0
4.3223
4.5886
5e-04
3.5774
6.3973
9.3873
6.3395
0
0.1274
0
4.3898
6e-04
0.7331
0.3353
0.7086
0
0
3.6714
6.5181
16.2428
2.8518
10.3022
8.5597
0.0476
9.937
0
22.3155
3.1301
0
1.8603
5.5599
5.2552
35.1242
1.5425
0.0056
0
0
4e-04
1.4473
1.4477
0
5.683
0.0017
2e-04
0
0
10.4324
0.1819
0.023
10.0634
5.4564
1.0182
0.0292
1e-04
0.0847
1.5905
3.5065
0.5422
0
0
0
0
0
3.5998
0.0268
0
20.7126
33.9228
0
0
0
0
0
0
0
9.2935
0.6706
5e-04
0
0
9e-04
1.0716
0.4788
23.209
1.6352
0.453
1e-04
1e-04
0
0.0014
22.3304
0.9914
4.073
34.1764
0
5e-04
6.8887
0.1226
0
0
0
0
0
0
8.0318
7.1646
0.4722
0.4492
0.6425
0
0
0.234
0
0
0.2517
0.5113
0
1.6938
1.2412
5.968
0.7006
23.1557
7.0574
0.2457
3e-04
6e-04
0
0
0
5.1802
0.0044
0
0
0
4.7713
0
2.9626
3.0912
9e-04
0
0
1.3196
0
17.9141
3.4324
0.2391
0
0
0
0
0.0422
0.8273
2.5492
0
0.0809
1.3769
0.3195
14.8153
0.0684
0.1931
0.2465
0
4.677
0
0
0.038
1.0557
3.0309
0
0.585
0.0576
0
0.0974
8.6142
0.185
0
0.012
0.0258
0
0
0
0
0
13.5847
1.3983
0.0012
2.5925
8.9384
0
4.6654
0
18.823
5.8074
0.1593
1.7917
0.4878
0
0
0
0.3787
2.115
0
4.9172
3.116
0
0
10.9045
15.5065
0
0
2.1882
0
0.6994
1.0278
0.3522
0
0
0
5.7
0.0871
0.0881
0
5.8258
8.992
18.0522
2.7101
0.3306
0.0328
0.3879
0
0.2755
0.0294
0
0
0
0
6.2067
6.2611
0.1914
0.0264
0
0
0
0
4e-04
0
0
0.5608
0.2595
0.0068
2.1112
0.1621
0
0
0.3229
0
0.0144
6.5731
2.0535
1.2745
19.5341
5.0797
2.8363
0.0174
0.3911
1.1898
0
0
0
0
0
0
0.3617
0.1251
1.0621
0
0.6378
0
0
1.3327
6.5666
0.651
8.2318
0
0.05
0
12.089
0.006
0
0
0
1.3426
0.1119
8.5573
0.0866
0.1173
7.928
0
0
0
6.7339
3.3252
3.1205
2.9629
4.1434
0
0
0
0.2678
0.033
0.0996
8.6364
2.12
0.0175
0
0
0
0
0
3.2244
16.1761
10.6669
9.7729
6.2621
14.6967
11.9611
2.2616
11.3807
2.2389
0
1.1261
0
0
0.106
20.3851
15.108
4.4572
0
0
1.7167
0.3359
6.6697
17.9544
7.2387
2.9802
0.0013
0
3.7677
2.1125
5.6411
0
0
0
0
0
0
0
0
0.0036
12.585
10.9861
19.0286
65.3391
0.9521
2e-04
3e-04
1.2675
0.0906
1.5796
0.9389
0
0
3.3567
8.2067
17.9431
0.2265
0
0
0
0
12.2457
2.8595
26.9064
11.7492
8.1057
15.2665
0
0
0
0
1.7653
0.3429
10.6318
0.0796
0
0
0.4744
3.8267
18.898
0.0353
4.8821
0
4.0262
0
7.4288
0
0
0
0.8344
0.0011
0
0
0
0
0
0.7299
5.25
0
0
0.2378
4.5859
0
0
0
0
4.2449
0
0.1402
16.5912
9.32
22.2952
1e-04
0.2259
1.2041
3.4334
0.2153
0.0389
0.0041
4.2291
4e-04
0
2.1093
0.0086
0
14.5097
11.9317
0.0018
0.312
0
0
3.0558
13.2884
0.1194
0
0.8908
1.7654
1.33
0
0
0.0531
13.543
0.1071
11.838
2.9009
3.0315
1.2768
2.1211
0.2605
0
0
0.0348
0
0
11.8684
2.1365
0
0
0
1.3345
53.0546
1.0386
3.0295
6.1521
0
1.4334
0.0573
0.3179
5e-04
1.8527
17.2263
15.0331
5e-04
0
2.8478
0.1875
0.001
1e-04
0
0
0
5.5299
0
0.3502
0
5.7797
0.4987
0
1e-04
9.404
23.2544
4.5185
0
1.9024
0.5019
2e-04
0
0
0
0
0
0
0
0.7042
16.8813
51.4656
0
0
2e-04
0
0
1.3971
0
0
0
0
1.7464
5.4666
0
0.1446
0
0.0012
5.5336
0
0.0103
3.2965
15.0999
1.7748
0.256
7.7749
6.0134
0
0
0
1.2897
7.1401
7.0627
0
0
0.5015
25.3937
19.1402
1.4468
2.5037
0.0288
0.0839
0
2.2279
20.4333
10.6807
26.7085
0.0739
0.1783
0
0.2377
0.0052
1.0239
0.2471
0.0236
0.4102
0.7697
0
7e-04
0.9201
4e-04
1.1015
1.5958
0.3432
0.0428
5e-04
0
0
0.518
0.259
0
0
0
0
0.7441
7.726
12.7569
0
0
0.8222
0.8459
0.046
1.0636
0.2844
0.065
0
0
6.443
0.6768
0.0968
0
14.1519
13.3602
0.1235
0.0132
0
0
4.445
0
0
0.5474
0
0
0
5.0273
30.4786
0.1193
0.0087
0
5.6561
0.1476
0.5592
2.691
15.346
2.45
0
0.2104
0.7053
0.001
0
0
1.3186
5.3025
0
0.1054
1.0205
0.6732
0.3537
0.6665
0.031
0
0
12.8545
9.0609
0.0995
3.0112
1.3754
0
0
0
0
0
0
0
0.2907
0.1832
22.6066
11.4357
17.2276
2.0041
1.774
0.9944
14.1332
5.9894
0
0
0.0029
0
0
0
0.1048
1.2566
0
0
0
0
0
16.167
1.1692
8e-04
0.0264
0.039
0
0
0
0
0.2896
5.5832
0.4648
0.0042
0.0873
0.0389
0.0097
2.547
12.0564
14.279
10.3292
3.816
0.0681
0
10.3637
0.0792
0
0
0
0
0.0576
0
0
2.2305
0.3756
10.0926
0
3.1733
0.3034
0
0.0034
0
1e-04
0.0858
10.1163
0.087
0
0
0
0
0.0877
9.2383
0.204
0
0
0
1.4346
4.253
0
0.3984
0
2.9297
0.4816
2.4706
0
25.6397
0.1361
0
0.002
0
0.3675
3.8725
3.8022
29.1629
0.1943
0.176
0.0481
0
0
0.5319
0.0084
0.4727
20.9286
3.9636
13.075
7.1616
27.8861
1.057
6e-04
0.1209
0.0178
0.0182
0.2261
9.9606
4e-04
0.0064
15.0001
98.3396
37.0561
1.6836
1.1347
0.0905
2.2634
2.7434
0.1782
0
0.439
0.4092
0
0.0584
0
0.0361
0
0.0263
0
1.1966
18.8349
33.0667
0.0235
10.0586
0
3.7306
0.1138
0
0
0
0.0302
0
0
0
0
0.0083
0.0177
0.0128
15.874
5.7893
0.2099
0
0
8.7926
0.8322
0.1707
0
0
0
0.0662
0.0286
0.1464
0.0303
4.6326
0.7229
0.0404
0
0.0772
2.919
0.3249
2.2907
0.713
0.1842
0.0014
1.4502
47.5744
0.8994
0.1888
1.0197
1.5393
0.001
0
0
0
0.3581
0
0
0
0.3582
0
0
0
0
0.3373
0.3008
0.0012
1.8552
0.6099
5.007
18.3059
0.1052
0.1727
0
1.5788
0.1837
2.7007
0.0751
0
6.1486
21.8541
0.0638
0
0
21.143
0
0.1855
0.1664
0
3.4825
0
0.8615
0.1554
5.0621
0.5131
0.5181
0.5328
8.8333
0
6.987
28.3942
3.1812
0
16.9852
2.5185
1.0076
0
0
0
0
0
5.3699
0
0
1.9761
5e-04
1.7226
1.2181
0
0
1.4958
0.204
0
7.016
31.2657
1.2797
1.6873
0
2.4428
1.3288
2.5833
0
0.0443
0.2529
0
0
0
0.7884
0.0024
0.4958
0
0.8706
0.9838
0.0637
1.1888
2.8449
0
7.5178
6e-04
0.0012
3.5771
32.6184
49.8264
0.2617
0.4036
0.5477
1.0487
0
6.7759
1.9428
0.2486
0
0.0832
6.8913
4.6152
0.7349
0.5698
0.1574
4.2671
0.8268
0
1e-04
14.9447
1.354
0.9269
3.8747
0.2515
0
1.1933
29.102
16.0219
0.3725
3.5905
15.0693
0.0204
0.1859
0.0348
0
0
4.0208
2e-04
0
0.0839
4.3857
30.9993
0.8562
0.8409
4.7159
0
0
0
0
2.4316
19.7043
0
0.4151
3.7082
4.6412
0
0.4385
16.3368
0.0334
0
0
0
0.7631
0.8271
11.8421
4.4958
3.5682
0
0.1162
0
0
0
1.2149
5.193
2e-04
0
0
0
4.212
1.5358
0
2.815
9.2815
0.004
0
16.9527
11.057
0
1.9789
2.1526
3.3728
10.6908
1.3549
3.2573
17.7519
0.7736
0
5.2718
0.1115
3.9376
1.2202
7.9075
1.3767
1e-04
0.0458
0.6238
0
0.001
0
1.3832
0.0175
0.3647
0
0
19.413
2.1676
0
23.178
8.5107
0.4816
0
0.4347
1.8837
0.0123
21.4871
0
0
21.2506
5.857
0.0015
4.3003
0.1548
0.1544
0
0.1601
4.8522
9.6064
3.2618
0
1.0292
32.4877
6.4285
16.9336
1.8625
2.0317
1.3958
0.5351
32.3031
0.1118
1.1851
2.2165
0
13.3029
12.997
0
2.2462
8.3038
3.2446
0
1.941
0
2.7298
0.9664
2.3208
8.5823
2.5227
1.9477
1.3208
0
2.1497
1.5074
0
0.9636
0.9303
1.9452
0
3.9933
0.1952
0.5181
1.3326
1.6232
0.9362
2.1536
1.4006
0.144
7.457
1.5966
0.8982
0.4462
2.258
0.8565
0.3144
0.4546
1.5208
0.6767
0.9075
1.691
0
0.8208
6.7229
2.64
0
0.8807
1.0144
0.8051
0.3838
0
0
0
0
0.1929
4.9826
0.0883
3.2399
0
14.4489
0.7453
0.719
58.4401
19.8714
1.2926
0.6712
0
0
1.4398
0
0.7809
0.7635
0.7394
0.8068
0
0.0126
1.0293
0.4464
1.3767
0.0033
10.3419
1.1633
0.0558
1.0923
2.3797
0
0.7098
0.6851
5.9201
0.1022
0.7507
0.9558
1.6479
0.8024
0
2.7704
19.5865
0.7286
1.5492
1.5118
0
1.8799
0.6354
1.0814
5.8727
3.9587
1.2897
3.1708
1.0828
1.4388
0.689
0.3747
1.1243
0
1.5048
0.689
0.7008
0
4.2453
1.6585
0.7715
2.0539
0
2.4421
12.1624
1.3861
26.8324
3.1096
2.0945
3.1625
0
0.0034
1.7455
0.2035
0
2.3965
2.0121
0.0024
0
0
0.9108
6.8368
6.2755
2.4553
0.2645
1.369
1.3218
0.8376
0.3982
0.8768
19.1382
10.0774
1e-04
0.35
3e-04
4.0588
2.7704
2.2281
0.9418
0
30.507
0
0.1973
0
0.599
22.0189
0
6.422
6.5122
5.2824
0
0
0.6564
0
4e-04
0
0.5552
0
1.0293
2.3494
0.3936
2.5293
10.9396
0.066
2.077
8.2229
3.8278
0.0099
0.0707
0.3645
0.4243
0
0.001
0
0
0
0
0.0405
5e-04
1.3104
19.1131
0
0.2698
0
0
0
0.1243
0.6367
0
0
0
0.0349
0
3.6196
28.8472
12.3178
0
0.3921
1.3164
0.0687
0
13.515
2.0455
0.2754
2.2849
0.5382
0.1248
0
0
1.0995
7.6771
0
0.3303
0.0748
0
0
0
0
3.0536
42.865
8.5158
13.3515
5.2846
0
0
0
0
0
0
0.4784
2.2283
0
0
0
0
0
2.7832
0.4231
0.0056
0
7.0633
0.5752
0.0519
1.1914
0.005
10.914
0
1.4632
12.6377
0.2902
8e-04
0
3.7059
0.1516
0
3.9896
16.1257
2.5395
0.1015
0
0
1.2338
18.6731
2.8232
1.7237
0
0.0022
0
0
0
6.9019
1.3622
13.7162
3.0629
3.0489
4e-04
0
0
6.2279
2.6862
3.651
2.328
0.052
0.1863
0
5.389
16.8481
0
3.0973
0
0
0
0
0
0
0
0
0
5.0466
30.2292
9.2829
0.005
0.1059
0
4.9008
6.0617
4.6226
0
0
0
0
1.6433
0.1661
0.5863
5.5244
0.1147
0.7055
0.0785
0
0
9.7009
0.3517
24.5671
9.5956
0.0025
0
0
0.1612
10.5447
8.7386
0
0.8469
0.0807
3e-04
0.2768
2.079
0
0
0
0
0
0
0
0
11.9913
0
0.2929
0
0
0
1.7567
0
0.1537
0.0099
1.4091
6.8316
20.4432
1.4507
5.7785
0
0.4584
0
13.5953
0
12.2689
0
3.6566
0
0.3778
0.1481
0
0
3.1698
0
0.1115
4.9983
1.8001
0
0
0
0
7.6173
0.0736
0.0091
16.5853
0.0021
2.6732
0.066
0
0
0
0.2455
23.1055
13.195
0
0
0
0
0
0
0
9e-04
6.538
9.4352
0.5239
1e-04
0
0
0
0
0.8092
0
0
0
0
0
4.7041
0
0.3416
0.6013
0.0012
1.9438
4.1637
10.2864
0.6246
0.0321
0.1335
28.7993
0.0716
0
0
0.001
4.3383
2.2671
12.0858
2.8627
0
0.1382
0
1.1913
5.7688
0.4021
0.3132
0
0
0
0
0
10.5924
1.0925
0
0.0839
0.5148
10.0878
0.3455
0
16.1703
0
0
0
0.7441
0.4411
0
0
0
0
0.0219
0.0099
0
0
0
0
0.4943
0.0154
0.1036
3.7629
0.4595
0.2222
0
0.3483
0
0.5888
0.845
2.2232
0
1.1314
4.794
0
6.3028
8.7508
0
0
0
0
0.549
13.3165
0
0
0
8.7427
0
0.307
0
0
0
3.2525
0
1.1743
0.0068
0.7947
0.0016
12.5134
0.7981
1.0445
2.1482
0.0028
0.0056
1.8548
0.4933
2e-04
0
2.0756
0.3653
0
4.5368
0.0952
0.4437
0
1.8804
0.0386
0
0
0
0
0
0
0.038
0
0
0.481
0
12.328
2.4934
1.7949
0
1.8297
0
0
0
0
0.1421
0.0338
0
1.6419
9.4935
0
0.0566
8.8636
3.3994
0.2841
0.2126
0.0414
0
0.8829
2.1297
1.6207
0
0
0
0.1508
4.9587
0.0428
0.9457
1.0694
5.6768
2.8219
0.288
0
0
0
0
0
0
0
0
0
0.3972
8e-04
1.8135
8.6528
8.0971
1.2542
0.001
0
0
0
0
0
12.1976
0.9574
0
6.2536
1.5187
0
9.1593
6.8355
0
0
0
0
0
0
0.6
0.426
6.6452
18.7567
9e-04
0
0
0
2.6759
0
0
2.4406
0.2215
0
0
0
0
0
0.4722
5.2651
24.1794
12.1228
0
0
0
0
2.9999
5.3259
3.1219
3.4265
1.1156
2.8151
1.1347
9.0197
0.2556
0
19.5723
10.7172
0.5327
9.0351
0.2941
0.1388
16.5235
2.975
0.4872
0.0567
6.7675
1.3394
0.0081
0
0
0
4.1456
1.7784
0.1353
0
13.1211
17.1464
1.7721
0.2961
6.6291
19.5205
6.3321
0.7928
0.2805
19.4078
0
0.6997
7.404
28.6053
4.1436
4.1088
0.6408
0.3913
0
0.5254
0
0
7.3453
13.6525
4.6304
0.4739
0.6408
14.4389
26.1744
0
0
0
0
0
5e-04
0
0
0
0.1878
26.4582
0.0022
0
3.4294
0.8668
0.4572
0
2.7951
1.1734
1.1555
5.5598
0.7512
2.8815
0.2676
11.4767
24.5778
17.2979
0
0
0.4393
2.3468
0
0
0
0
3.2432
0.9452
12.5597
0.9211
0
0
0
0.4628
12.9054
0.6572
0
15.0529
0.586
4.385
0
0
0
0
19.4025
0.315
0.6289
1.0374
0.2687
0
0
0
0
0
0
0
0.1465
1.3573
0.3612
0
0.0317
1.2121
0
0
0
6.2621
0
0.7226
0
0
19.8355
0.3126
0.03
0.6955
0.1942
0
0.4716
1.6621
0
0
0
2.0581
33.0089
0.0151
0.1738
0
9.0442
17.0408
3.0364
2.2878
0.5854
0
0
0
0
0.0887
0
0.1251
10.7332
0.4099
0
0
0.37
0.0492
0
0.2256
0
0
1.5813
1.0909
14.3859
0.0634
0
0.1199
4e-04
0.0334
1e-04
0
0.2727
1.5758
2.1604
0.2596
0.0605
0
0
0
0.0547
0
0
0.4054
3e-04
15.3181
6.1916
0.1801
0.1341
0
0
4.0769
6.2239
0.0573
33.0232
20.0651
0
0
0
21.2331
3.062
4e-04
0.1456
0
0.4623
0.102
1.0548
0.1161
0
0.8216
0
14.8577
0.2584
0
0.0345
0.0343
0.1131
0
0
2e-04
0.0238
0.4302
0.0386
0
0.3205
0.1188
0.471
0
0
1.2462
0.0042
9.8207
0
0
0
0
4.4978
0
2.6797
0.1618
0
10.6812
0.4599
0
0.9056
0.0907
0
0
2.4416
0.6722
3.8073
0.0392
0.0193
0.2345
0.8278
0.2662
0
1.5043
0.7829
0.1734
0.4116
0
10.702
15.2436
0
0.3069
2.4764
0.0462
0.9246
0
0
0
0
0.3574
0.2411
0
0
0
0
0
0
3.2454
12.1589
2.8941
0
3.5727
9.9329
0.1006
0.0051
63.6416
0
0
0
6.1859
28.762
6.7852
0.0026
0
18.0043
8.1411
7.6287
0.1281
0
0
5.6256
1.6319
0
0
0
0.0011
1.2439
1.1361
6.3127
0.0015
0
0
0
0
0
3.4117
0.1984
0
2.6502
0.4081
29.1768
0.7357
0.4088
0
11.0819
0
0.0361
3.4927
0.0107
0
0.0307
0.0183
9.0843
1.5501
3.0353
14.5459
16.2764
0
9.283
8.0706
4.7852
33.788
4.4581
4.3364
3.8248
2.6567
0
2.0182
10.1177
22.171
0.0335
0.0365
1.6158
2.339
0.0081
0.0304
1.9508
0
3.6618
0.3395
23.3237
6.3484
10.2926
8.1458
3.4718
1.3629
0.2697
0
0.7628
4.3145
9.3882
17.9822
54.5533
3.2315
0
5.8869
1.9348
0
0
0
0
2e-04
3.3819
0
4.0728
0
4.0731
12.0358
6.9292
0.5628
1e-04
0
0.0103
4.6985
1.9832
1.5556
17.2651
1.6785
0.0029
7.1907
4.861
4.3404
0
5.887
0
0
0
0
0
9.4977
0.0058
0
0
0.8654
0.0142
1.0509
0
0
15.5967
0
0.0278
0
0
0
0
8.6576
8.6542
0.0386
0
6.7821
31.7882
30.3167
2.7271
0.023
0
3.4334
10.4934
1.1964
0
2.3358
7.1241
6.2969
0.3514
0
5.5759
10.478
0
9.2435
5.1378
0
0
0
18.7954
5.638
0.233
0.1321
0
0.8388
0.0402
4.3598
0
0
16.2018
13.7329
1e-04
0
4.7857
0
0
0.2065
3.8384
0
0.0447
19.3032
0.761
0
11.7046
23.1741
6.4525
3.1153
1.3564
0.0324
0.0253
0
5.4648
0
0.0406
0
8.0457
1.5851
19.6454
0.0326
21.6862
0.0422
0.2913
31.0086
1.4856
1.4749
5.1295
9.9447
9.7306
0.2813
3.893
0.3733
0
0
0
0
0
0
0.0396
5.5291
0.3055
2.2166
0.5428
2.5858
0
1.5217
36.6632
18.5395
2.6177
0
0.0749
4.3132
0.2853
7.4003
10.7297
0
0.0868
0.6939
2.3691
0.0727
0
0
0.0402
0
0
0.5953
0
3.6862
0
0
0.108
0
22.7723
12.5027
0
0.0304
0
0.5638
0.0711
3.5031
30.8267
3.1569
0.0772
0
0
9.9856
14.9362
30.8989
2.6413
0
0
0
3.6002
27.35
9.9062
0.1887
0.0249
0.2614
0.0062
0
0
0.0732
5.7869
9.2644
0
3.8366
0.7767
0.0319
6.5596
19.5096
1.1962
2.5467
1.1592
0
0
9.4568
1.2805
0.222
3.3625
2.1109
0.8916
1.5302
0.3643
0
0
0
0
0.075
0
0
5.9081
1.842
3.7684
0.1937
2.4874
0.0303
13.5717
0.0784
1.48
1e-04
9.9434
1.871
6.3855
0
0.3776
9.2591
16.2112
9.9725
0.5996
0
0
2.6382
0
0
8.6986
0.3346
0
0
0.462
0
0.1774
3.7911
0
0.001
2.0701
0
1.593
0
1.1487
0
0
2.265
1.2574
1.2978
12.89
1.7904
0
0
0
19.7769
0.6049
9.6249
0.0487
9.3848
2.4766
0
0
4
0
0.5589
0
8.2
5.8328
0.0098
5.9413
18.1263
0.3798
13.9624
2.3212
0
0
0
0.8626
5.978
0
0.0018
0
0
0
1.8804
1.1939
0.0198
0
4.5658
0
0
0
0.051
0
0.0018
0
0.0032
0
0
6.0696
1.3523
0
0
0
0
0.1061
11.1506
0
0
0
0.4575
5.8535
0
1.4238
0
1.6595
10.5381
5.5646
0.4406
15.081
0.7656
0.0634
17.8075
14.0668
2.2361
1.7755
0
0
0
0
0
0
0
0
0
0
9.0609
0.1604
0
0
0.0104
3.3531
0.8046
6e-04
2.1316
0
0
12.011
0.0012
1e-04
0
1.3815
0
0
0
0
0.0083
1.1319
0.0477
0
0
0
0
8.1866
15.8354
0
0
0
0.529
0
0
0
0
0
0
3.3799
12.496
8.2221
6.6449
1.1187
2e-04
6.0289
1.862
0.0061
2e-04
0
0.2453
0
0
0
0
3.1198
0.0206
0
0.4094
6.4137
12.0442
0
0
0.1559
1.2792
0
0.534
4.4428
11.3379
0
0
0
0
0
0
0
24.344
0
0
0.0627
0.5691
18.7313
0.7682
0.3938
1.5219
14.8268
0
0.0014
0.396
1e-04
0.3425
0.1961
5.1432
0
0
0
0
0
20.6563
0.7175
0
0
0
11.4254
29.325
0.0954
8.8279
0.0435
0.0019
13.094
47.5611
0.0338
0
0
0
0
1.7506
0.2658
2e-04
0
12.9949
0.2019
0
1.8898
28.5549
0
0
0.8578
15.7943
5.7012
0
0.0206
0.0014
0
8.1822
3.461
0
6.7404
13.2001
0.0559
0
0
0.2112
0
0
1.9788
3.9604
0.7835
0
1.1838
3.7946
4.2579
2.9175
1.2925
0
3.7755
0.387
0
8.4832
19.1862
9.2384
29.5881
37.9604
5.9394
0.6863
4e-04
0.0128
0.0012
0
0
0
0
0
2.9747
0.2186
12.2282
0
0
0
0
0
0
0
2e-04
0.0043
0
0.0275
0.0382
0
0
0.1003
0
0
0
0
5.2166
0
6.9677
0.8643
0
0.7032
6.8862
1.5697
10.6089
0.4963
0.0253
0.0299
0
0.1991
0
0
3.255
0.8639
13.2149
5.5509
0.2944
0.0168
2.3241
0
9.6838
3.1892
0
4.8118
0.2427
2.8211
0
0
0
0
0
0.0232
0
0
1e-04
0.0296
12.1846
0
14.6841
6.1931
0
0
0
0
0
0.0192
0.2432
0.7318
0
7.7287
1.7381
0.7283
0.2634
7.3024
3.4617
8.1894
0.682
0
2.2264
2.3669
2.8909
0
0.8075
0
4.4323
0
0
0
0
0
0
0.2226
0.0012
0
0
2.6849
0.0459
0
2.8436
0
0
0
22.5329
12.8714
2.4075
0.8855
0.8413
0.1928
0
0.0797
0.6614
0
0.0041
0
0
14.6035
0.1377
0.0468
0
0
1.3361
0
4.3913
0.5264
0
0
0
0
0.4271
6.521
2.4287
6e-04
0
0
0
9e-04
0.0013
0
0
0
0
0
0
4e-04
0.4355
18.532
27.4903
20.2389
0.0206
0
0
8.119
1.2898
0
6.1787
0.3957
0
0
0
20.7221
0.3339
0
0
11.3436
2.916
0
0
0
0
0
0
0
0
0
0
12.5282
3.9235
3.5445
0
0
0.1227
0.4717
2.5521
0
0
0
0
0.637
8.7461
0.4132
0.1474
0
3.0577
8.0345
0.1998
0
12.7659
2.6865
16.4468
0.3196
0
0
3.8604
0
0
0
12.02
7.1767
0.4412
35.8516
0
0.8398
5.3087
0.067
1e-04
0
0
0
0.0011
0.4604
1.2053
2.1368
7.738
17.7398
24.8265
11.8389
0.0772
18.7545
0.0081
0.56
8.8551
5.2536
4.4609
0.5037
23.2865
36.8654
43.272
0
0
0
0
0
1.8207
0.0329
0
0.0499
35.4663
1.0189
7.674
0
0
0
0
11.7552
0
1.2235
0
5.5019
2.7591
1.0671
13.0499
0.5108
0
0
13.5701
3.506
9.5798
0
0.736
0
1.9718
0
0
0
0
0
0
0
0
0.7432
6.0305
0.3104
0
0
6.1614
7.3008
0.0772
0
6.6007
0.7284
0.7237
0
0
0
0
0.0198
0.0696
0.1224
0
0.5194
5.6137
5.1935
0
0.0164
1.4683
0
0
0
5.7819
33.687
0.0076
0.4496
0
0
0
0
0
0.642
0.4931
0
0
6.6194
12.0349
13.645
11.0684
21.49
0.8716
0
0
0
0
0
0
0
9.848
2.3931
0
4.3947
0
0.1382
2.4039
1.0106
0.129
0.001
0
0.0017
0
0.0187
0
17.1763
11.1362
7.7078
0.7215
0
0
2.3862
5.9787
0.61
0
0
1.3716
6.4432
0
0
0
0
11.1385
7.6776
0
0
2.9399
2.7625
1.1706
0.0172
0.0136
0.0133
0.0656
1.2317
0
0
0
0
0.1509
0.9653
0.09
3.4971
1.1447
1.0516
0.5282
9e-04
0.7428
1e-04
0.1718
2.602
3.1106
0
2.7913
0
0.5715
2.4343
34.353
37.7137
0.6088
3e-04
0
0
0
0
0.7389
0
0.1698
4.559
4.7325
0
0
4.9067
5.6753
0
0
0.7944
4.8156
7.8888
0
0.077
0.3036
0
0.4161
2.7763
0
0.9516
0.8765
1.2936
0.4431
0.4431
0
3.6723
0.8093
1.5575
1e-04
0
0
0.2797
3.8128
10.2926
0
2.7476
13.0095
0
0
0
5.2215
0
0
0
0
0
0
0.4108
0.9402
7.3843
0
7.6627
14.961
0.0105
0.2402
0
0.6204
0.5756
3.0546
0
0
2.1615
0
0
0.0017
0
0
0.6605
0.0664
0.3088
0
17.7342
0
0.0962
0.0121
0
0
0
3.7186
1e-04
0.1608
0
0
0
1.8956
0
0.5875
4.3673
10.5701
5e-04
0
0.1945
0
25.6012
5.003
0
0
8.5744
11.198
5e-04
0
9.4219
0
0
4.6493
16.5015
0
0
0
0
0
0
0.6042
0
0
6.2809
0.0628
0
13.1207
13.4584
14.0775
1.4041
0
0.1869
0.2251
0
0
5.8826
0
0.4355
2.1057
0.0032
14.9447
2.296
14.983
19.5928
0.1703
2.0834
0.0983
0
0.7489
2.8744
3.1527
0
0.0015
0
0
0.0294
17.8818
1.6759
0.007
0
0
0.3932
4.7046
22.2105
2.1844
0
0
20.9372
1.0792
0.4746
2.8444
0.221
0.4529
0
0
1.9071
0
7.0848
25.7018
10.8299
0.5777
0.0033
16.3452
7.1838
28.296
0.3582
0
0.0299
12.3486
0
3.4294
3.131
0.8427
0
0
0
0.3001
12.7307
4.1135
0
0
0
0.1635
0
1.1407
0
0.0022
0
8.791
2e-04
0
0
9.1571
0
0
6.9134
2.0431
0.515
0
2.0511
0.9883
4.5705
13.1285
0
0
0.9459
0.7329
0
0
0
0
19.1608
10.7367
0.0996
0.0018
0
0
0.0159
5e-04
0.0094
5.9436
0.1516
0.2412
0
0
0.1271
0.1971
0.0232
0
0
0
1.1205
0.2701
1.0657
0.0012
0
0.1443
9.521
2.069
0
0
11.0013
33.0826
0.0017
1.082
0.0487
2.0278
3.1327
0.033
0
0
0
1.4828
6.7619
0.0846
0
0
0
0
0
0
9.4591
8e-04
0.0167
8.6
1.0429
0.049
2.9228
5.9649
0.3593
0
0
0
0
1.3527
4.1665
7.0288
5.2814
0.6778
1.4005
0
3.1878
1.6848
1.8821
0.0611
0.1809
0
0
0
3.3733
0
0
4.2589
6.9322
0.0019
0
0.3882
2.342
5.4679
3.3848
0
0
0
0.0024
1.1127
0
0
0
0.0056
6.6267
0.1173
0
0
0
1.0057
2.5639
10.308
0
0
0.012
0.8208
0
0
3.6488
0.1154
0
0
1.3218
16.5835
0
0
0.6327
0.1089
0
0
0
0
0
7.6063
0.1595
0
0
0
0
0
0.5709
5.293
2.0304
0
0.0012
7.3086
0.2786
0
0.0439
0
0
26.8779
10.3283
0
4.549
0.925
0
2.3292
0
0.7737
11.4411
0.0156
0
0
0
1.1409
0.355
0
3.4428
4.2559
0.1316
0
0
2.3834
5.4983
0
0
1.65
0.5844
0.1144
6.5486
8.4519
0
6.8739
1.1431
0
0
0
0.9733
0
0
1.0701
0
16.7076
0
0
0
0.7474
0.3414
0.174
4.1645
0.0827
0.1943
0.0455
0
1.2473
0
0
7.4075
0
2.1695
0.7534
0
0
0
0
1.0772
2.6581
0.6127
0
6.0443
13.8811
0
0.2781
0
0
0
0.0148
0
0
0.482
0.5708
3.5902
10.0177
0.0976
1.184
0.0393
0.1521
0.0384
0
2.0433
12.5673
1.2193
0
0.3062
11.3626
4.265
17.2182
4.3567
0.7834
0
3.1311
2.3284
0
0.0048
1.26
0
4.1769
6.4828
0
0.451
0.0021
0
2.0908
0.4161
0.0042
0
0
10.7461
0.2174
0
0
1.2817
3.0113
0.0154
0
0
0.2064
0.0012
1.6676
1.9172
0
0
2.178
7.2356
0.6125
0.316
0
0
0.1099
0
0
0
0
1.4791
6.4322
10.3257
2.2283
7.0661
49.3697
0
0
0
0
0.3941
0.1663
4e-04
1.4839
1.5874
0.4247
0.8359
7.8785
4.619
7.8054
17.9413
29.379
2.445
1.3322
1.3254
0.2441
0.1587
0.7648
0.9389
0
5.8623
0.199
29.7584
57.407
3.1777
7.288
1.2706
0
0
0
0
0
12.097
0.4336
15.5122
2.1119
0
9.4051
4.7835
13.7033
1.085
0.1294
7.1759
0.0961
2.6087
0.0145
0.3372
0
0
0
0
8e-04
0
0
5.4792
0.1007
0
0
0.3098
18.3185
1.0702
0
0
0
0
0.0119
12.363
11.1521
0.4721
0
0
0.3208
0.12
6.6187
4.2981
6.169
4.9088
0
0
0
3.2137
0
0.0021
0
0
0.0034
1.5719
0.3185
0
0.3166
4.4027
35.9595
1.9375
0
0
0.1072
0.0167
0.0135
5.9515
15.5995
2.8752
0
0.1988
0
0
0
1.9242
0
0
0.0232
0
0
0
0
0
0
1.8217
4.1849
0.0463
0
3.6819
3.4146
0
0
0
0
0.9771
0
0
0
0
0
0.1321
4.495
0
0
0
0
0
0.0397
0.0166
5.7195
4.7334
0
0.3209
42.0598
0.795
0
0.0655
1.6698
0
0.058
0
0
7.1941
0
0
0
16.7087
0.4926
3.3474
0
0
0
0.5249
0
3.8858
3.3855
0
1.8832
0.1201
0.0778
0
0
0.0502
6.8164
12.2987
0.0014
0.1385
1.0058
1.4789
0.0397
0
0
0
0
0
0
0
0
0.0176
0.7322
1.6089
0.3317
0
8e-04
0
0
0
4.484
6.8953
0.9938
7.7742
0
7.281
34.0066
19.8158
6.7118
0
0
0
0
0
0.2963
0
0
0
3.656
2.1721
14.823
0
4.9321
0.6757
1.6059
0.8326
4.3566
0.9854
0
0
0.9645
0
0
0
0
0
0
0
0
0.3591
0
0
0.1072
0.0044
11.8664
0
0
0
0
3.0672
0.1559
0.7341
0.9626
0.051
0.0452
0.0431
0.6381
0.3621
0.2095
0
0
0
0
0
0
33.9604
3.4939
0.3115
0
0
1.4068
6.3362
1.0485
0.0195
5.2803
2.1853
0.4018
0
0.0901
0.1325
20.9977
4.1268
0
8.001
14.3409
9.5586
0.3595
0
0
0
0
0
0
0
7.1465
7.5696
0
0
8.8672
0.2901
0
13.2277
4.9396
2.1186
0.2192
0.1271
0
3.6327
29.1486
1.7812
4.2366
0.1894
6.7244
0
0
0
0
0
0
0
0
0
2.3085
2.6657
0
0
0
11.7792
0.2946
9.0691
1.5939
5.7768
9.4995
14.2193
0
2.0204
2.9657
0
1.9887
1.2903
1.3707
5.8583
0.4112
10.2666
11.6662
4.7061
0
0
0.232
1.9755
0
8e-04
5.0517
4e-04
0
0
0
0
0
1.5023
1.63
8.6313
0.353
0
1.3732
0.1348
2.3881
7.7341
0.0024
0.3223
0.0362
0.0175
0
0
0.1005
0
0
2.5344
4.6614
4.0531
0
1.1266
0
0
0
20.4174
0
0
0.1072
9.3762
0.0081
0
0
3.4465
0
0
0.1319
0.2445
0.7866
0.7782
0.1999
1.5912
0
0
0
0
5.8596
0.5817
0.0016
0
7.5514
0
0
0
1.7609
0
4.0973
0.0711
0
0
0.0992
3.7316
1.6876
3.0603
0
0
0
0
2.2027
0.8681
0
0
0
5.4002
3.8536
6.2548
29.6872
7.672
2.6645
3.5249
1.5438
0.089
0
3.7589
2.3852
0.0026
0.1529
0
5.824
0
10.7033
1.8347
0
0
0.1629
0
0
0
0
0
0
0
2.0405
6.8679
28.9433
3.8514
0
0
5.5187
0.2087
0
6.0589
1.7544
0
0
0
0
0
0
0
6.6536
0
12.5192
6.7166
2.8943
1.7915
7.8635
0.0242
0.4184
0
0
0
0
0
0
0
0
3.3946
0.0278
0
1.1788
1.382
0.1663
2.6116
17.5575
24.8022
0
0
0
0
0.8808
1.9156
0
0
9.1809
0
0
0
1.8276
0.0965
0
0
0
2.441
1.9519
0
0
0
0
0
0
0
0
0
4.5683
0.145
0
0
1.5014
1.3146
0.0111
0.2412
0.0015
1.5006
6.5478
0.9979
1.8614
0.0159
0
0.4887
2.3891
11.9122
0
0.025
0.085
2.4094
7.3148
4.4466
0
0
0
2.9116
6.6771
13.3519
0
0
0
0
0
1.682
0
0.111
5.6971
0
1.4122
1.5009
0
0
0.1746
11.8053
7.8148
1.5086
0
0
0.4091
0
6.9921
4.2506
30.2638
0.0224
0.4591
0
0.7394
9.3871
0.0017
0
13.8856
0
0.0063
15.7482
2.0557
0.1106
0.2768
0.2126
0.1077
0.0106
0.4026
2.7089
0
0.0269
0.0112
0
0
0
22.2178
3.1267
1.3602
0
2.5244
2.8638
0
0
0
0
0
0
0
0
0
0.0276
0
1.8297
13.5216
0
0
0.0123
10.3107
0.0403
0
0
0
0.6351
10.6722
0.326
0
1.6329
0.0145
0
0.466
3.8954
0
0
2.2657
0.6197
0
1.9644
0.4466
0
0.1093
5.7283
0.89
5.1283
3.4104
1.9241
0
6.9477
5.4974
1.2761
0
0.127
9.7275
0.0016
16.4212
9.1777
0
0
0
6.288
0
0
0
2.3088
0.1267
0.0543
0
5.6285
11.6198
3.5833
0
0
0
0
0
0.1356
0.9808
25.8254
4.0241
17.1057
1.3106
0.896
21.1328
26.5158
3.2897
1.2798
0
0
0
13.116
0.0099
1.7679
4e-04
0
0
0
0.0406
9.1716
4.3873
9.4492
3.1482
0.1808
0.2326
4.9444
3.345
11.2845
2.7434
5.2712
0.9267
0.6848
0
0
0
2.6688
0.9437
0.6596
1.0595
0
0.0433
0.0058
0
0
8.2988
1.037
0.3979
0
0.9812
1.0982
3.2891
0.2484
0.6418
0.5902
36.4448
0
0
0.146
1.6724
0
3.1696
37.0845
14.7965
0
0.0266
8e-04
0
0.0199
10.7314
0.0016
0
36.9413
6.1469
19.57
19.9948
0
0.0254
0.0408
1.3627
0
0
0
0
15.1081
2.1407
9.7234
0
0
1.4173
3.3934
0.0167
0
0
0
11.1685
0.0321
17.7214
1.4418
3.3219
0.0183
0
0
0
1.9034
3.1
0
0
0.038
0
2.4632
0.0143
4.4203
0
6.9411
2.2803
1.1165
0.0031
0
0
0
1.5418
4.9964
0.5757
1e-04
0
1.1782
0.3249
0
14.1042
0.6656
3.0773
1.2065
0
0
0
0
0.9607
3.6933
0.5123
0
0.4182
9e-04
7.515
0
0
0
0
0
0
0
0
0
0.0054
0
0
0
0
0.3486
1.7305
1.7645
0.5587
13.7628
27.7697
1.3992
6.4276
2.5446
0
0
1.1257
0
0
0
0
0
0
0
3.5168
11.9162
0.7169
0
0
9.0148
0.2847
3.0495
0
0.5931
15.0728
4.1043
0
30.5096
26.4165
0.0074
0.0075
0
0
0
0.5508
4.1255
0
4.0669
0.1057
0
58.7919
2.8758
0
0
0.5393
0.0171
0
0.3782
0
0
0
0
1.778
0
0
0
0
5.7486
0.5064
0
0
4.1935
1e-04
0
1.1602
1.8005
2.0849
0
0.2944
0.3446
0.7169
0.0176
0
0
1.2824
18.0502
0.0273
2.9517
0
0
0
0.0167
0.5725
0
0
0
0
0.0143
0
0
0
4.8524
0
0.3147
7.4474
18.1966
1.1877
8.2488
2.0311
0
0
0
0
2.857
0.045
2.8395
7.6587
0
0.3461
0
4.4537
0.121
2.2203
0.2821
0.0153
0
0
0
4.1726
1.693
3.1492
1.1208
0
4.091
2.849
0.7167
0
0
1.3844
5.8573
9.5137
0
1.6782
15.7867
1.3503
7.7666
9.024
0.469
11.5643
13.1643
0
0
1.3882
36.8513
2.9997
0.1069
0.195
0
0.0389
0.4912
0.0767
0.083
0
0
0.078
2.9249
0.1639
0
0
0.4391
0
0
0
2.0329
0
0
0
0
0
9.0549
8.8587
20.539
4.101
0.0658
0
1.8108
20.2662
6.6744
0
1.2579
0.7435
0
0.003
0
0
0.7387
0.437
6.4607
37.577
1.0462
2.5925
0.0028
2.5974
0
0
0
0.1657
5.1573
1.619
0
0.4115
2.0299
0
0
0
0.0087
11.8541
2.3625
0
6.4987
0.1321
0.0019
0.7097
4.6696
0.1979
0.539
17.0676
4.4746
3.6399
0
0
0.0259
5.5842
3.7608
0.6333
23.0164
0
0
0
3.5982
0.0186
0
0
1.7237
5.9989
2.4473
0.0192
1.031
0
0.093
0
0
10.6892
7.9092
25.0912
13.3368
7.9783
0.5082
0.1097
0
0
0
0.5054
6.4482
0.8772
0.0017
5.7542
5.9612
0.0942
0
0.0422
16.8102
0.2337
0
0
0
4.3302
4.27
3.1223
8.7853
0.0237
0
0
0
6.1069
0
0
0
0
0.2771
0.2331
0.0088
0
0
7.6341
3.338
1.2391
2.9412
1.8441
0.0673
3.657
5.9944
0
0
0.5794
7.7205
0.5498
0
0
0
0
0.4122
14.106
4.1802
2.1814
3.3992
0
0.0016
0
0
0
10.3598
13.3613
8.1276
0
0
24.598
3.5101
0.0012
0
5.801
5.1651
0
0
8.603
0
0
0.7309
1e-04
0.0239
0
0.0537
9.618
0.0701
14.0833
20.9985
6.2154
1.4149
0
0
0
0
0
0
0
3.0418
0
6.7583
0
0
7.5455
13.41
10.5356
0
0
0
0
0
1.1238
0.0011
5.0345
10.4989
6.4902
12.1533
0.4475
1.6348
0
0.5179
0.2883
4.8211
0
0.4182
0
0
0
0.0869
1.5361
2.5173
0
0
0
0
2.7596
11.6474
18.7639
1.8722
0.2141
5.0508
46.9634
19.9024
19.0386
0
3.059
3.8407
0
0
2.7164
1.2793
1.14
0
0
0
10.282
0.2108
0.5806
5.2149
2.2717
8e-04
0
0
0
12.066
0.1177
13.5477
1.7335
0
0.4231
1.3298
10.7085
2.8576
0.7548
0.1845
0.0169
0.8366
0
0
0
0
0
0
0
0.0818
7.7018
4.0309
0
0
0
1.715
20.0529
1.9855
0
0
0
0
1.0771
2.5595
0
0
20.1325
7.7133
0.9426
0.108
0
0
0
0.7172
3.6328
0.3929
0
0
2.7377
2.2261
0
0.2772
0
1.2551
1.7094
9.5628
4.9356
0
0
25.0726
5.1514
0.3444
0.0669
5.6283
0.0759
0.6961
0.1199
0.1501
3.2849
0
0
1.3541
0.947
14.1549
12.2884
0.567
0
2.5784
2.0748
15.8776
0.316
0.0205
0.0626
0
0.5427
0.6781
2.4908
10.651
0.8373
0
0
2.3288
0
0
0
0
0
0
0.5466
0
0.2488
0
0
0
2.0291
20.7814
0
0
0.1305
8.3317
3.0748
1.5682
0
1.1968
0
0.0246
7.7906
0.1072
0
0.1133
0.6965
0
0
0.4456
10.1134
15.097
11.9041
0
0
0
1.0595
0.4095
0
0.1596
1.1538
0
0
0.1941
2.6562
0
18.4464
0.8388
0.0879
0.0223
4.3617
18.8668
20.4357
0
0
0.0497
0
7.3329
32.9879
1.8408
11.282
5.9089
5.1058
3.7061
13.8608
2.603
1.7016
0
0
0
0
7.9191
2.8396
0.4344
10.5801
7.4588
0
0
0
3.0931
4.5249
5.972
1.1959
0.3281
0.3527
2.0079
0.0545
1.238
6.1783
0.0551
9.7275
0.0229
2.8968
0.6986
5.3525
15.3464
3e-04
0
29.7553
8.7403
0.0942
0
0
14.985
0
0
19.4846
7.6034
5.819
43.8972
4.2884
8.7681
0
20.3852
1.4209
0
0
2.1769
2.5246
0
1.0372
0
0.0028
0.3816
0
3.4117
14.7
2.0656
1.9893
11.0408
0.5233
0
0
0
2.0328
0
0
0.7576
0.3226
17.1719
15.2232
10.2211
0
0.0053
7.9427
24.7744
0
0.1916
0
0
0
0
0.1279
7.2006
0.3389
0
0
0
0.2042
0.004
24.0718
0.6219
0.0025
0
0
0
2.5263
6.9962
0.2093
1.4254
0.1725
2.6553
9.3857
11.4343
11.2544
0.9531
24.927
0
0.2375
0
3.0957
9.5322
0
0
0.1035
0.7496
12.52
11.1163
0.3432
0
0
0
0
0.2848
0
0
1.7298
1.8146
1.2346
7.1027
0
1.5855
0
0
0
0
0.4881
8e-04
4.3192
0
0.4842
0.3977
0.0016
0.315
2.106
29.3418
0.0075
1.0989
3.1291
0.0924
0
0.6431
0.9615
0
0
0
0.0143
5.0142
0
0.1306
0
5.9168
0.7389
0
0.0016
0
0.7492
5.7031
0
0
0
12.9912
7.0169
0
0
14.4359
25.9358
1.1267
2.3957
0
0.0218
0.1251
0
0.5692
0
0
0
19.725
9.8037
0
0.1567
0
0
0
0
0
8e-04
0.2889
0.6771
0.395
3.7419
0.0083
0.0016
7.2606
0.4312
0
0
9.9306
0.9068
0.294
0
0
0
0.262
0
9.2395
2.5927
0.104
0
0.048
10.8711
0
1.6466
1.8194
0.0544
0
0
0
0
0
0.2732
0.0689
0
0
0
15.7157
4.8828
1.3011
1.1509
0
5.6326
6.4212
0.0386
0
0
0.2599
0
17.4359
10.0515
3.405
0.2088
0
1.6671
0
0
23.9468
0.0299
0.0668
0.1179
0
0
7.66
5.3296
0.1905
0
0
0.3238
0
0
0.001
0.6414
0
5.3948
0.3385
6.9681
1.9736
0.0011
1.5812
6.9922
0.1159
0.2892
9.2718
0.0338
0
0
0
8.4771
0
0
0
0
0
0
8.6018
6.0804
1.6865
0
0
0.067
3.539
8.0637
0.2547
0
0.8802
0
0
0
5.2331
0.1941
0
11.2287
0.7628
0.3691
0.1691
0.3252
15.0133
12.4397
7.7788
0
0.1813
3.3152
0
2.1537
0.2681
3.5816
16.1242
17.513
0.7249
1.7292
0.3522
0
0
0
0.1066
0.0745
6.4672
14.878
0.1354
2e-04
0
0.2113
9.4104
0
0.3745
4e-04
6.8948
1.3529
0
0
0.2406
0.1379
1.7691
1.7985
0
10.5645
0
1.4686
5.009
3.2333
2.1772
0.0048
0
0
0.5685
2.6566
0
1.0238
0
6.4365
2.9813
0
0
14.8094
20.3247
0.2857
0.9119
8.9879
16.2232
1.1864
1.6058
3.0996
0
0
2.5024
0.793
0
1.6331
17.7113
0
0
0
8e-04
0.1941
5.5306
0.0934
0
0
0
0
8.371
0.015
0
10.8673
0
0
0
8e-04
0.2682
2.458
0
1.6478
9.5114
4.1087
0
0.1552
1.4258
4.8007
0.6164
0
0
0
0
0
0.0063
0
0
0.0314
0.0977
0.4049
12.1564
2.7658
0.0024
0.0065
0
0
0.1746
0
0
4.4893
0
1.8476
9.5402
20.2145
0
0
0
15.8663
1.8102
0
0
0
21.6014
27.2949
8.4251
0.0108
0
0
0
0
0
0
0
0
0
0.1675
0.0011
1.1294
0
0
0
0
0
0
1.804
0
0.1286
0.2515
0
27.953
18.464
0
0
0
12.4649
0
0
0
0.0196
39.6871
4.6515
0
0.0822
0
0
6.2507
0
0.0742
0
0
0
0
0.0176
0.0208
0
0
0
0
0
0.3146
12.8883
1.5318
0.8715
3.2738
0.1218
0
5.8583
0.1029
0
0.7748
0
0
0
0
0
4.4122
1e-04
3.0817
0.1999
0
1.6229
15.8453
11.3987
20.8093
5.2986
5.6409
0.5615
0.3643
0.6015
1.7969
6.1108
27.1335
0.0285
0
0.6705
0
0.002
0
0
0
0
0
0
0
3.7527
0
0.0022
0
11.8202
0.1784
3e-04
0
0
0
0
17.219
0.0016
0.4344
6.4097
10.2161
4e-04
0.0016
0
17.1122
9.1857
0.0613
0
0
0
0
0.0793
0
0
0.0088
0.0104
9.281
0
0
0
1.7983
2.0726
0.316
0.9077
2.1346
0.2365
0.7209
0.2445
3.2879
6.5221
0.7935
0
0.7971
0
4.162
2.5489
