1980 1 1
0.1344
0.4197
0.2541
0.7862
1.6649
0.2537
0.2862
0
0
0
12.436
0.1295
0
0.4264
0
0
0
0
0
0
0
0
0.354
0.6897
2.011
0
0.0431
0
0
0.0456
0.0447
0
0
0
0
0
0.0943
0
0
0.2606
0
0.1376
0
9e-04
0
4.8134
2.7666
0
0
0
0
0.4934
13.1084
0.039
0.0084
0.648
2.606
0.1977
0.7324
0.1701
0
0
0
0.0399
5.5173
0.0514
1.9179
15.7076
0.1061
0.0543
0.1544
0
0.9054
1.2549
0
0.4677
13.0422
0.6555
0
0.1848
29.6812
0.0947
0
10.0482
0.6083
0
0.6869
3.1054
7.0982
1.3432
9.3608
0.3639
0.1253
1.2381
7.7408
0.0168
0
2.1978
6.2364
6.2331
1.435
0.4975
4.7609
0.3839
16.223
1.1603
0.4773
0
0
0
0
0.001
0
0
0.02
0.2592
0.2151
2.0636
3.3999
0
0
0
0
0
0
0
0
0
0.4291
0.0562
1.2142
4.9163
8.6947
7.5721
1.6598
0
0.3063
17.1261
11.9987
1.757
0
0
0.0996
0.106
0.5186
0.0546
0
0
0
1.8008
4.6992
6.32
9.6655
11.2819
4.9156
0.4422
0.6926
13.4005
9.4582
2.9597
1.1306
0.1484
0
0
0.5621
11.7706
8.2933
3.9878
0
0.0924
8.3096
1.8246
0
0
0.0249
3.168
0
0
0
0.016
0.7527
0.174
1.7046
0
2.1109
13.8854
13.6301
0.8415
0
4.4314
5.5285
0.8866
0.2334
1.58
0.6401
0.0205
1.9926
2.211
1.1017
0
0.0959
0.5729
5.5698
23.3348
3.247
0
0
0.1758
3.5867
14.0827
6.0099
1.4916
1.2998
1.0689
20.26
11.0386
0.656
3.6676
0.4294
0
0
1.2092
9.2811
12.8704
5.4297
0.0503
4.7981
0.9359
1.0646
10.5414
6.3517
1.6731
24.5982
9.0129
2.3825
0
0
0
0
0
0.3118
1.4546
4.5357
8.3092
7.3889
2.1516
0.0222
7.408
0.5531
0.0168
0.0273
0.067
3.5086
0.9832
0
1.3831
11.1314
2.7039
0.0233
0.1089
10.8155
0.0242
0
0.0011
0.3499
3.3112
7.2599
0
1.1165
2.1937
0
0
0
0
0
6.3907
0.515
0.179
0.0428
0
0
0
0
0.001
0.1203
0.1338
0
0.3289
1.0357
0.4078
2.4664
8.1424
0.1389
0.066
0
0
0
0.9732
8.764
0.0012
0.0182
7.5066
0
0
0
0
0
0.0101
0.1966
0
0
0
1.162
0.0202
0
0
0.0295
1.2439
4.1833
0.1039
0
2.7284
1.0759
0
0
0.0205
0
0.2813
2.6699
0.1058
0
8.1813
0.9234
0.7635
0.5575
0.0358
4.5818
0.2455
0
0.0081
0.9249
7.4061
6.3566
3.9357
0.2025
0
0.4655
0
0
0.2524
0.147
0
0.8975
0.6502
0
0
0
0
6.89
0
0
0
0.0368
9.6025
0.5318
5.0666
1.3156
1.4466
1.4554
0.121
0.4786
3.2213
2.9268
0
0
0.0229
0
0
0
0
0.021
1.5222
0.1556
0
0
0
0
0
0
9e-04
0
0.1443
0.3773
0
0.0834
0
0
8.7199
1.3214
0.4098
0.5058
0.1481
1.0844
0.0086
0
0
9.6606
10.6616
0.0128
0
0
0
1.9431
0.3959
0.0074
11.506
6.144
0.1246
0.2927
5.9224
0.2339
0
0
0.0024
1.004
0.1355
0
0
0.2518
0.5587
0
0
0
0.0198
0
0
0
0
0
0
1.7242
0
0.3037
0.5656
0.4823
0.0368
0
0
0
0
4.7324
5.499
0
0.0112
2.9948
0
0.3736
0
0.9838
2.0963
0.7057
0
0
0.1401
3.7947
1.4149
5.3082
12.1634
3.6556
24.2255
0
0.6075
8.949
2.5938
0.278
0.9348
0.1636
0.3949
7.5143
0.7837
0.0467
0.1437
0.0192
14.3741
10.9407
0.1932
0
0
0
0.1966
1.9997
5.5291
0
0
0.9219
13.7859
10.9966
0.2204
0
10.7592
6.639
0.1942
0
0
0
0
0
0.0312
0
0.1467
0.1249
0.7986
9.1501
5.9824
0.1717
4.9369
0.0147
0
0.0144
6.4464
2.8633
1.9773
2.2993
0
7.5139
45.549
5.424
0
4.7647
31.4116
7.1414
0.2836
1.1955
0.0924
0
0
0.4267
12.4442
27.504
0
1.7056
20.6801
0.0162
0
0
0.0925
0.3869
1.7536
1.0299
1.2666
3.1997
3.0247
0
0
0
1.8504
3.9335
0
0.0417
2.6736
1.0816
0.4076
0.013
0
0
5.5542
25.9492
2.2219
0.0543
0
0
0
11.2832
1.3201
14.1897
0.3565
0
0
0.5896
0.2676
4.0454
2.2667
0.1302
0.4609
5.3071
2.3518
0.0835
0.9636
9.8969
0.035
0.0318
0.4188
5.8739
0
0
0
0
0
0
0
0
0
0
0.01
1.5022
8.6164
14.0058
19.1078
5.7025
6.0161
25.0928
16.5642
11.3015
2.2166
1.1086
0.1063
3.2075
0
0.2159
0
0
0.7696
3.4536
7.0092
8.7791
29.479
10.9538
3.4684
0.9194
1.7205
2.5675
0
0
0.0894
0.8959
4.7296
0
1.0137
7.9541
4.6899
0.2654
0
0
0.6387
13.0468
0.0335
0
0
0
0
0
0
0
0
0.1443
0.1855
9.868
1.5546
0.0548
4.3393
2.7291
4.0483
0
0.0396
9.5188
13.7348
1.2018
0
0
0
0
0
0
0
3.0791
2.056
0.0812
0
0
0
0
0
0
0
0.008
0.0397
6e-04
0.3753
4.2678
19.5738
1.1402
0
0.0896
0.4977
0
0.5804
1.3031
0
0
0
9.4893
0.5563
0
6.253
0.5578
0
0
2.1348
0.1574
0
0
0
0
0
0.2747
0.4037
6.1862
0.2572
0.0647
0.293
3.8815
5.5985
26.7469
0
0
0
5.3951
4.1113
0.9565
0.8315
1.8674
0.8572
0
1.9671
8.7494
1.8225
0.6464
3.0067
0.268
1.6792
0.3744
0.6915
0.6617
2.7216
0.2483
0.7623
2.1959
0.1798
0.0713
0.145
0.0726
0.8236
1.0756
13.8378
0.5685
0.2924
0.1464
0
2.0034
0
29.828
11.1803
3.807
2.0423
6.9244
2.2779
0.4946
0.7752
0.2233
0
4.7725
0.0026
0.5475
0
0.2905
0.4364
0.1264
0.3215
1.5444
0.2787
3.6713
0.5354
0.3055
0.0088
0.1505
5.3749
0
0
0
0
5.0435
2.9668
1.9954
17.3276
0.5783
0.0374
0.6904
1.0913
1.7317
1.2771
4.5057
0.462
6.6143
0.0384
4.5027
13.1649
0.7276
0
1.8112
4.5919
0.497
0
0
2.9897
2.4346
2.2769
0.9147
0
0.0911
4.9323
13.2914
0.0319
0.0222
6.8416
2.0709
1.0309
14.1464
0.4695
0
1.6069
0.695
0.452
0
0
0
1.3961
4.8355
6.0467
0.0641
0
2.053
0.4093
0
0
0
0.1523
0.5946
0
0
0.0913
0
0.4099
0.0458
0
0
0.5282
2.621
4.1007
4.4794
0
0
0
0
0.6562
0
0
0
0
0.4546
5.4718
3.8416
5.3502
9.5103
11.7146
0
0
4.312
18.9831
18.116
1.52
2.2167
0.9908
2.3638
0
0.1171
0.0272
1.8595
0.2566
0.0011
0.0049
1.9716
3.2134
0
0
0
0
9.3684
23.5348
2.176
0.1142
2.9669
1.3636
5.0217
10.0399
0.5882
0
0.2669
0.7401
0.3555
20.9825
20.112
0.336
0
0
34.8484
0.2437
0.0014
0
2.4917
1.3858
0.9461
2.6414
1.6318
0.0251
0
0
0
0
0.7033
3.1509
7.9421
2.0218
0
0
0
0
0
0.2063
0.4402
0.7553
0
0
0.5969
0
1.7185
1.2915
5.6745
1.2611
0
0.5156
5.9468
0.7212
0
0
0
0
0
0
0
0
2.0327
0
13.1591
1.0193
0.0301
0.1274
0.2162
0.9101
0
0
0
0
0.008
0.0866
0.3286
2.1907
0.1244
0
0
4.4777
1.3629
0.0011
0
0
0
0
0.2917
5.8194
1.5418
0
1.1184
6.7827
0
0.1041
0.1402
8.8756
5.8308
0.894
3.3294
1.8842
26.9782
0.4843
0
0
0
0
0
0
0.4647
0.636
6.2715
2.2545
0.697
0.0138
0
0
0
0.263
0.8127
0.5593
0
0
0.0375
3.0805
0.0322
0
0
0
0
0
0
0
1.2198
0
28.0232
16.4861
25.1231
9.235
0.4446
0
0
0.0623
0.0143
2.2935
1.1938
9.4675
6.5364
0.5719
0
0
0.0473
0
0
2.1756
19.164
12.3112
2.4583
11.9494
4.5421
0
6.4922
0.1574
15.9659
1.152
0
0.1126
0.2723
1.0418
2.4992
4.1862
0.7388
0.2477
0.4472
0.3693
0.3759
0.9539
0
0
1.8324
8.3769
13.7888
0
0
8.4551
1.2529
0.1486
0.2719
6.3487
2.5042
9.8943
1.9527
11.3021
2.969
0.0019
0
0
0
0
0
0
0
0
0.059
0
0
2.2988
0.5964
0.0614
0.1248
0.3216
0.4605
0.1144
0
0
0
0
1.3953
6.8943
2.3804
0.0462
0
0
0
0
0.4131
5.3458
0
0.0751
6.5069
0.8351
0.6003
0.4539
0.3044
3.2999
0
0
0.006
0.0838
0.0138
0
0
0
0
0.0627
0
0.2695
0
0
0.0776
0.1112
0
0.277
0.1353
0
0
0
0
0
0.0308
0
2.7416
1.5152
3.8186
0.5401
3.102
3.4513
0.0619
0
0
0
0.0748
0.018
2.3652
7.3573
1.7875
9.0015
0.0044
0.0671
0
0.5856
0
6.2327
1.9672
0
0
0
0.4563
8.3867
4.4866
0.4005
0.5746
3.2866
5.3606
5.6673
7.5046
3.7712
0.4664
0.2308
10.8029
12.8653
3.626
0.2722
1.9844
0.1834
0.0452
0
0
0
0
0
0
0
0
11.9355
1.7886
16.6993
8.3713
17.4165
11.4235
2.9414
1.1648
1.4256
1.8185
10.8514
0.4092
0
0
0
0.5052
8.2154
6.2176
0.4222
0
0
5.9791
0.1364
2.0789
14.6844
0.2769
3.7428
2.73
0.821
0
0.5236
7.5486
0.7732
0.4529
0.1403
1.1624
1.7511
2.3549
0.8726
17.5401
0
0
0
2.7753
0.0039
0
0
1.5867
0.8432
1.4714
0
0.0222
3.6393
0.3108
0
0
0
0
0
0
19.3197
33.6748
4.6471
7.45
4.8576
4.4634
5.2204
9.093
1.8911
0
0
0
0
0
0
0
0
0
0
3.344
8.4863
3.4907
4.5628
5.5946
0.6544
5.0519
2.8407
1.7017
0
0
0
1.1273
9.1831
5.9006
15.7464
1.992
0.3436
0
1.1409
0.5723
0
0
0
2.1231
0.03
21.7345
0.7452
0
0
0
0
0.0518
0
0
0.4694
0.046
0.4844
0
0
0.9562
0.3551
1.5899
2.5165
2.3111
7.0165
4.8755
0
0.3241
0
3.4226
3.0669
6.5344
17.0262
0
0
0.0012
0.0363
0.0381
0
0
0.1259
7.9204
0.6802
0.0389
0.3633
8.041
19.1152
0.0395
0.033
0.2576
0.1653
0.0253
0
0
0
0
0
0
3.1765
14.5937
15.0192
0.1936
0
4.9313
1.4923
0.1057
0.0412
3.829
35.4123
1.2101
0
0
0.1656
1.6939
0.2283
1.3009
1.9263
14.2693
5.2719
0.4118
1.1558
0.867
1.0035
0
0
0
0.0904
10.042
7.2731
8.4319
0
0
0.0494
0
0
0
7.8184
37.8691
0.1475
0
0.4769
9.1613
11.4329
0.4354
0
10.7262
1.3433
0.5794
0
11.3327
0.034
0
0.0754
2.0001
22.4662
0.0567
0.0095
0.7385
0.7068
0.5505
18.4491
1.0242
27.9755
0.9532
2.0791
1.0935
0.3432
3.4228
7.6291
0.0097
0.9593
0.3729
1e-04
0.0262
0.0263
0.6247
2.9069
2.5325
12.3564
0.0046
0.3755
2e-04
0
0.7772
8.4513
0.3656
0.9528
0
0
0
0
0.2136
0
0.1159
0
2.0113
0.8841
2.3262
0
0
0.1066
1.147
0
0
0.0278
0.651
0.037
0
0
0
0.3235
6.0987
0
0
0
0
2.0228
4.5488
0.3412
0.2966
0.3657
5.073
0.1213
0.6601
0.0744
0.0228
0
0
1.7508
2.3113
1.6957
7.9196
11.0619
0
0.0512
1.8721
0.6065
1.0555
0.0348
0
0
0
0.163
5.0106
1.3271
3.1591
11.0811
1.5233
0
0
0
0.0161
5.9854
0.2431
1.3511
1.4469
0.224
0.0259
0.0343
0
6.9634
0.664
0.3563
10.1464
0.0061
0.7593
0.3427
14.278
22.5355
2.1989
0.0332
8e-04
0.0312
0.651
3.3159
1.789
1.5787
3e-04
0
0
1.8839
1.2011
2.5653
4.7668
0.692
0
0
0.0498
0
0
0.3052
5.7681
3.431
6.31
3.1279
6.8346
4.6541
0.138
2e-04
3.4509
21.9221
7.3303
5.4647
0.7499
0
10.9676
0.0398
0.096
1.5916
0.3027
1.3127
3.0095
3.6327
0.0555
0.1351
3.3906
4.6684
0.0546
1.7319
1.0896
5.8348
5.8288
0.7117
0
0
0
4.7238
5.8174
31.4697
7.2535
4.1481
16.7833
0
2.9743
5.7665
0.1194
15.0203
2.5483
1.4528
0
0
0.3065
6.0322
0
2.9821
3.8756
0.011
0
0
0
0
0
5.6996
21.0299
0
0.0025
3.1054
3.3907
4.4837
0.016
3e-04
0.3688
0.5245
0.0714
0
0.0379
1.0069
0.8614
0.0266
0.0431
1.6083
0
0.568
5.4123
18.7309
8.2456
1.0749
0
6.4955
1.0989
0.1466
0.6106
1.5344
0
0.1505
0.037
1.2173
3.0482
1e-04
0
8e-04
0
0
4.5389
1.2589
6.8575
12.1643
0.5125
0.1211
0
0
1.6616
3.9138
14.5526
6.2805
1.5532
0.0262
6.75
5.3274
4.7993
0.5784
0.2046
0.2475
0.1287
0
0
0
0
2.442
5.437
0
0
0.5438
0.1851
0
0
0
0.0125
1.6002
1.9625
13.1443
0.3817
0.023
0.7363
9.0268
0.6033
1.1262
0
1.2277
0.0792
2.3168
5.9987
5.0703
0.9864
1.4883
4.3781
1.4964
0
0
0
0
0
0
0.2811
5.7917
1.68
5.3368
6.1053
0.041
0.9258
0.0617
1.0811
9.7242
0.2287
0
0
0
0
8.333
5.5416
1.3523
0
0
0
0.0187
1.485
0.2988
1.8468
0.0418
0.001
0.5475
0.2463
5.9468
0.4175
0.0884
0.0188
0.2575
0.0681
0
1.6124
0.5758
0
0.2169
5.638
3.6161
0
13.6758
1.5191
0.8139
0
0
5.8441
3.2803
12.0976
0.2773
0
0
4.6672
0.0054
0
0.0577
0.1857
0
0
0
0
0
0
0
0.0729
10.9901
0.2928
0.1273
3.0997
0
3.7651
0.0214
0.0561
4.7436
0.1966
0
0.2226
2.7408
0.0084
2.069
3.5094
7.5498
0
0
0
0.1981
2.6809
0
6.754
3.5274
0.0745
0.7923
0.4318
2.8895
6.2735
3.4193
6.9349
8.5944
2.5767
16.7315
0.0219
0
0
0
0.0992
0.1891
0
0
2.1355
1.9443
0
0
0.6214
0.4174
0
6.275
0.9118
0.0659
0.1001
0.56
0.6591
0.3657
0.177
1.8865
0.2113
0.4458
0.0625
3e-04
0
0.8827
0.0298
0.6042
0.2117
0
2.2331
1.4865
1e-04
0
0
1.662
11.2085
11.4848
5.9432
1.192
0
0
0
0
0
0
0.5306
4.4325
15.6378
1.4498
0.0698
3.2853
2.286
0
0.1484
0.2172
0
18.3319
4.2358
0.2085
0.0708
0.5159
0
0
5.0333
5.5933
0.0424
0.0298
0
0.0238
0
0
0.0364
0.0132
0
0.796
5.4401
3.4294
1.6345
0.2007
4.6242
14.1404
17.4905
15.9597
15.2007
0.5286
0.5658
5.5273
0.6455
6.1388
8.9932
2.2488
2.493
1.0146
0
0.1048
0.2326
0.0124
0.0526
0.0721
0.2019
0.1328
0.8597
0
0
3e-04
1e-04
0
0.1339
0.0412
0
0.0153
0.0404
0
0
3.0088
3.209
0.0471
0
0.1034
0.2799
0.0012
0
0
0
0
0.049
0.0875
1.3962
7.887
6.7594
15.8734
1.3034
1.2417
4.1033
6.9844
0.0603
0.3496
0
0.2404
1.4431
3.7134
18.984
0.3045
0.0198
1.0353
0
5.0705
6.198
0.9323
2.1169
0
0
1.2557
6.9218
2.4641
5.5217
8.2272
2.8477
1.1148
2.6812
6.3049
4.8694
2.1077
0.7976
0.1904
0
2.4872
1.4933
0.0792
0
0
0
0
0
0.4682
5.7122
10.282
2.4071
0.3014
7.3554
1.4609
0
0
0
24.3789
0.0112
0
0.2186
11.6403
9.4058
0.594
0.5581
0
0
0.0304
0.716
3.2598
0
0
0.2814
4.8299
0.0021
0
0
0.4393
23.8701
0.7778
0
0.0258
0.0403
1.6402
9.8611
14.1488
4.3841
0.0585
0.3169
0.3491
0
3.9335
8.0475
15.0771
1.2355
0.2437
3.3225
0.9996
0.0056
0
0
1.8222
9.1395
14.5115
8.9731
0.5353
0
0.6216
17.4534
1.453
0
0
0
1.8511
0.8302
1.317
0
3.4852
13.9365
2.7264
0.0443
0
0
0
0
0
0
0
0
0
0
0
4.5609
4.7883
0.6032
0.8025
0.0388
0
0.6503
1.36
2.6254
0
1e-04
0.1517
0.3886
0.2718
0
0.0348
0.1947
2.3306
2.6332
3.0302
3.9336
5.8327
22.8193
0.41
1.6237
3.0942
27.0438
6.8609
0.6925
0
0.2296
6.9717
0.8609
2.0335
0
0
0.431
0.9821
0.7483
0.1154
8.0753
22.2341
12.1619
9.768
0.151
6.0736
0.3493
4.9545
11.5957
2.4376
2.3688
4.76
4.3374
2.5288
16.2664
0.9591
0.5456
1.509
4.3586
0
6.3152
0.0583
0
1.0161
19.534
4.3974
6.9995
0.306
0.2114
3.314
0.6894
0
0
2.5929
1.647
0.2002
0.1007
0
11.3867
14.0213
1.0541
1.5345
0.1675
0.3516
0.2275
0.6296
0
0
0.3131
0.2699
1.1979
0.6633
1.3636
0.0146
0.0809
1.6239
0.258
0.1435
0.1724
0.2632
0
0
1.7043
0
0.9329
0
0
0
0
0.4758
0.2947
0.0244
1.3906
0.6274
0.0238
0
0.9388
0.247
7.783
3.5309
0.0446
0
0
0
1.6416
0.4863
2.3098
0.6677
2.4209
0
0.0499
0.4045
0.3277
1.183
13.6529
3.7103
1.0663
9.3295
0.1302
0
0
0
0.0306
0
0.7779
0.3236
1.2569
4.7142
0.6021
6.1245
0.1098
10.8375
0.2965
0
0.9836
6e-04
2.6191
0.7986
0
0
0.3771
0.9334
0.4023
0.0561
4.7701
0.0638
0
3.7441
2.0212
4.4737
3.3012
11.3879
0.654
0.165
0
2.9477
0.2655
15.1178
0.0117
0.0117
0
0.4797
0
0
1.1525
2.3866
0
0
0
0.9585
1.4416
1.1922
0
9.319
4.5592
2.4863
0
0.5148
0.4941
1.2574
2.0323
0.8997
7.0773
0.2621
10.0595
1.8328
1.3417
1e-04
0.2282
15.9676
11.3332
0.6134
0
0
0
0
8e-04
1.5102
0.3265
4.163
1.054
0
0
0
0
4.0447
18.9793
0
0
0
0
0.0486
0.7494
2.3799
2.2005
28.3732
3.5076
16.6581
7.7576
1.3598
1.845
1.6246
0.8329
0.8066
0
0.9025
11.9414
0.5488
0.1343
2.7464
0.5757
0.145
0.3151
0.0345
0.2691
20.8109
4.2592
4.2291
2.0676
1.0578
3.9551
12.7857
3.068
0.0012
0.0696
9.8607
5.2743
6.4379
0.5921
8.267
3.2412
0
1.0878
0.6062
0
0
0.6164
3.712
6.0238
0
5.4193
0.7241
9.8213
0.1319
0
0
0
0
1.2077
21.2764
1.2976
15.1386
7.3258
4.0544
0.3197
0.3677
14.7701
0
0
0
0
0
0
0
0.6049
2.1993
6.0799
0.015
0.6524
1.2395
0
0.7936
3.4132
0
0
0
0.9827
0.994
15.7311
1.1263
0.8676
15.7082
1.8069
0.2267
2e-04
2.0704
0.7377
4.4952
0.0036
0
0
0
0
0
0.2609
0.0832
0.1083
19.3931
7.4278
0
0.2266
0
0
0
0.2151
0
2.6331
0.1626
0
0
0
0
0.9294
10.2179
12.6777
0
0
0.1306
0.3362
0.145
11.311
0.0021
0
0.0249
11.0457
5.8874
2.207
19.2853
4.0086
16.6689
1.6016
4.6261
11.4118
15.523
0.5155
32.7489
6.423
0.5854
1.1005
0.0271
0
1.5851
0
0.0215
0.7318
9.1879
11.9209
0.6264
0
0
0
0
4e-04
0
0
0.1909
0.013
4.491
5.5253
2.6964
0.2142
0
0
0
0.5297
1.65
0.0023
0.1278
0.2301
0.0264
0.0158
1.7073
2.1458
0.0174
4.7528
0.0926
0.2391
0
0.119
0
4.5628
8.8323
7.3889
5.7
2.2076
0.0524
0.1566
0.2552
0.2779
26.0082
0.2328
0.021
0.0733
0
0.8296
18.8005
3.2106
0
0
0.1044
8.1223
6.7053
8.3531
0.2889
0
0.2451
0.0556
0
0
0.7702
0.324
4.6495
1.0949
0
0
0
0
6.8158
10.2293
0
0
0.7327
0
0
0.1479
0.5375
3.1459
0.2875
0
0
0
0
0
0.1442
8.1046
0.5318
0
0
0.0269
1.2131
0
0
6.1683
10.8425
0
0
0.5259
0.208
0
0.0058
2.0265
0
0.0742
2.8826
9.8659
0.1543
1e-04
0
0
0
0
0
0
0.4347
0.4149
0
0
0.8206
0.1108
0.0792
0
0
0
0
0
0
0
0
0
0
0
0
0.626
3.5483
6.823
0.1436
1.3159
0
2.461
0
0
0
0
0
0
0
0
12.5188
0.3198
0
0
0
0
0
0
0.3296
0
0.0141
2.0475
0.3464
3.9546
0
1.7009
28.8
5.7637
0.2251
3.3313
0.1294
8.5249
13.1777
0.936
1.3134
0
0
0
0.2622
5.7926
0
0.162
1.567
1.3176
0.1272
0
0
0
0
0.4192
5.2497
1.0396
0.0232
2.4697
2.5282
1.6758
0
0
0.1728
12.4983
7.2129
0.1505
0
0
0.0989
0
0
0
0
2.3411
0.3369
0.6048
2.2361
0.3337
0
14.2905
3.9935
0.5269
0.58
2.3237
0
0
0.508
3.9315
1.8816
0.0184
0
10.8953
19.9748
11.2759
6.93
18.6506
0
0
3.662
2.7102
0.154
3.8983
0
0.0186
9.9084
0.1408
0
0
0
0
0
3.1623
46.3659
7.0651
10.5663
0.9722
0
0.9185
5.1073
0.1098
0.117
10.3491
21.6114
5.09
9.1569
2.5374
9.0552
2.92
4.9525
2.6568
2.6583
0.3573
0.402
0.8606
0.0125
5.8181
14.2249
0.4024
0.8815
0
0
0
0.0216
0.2609
0.2064
0
9.2359
3.4165
2.4626
0
0
0
0
0.1798
2.072
9.5762
13.1923
0.0424
2.4624
0
1.7499
2.8802
6.0392
0.561
0
0
0
0
0
0.0462
0.1245
0.0424
0
0
20.1722
13.7429
0.9274
0
1.2923
16.7373
25.041
13.9575
0.474
0.3281
6.1146
0.1039
0.7298
0
0
0
0
0
0.0479
0.0145
0
7.47
5.9631
1.8526
1.4611
12.5216
1.2813
5.6968
10.2404
0.5176
0.2977
0.4317
5.1299
0.2648
0.1664
0
0
0
0
2.0344
1.4517
1.5609
0.6827
2.6778
0
0
2.2129
2.75
1.3518
1.1503
0.8345
3.916
0
0
0
0.3123
0.0969
3.5038
0
0.0492
0.806
0.7941
0.0906
4.7271
4.2035
1.6568
0
10.6833
0.1939
0.4157
0
0
1.2196
0.001
0.0192
0
0
0
0
3.2345
7.4201
0
0.3018
0
0
0
0.0067
0.0467
1.8758
0.5302
0.4119
3.9417
0.0173
0
0.8875
0.3351
26.9962
1.1811
1.1391
0.6494
6.5133
1.7814
4.2303
6.3038
4.5555
3.6839
0
0
0.358
0.8105
2.2024
0
2.566
6.2754
0.02
0.7319
19.3645
0.2272
0.0163
1.3308
0.7476
8.5157
1.3035
1e-04
1e-04
0.325
2.8497
0.8496
1.0794
6.42
1.217
0
0.0223
0.0015
0
0
0.1083
0
0
0
0
0
0
0
0
0.1627
0.0268
0
0
4.219
5.1852
1.3397
4.3535
0.0951
0
0.6461
0.0706
0.5636
2.4581
0
0.0284
0.3217
2.178
1.8138
3.0503
3.2487
1.0785
10.371
0
0
0.0089
0.0609
0.4564
0.2514
4.8944
6.9981
0
0
0.9994
0
0
0
7.2449
3.4619
0.7204
0
4.3317
0.0473
0
0
0
0
0
0
0.2984
2.3773
1.4028
0
0
0
0.134
0.4775
0.0024
0
2.8795
0.9859
1.4852
0.5511
0.1591
0.5974
0.3548
0.0116
4.3279
0
0.6584
0
19.1944
5.4296
1.1351
0.4565
0.1549
0.2143
1.0888
1.081
1.2304
3.669
11.5085
3.9014
0
7.1091
4.387
0
0
0
0
0
0
0.1897
0.8547
0
0
1.3359
0.6981
0.7963
1.5739
0.0335
0.7654
0
0
0
2.3987
4.2711
0.3523
4e-04
0
0
0
0.0104
0.1558
0.0276
0.1717
0.0321
3.6687
1.4465
0.5436
0
0.759
0.2262
0.2439
8.1464
0.1865
0.043
0.5014
0.8828
0
0
0.6211
0.8288
0
0.8781
0
0
0
0
0
0.9375
5.1164
0.185
0
0
0
0
0
0
0
0
0
0
0
0
0.7156
1e-04
0
0
0
0
0.879
3.6302
0
0
0
0.2092
0.4174
0.1016
0
0
0
0
0
0
0
0
0
0.6325
4.9829
7.3175
0
0
0
0
1.0917
11.705
2.4106
5.1097
1.4718
4.2459
0.157
3.9219
0.1367
5.2504
10.6855
0.0236
0
0
15.4732
6.4192
0.3107
0
4.7766
1.6366
4.7185
4.6851
0
0
0
2.509
2.5955
1.2844
0.2534
1.1688
4.8746
0.1807
1.2576
15.7338
17.4171
0.02
0
2.6122
12.9996
0.3293
0
4.0541
0.7183
24.5604
3.6805
0.3106
0
0.198
0.8437
14.9631
7.748
2.6861
0
0
0
0
0.3078
2.511
1.4958
3.3308
0
0
0.06
0.533
0.4506
3.1456
2.7281
0
0.7027
2.7514
0
0
0
0
0
0
0
1.1815
3.4515
0.3126
0
0
0
0
0
0.5374
0.3182
0.4133
0.0349
0
0
0
3.3807
3.3713
47.4338
0.3952
0
5.1394
3.0003
3.3792
1.345
0.1156
0.0011
0.086
1.261
0
0.0012
0
0.0809
0
0.0162
12.3337
21.1597
2.8689
0.9803
3.0626
0.1742
15.8316
1.6407
0.007
8.9339
0
1.2112
1.4114
0.0325
0
1.5827
22.8728
0.7964
0
0
0
0
0.0632
2.3747
0.0229
0.0493
0
0.8662
0.3246
0
0
0
0
0
0
0.5483
2.1261
0.713
0.0141
1.2889
0.2173
0.1573
0.0569
0.1216
0.0586
0.7174
0.7136
0.2801
0.1273
7.9297
1.3108
0.086
0.0984
10.3798
17.8629
0.0046
0.2073
0
0
0
2.8984
0.9702
0.0136
11.465
0.0139
2.6946
0
0.1976
0.0123
2.2028
1.4837
1.3352
1.5218
0
0
0
0
0.1888
0
0
0
0.254
0.5794
16.9969
0.2195
0
3.7303
1.627
0
0
0.2026
1.9005
0
2.5738
1.1548
0.047
0
0.047
0
0
0
0.5709
1.71
0.4553
0.0545
0
0.2507
0.0461
1.6627
9.7313
0
0.1445
0
0.217
1.2899
0.0829
0
0
0.3143
0
2.4817
3.5658
0.0267
0.2953
0
0
0
0
0
0
0.0019
0.2924
0
0.386
11.7301
4.9489
1.9792
1.3793
0
0
0
0
0
1.9376
15.5783
3.8526
11.2795
1.84
0.8209
1.9818
15.1911
17.1022
2.7163
0.721
2.3042
2.6032
1.503
0.2162
0
1.1701
4.1285
4.2085
4.8829
2.3604
2.6831
7.1258
1.3187
0
0.1929
0
0
0
8.5603
1.5645
0.3058
0.9217
1.1209
0.1514
0.4573
0.7309
0.4258
0.1631
10.3047
5.4819
5.7927
0.4928
3.285
3.1098
2.4537
3.7867
4.9654
0.1721
0.0757
0.016
0
0
4.2817
6.1585
2.1246
1.2054
17.1947
1.436
10.2652
23.3794
0
0
0.0055
0.1108
35.5567
7.3868
10.2405
9.0797
10.9666
1.5632
0.0481
0
0
4.6091
1.334
0.3035
7.9802
8.8201
8.3639
7.5446
5.0883
1.1604
1.9629
1.6364
0.6734
0.0656
0.3262
0.0635
0.2847
0
4.0048
3.6766
3.1911
0
0
0
0.0118
1.0923
1.8256
0.9003
0
0
0.1901
0.814
0.0013
0.2236
0.1237
7e-04
0.1054
0
0
0
0
9.4254
15.1637
0.9875
0.1078
0
0
3.4557
12.372
10.1224
9.1756
0.1344
6.4875
1.1696
0
0
0
3.0612
2.5434
0
0
0
0.3634
0.1817
0
0
0
0
0.5507
0.4957
0
0.0998
0.2499
12.1691
1.1217
0.618
0.0352
0
0
0
0
4.4705
1.4912
0.4107
0
21.156
0.076
0
0
0
1.1952
6.6431
6.3362
4.1601
15.1349
0.107
0
7.122
11.5348
3.2329
9.077
1.5287
0
0
0
0.3794
2.0594
1.3485
0
0
0
0
0
0
0.3441
0.0132
0.3659
0
0
0.0019
0.0425
0
0
0
8.7425
0.5383
0
0
0
0
2.3319
12.7422
0.8494
28.1639
3.308
2.883
0.1544
0
0
0
0
0
0
0
2.259
3.5949
0.2517
0.2853
0.5203
0
0.4055
3.9778
9.1314
2.5282
2.1167
0.2182
0
0
0.2171
7.0958
17.3407
14.493
0.6159
0.0281
0
0
0.0879
0.2171
0
0
0
1.1513
0.8855
3.9239
0
0
0
0.2339
0.4756
0
0
0.3129
0.0446
0
0
0
2.7753
0
0
1.2294
2.2512
0.4894
0
0.2726
2.3056
0.7789
0.3067
0.3358
0
0
0.2737
1.8945
0.0537
0.8679
1.2558
3.6306
10.4442
0.0373
0
0.4356
5.2595
0
0
0
0.9889
1.4595
3.1093
0.4148
0.2471
0
0
0
0.0975
5.698
4.2405
0.0098
7.8053
2.0155
0
0.0061
0.3479
1.7005
0.0818
0
0.002
3.4037
0.5501
0
3.8405
18.4263
2.0886
6.6988
0
0
0.761
0.004
1.0574
0
0
0
1.4111
6.5629
21.5653
4.7075
0.1574
0
0
0
0
31.5667
3.6936
1.6738
0.562
0
0
0
0
0
0
0.3853
0
1.0826
0.0012
0.2139
8.4624
1.5304
2.0774
0.0443
0
0
0.0698
4.7466
2.0421
0.0291
3.9594
0.346
0.0148
0.7075
0.6715
0
0
0
0
8e-04
0.6784
4.2193
2.0563
5.6148
2.2507
1.3752
1.1894
0.372
0.1843
0.1641
0.6654
0
25.4125
3.665
0.7374
0
4.4684
0.1011
0
1.1626
0.3309
0
7.4363
10.8129
0
0
0
0
0
0
0
0
0
0
0.6752
3.7934
25.2654
6.676
0.1831
0
0
0.0202
1.5031
2.8165
5.4361
17.0873
2.1318
4.67
22.9146
3.1461
0.2028
0.0151
3.8657
1.3932
0
0
0.867
1.4351
10.6603
0
0.3422
1.0106
0.0052
0
4.4636
5.0997
20.6572
4.9495
0.001
0.009
0.707
14.5717
1.6515
0
0
0
0
4.5823
0.96
0
0
0
0
1.1595
0.8109
1.4337
2.1957
1.0799
0.2779
0.0137
3.1427
3.8489
6.4456
0.9263
0.2741
0
0
0
0
0
0
1e-04
1.9925
0.8882
17.4334
12.7778
4.6327
19.7457
1.2216
0.0022
0.1068
0.1171
0.0378
4.8187
9.6752
21.2772
3.5116
0
0
0
0
0
0
2.7553
2.1105
0.3464
0
0
9.1718
10.8705
1.3122
1.1678
0
0
0
0
3.4645
45.4812
0.0412
0.0375
0
0.0316
3.1177
15.2659
2.2604
5.9049
1.3743
0.25
0
0
0
0
0.0201
0.5402
0
0
0
0
0
0
2.5222
3.9308
18.3991
2.4119
43.6742
0.0178
1.0375
0.041
0.0059
11.911
4.4787
6.1386
0
0.0078
6.3541
1.3088
2.9686
3.4556
1.9909
0.132
0
0
0
0
2.5469
2.3953
0.0101
0
0.1121
17.2612
0.1055
0
0.8607
1.8638
19.271
15.8583
3.5429
2.2066
0.3228
0.0074
0.1211
0
0.331
13.1911
0.0569
0
0
10.7925
0.1227
0
0.072
0
0
0.1065
0
0
0
0
0
0.0714
0.9098
16.512
2.3788
0.1842
0.5263
1.6273
4.4554
0
0.7965
0
0
0
0.1739
1.4643
0
0
0
0.7402
9.4208
2.5388
0.5229
0.3836
0
3.7753
4.1885
0.4901
0
0
0.0205
35.8416
2.7057
0.1432
0
0
0
0
0
0
0
0.0529
0
13.2626
0.8233
1.0163
14.6774
1.2994
0
15.1787
4.316
19.0276
2.3296
0
0.0011
0.3067
3.4061
17.6255
36.1434
0.7397
0
0
0
0
1.6332
0.2541
0
0.1578
0.0252
0.2411
9.4923
1.2379
0
0.2632
0
10.0141
0.8999
0.0204
0.1116
2.1514
3.6883
0
0
0
0
0.9329
0.137
0.8578
0.0694
4.8838
0
0
0
0
0
0.134
0.7281
0.6398
0
0
0
0
1.6384
4.0624
12.0022
2.6497
3.8063
0.5101
2.2594
2.0337
1.5459
0
0
0
0
0
0
3.4155
0.3895
0.4864
3.5269
0.5365
2.2229
5.4232
4.2376
0.5983
0
0.6074
0.0543
0
0
0
0
0
0
0.1889
7.8569
0.6943
0
0.0203
3.2519
6.9555
0.5769
0.4298
1.3051
3.4656
3.1497
0.0407
0.0285
0
0.253
0
0.1534
0.5669
3.1724
0
0
2.4159
5.5444
0.6535
0.1853
0.0096
8.451
3.8682
3.686
0.0322
10.1883
0.053
20.175
19.7717
1.0723
0.9609
0.0622
6.2481
0
0
2e-04
0.2389
1.3885
0.0196
0.8355
0.0883
0
0
7.3638
4.5922
0
0
1.6055
0
0
0.5486
3.8342
5.5681
0
0.113
4.7221
0
0
0
0
0
4.0347
9.1473
3.96
26.9523
1.2601
0.0621
0.0546
5.8877
10.2485
8.5672
14.9833
1.402
0
0
0
0
0
0
0.4524
4.9837
3.0742
0
0
1.4922
9.1904
9e-04
3e-04
0
0
0.2288
0.996
0.443
0
0
0
0
0
0
0.1923
2.374
2.8991
0.9111
5.1334
0.6542
0.0072
0.6503
1.605
0
0
0
5.5308
3.4184
0.1641
0
0
0
0
0
0
3.3311
6.8502
3.5396
0.2307
0
0
0
0
1.237
0.3956
0
0
0.1763
4.9637
1.1629
0
0
0
8.9026
7.9023
0.0042
0
0.0012
0.7107
0.5171
0.0403
0.3379
2.6713
7.8705
26.2972
19.3869
0.2429
0
0.2135
0
0
0
0
0
0
1.6258
0.0829
0
0
7.359
15.337
0.0443
0
0
0.716
3.7759
1.1392
0
0
0
0
0
0.0994
0.7765
0
0.0573
0.0477
0
0.4375
8.345
0.0788
0.7588
0.8586
0.0012
0
0
0
0
0.0103
0.7089
17.8891
1.2813
0.2517
0.5905
0
0
5.106
1.6621
1.8057
1.6154
0.9771
2.0154
0
0
0
5.4737
0
0
0
1.7331
13.0434
15.7992
24.8298
4.7726
0.198
0
5.4889
3.4762
2.7262
0.4193
0
0
0
0.5584
1.4319
0.0137
0
0
1.1412
1.4318
0.6051
0.1284
3.302
1.8078
0
7.237
5.8441
11.4887
5.4614
1.1205
0.0593
1.7673
0.2284
0.803
0.7941
1.3733
1.4523
0.472
2.055
2.6163
11.6998
0.9215
0
0.0298
0.0127
0.0064
0.0465
0
2.1241
1.6905
1.272
0.4613
0.2179
0.1812
8e-04
0.1302
0
0.3807
3.936
0
1.7102
0.0016
0
0
0
0.7185
4.9603
0.8353
0
0
0.1179
4.2954
0.3844
0
0.1054
0
0.1684
1.1483
0.3254
0.0011
0
4.8549
26.9413
1.5121
1.1029
0.1598
0.3214
0.1249
1.3727
0
0
2.145
1.2489
1.7017
0.1654
0
0
0
0
0.1286
0.5482
0.1782
0
0
0
0.2944
0.4992
0.6586
0
0.0311
0.4803
0
1.2413
0.1128
14.5031
3.5959
0
4.8444
7.7286
0.6597
0.5417
0.2644
0.1622
0.1197
0.6069
0
0
2.0336
1.1553
0
0
0
0
0.3321
6.7203
6.0355
1.5321
0.1568
8.8413
2.7912
0
0
0.1555
2e-04
7e-04
6.0307
3.0556
4.9653
0.0108
0.6883
10.4246
0
0
2.1117
2.7941
3.1682
0
0.0625
5.0165
1.0376
5.2193
0.2227
0
0.2219
0
0
0.1138
0.0347
0.574
0.4971
2.5284
0.8822
0
0.0967
0.1343
8.614
18.6191
9.964
0.544
4.3101
10.4222
4.2147
1.7256
7.1628
3.868
0.8597
0.3074
0.0254
0.7582
3.4427
0.2079
0.2804
0.7545
0.1343
1.5197
4e-04
0
0.8761
4.496
0
0
0
0.0822
0.1113
0.3863
0.7567
9.2983
9.2252
0.0385
0
0
1.0126
6.3982
21.1146
0
2.3804
0.1646
0.7922
0.8541
16.8722
1.7876
0.4727
0
0
1.0319
2.8282
0.466
2.5716
0.1646
0
0
0
0
0
0.4114
0
0
0.4966
38.6821
3.2593
0.135
0.1044
1.1719
1.4997
6.6067
1.9543
1.4861
0.247
0
0
0
0
0.0289
0.9302
0.065
6.9611
0.0106
0.3716
0.4349
1.0538
9.1129
0.2049
13.3129
31.4661
15.4212
21.8776
1.6654
18.8859
1.1809
4.0844
6.6988
2.6097
0.5723
13.4302
2.9385
0.2061
7.8066
1.1186
0.0337
3.034
8.8993
13.9894
0.689
0.0679
3.2107
1.2062
0
0
0.007
5.8354
1.7762
0.1872
10.7371
0.0657
10.6066
10.665
10.6321
1.6336
0
1.5599
7.5767
0
0
0.0381
0.0044
2.5052
6.0547
1.6301
11.4578
16.0269
0.0719
0.3519
0
0
0.2912
7.0627
0.3719
0.3259
24.083
9.5672
6.3585
6.5844
17.2533
0.0168
0
0
0.4177
1.0875
0.76
0.923
7.6593
5.7586
0.2306
34.1408
7.5394
0
0
0
0.0185
0.5714
0
0
0
0
0.0152
0.0178
0
0.0312
0
0.4107
0.8085
7.4328
1.0131
1.4654
0.9193
0
12.9836
12.7937
4.2007
0.1268
0.4918
2.0814
1.0046
0.3096
0
0
0.1025
0
0
0
0
0.4708
0.0861
0.027
9.198
21.6352
1.2302
3.889
0.7723
0.6503
0.7152
0.2679
1.6067
2.8853
10.7354
24.0222
4.9531
0.7664
0.0549
0
0
0.054
0.0064
0.0096
7.4284
8.7301
9.6297
0.3075
3.636
0.0607
0.0507
0.0374
0
0
0.0748
0.4896
0.6761
0.0029
0.0224
0
0
0
0
8.5301
1.1916
0.0551
0
0
0
0
0.0191
0
0.4765
6.9242
0
0
0
0
0
0
0
0
8.3096
21.978
20.4304
0.1826
1.593
6.9167
20.5959
13.3978
0
0.0164
0.6248
0
6.7055
0.6739
2.894
12.8709
0
0
0
0
0
0
0
9.8814
3.1575
0.0266
7.3996
0.0586
0
0
1.0814
0
0
0
0
0
0
0
0
0.7678
0
0
0
0
0.1767
12.9079
1.6939
0.0013
0
7.1638
0.0922
0.0058
0
0
9.9773
7.5551
1.7201
0.5076
0.086
1.5089
0.0472
0
0
0
0
20.6459
5.0037
0.1095
0
2.4474
0.6746
5.102
1.9472
0.588
0.6679
0.2798
0.4485
2.5569
6.6708
0
0.5509
4.1375
1.2159
0.1408
15.2348
1.9452
0.0171
0.0086
0.1622
0.2809
0
0
3.8344
19.7128
0.2746
0.1249
0
0.0052
0.0689
0
0
13.69
10.4443
0.8494
1.2504
0.1259
1.1148
1.163
7.8097
0.2152
0
3.3896
7.5158
5.7264
0
0
3.9175
13.2259
4.7659
0
0
0.7814
2.0491
0.4693
0.0115
0.4384
4.1398
3.4336
0.0067
0
0.396
0
0
0
0.4079
0.4495
0
0
0.2069
0.0377
0.6895
0.9231
0
0.1853
0.0382
2.3412
3.1117
0.4696
0
0
0.9453
3.3754
0.7366
8.3174
0.0611
0.6994
0.0042
4.855
8.2909
0
10.2234
27.9718
13.9918
1.1784
0
0
0
3.0882
0.1934
0
0
2.2446
1.0795
6.1654
14.1739
0.292
0
0.036
11.5899
18.0743
0.5548
4.2202
0.1972
0.497
1.044
4.1808
2.8481
0
0
2.6742
2.3604
3.6112
1.3288
4.019
4.5375
12.2064
0
0.3738
0.0828
0
0
0.0638
2.1008
0.0076
0
0
0
0.0464
4.5327
0.2613
4.1499
0.2086
1.7997
0.1027
0
0
1.1607
2.0254
4.2871
0
0.2513
1.1543
0
6e-04
2.5325
3.2325
0.4243
0.7998
0
0.0286
0.8849
0.1713
0.0016
0.0016
1.2532
0
0
0.1186
0.3982
0.0357
0
0.0024
0.024
1.5923
0.2904
3.1536
11.5854
8.1846
13.0495
1.4803
0
9.104
0.6782
0
0.1072
0.423
0
0.2796
0.0649
1.003
5.0852
0.5145
0
0
0.001
0.1212
0.5149
0.0065
2.6381
0.4302
5.2001
14.4396
3.2338
2.3309
4.3367
4.0882
0.0824
2.0195
0.4166
0
0
0
0.3488
0.7013
10.859
0.1225
0
0
0
0
0.0098
8.6575
11.2874
0
0.7177
2.4553
5.7509
0
0
0
0
0
0.0106
0.0086
0
5.7463
4.9607
1.1956
0
3.2133
0.1299
2.379
0.1624
0
0
0
0
0
0
8.9557
10.0358
2.6561
0
22.3512
1.0312
0.0374
0.0281
0
0
0.5417
2.0232
0.4122
2.3607
16.7423
0.9253
0.3697
0
0.4286
1.8603
1.5095
17.2303
3.8347
0.1701
0.138
0
0
0.3753
0.0051
0
0
0.6597
0.9262
0
0
0.8962
0.6001
0.9884
4.228
3e-04
0.3144
0
1.7201
0.2746
0
0
0.141
0.0788
0.0634
0.2781
0.2513
0.096
2.4558
1.0397
4.7474
4.4524
0.2666
0
0
1.0971
9e-04
0.082
0.6043
0.2614
0.3708
6.9424
0
0
0.2277
0
0.0715
0.6448
0.0704
4.5479
1.4638
9.0787
12.4941
0.4133
0.4865
0
0.2306
0
0.1419
0
0
0
0.073
5.4383
1.9719
0
0
0.0642
0.4044
0.7339
0.1468
0
0
0
0
0.0837
0.4655
0.0144
11.0694
1.5345
2.55
4.0493
0
0
0.1833
0
0
0
0
2.3547
2.7092
1.0789
2.4298
4.6778
0
0
4.3734
0.248
0.1438
0
0
1.2308
0.013
0
7.6432
0.1345
0
0.3761
0
0
3.5141
0.6256
2.1962
0.3425
0
0
0
8.4801
0.0507
1.1754
13.2716
2.7653
0
0.2064
9.7899
4.8799
20.4644
4.3126
0.05
0.6779
0.2275
0
0
0.0256
0
0
0
0
0
0
0.7572
7.0852
2.2002
3.1032
5.79
4.1883
0
0.0118
0.0257
0.0485
0.4579
3.5298
1.074
1e-04
0
1.0894
4.8773
0
0.0956
1.2438
0.1256
0
0
0
0
0
0
0
0.8115
2.7381
7.2638
0
0
0
0
0
4.1797
0
0
0
0
0
0
0.1368
0
0
0.3059
2.4836
6.7953
1.2398
6e-04
0.4277
0.3121
0
0
7.8142
8.0165
0
2.9354
36.6348
11.4936
13.2919
4.9409
0.2955
7.0255
0.598
0
0.212
0.3315
0
5.9307
0.3194
0.7351
5.5361
4.0559
0
0
0
0.4291
0.8895
0.0963
0
0.1592
0.0902
0
0.067
6.5462
11.3077
0.2983
0.2482
1.9263
1.1962
1.8785
9.8684
0.5206
0.1982
0
0
2.4971
2.5454
5.4268
5.5381
0
0
0.1997
0.2018
0.4271
5.306
1.8469
31.5017
13.7788
0
0
0
0
0.723
7.5372
6.402
0.4423
0
0.3113
2.7468
0.1202
6e-04
1.1078
2.1033
0.3023
1.1786
0
0
0
0
0
0.0456
0.0834
0.0143
3.8078
0
0
0
0
0.6315
0
0.175
1.862
0.1136
0
0
0
0
0.0353
0.8424
12.0208
4.3099
1.5239
0.9547
0.2931
0
4.2458
0.1757
0
0
0
0
0.245
0.6899
4.0612
0.0039
0
0
0
0
0
0
0
0.0032
3.4308
0.0231
0
0
0
0.2718
1.234
0
0
0
0
0
1.9156
7.3906
0.3165
0
4.4066
3.9734
5.4674
0.0102
0
15.412
3.2086
0
0
0.0584
0.2156
0.0075
0.3284
0
0
0
0
0.5023
0
0
0
0
0
7.0964
6.4577
0
0
0
0
0.0556
0.1641
3.6228
1.058
17.3202
1.2396
8.3719
3.9506
2.8583
0.7803
0
0
1.006
2.8695
9.7455
0
0.4212
0
0.146
0.2753
0
0.4213
0.1936
0.2288
0
0.4214
0
0
2.2042
3.1153
0
0
0
0.8972
2.2858
5.9186
0
0
0
0.7041
1.27
1.2087
4.2347
18.6482
7.2095
0.2228
0.0272
2.4961
28.2164
4.3032
1.2669
0.6903
0.1862
0
0.0358
0
0
0
0
0
0.3569
0
0
0.4713
0
0
0
0.316
0
0
0
0
0
0
1.4761
0.6815
0
0
0
0.0143
0.0452
0
0.7178
0.5624
0.0456
1.3716
9.1252
6.8911
0
0
0.2296
0
0.8111
1.0862
17.532
13.5456
0
0
0
0
0
0
0
0
0
0
0
0.7645
1.057
0
0.026
0
0
0
0.8707
2.1258
0.0237
0.0275
0
0.0072
0.0666
0.2103
1.6642
0.319
0.326
0
17.9025
17.6424
9.4954
0.1798
11.5454
0.5168
0.0227
0.1673
0
2.4352
9.009
1.3522
1.6
29.2597
0.0254
0
0.0084
1.6542
0.0353
0.1947
0.0082
0
2.5547
0.0307
0.4283
0.0048
0.3616
4.215
0
0
0
10.5763
8.7516
7.4922
0
0.2001
5.1294
0
0.014
3.9287
10.1209
4.473
0.0267
0.1713
0
0.9802
23.2039
9.4266
0.116
0.0858
20.1485
10.0678
0.0046
0.0218
5.8546
7.9928
6.6585
0.0797
0
0.0011
0.5172
0.7226
0
9.9244
1.27
0.2474
0
0.0538
0.713
0
0
0
0
0
1.7581
1.3285
0.3842
1.7276
1.3786
3.8268
15.6266
5.6203
15.1044
6.2167
1.2117
0
0
0.2159
7.1156
3.2517
0.1744
0
0.0352
0.0243
0
0
0.4125
15.5334
3.1657
12.8344
15.8287
0
0
2.0541
6.4916
2.7383
22.424
0.6089
7.5767
10.6634
3.9068
2.7749
0
0
0
8.2493
4.7536
2.8521
6.5645
10.3285
2.0691
0.3975
22.278
9.3219
1.2113
0
1.6585
0.2355
4.9408
5.039
1.0619
22.8788
11.8482
0
0
0
0
0
0
0
0
0
0
0
0
0
0
0
0
0
0
0
0.2359
4.7979
0.5311
0
0.6491
3.0869
0.6314
6.0151
0
0.0523
3.0748
0
0
13.8618
1.1454
3.5316
0
0
0
0
0
0
0
0
0
0
19.0075
5.551
43.8355
14.0288
0.0261
0
0
0
0
0
0
1.723
0.1364
0
0
0
6e-04
2.5689
1.9942
1.047
0
0.0835
0.0416
0.0056
5.8631
0.8001
0.3867
0.312
3.3641
1.608
14.3069
0.6259
0
0
0.437
14.7492
0.0206
0.0147
2.9423
23.1735
0.418
0.6291
0.0804
0.031
0.0241
1.3229
4.1611
0
0.0421
0.1194
0.0375
0.0253
0
0
0.3847
0.1702
0.3525
0
0.0107
0.1897
0.6491
0.1803
0
0
0
0
0.4249
1.7845
0
0
0.6321
2.6102
10.1805
0.0026
0
0
2.8361
5.7648
0.2099
0.1363
0.1772
0
0.9293
0.6279
0.0164
0.0334
0
0
0.3275
0.0601
0.0724
1.876
7.2152
0
0
0
0.2954
0.1909
2.3669
0.5266
0.5485
3.2138
0
0
0
0.1481
3.3147
1.6657
9.0824
0
0
0
4.4041
8.7721
0
0.0204
1.3831
0.0221
0.0049
0.4548
0.3997
0
0
0
0
0
0
0.4549
2.6561
0.2763
0
0.2579
0.2485
0
2.343
0.1395
0
0.0323
0.5637
0.0817
0.3794
0.0863
0.0902
0.0345
0
0
2.8087
16.5995
5.7559
0
0
0
0.9507
0.2628
9.5876
3.8783
0.469
0.0301
0.001
0
0
0
0
0
0.6519
0
0
0.472
20.0258
19.914
1.1328
0
0
0.3778
0.2477
0.0081
0
0.1647
0.224
0.002
1.9491
13.052
0
0
3.0423
1.4096
0.0335
0.1153
0
0.0268
0.0661
0
4.4364
7.0449
0.3543
4.0434
2.1783
0.7539
0
1.1298
10.8518
0.0062
13.2337
27.0766
0.7276
0.7914
4.2367
0.3959
0.6411
9.0703
17.0573
1.443
0.5908
2.3621
6.1202
2.4172
1.4689
0.0521
1.1774
8.9894
18.0289
9.6429
0.7009
0.7163
0
3.7539
1.3652
3.847
0.0049
0
0.773
1.5349
0
0.0458
0.4593
0.173
0.6015
8.1382
0.3419
0.0302
0
0
0.2177
5.5046
2.5376
3.8289
2.3421
12.8346
19.2842
3.5388
4.0715
1.676
10.6545
5.0119
1.3033
2.5742
0
0.0608
2.015
14.2804
11.4517
5.2479
0
0
0.049
7.448
0.2897
0
0
0
0
0
0
0.0538
0.1778
0
0
0
0
3.08
0.0554
1.8096
0
0
2.7138
4.4014
25.9534
1.8023
0.861
3.6796
0.3323
0.1099
0
0.3198
0.4603
5.5032
7.2952
0.0256
0
6.1877
3.6281
16.9086
2.7659
4.2048
0
0
0
0
0
0
0.1949
0
0.857
0
0
0.1584
2.7696
0
0
0
0
0.1104
0.854
1.0618
0.0942
0.0928
0
0
0
0.053
0.0641
0
0
0
0
0
0
0
0
3.3639
42.8394
0.1653
10.3776
2.1739
0.2366
10.3996
0.3833
2.5755
5.6162
1.5543
9.2589
0.1157
0
0
3.4979
18.1581
0.2038
0.1226
0
0.9192
13.4292
30.4618
0
0
0
0
0
0
0
0
0.3866
0
8.308
1.5664
0
0
0
0
0
0.387
0.806
19.1551
3.3811
1.3664
0.6892
0
7.3358
0.6553
0
0.7924
0
1.0805
2.0213
13.0067
8e-04
0.2008
0
0
0
0.1927
1.0922
5.8183
9.1477
2.5185
2.2235
0.9777
0.0604
0
0
0
0.1363
1.013
0.2325
0
0
0
0
0
0.6625
13.5264
12.2727
0
4.6745
0.512
3.8931
7.7012
0.001
0.3113
0.2166
0.7899
0.809
0
0
1.0737
0
23.3131
11.2639
0.6399
0
0
4.6201
24.7727
1.085
0.0512
0
0
0.4017
4.1108
7.1018
0
0.3883
0.1788
0.0508
0
0
0
0.6676
0.3784
0.4879
2e-04
5.5769
0
0
0
4.1715
0.3076
1e-04
0
0
0.2857
1.1807
5.9693
0
0
0
0
0
9.6438
0.0018
3.5436
4.1968
0
2.8097
8.3733
0
0
0.1423
0
0
0
18.0713
1.6365
0
0.081
0.2259
0
0.5259
1.8981
0.3523
0.7174
0.3068
0.3769
2.5842
0
0
1.4374
5.3878
4.167
0.064
0
0
0
2.1478
48.5016
0.0024
2.2678
8.4114
4e-04
0
6.858
3.4611
0
0
1.9061
1.9438
0
0
0
27.0078
0
0
0
0.7256
0
0
0
0.9834
1.4802
0
8.5963
1.6983
0
1.1079
8.1968
4.0424
0.87
0
0
0
1.4973
5.8131
0
0
0.0303
0.0309
0
0
18.9481
0.8953
0
0
2.729
1.6145
0
0
0
1.347
0.8431
0
0.248
0.0343
0
0
6.8971
0
8e-04
3.8259
11.0956
21.5288
2.9211
11.4766
0.4005
0
4.5114
0.5323
2.7913
0.0196
1.7543
0.1747
2.211
3.4145
0
0.7801
8.9995
15.3816
0
0.1873
0
0
0
32.2838
0
0
0
10.996
4.5008
28.0215
31.4845
16.1934
0.8419
0
0
0
0.0063
4.0681
0
0
0
4.8033
0.0599
0.5717
1.3467
2.426
0.0672
14.1596
0.0631
0
0.473
13.113
0
3.1228
1.8767
17.1478
0.0739
0
1.8881
7.3421
0.1476
0
0.0011
0
0
0
3.4783
0.6164
11.7876
0
0
0
0
0.9396
8.3551
0
0.741
0.0436
0.2465
2.6279
5.0027
2.1817
2.3595
0.76
0
19.8704
0.0048
0.0536
0
0
0
0
0.0436
0.318
17.2947
0.3125
0
0
0
0
0
2.4707
2.6839
16.294
0
10.2982
23.6465
19.7047
0.7214
0
0.9705
5.5116
5.0446
2.661
13.5376
0.0793
0
0
0
0
0
1.2232
0
0.0123
5.288
0
0
0.4573
0
0
1.0915
23.1778
0
2.2621
0
0
0
0
3.7002
0.4783
1.3512
48.2208
0
0.3503
1.2734
0
0
0
0.3503
0.3818
0.0028
1.0901
0.3757
0
0.4207
0
1.7886
0
0
0
1.4018
0.2101
0
0
0
6.7828
0
0
0
0
0
0
0.1611
0
0
2.8816
0.0699
16.9552
5.0824
0
0
0
0.5215
1.2269
1.4648
1.0507
0.2975
0
0.3576
0.0245
0.0196
0
0.0932
0.2738
1e-04
0
10.6848
2.78
0.6581
0
0
0
1.0481
0.0286
11.4304
2.8122
0
0.3879
0.6289
0
15.804
1.4198
0.8105
0
1.3901
1.7316
5.216
0.9051
2.2497
0.3387
0
0.2957
15.3633
0.2194
0
0
0
0
0
0
0
0
0
0
7.7965
2.9807
4.6728
9.0914
1.11
0.024
0.146
0.7489
0.6574
0
0
0
1.1104
13.3921
0.1241
6.4127
27.9895
19.3763
2.5128
0
0
1e-04
2.0111
0
3.8424
0.0228
0.3886
0.6044
0.1397
0
0
1.6795
6.049
0.3114
1e-04
0.0817
0
0
0.222
0.1425
0
0
0
0
0
0
0
0
0
0
0.7118
4.6058
3.9615
0
0
0.0063
13.4968
27.7365
13.4672
1.0719
2.7798
0.1315
0
0.0171
0.0504
0
0
0.5402
0.3738
1.2461
0
2.032
0.6195
0
0
0
7.9871
16.8169
1.8731
0.4997
0
0
0.4733
0
0
1.8857
8.3197
0.6747
10.288
16.4137
0
0
0
0
0
0
12.7332
0.7742
0
0
7.4439
1.2212
0
0
0
0
0.0789
18.9174
21.5722
2.6184
0
0
0
10.9202
0
21.1678
3.4057
0
7.3342
0.4433
4e-04
0.042
0
0.3588
0.0267
25.4568
0
0
3.6389
1.9223
5.1691
9.9436
1.4345
1.5786
0.0012
0
0.3586
2.7018
0.6602
0
0.1964
0
0.3244
0
0
0
0
0
0
0
0
0
0.3416
2.5676
0.0516
0
0.1464
0
0.0623
0
1.4559
0.1846
0.1033
0.0327
0.0013
2.0903
0
0
0
0.3615
10.5108
2.964
23.3777
22.9944
1.1653
0.8277
1.7228
0.6768
0
9.4163
0
4e-04
0.6643
0.2005
0
10.2901
11.1106
14.9746
10.3397
3.2667
14.9238
0.0608
0
0
3.3639
0
0
6.0396
4.3859
1.6161
0
0
0
0
0.3229
9.705
2.6815
0.539
0
2.6583
5.7715
18.0458
27.4571
20.2323
0
0
0.0336
0
0
0
0
0
0
0.0012
0
4.7782
26.2852
14.3189
22.1341
1.0184
5.5067
5.3887
0
0
0
0
0.0259
4.3629
0
2.1408
0
0
1.3833
1.2647
0.0464
16.0192
53.1556
0.1688
0
0
3.5257
0
0
0.0334
0.0881
0
0
0
0
11.3562
2.0575
0.0316
0
0
0
0
0
0.009
1.8364
0
0
0
0
5.605
0.2275
0
0
0.042
0
0.6216
0
0
0.0228
0.3551
1.0371
8.9289
0.3102
0.3491
0.2394
11.409
1.4052
0
0
0.0302
0
0.1112
0
0
0
0
3.8246
0.1343
0.234
5.2171
1.1332
0
0
0
0
0
0.1516
0
6.5979
1.551
0
0
0
0
0
0
0
0
0
23.6526
0.2062
0
0.1286
0
0
0
0
0
0
0.4852
0
0
0
0
2.9543
5.1782
0
0
0
0.1837
1.4406
0.03
0.0011
0
0.1333
0
1.8248
0
0
0
0.0011
0
0
0
0
0.2339
0.715
0
0.535
0.7446
8.3164
9.9054
0
0
0
0
0
0
2.4026
1e-04
0.1173
0.0511
5.5659
13.0931
0
0.0101
0.3214
1.5531
0.0034
8.0097
0.3559
0.1634
6.458
6.5176
0.893
0
0
0.3361
6.331
3e-04
0
2.4604
6.7084
3.0626
0.3993
2.7479
0
0
0.2709
0
2.2311
0
7.0649
1.4891
0.1399
1.062
0
0.347
8.5814
0.1708
0
0
0.0012
6.4011
0.0994
0
0
0.3138
2.0784
0
0.9183
0.4347
0.3641
6e-04
0
0
2.5829
0
5.5079
3.9651
1.2369
2.2919
21.3307
0
0
16.4153
0.5948
4.95
3.4511
0
0
0
0
0
0
0
0
0
0
0
0
0
0
0
0
0
0
0
0
0
0
4.9337
0
2.3113
4.9842
0
0.3915
0
0
28.0939
0
10.3791
2.7339
0
0
6.7971
15.255
4.385
1.4279
1.2391
0.7596
1.3686
3.0494
21.2399
0.3515
0
0
0
0
0
0
0
0
0
0
0.0379
0.2931
0
2.9368
0.0042
0
0
0.1564
2.0335
0.2153
0
0
0
0.7485
0.0261
0
0.1115
8.7186
3.4847
5.8101
1.1661
0
0
0
0
0
11.8294
6.6246
5.0984
0
0.0512
0
0
0
0
0
0.0053
8.2062
20.6063
0.1032
13.9811
0
0
3.6594
0
0
0
0
0
0
0.009
0.2416
1.2492
8.1529
1.9901
0.1445
0
1.4641
3.8651
0
0
0
14.5009
0.3011
0
7.6123
7.4477
0
0
0
5e-04
0
0
0.1298
7.3116
5.2927
5.2758
5.5075
4.3535
3.0365
5.1151
0.2278
0.0688
0.2532
2.2372
0.1589
0.2596
3.7782
1.8012
0
0
2.2561
0
5.01
0.9791
11.4808
0
1.577
0
0
2.7611
8.0256
0
0
0
0
2.574
0.0752
0.0317
1e-04
0.2525
6.6703
8.4873
8.175
0.9492
1.9607
0
0
0
0
0
0
0
0
0.2385
0.0036
0.2443
1.4484
0
0
0
2.5155
0
0
0
0
0.0068
0
3.5232
0.2054
0
0
4.646
0
0.9914
2.6357
0.2583
27.4811
4.0051
0
0.0664
1.7463
15.9688
0
0
0
1.9156
7.4737
0.7753
0
0
14.1774
0.0588
0
0
12.9027
0.3871
0
0
0
0
0.8289
0.0892
0.0753
0
0
0
0
0
0
0.0389
35.7296
8.102
0.0813
0
0
0
0.3424
0
0
1.3261
0
0
0
0
0
0
0
0.2783
1.2923
0.5203
0
0
0.1659
0.0739
10.9723
0.0651
0
0
0
0
0.0496
0.8017
0.3666
9.3599
1.0852
5e-04
0
0
12.761
0
0.2682
4.1147
22.4801
1.7629
0.6926
0
0
0
0.1257
0
0
0
0
0
0
0
0.0917
0
0.0911
0
0
0
7.9629
9.2299
0.0563
0
0
0
0
1.8402
0
0
0.659
0
0
0
0
1.6819
0.5371
3.1829
0.064
0
0.7016
0
0.046
0
0
0
0
4.8846
0
0
0
3.7549
0.7643
0
0
0
0
0
9.3353
6.6773
0
2.3339
3.1541
0.0352
4e-04
0
7.2261
0.2939
0
0
0
0.0021
1.6418
6.1547
0
5.3928
0
0
0.3017
0
0
0
0
0
0
0
0
0
4.3811
2.61
0
0
0.0301
5.6135
1e-04
0
4.7211
9.8833
0.4378
0
0
0
0.3906
0.0012
10.6995
4.5105
0.6846
0
0
0
1.7464
8.145
1.4817
0.3741
0
9.6665
20.2478
0
0
0.9687
0
0.0047
0
0
0
0.3947
0.1134
2.3441
11.3367
5.6679
0.207
0
0
0.0558
0
0
0
0
0
12.7516
12.4108
0
0
5.8153
0.761
0.1588
0.6493
1.6349
15.8741
0
3.8389
1.8633
0
0
0.5786
0.0091
3.0101
39.752
0
0
0.1046
5.4458
0.3818
0
0.0026
2.1931
30.8224
1.9457
2.6222
0
0
0
0
0
29.1454
4.4741
0
0
0
0
0.582
14.4284
11.1216
6.0091
19.602
9.0936
3.6878
20.5463
0.2635
0.1849
24.1151
0.5154
0
5.1095
31.0679
1e-04
0.523
0.7762
1.5853
0.0018
0
0
27.6979
0.2043
0
1.5213
0
0
2e-04
7.9413
1.1116
0
0
7.9071
1.8609
2.4287
0.0372
0.0448
2e-04
0
0
0
0
0
0
0
0.3474
0.9154
32.998
16.8476
7.8338
2.5295
7.26
8.6286
0.0544
0
29.4595
17.3071
0
1.3269
0.001
0
3e-04
0.001
0
0.0932
0
4.7378
0.5293
0.8867
0
0
0
4.1492
6.0502
0
0
6.3197
0
0
0
0
0
0
1.1353
4.9716
0
0
0
0
0
42.2088
3.7981
9.129
0.0024
3.5304
1.1513
0.001
0
0
0
7.7385
9.3643
0.1309
17.9178
7.2112
0.1328
0.0013
0
0
0
0
0
0
0
14.6994
21.8741
5.4001
0.7546
1.1461
0.3872
0
0
0
0
0
0.7203
0.0349
3.5213
0
0
0
0
0
0
10.7935
4.1501
0.0668
0.1957
0.231
0
0
0
0
6e-04
0.9708
0
0
0
7.0697
0.3482
5.259
7.8209
4e-04
0
1.2409
0.1468
0.4049
0.1141
0.1147
0
0
0.2764
0.2878
0
0
0
7.097
2.0335
1.9719
2e-04
1.5136
0.8062
0.0071
0
0
0
5e-04
0.0583
3.6121
2.1282
0
0.0733
10.7559
5.5801
1.6962
10.8322
0
12.913
4.0568
0
1.4856
3e-04
6e-04
6e-04
0
3e-04
0
0.049
0.275
0.275
1.3732
3.0645
0.2788
5e-04
0
0.4079
0.4079
0.6407
0
0
0.0413
0.0023
0
0
0
0
1.1345
1.2616
0
0
0
9e-04
0.4761
0
0
0
0
0.092
0
2.1012
0.2107
0.2845
7.6436
1.6099
0
0.1404
0
0.0882
0.6633
2.0821
0
1.5345
13.297
10.1134
1e-04
0
0.0064
11.7001
2.658
0.1522
0.0024
0
0
1e-04
0
0.5608
0.0608
1.6157
3.8024
0
0
0
0
0.0567
0
0
0.1236
1.121
0
0
0.3277
0
0.9384
2.0362
9.1301
0.0255
0
9.9663
1.7809
0
0
1e-04
0.002
0
0
0
2e-04
1.0824
0.0011
0.0499
0
0
0
3.5015
0.6226
0.6226
0
0
29.7678
0.3543
0.64
2.1413
1.89
1.4987
0.16
0
0
8.5124
0.2141
1.4213
0
0
9.3319
1.7871
6.8739
0
0.2217
0
0
3e-04
0
0
0
0.0014
1e-04
0
0
0
0
0
6.9385
0
0
0.1353
9.0418
0
0
22.4894
8.6243
0.0016
2.0058
0.048
0
7.5943
1.7044
0.1111
3.6324
5.6924
5.3005
11.9302
0
0.8803
0
0
4.8328
7.6631
0.3292
0.1742
0.694
13.5009
0.709
0
0
0.1451
0.063
0
0
0
0.4555
6.5085
0
4e-04
0
0.0733
6.004
5.5762
0.012
0
0
0
4.8106
1.3188
0.2157
0.603
4.9195
0
1.6743
1.4014
0
0
4e-04
0.0029
1.8225
0.515
6e-04
0
0
0
0
0
0.1255
3.9438
0.0516
0.0021
15.8358
6.956
0
0
34.8996
0.2916
0
0
2.7405
3.5305
0.0424
0
1.5582
13.7101
0.0114
2e-04
0
0
0
14.2309
2.0178
0
12.7086
0.0123
0
0
1.1737
0.1867
0.0016
7.3111
0.4049
0
10.5896
7.4711
0.0183
0.0711
0.1235
0.268
0.0066
0
0
1.2671
0
0
0
4e-04
0
0
1.7322
7.6357
2.6867
24.1302
0
5e-04
0.7943
2.804
0
0
0.0186
2.4302
17.429
0.5014
9.7409
0.2169
0.0487
13.2965
2.1649
2.5598
1.0626
0.274
0.3247
0
0
0
0
2.6077
25.09
13.8263
0
0
0
0
3.3075
22.4823
0.0659
17.1469
1.1529
17.6274
0.7733
0.0358
0
0
8.2872
10.9985
5.9394
4.9647
15.7525
1.0828
0.2132
0.2523
0
0
0.3606
0
1.4711
0.0216
0
0
0
0
2.5474
0.1221
0
0
0
0
0.2611
1.8165
0
0
0
3.3155
0.1442
0
0
0
0.6525
3.6855
0.0401
2.9499
5.5838
10.0294
11.503
0.0278
0
0
0.3642
0.0558
0.2863
0.0072
0.1103
0.0685
0
0
0.2045
4.237
17.6068
0.2659
2.1639
20.1421
3.6142
0.4286
0.2788
0
0
2.3121
0.1369
0
0.185
0.2205
1.5211
0.0016
3e-04
6e-04
0
0
0
0
0
3.9639
0.1713
0
0
0.0351
0.0191
1.3095
0.5052
0.0065
0.24
0
0.0377
0
0.0838
0
0.0557
0
0.1604
5.1314
0
0
0
0
2.2977
26.5342
11.7681
24.822
0
0
0.5428
0
0
0
0
0
7.2988
4.2064
0
4e-04
0
0
0.2022
0.4839
0
0.6926
7.5411
1.4737
0.4514
0
0
0
7.1333
0
0.0067
0
1.8908
8.6494
0.4022
0.1369
0.1154
0
0.0593
6.316
0
0
0.0856
0
0
0.4206
3.1025
0.1301
0
0
3.3995
0.609
0.0765
0.0019
4.5044
6.3864
17.7582
0.4659
0
6.3494
8.3884
0
1.1565
5.541
6.7315
0
0.2447
0.7843
0.1375
12.2401
12.5093
0
0
5.1216
18.1606
5.1004
0.0323
0
0
0
0.271
8.1036
3.7933
0.6675
0.0805
0
1.1581
0
1.3378
10.3252
1e-04
0.1638
0
14.5142
0
0
0
3.578
2.0272
7.9201
2.1123
0
1.8888
23.8106
10.3311
0.7117
0.4509
2.9811
7.1861
1.5181
0.4303
1.2446
0
0
0.0961
1.7215
8.5637
2.7111
0
1.9746
5.2512
2.2006
1e-04
0
0
10.12
17.2205
4.4842
5.5853
0
0
0.0367
0
3e-04
7.0212
0.3296
5.2159
0.9841
1.314
0.5698
0.2712
7e-04
0
3.8962
0
0
0
0.4338
2.7032
0.0034
0
0
0
0
0
0
4.5296
0
0
0
0
4.9159
3.3124
0
0
0
0
0
0
0
0
0.0026
0
1.451
0.7043
13.8579
0
0
3.5646
4.7471
9.0363
17.0477
2.5043
0
0
0.0401
0
0.5173
8.0595
0
0
0
0
0
0
2.2986
0
3.7816
1.2072
0.042
0.002
0
12.7265
0.0785
0
21.6585
9.6694
14.0887
0
0.0398
0
0
0
1e-04
0
0
3.3039
0.8707
0
0
0
0
0
0
0
0
0
0
12.0142
2.4541
0
0
0.1712
3.6787
15.6939
8.8746
0.0961
0.096
0
0
0
25.802
0.1952
0
0
0
0
0.5238
3.8061
0.2256
0.0623
0
0
0
0
0.0383
0
0.1669
0
0
0.4846
6e-04
0.2428
8.5716
0
0
0
0.68
0.1636
18.9108
1.8282
0
0
1.0221
0.0138
6e-04
0.1348
0
0
1.0018
5.9285
1.3163
0.0777
0
0
11.2488
16.1959
1e-04
0
0.0679
1.2761
3.4085
0.4149
0
3.7136
0
2.2968
14.0758
0.2689
0.3685
0.1726
2.518
0.5521
0
0
0.8456
0.0011
1.6463
0.3352
0
0.153
0
0
0
0
0
1.1718
2e-04
0.5552
5.2351
0
0
0.0176
2.5196
18.9815
3.5247
0.5926
0.2158
0
2e-04
7.0762
0
0
0.4744
0
5.986
7.5999
2.4507
4.0086
0.1369
0.7168
1.0298
2.1055
0
0
0
0.0385
0
0
0
0
0
0
0
0
0
0.327
0
0
0.3089
0.0634
0
1.3574
0
1.0084
2.6167
0.1714
0.6979
0.9592
0.1425
0.1364
4.2281
0.0043
0
0.0565
0
0.1
0.7085
0
0.2071
0
0
0
0
3.1145
0.2773
0.1438
0
0
18.4095
4.6872
0.8172
0.0022
0
0
0
0.0223
0.9015
0
0.1354
5.1435
1.0801
0
0.2057
2.9986
0.0748
0
0.804
17.9416
0
0
0
0
0
1.017
1.1619
7.7519
0.3192
0
0
0.9684
5.874
0.0726
0
13.5397
0
0.4046
1.3122
0
0
12.634
21.9132
0
12.1337
0.38
0
0
0
0
0
0
0
0
0.5831
0.6609
0.7337
0.8095
3.2772
0.1091
0
0
6e-04
1.0516
0
0
0.3231
1.3848
2.9085
14.5591
0.1405
0.3422
16.9866
1.0958
12.7969
14.7553
18.2715
16.3953
4.3362
6.4047
0.4091
0
4.1401
0.2516
7e-04
5e-04
0
12.7593
0.1238
0
0
2e-04
0
2e-04
1.4236
3.4785
0.001
0.0825
24.1267
0
0
3.8523
1.0464
0.2397
0.0297
1.7397
25.8641
0.0628
0.0088
2.2149
38.0181
1.9178
3.2739
0.7104
0
0.8853
0.0364
0.8337
0
0
0
0
0
0
8.5624
3.9584
0.0715
1.4595
2.8611
7.28
0.2985
0
2.5297
1.4543
0.9818
18.9278
21.5171
16.2206
5.4581
3.6525
0.1563
0.3141
0.001
0.2482
0.19
0.015
0.5547
0
0.032
22.4078
1.9289
2.1039
0
0
0
19.8583
1.6779
0
0
0
0.0017
22.4138
12.4328
8.6735
3.0004
1.6877
2.6792
1.4137
0
2e-04
0
5e-04
0
0
7.9868
4.0875
2.7737
2e-04
0.0446
0
0
3.3947
0
0
0
1.3069
4.4028
0
0.085
2.2095
2.1541
41.5581
4.059
0.6381
0
0
0
0
0
0
0.1748
0.047
0
0
1.5711
4.1162
6e-04
0
0
25.0457
3e-04
0
13.636
0.8632
0.4259
5.6651
0.63
34.5857
2.574
1.9448
0.2544
0.2781
0
1.783
4.0471
0
0
0
0
0
3.3611
0
0
0
19.7293
5.731
0.3511
0.1397
0
0
0
0
0.6403
0
0
4.92
17.1506
0.0015
2.1052
1.7541
0.04
0
2.8306
0.1394
6e-04
0.0449
5e-04
0.1252
0
0
0
0
4.8288
5.0819
0.8335
0
1.9131
1.9342
1.3293
4.4238
5.0141
0
0
0
0
6.1088
0
0
18.9055
14.2577
0.4393
0.1212
0
0
0
0
10.3841
0.9176
4e-04
0.2399
0.9522
11.5099
0.4475
0.0626
0
5.5173
0
3.2143
0.0314
0.1843
0.4295
1.5997
0
0
19.1375
2.4432
1.5178
0
0
0
4.5691
9.5445
0
0.0141
3.0613
0.3346
17.5804
3.0693
0.0011
0
0
0
0
0
0.1149
0.1741
0.7809
0.7951
0
1.8771
0
7e-04
0
0
0.0478
1.4168
0.7657
0.2295
1.4418
3.8968
1e-04
0.0579
0.3034
3e-04
0
0
6.9351
0
1.3123
1.3321
0
0.1422
0
0
0
0
0
0
0
0
0
0
0
3.4356
1.1922
0
0.3181
0.9059
0
0
0
0
0
4.3328
0.4453
0
6.5501
10.205
6e-04
1.0244
0.472
0.2607
1e-04
0.2469
0.0914
0
1.4257
0
2.3638
0.2369
1.4508
4.2992
5.0915
0.0021
0.9439
0
3.3261
5.3149
6.8721
2.8601
0.0321
1.2855
17.8374
2.6248
1.4537
6.7468
0.3349
0.5746
0
0.084
0
3.3711
0
0
0.0448
1.5191
3.0548
0.0263
0
0
1.4814
0.1064
0.1932
0.2075
4.0309
0.0873
3.8131
0
3.9696
0.2508
0.1932
0
0
5.2167
4.197
17.6067
0
0
0.0508
0
8.7807
0.003
0.5495
17.8525
1.9796
2.8077
2.8656
10.3239
6.1648
1e-04
1.8485
9.016
2.031
0.5564
28.862
5.4339
0
7.6892
0.7403
0.0183
0
1.4867
0
4.1541
20.1736
0.5763
3.1531
0.1754
0
0
0
0
0
6.2555
10.3551
23.0361
2.8589
0
12.9761
0.0427
2.2511
11.5886
0.6547
0.087
0
0
0.733
0
0.0083
7.235
0.0089
0
6.5247
0.0479
0
0
0
0
4.6122
0.0959
0.5077
2.9331
0
0
0
0.0022
6.9754
0.1029
0.1846
1.3802
0.0521
8.0316
8.1005
0.0662
2.0343
0.228
14.0956
2.6296
0
2.2761
2.6726
11.0413
0.8501
0
0.0627
13.5489
0.4729
0
0
13.1166
1.103
0
1.3456
0
0
0
3e-04
0
0
0
5.5145
0.0204
0
5.402
17.4951
11.5458
0.0295
0.4686
0
0
0
2.8901
15.7919
3.4023
10.9419
2e-04
0
2e-04
0
2.4515
0.1333
0.0933
0
4.6376
11.3469
4.5884
0
0
2e-04
3e-04
0
0
2.4624
6.5429
2e-04
0
0
0
0
0
0
0
0
0
0
0.0995
0.2975
0
1.3702
0
0
0
0
0
0
0.0684
0
0
0.0433
5.0881
0.1014
19.376
2.59
0
8.3332
0.8532
0.2118
0.0895
0
5.1747
4.9575
0
0
0
0.0189
7.074
1.4922
0
0
16.4334
0.0014
16.1987
0.0498
0
0
0
0
0
0.0545
6e-04
0
0
0
4.1855
3.9451
0.0541
12.7112
3.8499
0.1717
1.9985
0
16.6719
6.8223
0.2237
0.4366
2.02
1.1202
2.8553
10.1635
0
0
0
0
1.8044
11.89
0.5795
1.4134
2.8282
1.8745
0.4012
2.1103
0.9547
0.3534
0
0.3038
0.0754
0.6974
0
0
5.9515
22.1928
0
0
0.1128
0.1516
0
0
0
4.769
0
5.8832
14.9736
2.5195
17.4419
12.0586
0.0144
7.4739
0.0175
0
12.6259
25.922
10.8478
5.5054
0
0.7764
0.0442
0
1.5234
0.2482
0
8.0671
0.4052
0
0
0.1546
0
0
0.9654
0.9482
0.059
0
0
0.1306
0
0
0
7.4209
4.7764
4.8361
0.1728
0
0
0.309
2.6549
0.0871
9.3877
0.0479
0.0072
0.0488
4.7339
4.1042
0.2531
0.1756
0.0427
0.0228
0.1348
0
2.4478
4.3862
0.1879
1.3372
0
0
0
0.5922
0
0.2958
0.1376
2.7419
1.5836
0
0
0
0
0
0
3.1519
2.4392
0
0
7.8973
0.4801
1.1058
0.7084
0.4546
0.5491
0
0
0
0.1918
29.036
2.3407
0
0
0
2.2962
0
0.6996
0
0
3.5384
0
0
0
0
3.1876
0
3.0771
5.8212
0.0111
8.9019
23.7498
14.4461
2.4215
11.6065
2.6567
0.9608
0.1441
1.4402
0.1993
0.2311
0.0412
0
0
0.008
0.0435
0
2e-04
0.0831
2.4528
0.0255
1.5683
10.1238
0
0
0
0
2.936
0.0517
0
1.3531
8.305
1.9172
0
0
0.0064
6.4462
0.0741
1.3726
0.0507
6e-04
0
0.7435
0
0
2.8596
0
7.0272
11.7606
3.8081
0
0.715
2.7826
3.0802
0.0229
3.0707
5.2913
0
0
0
0
4.5268
0
0
0.0247
0.0186
0
2.1643
6.2901
9.2722
2.6356
1.4422
0.1375
0
3.9844
0
0.0016
0.3264
0.9274
0
0.0416
3.7026
13.1592
13.0547
1.9307
13.0757
3.6203
5.9665
3.0743
0
27.9151
0.5557
0
2.2411
5.0517
5.9297
36.1496
0
2.2112
0
0
1e-04
1.9012
1.9012
2.1588
0.0157
0
0
0
2.2713
8.3713
3.542
0.2103
6.6227
10.1773
0.0033
0
0
8e-04
1.7885
7.3935
0.1568
0
0
0
0
0
5.4116
0.0327
0
38.8586
11.7095
0.0192
0
0
0
0
0
0
8.3263
3.1202
0.2207
0
0
0.2984
1.3377
0.3366
18.018
1.962
0.1265
0
0
0
0.0182
20.3487
0.445
3.88
36.078
0
0
6.528
6e-04
0
0
0.0798
0
0
0
5.5895
6.1105
0.2788
0.4363
0.8531
0.0032
0
0.287
0
0
0.7265
0.1637
0
0.6515
1.4733
4.2113
0.0012
19.5711
9.8964
0.0843
0.1374
0
0
0
0
4.8845
0
0
0
0
3.8052
0
0.0048
6.7508
0.2583
0
0
1.2796
0
18.5632
4.3839
0
0
0
0
0
0.05
1.1594
1.7076
0
0.107
2.9744
0.5475
14.1759
0.0994
0.2672
0.2479
0
14.7235
0
0
2e-04
0.2309
5.0186
0
0.2846
0.0108
0
0.942
8.1378
0.4915
0
0
0
0
0
0
0
0
15.4978
2.884
0
7.6306
5.6219
0
5.4366
4e-04
14.8469
0.8095
3.3174
0.9075
0.0959
0
0
0
0.3157
1.45
0
5.3074
2.1585
0
0
9.6071
14.4094
0
0
3.5112
0
8e-04
0.3292
0.6493
0
0
0.0012
6.7313
0.3684
0.0754
0
4.2686
11.8821
17.2828
2.6911
0.3701
1e-04
0.2578
0.0451
0.0472
0.4629
0.1323
0
0
0.006
8.078
7.1772
0.0257
0.0302
0
0
0
0.1446
0
0
0
0.4507
0.6122
0
2.4368
0.0552
0
0
0
0
0.176
5.8178
6.1332
0.0453
10.0479
11.1686
0.1807
0.0229
0.0351
0.4208
0
0
0
0
0
0
0.0016
0.6151
0.2219
0
1.2145
0
0
0.5062
7.5702
1.0524
7.8945
0
0.1904
0
13.5067
0.0943
0
0
0
2.4654
0.0116
1.9376
0.1601
0.1265
0.2833
0
0
0
3.0704
4.5088
4.5
2.4201
1.8775
0
0
0
0.3875
0.0112
0.2726
12.6877
0.7443
0.2405
0
0
0
0
0
4.0779
23.5641
7.0442
12.1635
8.0012
13.906
10.3216
4.7658
9.2641
3.0834
0.0944
0.4761
0
0
0
19.1916
17.0718
0.2276
0
0
1.7694
0.2511
1.8021
5.1883
3.2061
3.283
0.0107
0
3.1555
0.3864
0.512
0
0
0
0
0
0
0
0
1.8332
13.1764
9.0633
10.9621
95.8392
0.3692
0.0054
0
0.1451
0.2043
2.4068
0.0364
0
0
4.187
1.0877
8.4181
0.0764
0
0
0
0
8.2516
3.3684
21.9065
3.2223
18.7806
1.3067
0
0
1.1322
0
7e-04
0
2.9743
2e-04
0
0
0.242
1.7699
33.3628
0.7085
8.351
0.5759
5.1957
0
10.191
0.011
0
4e-04
0.1807
0
0
0
0.0357
0
0
2.996
0.1925
0
0
0.0284
7.3573
0
0
0
0.359
6.1676
0.0178
6e-04
13.4581
2.3934
32.989
0.0956
0.0339
0.6606
2.1391
0.1271
0.05
0
2.9596
0.035
0
0.6834
0
0
12.1568
11.3588
0.2351
0.305
0
0
10.8813
5.0607
0.142
0
0.0264
2.9223
1.3471
0.0764
0
6.6487
7.0962
0.3924
7.2273
6.4388
3.3144
0.6827
4.0501
0.0603
0
0
0.0472
0
0
14.9188
0.8625
0.016
0
0
1.0168
48.3111
0.3014
4.0517
4.5176
0
2.1686
0.2195
0.2851
0
0.4722
16.3582
8.7006
2e-04
0
1.2847
0.3883
0
0
0
0
0
5.9996
0.4033
0.0347
0
5.974
0.0346
0
0
4.3708
25.7302
1.2775
0
1.5729
1.1295
0
0
0
0
0
0
0
0
0.314
19.2944
44.0567
0
0
0.0963
5e-04
0
1.603
0
0
0
0.0372
3.8957
3.3387
0
0.0011
0
0.7405
3.6924
0.0484
0.5259
2.3799
11.6343
0.9091
0.5296
7.2149
6.1398
0.3163
0
0
1.5518
5.9912
8.2027
0
0
0.1948
20.3623
22.356
1.4727
1.1113
0
0.1147
0
1.8278
17.8241
4.262
27.4306
0.2977
0.4644
0.1389
0.2832
0.1035
0.744
0.2074
0.131
0.4848
0.6403
9e-04
0
0.5413
0.7959
1.3098
0
0
2e-04
8e-04
0
0
0.298
0.149
0
0
0
0
1.5503
5.5932
5.3426
0
0
1.1909
0.3035
0.0842
1.2018
0.031
0.0313
0
0
5.1675
0.1278
0.4477
0
14.8543
9.1149
0.0832
0
0
0
6.4168
0
0
1.1894
0
0
0
6.2871
22.5979
0
0.4143
0
3.7022
0.0169
1.4533
6.2123
4.6454
1.0166
0.1151
0.3068
0.0166
1.3265
0
0.0255
0.5735
5.7288
0.2687
0.0832
0.3175
0.4861
0.1199
1.2815
3e-04
0
0.0329
11.4561
7.2208
4e-04
0.3329
2.4702
0
0
0
0
0
0
0
0.0029
1e-04
21.1454
22.5497
7.1753
0.0553
1.354
0.2547
13.3877
7.4225
0
0
0
0
0
0
3.0499
1.6475
0
0
0
0
0
13.6562
0.7502
0.1534
1e-04
2e-04
0
0
0
0
0.2217
5.9247
0.4401
0.0426
0.0016
0.0431
0.0122
3.5308
3.9854
10.0345
15.7301
0.3175
2.6636
0
10.4175
0.1267
0
0
0
0
0
0
0
0.0107
4e-04
10.3763
0
4.5773
1e-04
0
0.6334
0
0
0.0048
9.2782
0.6563
0
0
0
0
1.2725
7.9898
0.3133
0
0
0
0.2894
3.0527
0
0.3864
0.003
2.6891
0.0065
2.9425
0.0896
14.5335
4e-04
0
0
0
0.3772
1.4438
1.128
41.5197
3.5487
0.2
0.0642
0
0
0.0666
2e-04
0
18.7146
2.246
16.4126
10.7767
29.3161
1.3524
0
0.0014
4e-04
4e-04
0.631
6.3656
0
0
26.4399
76.0931
2.7229
5.326
0.0419
2.2214
9.3746
0.029
0.202
0
0.0014
0.0021
0
0.0819
0
0.0393
0
3e-04
0
0.7656
4.491
30.9161
0.9825
4.6033
4e-04
8.3978
0.1386
0
0
0
5e-04
0
0
0
0
0
0.0351
0.5033
16.7776
0.147
0.0017
0.0435
0
6.5184
5.2419
0.6044
0.066
0
0.4352
0
4e-04
0.0901
0.0307
4.0955
0.433
0
0.0897
0.0326
1.2546
0.4257
1.9882
0.2248
2e-04
0.6281
0.3204
48.0538
0.5552
0
0.7475
1.236
0.5327
0
0
0
0.306
0
0
0
0.306
0
0
0
0.0711
0.361
0.0955
0
1.1103
1.0532
2.4245
0.2125
17.0702
0.1748
0
0.5873
2.7506
1.1855
3e-04
0.1949
4.1187
28.4084
0.0802
0
0.0146
21.3254
0
0.2208
0.0613
0
3.933
0
0.2985
2.0796
1.8145
0.7021
0.0789
0.0827
6.9008
0
3.775
29.9447
2.4458
0
13.1402
2.858
1.1585
0
0
0
0
0
6.2597
0
0
1.1901
0
3.0354
1.5255
0.0049
0
0.4803
0.3369
0
10.8846
22.5633
0.8877
1.5185
0
0.5714
2.3087
2.1451
0
0.1182
0.1223
0
0
0
0.8851
0
0.3842
0
0.944
0.9724
0.0794
0.8762
3.9551
0
7.1424
0
0
1.4859
28.9871
51.4604
0.746
0.413
1.8729
1.0279
0
5.2797
2.0503
0.2486
0
0
9.32
2.7425
9e-04
0.3455
3e-04
4.4458
0.1037
0
0
14.0259
0.3372
0.6982
3.6262
0.6806
0
4.0071
14.0807
24.9081
0.4694
3.0139
14.6099
0.1772
0.0448
0.003
0
0
1.2042
0
0
0.0076
7.0067
24.3651
0.5637
1.0048
5.4058
0
0
0.0451
0.0306
7.657
16.4372
0
8e-04
3.0444
4.936
0
0.022
16.349
0
0
0
0
0.5912
1.8938
11.0784
4.5975
2.8023
0
0.1458
0
0
0
0.2739
3.5163
0
0
0
0
4.153
1.9845
0
3.6925
2.9585
0.08
0
22.0829
10.5429
0
2.2781
2.3665
7.1523
2.1654
0.0049
1.8334
11.5143
3.1589
0.035
6.0528
0.3404
3.5708
0.4326
9.3428
0.3977
0
0.054
0.6229
0
0.3607
0
2.3083
0.2869
0.0902
0
0
13.3024
0.004
0
20.029
1.9105
0.5506
0
0.5535
4.0436
4.3416
20.6852
0
0
14.0411
2.6424
0.1713
2.7875
0.4567
0.6021
0.4795
0.0292
12.6804
4.4318
4.1564
1e-04
1.2655
42.2629
4.9362
13.111
2.5856
2.3919
6e-04
4.0796
40.7549
0.032
1.8315
2.5971
0
18.3214
10.6798
0
2.7911
5.0644
5.3415
3e-04
2.523
0
4.0952
1.0813
3.0466
3.6328
1.792
3.0879
1.0803
0
2.5205
1.7637
0
1.195
1.1462
2.491
1.3693
1.1069
3.3277
0.1212
1.7632
1.0835
1.1017
3.5192
4.4562
0.1238
4.3277
0.5741
2.5741
5e-04
1.415
1.4791
0.4255
0.6217
0.3712
0.0979
1.2912
1.1082
0.0075
0.01
2.7559
4.1843
0
0.1422
0.6165
0.1648
0.104
0
0
0
0
1.3071
4.5354
0.0198
3.4691
0
5.6858
0.9617
0.9617
50.1138
26.0394
4.731
1.6041
3e-04
0
0.9708
0
0.0108
0.0111
1.1669
1.3171
0
0
1.4985
0.6484
1.9693
0.0279
9.5833
0.4495
0.814
2.0843
1.5858
0.5425
0.0477
0.0061
4.0386
0.4933
0.031
1.9633
1.217
1.1361
0
5.2959
23.6619
0.2666
2.0549
0.0178
0
2.1827
0.0046
1.507
6.9695
1.9626
1.602
3.4893
1.7077
0.431
0.054
0.0017
0.0187
0
0.8778
0.8973
0.0099
0
3.7156
0.4129
1.2512
1.5169
0
3.7555
12.3145
5.7416
25.2151
2.8625
0.5516
3.0162
0
0.2746
1.2458
0.2001
0
2.7726
1.9333
0.1539
0
0
0.0042
6.6308
5.4375
4.8662
5e-04
1.5597
0.9112
0.2657
0.0589
0.2422
18.9518
8.6077
0
0.2972
0.0548
4.0194
3.4942
1.065
2.8516
0
29.9717
0
0.3215
0
0.7018
14.4556
0
3.2602
2.0101
5.4822
0
0
0.7643
0
0
0.1935
0.2324
0.0061
1.0684
0.7081
0.4994
2.3913
11.6291
0.6387
1.7012
2.1046
3.0394
0
0
0.2401
0.3884
0
3e-04
0
0
0
0
2e-04
0
1.4133
16.8914
0
0.152
0
0
0
0.1414
1.0155
0
0
0
1e-04
0
2.687
30.3419
9.5797
0
0.6771
0.5954
0.0166
0
7.3059
0.1645
0.5301
2.1272
0.5798
0.0404
0
0
0.9715
8.307
0
0.1487
0.2168
0
0
0
0
0.8913
49.7521
0.0652
11.9157
11.9594
0
0
0
0
0
0
1.5672
1.1426
0
0
0
0
0.006
1.61
0.0343
0.0135
0
7.4148
0.6865
0.0462
1.038
0.2544
9.4076
0
0.8731
16.2301
0.8075
0.0096
0
2.4106
0.0024
0
2.6921
15.3022
3.0763
0.1021
0
0
1.812
15.6434
1.625
1.2697
0.0016
0.6084
0
0
0
8.9676
0.7088
9.5784
4.626
0.8711
0.1493
0
0
3.7208
4.156
3.5614
0.073
0.0645
0.0969
0
3.9118
18.9282
0.2698
3.1374
0
0
0
0
0
0
0
0
0
5.1488
31.212
4.1797
0.1967
0.0456
0.4355
2.2193
6.4043
3.2417
0
0
0
0
1.7752
0.1077
0.6667
4.1294
0.9844
0.8226
0.4504
0
0.0218
10.3232
0.1808
25.2513
15.5
0.0128
0
0
0.2299
7.8143
5.1854
7e-04
0.4551
0.6687
0.0026
0.4884
0.5907
0.5312
0
0
0
0
0
0
0
9.2574
0
0.2738
0
0
0
1.0503
0
0.1722
0
1.7144
5.4876
16.5609
1.7521
6.8408
1e-04
3.0259
0.596
13.3358
0.3172
6.3972
5e-04
0.6978
0
0
0.2149
0
0
7.443
0
0.3995
6.1739
3.8427
0
0
0
0
6.1633
0.1806
2e-04
7.3974
0.0214
2.6163
0.0093
0
0
0
2.1319
20.3192
5.0471
0
0
0
0
0
0
0
0.0806
1.5879
14.7819
2.034
0
0
0
0
0
0.9575
0
0
0
0
0.0211
2.617
0
0.579
0.001
0.001
2.0839
0.0113
5.0526
1.6602
0.7546
0.3598
20.523
0.3774
0.2027
0.3363
0.499
2.2485
1.4846
17.1491
2.6945
0
0.2546
0.0314
0.683
3.0769
2.5678
0.216
0
0
0
0
0
12.5367
0.1352
0
0.1007
0.6184
6.2371
0.1483
0.0777
7.1882
0
0
0
0.0323
0.5852
0
0
0
0
0.4407
0.0922
0
0
0
0
0.7733
0.0214
0.1394
2.6098
0.197
0.7055
0
0.2409
0
0.7401
1.1935
1.7447
0
2.1813
4.3921
0
6.2131
7.484
0
0
0
0
0.4081
15.7945
0
0
0
5.9516
0.054
0.1124
0
0
0.3971
2.249
0.64
0.8666
1.2315
0.002
0.1239
10.0459
0.8023
1.2148
1.5651
0.0066
1e-04
1.5266
0.2129
0.0025
0
0.6754
0.3328
0.003
5.3445
0.0268
0.3055
0
1.5939
0.0027
0
0
0
0
0
0
0
0
0
0.251
0
6.113
3.2217
0.2474
0
1.4592
0
0
0
0
0.0885
0.0703
0
1.2481
6.4033
0
1e-04
7.3735
4.9456
0
0.4269
0
0
0.0838
1.6338
0.0196
0
0
0
1e-04
8.5685
0
2.7178
0.6622
6.8434
2.2765
0.1214
0
0
0
0
0
0
0
0
0
0.4637
0.199
3.0296
7.8292
7.146
0.4887
0
0
0
0
0
0.047
11.0355
0.4307
0
7.3208
0.4476
0
9.2388
4.4057
0
0
0
0
0
0
0.7353
0.6609
9.977
15.9898
0.1782
0
0
0
4.3038
0
0
1.0369
0.0948
0
0
0
1e-04
0.0338
0.4157
5.8819
27.0595
14.7068
0
0
0
0
3.8747
3.4711
5.1431
2.195
1.2122
1.666
2.1686
4.8923
0.2103
0
26.4438
0.7063
4.4802
11.8922
0.8869
5e-04
21.1887
7.6443
0
0.306
6.5228
1.4306
0.046
0
0
0
0.0289
5.2858
0.1492
0
19.42
9.0972
2.5783
0.1361
0.7405
8.845
15.3544
0.9193
2.1659
9.8879
0
1.0765
0.0094
15.22
5.5567
2.42
0.4531
0.4085
0
1.0515
0
1e-04
4.6362
12.0752
6.7821
4e-04
0.7384
7.7121
6.9841
0
0
0
0
0.0745
0.1634
0
0
0
1.6651
13.2425
0.3685
0.2463
0.8347
0.8841
0.0282
0
2.6726
0
2.9232
3.1511
2.4894
2.5133
0.8621
16.6969
16.2035
12.8341
0.0018
0
2.8001
1.8341
0
8.8928
0
0
0.9042
2.0409
11.3743
0.0025
0
0
0
0.7768
17.2636
0.2095
0
1.5608
3.1551
3.3337
0
0
0
0
12.2406
0.2499
0.6097
0.5256
0.3777
0
0
0
0
0
0
0
0.9231
1.1466
0.6252
0
0.0815
0.0034
0
0
0
5.5415
0.0202
1.0998
0
0
21.285
0.0198
0.0568
0.6569
0.1005
0
0.6365
1.8024
0
0
0
1.6344
29.9415
0.1609
0.0691
0
5.7177
12.2505
7.8485
2.7866
0.9771
0
0
0
0
0.054
0
0.2568
13.6745
0.3454
9e-04
0
0.2452
0
0.0013
0.7416
0
0.0021
2.3214
0.0109
10.3898
0
0
0.194
0.1646
0
1e-04
0
1.0242
1.2033
0.5768
0.2115
0
0
0
0
0.0774
0
0.6512
0.378
0
8.3389
15.0756
0.1643
0.0863
0
0
4.8145
4.4929
0.0082
28.4872
8.941
0
0
0
17.4643
1.3493
1e-04
0.1126
0
0.344
0.1453
0.3449
5e-04
0
0.5601
0
15.6244
0.7036
0
0
0
0
0
0
0
0.034
0.3093
0
0
0.0016
0.6224
0
0
0
0.7485
0.1342
1.9557
1e-04
0
0
0
4.4187
0.1626
0.8729
0.3523
0
13.979
0.5793
0
1.2455
0.204
0
0
1.5511
0.7516
2.1412
0.5779
0.1284
0.2149
0.8785
1e-04
0.0638
1.1982
0.9275
0.7683
0.0011
0
8.587
15.4726
0
0.2584
0.2732
0.312
0.0461
0
0
0
0
0.1846
0.0343
0
0
0
0
0
0
2.922
10.678
1.2228
0
0.7664
11.2014
0.7358
0
45.5015
0
0
0
1.7132
19.6981
5.5008
0
4e-04
22.1152
1.8038
7.3171
2e-04
0
0
6.3639
0.7187
0
0
0
0.6465
2.6259
1.2716
8.5831
0
0
0.0945
0
0
0
2.3426
0.3316
0
1.1326
0.5947
24.9839
0.0075
0.5021
5e-04
16.5642
0
0
2.3315
0
0
0
0.1296
9.7727
1.7481
4.5496
14.7702
14.8997
0
4.7967
14.0633
2.9632
34.1446
7.0895
6.1115
3.5419
0.7411
0
1.9926
7.1207
15.4411
0
0.049
0.8777
2.8663
0.0061
0.0434
1.8335
0.1232
5.4046
1.1243
8.3765
5.6567
10.6895
4.0569
8.9137
0.2897
0.8478
0
1.4269
6.7313
2.6725
26.015
34.4349
4.3316
0
17.0507
0.2807
0
0
0
0
0
0.3753
0
5.79
0
3.2662
11.2785
0.2478
0.7576
1e-04
0
0
6.5607
0.01
1.8201
22.8136
1.8954
0.2154
4.3656
5.1825
2.4939
0.003
0
0
0
0
0
0
0.0372
6.4723
2e-04
0
0.6175
0.4838
1.9466
0.1471
0
13.9851
8e-04
0.1731
0
7e-04
0
0
6.8632
0.1697
1e-04
0
13.1625
40.7668
6.8895
3.1192
0.6444
0
5.8764
11.4197
3.9904
0
5.4167
6.1943
6.2273
0.1085
0.3877
1.2649
12.33
0.0628
14.6942
2.432
0
0
0.2272
28.1591
1.5241
0.2737
0.9033
0
0.0044
0.6223
4.9986
0
0.2975
15.4347
13.1371
0
0
0.6401
1e-04
0
0.5069
2.0737
0.3049
0.0695
12.2246
1.32
0
17.9969
25.1449
13.294
5.8378
1.0553
0.4442
0.0078
0.0138
5.1733
0
0.1543
0
12.1602
0.3686
7.9112
0.5818
22.2283
0.2141
0.1993
33.1101
2.8933
2.2334
8.6935
2.8604
13.8654
1.6662
4.2677
0.0053
0
0
0
0
0
0
0.271
6.2988
0.0082
2.2696
1.4764
3.3755
0
2.1635
33.2513
22.9305
0.2686
0
3e-04
3.341
1.425
5.0029
10.9699
0.0808
1.0858
0.1783
0.7291
0.1534
0
0
0
0
0
0.9583
0.0929
4.7435
0
0
0.052
0
22.0573
4.8827
0
0
0
0.9482
0.0015
1.7049
24.8374
13.5932
0.0552
0
0
12.4706
9.6544
37.1483
3.447
0
0
0
3.0338
20.3589
6.4351
0.0243
0
0.6268
0.0161
0
0
0.3631
4.4669
9.4512
0
1.0435
0.0902
0
2.098
19.8348
0.0026
1.8642
0.3013
0
0
9.0698
0.5295
0.3299
4.4603
0.9976
0.4015
0.7769
1.5018
0
0
0
0
0
0
0
2.8058
4.126
1.8029
0.5162
0.1
0.0011
18.7659
0.0066
1.4626
0.1803
5.6853
0.1661
11.0793
0
0.0326
6.3036
13.0773
3.1132
0.4567
0.001
0
2.7
0
0
0.789
0.7517
0.001
0
0.2711
0
0.2184
8.4329
0
0
2.6675
0
0.8894
0
0.2022
0
0
2.2697
1.7665
1.572
12.3105
0.0018
0
0
0.0425
16.4816
1.7586
15.4874
9e-04
1.3026
4.8493
0
0
3.3836
0
6e-04
0
4.6487
11.7749
0.0221
10.9093
30.5083
0.1697
11.3507
1.4689
0
0
0
1.1874
10.7193
0
0
0
0
0
1.5731
0.0027
0.0162
0
6.4091
0
0
0
0
0
0
2e-04
0
0
4e-04
6.5456
0.0031
0
0
0
0
2e-04
6.0444
0
0
0
0.6555
2.9985
0
4.3325
0
3.5494
8.7876
0.7017
1e-04
17.9146
6e-04
0.0052
21.2041
9.9854
3.1941
2.2552
0
0
0
0
0
0.0203
0
0
0
0
15.1562
1.0793
0
0
0.1255
2.835
0.0217
0.0066
7.4811
0
0
12.1042
0.007
2e-04
0
3.9276
0
0
0
0
0
2.0439
1e-04
0
0
0
1e-04
14.1048
22.2901
0
0
0
4.5868
0
0
0
0
0
0
0.6805
3.279
11.91
3.3985
1.4966
0.2471
1.7316
0.6974
0.0013
0.0441
0.0335
0.6925
0
0
0
0
2.9156
0.0011
0
0
4.8295
10.2563
0
0
0.0298
0.0647
0
2.7261
5.0812
12.7026
0.0077
0
0.0074
0
0
0
0
24.3221
0
0
0
2.3626
25.9297
4.0848
5e-04
0.6232
15.5895
2.3388
0.0949
0.0656
0
3e-04
0.1245
1.7426
0.8004
0
0
0
0
29.5306
0.8493
0
0
0
0.1777
3.3126
0.0082
6.0125
1.6434
0
12.2631
21.5327
0.0066
1e-04
0
0
0
4.147
0.4551
0.0013
0
17.2772
0.0195
0
1.2096
20.2352
0.1054
7e-04
2.603
7.7647
0.6834
0.0485
0
0
0
7.7347
3.0633
0
5.4774
12.1133
0.0746
0
0
0.2841
0
0
1.9334
1.3651
0.4826
0
2.0652
2.6598
3.4486
1.7435
0.2018
0
3.8136
0.2579
0
8.0296
6.3171
8.0055
20.3713
45.446
10.7759
0.1412
0.0084
0
0
0
0
0
0
0
3.2737
2.1204
10.4167
0
0
0
0
0
0
3e-04
0.0026
0
0
1.4476
0.0144
0.0018
0
0
0
0
0
0
6.0238
0
6.6249
0.0378
0
0.2125
4.8986
8.7194
4.0057
0
0.3355
0.3965
0
1.2112
0.0287
0
4.3813
1.3404
12.2618
4.1776
0.0083
0.4242
1.3449
0.0019
8.7995
46.5803
1e-04
11.3244
0.3488
0.7466
0.809
0
0
0
0
0
0
0
0
0
10.8753
0
28.3128
4.4809
0
0
0
0
0
0
0.1099
1.2193
0
9.6205
0.8796
0.7291
0.3114
4.8974
1.1656
8.9585
0.762
0.0203
2.4349
0.0171
6.8788
0
0.8093
0
4.8261
0
0
0.002
0
0
0
2e-04
0.0417
0.014
0
3.3341
0.0502
0
4.9635
0
0
0
24.4178
19.2671
2.9003
0.0021
0.6933
0.1404
0
0
0
0
0.0034
0
0
13.0278
0.0893
0
0
0
4.9449
0
4.3221
0.029
0
0
0
0
0.222
9.7639
0.1427
5e-04
0
0
0
0
9e-04
0
0
0
0
0
0
0.2049
0.0183
17.1414
31.0769
17.2122
0.4625
0
0
7.5549
0.4954
0.5084
5.2193
0.0136
0
0
0.1901
23.9692
0.8053
0
0
10.5288
2.7131
0.001
0
0
0
0
0
0
0
0
0
4.1073
1.7407
1.1087
0
0
2e-04
1e-04
0.0021
0.0681
0
0
0
0.2879
6.5361
1.7576
1e-04
0
4.6294
10.4401
0
0.1025
6.976
11.302
5.6687
0
0
0.0034
0.3531
0
0
0
19.8306
1.5415
0.5957
25.8792
0
1.839
9.9141
0.0213
0
0
0
0
0.0539
0.1378
2.172
2.9363
4.5654
14.3284
9.5548
3.5339
0.0201
32.5489
0.962
1.6208
18.7298
9.4751
20.557
1.266
21.6839
30.336
31.8546
0
0
0
0
0
2.9236
1.551
0.2878
1.1972
59.4897
0.0066
4.4626
0.021
0
0
0
11.4786
0
2.0779
0
0
8.7806
0.1032
8.7797
0.0424
0
0
22.7627
0
1.3973
0
0.0021
0
3.4262
0
0
0
0
0
0
0
0
2.773
7.8227
2e-04
0
0
13.6081
7.8744
0
0
36.8792
0.0426
0.0876
0
0
0
0
1.6982
0.0755
1.0292
0.005
0.3221
3.7814
5.1436
0
2e-04
1.6755
0
0
0
5.2087
29.6723
0.1947
0
0
0
0
0
0
1.8666
0.1538
0
0
1.5467
2.5732
28.8164
15.493
12.7636
0
0
0
0
0
0
0
0.008
5.8284
3.2465
0
4.3827
0
0.3428
0.2567
0.0776
0.0728
0.1048
0
0.1938
0
0
0
8.4243
11.824
3.3647
1.1258
0.003
0
1.8114
1.3003
0.2825
0
0
4.0189
4.2505
0
0
0
0
4.0648
10.7512
0
0
3.1341
2.8608
0.0063
0.5453
0
0
0.5417
0.0083
0
0
0
0
0
1.6039
0.0026
1.9346
0.3105
6e-04
0.2038
0
0.9527
0
0
1.6171
0.7702
0.1607
2.6389
0
0.0196
3.848
26.9537
52.1598
0.0048
0
0.0112
0.0058
0
0
0.0017
0
0.0341
2.1709
10.3052
0
0
5.8417
3.427
0
0
0.7997
6.3713
11.6608
0
0
0
0
1.7687
0.9129
0
1.1611
0.0034
2.8246
0.5134
0.5142
0
1.7735
1.534
1.0833
0
0
0
0.4242
8.0006
16.7489
0
1.3776
15.1394
0
0
0
7.6589
0
0
0
0
0
0
0.3101
0.4984
6.7175
0
24.5333
3.4709
0
0.2797
0
0.8743
0.7236
4.5323
0
0
3.7077
0
0
0
0
0
1.3831
2e-04
0.4476
0.0128
17.9849
0
0
0.0021
0
0
0
4.6229
0.0013
0.3585
0.0872
0
0
1.9487
0.0242
1.808
3.4926
1.6471
0
0
1e-04
0
30.3
3.5207
0.2604
0
13.8723
8.6903
0.0202
0
4.3951
0.0386
0
5.8283
15.0054
0
0
0
0
0
0
0.104
0
0
7.2061
2e-04
0
6.0223
12.5106
16.3549
0.0397
0
0.9908
0.1899
0
0
8.9126
0.0037
0.2891
8.3636
0.0013
10.9945
6.5952
7.865
23.3877
0.0377
1.2406
0.354
0
0.2043
0.7226
3.1503
0
0
0
0
7.749
8.966
0.0309
0
0
0
1.3608
1.569
17.0512
1.0405
0
0
13.6334
0
0.1389
3.0707
0.3338
0.0183
0
0
0.3049
0
7.7773
13.3975
13.4761
0.2831
0
13.9963
14.0416
14.0546
0.0237
0
0
13.9572
0
0.4539
0.0015
7e-04
0
0
0
0
15.757
4.9543
0.2016
0
0
0.505
0
8e-04
0
0.1381
0
0.5306
0
0
0
14.6139
0
0
1.1017
3.6536
3.2414
0
3.5283
0.4981
0.0887
8.9879
0
0
0.0425
1.4937
0
0
0
0
21.9384
2.4699
0.3708
0
0
0
0.7115
0
0.8809
3.4377
0.0068
0
0
0
0
0
0
0
0
0
0.0322
2.1815
4.4706
0.7554
0
0.0181
47.7196
0.543
0
0
41.0392
23.8083
1e-04
0.4431
0.3857
1.3883
5.7558
0
0
0
0
6.5415
4.4747
0
0
0
0
0
0
0
7.976
0
0.4407
11.2934
1.4696
0
1.0982
8.6448
0.0043
0.103
0
0
0
1.7374
3.2319
6.5096
4.7813
0.094
0.7154
0
2.5906
1.1067
1.8457
0
1e-04
0
0
0
3.056
0
0
8.1743
5.9877
0.0175
0
1.7706
0.7557
5.5449
3.368
0
0
0
0.7885
0.0864
0
0
0
0.6898
6.3658
3e-04
0
0
0
1.4576
1.7562
14.1971
0
0
0.2943
0.3956
4e-04
0
3.1445
0
0
0
0.0971
10.3032
0
0
1.0023
0.002
0
0
0
0
0
6.8544
0.0047
0
0
0
0
0
0.9092
6.2329
2.0255
0
0.1183
4.2396
0
0
0
0
0
22.0436
10.6756
0.0037
3.0994
0.178
0
1.6116
0
0.1021
11.3768
0.3815
0
0
0
0.0017
0.2717
0.1256
2.702
10.4799
3e-04
0
0
4.1223
2.9814
0
0
0.839
4.0059
0
14.7035
6.495
0
8.0769
0.5893
0
0
0
0.169
0
0.4079
0.9461
0
1.4272
0
0
0
0.8245
0.0106
0.0036
7.1578
0.0399
0
0
0
1.3166
0
0
5.6417
0
4.5383
0.0687
0
0
0
0
7e-04
1.6235
0.4369
0
2.178
10.0323
0
0
0
0
0
0.0201
0
0
0.0719
0.0559
2.1924
11.939
0.0937
0.1802
0
0
0.9181
0
8.3818
4.7655
1.1719
0
0.5365
7.6702
2.7176
22.3333
5.419
0.6883
0
7.3432
0.0032
0
1.0817
0.0618
0
2.7849
7.3439
0.0127
0.1775
0
0
2.2492
4e-04
0
0
0
12.0696
2e-04
0
0
3.1831
1.714
0.4544
0
0
1.769
0.6069
2.2508
0.0461
0
0
6.4151
1.7016
0.2236
3e-04
0
0
0
0
0
0
0
5.9436
16.9582
1.6432
0.385
3.0363
66.4238
0.0013
0
0
0
0.4087
0
0.3452
7.2341
9.6481
2.6415
11.6635
4.5921
2.2496
7.8539
10.8426
18.0113
0.4073
6.7989
3.2993
0.2721
0.1236
1.2791
0.1931
0
3.5245
0.0035
62.8453
62.2883
25.2842
0.0412
5.9199
0
0
0
0
0
18.68
0.3215
41.9847
0.0028
0
11.4588
0.0655
12.0417
2.6017
0.0682
7.1767
0.788
1.4087
0
2e-04
0
0
0
0
0.1482
0
0
6.5511
0.9336
0
0
0.016
16.1751
5.8331
0
0
0
0
0.0603
10.482
0.6555
0.1942
0
0
0.9092
1.0153
3.2952
12.142
11.897
2.3315
0
0
0.8513
3.6176
0
0
0
0
0.1706
3.4796
0.0319
0
0.3366
0.3687
58.938
29.2335
0.0518
0
0.0604
0.5636
0.3754
6.3969
8.8153
0.0228
0
0
0
0
0
16.2673
0.2512
0
0
0
0
0
0
0
0
2.1795
2.8585
0
0
4.2784
3.8589
0
0
0
0
1.0948
0
0
0
0
0
0.124
4.3937
0
0
0
0
0
4e-04
0
2.6207
3.3811
0
0
42.4685
1.1976
0
0.1332
2.769
0
0
0
0
6.8621
0
0
0
17.1335
0.0015
1.45
0
0
0
0
0
7.1123
1.9805
0
1.2605
0.1834
0
0
0
0
13.3497
2.7983
0
0
1.1628
0.5737
0.6161
0
0
0
0
0
0
0
0
0
2.8522
2.5477
0.2565
0
0.026
0
0
0
6.7041
1.2536
2.531
7.4192
0
3.7772
24.4492
22.1078
5.994
0
0
0
0
0
2e-04
0
0
0
7.0614
0.4305
11.3935
0
5.7127
2.6001
2.6854
3.2782
1.9789
0.0448
0
0
0.7225
0
0
0
0
0
0
0
0
0.3366
0
0
0.3545
1.6872
9.8512
0
0
0
0
1.5092
1.2804
1.075
0.0218
0.113
0.0219
0.06
0.0012
1.297
0.1167
0
0
0
0
0
0
33.1798
2.8179
0.0861
0
0
0.7303
7.8917
1.4623
1.8572
3.2058
0.7479
4e-04
0
1e-04
5e-04
21.6382
1.7903
0
7.2579
10.5304
10.4787
0.1282
0
0
0
0
0
0
0
14.2483
5.0443
0
0
13.3367
0
0
22.682
3.0587
1.9821
1.2103
1e-04
0
9.3454
18.9982
0.4739
11.1771
0.6837
5.0022
0
0
0
0
0
0
0
0
0
3.6426
2.1261
0
0
0
13.2532
2e-04
7.5378
0.2245
5.7742
9.2166
21.6502
0
0.7226
2.7023
0
0.5951
0.0151
0.2137
4.7331
0.0911
14.6105
10.624
1.5769
0.0215
0
1.0251
0.0023
0
0
2.6131
0.0084
0
0
0
0
0
0.4896
0.4079
0.058
0
0
0.4354
1e-04
3.0872
17.2871
0
0.6742
0.0026
0
0
0
1e-04
0
8e-04
2.599
5.9135
0.4192
0
0.5612
0
0.0052
0
16.0802
0
0
0
5.9888
0
0
0
2.8263
0
0
2e-04
0
0.001
0.0166
1.1433
1.9072
0
0
0
0
4.1129
0.3753
0.0519
0
6.7405
3.8549
0
0
0.0575
0
8.0221
0
0
0
2.4354
1.3299
1.1857
10.9106
0
0
0
0
2.095
0.0053
0
0
0
6.7762
4.165
1.3658
47.5874
20.0958
0.8577
6.4828
9e-04
0.7194
0
8.3338
0.743
0.0613
0
0.0033
5.1444
0.3532
17.8997
4.3116
0.0183
0
0.478
0
0
0
0
0
0
0
2.3652
0.01
25.1816
2.4681
0
0
5.5285
0
0
27.2086
0.0386
0
0
0
0
0
0
0
8.8766
0
5.3037
4.9823
3.5403
4.9746
6.2564
0.5603
2e-04
0
0.0084
0
0
0
0
0
0
4.116
0.6895
0
0.2137
0.0132
0.8045
0.6751
13.9373
20.1522
0
0
0
0
1.3255
3.8399
0
0
6.2295
0
0
0
2.7045
1.5347
0
0
0
2.6212
0.1961
0
0
0
0
0
0
0
0
0
1.9509
0.4131
0
0
2.4012
2.1642
0
0
0
3.1558
5.4812
0.5302
0.9945
0.1409
0
0.4676
2.7308
10.4948
0
0
0
0.0672
3.0701
4.2416
0
0
0.0775
34.8387
2.5695
3.3713
0
0
0
0
0.006
6.1919
0
1.0121
3.1979
0
3.8132
4.6839
0
0
2e-04
9.2424
14.6461
0.8189
2e-04
0
3e-04
0
6.5485
2.0124
24.7759
0.2493
0.1335
0
0.0861
7.9607
4e-04
0
17.9495
0
0.5544
12.9073
2.1708
0.5515
0.4619
0.0747
1e-04
0.0142
0.12
1.9617
0.0189
0
0
0
0
0
16.4469
1.5981
1.5071
0
0.2612
4.3254
0
0
0
0
0
0
0
0
0
0
0
2.5797
8.7608
0
0
0.1584
14.1575
1.6629
0.0068
0
0
7e-04
6.4183
0.0025
0.0016
0.9151
0
0
2.4635
2.2213
0
0
2.9272
0.1728
0.0025
2.3612
1e-04
0
0.3626
5.9053
0.024
15.5913
2.8282
0.5639
0
13.8218
4.3882
0.0044
0
1.1961
4.8329
0.5926
15.6721
13.8313
0
0
0
2.9114
0
0
0
1.4631
0.0747
0
0
9.4334
14.6425
4.3862
0
0
0
0
0
0.0584
1.1855
5.9651
10.7864
17.6785
3.2368
0.2805
25.3504
33.2566
2.1019
0.7595
0
0
0.0018
9.4754
0
0.0017
0.018
0
0
0
0.1041
5.2078
0.8481
5.8661
1.2874
0
0.3919
6.4645
0.315
2.9552
6.2077
2.3151
0.0575
0.9042
0
0
0
0.4269
3e-04
0.1416
2.2107
0
0.1755
0.3428
0
0
0.0984
5.0892
6e-04
0.6202
2.6246
1.7911
0.5989
1e-04
0.7901
9.1179
16.8617
0.0032
0
0.326
1.4275
0
1.6376
53.1769
11.6922
0
0.4824
0
0
0.0036
1.6005
1e-04
0
41.9481
4.1889
21.4901
18.8449
0
0.1978
2.2474
0.261
0
0
0.0175
0
5.9635
8.9258
0.2683
0
0
0.0135
3.6659
0.0519
0
0
0
14.199
1.4626
5.863
0.6299
2.6946
0.6763
0.0024
0
0.0012
5.3389
3.5851
0
0
0
0
2.8083
0
5.8864
0
6.6749
2.4257
0.1647
0.0872
0
0
0
0.1318
6.6317
0.2423
8e-04
0
0.1929
0.5822
0
3.3302
0.8845
3.0366
0.1913
0
0
0
2e-04
0.6648
3.4461
0.3309
0
0.0118
0.4024
10.1615
0.0609
0
0
0
0
0
0
0
0
0.1044
0.0048
0
0
0
0.3084
1.2215
2.4564
0.6169
41.3877
10.2223
0.0018
12.2714
0.8872
0
0.0617
0.4951
0.0011
0
0
0
0
0
0
5.2546
8.2776
0.4855
0
0
13.5365
3e-04
1.8626
0.0577
0
14.483
8.2526
0
50.1319
3.3142
0
0
0
0
0
0.6598
3.9042
0
4.4369
8e-04
0
49.7253
3.9105
0
0
0.6583
0.1277
0
0.0113
0
0
0
0
1.4436
0
0
0
0
0.3768
3e-04
0
0
0.0013
0.0074
0
1.6289
2.2997
6.6099
3e-04
0.0163
2e-04
4e-04
0
0
0
0.5954
2.5618
3.2692
1.003
0
0
0
0.1626
0.1949
0
0
0
0
0.2838
0
0
0
4.1599
0
0.1834
3.7237
18.3485
0.858
0.3404
0.9528
0
0
0
0
0
0.0024
5.4573
9.0537
0
2e-04
0
0.6804
1e-04
1.1069
0.0019
0.3839
0
0
0.0265
2.9592
2.0161
2.7426
0.9846
0
3.2901
0.1354
0.8123
0
0
0.2429
3.0361
9.4554
0
0.342
13.2537
6.5331
8.6307
4.9538
2.4226
3.8873
7.3788
4e-04
0
0.3152
43.872
4.1951
0
1.4881
0
0.0359
1.3951
0.2026
0
0
0
0
1.671
1.1007
0
0
3e-04
0
0
0.002
0.89
0
0
0
0
0
12.5192
2.0901
16.5749
6.5765
0.4458
0.1575
0.0047
13.9337
3.8222
7e-04
0.5734
8.7736
0
0
0.0012
0
1.0336
0.2301
13.7988
29.3408
2.0556
0.1087
0.0016
2.676
0
0
0
0
2.3904
4.0692
0
0.0843
8.627
0
0
0
0.1201
19.1558
1.9251
0
4.583
0.0171
0.1495
0.4834
3.0319
0.8009
0.5883
12.7752
10.4145
3.2802
0
0
0.0064
1.5668
0.0852
1.0067
15.0656
0
0
0
9.1228
0.0012
0
0
0.8083
1.7683
14.9169
1.0641
0.3625
0
6e-04
0
0
0.0129
1.0065
27.2693
9.7659
0.2607
23.6724
1.9414
0
0
0
0.4898
8.3944
1.6816
0
2.5474
15.0608
0.0143
0
0
24.4773
0.485
0.1002
0
0
0.1442
13.2914
0.2459
2.7213
0.32
0
0
0
2.8705
0
0
0
0
0.0014
0.0936
0.2202
0
0
0.7146
8.2573
1.3478
1.0549
0.5953
0
7.2996
0.004
0
0
4e-04
0.7149
1.613
0
0
0
0
0.5436
23.8611
0.9786
0.0354
1.4607
0.0048
0.1268
0
0
0
8.6715
19.0769
4.155
0
0
34.9736
0.1577
0.0342
0.1411
9.089
16.5552
0
0
4.2235
0.0015
0
6e-04
0
0.6124
0.5632
0.1168
8.3592
0.0105
6.2719
18.4911
4.3657
0.0612
0
0
0
0
0
0
0.0214
3.579
0
1.558
0
0
4.8443
23.2983
9.111
0
0
0
0
0
7e-04
0
1.6389
1.9454
2.8519
2.0816
0.0095
0.3196
0
6.7134
0.2839
1.9094
0
1e-04
0
0
0
0.0072
2.0467
3.068
0
0
0
0
0.378
7.9511
20.2673
0.1583
1e-04
2.3802
32.8501
18.4742
12.681
0
4.3016
4.2161
0
0
3.145
2.0401
0.0414
0.0135
0.2328
0
9.1718
0.1223
0.3957
8.7379
0.0701
0.0175
0
0
0
11.1667
1e-04
18.2255
1.2829
0
0.1935
2.4256
8.0137
5.1721
1.7009
0.0401
0.0304
0.0554
0
0
0
0
0
0
0
0.5941
0.0993
5.1465
0
0
0
0.81
16.3095
12.7687
0
0
0
0
2.2316
2.1972
0
0
15.795
3.8106
0.8204
0
0
0
0
0.4909
5.2052
0.2085
0
0
1.3864
0.9207
0
0.4339
0
0.4112
1.1538
6.3758
5.1211
0
0
24.1748
2.5575
0.4206
0.0581
20.2397
0.3227
0.3223
0.1638
0.324
0.914
0
0
3.9891
1.0049
12.5546
7.0101
9e-04
0
3.088
1.1677
19.654
0.3354
3e-04
0
0
0.0384
0.187
0.0041
11.5502
0.0024
0
0
5.9373
0
0
0
0
0
0
0.2565
0
0
1e-04
0
0
2.8523
16.2499
0
0
1e-04
9.1978
1.5119
7.0744
0
0.2257
1e-04
0.0916
19.3197
0
0
0
0.0416
0
0
1.8799
9.3684
17.9477
11.0401
0.0052
0
0
0.0479
0.3016
0
1.3413
1.4311
0
0
0.4906
1.7202
0
11.0363
0.7094
0.0023
0
1.8169
14.759
27.2925
0
0
0
0
1.8434
64.309
0.8605
15.1316
10.066
2.8471
6.8219
9.2636
5.1453
0.6076
0
0
0
0
6.9225
5.5292
0
6.2237
4.4163
0
0
0
0.8218
1.5635
8.5116
0.495
0.4758
0.782
6.2652
0.5318
5.3367
2.7966
0.2282
10.5216
1.489
6.0918
0.7694
10.4182
19.0171
1.6327
0
28.3479
0.0123
0.1665
0
8e-04
13.1116
1e-04
0
14.1991
6.7114
17.0875
8.234
0.0067
0.1601
0.0026
22.2738
0.5164
0
0
0.0107
0.9364
0
6e-04
0.0441
0.0326
0.0294
0
4.4753
0.8624
6.3933
0.9578
5.1076
0.0022
0
0
3e-04
2.8027
0
0
7e-04
0.4595
6.1452
8.7435
5.4411
0
0.3166
0.0145
30.3072
0
0.4386
0
0
0
0
0.0508
1.3442
1.2122
0
0
0
0.0666
0.3232
36.8436
1.4225
0.0878
0
0
0
1.7345
7.5067
0.0046
3.1323
0.0987
6.7455
8.4725
14.857
13.6759
4.633
33.2678
0
1e-04
0
4.0416
29.273
0
0
1.5982
0.5613
5.009
0.0365
0.5494
0
0
0
0
1e-04
0
0
0.1821
11.9663
6.7957
1.4649
0
1.8172
0
0
0
0
0.0631
0
5.0927
0
0.0383
1.758
0.9402
2.4247
1.5001
31.0143
0.1961
3.4054
0.0427
1e-04
0
0.8839
0.8047
0
0
0
1.5639
0.8217
0
1.7583
0
1.7141
3.359
0
0.1467
0
1.3548
3.0565
0
0
0
15.3602
7.1422
0.1584
0
20.4138
20.9866
0.0495
0.6745
0
0.293
0.1548
0
0.5199
0
0
1e-04
24.9763
9.9748
0
1.8441
0
0
0
0.0021
0
0.0334
0.284
0.7234
0.2271
1.846
0.6098
0.1155
8.1188
9e-04
0
0
6.3471
2.2162
0.496
7e-04
5e-04
0
3.4284
0
7.6725
0.0034
1.9658
0
3e-04
4.4577
0.0069
0.3427
0.6946
0.071
0.0189
0
0
0
0
3.3754
0.9287
0
0
0
5.669
4.7437
0.0818
6.2343
0
0.7511
26.5556
0.3978
0
0
3.5256
0
6.6242
13.4294
4.4021
3.4422
0
2.6659
0.9361
0
34.3617
2e-04
0.0319
3.1304
0
0
9.1357
11.1126
4.8073
0
0
0.8518
0
0
0.3212
0.649
0
3.0169
0.9817
11.2537
0.8684
0.0393
1.2141
6.0051
0.0336
5e-04
5.9381
6e-04
0
0
0.0049
7.3573
0
0
0
0
0
0.1752
5.8317
8.7737
3.2376
0
0
0
8.7567
1.5103
0.2214
0
0.8167
0
0
0.0151
4.7322
0.1481
0
4.3048
0.0138
0.0383
0.1298
0.2274
14.653
10.0651
8.238
0
0.0923
5.2446
0
5.5321
0.6378
2.4843
28.4534
25.7196
2.6562
0.6369
4e-04
0.0244
0
0
1e-04
0.054
4.7126
19.3994
1.7966
0.3896
0
0.3363
5.9197
0
0.7956
0.2262
7.6908
0.002
0
0
0.4564
0.3566
0.2227
1.8626
0
6.7901
0
0.3532
1.9695
1.8478
1.0198
0.5137
0
0
0.1289
0.4312
0
0.5641
0.0087
6.4149
2.6824
0
0
18.9085
10.1894
0.0147
0.3955
8.3807
13.329
0.048
1.8081
3.5662
0
0
2.8295
1.4948
0.0036
1.8305
14.6937
0
0
0
0.1469
0.3275
0.1104
0.4395
0
0
0
0.002
11.8408
0.0503
0
9.0388
0
0
0
0
0
0.7408
0.0802
0.1639
2.1333
15.0805
0
1e-04
0.0502
1.8816
34.4208
0
0
0
0
0
0.1806
0
0
0
1.1628
5.7048
15.5118
6.2463
0.2004
2.253
0
0
0.3303
0
0
10.3005
0.1501
0.0012
4.3604
0.9908
0
0
0
11.7278
0.1493
0
0.004
0
14.9888
3.5998
2.2239
0.8677
0.5559
0
0
0
0
0
0
0
0
0.3923
0
2.0387
0
0
0
0
0.0016
0
2.2777
0
0.0108
0.3936
0
28.185
16.657
0.1032
0
0
9.3278
0
0
0
4e-04
28.5444
5.8005
0
0
0.0012
0
3.8858
0
0
0
0
0
0
0
0
0
0
0
0
0
0
6.6071
1.362
0.636
0.8912
0.4901
0
3.8641
0.9439
0.5234
0.0263
0
0
0
0.0184
0
3.1624
1e-04
2.1903
2e-04
0
0.2299
15.3902
10.6042
13.5747
19.763
6.7433
1.3712
0.0195
0.4607
3.1844
3.8469
8.9713
0.1523
0
0.4034
0
0.1431
0
0
0
0
0
0
0
3.3076
0
0.1419
0
9.2232
0
0.1248
0
0
0
0
16.7122
0.1463
0.9091
4.2263
7.3873
0
0.1519
0
10.8806
9.9189
0.0166
0.0012
0.0142
0
0
0.2881
0
0
0.0615
0.0728
7.1886
9e-04
0
0
1.0157
2.6712
0.5255
0.7147
0.7251
0.6673
1.6009
0.7355
1.1902
3.3813
0.0025
0
0.9159
0
7.359
3.2325
