1980 1 1
0.961
0.965
0.941
0.916
0.934
0.939
0.905
0.908
0.886
0.97
0.961
0.757
0.878
0.875
0.913
0.928
0.922
0.881
0.858
0.809
0.733
0.774
0.83
0.845
0.973
0.844
0.859
0.868
0.849
0.796
0.841
0.85
0.771
0.747
0.833
0.811
0.899
0.912
0.834
0.892
0.888
0.946
0.84
0.816
0.884
0.921
0.918
0.784
0.878
0.872
0.913
1.004
0.982
0.938
0.833
0.883
0.855
0.889
0.876
0.821
0.802
0.815
0.885
0.908
0.976
0.859
0.906
0.981
0.95
0.882
0.622
0.49
0.77
0.848
0.825
0.797
0.94
0.803
0.639
0.867
0.962
0.728
0.739
0.905
0.868
0.788
0.744
0.813
0.964
0.916
0.926
0.891
0.891
0.862
0.954
0.74
0.664
0.768
0.862
0.824
0.891
0.808
0.859
0.736
0.91
0.836
0.769
0.617
0.638
0.675
0.625
0.598
0.548
0.711
0.704
0.822
0.704
0.736
0.881
0.79
0.729
0.71
0.667
0.608
0.539
0.531
0.602
0.619
0.685
0.716
0.628
0.761
0.867
0.802
0.812
0.711
0.666
0.937
0.86
0.782
0.727
0.706
0.647
0.668
0.779
0.714
0.66
0.527
0.546
0.66
0.771
0.756
0.868
0.843
0.814
0.777
0.664
0.785
0.766
0.828
0.716
0.712
0.661
0.62
0.656
0.769
0.752
0.808
0.72
0.691
0.707
0.771
0.69
0.634
0.689
0.758
0.749
0.743
0.738
0.791
0.789
0.782
0.713
0.775
0.778
0.819
0.837
0.804
0.746
0.823
0.755
0.763
0.766
0.816
0.783
0.748
0.796
0.794
0.784
0.764
0.754
0.742
0.771
0.833
0.837
0.74
0.738
0.746
0.768
0.885
0.857
0.782
0.821
0.849
0.856
0.857
0.812
0.857
0.812
0.845
0.859
0.805
0.833
0.831
0.856
0.839
0.839
0.906
0.843
0.92
0.908
0.844
0.862
0.878
0.862
0.82
0.793
0.797
0.761
0.791
0.8
0.813
0.822
0.868
0.865
0.853
0.782
0.842
0.802
0.771
0.731
0.76
0.821
0.845
0.795
0.773
0.851
0.857
0.905
0.938
0.944
0.786
0.754
0.814
0.837
0.847
0.841
0.698
0.755
0.777
0.691
0.72
0.684
0.704
0.817
0.778
0.746
0.789
0.729
0.654
0.717
0.659
0.746
0.733
0.749
0.793
0.725
0.666
0.636
0.666
0.887
0.787
0.746
0.715
0.655
0.699
0.674
0.77
0.852
0.748
0.656
0.804
0.628
0.629
0.659
0.679
0.64
0.63
0.713
0.69
0.572
0.659
0.782
0.703
0.669
0.67
0.688
0.522
0.689
0.841
0.765
0.826
0.923
0.897
0.879
0.846
0.8
0.837
0.971
0.797
0.732
0.91
0.968
0.935
0.906
0.867
0.873
0.8
0.845
0.874
0.892
0.949
0.977
0.927
0.846
0.771
0.924
0.887
0.739
0.878
0.947
0.893
0.903
0.821
0.631
0.79
0.844
0.825
0.933
0.76
0.907
0.861
0.871
0.905
1.006
1.005
0.988
0.894
0.888
0.772
0.924
0.952
0.918
0.851
0.79
0.855
0.864
0.888
0.929
0.878
0.924
0.948
0.899
0.984
1.043
0.984
1.001
1.007
1.014
1.001
0.954
0.929
0.941
0.919
0.833
0.798
0.843
0.948
0.945
0.746
0.808
0.86
0.934
0.925
0.917
0.87
0.934
1.037
0.783
0.861
0.823
0.816
0.905
0.956
0.967
0.858
0.916
0.856
0.872
0.882
0.84
0.781
0.74
0.755
0.795
0.825
0.78
0.524
0.8
0.922
0.862
0.833
0.902
0.852
0.802
0.766
0.698
0.705
0.547
0.635
0.794
0.681
0.631
0.787
0.92
0.877
0.709
0.784
0.638
0.631
0.671
0.777
0.671
0.706
0.782
0.682
0.562
0.614
0.524
0.837
0.873
0.608
0.569
0.649
0.736
0.786
0.833
0.878
0.924
0.842
0.669
0.643
0.803
0.71
0.69
0.82
0.629
0.795
0.824
0.832
0.733
0.713
0.697
0.747
0.817
0.762
0.723
0.652
0.613
0.627
0.746
0.886
0.713
0.629
0.779
0.892
0.917
0.786
0.641
0.867
0.969
0.758
0.643
0.669
0.645
0.535
0.476
0.555
0.651
0.684
0.742
0.734
0.769
0.933
0.785
0.796
0.729
0.619
0.788
0.782
0.793
0.755
0.741
0.658
0.604
0.794
0.86
0.717
0.807
0.893
0.836
0.793
0.795
0.782
0.694
0.736
0.733
0.789
0.819
0.786
0.804
0.789
0.737
0.619
0.687
0.795
0.784
0.789
0.795
0.797
0.826
0.824
0.75
0.714
0.801
0.822
0.752
0.606
0.69
0.817
0.788
0.749
0.792
0.763
0.69
0.803
0.876
0.873
0.819
0.701
0.774
0.76
0.814
0.92
0.885
0.878
0.717
0.726
0.796
0.796
0.819
0.826
0.815
0.823
0.827
0.875
0.863
0.851
0.845
0.824
0.83
0.85
0.879
0.868
0.785
0.695
0.759
0.773
0.704
0.721
0.734
0.78
0.767
0.761
0.819
0.84
0.845
0.879
0.851
0.851
0.863
0.907
0.944
0.891
0.869
0.799
0.846
0.789
0.786
0.859
0.807
0.813
0.836
0.871
0.879
0.918
0.928
0.827
0.817
0.818
0.848
0.812
0.7
0.712
0.782
0.789
0.762
0.811
0.876
0.804
0.798
0.762
0.731
0.78
0.828
0.77
0.774
0.725
0.774
0.761
0.759
0.713
0.644
0.767
0.784
0.632
0.784
0.737
0.625
0.715
0.943
0.842
0.66
0.667
0.918
0.983
0.869
0.804
0.783
0.773
0.75
0.8
0.808
0.664
0.729
0.803
0.738
0.729
0.734
0.708
0.775
0.783
0.718
0.577
0.572
0.652
0.749
0.848
0.792
0.924
0.846
0.834
0.89
0.931
0.915
0.871
0.878
0.836
0.821
0.723
0.942
0.885
0.768
0.884
0.845
0.838
0.857
0.902
0.588
0.757
0.928
0.915
0.902
0.889
0.93
0.893
0.952
0.896
0.909
0.914
0.957
0.996
1
0.946
0.944
0.909
0.966
0.986
0.987
0.958
0.896
0.989
0.919
0.952
0.973
0.848
0.78
0.864
0.782
0.817
0.617
0.819
0.867
0.919
0.917
0.879
0.994
0.77
0.875
0.858
0.949
0.938
0.982
0.979
0.769
0.906
0.92
0.901
0.9
0.906
0.973
0.98
0.915
0.982
0.95
0.913
0.966
0.904
0.923
0.91
0.909
0.924
0.848
0.937
0.912
0.94
0.933
1.001
0.977
0.949
0.949
0.967
0.984
0.876
0.862
0.893
0.836
0.777
0.736
0.847
0.753
0.877
0.868
1.066
0.907
0.902
0.929
0.81
0.82
0.891
0.956
0.908
0.756
0.666
0.722
0.988
0.9
0.809
0.869
0.898
0.853
0.806
0.718
0.732
0.838
0.811
0.706
0.724
0.672
0.799
0.844
0.655
0.617
0.834
0.746
0.836
0.903
0.802
0.83
0.898
0.928
0.845
0.782
0.802
0.804
0.701
0.789
0.819
0.629
0.545
0.848
0.679
0.556
0.559
0.587
0.553
0.759
0.78
0.666
0.54
0.568
0.641
0.576
0.56
0.511
0.552
0.595
0.761
0.778
0.635
0.599
0.64
0.627
0.58
0.569
0.605
0.601
0.585
0.63
0.686
0.737
0.822
0.83
0.785
0.795
0.781
0.769
0.797
0.802
0.821
0.828
0.796
0.857
0.715
0.782
0.868
0.918
0.863
0.774
0.74
0.734
0.795
0.675
0.672
0.712
0.632
0.796
0.931
0.825
0.695
0.841
0.788
0.763
0.74
0.749
0.624
0.647
0.681
0.745
0.763
0.802
0.781
0.73
0.68
0.929
0.849
0.779
0.79
0.799
0.789
0.777
0.762
0.834
0.802
0.718
0.716
0.721
0.755
0.792
0.818
0.821
0.76
0.691
0.788
0.799
0.704
0.724
0.746
0.764
0.832
0.737
0.678
0.765
0.774
0.8
0.794
0.828
0.797
0.848
0.827
0.832
0.825
0.837
0.829
0.687
0.665
0.675
0.699
0.702
0.737
0.734
0.72
0.86
0.801
0.739
0.862
0.794
0.817
0.739
0.811
0.79
0.683
0.763
0.854
0.879
0.86
0.784
0.705
0.629
0.779
0.878
0.759
0.705
0.733
0.773
0.731
0.755
0.806
0.782
0.757
0.68
0.714
0.587
0.608
0.718
0.886
0.825
0.831
0.825
0.774
0.903
0.811
0.744
0.711
0.687
0.679
0.652
0.654
0.688
0.708
0.723
0.7
0.771
0.8
0.673
0.664
0.572
0.67
0.65
0.665
0.586
0.502
0.516
0.682
0.627
0.615
0.611
0.623
0.626
0.532
0.45
0.487
0.545
0.661
0.837
0.83
0.745
0.83
0.684
0.594
0.693
0.607
0.609
0.812
0.708
0.799
0.847
0.771
0.683
0.751
0.701
0.687
0.782
0.845
0.931
0.946
0.84
0.966
0.865
0.642
0.744
0.867
0.945
0.953
0.872
0.859
0.735
0.699
0.747
0.918
0.767
0.725
0.746
0.731
0.869
0.927
0.886
0.861
0.888
0.944
0.963
0.832
0.776
0.953
0.891
0.901
0.925
0.955
0.904
0.858
0.856
0.989
0.915
0.716
0.54
0.604
0.709
0.857
0.789
0.682
0.726
0.804
0.849
0.772
0.749
0.927
0.883
0.799
0.844
0.88
0.948
0.932
0.902
0.861
0.893
0.925
0.827
0.907
0.974
0.952
0.886
0.887
0.885
0.907
0.946
0.956
0.873
0.815
0.951
0.951
0.869
0.913
0.89
0.953
0.877
0.91
0.878
0.914
0.924
0.898
0.942
0.967
0.956
0.931
0.868
0.813
0.75
0.726
0.741
0.814
0.791
0.788
0.717
0.728
0.587
0.568
0.574
0.672
0.748
0.662
0.781
0.825
0.729
0.858
0.808
0.906
0.901
0.797
0.791
0.796
0.793
0.765
0.887
0.985
0.866
0.948
0.846
0.878
0.82
0.858
0.885
0.892
0.902
0.824
0.578
0.626
0.717
0.911
0.885
0.848
0.815
0.898
0.897
0.846
0.94
0.857
0.875
0.793
0.897
0.885
0.847
0.763
0.811
0.727
0.764
0.689
0.684
0.629
0.584
0.718
0.691
0.612
0.646
0.791
0.862
0.952
0.963
0.838
0.91
0.788
0.741
0.724
0.717
0.853
0.705
0.66
0.556
0.571
0.69
0.815
0.921
0.752
0.622
0.659
0.849
0.77
0.796
0.851
0.804
0.771
0.741
0.784
0.659
0.739
0.844
0.727
0.719
0.712
0.675
0.866
0.845
0.744
0.809
0.729
0.657
0.628
0.622
0.598
0.63
0.621
0.635
0.635
0.699
0.657
0.682
0.841
0.813
0.719
0.735
0.729
0.661
0.635
0.644
0.702
0.831
0.928
0.865
0.811
0.784
0.772
0.815
0.781
0.778
0.675
0.707
0.743
0.754
0.734
0.785
0.732
0.645
0.744
0.757
0.803
0.841
0.821
0.773
0.779
0.781
0.785
0.81
0.774
0.676
0.656
0.782
0.815
0.81
0.805
0.819
0.817
0.765
0.791
0.817
0.778
0.715
0.738
0.793
0.832
0.814
0.837
0.688
0.707
0.706
0.729
0.781
0.823
0.743
0.765
0.714
0.759
0.791
0.749
0.692
0.714
0.733
0.768
0.717
0.717
0.771
0.77
0.699
0.662
0.682
0.757
0.754
0.72
0.614
0.596
0.607
0.658
0.712
0.767
0.655
0.561
0.803
0.749
0.641
0.619
0.737
0.897
0.673
0.666
0.592
0.584
0.738
0.685
0.586
0.645
0.655
0.784
0.622
0.577
0.774
0.885
0.68
0.563
0.705
0.849
0.784
0.728
0.901
0.966
0.707
0.681
0.658
0.715
0.798
0.727
0.804
0.879
0.925
0.954
0.961
0.874
0.785
0.734
0.686
0.734
0.659
0.642
0.823
0.838
0.937
0.724
0.788
0.714
0.693
0.632
0.603
0.87
0.986
0.826
0.781
0.826
0.918
0.919
0.842
0.815
0.786
0.8
0.806
0.794
0.904
0.863
0.7
0.743
0.811
0.906
0.749
0.746
0.751
0.886
0.953
0.987
0.987
0.988
0.828
0.912
0.926
0.935
0.921
0.969
0.96
0.973
0.82
0.809
0.83
0.864
0.863
0.86
0.942
0.98
0.822
0.826
0.791
0.845
0.908
0.963
0.962
0.863
0.892
0.851
0.9
0.986
0.984
1.015
0.987
0.952
0.918
0.93
0.923
0.836
0.838
0.942
0.925
0.893
0.894
0.9
0.889
0.87
0.826
0.846
0.889
0.828
0.975
0.997
0.97
0.936
0.943
0.95
0.959
0.869
0.949
0.969
0.91
0.909
0.952
0.877
0.858
0.914
0.949
0.895
0.966
0.944
0.938
0.871
0.703
0.823
0.877
0.886
0.826
0.813
0.767
0.677
0.659
0.754
0.811
0.757
0.866
0.941
0.85
0.824
0.85
0.847
0.843
0.961
0.901
0.886
0.885
0.865
0.832
0.841
0.851
0.966
0.964
0.978
0.944
0.801
0.894
0.894
0.99
0.975
0.914
0.832
0.759
0.821
0.767
0.833
0.918
0.88
0.823
0.736
0.667
0.696
0.765
0.944
0.963
0.907
0.765
0.645
0.636
0.639
0.604
0.69
0.794
0.698
0.779
0.798
0.899
0.878
0.819
0.76
0.738
0.844
0.901
0.895
0.772
0.665
0.749
0.729
0.572
0.756
0.667
0.677
0.907
0.951
0.852
0.726
0.818
0.842
0.796
0.81
0.77
0.721
0.809
0.792
0.732
0.637
0.579
0.667
0.752
0.893
0.925
0.821
0.793
0.702
0.84
0.814
0.786
0.915
0.931
0.807
0.679
0.659
0.67
0.72
0.57
0.698
0.737
0.722
0.737
0.69
0.682
0.675
0.639
0.7
0.719
0.75
0.779
0.792
0.76
0.755
0.703
0.734
0.682
0.839
0.762
0.672
0.618
0.739
0.721
0.705
0.782
0.772
0.688
0.745
0.79
0.823
0.793
0.751
0.674
0.792
0.824
0.8
0.8
0.725
0.728
0.76
0.773
0.72
0.803
0.738
0.735
0.756
0.706
0.695
0.815
0.826
0.918
0.878
0.734
0.692
0.719
0.77
0.843
0.873
0.859
0.801
0.835
0.869
0.879
0.836
0.848
0.789
0.809
0.842
0.794
0.764
0.792
0.782
0.748
0.752
0.841
0.781
0.748
0.862
0.844
0.802
0.721
0.731
0.781
0.793
0.861
0.881
0.747
0.819
0.808
0.881
0.799
0.747
0.648
0.826
0.76
0.79
0.864
0.833
0.748
0.82
0.896
0.894
0.753
0.647
0.636
0.695
0.722
0.738
0.703
0.811
0.87
0.826
0.847
0.739
0.797
0.775
0.75
0.761
0.61
0.603
0.627
0.615
0.728
0.878
0.84
0.803
0.775
0.792
0.78
0.741
0.867
0.787
0.742
0.764
0.677
0.78
0.616
0.817
0.854
0.752
0.652
0.746
0.84
0.74
0.834
0.778
0.74
0.851
0.841
0.775
0.59
0.88
0.847
0.738
0.623
0.63
0.847
0.923
0.981
0.832
0.805
0.7
0.784
0.664
0.589
0.609
0.765
0.529
0.684
0.722
0.714
0.765
0.719
0.64
0.614
0.893
0.659
0.763
0.841
0.747
0.77
0.626
0.591
0.931
0.861
0.967
0.995
0.945
0.96
1
0.969
0.937
0.904
0.854
0.781
0.839
0.838
0.799
0.928
0.891
0.608
0.86
0.768
0.648
0.877
0.987
0.816
0.879
0.925
0.99
0.734
0.673
0.737
0.823
0.85
0.938
0.867
0.86
0.887
0.906
0.898
0.913
0.964
0.821
0.896
0.939
0.95
0.934
0.785
0.866
0.91
0.968
0.963
0.922
0.879
0.939
0.885
0.831
0.864
0.929
0.894
0.848
0.845
0.807
0.92
0.93
0.884
0.851
0.906
0.86
0.97
0.963
0.949
0.896
0.89
1.008
0.942
0.928
0.922
0.873
0.863
0.912
0.884
0.829
0.846
0.768
0.816
0.658
0.647
0.828
0.623
0.926
0.776
0.629
0.763
0.836
0.741
0.656
0.839
0.914
0.747
0.739
0.697
0.598
0.732
0.528
0.611
0.744
0.519
0.685
0.939
0.816
0.724
0.589
0.745
0.865
0.781
0.914
0.949
0.766
0.756
0.695
0.795
0.787
0.859
0.712
0.715
0.689
0.687
0.788
0.752
0.693
0.704
0.734
0.708
0.612
0.681
0.686
0.627
0.601
0.552
0.518
0.678
0.672
0.558
0.631
0.685
0.589
0.536
0.767
0.869
0.639
0.544
0.666
0.753
0.717
0.6
0.582
0.642
0.744
0.711
0.666
0.601
0.743
0.73
0.912
0.775
0.71
0.684
0.792
0.661
0.679
0.594
0.485
0.695
0.735
0.853
0.705
0.747
0.738
0.666
0.73
0.735
0.743
0.841
0.659
0.666
0.774
0.732
0.647
0.785
0.908
0.757
0.67
0.832
0.828
0.796
0.74
0.711
0.719
0.689
0.742
0.695
0.712
0.614
0.582
0.665
0.695
0.642
0.673
0.773
0.795
0.756
0.691
0.76
0.782
0.781
0.751
0.714
0.71
0.736
0.73
0.717
0.815
0.792
0.739
0.699
0.687
0.719
0.771
0.784
0.8
0.7
0.731
0.788
0.825
0.704
0.667
0.729
0.722
0.857
0.882
0.749
0.705
0.691
0.828
0.878
0.853
0.787
0.684
0.753
0.841
0.797
0.842
0.817
0.842
0.866
0.81
0.826
0.819
0.849
0.802
0.794
0.826
0.936
0.844
0.806
0.813
0.79
0.779
0.836
0.836
0.822
0.823
0.795
0.801
0.82
0.831
0.808
0.805
0.829
0.815
0.834
0.747
0.79
0.682
0.63
0.656
0.711
0.695
0.67
0.658
0.694
0.669
0.735
0.807
0.633
0.721
0.778
0.648
0.634
0.793
0.795
0.596
0.645
0.725
0.777
0.714
0.57
0.567
0.582
0.793
0.857
0.859
0.818
0.841
0.838
0.658
0.595
0.742
0.832
0.886
0.823
0.811
0.792
0.777
0.605
0.465
0.563
0.755
0.607
0.614
0.82
0.804
0.927
0.95
0.947
0.955
0.858
0.857
0.716
0.827
0.93
0.919
0.967
0.954
0.949
0.878
0.942
0.76
0.855
0.856
0.807
0.669
0.843
0.829
0.745
0.829
0.892
0.913
0.907
0.873
0.901
0.946
0.843
0.851
0.886
0.918
0.955
0.933
0.915
0.908
0.966
0.988
0.903
0.905
0.829
0.928
0.96
0.868
0.826
0.837
0.877
0.885
0.978
0.975
0.944
0.813
0.832
0.895
0.811
0.9
0.933
0.875
0.852
0.864
0.935
0.955
0.908
0.798
0.628
0.693
0.648
0.795
0.944
0.848
0.88
0.91
0.839
0.867
0.826
0.939
0.939
0.936
0.914
0.91
0.863
0.811
0.845
0.881
0.842
0.741
0.911
0.849
0.876
0.936
0.937
0.914
1
0.968
0.886
0.948
0.92
0.899
0.863
0.842
0.823
0.822
0.908
0.897
0.934
0.973
0.993
0.991
0.951
1.01
0.899
0.873
0.9
0.873
0.898
0.93
0.871
0.887
0.82
0.904
0.953
0.862
0.934
0.832
0.833
0.893
0.838
0.878
0.934
0.915
0.854
0.852
0.841
0.787
0.793
0.912
0.677
0.645
0.754
0.637
0.733
0.642
0.723
0.832
0.679
0.574
0.54
0.512
0.536
0.685
0.602
0.672
0.786
0.792
0.764
0.697
0.777
0.818
0.787
0.689
0.745
0.711
0.823
0.794
0.863
0.697
0.758
0.967
0.854
0.805
0.685
0.59
0.591
0.642
0.622
0.63
0.713
0.784
0.757
0.721
0.682
0.629
0.648
0.755
0.753
0.712
0.746
0.728
0.631
0.571
0.632
0.772
0.761
0.795
0.759
0.764
0.813
0.861
0.867
0.854
0.795
0.721
0.719
0.73
0.798
0.77
0.709
0.728
0.747
0.712
0.78
0.692
0.742
0.875
0.923
0.829
0.789
0.698
0.765
0.793
0.808
0.84
0.768
0.74
0.77
0.772
0.68
0.784
0.768
0.685
0.734
0.734
0.719
0.716
0.71
0.797
0.795
0.771
0.903
0.904
0.858
0.776
0.684
0.748
0.762
0.763
0.761
0.814
0.814
0.941
0.862
0.814
0.807
0.799
0.827
0.812
0.783
0.795
0.828
0.814
0.752
0.694
0.742
0.79
0.771
0.756
0.765
0.85
0.815
0.809
0.809
0.816
0.789
0.753
0.739
0.758
0.84
0.84
0.809
0.804
0.828
0.702
0.725
0.827
0.84
0.837
0.809
0.818
0.782
0.831
0.807
0.833
0.854
0.806
0.686
0.882
0.889
0.772
0.69
0.665
0.686
0.723
0.776
0.799
0.861
0.8
0.757
0.757
0.705
0.688
0.83
0.861
0.873
0.796
0.79
0.801
0.822
0.725
0.89
0.856
0.823
0.858
0.841
0.825
0.912
0.893
0.813
0.828
0.79
0.797
0.833
0.92
0.841
0.867
0.915
0.839
0.765
0.698
0.729
0.833
0.752
0.791
0.871
0.897
0.897
0.775
0.688
0.785
0.769
0.676
0.648
0.763
0.761
0.759
0.796
0.917
0.889
0.887
0.819
0.824
0.818
0.778
0.756
0.827
0.744
0.825
0.826
0.816
0.871
0.9
0.799
0.703
0.822
0.816
0.747
0.798
0.892
0.918
0.892
0.927
0.838
0.931
0.91
0.869
0.901
0.906
0.883
0.965
0.918
0.867
0.894
0.889
0.735
0.925
0.935
0.736
0.774
0.866
0.875
0.977
0.993
0.751
0.638
0.772
0.595
0.793
0.855
0.933
0.927
0.934
0.924
0.937
0.909
0.929
0.957
0.975
0.989
0.949
0.891
0.911
0.91
0.941
0.92
0.911
0.963
0.932
0.844
0.795
0.796
0.906
0.87
0.89
0.954
0.936
0.93
0.935
0.923
0.956
0.739
0.648
0.899
0.968
0.939
0.874
0.941
0.898
0.81
0.794
0.846
0.887
0.905
0.929
0.979
0.887
0.897
0.929
0.914
0.824
0.737
0.695
0.85
0.846
0.767
0.795
0.684
0.818
0.732
0.71
0.708
0.642
0.773
0.692
0.618
0.558
0.595
0.804
0.822
0.703
0.595
0.55
0.676
0.911
0.934
0.804
0.733
0.641
0.765
0.669
0.625
0.577
0.688
0.541
0.555
0.586
0.6
0.792
0.856
0.651
0.6
0.514
0.555
0.548
0.617
0.644
0.639
0.573
0.695
0.788
0.788
0.765
0.726
0.872
0.847
0.826
0.786
0.739
0.871
0.945
0.888
0.773
0.725
0.662
0.575
0.678
0.775
0.757
0.741
0.823
0.876
0.891
0.804
0.736
0.71
0.616
0.787
0.781
0.768
0.618
0.565
0.629
0.681
0.624
0.69
0.59
0.835
0.904
0.716
0.633
0.543
0.633
0.564
0.49
0.574
0.589
0.702
0.653
0.703
0.718
0.562
0.544
0.721
0.855
0.791
0.759
0.713
0.747
0.758
0.762
0.803
0.72
0.73
0.696
0.687
0.783
0.776
0.793
0.805
0.702
0.67
0.664
0.688
0.69
0.769
0.668
0.656
0.8
0.745
0.648
0.679
0.622
0.558
0.625
0.643
0.79
0.812
0.803
0.873
0.706
0.662
0.738
0.69
0.706
0.791
0.814
0.91
0.903
0.822
0.82
0.802
0.815
0.789
0.794
0.788
0.812
0.814
0.792
0.808
0.84
0.809
0.798
0.775
0.772
0.743
0.799
0.757
0.772
0.722
0.768
0.786
0.786
0.806
0.695
0.724
0.817
0.782
0.811
0.844
0.8
0.775
0.847
0.761
0.757
0.853
0.88
0.886
0.814
0.835
0.809
0.802
0.764
0.778
0.79
0.742
0.71
0.692
0.733
0.816
0.792
0.744
0.806
0.97
0.903
0.969
0.86
0.776
0.822
0.794
0.761
0.787
0.737
0.731
0.822
0.787
0.801
0.782
0.721
0.799
0.792
0.772
0.726
0.833
0.836
0.818
0.878
0.803
0.643
0.72
0.783
0.804
0.733
0.72
0.577
0.51
0.577
0.689
0.746
0.687
0.641
0.751
0.632
0.501
0.717
0.858
0.744
0.684
0.764
0.839
0.712
0.587
0.598
0.523
0.492
0.615
0.669
0.608
0.712
0.704
0.636
0.502
0.784
0.783
0.596
0.74
0.667
0.642
0.661
0.707
0.773
0.72
0.563
0.614
0.705
0.519
0.428
0.488
0.813
0.741
0.783
0.71
0.636
0.674
0.623
0.538
0.744
0.692
0.598
0.594
0.534
0.552
0.69
0.817
0.955
0.881
0.887
0.914
0.88
0.815
0.901
0.908
0.947
0.942
0.905
0.858
0.884
0.831
0.784
0.878
0.851
0.844
0.673
0.694
0.887
0.847
0.875
0.899
0.947
0.942
0.731
0.658
0.937
0.905
0.865
0.76
0.691
0.918
0.922
0.869
0.916
0.765
0.527
0.494
0.628
0.514
0.61
0.66
0.877
0.869
0.844
0.88
0.781
0.77
0.593
0.831
0.716
0.782
0.95
0.856
0.946
0.866
0.827
0.912
0.903
0.927
0.895
0.864
0.908
0.908
0.884
0.911
0.981
1.004
0.93
0.919
0.841
0.753
0.889
0.836
0.919
0.898
0.93
0.923
0.87
1.05
0.935
0.827
0.814
0.794
0.863
0.918
0.632
0.702
0.839
0.532
0.673
0.745
0.746
0.798
0.762
0.749
0.766
0.893
0.878
0.79
0.836
0.849
0.819
0.747
0.77
0.613
0.814
0.85
0.743
0.858
0.878
0.725
0.804
0.746
0.842
0.808
0.822
0.731
0.753
0.752
0.712
0.725
0.665
0.64
0.716
0.68
0.855
0.923
0.86
0.764
0.67
0.809
0.914
0.762
0.699
0.574
0.565
0.66
0.626
0.64
0.648
0.699
0.618
0.72
0.593
0.518
0.717
0.575
0.592
0.705
0.577
0.492
0.624
0.76
0.676
0.677
0.496
0.484
0.61
0.68
0.703
0.628
0.484
0.492
0.643
0.627
0.669
0.552
0.605
0.623
0.612
0.59
0.682
0.716
0.803
0.797
0.668
0.618
0.649
0.64
0.668
0.555
0.503
0.517
0.499
0.498
0.476
0.502
0.696
0.661
0.59
0.508
0.59
0.528
0.562
0.644
0.569
0.471
0.447
0.463
0.497
0.476
0.625
0.596
0.539
0.494
0.506
0.571
0.512
0.61
0.453
0.473
0.622
0.533
0.493
0.635
0.523
0.491
0.432
0.347
0.307
0.314
0.313
0.286
0.319
0.318
0.372
0.592
0.467
0.454
0.53
0.369
0.395
0.611
0.679
0.781
0.847
0.877
0.741
0.741
0.662
0.68
0.732
0.695
0.628
0.635
0.767
0.778
0.671
0.699
0.637
0.671
0.726
0.744
0.554
0.52
0.533
0.594
0.653
0.589
0.573
0.598
0.644
0.532
0.456
0.661
0.797
0.752
0.614
0.703
0.836
0.749
0.617
0.636
0.586
0.754
0.769
0.664
0.615
0.609
0.648
0.811
0.826
0.845
0.699
0.61
0.646
0.666
0.546
0.501
0.822
0.809
0.673
0.677
0.673
0.769
0.782
0.813
0.717
0.703
0.667
0.698
0.613
0.601
0.532
0.556
0.625
0.692
0.583
0.631
0.846
0.721
0.55
0.63
0.513
0.489
0.482
0.575
0.63
0.688
0.608
0.548
0.506
0.499
0.681
0.826
0.826
0.685
0.696
0.788
0.885
0.841
0.81
0.645
0.649
0.565
0.639
0.598
0.657
0.585
0.6
0.752
0.65
0.933
0.975
0.841
0.827
0.809
0.829
0.873
0.765
0.692
0.783
0.787
0.716
0.786
0.647
0.608
0.738
0.974
0.814
0.66
0.698
0.714
0.721
0.82
0.822
0.705
0.717
0.732
0.724
0.843
0.845
0.774
0.67
0.714
0.803
0.727
0.52
0.661
0.69
0.668
0.911
0.888
0.853
0.472
0.815
0.713
0.887
0.836
0.939
0.811
0.817
0.789
0.905
0.774
0.933
0.965
0.867
0.909
0.94
0.979
0.968
0.983
0.867
0.915
0.992
0.981
0.861
0.484
0.707
0.804
0.958
0.767
0.854
0.921
0.8
0.657
0.865
0.888
0.834
0.618
0.681
0.699
0.767
0.935
0.972
0.762
0.736
0.885
0.876
0.84
0.812
0.795
0.898
0.768
0.824
0.857
0.806
0.796
0.727
0.842
0.89
0.863
0.932
0.918
0.903
0.801
0.67
0.723
0.665
0.834
0.986
0.816
0.662
0.643
0.738
0.913
0.785
0.758
0.549
0.542
0.688
0.964
0.96
0.799
0.741
0.835
0.718
0.603
0.659
0.785
0.66
0.799
0.843
0.619
0.598
0.849
0.583
0.786
0.837
0.581
0.612
0.751
0.801
0.714
0.751
0.752
0.818
0.905
0.809
0.819
0.808
0.793
0.804
0.745
0.73
0.705
0.682
0.673
0.679
0.708
0.649
0.695
0.578
0.72
0.636
0.66
0.84
0.71
0.512
0.635
0.606
0.555
0.511
0.707
0.805
0.695
0.778
0.805
0.7
0.727
0.763
0.727
0.599
0.788
0.764
0.714
0.747
0.867
0.836
0.713
0.885
0.883
0.769
0.726
0.695
0.613
0.548
0.715
0.786
0.675
0.578
0.877
0.758
0.832
0.794
0.727
0.681
0.787
0.802
0.76
0.746
0.758
0.781
0.756
0.762
0.73
0.652
0.644
0.736
0.802
0.715
0.841
0.848
0.784
0.782
0.763
0.7
0.752
0.813
0.768
0.82
0.756
0.724
0.699
0.705
0.718
0.706
0.786
0.782
0.73
0.692
0.767
0.806
0.8
0.786
0.796
0.748
0.69
0.713
0.777
0.808
0.774
0.784
0.739
0.67
0.639
0.641
0.663
0.787
0.84
0.829
0.822
0.808
0.782
0.753
0.787
0.823
0.865
0.779
0.893
0.859
0.776
0.709
0.828
0.863
0.849
0.819
0.818
0.776
0.775
0.747
0.721
0.722
0.759
0.742
0.789
0.812
0.782
0.772
0.824
0.891
0.846
0.858
0.869
0.863
0.815
0.769
0.775
0.839
0.862
0.785
0.736
0.864
0.847
0.732
0.722
0.823
0.802
0.839
0.828
0.817
0.885
0.828
0.772
0.881
0.982
0.908
0.903
0.839
0.702
0.76
0.741
0.782
0.872
0.823
0.723
0.71
0.686
0.684
0.665
0.676
0.656
0.846
0.855
0.777
0.653
0.645
0.725
0.667
0.69
0.571
0.706
0.645
0.64
0.539
0.605
0.657
0.734
0.89
0.797
0.888
0.898
0.865
0.725
0.715
0.771
0.727
0.659
0.657
0.621
0.552
0.609
0.857
0.686
0.737
0.639
0.597
0.611
0.726
0.835
0.976
0.814
0.706
0.633
0.696
0.698
0.768
0.949
0.925
0.634
0.562
0.589
0.821
0.567
0.563
0.596
0.582
0.688
0.843
0.817
0.895
0.622
0.669
0.775
0.799
0.777
0.809
0.826
0.879
0.642
0.622
0.681
0.703
0.888
0.842
0.618
0.838
0.845
0.851
0.846
0.812
0.837
0.88
0.811
0.85
0.849
0.805
0.913
0.924
1.004
0.96
0.978
0.998
0.981
0.901
0.887
0.859
0.962
0.881
0.83
0.837
0.828
0.849
0.936
0.849
0.804
0.828
0.874
0.857
0.89
0.974
0.962
0.716
0.927
0.976
0.905
0.87
0.812
0.862
0.647
0.657
0.632
0.85
0.906
0.869
0.938
0.965
0.928
0.952
0.896
0.803
0.862
0.844
0.844
0.636
0.579
0.664
0.697
0.9
0.975
0.984
0.727
0.765
0.688
0.58
0.466
0.891
0.928
0.928
0.704
0.737
0.822
0.785
0.591
0.62
0.719
0.544
0.664
0.772
0.542
0.667
0.924
0.876
0.858
0.757
0.779
0.73
0.697
0.866
0.745
0.618
0.779
0.739
0.709
0.669
0.792
0.518
0.558
0.635
0.576
0.504
0.644
0.933
0.933
0.841
0.74
0.843
0.758
0.704
0.61
0.652
0.536
0.499
0.89
0.769
0.658
0.656
0.813
0.744
0.701
0.743
0.578
0.54
0.827
0.846
0.61
0.547
0.595
0.652
0.624
0.557
0.623
0.775
0.689
0.636
0.569
0.707
0.964
0.914
0.73
0.653
0.655
0.711
0.813
0.696
0.805
0.937
0.758
0.824
0.829
0.792
0.658
0.678
0.78
0.834
0.759
0.627
0.668
0.832
0.94
0.836
0.788
0.862
0.689
0.542
0.684
0.823
0.699
0.788
0.678
0.79
0.736
0.78
0.756
0.783
0.725
0.668
0.711
0.745
0.699
0.626
0.771
0.743
0.757
0.793
0.739
0.732
0.794
0.785
0.638
0.655
0.718
0.793
0.771
0.804
0.777
0.704
0.663
0.737
0.78
0.78
0.676
0.733
0.756
0.75
0.913
0.979
0.946
0.94
0.821
0.806
0.753
0.75
0.768
0.811
0.865
0.919
0.883
0.77
0.698
0.685
0.723
0.726
0.742
0.819
0.833
0.718
0.691
0.746
0.894
0.869
0.841
0.837
0.747
0.738
0.725
0.781
0.812
0.866
0.792
0.743
0.798
0.794
0.85
0.84
0.912
0.898
0.946
0.934
0.885
0.817
0.796
0.832
0.83
0.801
0.763
0.75
0.799
0.813
0.784
0.8
0.833
0.784
0.817
0.855
0.879
0.784
0.752
0.813
0.809
0.893
0.852
0.856
0.768
0.694
0.902
0.84
0.807
0.837
0.869
0.792
0.761
0.788
0.685
0.71
0.811
0.824
0.718
0.677
0.692
0.788
0.691
0.677
0.763
0.935
0.976
0.937
0.829
0.913
0.833
0.73
0.696
0.616
0.692
0.874
0.721
0.699
0.757
0.87
0.787
0.748
0.769
0.69
0.637
0.678
0.658
0.685
0.653
0.634
0.618
0.626
0.722
0.939
0.788
0.79
0.676
0.712
0.82
0.731
0.735
0.716
0.63
0.787
0.797
0.717
0.691
0.7
0.607
0.759
0.908
0.771
0.605
0.722
0.73
0.869
0.871
0.696
0.683
0.616
0.687
0.895
0.806
0.746
0.84
0.843
0.742
0.835
0.836
0.749
0.874
0.873
0.679
0.913
0.886
0.933
0.986
0.878
0.803
0.989
0.978
0.959
0.895
0.917
0.893
0.92
0.969
0.962
0.921
0.783
0.892
0.913
0.922
0.874
0.92
0.965
0.913
0.936
0.965
0.937
0.97
0.961
0.897
0.943
0.934
0.99
0.929
0.918
0.818
0.921
0.898
0.751
0.886
0.786
0.753
0.863
0.95
0.912
0.865
0.961
0.893
0.909
0.805
0.821
0.767
0.938
0.968
0.93
0.869
0.883
0.793
0.529
0.561
0.852
1.004
0.854
0.801
0.869
0.969
0.927
0.891
0.793
0.785
0.569
0.593
0.657
0.564
0.773
0.814
0.788
0.801
0.895
0.806
0.775
0.891
0.776
0.569
0.632
0.831
0.726
0.583
0.746
0.834
0.816
0.687
0.65
0.954
0.829
0.747
0.807
0.886
0.768
0.772
0.742
0.831
0.869
0.747
0.729
0.572
0.65
0.768
0.65
0.537
0.632
0.837
0.724
0.727
0.768
0.812
0.768
0.673
0.595
0.861
0.93
0.835
0.748
0.772
0.731
0.919
0.937
0.925
0.837
0.677
0.833
0.714
0.709
0.737
0.789
0.791
0.71
0.733
0.671
0.735
0.735
0.861
0.819
0.732
0.7
0.775
0.721
0.667
0.703
0.697
0.686
0.6
0.609
0.763
0.817
0.778
0.759
0.714
0.689
0.669
0.746
0.761
0.793
0.795
0.742
0.711
0.769
0.792
0.764
0.787
0.741
0.734
0.724
0.627
0.561
0.527
0.544
0.596
0.706
0.701
0.643
0.635
0.732
0.758
0.717
0.684
0.709
0.614
0.578
0.664
0.771
0.709
0.67
0.649
0.688
0.73
0.796
0.748
0.783
0.771
0.705
0.769
0.772
0.713
0.751
0.748
0.711
0.677
0.669
0.735
0.821
0.816
0.651
0.629
0.666
0.711
0.684
0.709
0.746
0.75
0.737
0.7
0.653
0.698
0.658
0.62
0.746
0.757
0.662
0.648
0.575
0.701
0.719
0.666
0.582
0.563
0.724
0.885
0.687
0.59
0.555
0.5
0.602
0.535
0.596
0.721
0.776
0.821
0.827
0.738
0.687
0.738
0.725
0.696
0.632
0.678
0.655
0.612
0.635
0.717
0.57
0.5
0.639
0.806
0.593
0.57
0.569
0.617
0.669
0.777
0.73
0.785
0.769
0.68
0.643
0.598
0.595
0.559
0.602
0.546
0.473
0.683
0.706
0.572
0.633
0.592
0.502
0.524
0.543
0.511
0.519
0.472
0.56
0.659
0.668
0.568
0.635
0.514
0.487
0.649
0.652
0.757
0.682
0.815
0.707
0.507
0.438
0.489
0.723
0.543
0.496
0.517
0.708
0.762
0.743
0.756
0.86
0.824
0.549
0.637
0.817
0.658
0.711
0.517
0.432
0.453
0.566
0.817
0.685
0.644
0.688
0.839
0.854
0.855
0.759
0.823
0.859
0.738
0.861
0.911
0.94
0.884
0.772
0.836
0.71
0.788
0.853
0.853
0.92
0.81
0.795
0.77
0.824
0.935
0.845
0.725
0.765
0.851
0.787
0.897
0.81
0.856
0.818
0.864
0.829
0.576
0.6
0.808
0.783
0.752
0.712
0.824
0.87
0.957
0.81
0.854
0.829
0.85
0.868
0.985
0.944
0.869
0.878
0.899
0.991
0.969
0.915
0.903
0.885
0.849
0.879
0.904
0.855
0.775
0.914
0.979
0.906
0.884
0.891
0.798
0.875
0.887
0.964
0.928
0.934
0.83
0.88
0.885
0.93
0.922
0.931
0.904
0.932
0.878
0.818
0.841
0.894
0.718
0.669
0.856
0.867
0.71
0.799
0.847
0.739
0.913
0.94
0.898
0.92
0.856
0.934
0.931
0.847
0.781
0.81
0.795
0.856
0.879
0.793
0.75
0.742
0.635
0.646
0.686
0.721
0.701
0.67
0.805
0.84
0.826
0.736
0.87
0.791
0.752
0.703
0.783
0.511
0.51
0.756
0.75
0.84
0.67
0.728
0.864
0.783
0.627
0.705
0.775
0.808
0.671
0.559
0.803
0.694
0.752
0.793
0.732
0.782
0.676
0.543
0.578
0.612
0.633
0.689
0.685
0.765
0.569
0.656
0.683
0.76
0.902
0.931
0.774
0.754
0.807
0.779
0.746
0.817
0.881
0.84
0.773
0.642
0.628
0.794
0.73
0.72
0.656
0.745
0.749
0.673
0.574
0.741
0.892
0.718
0.649
0.62
0.704
0.645
0.608
0.621
0.676
0.773
0.688
0.692
0.612
0.622
0.717
0.864
0.753
0.758
0.678
0.515
0.605
0.842
0.883
0.738
0.663
0.624
0.735
0.809
0.731
0.739
0.722
0.669
0.574
0.503
0.532
0.573
0.67
0.614
0.594
0.73
0.79
0.809
0.802
0.747
0.702
0.777
0.793
0.729
0.719
0.785
0.658
0.676
0.685
0.74
0.76
0.791
0.756
0.766
0.74
0.673
0.756
0.737
0.728
0.793
0.782
0.869
0.809
0.901
0.828
0.84
0.842
0.79
0.811
0.872
0.846
0.908
0.876
0.805
0.875
0.846
0.787
0.839
0.868
0.937
0.831
0.815
0.818
0.823
0.796
0.712
0.781
0.876
0.833
0.859
0.855
0.805
0.841
0.835
0.879
0.874
0.744
0.729
0.83
0.722
0.722
0.748
0.815
0.862
0.847
0.82
0.885
0.927
0.849
0.845
0.829
0.798
0.826
0.851
0.835
0.833
0.876
0.853
0.871
0.83
0.829
0.801
0.723
0.764
0.804
0.801
0.792
0.814
0.843
0.793
0.729
0.854
0.872
0.836
0.776
0.737
0.886
0.851
0.733
0.816
0.701
0.68
0.728
0.73
0.725
0.745
0.729
0.66
0.728
0.768
0.732
0.856
0.694
0.655
0.745
0.8
0.869
0.693
0.708
0.757
0.694
0.772
0.7
0.734
0.825
0.752
0.77
0.73
0.685
0.789
0.82
0.795
0.924
0.949
0.755
0.771
0.756
0.803
0.797
0.75
0.748
0.79
0.961
0.998
0.799
0.635
0.642
0.666
0.81
0.859
0.773
0.762
0.865
0.985
0.9
0.893
0.919
0.902
0.815
0.807
0.752
0.853
0.817
0.845
0.832
0.852
0.814
0.8
0.864
0.897
0.854
0.962
1.004
0.984
0.959
0.929
0.883
0.849
0.882
0.817
0.848
0.872
0.665
0.817
0.878
0.635
0.616
0.529
0.508
0.79
0.971
0.99
0.951
0.77
0.876
0.924
0.875
0.862
0.86
0.854
0.906
0.901
0.912
0.95
0.964
0.978
0.912
0.885
0.893
0.932
0.871
0.833
0.846
0.947
0.963
0.913
0.926
0.866
0.825
0.851
0.881
0.695
0.456
0.582
0.758
0.622
0.63
0.671
0.549
0.751
0.786
0.797
0.751
0.837
0.864
0.974
0.918
0.883
0.809
0.925
0.899
0.733
0.81
0.894
0.969
0.948
0.856
0.824
0.807
0.887
0.889
0.84
0.9
0.905
0.851
0.971
0.971
0.966
0.881
0.929
0.872
0.872
0.888
0.857
0.789
0.715
0.759
0.767
0.905
0.681
0.767
0.857
0.884
0.811
0.961
0.935
0.862
0.8
0.76
0.798
0.804
0.795
0.865
0.992
0.89
0.776
0.76
0.737
0.791
0.725
0.732
0.91
0.845
0.742
0.868
0.728
0.83
0.837
0.867
0.829
0.697
0.795
0.796
0.822
0.636
0.603
0.78
0.908
0.828
0.678
0.681
0.676
0.823
0.643
0.701
0.723
0.82
0.826
0.765
0.583
0.611
0.617
0.563
0.571
0.706
0.718
0.652
0.69
0.682
0.608
0.704
0.793
0.664
0.614
0.589
0.814
0.858
0.798
0.695
0.648
0.72
0.796
0.668
0.834
0.736
0.709
0.811
0.913
0.877
0.697
0.778
0.831
0.786
0.743
0.723
0.686
0.719
0.762
0.762
0.742
0.683
0.72
0.69
0.732
0.837
0.808
0.737
0.685
0.757
0.718
0.697
0.751
0.811
0.833
0.892
0.834
0.774
0.788
0.756
0.793
0.792
0.765
0.757
0.778
0.785
0.817
0.744
0.817
0.828
0.697
0.682
0.793
0.83
0.778
0.759
0.704
0.633
0.676
0.771
0.784
0.76
0.79
0.831
0.841
0.784
0.758
0.818
0.774
0.826
0.752
0.782
0.789
0.699
0.685
0.812
0.806
0.77
0.802
0.726
0.715
0.813
0.819
0.766
0.743
0.856
0.774
0.669
0.69
0.798
0.737
0.704
0.748
0.741
0.713
0.675
0.745
0.881
0.823
0.855
0.784
0.699
0.772
0.816
0.654
0.686
0.751
0.624
0.653
0.598
0.707
0.821
0.718
0.726
0.675
0.791
0.693
0.814
0.737
0.795
0.809
0.858
0.89
0.853
0.781
0.826
0.742
0.634
0.732
0.636
0.691
0.691
0.559
0.668
0.687
0.824
0.681
0.624
0.691
0.706
0.606
0.546
0.791
0.903
0.799
0.818
0.944
0.803
0.645
0.584
0.556
0.566
0.612
0.735
0.734
0.62
0.762
0.9
0.794
0.745
0.816
0.844
0.84
0.775
0.774
0.725
0.583
0.571
0.69
0.719
0.895
0.98
0.863
0.798
0.93
0.83
0.877
0.631
0.612
0.608
0.629
0.699
0.809
0.804
0.903
0.768
0.876
0.82
0.832
0.897
0.904
0.977
0.931
0.935
0.813
0.757
0.767
0.876
0.669
0.646
0.538
0.683
0.922
0.886
0.883
0.92
0.854
0.8
0.895
0.883
0.882
0.827
0.899
0.761
0.827
0.833
0.897
0.784
0.92
0.884
0.949
0.935
0.929
0.869
0.97
0.969
0.902
0.872
0.884
0.921
0.968
1.006
0.901
0.753
0.825
0.894
0.772
0.761
0.853
0.887
0.946
1.01
1
0.99
0.931
1.04
0.975
0.8
0.854
0.677
0.677
0.793
0.79
0.864
0.823
0.859
0.894
0.884
0.876
0.868
0.943
1.039
0.95
0.928
0.863
0.912
0.787
0.715
0.759
0.812
0.883
0.764
0.94
0.907
0.814
0.872
0.837
0.8
0.867
0.89
0.854
0.918
0.894
0.825
0.874
0.703
0.719
0.898
0.639
0.735
0.813
0.781
0.76
0.595
0.449
0.779
0.73
0.67
0.819
0.738
0.598
0.662
0.723
0.658
0.829
0.76
0.764
0.695
0.636
0.582
0.604
0.746
0.697
0.779
0.934
0.755
0.635
0.693
0.912
0.748
0.919
0.85
0.774
0.733
0.696
0.626
0.666
0.626
0.575
0.565
0.524
0.467
0.565
0.671
0.687
0.767
0.792
0.861
0.869
0.881
0.65
0.535
0.818
0.77
0.69
0.822
0.779
0.683
0.562
0.656
0.75
0.59
0.608
0.852
0.802
0.765
0.713
0.724
0.657
0.514
0.527
0.6
0.612
0.734
0.793
0.695
0.564
0.593
0.654
0.704
0.695
0.626
0.584
0.537
0.526
0.698
0.669
0.723
0.598
0.461
0.523
0.649
0.707
0.693
0.69
0.662
0.609
0.617
0.619
0.66
0.715
0.646
0.762
0.871
0.938
0.831
0.86
0.743
0.792
0.844
0.753
0.747
0.825
0.796
0.764
0.752
0.744
0.783
0.783
0.76
0.706
0.739
0.745
0.824
0.804
0.746
0.678
0.741
0.691
0.751
0.773
0.798
0.865
0.783
0.77
0.764
0.764
0.813
0.745
0.714
0.753
0.739
0.78
0.755
0.836
0.827
0.67
0.714
0.682
0.788
0.788
0.906
0.857
0.86
0.825
0.813
0.742
0.783
0.753
0.756
0.809
0.879
0.814
0.713
0.771
0.773
0.765
0.776
0.807
0.797
0.695
0.808
0.773
0.671
0.683
0.67
0.736
0.766
0.721
0.639
0.677
0.665
0.681
0.612
0.63
0.65
0.609
0.595
0.75
0.65
0.505
0.507
0.505
0.546
0.595
0.74
0.739
0.745
0.91
0.746
0.736
0.578
0.718
0.724
0.666
0.755
0.669
0.564
0.615
0.654
0.697
0.627
0.572
0.514
0.594
0.693
0.678
0.552
0.44
0.468
0.813
0.774
0.639
0.568
0.585
0.624
0.734
0.688
0.6
0.554
0.518
0.593
0.787
0.973
0.737
0.633
0.845
0.912
0.854
0.633
0.626
0.889
0.822
0.728
0.713
0.76
0.845
0.863
0.766
0.823
0.759
0.679
0.595
0.54
0.603
0.589
0.604
0.666
0.517
0.89
0.82
0.605
0.697
0.663
0.573
0.643
0.847
0.927
0.946
0.942
0.837
0.932
0.977
0.929
0.869
0.909
0.959
0.995
0.959
0.949
0.941
0.882
0.786
0.776
0.747
0.878
0.928
0.879
0.881
0.803
0.881
0.872
0.564
0.668
0.954
0.667
0.834
0.753
0.788
0.962
0.962
0.919
0.937
0.929
0.984
0.938
0.806
0.78
0.974
0.931
0.933
0.897
0.958
0.991
0.931
0.886
0.92
0.933
0.925
0.942
0.947
0.907
0.962
0.905
0.978
0.983
0.926
0.831
0.903
0.725
0.783
0.871
0.866
0.895
0.931
0.81
0.701
0.82
0.836
0.961
0.909
0.851
0.761
0.77
0.827
0.872
0.768
0.818
0.791
0.796
0.898
0.953
0.948
0.79
0.482
0.513
0.566
0.835
0.923
0.944
0.938
0.681
0.666
0.703
0.658
0.553
0.517
0.558
0.611
0.723
0.724
0.71
0.701
0.765
0.737
0.736
0.658
0.53
0.479
0.617
0.869
0.883
0.817
0.732
0.781
0.721
0.655
0.795
0.445
0.605
0.688
0.78
0.956
0.878
0.877
0.804
0.812
0.754
0.6
0.592
0.746
0.854
0.758
0.869
0.863
0.82
0.682
0.694
0.717
0.627
0.698
0.727
0.6
0.795
0.775
0.764
0.673
0.694
0.843
0.687
0.582
0.574
0.785
0.819
0.84
0.754
0.764
0.762
0.702
0.638
0.829
0.924
0.766
0.652
0.627
0.614
0.71
0.807
0.932
0.823
0.721
0.837
0.851
0.818
0.659
0.862
0.847
0.796
0.842
0.751
0.755
0.759
0.869
0.837
0.82
0.802
0.788
0.653
0.631
0.56
0.608
0.636
0.612
0.663
0.706
0.727
0.716
0.727
0.735
0.744
0.747
0.796
0.804
0.802
0.82
0.78
0.745
0.672
0.746
0.805
0.816
0.764
0.767
0.726
0.714
0.719
0.72
0.782
0.793
0.78
0.734
0.808
0.785
0.746
0.782
0.861
0.808
0.801
0.777
0.811
0.828
0.809
0.831
0.802
0.748
0.764
0.765
0.836
0.838
0.846
0.854
0.838
0.818
0.899
0.89
0.843
0.846
0.851
0.825
0.816
0.827
0.792
0.79
0.851
0.846
0.794
0.781
0.788
0.737
0.795
0.805
0.768
0.747
0.812
0.793
0.818
0.796
0.818
0.674
0.631
0.667
0.607
0.621
0.803
0.944
0.837
0.696
0.588
0.827
0.777
0.718
0.673
0.695
0.818
0.661
0.622
0.843
0.891
0.843
0.584
0.613
0.637
0.628
0.556
0.543
0.562
0.61
0.67
0.573
0.749
0.815
0.944
0.917
0.791
0.753
0.702
0.683
0.599
0.664
0.655
0.809
0.633
0.615
0.515
0.556
0.656
0.824
0.78
0.661
0.605
0.638
0.628
0.666
0.822
0.805
0.774
0.748
0.906
0.904
0.886
0.832
0.626
0.664
0.73
0.838
0.768
0.569
0.758
0.933
0.745
0.862
0.89
0.867
0.92
0.942
0.952
0.914
0.927
0.901
0.881
0.871
0.856
0.887
0.894
0.922
0.841
0.805
0.818
0.806
0.85
0.841
0.89
0.868
0.532
0.505
0.646
0.857
0.773
0.757
0.809
0.92
0.954
0.979
0.956
0.931
0.964
0.963
0.955
0.905
0.96
0.949
0.931
0.935
0.904
0.896
0.924
0.96
0.999
0.973
1
0.996
0.909
0.933
0.93
0.903
0.886
0.939
0.944
0.876
0.91
0.942
1.004
1.033
0.972
1.077
1
0.931
1.041
0.867
0.913
0.979
0.968
0.969
0.866
0.879
0.944
0.869
0.877
0.845
0.817
0.85
0.811
0.784
0.774
0.835
0.889
0.947
0.976
0.974
0.922
0.92
0.811
0.865
0.935
0.899
0.887
0.934
0.864
0.899
0.911
0.976
0.953
0.981
0.748
0.598
0.754
0.982
0.968
0.749
0.792
0.783
0.623
0.747
0.901
0.972
0.851
0.655
0.701
0.691
0.703
0.659
0.604
0.717
0.803
0.719
0.659
0.671
0.846
0.941
0.907
0.886
0.884
0.749
0.856
0.536
0.64
0.799
0.85
0.762
0.84
0.833
0.721
0.714
0.767
0.75
0.645
0.699
0.676
0.733
0.704
0.559
0.656
0.814
0.8
0.882
0.819
0.7
0.645
0.683
0.769
0.759
0.818
0.952
0.8
0.768
0.789
0.688
0.742
0.978
0.941
0.763
0.65
0.733
0.921
0.872
0.852
0.845
0.959
0.862
0.814
0.992
0.782
0.67
0.54
0.857
0.909
0.847
0.817
0.766
0.767
0.813
0.67
0.74
0.935
0.743
0.811
0.957
0.899
0.801
0.678
0.585
0.675
0.869
0.825
0.78
0.766
0.832
0.848
0.862
0.859
0.819
0.779
0.811
0.785
0.772
0.722
0.707
0.753
0.791
0.831
0.84
0.798
0.806
0.771
0.786
0.834
0.679
0.666
0.731
0.743
0.786
0.741
0.724
0.787
0.715
0.634
0.639
0.725
0.752
0.775
0.727
0.602
0.72
0.788
0.745
0.793
0.834
0.794
0.84
0.866
0.79
0.696
0.883
0.779
0.784
0.8
0.809
0.745
0.772
0.851
0.859
0.833
0.846
0.806
0.751
0.76
0.801
0.847
0.847
0.835
0.824
0.743
0.738
0.81
0.794
0.787
0.814
0.84
0.762
0.753
0.774
0.814
0.803
0.791
0.814
0.787
0.684
0.744
0.756
0.798
0.74
0.726
0.719
0.674
0.701
0.68
0.731
0.722
0.888
0.881
0.844
0.798
0.82
0.752
0.786
0.879
0.899
0.912
0.916
0.869
0.783
0.73
0.623
0.859
0.824
0.805
0.788
0.712
0.823
0.895
0.914
0.7
0.702
0.77
0.806
0.752
0.69
0.664
0.676
0.713
0.813
0.974
0.873
0.755
0.702
0.66
0.703
0.748
0.735
0.73
0.91
0.734
0.826
0.824
0.821
0.89
0.782
0.667
0.855
0.862
0.759
0.782
0.826
0.637
0.633
0.626
0.771
0.74
0.721
0.87
0.957
0.845
0.8
0.856
0.91
0.835
0.824
0.834
0.858
0.85
0.841
0.843
0.765
0.694
0.844
0.873
0.785
0.866
0.928
0.922
0.828
0.888
0.868
0.92
0.932
0.746
0.868
0.86
0.784
0.879
0.888
0.923
0.9
0.842
0.949
0.967
0.892
0.814
0.828
0.94
0.938
0.865
0.635
0.793
0.863
0.901
0.963
0.954
0.71
0.865
0.92
0.9
0.933
0.924
0.928
0.939
1.012
0.974
0.979
0.969
0.649
0.635
0.866
0.944
0.905
0.827
0.792
0.82
0.837
0.907
0.948
0.788
0.835
0.937
0.982
0.975
0.928
0.867
0.891
0.955
0.845
0.958
0.949
0.891
0.931
0.898
0.933
0.919
0.885
0.942
0.927
0.887
0.857
0.899
0.804
0.773
0.842
0.897
0.78
0.894
0.878
0.883
0.84
0.736
0.861
0.853
0.921
0.885
0.84
0.844
0.841
0.876
0.93
0.814
0.939
0.926
0.79
0.865
0.932
0.84
0.71
0.826
0.826
0.765
0.73
0.645
0.602
0.861
0.58
0.578
0.596
0.852
0.709
0.716
0.784
0.852
0.791
0.659
0.832
0.844
0.705
0.764
0.96
0.92
0.763
0.616
0.469
0.596
0.678
0.796
0.765
0.667
0.658
0.498
0.556
0.662
0.908
0.9
0.676
0.564
0.743
0.845
0.721
0.56
0.538
0.622
0.736
0.785
0.762
0.737
0.63
0.698
0.835
0.609
0.613
0.812
0.735
0.96
0.757
0.689
0.726
0.61
0.802
0.885
0.778
0.647
0.72
0.595
0.712
0.726
0.721
0.67
0.75
0.775
0.771
0.681
0.669
0.595
0.636
0.982
0.834
0.692
0.71
0.888
0.852
0.954
0.979
0.936
0.928
0.77
0.661
0.708
0.744
0.762
0.67
0.599
0.597
0.763
0.786
0.729
0.622
0.785
0.805
0.825
0.771
0.751
0.76
0.75
0.64
0.716
0.744
0.797
0.701
0.678
0.789
0.826
0.84
0.826
0.828
0.818
0.772
0.698
0.759
0.768
0.866
0.774
0.697
0.7
0.732
0.774
0.786
0.78
0.758
0.808
0.787
0.677
0.807
0.927
0.851
0.824
0.752
0.841
0.814
0.813
0.817
0.745
0.661
0.723
0.807
0.819
0.821
0.794
0.688
0.683
0.675
0.768
0.852
0.865
0.913
0.924
0.806
0.892
0.864
0.856
0.949
0.839
0.913
0.905
0.89
0.839
0.902
0.891
0.859
0.828
0.844
0.888
0.833
0.861
0.815
0.811
0.844
0.768
0.715
0.76
0.805
0.847
0.86
0.879
0.879
0.828
0.802
0.76
0.817
0.782
0.848
0.689
0.687
0.899
0.801
0.699
0.865
0.801
0.776
0.807
0.708
0.763
0.693
0.768
0.795
0.66
0.688
0.705
0.681
0.681
0.693
0.675
0.721
0.737
0.635
0.646
0.838
0.774
0.689
0.718
0.742
0.666
0.61
0.705
0.651
0.688
0.599
0.616
0.925
0.946
0.888
0.746
0.753
0.699
0.778
0.836
0.883
0.777
0.779
0.753
0.709
0.862
0.818
0.837
0.871
0.7
0.655
0.608
0.911
0.945
0.919
0.847
0.953
0.931
0.905
0.888
0.927
0.795
0.69
0.806
0.835
0.76
0.904
0.981
0.972
0.867
0.752
0.89
0.917
0.785
0.838
0.941
0.923
0.95
0.989
0.958
0.862
0.808
0.909
0.884
0.717
0.808
0.759
0.93
0.915
0.857
0.938
0.958
0.989
0.977
0.868
0.852
0.708
0.743
0.907
0.793
0.846
0.836
0.873
0.945
0.944
0.966
0.991
0.966
0.945
0.798
0.576
0.768
0.934
0.861
0.939
0.954
0.958
0.925
0.877
0.868
0.866
0.921
0.959
0.966
0.888
0.847
0.883
0.852
0.93
0.885
0.795
0.679
0.738
0.793
0.775
0.779
0.853
0.913
0.889
0.789
0.791
0.94
0.932
0.811
0.807
0.727
0.82
0.983
1.003
0.969
0.93
0.888
0.813
0.825
0.859
0.85
0.755
0.769
0.751
0.808
0.816
0.886
0.888
0.842
0.758
0.758
0.916
0.977
0.625
0.653
0.742
0.761
0.74
0.662
0.582
0.786
0.975
0.952
0.98
0.955
0.87
0.79
0.68
0.662
0.815
0.728
0.748
0.789
0.765
0.796
0.804
0.752
0.758
0.816
0.689
0.606
0.548
0.759
0.933
0.756
0.632
0.592
0.61
0.869
0.846
0.892
0.807
0.635
0.839
0.787
0.624
0.715
0.659
0.606
0.651
0.891
0.738
0.673
0.797
0.882
0.827
0.836
0.856
0.826
0.719
0.73
0.774
0.888
0.82
0.842
0.882
0.815
0.791
0.736
0.612
0.727
0.614
0.486
0.58
0.653
0.652
0.656
0.667
0.805
0.815
0.74
0.624
0.678
0.691
0.658
0.75
0.689
0.656
0.769
0.697
0.736
0.679
0.671
0.601
0.824
0.839
0.861
0.83
0.771
0.813
0.829
0.818
0.819
0.749
0.786
0.731
0.792
0.752
0.735
0.723
0.731
0.762
0.764
0.779
0.78
0.803
0.793
0.708
0.669
0.787
0.786
0.752
0.815
0.824
0.792
0.758
0.665
0.642
0.653
0.703
0.784
0.858
0.799
0.69
0.772
0.802
0.84
0.835
0.819
0.76
0.723
0.717
0.733
0.812
0.838
0.772
0.782
0.691
0.642
0.733
0.9
0.9
0.873
0.861
0.827
0.862
0.847
0.825
0.847
0.794
0.763
0.792
0.791
0.81
0.814
0.8
0.751
0.797
0.827
0.827
0.876
0.862
0.832
0.76
0.776
0.817
0.841
0.795
0.703
0.784
0.7
0.737
0.678
0.77
0.821
0.799
0.775
0.686
0.701
0.728
0.689
0.69
0.747
0.872
0.819
0.71
0.712
0.774
0.804
0.844
0.695
0.678
0.787
0.781
0.744
0.753
0.605
0.642
0.699
0.615
0.865
0.851
0.805
0.797
0.901
0.873
0.811
0.698
0.671
0.684
0.672
0.771
0.684
0.62
0.751
0.79
0.766
0.679
0.782
0.7
0.678
0.607
0.6
0.565
0.647
0.794
0.785
0.849
0.802
0.768
0.722
0.755
0.754
0.654
0.632
0.671
0.687
0.742
0.94
0.673
0.652
0.652
0.671
0.805
0.769
0.803
0.721
0.793
0.724
0.677
0.679
0.73
0.717
0.585
0.801
0.731
0.716
0.866
0.863
0.799
0.651
0.85
0.906
0.889
0.908
0.853
0.757
0.723
0.706
0.779
0.661
0.613
0.836
0.712
0.799
0.806
0.826
0.83
0.91
0.97
0.911
0.558
0.79
0.854
0.862
0.905
0.954
0.979
0.788
0.862
0.745
0.757
0.947
0.857
0.861
1.007
0.973
0.967
0.917
0.927
0.896
0.981
0.975
0.875
0.906
0.993
0.969
0.916
0.837
0.853
0.919
0.939
0.823
0.881
0.925
0.894
0.882
0.949
0.891
0.859
0.837
0.853
0.972
0.869
0.886
0.852
0.843
0.929
0.996
0.934
0.755
0.917
0.862
0.703
0.814
0.628
0.712
0.881
0.743
0.65
0.638
0.529
0.506
0.762
0.901
0.931
0.863
0.919
0.943
0.854
0.761
0.929
0.762
0.687
0.906
0.856
0.855
0.887
0.872
0.878
0.857
0.839
0.844
0.857
0.826
0.842
0.836
0.787
0.649
0.713
0.719
0.624
0.686
0.681
0.686
0.633
0.541
0.629
0.491
0.541
0.891
0.834
0.782
0.798
0.798
0.722
0.679
0.71
0.845
0.737
0.816
0.765
0.66
0.55
0.664
0.939
0.895
0.866
0.771
0.786
0.84
0.788
0.858
0.682
0.573
0.541
0.577
0.706
0.66
0.567
0.545
0.536
0.529
0.494
0.686
0.787
0.643
0.713
0.798
0.596
0.624
0.655
0.761
0.905
0.708
0.695
0.714
0.735
0.739
0.576
0.571
0.711
0.832
0.843
0.71
0.742
0.602
0.549
0.574
0.531
0.694
0.779
0.781
0.779
0.668
0.68
0.716
0.671
0.667
0.542
0.585
0.626
0.634
0.695
0.767
0.705
0.668
0.708
0.615
0.583
0.595
0.592
0.593
0.581
0.723
0.767
0.683
0.786
0.813
0.793
0.678
0.793
0.785
0.775
0.761
0.758
0.761
0.715
0.653
0.732
0.777
0.654
0.628
0.739
0.72
0.675
0.7
0.726
0.781
0.781
0.797
0.816
0.789
0.764
0.782
0.72
0.703
0.721
0.759
0.774
0.773
0.757
0.838
0.749
0.715
0.717
0.761
0.68
0.748
0.831
0.729
0.763
0.782
0.782
0.826
0.908
0.746
0.697
0.748
0.796
0.806
0.804
0.704
0.651
0.67
0.819
0.866
0.848
0.815
0.763
0.691
0.698
0.673
0.591
0.6
0.547
0.504
0.625
0.762
0.768
0.592
0.583
0.519
0.43
0.458
0.584
0.509
0.403
0.557
0.569
0.466
0.457
0.63
0.683
0.474
0.374
0.46
0.611
0.441
0.466
0.7
0.842
0.746
0.575
0.551
0.825
0.886
0.699
0.69
0.639
0.817
0.963
0.92
0.715
0.536
0.761
0.767
0.648
0.731
0.907
0.78
0.616
0.607
0.556
0.627
0.775
0.715
0.617
0.527
0.659
0.647
0.605
0.57
0.678
0.654
0.825
0.742
0.581
0.616
0.672
0.588
0.563
0.699
0.717
0.78
0.735
0.73
0.723
0.649
0.728
0.655
0.575
0.604
0.794
0.753
0.759
0.728
0.736
0.736
0.895
0.812
0.768
0.74
0.721
0.762
0.83
0.704
0.811
0.927
0.87
0.793
0.717
0.715
0.844
0.767
0.818
0.931
0.953
0.938
0.815
0.779
0.744
0.831
0.892
0.573
0.829
0.838
0.825
0.848
0.89
0.797
0.818
0.962
0.955
0.94
0.846
0.983
0.977
1
0.794
0.798
0.883
0.695
0.837
0.933
0.794
0.745
0.84
0.75
0.777
0.797
0.621
0.779
0.824
0.901
0.81
0.839
0.938
0.795
0.633
0.677
0.628
0.67
0.688
0.925
0.797
0.745
0.597
0.824
0.931
0.661
0.648
0.724
0.658
0.684
0.836
0.917
0.62
0.795
0.961
0.804
0.86
0.582
0.88
0.941
0.958
0.856
0.831
0.743
0.824
0.877
0.839
0.837
0.648
0.519
0.669
0.682
0.613
0.53
0.624
0.534
0.56
0.609
0.627
0.772
0.809
0.814
0.656
0.617
0.613
0.78
0.674
0.51
0.758
0.925
0.885
0.795
0.723
0.708
0.697
0.553
0.697
0.67
0.763
0.638
0.551
0.48
0.792
0.833
0.812
0.554
0.586
0.788
0.918
0.673
0.647
0.727
0.744
0.607
0.682
0.734
0.693
0.839
0.854
0.798
0.83
0.88
0.86
0.646
0.63
0.601
0.527
0.486
0.565
0.489
0.556
0.757
0.812
0.653
0.723
0.731
0.693
0.689
0.758
0.753
0.76
0.604
0.751
0.78
0.648
0.54
0.605
0.67
0.723
0.905
0.786
0.706
0.695
0.766
0.688
0.614
0.594
0.84
0.957
0.83
0.756
0.755
0.701
0.711
0.74
0.696
0.89
0.782
0.626
0.638
0.61
0.67
0.715
0.804
0.754
0.744
0.77
0.793
0.837
0.918
0.755
0.742
0.796
0.717
0.724
0.768
0.797
0.769
0.757
0.686
0.773
0.72
0.678
0.725
0.819
0.858
0.792
0.726
0.717
0.651
0.741
0.791
0.82
0.686
0.715
0.77
0.842
0.855
0.796
0.826
0.86
0.811
0.8
0.78
0.73
0.733
0.73
0.768
0.735
0.764
0.795
0.856
0.857
0.833
0.828
0.834
0.832
0.71
0.895
0.818
0.827
0.87
0.851
0.826
0.791
0.755
0.774
0.833
0.826
0.883
0.939
0.81
0.756
0.748
0.79
0.876
0.834
0.778
0.769
0.847
0.855
0.828
0.828
0.828
0.829
0.809
0.825
0.879
0.784
0.764
0.717
0.813
0.842
0.869
0.873
0.832
0.775
0.803
0.866
0.781
0.734
0.705
0.691
0.731
0.829
0.769
0.895
0.946
0.888
0.812
0.74
0.781
0.667
0.697
0.713
0.726
0.759
0.857
0.96
0.904
0.741
0.794
0.728
0.684
0.636
0.569
0.584
0.587
0.776
0.794
0.869
0.776
0.684
0.666
0.661
0.682
0.657
0.83
0.878
0.771
0.761
0.801
0.745
0.653
0.57
0.545
0.517
0.633
0.673
0.634
0.626
0.873
0.939
0.953
0.901
0.783
0.84
0.871
0.791
0.722
0.736
0.766
0.705
0.655
0.663
0.841
0.848
0.808
0.827
0.883
0.948
0.947
0.856
0.895
0.903
0.841
0.713
0.843
0.752
0.747
0.555
0.856
0.946
0.837
0.917
0.982
0.907
0.896
0.949
0.923
0.985
0.981
0.824
0.892
0.874
0.863
0.787
0.866
0.849
0.819
0.855
0.913
0.869
0.941
0.944
0.939
0.943
0.912
0.908
0.962
0.969
0.956
0.987
0.938
0.899
0.929
0.94
0.93
0.987
0.986
1.003
0.951
0.94
0.951
0.957
0.877
0.897
0.942
0.949
0.969
0.845
0.882
0.91
0.91
0.929
0.953
0.947
0.863
0.836
0.808
0.851
0.959
0.949
0.872
0.819
0.964
0.869
0.555
0.652
0.828
0.957
0.93
0.903
0.6
0.557
0.61
0.825
0.655
0.803
0.911
0.862
0.895
0.741
0.753
0.536
0.578
0.81
0.812
0.732
0.74
0.677
0.83
0.739
0.851
0.737
0.759
0.823
0.917
0.77
0.729
0.888
0.934
0.808
0.634
0.597
0.653
0.711
0.663
0.681
0.631
0.698
0.686
0.555
0.638
0.806
0.759
0.78
0.635
0.623
0.681
0.621
0.89
0.794
0.712
0.686
0.808
0.87
0.733
0.73
0.633
0.838
0.87
0.689
0.687
0.581
0.847
0.861
0.793
0.752
0.771
0.582
0.535
0.601
0.578
0.498
0.497
0.58
0.629
0.611
0.58
0.769
0.635
0.762
0.763
0.566
0.59
0.682
0.789
0.622
0.619
0.922
0.876
0.82
0.777
0.716
0.649
0.801
0.883
0.679
0.823
0.8
0.82
0.836
0.827
0.796
0.734
0.633
0.809
0.843
0.867
0.809
0.856
0.953
0.825
0.665
0.6
0.669
0.74
0.701
0.66
0.696
0.722
0.749
0.637
0.593
0.652
0.716
0.769
0.836
0.756
0.663
0.595
0.675
0.701
0.673
0.684
0.763
0.775
0.731
0.804
0.832
0.764
0.664
0.75
0.788
0.681
0.694
0.749
0.74
0.704
0.716
0.603
0.64
0.738
0.795
0.792
0.774
0.803
0.813
0.785
0.779
0.785
0.826
0.709
0.812
0.903
0.807
0.768
0.723
0.816
0.827
0.78
0.695
0.72
0.786
0.804
0.824
0.851
0.821
0.815
0.799
0.734
0.634
0.781
0.812
0.82
0.847
0.881
0.724
0.862
0.862
0.809
0.786
0.86
0.794
0.766
0.684
0.715
0.845
0.78
0.669
0.708
0.75
0.677
0.634
0.722
0.775
0.842
0.82
0.716
0.621
0.712
0.768
0.689
0.64
0.683
0.811
0.922
0.818
0.772
0.826
0.763
0.922
0.91
0.792
0.804
0.822
0.794
0.675
0.656
0.674
0.616
0.662
0.932
0.801
0.656
0.619
0.625
0.737
0.864
0.946
0.886
0.902
0.736
0.838
0.747
0.632
0.679
0.675
0.745
0.868
0.885
0.925
0.808
0.684
0.74
0.655
0.649
0.693
0.598
0.611
0.766
0.72
0.621
0.706
0.618
0.609
0.721
0.764
0.735
0.75
0.637
0.624
0.742
0.709
0.775
0.778
0.742
0.875
0.781
0.652
0.615
0.664
0.829
0.855
0.766
0.864
0.838
0.968
0.944
0.848
0.81
0.785
0.792
0.705
0.736
0.868
0.873
0.835
0.744
0.739
0.907
0.926
0.972
0.862
0.85
0.969
0.915
0.899
0.685
0.685
0.714
0.875
0.61
0.658
0.827
0.889
0.895
0.839
0.81
0.812
0.928
0.84
0.856
0.91
0.84
0.918
0.93
0.897
0.924
0.933
0.944
0.908
0.9
0.872
0.91
0.725
0.764
0.648
0.839
0.91
0.95
0.877
0.905
0.975
0.744
0.648
0.697
0.82
0.934
0.99
0.962
0.972
0.656
0.835
0.856
0.872
0.86
0.817
0.831
0.8
0.881
0.888
0.828
0.777
0.72
0.741
0.842
0.821
0.755
0.769
0.925
0.876
0.879
0.756
0.73
0.717
0.968
0.68
0.514
0.727
0.812
0.911
0.576
0.763
0.751
0.808
0.781
0.845
0.561
0.474
0.729
0.818
0.8
0.86
0.875
0.754
0.86
0.825
0.92
0.851
0.532
0.644
0.722
0.912
0.96
0.96
0.884
0.856
0.819
0.707
0.72
0.873
0.909
0.703
0.716
0.716
0.658
0.892
0.924
0.781
0.716
0.798
0.883
0.903
0.859
0.774
0.783
0.763
0.784
0.881
0.832
0.913
0.777
0.731
0.736
0.673
0.762
0.915
0.859
0.745
0.702
0.895
0.693
0.632
0.643
0.849
0.872
0.937
0.863
0.683
0.702
0.905
0.972
0.794
0.75
0.855
0.911
0.843
0.728
0.718
0.711
0.624
0.735
0.818
0.876
0.803
0.707
0.731
0.793
0.816
0.78
0.722
0.688
0.784
0.872
0.812
0.942
0.809
0.732
0.718
0.721
0.739
0.78
0.801
0.81
0.828
0.77
0.712
0.666
0.679
0.741
0.691
0.698
0.674
0.671
0.653
0.749
0.781
0.804
0.669
0.782
0.826
0.77
0.747
0.747
0.744
0.696
0.631
0.644
0.756
0.777
0.681
0.609
0.642
0.655
0.679
0.745
0.738
0.774
0.782
0.739
0.747
0.783
0.833
0.786
0.737
0.785
0.812
0.829
0.836
0.832
0.73
0.721
0.775
0.729
0.777
0.764
0.795
0.753
0.704
0.615
0.6
0.654
0.746
0.682
0.726
0.778
0.724
0.731
0.729
0.853
0.792
0.648
0.817
0.852
0.876
0.8
0.704
0.684
0.782
0.802
0.681
0.681
0.719
0.687
0.709
0.623
0.615
0.561
0.482
0.415
0.374
0.444
0.59
0.46
0.349
0.545
0.789
0.7
0.467
0.607
0.777
0.846
0.808
0.696
0.701
0.583
0.619
0.86
0.976
0.832
0.723
0.751
0.772
0.768
0.781
0.807
0.809
0.646
0.67
0.574
0.577
0.649
0.755
0.79
0.742
0.547
0.647
0.76
0.598
0.721
0.789
0.673
0.669
0.626
0.798
0.732
0.848
0.922
0.821
0.707
0.799
0.832
0.75
0.67
0.582
0.648
0.755
0.741
0.897
0.717
0.725
0.861
0.955
0.851
0.806
0.735
0.738
0.863
0.88
0.873
0.747
0.815
0.654
0.845
0.913
0.878
0.83
0.775
0.757
0.886
0.866
0.855
0.85
0.687
0.729
0.892
0.851
0.924
0.899
0.953
0.953
0.865
0.907
0.847
0.95
0.951
0.972
0.939
0.905
0.91
0.939
0.985
0.884
0.717
0.813
0.673
0.821
0.955
0.945
0.959
0.969
1.003
0.962
0.965
0.941
0.939
0.943
0.936
0.945
0.952
0.932
0.969
0.924
0.904
0.762
0.843
0.798
0.795
0.797
0.916
0.876
0.847
0.846
0.863
0.832
0.838
0.754
0.864
0.868
0.891
0.771
0.935
0.958
0.94
0.986
0.984
0.987
0.955
0.955
0.717
0.845
0.872
0.805
0.825
0.923
0.77
0.8
0.837
0.92
0.898
0.89
0.922
0.962
0.987
0.973
0.908
0.993
0.933
0.911
0.803
0.831
0.98
0.972
0.98
0.982
0.843
0.933
0.941
0.886
0.923
0.891
0.76
0.719
0.787
0.844
0.951
0.898
0.763
0.793
0.75
0.855
0.886
0.868
0.912
0.824
0.808
0.669
0.787
0.77
0.611
0.688
0.866
0.625
0.68
0.765
0.747
0.786
0.921
0.95
0.682
0.862
0.913
0.853
0.809
0.74
0.687
0.701
0.605
0.61
0.613
0.795
0.877
0.802
0.756
0.807
0.857
0.7
0.484
0.594
0.688
0.465
0.566
0.656
0.643
0.736
0.912
0.836
0.681
0.819
0.765
0.832
0.856
0.878
0.827
0.846
0.883
0.703
0.647
0.846
0.83
0.81
0.884
0.862
0.87
0.808
0.72
0.796
0.773
0.773
0.754
0.731
0.721
0.688
0.798
0.895
0.773
0.611
0.835
0.926
0.806
0.673
0.825
0.794
0.755
0.7
0.817
0.906
0.892
0.763
0.702
0.794
0.852
0.81
0.763
0.766
0.695
0.616
0.597
0.606
0.717
0.767
0.747
0.676
0.755
0.743
0.729
0.701
0.681
0.772
0.812
0.805
0.817
0.814
0.875
0.866
0.83
0.798
0.7
0.69
0.796
0.804
0.733
0.816
0.725
0.698
0.856
0.841
0.832
0.787
0.756
0.82
0.855
0.911
0.755
0.722
0.793
0.821
0.839
0.83
0.83
0.84
0.827
0.834
0.816
0.823
0.83
0.824
0.833
0.832
0.797
0.821
0.861
0.828
0.764
0.721
0.762
0.86
0.89
0.771
0.703
0.86
0.881
0.844
0.834
0.846
0.833
0.808
0.974
0.953
0.891
0.861
0.808
0.718
0.737
0.806
0.84
0.831
0.787
0.779
0.823
0.842
0.858
0.707
0.664
0.711
0.864
0.772
0.682
0.903
0.81
0.837
0.767
0.695
0.826
0.773
0.836
0.736
0.689
0.677
0.647
0.834
0.726
0.648
0.664
0.703
0.689
0.76
0.743
0.75
0.586
0.772
0.773
0.826
0.752
0.616
0.759
0.719
0.768
0.783
0.74
0.654
0.831
0.873
0.757
0.783
0.81
0.738
0.791
0.88
0.856
0.816
0.744
0.876
0.87
0.684
0.666
0.57
0.568
0.884
0.911
0.744
0.599
0.745
0.922
0.853
0.93
0.874
0.779
0.806
0.864
0.82
0.86
0.596
0.793
0.94
0.945
0.833
0.775
0.747
0.612
0.616
0.666
0.85
0.96
0.895
0.891
0.925
0.98
0.909
0.668
0.664
0.905
0.964
0.945
0.875
0.879
0.923
0.868
0.848
0.858
0.942
0.956
0.905
0.926
0.837
0.768
0.906
0.866
0.771
0.811
0.96
0.953
0.974
0.949
0.88
0.777
0.831
0.865
0.791
0.875
0.946
0.917
0.892
0.921
0.847
0.911
0.962
0.851
0.799
0.846
0.844
0.788
0.894
0.87
0.955
0.978
0.891
0.861
0.88
0.88
0.938
0.918
0.962
0.934
0.914
0.966
0.934
0.91
0.904
0.923
0.822
0.899
0.932
0.922
0.892
0.849
0.829
0.862
0.852
0.914
0.889
0.819
0.836
0.908
0.875
0.85
0.816
0.638
0.674
0.849
0.868
0.831
0.939
0.897
0.853
0.758
0.781
0.853
0.724
0.776
0.57
0.545
0.777
0.708
0.864
0.889
0.909
0.874
0.848
0.768
0.631
0.667
0.813
0.881
0.897
0.879
0.827
0.857
0.939
0.933
0.902
0.888
0.798
0.756
0.623
0.595
0.755
0.753
0.772
0.7
0.719
0.804
0.907
0.738
0.609
0.645
0.761
0.732
0.718
0.824
0.792
0.879
0.853
0.663
0.777
0.728
0.742
0.665
0.644
0.816
0.821
0.931
0.726
0.689
0.769
0.725
0.837
0.741
0.72
0.716
0.74
0.729
0.738
0.791
0.907
0.801
0.771
0.791
0.802
0.831
0.839
0.799
0.79
0.769
0.82
0.794
0.806
0.823
0.758
0.774
0.824
0.681
0.68
0.735
0.659
0.619
0.672
0.717
0.768
0.758
0.834
0.932
0.894
0.818
0.811
0.777
0.788
0.823
0.814
0.793
0.683
0.744
0.774
0.695
0.714
0.903
0.723
0.699
0.768
0.743
0.663
0.732
0.719
0.801
0.815
0.793
0.783
0.787
0.808
0.792
0.773
0.784
0.88
0.837
0.841
0.809
0.762
0.763
0.837
0.788
0.768
0.784
0.84
0.832
0.768
0.795
0.917
0.937
0.879
0.814
0.855
0.873
0.807
0.744
0.81
0.857
0.882
0.791
0.771
0.718
0.771
0.855
0.854
0.825
0.816
0.784
0.748
0.742
0.751
0.844
0.869
0.943
0.86
0.796
0.814
0.804
0.838
0.854
0.863
0.869
0.878
0.912
0.792
0.748
0.762
0.813
0.814
0.777
0.795
0.856
0.932
0.894
0.739
0.711
0.769
0.776
0.769
0.803
0.823
0.866
0.793
0.72
0.709
0.67
0.608
0.65
0.741
0.74
0.724
0.695
0.745
0.885
0.697
0.677
0.777
0.538
0.597
0.652
0.581
0.555
0.712
0.699
0.659
0.733
0.713
0.847
0.832
0.873
0.78
0.593
0.784
0.935
0.929
0.868
0.828
0.894
0.847
0.683
0.64
0.757
0.764
0.842
0.798
0.637
0.789
0.942
0.828
0.899
0.744
0.687
0.774
0.685
0.599
0.588
0.78
0.803
0.745
0.669
0.581
0.784
0.917
0.962
0.971
0.915
0.842
0.81
0.952
0.993
0.9
0.724
0.691
0.803
0.79
0.83
0.849
0.803
0.809
0.761
0.854
0.92
0.974
0.87
0.885
0.967
0.856
0.9
0.868
0.845
0.898
0.869
0.866
0.896
0.93
0.786
0.914
0.951
0.94
0.928
0.973
0.936
0.951
0.912
0.953
0.987
0.97
0.922
0.969
0.98
0.926
0.966
0.962
0.935
0.963
0.987
0.971
0.984
0.997
0.915
0.934
0.786
0.827
0.766
0.701
0.933
0.898
0.876
0.887
0.856
0.973
0.966
0.962
0.908
0.899
0.882
0.967
0.965
0.948
0.955
0.952
0.919
0.902
0.822
0.84
0.963
0.962
0.895
0.911
0.889
0.773
0.959
0.92
0.898
0.704
0.576
0.758
0.857
0.919
0.948
0.878
0.881
0.887
0.874
0.858
0.909
0.931
0.818
0.875
0.946
0.931
0.86
0.868
0.66
0.598
0.721
0.934
0.89
0.805
0.716
0.718
0.778
0.775
0.784
0.851
0.926
0.846
0.819
0.928
0.86
0.817
0.82
0.766
0.886
0.796
0.705
0.792
0.796
0.88
0.738
0.696
0.658
0.709
0.83
0.831
0.699
0.631
0.655
0.701
0.697
0.626
0.659
0.6
0.594
0.586
0.618
0.7
0.861
0.906
0.967
0.862
0.73
0.839
0.809
0.72
0.82
0.866
0.721
0.718
0.829
0.653
0.6
0.536
0.622
0.635
0.613
0.717
0.686
0.882
0.796
0.802
0.789
0.762
0.676
0.647
0.775
0.868
0.661
0.67
0.831
0.85
0.808
0.67
0.663
0.68
0.689
0.597
0.61
0.625
0.798
0.865
0.785
0.746
0.678
0.605
0.656
0.702
0.714
0.762
0.792
0.834
0.76
0.772
0.799
0.766
0.781
0.776
0.705
0.611
0.736
0.622
0.645
0.665
0.619
0.664
0.701
0.737
0.731
0.79
0.792
0.755
0.74
0.764
0.762
0.734
0.741
0.676
0.63
0.623
0.766
0.797
0.862
0.843
0.855
0.819
0.821
0.798
0.734
0.788
0.788
0.749
0.768
0.818
0.765
0.921
0.803
0.712
0.718
0.731
0.707
0.68
0.682
0.723
0.829
0.799
0.788
0.744
0.8
0.795
0.805
0.786
0.793
0.869
0.905
0.824
0.738
0.774
0.807
0.828
0.813
0.773
0.813
0.769
0.741
0.779
0.893
0.751
0.695
0.943
0.893
0.764
0.699
0.725
0.614
0.698
0.698
0.715
0.734
0.746
0.719
0.644
0.622
0.645
0.699
0.729
0.869
0.946
0.795
0.731
0.758
0.587
0.71
0.872
0.852
0.801
0.862
0.805
0.688
0.757
0.623
0.67
0.764
0.757
0.729
0.714
0.755
0.878
0.885
0.865
0.888
0.893
0.852
0.834
0.759
0.668
0.702
0.641
0.619
0.589
0.816
0.861
0.83
0.704
0.907
0.877
0.716
0.699
0.68
0.598
0.637
0.733
0.773
0.682
0.595
0.645
0.799
0.816
0.765
0.783
0.86
0.636
0.638
0.568
0.723
0.662
0.961
0.902
0.618
0.625
0.595
0.656
0.788
0.786
0.768
0.891
0.775
0.777
0.774
0.867
0.893
0.747
0.742
0.838
0.828
0.943
0.934
0.904
0.859
0.908
0.932
0.954
0.952
0.929
0.904
0.913
0.97
0.958
0.853
0.909
0.906
0.921
0.944
0.983
0.945
0.942
0.96
0.968
0.956
0.928
0.985
0.963
0.976
0.923
0.89
0.972
0.934
0.936
0.803
0.796
0.872
0.855
0.848
0.932
0.817
0.882
0.885
0.774
0.813
1.011
0.914
0.847
0.919
0.89
0.718
0.815
0.767
0.853
0.803
0.749
0.763
0.884
0.82
0.826
0.813
0.869
0.957
0.938
0.906
0.854
0.896
0.844
0.803
0.907
0.904
0.878
0.86
0.845
0.796
0.9
0.856
0.491
0.607
0.651
0.718
0.767
0.802
0.833
0.762
0.634
0.74
0.829
0.732
0.879
0.834
0.774
0.782
0.851
0.841
0.779
0.968
0.913
0.887
0.922
0.851
0.791
0.686
0.676
0.743
0.614
0.685
0.722
0.592
0.661
0.77
0.728
0.723
0.788
0.677
0.773
0.822
0.692
0.769
0.79
0.79
0.819
0.74
0.736
0.654
0.84
0.847
0.707
0.638
0.625
0.692
0.698
0.728
0.771
0.687
0.791
0.745
0.66
0.571
0.663
0.629
0.675
0.761
0.76
0.656
0.582
0.601
0.576
0.638
0.786
0.734
0.761
0.714
0.726
0.781
0.582
0.521
0.646
0.744
0.853
0.888
0.834
0.871
0.932
0.857
0.781
0.769
0.856
0.767
0.726
0.722
0.601
0.572
0.759
0.828
0.776
0.707
0.669
0.633
0.692
0.784
0.849
0.776
0.785
0.606
0.524
0.617
0.746
0.769
0.778
0.697
0.748
0.74
0.678
0.579
0.586
0.677
0.76
0.762
0.71
0.781
0.801
0.847
0.738
0.652
0.766
0.784
0.751
0.749
0.685
0.701
0.709
0.774
0.789
0.797
0.698
0.653
0.656
0.747
0.805
0.804
0.843
0.835
0.822
0.832
0.764
0.731
0.804
0.784
0.8
0.799
0.833
0.738
0.719
0.77
0.777
0.842
0.856
0.829
0.826
0.823
0.826
0.83
0.865
0.835
0.748
0.811
0.849
0.847
0.81
0.84
0.834
0.751
0.719
0.826
0.799
0.753
0.753
0.787
0.854
0.856
0.745
0.714
0.78
0.776
0.778
0.775
0.82
0.926
0.954
0.907
0.87
0.84
0.865
0.89
0.759
0.725
0.745
0.716
0.718
0.708
0.836
0.849
0.823
0.782
0.778
0.769
0.768
0.704
0.763
0.789
0.797
0.692
0.844
0.85
0.812
0.706
0.587
0.607
0.772
0.692
0.787
0.736
0.686
0.777
0.793
0.823
0.651
0.677
0.691
0.642
0.719
0.774
0.679
0.568
0.617
0.586
0.599
0.956
0.874
0.932
0.844
0.703
0.849
0.823
0.8
0.74
0.638
0.897
0.829
0.644
0.741
0.825
0.758
0.647
0.741
0.702
0.69
0.676
0.846
0.921
0.827
0.83
0.958
0.835
0.819
0.784
0.858
0.981
0.871
0.809
0.896
0.768
0.683
0.722
0.773
0.626
0.698
0.785
0.789
0.716
0.86
0.906
0.959
0.764
0.692
0.627
0.771
0.789
0.846
0.587
0.396
0.497
0.636
0.778
0.883
0.849
0.838
0.825
0.932
0.862
0.783
0.76
0.871
0.983
0.914
0.9
0.913
0.963
0.858
0.792
0.824
0.829
0.922
0.877
0.834
0.807
0.87
0.984
0.954
0.885
0.865
0.839
0.694
0.801
0.905
0.982
0.936
0.955
0.852
0.699
0.671
0.832
0.78
0.894
0.968
0.913
0.951
0.848
0.859
0.924
0.908
0.854
0.892
0.854
0.914
0.915
0.737
0.669
0.719
0.808
0.87
0.883
0.886
0.885
0.891
0.899
0.931
0.882
0.909
0.897
0.952
0.9
0.967
0.888
0.951
0.951
0.866
0.895
0.964
0.962
0.917
0.87
0.91
0.827
0.796
0.796
0.802
0.586
0.82
0.848
0.797
0.821
0.715
0.632
0.774
0.853
0.839
0.732
0.774
0.699
0.826
0.867
0.867
0.869
0.966
0.923
0.817
0.757
0.774
0.814
0.579
0.582
0.713
0.859
0.733
0.725
0.944
0.783
0.73
0.754
0.843
0.835
0.696
0.828
0.955
0.793
0.676
0.794
0.727
0.753
0.748
0.83
0.69
0.49
0.554
0.701
0.804
0.878
0.877
0.914
0.82
0.723
0.735
0.797
0.822
0.73
0.733
0.753
0.606
0.595
0.688
0.665
0.697
0.625
0.793
0.721
0.573
0.687
0.789
0.834
0.68
0.592
0.744
0.766
0.701
0.623
0.596
0.691
0.669
0.707
0.693
0.643
0.63
0.556
0.595
0.677
0.718
0.758
0.845
0.704
0.665
0.737
0.751
0.554
0.523
0.589
0.611
0.591
0.61
0.519
0.628
0.612
0.704
0.671
0.618
0.671
0.595
0.664
0.734
0.706
0.701
0.796
0.743
0.607
0.59
0.629
0.582
0.697
0.78
0.683
0.607
0.658
0.714
0.737
0.788
0.683
0.727
0.615
0.722
0.619
0.684
0.786
0.816
0.773
0.641
0.594
0.588
0.694
0.694
0.766
0.791
0.759
0.803
0.766
0.626
0.645
0.683
0.686
0.68
0.839
0.817
0.805
0.784
0.754
0.827
0.704
0.669
0.685
0.527
0.594
0.717
0.662
0.602
0.782
0.973
0.931
0.876
0.778
0.769
0.83
0.835
0.768
0.721
0.712
0.838
0.813
0.748
0.717
0.684
0.743
0.655
0.664
0.707
0.838
0.894
0.85
0.859
0.791
0.693
0.745
0.769
0.636
0.677
0.689
0.722
0.766
0.713
0.7
0.624
0.676
0.676
0.793
0.82
0.709
0.631
0.617
0.65
0.775
0.739
0.643
0.686
0.71
0.7
0.639
0.637
0.759
0.887
0.769
0.64
0.63
0.609
0.745
0.764
0.773
0.746
0.587
0.477
0.547
0.972
0.789
0.764
0.815
0.922
0.701
0.564
0.598
0.656
0.673
0.581
0.559
0.603
0.654
0.643
0.767
0.597
0.648
0.72
0.827
0.862
0.823
0.816
0.667
0.682
0.672
0.842
0.789
0.876
0.882
0.934
0.777
0.815
0.865
0.939
0.867
0.854
0.772
0.817
0.904
0.928
0.909
0.811
0.916
0.909
0.967
0.957
0.957
0.973
0.97
0.942
0.953
0.945
0.917
0.965
0.938
0.995
0.961
0.976
0.95
0.905
0.945
0.754
0.884
0.811
0.884
0.941
0.9
0.889
0.884
0.911
0.903
0.894
0.892
0.905
0.927
0.947
0.912
0.923
0.762
0.928
0.811
0.843
0.839
0.899
0.919
0.926
0.887
0.851
0.721
0.853
0.916
0.886
0.866
0.842
0.904
0.936
0.919
0.851
0.839
0.602
0.896
0.933
0.96
0.921
0.995
1.004
0.917
0.893
0.843
0.801
0.668
0.905
0.922
0.941
0.92
0.902
0.957
0.916
0.504
0.507
0.727
0.929
0.915
0.904
0.926
0.98
0.853
0.763
0.928
0.897
0.855
0.913
0.988
0.948
0.93
0.916
0.915
0.863
0.933
0.928
0.88
0.836
0.877
0.819
0.831
0.772
0.846
0.988
0.78
0.829
0.889
0.849
0.766
0.661
0.755
0.755
0.878
0.682
0.732
0.928
0.894
0.706
0.665
0.937
0.792
0.713
0.754
0.76
0.786
0.865
0.864
0.874
0.883
0.776
0.586
0.599
0.678
0.677
0.705
0.88
0.791
0.735
0.697
0.615
0.696
0.737
0.639
0.758
0.759
0.664
0.732
0.799
0.826
0.743
0.617
0.582
0.732
0.966
0.874
0.78
0.839
0.908
0.774
0.871
0.835
0.799
0.72
0.767
0.721
0.705
0.756
0.779
0.711
0.727
0.613
0.768
0.858
0.743
0.576
0.625
0.773
0.736
0.619
0.729
0.849
0.821
0.776
0.782
0.77
0.75
0.805
0.681
0.709
0.764
0.764
0.639
0.743
0.773
0.745
0.749
0.654
0.681
0.719
0.709
0.749
0.734
0.817
0.792
0.832
0.775
0.819
0.721
0.732
0.863
0.827
0.798
0.788
0.792
0.816
0.807
0.762
0.793
0.798
0.818
0.769
0.682
0.769
0.797
0.741
0.754
0.83
0.82
0.798
0.818
0.736
0.753
0.848
0.744
0.74
0.764
0.814
0.827
0.839
0.837
0.778
0.79
0.845
0.84
0.804
0.813
0.753
0.81
0.833
0.744
0.767
0.784
0.746
0.723
0.779
0.775
0.8
0.783
0.752
0.758
0.709
0.768
0.819
0.771
0.843
0.905
0.834
0.755
0.584
0.58
0.679
0.609
0.592
0.788
0.745
0.7
0.664
0.74
0.598
0.63
0.821
0.869
0.834
0.85
0.775
0.694
0.758
0.703
0.643
0.642
0.727
0.678
0.641
0.583
0.689
0.808
0.786
0.731
0.772
0.787
0.737
0.679
0.603
0.571
0.673
0.625
0.799
0.655
0.476
0.535
0.513
0.48
0.676
0.76
0.797
0.691
0.628
0.569
0.486
0.702
0.666
0.631
0.748
0.845
0.699
0.688
0.743
0.679
0.588
0.572
0.718
0.756
0.734
0.607
0.532
0.577
0.789
0.708
0.804
0.796
0.741
0.739
0.843
0.905
0.999
0.793
0.83
0.784
0.764
0.866
0.817
0.646
0.733
0.879
0.917
0.883
0.83
0.834
0.813
0.923
0.945
0.842
0.744
0.839
0.557
0.624
0.812
0.87
0.858
0.937
0.82
0.823
0.787
0.8
0.894
0.635
0.864
0.883
0.983
0.952
0.835
0.814
0.856
0.957
0.882
0.857
1.028
0.947
0.759
0.776
0.851
0.787
0.782
0.913
0.903
0.751
0.644
0.961
0.897
0.926
0.958
0.945
0.947
0.948
0.905
0.909
0.868
0.968
0.91
0.95
0.933
0.954
0.993
1.007
0.855
0.844
0.884
0.913
0.937
0.968
0.702
0.835
0.902
0.717
0.814
0.871
0.773
0.936
0.906
0.902
0.84
0.929
0.981
0.841
0.788
0.884
0.847
0.753
0.529
0.847
0.881
0.763
0.834
0.859
0.821
0.791
0.776
0.888
0.96
0.708
0.766
0.628
0.496
0.352
0.614
0.851
0.856
0.945
0.833
0.86
0.887
0.46
0.682
0.647
0.564
0.641
0.659
0.745
0.754
0.637
0.563
0.542
0.633
0.508
0.783
0.833
0.66
0.757
0.874
0.764
0.679
0.636
0.538
0.861
0.737
0.718
0.87
0.816
0.654
0.558
0.725
0.749
0.626
0.674
0.949
0.911
0.663
0.508
0.502
0.654
0.942
0.789
0.754
0.671
0.686
0.669
0.614
0.609
0.767
0.866
0.833
0.802
0.727
0.566
0.556
0.666
0.735
0.843
0.757
0.802
0.766
0.648
0.533
0.72
0.757
0.601
0.8
0.647
0.52
0.499
0.5
0.578
0.585
0.705
0.664
0.732
0.788
0.871
0.909
0.811
0.64
0.631
0.715
0.862
0.86
0.7
0.658
0.55
0.622
0.743
0.799
0.831
0.903
0.855
0.659
0.653
0.647
0.617
0.828
0.815
0.778
0.77
0.773
0.717
0.685
0.634
0.632
0.777
0.695
0.662
0.703
0.848
0.86
0.902
0.867
0.831
0.808
0.69
0.68
0.705
0.703
0.654
0.814
0.749
0.686
0.675
0.676
0.789
0.751
0.817
0.785
0.727
0.748
0.849
0.879
0.802
0.845
0.812
0.764
0.768
0.876
0.779
0.846
0.74
0.802
0.696
0.795
0.789
0.678
0.584
0.754
0.776
0.811
0.786
0.742
0.662
0.617
0.554
0.588
0.645
0.811
0.788
0.84
0.704
0.747
0.754
0.66
0.554
0.634
0.712
0.844
0.82
0.755
0.698
0.65
0.621
0.604
0.586
0.539
0.531
0.759
0.921
0.868
0.764
0.712
0.727
0.643
0.671
0.687
0.716
0.72
0.587
0.623
0.708
0.916
0.846
0.841
0.747
0.68
0.856
0.813
0.683
0.705
0.705
0.559
0.832
0.694
0.746
0.674
0.757
0.742
0.771
0.958
0.8
0.676
0.705
0.75
0.806
0.895
0.9
0.766
0.658
0.617
0.68
0.639
0.706
0.935
0.918
0.745
0.639
0.719
0.847
0.771
0.831
0.868
0.634
0.688
0.742
0.642
0.661
0.66
0.646
0.761
0.703
0.79
0.739
0.743
0.708
0.745
0.802
0.771
0.722
0.797
0.871
0.789
0.81
0.806
0.837
0.864
0.82
0.775
0.812
0.745
0.8
0.824
0.671
0.825
0.902
0.67
0.561
0.544
0.788
0.816
0.901
0.59
0.572
0.51
0.84
0.964
0.926
0.673
0.731
0.714
0.928
0.907
0.925
0.925
0.903
0.913
0.914
0.852
0.79
0.909
0.782
0.902
0.966
0.909
0.814
0.78
0.891
0.941
0.956
0.919
0.931
0.883
0.929
0.933
0.944
0.957
0.958
0.947
0.963
0.973
0.975
0.966
0.944
0.923
0.96
0.921
0.948
0.93
0.761
0.793
0.818
0.641
0.788
0.854
0.897
0.913
0.939
0.888
0.868
0.919
0.934
0.885
0.95
0.937
0.933
0.972
0.957
0.952
0.979
0.949
0.965
0.965
0.986
0.97
0.892
0.956
0.975
0.95
0.918
0.908
0.953
0.971
0.958
0.94
0.943
0.916
0.899
0.843
0.76
0.754
0.766
0.854
0.781
0.845
0.956
0.957
0.923
0.729
0.521
0.508
0.671
0.692
0.808
0.893
0.847
0.63
0.719
0.679
0.727
0.84
0.871
0.721
0.625
0.679
0.628
0.634
0.608
0.591
0.635
0.633
0.833
0.731
0.606
0.607
0.5
0.66
0.614
0.529
0.649
0.605
0.683
0.675
0.548
0.491
0.523
0.589
0.722
0.789
0.929
0.733
0.602
0.512
0.671
0.755
0.824
0.737
0.603
0.586
0.663
0.656
0.828
0.672
0.512
0.799
0.902
0.858
0.754
0.663
0.672
0.867
0.946
0.851
0.622
0.681
0.794
0.726
0.714
0.715
0.672
0.664
0.738
0.697
0.597
0.663
0.752
0.679
0.744
0.744
0.801
0.82
0.722
0.594
0.863
0.707
0.678
0.765
0.804
0.822
0.865
0.763
0.771
0.763
0.76
0.741
0.688
0.73
0.765
0.76
0.714
0.648
0.793
0.828
0.779
0.671
0.623
0.549
0.575
0.708
0.742
0.705
0.692
0.653
0.806
0.717
0.644
0.786
0.816
0.801
0.768
0.763
0.735
0.814
0.801
0.778
0.8
0.726
0.792
0.789
0.842
0.715
0.643
0.812
0.842
0.662
0.729
0.78
0.765
0.779
0.826
0.82
0.779
0.707
0.65
0.66
0.68
0.774
0.786
0.753
0.736
0.754
0.702
0.562
0.585
0.511
0.563
0.688
0.777
0.798
0.797
0.743
0.65
0.542
0.449
0.526
0.501
0.436
0.467
0.448
0.487
0.537
0.454
0.364
0.407
0.482
0.573
0.592
0.654
0.734
0.455
0.488
0.49
0.636
0.8
0.555
0.661
0.703
0.518
0.553
0.577
0.48
0.6
0.654
0.87
0.965
0.798
0.67
0.714
0.723
0.873
0.803
0.738
0.658
0.584
0.521
0.415
0.54
0.497
0.619
0.631
0.694
0.576
0.616
0.53
0.572
0.6
0.482
0.519
0.528
0.414
0.462
0.69
0.787
0.607
0.519
0.649
0.48
0.581
0.651
0.669
0.588
0.578
0.706
0.669
0.503
0.459
0.492
0.629
0.634
0.487
0.503
0.705
0.558
0.641
0.796
0.793
0.672
0.791
0.814
0.747
0.793
0.715
0.83
0.755
0.837
0.879
0.83
0.965
0.837
0.714
0.829
0.805
0.824
0.846
0.815
0.893
0.908
0.896
0.902
0.922
0.858
0.845
0.908
0.927
0.934
0.925
0.953
0.96
0.939
0.937
0.936
0.904
0.931
0.929
0.91
0.948
0.955
0.973
0.936
0.96
0.623
0.655
0.686
0.598
0.809
0.814
0.893
0.923
0.835
0.926
0.909
0.894
0.883
0.938
0.846
0.896
0.984
0.952
0.876
0.833
0.874
0.796
0.933
0.966
0.971
0.946
0.941
0.957
0.949
0.907
0.948
0.95
0.914
0.92
0.934
0.998
0.982
0.901
0.865
0.898
0.923
0.891
0.908
0.868
0.885
0.845
0.887
0.81
0.665
0.61
0.929
0.895
0.914
0.916
0.935
0.938
0.907
0.903
0.793
0.808
0.706
0.796
0.896
0.825
0.828
0.747
0.909
0.959
0.824
0.811
0.818
0.806
0.883
0.866
0.784
0.772
0.775
0.675
0.784
0.873
0.912
0.804
0.612
0.55
0.563
0.591
0.55
0.643
0.818
0.671
0.759
0.739
0.916
0.769
0.65
0.782
0.908
0.862
0.829
0.794
0.799
0.644
0.543
0.733
0.79
0.706
0.79
0.946
0.914
0.771
0.818
0.837
0.857
0.929
0.793
0.788
0.774
0.762
0.637
0.772
0.85
0.925
0.797
0.629
0.688
0.669
0.79
0.674
0.696
0.774
0.773
0.762
0.777
0.904
0.935
0.953
0.882
0.784
0.855
0.708
0.686
0.764
0.759
0.812
0.788
0.909
0.821
0.83
0.735
0.719
0.685
0.662
0.653
0.695
0.737
0.652
0.703
0.687
0.746
0.788
0.769
0.811
0.757
0.706
0.743
0.765
0.755
0.76
0.742
0.811
0.811
0.784
0.809
0.869
0.808
0.706
0.759
0.784
0.775
0.659
0.638
0.748
0.789
0.719
0.692
0.638
0.698
0.706
0.65
0.709
0.797
0.802
0.79
0.737
0.707
0.773
0.845
0.823
0.851
0.794
0.776
0.769
0.78
0.806
0.801
0.758
0.769
0.79
0.807
0.745
0.675
0.721
0.836
0.842
0.852
0.83
0.792
0.839
0.856
0.834
0.809
0.729
0.623
0.758
0.829
0.84
0.766
0.667
0.717
0.702
0.678
0.773
0.729
0.612
0.752
0.785
0.802
0.789
0.807
0.701
0.607
0.686
0.685
0.591
0.547
0.725
0.828
0.867
0.943
0.918
0.844
0.809
0.756
0.733
0.682
0.795
0.762
0.63
0.746
0.739
0.802
0.843
0.882
0.774
0.911
0.846
0.846
0.859
0.787
0.804
0.848
0.91
0.907
0.775
0.792
0.755
0.676
0.72
0.711
0.711
0.63
0.587
0.592
0.821
0.86
0.769
0.644
0.661
0.622
0.683
0.959
0.98
0.847
0.709
0.667
0.724
0.638
0.758
0.915
0.765
0.654
0.665
0.753
0.726
0.595
0.658
0.815
0.657
0.621
0.805
0.769
0.823
0.739
0.687
0.627
0.701
0.876
0.873
0.838
0.618
0.498
0.62
0.83
0.864
0.925
0.873
0.826
0.786
0.782
0.895
0.952
0.965
0.866
0.877
0.899
0.85
0.845
0.989
0.937
0.877
0.831
0.882
0.798
0.729
0.736
0.829
0.973
0.951
0.769
0.882
0.891
0.869
0.939
0.948
0.929
0.879
0.821
0.825
0.851
0.925
0.878
0.89
0.945
0.921
0.943
0.663
0.552
0.628
0.909
0.864
0.872
0.852
0.765
0.835
0.873
0.975
0.788
0.731
0.617
0.843
0.969
0.657
0.753
0.762
0.917
0.982
0.916
0.836
0.855
0.937
0.948
0.867
0.814
0.871
0.802
0.883
0.854
0.801
0.904
0.909
0.859
0.9
0.854
0.804
0.818
0.796
0.818
0.896
0.927
0.921
0.933
0.871
0.821
0.76
0.842
0.869
0.865
0.812
0.925
0.752
0.707
0.732
0.733
0.897
0.828
0.905
0.856
0.796
0.816
0.625
0.721
0.876
0.687
0.662
0.656
0.839
0.825
0.718
0.827
0.832
0.79
0.786
0.788
0.758
0.681
0.675
0.696
0.794
0.871
0.847
0.636
0.727
0.765
0.865
0.898
0.871
0.8
0.736
0.759
0.752
0.724
0.567
0.533
0.549
0.716
0.743
0.667
0.573
0.77
0.803
0.75
0.672
0.632
0.633
0.692
0.853
0.809
0.658
0.601
0.584
0.864
0.659
0.645
0.652
0.71
0.807
0.839
0.747
0.762
0.859
0.766
0.781
0.83
0.687
0.722
0.527
0.494
0.643
0.729
0.581
0.591
0.596
0.596
0.572
0.545
0.596
0.781
0.728
0.709
0.702
0.716
0.702
0.664
0.677
0.595
0.723
0.877
0.68
0.631
0.692
0.742
0.666
0.536
0.512
0.5
0.529
0.742
0.74
0.677
0.613
0.621
0.666
0.758
0.736
0.672
0.646
0.654
0.725
0.628
0.527
0.642
0.622
0.503
0.588
0.689
0.673
0.652
0.628
0.617
0.642
0.64
0.603
0.585
0.73
0.697
0.573
0.62
0.591
0.625
0.693
0.687
0.551
0.482
0.554
0.668
0.787
0.69
0.507
0.524
0.591
0.539
0.481
0.601
0.705
0.575
0.419
0.428
0.588
0.393
0.366
0.552
0.748
0.645
0.482
0.539
0.647
0.809
0.874
0.727
0.608
0.744
0.675
0.588
0.7
0.619
0.518
0.558
0.522
0.426
0.383
0.372
0.41
0.419
0.688
0.726
0.664
0.534
0.461
0.618
0.803
0.777
0.86
0.795
0.693
0.679
0.817
0.74
0.639
0.602
0.637
0.656
0.783
0.613
0.53
0.586
0.856
0.61
0.551
0.572
0.81
0.741
0.639
0.68
0.872
0.882
0.844
0.701
0.703
0.737
0.935
0.838
0.693
0.869
0.801
0.777
0.675
0.703
0.719
0.628
0.676
0.7
0.811
0.819
0.73
0.644
0.652
0.67
0.833
0.713
0.718
0.742
0.721
0.676
0.831
0.864
0.836
0.795
0.869
0.918
0.793
0.743
0.751
0.748
0.702
0.719
0.745
0.791
0.714
0.713
0.59
0.772
0.673
0.643
0.781
0.743
0.731
0.694
0.639
0.649
0.662
0.709
0.761
0.687
0.616
0.756
0.686
0.638
0.67
0.711
0.782
0.869
0.918
0.913
0.819
0.772
0.923
0.969
0.952
0.926
0.745
0.717
0.69
0.71
0.728
0.863
0.907
0.862
0.803
0.853
0.867
0.771
0.823
0.933
0.962
0.948
0.953
0.964
0.976
0.938
0.901
0.935
0.92
0.946
0.914
0.968
0.949
0.939
0.922
0.89
0.854
0.864
0.955
0.956
0.837
0.676
0.649
0.719
0.582
0.649
0.713
0.448
0.363
0.735
0.648
0.634
0.746
0.847
0.953
0.926
0.833
0.846
0.496
0.678
0.846
0.881
0.961
0.935
0.908
0.946
0.912
0.815
0.857
0.77
0.742
0.801
0.788
0.483
0.609
0.537
0.803
0.467
0.579
0.922
0.948
0.777
0.76
0.902
0.95
0.936
0.87
0.798
0.708
0.779
0.658
0.917
0.911
0.848
0.78
0.772
0.873
0.863
0.731
0.684
0.668
0.946
0.719
0.876
0.827
0.657
0.549
0.728
0.71
0.766
0.886
0.865
0.812
0.71
0.664
0.552
0.718
0.723
0.575
0.603
0.428
0.592
0.587
0.648
0.726
0.754
0.812
0.977
0.931
0.846
0.779
0.803
0.871
0.846
0.817
0.84
0.685
0.654
0.605
0.597
0.902
0.748
0.57
0.524
0.815
0.857
0.78
0.724
0.687
0.658
0.602
0.623
0.625
0.753
0.751
0.604
0.709
0.812
0.704
0.648
0.617
0.692
0.609
0.594
0.723
0.758
0.752
0.725
0.729
0.769
0.779
0.692
0.599
0.73
0.797
0.73
0.689
0.715
0.767
0.752
0.783
0.681
0.686
0.842
0.849
0.743
0.648
0.844
0.775
0.721
0.798
0.758
0.678
0.751
0.752
0.702
0.743
0.64
0.595
0.69
0.706
0.691
0.735
0.769
0.794
0.797
0.797
0.825
0.885
0.891
0.82
0.78
0.852
0.851
0.835
0.795
0.828
0.826
0.85
0.832
0.832
0.814
0.797
0.771
0.753
0.765
0.791
0.836
0.825
0.815
0.818
0.856
0.819
0.702
0.853
0.825
0.797
0.714
0.789
0.811
0.776
0.817
0.769
0.674
0.761
0.872
0.828
0.814
0.684
0.781
0.727
0.755
0.748
0.638
0.587
0.659
0.704
0.705
0.6
0.683
0.756
0.728
0.623
0.592
0.557
0.609
0.664
0.694
0.59
0.56
0.589
0.601
0.634
0.461
0.468
0.457
0.405
0.573
0.644
0.508
0.5
0.571
0.637
0.526
0.442
0.669
0.574
0.607
0.673
0.66
0.785
0.741
0.777
0.727
0.696
0.696
0.686
0.668
0.751
0.824
0.715
0.653
0.663
0.793
0.805
0.808
0.819
0.619
0.608
0.548
0.654
0.738
0.747
0.722
0.731
0.724
0.777
0.674
0.795
0.624
0.596
0.651
0.665
0.637
0.671
0.59
0.673
0.62
0.705
0.753
0.905
0.813
0.815
0.747
0.574
0.671
0.722
0.82
0.598
0.577
0.681
0.646
0.676
0.705
0.497
0.527
0.831
0.899
0.734
0.603
0.621
0.679
0.925
0.77
0.448
0.526
0.696
0.74
0.71
0.789
0.794
0.813
0.855
0.869
0.911
0.894
0.822
0.839
0.899
0.948
0.864
0.906
0.854
0.93
0.975
0.979
0.939
0.972
0.948
0.941
0.965
0.998
0.892
0.86
0.556
0.801
0.897
0.813
0.776
0.838
0.759
0.741
0.894
0.949
0.854
0.899
0.903
1.076
0.741
0.923
0.961
0.967
0.936
0.936
0.892
0.916
0.749
0.648
0.952
0.881
0.947
0.963
0.906
0.838
0.86
0.846
0.848
0.767
0.917
0.754
0.675
0.834
0.711
0.911
0.968
0.904
0.92
0.943
0.924
0.891
0.893
0.948
0.865
0.829
0.737
0.919
0.927
0.891
0.927
0.913
0.923
0.874
0.876
0.859
0.739
0.773
0.709
0.744
0.623
0.542
0.561
0.435
0.897
0.857
0.884
0.862
0.793
0.687
0.799
0.819
0.759
0.83
0.969
0.874
0.787
0.838
0.671
0.569
0.704
0.924
0.852
0.766
0.754
0.69
0.411
0.56
0.466
0.519
0.816
0.908
0.794
0.568
0.635
0.682
0.854
0.928
0.765
0.573
0.737
0.826
0.721
0.614
0.726
0.579
0.695
0.707
0.903
0.549
0.565
0.619
0.673
0.535
0.481
0.653
0.684
0.479
0.728
0.638
0.67
0.725
0.791
0.86
0.774
0.804
0.725
0.614
0.629
0.666
0.648
0.653
0.671
0.729
0.584
0.683
0.71
0.753
0.803
0.771
0.683
0.536
0.468
0.61
0.723
0.673
0.676
0.644
0.512
0.549
0.663
0.75
0.774
0.683
0.599
0.584
0.715
0.718
0.758
0.767
0.596
0.526
0.709
0.775
0.748
0.804
0.784
0.704
0.659
0.624
0.702
0.648
0.695
0.776
0.766
0.788
0.705
0.709
0.748
0.775
0.723
0.697
0.686
0.779
0.775
0.744
0.691
0.778
0.687
0.547
0.632
0.739
0.761
0.689
0.71
0.693
0.58
0.757
0.688
0.689
0.683
0.609
0.49
0.801
0.774
0.694
0.612
0.609
0.642
0.503
0.446
0.707
0.755
0.674
0.697
0.513
0.412
0.582
0.551
0.508
0.527
0.632
0.505
0.402
0.446
0.514
0.78
0.826
0.73
0.632
0.536
0.521
0.749
0.698
0.6
0.594
0.603
0.704
0.666
0.624
0.574
0.52
0.537
0.603
0.474
0.458
0.737
0.692
0.656
0.491
0.429
0.512
0.673
0.496
0.461
0.491
0.577
0.761
0.692
0.705
0.547
0.533
0.723
0.483
0.53
0.546
0.513
0.6
0.621
0.503
0.479
0.415
0.492
0.536
0.494
0.448
0.606
0.576
0.483
0.645
0.77
0.562
0.6
0.791
0.678
0.608
0.679
0.639
0.601
0.758
0.816
0.92
0.858
0.723
0.774
0.658
0.731
0.877
0.776
0.747
0.614
0.604
0.571
0.521
0.636
0.607
0.672
0.708
0.791
0.643
0.429
0.6
0.709
0.816
0.823
0.708
0.696
0.563
0.657
0.79
0.671
0.597
0.532
0.668
0.933
0.766
0.852
0.81
0.814
0.956
0.866
0.928
0.701
0.689
0.794
0.735
0.622
0.904
0.878
0.639
0.827
0.688
0.854
0.923
0.842
0.578
0.895
0.857
0.717
0.822
0.873
0.928
0.857
0.935
0.836
0.754
0.839
0.812
0.749
0.742
0.936
0.984
0.856
0.846
0.89
0.907
0.705
0.598
0.474
0.423
0.564
0.873
0.968
0.693
0.801
0.808
0.843
0.822
0.805
0.892
0.961
0.93
0.905
0.961
0.946
0.971
0.948
0.925
0.949
0.969
0.933
0.921
0.895
0.956
0.923
0.929
0.932
0.924
0.881
0.87
0.929
0.962
0.94
0.947
0.832
0.916
0.926
0.901
0.968
0.928
0.984
0.895
0.836
0.866
0.728
0.883
0.915
0.871
0.811
0.762
0.948
0.942
0.83
0.887
0.872
0.89
0.798
0.734
0.957
0.907
0.944
0.954
0.784
0.852
0.975
0.986
0.913
0.898
0.886
0.74
0.801
0.921
0.797
0.764
0.797
0.573
0.544
0.67
0.695
0.64
0.526
0.678
0.822
0.892
0.725
0.586
0.498
0.702
0.712
0.676
0.746
0.923
0.734
0.599
0.706
0.945
0.918
0.871
0.812
0.724
0.599
0.679
0.617
0.49
0.711
0.749
0.528
0.678
0.88
0.591
0.717
0.663
0.624
0.671
0.701
0.787
0.735
0.625
0.787
0.737
0.583
0.528
0.629
0.747
0.788
0.65
0.616
0.619
0.635
0.656
0.746
0.713
0.646
0.7
0.795
0.777
0.731
0.74
0.76
0.65
0.596
0.512
0.554
0.685
0.722
0.707
0.723
0.743
0.737
0.925
0.847
0.809
0.758
0.707
0.677
0.786
0.745
0.741
0.724
0.643
0.692
0.684
0.776
0.749
0.774
0.828
0.858
0.833
0.807
0.799
0.797
0.721
0.771
0.72
0.739
0.766
0.883
0.875
0.806
0.792
0.818
0.829
0.788
0.739
0.664
0.727
0.805
0.912
0.931
0.859
0.766
0.82
0.835
0.846
0.863
0.757
0.848
0.83
0.824
0.807
0.825
0.772
0.667
0.695
0.745
0.804
0.705
0.751
0.781
0.798
0.756
0.773
0.792
0.83
0.799
0.805
0.788
0.806
0.819
0.8
0.831
0.858
0.842
0.805
0.821
0.818
0.771
0.811
0.794
0.822
0.828
0.718
0.64
0.739
0.822
0.827
0.872
0.818
0.733
0.714
0.792
0.788
0.788
0.802
0.774
0.776
0.764
0.723
0.696
0.692
0.765
0.696
0.718
0.811
0.771
0.69
0.65
0.624
0.619
0.731
0.819
0.738
0.683
0.701
0.676
0.686
0.615
0.613
0.677
0.798
0.811
0.8
0.726
0.741
0.813
0.807
0.739
0.743
0.711
0.637
0.733
0.702
0.554
0.593
0.725
0.688
0.549
0.614
0.588
0.629
0.46
0.428
0.477
0.607
0.664
0.691
0.732
0.599
0.637
0.95
0.743
0.788
0.731
0.752
0.611
0.592
0.709
0.78
0.754
0.672
0.604
0.563
0.822
0.764
0.839
0.619
0.632
0.612
0.631
0.619
0.622
0.818
0.484
0.52
0.761
0.578
0.804
0.694
0.649
0.852
0.96
0.825
0.84
0.914
0.845
0.773
0.77
0.741
0.714
0.778
0.837
0.909
0.846
0.777
0.881
0.852
0.778
0.851
0.819
0.822
0.689
0.515
0.568
0.802
0.913
0.968
0.801
0.699
0.838
1.002
0.914
0.886
0.898
0.877
0.746
0.703
0.818
0.617
0.55
0.501
0.501
0.758
0.953
0.983
0.832
0.872
0.856
0.97
0.944
0.927
0.729
0.557
0.534
0.786
0.894
0.899
0.788
0.871
0.791
0.89
0.749
0.75
0.834
0.741
0.924
0.893
0.753
0.884
0.807
0.644
0.642
0.672
0.835
0.912
0.734
0.641
0.72
0.638
0.722
0.918
0.922
0.856
0.817
0.787
0.67
0.818
0.784
0.713
0.957
0.944
0.835
0.822
0.797
0.758
0.843
0.712
0.59
0.885
0.902
0.857
0.781
0.769
0.773
0.962
0.866
0.708
0.821
0.873
0.836
0.739
0.573
0.637
0.77
0.659
0.691
0.657
0.736
0.807
0.835
0.747
0.736
0.875
0.73
0.597
0.857
0.805
0.736
0.598
0.811
0.581
0.628
0.874
0.763
0.8
0.754
0.941
0.726
0.623
0.669
0.625
0.551
0.514
0.482
0.571
0.572
0.674
0.768
0.769
0.628
0.621
0.759
0.803
0.835
0.89
0.883
0.879
0.911
0.82
0.687
0.808
0.71
0.666
0.68
0.703
0.913
0.842
0.779
0.769
0.839
0.733
0.623
0.726
0.727
0.589
0.577
0.813
0.673
0.615
0.543
0.599
0.745
0.721
0.675
0.704
0.672
0.592
0.623
0.654
0.626
0.666
0.789
0.68
0.708
0.666
0.584
0.632
0.689
0.673
0.627
0.598
0.728
0.776
0.731
0.58
0.561
0.718
0.696
0.647
0.828
0.714
0.591
0.686
0.687
0.753
0.715
0.569
0.684
0.697
0.608
0.843
0.804
0.761
0.764
0.739
0.759
0.734
0.656
0.732
0.76
0.751
0.731
0.782
0.693
0.724
0.687
0.602
0.653
0.751
0.718
0.691
0.69
0.632
0.562
0.565
0.594
0.676
0.647
0.607
0.561
0.506
0.536
0.546
0.541
0.452
0.449
0.54
0.639
0.697
0.723
0.759
0.873
0.874
0.882
0.852
0.786
0.771
0.776
0.805
0.734
0.615
0.68
0.793
0.711
0.658
0.736
0.682
0.546
0.618
0.725
0.677
0.586
0.508
0.489
0.609
0.583
0.624
0.699
0.748
0.745
0.558
0.568
0.804
0.725
0.667
0.798
0.786
0.714
0.57
0.542
0.578
0.63
0.716
0.615
0.683
0.526
0.8
0.874
0.922
0.83
0.764
0.724
0.663
0.636
0.68
0.633
0.673
0.691
0.654
0.598
0.592
0.733
0.587
0.664
0.736
0.712
0.713
0.698
0.881
0.882
0.743
0.694
0.756
0.69
0.718
0.826
0.791
0.754
0.889
0.782
0.731
0.65
0.736
0.727
0.658
0.683
0.607
0.739
0.817
0.675
0.718
0.717
0.64
0.666
0.684
0.769
0.709
0.662
0.796
0.676
0.735
0.711
0.59
0.835
0.845
0.789
0.74
0.713
0.884
0.854
0.729
0.748
0.781
0.754
0.802
0.866
0.799
0.6
0.741
0.627
0.886
0.92
0.843
0.873
0.841
0.881
0.975
0.958
0.911
0.907
0.862
0.845
0.836
0.889
0.932
1.02
0.9
0.765
0.875
0.758
0.657
0.841
0.923
0.986
0.872
0.681
0.683
0.627
0.703
0.836
0.902
0.913
0.991
0.711
0.628
0.686
0.74
0.993
0.934
0.858
0.938
0.878
0.876
0.998
0.942
0.891
0.866
0.809
0.747
0.775
0.677
0.872
0.823
0.632
0.503
0.473
0.488
0.807
0.941
0.906
0.774
0.684
0.8
0.89
0.669
0.619
0.77
0.66
0.64
0.722
0.773
0.683
0.726
0.842
0.856
0.782
0.816
0.502
0.601
0.836
0.857
0.717
0.567
0.445
0.529
0.793
0.897
0.547
0.564
0.587
0.373
0.435
0.5
0.838
0.587
0.563
0.567
0.925
0.833
0.816
0.778
0.561
0.445
0.765
0.804
0.899
0.841
0.867
0.776
0.799
0.886
0.807
0.614
0.751
0.891
0.788
0.947
0.764
0.63
0.55
0.656
0.708
0.73
0.671
0.612
0.605
0.68
0.625
0.514
0.684
0.72
0.759
0.749
0.603
0.563
0.745
0.722
0.694
0.724
0.924
0.837
0.802
0.807
0.743
0.849
1.005
0.808
0.722
0.654
0.592
0.677
0.855
0.808
0.704
0.715
0.648
0.656
0.718
0.676
0.791
0.876
0.813
0.752
0.645
0.789
0.822
0.78
0.841
0.803
0.712
0.644
0.632
0.659
0.586
0.561
0.556
0.736
0.767
0.784
0.655
0.593
0.631
0.693
0.735
0.717
0.669
0.711
0.649
0.622
0.732
0.734
0.704
0.673
0.679
0.9
0.771
0.686
0.678
0.702
0.639
0.785
0.821
0.831
0.72
0.733
0.707
0.74
0.773
0.801
0.799
0.684
0.8
0.873
0.823
0.846
0.824
0.87
0.801
0.777
0.788
0.791
0.779
0.808
0.794
0.834
0.842
0.824
0.767
0.771
0.835
0.811
0.768
0.714
0.708
0.726
0.811
0.828
0.822
0.803
0.818
0.779
0.716
0.742
0.815
0.857
0.799
0.746
0.779
0.806
0.847
0.846
0.824
0.747
0.768
0.813
0.8
0.755
0.676
0.65
0.746
0.854
0.809
0.786
0.83
0.754
0.873
0.78
0.702
0.814
0.79
0.815
0.764
0.729
0.688
0.711
0.684
0.884
0.923
0.804
0.75
0.689
0.705
0.77
0.736
0.678
0.655
0.602
0.59
0.555
0.539
0.598
0.701
0.603
0.672
0.525
0.458
0.541
0.637
0.819
0.901
0.705
0.738
0.875
0.774
0.815
0.853
0.727
0.648
0.819
0.705
0.533
0.583
0.628
0.534
0.605
0.59
0.741
0.835
0.758
0.657
0.688
0.842
0.821
0.771
0.681
0.681
0.886
0.873
0.8
0.878
0.908
0.78
0.78
0.68
0.575
0.502
0.625
0.844
0.766
0.865
0.885
0.787
0.964
0.898
0.648
0.687
0.739
0.671
0.708
0.753
0.752
0.758
0.683
0.69
0.816
0.804
0.768
0.796
0.738
0.784
0.543
0.618
0.522
0.56
0.728
0.721
0.796
0.575
0.892
0.904
0.888
0.884
0.947
0.867
0.802
0.707
0.879
0.936
0.863
0.868
0.781
0.813
0.736
0.856
0.88
0.845
0.86
0.876
0.881
0.837
0.741
0.789
0.838
0.934
0.992
0.974
0.993
1.046
0.777
0.729
0.92
0.892
0.872
0.898
0.922
0.918
0.952
0.987
0.946
0.89
0.781
0.769
0.87
0.852
0.909
0.545
0.666
0.764
0.407
0.458
0.748
0.889
0.889
0.911
0.862
0.926
0.953
0.963
0.79
0.896
0.927
0.978
0.969
0.715
0.815
0.988
0.913
0.972
0.9
1.005
0.982
0.815
0.666
0.58
0.815
0.972
0.811
0.763
0.699
0.668
0.722
0.786
0.569
0.61
0.624
0.705
0.689
0.736
0.651
0.69
0.612
0.609
0.614
0.557
0.677
0.785
0.637
0.683
0.677
0.572
0.617
0.862
0.922
0.97
0.87
0.745
0.795
0.693
0.947
0.931
0.614
0.694
0.546
0.581
0.609
0.726
0.695
0.779
0.761
0.877
0.99
0.895
0.775
0.818
0.798
0.691
0.553
0.566
0.701
0.892
0.895
0.753
0.609
0.808
0.649
0.557
0.646
0.726
0.801
0.772
0.658
0.693
0.738
0.61
0.644
0.748
0.812
0.87
0.881
0.824
0.786
0.788
0.751
0.793
0.805
0.809
0.784
0.834
0.809
0.671
0.554
0.651
0.717
0.599
0.631
0.765
0.838
0.774
0.873
0.825
0.716
0.679
0.731
0.692
0.674
0.75
0.81
0.883
0.798
0.775
0.667
0.553
0.677
0.696
0.708
0.807
0.813
0.827
0.827
0.869
0.791
0.8
0.773
0.809
0.807
0.705
0.76
0.755
0.764
0.695
0.706
0.704
0.795
0.692
0.712
0.751
0.748
0.761
0.678
0.681
0.697
0.698
0.759
0.78
0.754
0.67
0.795
0.834
0.838
0.886
0.802
0.781
0.748
0.782
0.796
0.717
0.713
0.803
0.831
0.771
0.78
0.763
0.751
0.776
0.805
0.808
0.813
0.805
0.723
0.733
0.717
0.761
0.811
0.842
0.864
0.826
0.786
0.784
0.853
0.828
0.754
0.7
0.815
0.864
0.807
0.793
0.801
0.855
0.796
0.752
0.768
0.733
0.703
0.672
0.783
0.812
0.899
0.952
0.934
0.862
0.787
0.842
0.806
0.816
0.77
0.794
0.771
0.75
0.744
0.729
0.772
0.676
0.886
0.85
0.799
0.612
0.696
0.707
0.666
0.719
0.764
0.76
0.806
0.912
0.847
0.809
0.766
0.713
0.769
0.854
0.772
0.768
0.663
0.841
0.631
0.66
0.631
0.611
0.687
0.656
0.626
0.708
0.666
0.612
0.695
0.949
0.933
0.828
0.661
0.838
0.972
0.917
0.787
0.689
0.801
0.815
0.71
0.716
0.836
0.679
0.641
0.669
0.798
0.626
0.84
0.935
0.93
0.891
0.945
0.885
0.766
0.661
0.74
0.897
0.888
0.934
0.776
0.76
0.811
0.913
0.944
0.861
0.841
0.754
0.741
0.743
0.74
0.687
0.775
0.925
0.891
0.883
0.898
0.885
0.916
0.907
0.883
0.865
0.804
0.946
0.994
0.881
0.843
0.757
0.773
0.76
0.816
0.916
0.838
0.762
0.947
0.957
0.898
0.8
0.787
0.83
0.885
0.83
0.908
0.763
0.512
0.777
0.742
0.942
0.944
0.962
0.951
0.939
0.953
0.934
0.913
0.798
0.924
0.953
0.946
0.765
0.817
0.861
0.941
0.876
0.742
0.787
0.878
1.021
0.905
0.922
0.926
1.007
1.03
0.876
0.464
0.541
0.909
0.958
0.733
0.691
0.856
0.673
0.77
0.847
0.63
0.901
0.866
0.729
0.838
0.929
0.559
0.439
0.624
0.635
0.608
0.759
0.731
0.714
0.584
0.587
0.641
0.515
0.669
0.881
0.74
0.65
0.639
0.892
0.879
0.798
0.673
0.721
0.603
0.601
0.841
0.837
0.675
0.629
0.82
0.588
0.51
0.712
0.91
0.97
0.777
0.584
0.592
0.653
0.627
0.799
0.824
0.763
0.762
0.652
0.709
0.744
0.78
0.673
0.862
0.824
0.735
0.779
0.783
0.963
0.952
0.806
0.657
0.751
0.772
0.791
0.889
0.757
0.83
0.815
0.926
0.863
0.805
0.861
0.933
0.79
0.648
0.776
0.828
0.822
0.851
0.813
0.937
0.938
0.741
0.642
0.692
0.804
0.813
0.752
0.822
0.824
0.817
0.777
0.797
0.778
0.786
0.801
0.809
0.82
0.792
0.714
0.693
0.81
0.69
0.661
0.798
0.848
0.797
0.785
0.8
0.882
0.705
0.609
0.842
0.746
0.824
0.898
0.876
0.891
0.815
0.841
0.822
0.722
0.725
0.781
0.769
0.749
0.691
0.721
0.763
0.801
0.735
0.774
0.792
0.779
0.752
0.78
0.85
0.795
0.8
0.794
0.804
0.849
0.772
0.782
0.741
0.822
0.904
0.861
0.844
0.82
0.833
0.893
0.786
0.789
0.709
0.71
0.778
0.785
0.814
0.827
0.825
0.858
0.828
0.777
0.765
0.762
0.802
0.817
0.785
0.792
0.773
0.715
0.794
0.857
0.828
0.825
0.809
0.831
0.829
0.838
0.797
0.834
0.852
0.811
0.808
0.764
0.889
0.913
0.797
0.779
0.796
0.756
0.864
0.868
0.795
0.825
0.831
0.817
0.837
0.823
0.776
0.762
0.753
0.811
0.818
0.799
0.691
0.787
0.844
0.738
0.722
0.793
0.739
0.668
0.751
0.737
0.618
0.655
0.54
0.741
0.848
0.781
0.738
0.771
0.836
0.803
0.749
0.723
0.638
0.55
0.631
0.693
0.772
0.762
0.527
0.638
0.576
0.807
0.79
0.728
0.634
0.659
0.693
0.711
0.525
0.577
0.741
0.866
0.825
0.699
0.777
0.938
0.953
0.751
0.724
0.662
0.645
0.72
0.626
0.729
0.551
0.475
0.689
0.871
0.828
0.81
0.899
0.932
0.897
0.829
0.802
0.88
0.839
0.843
0.849
0.766
0.82
0.841
0.836
0.844
0.781
0.856
0.757
0.787
0.86
0.828
0.811
0.772
0.78
0.713
0.723
0.956
0.857
0.479
0.577
0.741
0.9
0.777
0.809
0.911
0.882
0.853
0.924
0.898
0.916
0.846
0.876
0.878
0.955
0.915
0.874
0.942
0.951
0.873
0.907
0.871
0.975
0.965
0.824
0.799
0.609
0.737
0.558
0.934
0.957
0.941
0.872
0.892
0.844
0.89
0.537
0.887
0.891
0.896
0.924
0.902
0.837
0.891
0.969
0.925
0.949
0.92
0.834
0.812
0.776
0.851
0.83
0.868
0.92
0.705
0.957
0.921
0.883
0.868
0.895
0.917
0.757
0.908
0.682
0.661
0.806
0.844
0.888
0.796
0.632
0.495
0.484
0.607
0.864
0.986
0.922
0.695
0.621
0.741
0.818
0.868
0.932
0.788
0.713
0.859
0.759
0.656
0.701
0.851
0.85
0.792
0.826
0.691
0.736
0.711
0.804
0.801
0.928
0.892
0.693
0.656
0.865
0.776
0.758
0.752
0.897
0.934
0.862
0.76
0.898
0.885
0.741
0.625
0.674
0.87
0.708
0.821
0.795
0.702
0.696
0.691
0.755
0.897
0.589
0.641
0.621
0.713
0.77
0.727
0.701
0.712
0.652
0.821
0.906
0.762
0.887
0.662
0.757
0.842
0.9
0.832
0.704
0.715
0.732
0.747
0.693
0.626
0.725
0.619
0.66
0.855
0.683
0.528
0.773
0.8
0.765
0.755
0.79
0.917
0.826
0.868
0.934
0.798
0.773
0.732
0.694
0.754
0.851
0.798
0.764
0.704
0.573
0.699
0.757
0.717
0.702
0.67
0.69
0.601
0.669
0.768
0.701
0.638
0.744
0.667
0.766
0.679
0.624
0.581
0.667
0.6
0.648
0.713
0.788
0.74
0.663
0.697
0.801
0.803
0.71
0.668
0.712
0.643
0.568
0.667
0.584
0.588
0.653
0.68
0.641
0.719
0.787
0.774
0.774
0.703
0.682
0.781
0.755
0.645
0.754
0.75
0.739
0.799
0.804
0.756
0.725
0.712
0.803
0.793
0.669
0.741
0.784
0.881
0.933
0.815
0.805
0.76
0.642
0.681
0.651
0.763
0.762
0.786
0.732
0.714
0.727
0.729
0.797
0.665
0.65
0.611
0.536
0.494
0.495
0.592
0.644
0.604
0.543
0.587
0.705
0.831
0.742
0.697
0.768
0.786
0.621
0.648
0.529
0.604
0.778
0.823
0.805
0.857
0.853
0.827
0.821
0.767
0.669
0.644
0.673
0.713
0.645
0.56
0.561
0.584
0.612
0.637
0.658
0.68
0.714
0.802
0.762
0.669
0.675
0.719
0.553
0.723
0.767
0.608
0.556
0.58
0.479
0.645
0.765
0.81
0.67
0.477
0.726
0.641
0.398
0.491
0.88
0.9
0.864
0.84
0.805
0.835
0.783
0.842
0.784
0.792
0.876
0.837
0.653
0.753
0.582
0.586
0.676
0.672
0.701
0.665
0.619
0.671
0.742
0.797
0.782
0.749
0.684
0.761
0.598
0.681
0.624
0.507
0.577
0.732
0.861
0.825
0.708
0.889
0.915
0.858
0.807
0.648
0.809
0.837
0.83
0.563
0.787
0.869
0.774
0.777
0.72
0.833
0.805
0.834
0.907
0.849
0.756
0.561
0.81
0.956
0.934
0.892
0.93
0.92
0.871
0.768
0.787
0.727
0.752
0.906
0.896
0.69
0.886
0.846
