1980 1 1
0
0.0976
0.8795
1.1832
0.8658
0.1439
0.3642
0
0
0
12.9926
0.061
5e-04
1.4579
0.0148
0.1079
0.4533
0
0
0
0
0
1.6081
1.1319
1.2574
0
0
0
0
0.0375
0.106
0
0
0
0
0
0.1433
0
0
0.7225
0
0.0019
0.0496
0.1062
1e-04
5.4633
1.4099
0
0
1e-04
0.0702
1.1614
10.2834
7e-04
0
2.8808
1.1848
0.0691
1.7192
0.1877
0.0231
0
0.0593
0.0345
4.5807
0.0403
5.9859
15.0458
0.0438
0.0481
0.0686
6e-04
1.8088
1.5682
0.1307
0.4443
11.673
0.329
0
3.0632
30.8268
0.0041
0
11.8126
0.255
0
0.5928
5.7431
9.3533
2.4933
4.8834
0.7689
3.2386
1.6611
6.7579
0.0182
0
1.1792
8.6797
2.826
1.3432
0.5021
4.6877
0.5511
21.4227
1.0966
0.3592
0
0
0
0.0026
0.1668
0
0
0.0033
0.3193
0.3473
4.8253
10.566
0.6094
0
0
0
0
0
0
0
0
0.0788
0.1658
1.6728
3.438
7.7907
4.1062
1.3396
2.4613
1.2897
25.5652
8.6591
0.8023
8e-04
0
0.635
1.9185
10.3938
0.3094
0
0
0
7.1584
10.501
8.8586
28.1209
17.6737
2.8364
0.0026
0.0643
5.1726
9.2329
2.434
0.1501
0.2958
0
0
0
13.4938
10.8244
4.7778
0
0.649
7.8335
0.9915
0
0
0.8402
4.1537
8e-04
0.1087
0.1466
0.1512
0.6647
0
1.1279
0
6.3679
17.8813
8.1151
1.1453
1.3168
6.8986
7.6909
2.0177
7.1341
11.9522
1.7881
0.0942
0.1873
0.2922
0.6221
0
1.812
0.6807
5.6347
24.7514
2.8609
0
0
0.5633
5.4156
11.4586
2.3537
0.414
0.2097
0.1825
4.7175
1.7067
0.0648
2.8735
0.6647
1.559
6.0117
2.4296
10.5391
16.3199
3.9197
2.352
16.6524
6.9527
2.9747
7.5186
0.775
2.0727
23.7723
7.2162
2.7999
0
0
0
0
0
2.7786
2.4498
12.6663
17.3552
3.2464
1.0912
0.0276
11.8852
0.7807
0
0
0.1372
1.5098
0.4672
0
0.0437
0.2437
0.0598
0.0504
0.4334
11.2019
0.1663
0
0.2142
1.6777
3.6296
4.0001
0
2.2649
0.449
0.0021
0
0
0
0.3359
5.9014
1.2162
0.1499
0
0
0
0
0
0.1606
0.0975
0.0515
0.2826
0.0396
0.2196
1.4481
3.3519
1.8677
0
0
0
0
0
4.122
5.2789
0.6659
0.6944
8.6088
0
0
0
0
0
0.1902
0.1141
0.2523
0
0
0.5641
5e-04
0
0
0
0.6384
4.0353
0.3626
0
4.4309
0.5235
0
0
0
0.0474
0.7053
1.7145
0.0336
0
8.6455
1.514
1.8909
0.1536
0.025
3.2285
0.0484
0
0.0133
1.7775
7.4254
7.63
4.0919
0.0852
0.5227
0.3936
0
0.2859
0.0888
0.0327
0
0.5512
0.102
0
0
0
0
4.6531
0
0
1.8489
0.0497
8.0782
0.307
4.9766
0.8309
0.6939
0.5383
0.0103
1.9299
4.7389
1.7797
0.0237
0
0.0116
0.0533
0
4e-04
0
0.0794
0.4188
0.034
0
0
0
0
0
0
0.1525
0
0.5827
0.1117
0
1e-04
0
0
9.6099
1.0122
0.16
0.1657
0.0719
1.1062
0.0233
0
0
13.6013
8.6469
0.0026
0
0
0
3.1602
0.2615
0.0561
8.3903
3.6362
0
2.9069
2.8578
0.326
0.0533
0
0.0176
1.1415
0
0.0253
0
1.1676
0.4904
4e-04
6e-04
0
0
0
0
0
0
0
0
1.4848
0.0491
0.2048
1.0259
0.8956
4e-04
0
0
0
3.2416
3.7716
2.5417
1.0178
0.4258
3.7939
0
2e-04
0
5.1391
5.9315
0.3406
0.035
0
0.2195
8.1491
4.4228
5.4163
13.471
5.7406
15.2651
0.9966
0.2092
5.518
2.7169
0.1708
0.2663
0.0086
3.8842
4.4732
0.6378
0.0096
1.0298
0.6454
17.9733
10.2517
0.1792
0.2543
0.0186
0
0.4773
3.6368
6.4463
0
0
3.6339
18.3958
4.8113
3.5651
0
14.4933
5.463
0.0518
0
2e-04
0
0
0
0.1069
0
0.643
0.7743
8.8558
12.9994
5.7319
0.3478
7.1609
0.1409
0.2312
0.0019
1.6221
9.424
4.5423
3.7459
0
15.3359
38.452
13.0529
0
10.1589
32.1212
7.9098
0.3129
2.1614
0.1865
0
0
2.1368
27.2576
19.1836
1.3182
4.4228
20.5444
0
0
0
0.7035
0.0774
0.1877
1.6623
0.8642
0.0689
0.0511
0
0
0
0.0926
0.4807
0
0
0
0
0.0032
2e-04
0
0
8.6604
12.9249
0.8182
0.0923
0
0
0
13.8502
3.4866
8.7439
0.0673
0
0
0
0.8255
8.7879
1.8175
0.3538
0.4848
0.5611
0.3965
0.2437
2.4003
6.584
1.4605
0
0.0557
1.1047
0
0
0
0
0
0
0
0
0
0
0
0.1592
9.7698
17.0096
32.5047
15.7174
6.9735
17.3458
26.7886
9.5907
0.1931
0
0.2001
3.2872
0
0
0
0
0
6.5188
5.5564
4.2252
10.4179
2.9509
0.1174
0
0.257
0.6234
0
0
0.4816
2.2751
5.8674
0
2.7075
5.9908
1.0449
0.0379
0
0.0023
0.3509
16.403
0.0135
0
0.0145
0
0
0
0
0
0.0022
0
1.0695
15.9961
0.7445
0.0531
7.5277
4.6041
4.4735
0.4333
0.2829
10.5971
29.2001
1.4687
0
0
0
0
0.0224
0
0
3.8321
0.7649
0.5983
0
0
0
0
0
0
0
0
0.0444
0.0151
0.568
11.2261
13.715
0.5739
0
1.9132
3.7322
0
1.7962
1.789
0
0
0
7.216
0.3158
0
3.9458
0.2258
0
1.0504
1.947
0.1132
0
0
0
0
0
0
0.3027
5.2459
0.1596
0.0901
0.2648
8.6569
7.2238
17.0149
0
0
0
7.0086
3.6951
0.2771
1.3792
0.971
0.383
0
3.9694
10.9259
1.0178
0.3318
1.3538
0.3744
1.5018
0.1667
0.577
0.4941
2.5989
0.1901
1.3657
2.7548
0.1323
0.0524
0.0557
0.0687
2.3476
1.8912
10.1934
0.9831
0.451
0.194
0
0.2369
0
39.7825
14.8438
1.4658
7.9577
6.5943
0.9911
2.0764
0.3335
0.0718
0
4.9288
8e-04
0.3806
0
0.8355
0.0017
0.0146
0.9322
5.3069
0.5737
2.926
0.0477
0.0531
0.006
0.107
4.8725
0
0
0
0
5.5161
1.509
1.2695
19.7691
0.4608
0.0694
0.5797
1.3088
1.1285
4.9722
7.814
0.6485
7.5527
0.0169
4.3268
15.7792
0.2578
0
6.4094
6.2766
0.1314
0
0
4.048
4.5882
0.8592
0
0.001
0
5.9811
8.6154
0.2006
0.1188
9.3397
1.4325
1.4549
6.4608
0.9027
0
5.5959
1.0312
0.2193
0
0
0.001
3.3667
3.8597
3.5113
0.0033
0.1099
1.29
0.9042
0.2718
0.5932
0.3216
0.7574
0.749
0
0
0
0.0507
0.3249
0
0
0
0
1.0693
10.1877
4.5428
0
0
0
0
0
0
0.3975
0.8917
0
2.1783
1.6359
2.5979
9.4794
9.8373
4.8388
0
0.3195
18.7226
30.5482
8.5205
4.1396
2.2102
1.0399
5.7527
0
0
0
7e-04
0
0.1722
6.8483
3.0163
1.7264
9e-04
0
0
0
14.9393
21.5729
0.7543
0.075
10.3253
1.1419
2.6641
4.1704
0.0245
0
0
0
0.9128
19.9792
8.1436
0.6159
2.4061
2.8435
47.6296
0.1116
7.1627
0
7.3508
0.5488
5.0839
2.3468
1.2454
0.0088
0
0
0
0.0011
0.5565
2.0262
5.4734
0.9786
0
0.3736
0.0296
0
0
0
0.2768
0.3752
0
0
1.6259
0
1.6691
0.8954
0.6152
0.0367
0.0139
3.417
16.2063
1.643
0
0
0
0
0
0
0
0
0
0
11.6533
0.4832
0.1147
2.119
0.8806
1.1642
0
0
0
2e-04
8e-04
0.0025
3.9066
0.645
0.0201
0
0
3.6227
0.4513
0.1529
0
0
0
0
2.3883
3.5841
0.427
0
0.045
3.9722
0
0.0013
0.084
0.615
0.5242
0.356
2.3548
1.1519
21.671
0.2152
0
0
0
0
0
0
0.0436
1.1098
3.5609
0.4004
0.2265
0.1007
0.0493
0
0.0283
0.1029
7e-04
3e-04
0
0.5957
0.2393
4.5196
2e-04
0
0
0
0
9e-04
0
0
0.5714
0
19.9266
15.0027
27.7413
5.0303
0.0499
0
0
0.4951
0.5183
0.5523
1.0619
13.9891
4.8231
0.1496
0
0
9e-04
0
0.2523
0
20.3193
17.068
2.5982
15.0114
2.0109
0
8.8347
0.2234
16.9836
0.9692
0
0.4974
0.1262
1.7431
3.122
3.5142
0.1976
1e-04
0.6775
0.3738
2.1357
0.3841
0
0
2.077
11.0138
8.2827
0
0
8.8669
0.9843
1.8575
0.7286
4.4672
2.2921
12.1207
2.3789
10.3164
2.4935
0.0109
0
0
0
0
0
0
0
0
0
0
0
2.0007
0.4219
6e-04
0
0.3529
1.2397
0.058
7e-04
8e-04
0
0
1.1088
6.2749
1.9652
0.0274
0.0559
0.042
0.0368
0
0.4842
4.1978
0.225
0.2883
7.1129
0.3997
0.299
0.6076
1.0697
3.33
0
0
0
1e-04
1e-04
0
0
0
0
0
0
0.0734
0
0
0.0079
0.0288
0
0.0087
0.0348
0
0
0
0
0
1e-04
0
7.7367
4.0414
6.5138
0.4402
1.069
1.5071
0
0
0
0
0.0896
0.0212
4.129
5.7309
2.367
8.6764
0.3142
0.3447
0
0
0.0016
7.8778
2.0271
0
0
0.0026
2.1732
10.6885
3.3746
0.3189
0.9674
3.896
7.2946
7.4777
5.2752
1.5745
1.1439
0.2319
13.2607
12.7447
3.8762
0.146
2.6911
0.0532
0.013
0
0
0
0
0
0.2498
0
0
10.929
2.3519
19.3485
9.8638
21.9278
6.065
0.9674
0.347
4.6331
1.0892
6.4727
6e-04
0
0
0
0.3152
2.3935
7.6182
0.2861
0.2631
0
6.0683
0.0633
0.7466
16.0805
0.5195
0.3086
6.7638
0.1349
0
2.4772
7.5611
0.1607
0.0264
0.0348
3.5722
4.6581
2.3666
0.639
11.1332
0
0
1.5887
0.577
0
0
0
1.0564
0.7433
0.2883
0.4121
0.3105
5.6922
0.0727
0
0
0
0
0
0
14.1932
32.1697
4.9898
12.2849
2.18
3.013
6.1126
12.2905
1.6625
0
0
0
0.0587
0.0134
0
0
0
0
0
11.1279
15.058
4.3132
2.3412
3.007
0.9995
12.1346
1.1606
0.067
0.7255
0
0
0.1216
0.939
3.6481
8.4638
1.1235
0
0
10.162
0.0027
0
0
0.1665
0.5476
0.0502
11.7664
0.1492
0.1881
0
0
0
2.0476
0.0471
0
0.3859
0.128
0.5776
0
0
0.1512
0.2535
1.9253
3.782
0.0075
8.7845
7.1796
1e-04
0
0
0.0026
5.3307
18.0042
6.7952
0
0
0.013
0.1828
0.0292
0
0
0.1836
6.903
0.6888
0.0273
2.03
7.8838
12.38
0.2158
0.116
0.2625
0.0273
0.0161
0
0
0
0
0
0
2.5767
11.5278
14.146
0.0095
0
6.2798
0.4391
0.0877
0.1136
6.9358
47.1904
0.5784
0
0.5927
0
3.4617
0.1336
1.9191
3.9281
28.993
2.579
0.0544
0.1518
0.0935
0.0774
0
0
0
2e-04
12.2305
7.0178
2.9182
0
0
0
0.1172
0.138
0
18.8526
25.4687
0.019
1.663
3.9356
21.9389
9.0096
0.0518
0
12.3895
2.2351
0.1686
0
14.11
0.0217
0
0.0036
9.9627
20.8115
0.0012
0
0.0053
2.4065
0.6604
16.9904
0.5714
23.8106
0.9087
2.2868
0.3118
0.3244
13.1172
4.5614
0.0084
2.0927
0.2807
0.0626
0
0.0907
0.7424
2.4937
5.5847
8.016
0.0081
0.17
0
0
1.013
9.3482
0.2757
0
0
0
0
0
0
8e-04
0
0
1.5801
1.3562
1.9812
0
0
0.4358
0.3096
0.092
0.1379
0.389
0.832
0.0068
0
0
0.58
0.3915
5.4151
0
2e-04
0.0562
0
2.6923
5.944
0.0278
0.1796
0.1221
2.7987
0.1895
1.3187
1e-04
0.0153
0
1.9951
1.2088
2.9544
0.3762
5.3513
1.6302
0.2388
0.1089
2.2672
0.1668
0.9602
0.013
0
0
2.9689
0.3821
8.4945
4.4607
2.1255
2.5972
0.0854
0
0
0.7501
0.067
4.7921
0.0067
2.1581
5.3369
0.3633
0.2023
1.4794
0
5.9244
0.0088
3.0337
9.6693
0.0571
0.8694
0.2631
16.1346
9.4698
2.0854
0.3082
0.2904
3.1868
2.1372
2.7079
1.2221
1.0197
0.6383
0
0
3.467
4.3897
5.9606
7.8573
0.3925
0
0
0
0
0
3.4235
12.8093
11.4322
5.3238
3.1153
5.4579
2.56
0.1355
0.012
8.2359
36.7168
6.357
3.4538
0.0145
0.0484
24.0595
0.0017
0.2349
2.1159
0
4.8278
1.3909
2.0365
0.214
0.047
2.1555
2.6699
0.0079
3.9401
1.7769
6.0498
2.5494
0.0878
0
0
0
0.8971
2.147
39.5615
6.617
6.3004
13.8714
0
7.3036
6.5849
0.1789
18.4551
1.6126
0.3366
0
0.9409
0.0586
0.8461
0
0.2606
0.0147
0
0
0
0
0
0
6.5651
7.0106
0
0.0043
0.6707
0.368
0.3735
0.0274
9e-04
4.5556
8.4234
1.0516
0
0.147
1.9641
0.4648
0.0405
0
0
0.1017
1.1745
8.4864
19.6056
3.4002
0.3274
0
14.1215
1.6538
1.724
1e-04
0
0
0
0
0.3402
0.3329
0.1947
0.2862
0.5656
0.0067
0
5.7387
5.7232
9.4688
4.7824
0.9703
0.1013
0
0.1713
2.4705
7.8549
4.6538
0.3004
0.0505
1.9605
30.6682
7.0826
10.7311
1.1433
1.1857
0
0
0
0.0025
0.3507
0.0341
1.6842
0.3892
0.0012
0
4.106
0.0534
0
0
0
0.007
0.3404
0.2084
8.3819
5.23
4.8933
0.786
12.0324
0.2316
0.1519
0
3.6454
0.2326
3.318
4.6143
2.2155
2.2371
1.6078
6.1639
2.2341
0
0
0.0054
0
0
0
0.1401
4.7819
2.7724
4.1112
6.1054
0.0977
0.7945
1e-04
0
0.0025
1e-04
0
0
0
0
10.5594
3.7938
0.3479
0.0011
0
0
0.047
9.2056
4.4223
5.1512
0.1297
0
2.0765
0.8105
5.5092
0.2387
1e-04
1.0695
0.1206
0.1145
0.2
0.0702
0.0088
0
1.608
10.2478
1.6653
0
7.744
0.3963
0.0693
2.7981
0
3.841
3.3971
16.6693
0.1383
0
0
5.8517
0.0081
0
5e-04
0.0478
0
0.0011
0.6995
0
0
0
0
1.2689
13.5858
1.8016
0.0364
0.4907
0.3191
4.2288
1.395
0.0838
3.2104
0.0585
0
0.2503
2.5916
0.0378
2.7861
5.3631
8.5786
0.1235
0.0478
0
0.168
2.6147
0
7.8727
1.2642
0.129
0.9466
0.7909
2.3718
3.9927
11.1179
6.4468
7.9805
2.9209
16.4313
0.0134
0
3e-04
0
0.0589
0.1142
7e-04
0
2.9535
0.8446
0
0
0.9774
0.5384
0
6.5587
0.8468
0.182
0.1262
0.2982
0.4335
1.838
0.4121
1.7484
0.0715
9e-04
5e-04
0
0.0823
1.089
0.3525
0.1625
0.0106
0
2.6442
0.9756
0
8e-04
0.0039
5.5763
13.7872
8.5548
3.7275
0.3215
9e-04
0
0
0
0
0
1.9623
6.2533
16.3671
2.4513
0.025
0.0822
1.9842
0
0.1682
0.1496
0.4409
18.9672
1.1348
0.4099
0.2815
1.1636
0
0
8.3709
1.8074
0.1747
0.0523
0
0.016
1e-04
0.587
0.268
0.1816
0
2.3952
5.0157
2.2107
0.0084
0.2279
5.284
15.7649
15.7977
20.0755
18.5582
0.3542
0.5452
2.6173
3.4335
8.6279
5.58
0.6608
1.2074
0.718
0
0.0251
9e-04
0
0.0022
0.0471
4e-04
0
0
0
0
0
0
3e-04
1.9727
0.1873
0
5e-04
0
0
0
11.4893
4.9542
0.0045
0
0.0426
0.2255
8e-04
0
9e-04
0
0
0
0.3771
1.6041
6.2012
2.3079
7.9372
2.1728
2.444
2.5716
4.518
0
0.2636
0.3204
0
0.915
12.4719
17.6099
0.0022
0.078
5e-04
6e-04
9.3405
4.8998
1.2113
1.7271
0.4791
0.1097
2.576
15.6539
3.9151
12.9235
7.6972
1.8135
0.8196
5.8708
8.1629
8.7543
0.0674
0
0
0
1.9821
0.5215
0.1648
0
0
0
0
0
0.4666
11.4972
10.1419
0.4193
0.1771
4.7858
0.8406
0.0136
0.0464
0.032
22.352
0
0
2.6428
9.2743
3.2771
0.157
0
0
0
1.0627
0.2295
0.0934
0
0
0.8275
11.0852
0.0201
0
0
3.0506
21.0885
1.0305
0
0
0.2848
8.6656
2.9155
0.9835
0.2638
0.7433
1.3219
0
0
23.8844
7.8996
9.5805
0.4814
0
0.237
0.6904
0.0554
0
0.1881
5.5556
14.0132
8.0168
4.9273
0.0592
0
0.6675
32.052
0.3731
0
0
0
0
2.9859
4.2075
0
14.2013
26.4831
0.8597
0.0208
0
0
0
0
0
0
0
0
0
0
0
6.8292
3.1623
0.1999
0.7232
0.0027
0
0
1.9066
1.0225
0
0.0043
2.0576
1.658
0.5798
0
0
1.0264
3.6901
5.4512
7.4326
3.5579
7.9211
20.5483
0.0011
7.1444
3.4467
17.9753
2.2585
0.1528
0
0.2585
2.8755
0
0
0
0
0.1963
1.4301
1.9412
0.5956
6.6572
14.7562
4.3137
2.1615
0.0355
1.3981
0.016
9.5701
9.6514
2.1826
6.0405
8.0349
4.4788
3.8289
18.1861
0.0641
5.1811
5.7374
1.4066
0
2.4013
0.0029
0.2512
5.1349
18.2753
4.1473
6.4467
0.0104
0.1066
3.243
0.3173
0
0
2.5312
0.3714
0
0
0
15.9452
20.2823
1.0996
2.6953
0.0863
0.1933
0.5043
0.3963
0
0
0.4976
0.1966
1.0413
0.1941
0.2689
1.15
0.3143
2.1727
0.0079
0.0556
0
0
0
0.0367
1.9498
0.0071
0.9151
0.0367
0
0.0021
0
0
0.0559
0.0946
0.5841
1.7393
0.001
0
1.4261
0.8038
10.9836
0.8031
0.0062
0
0
0
1.95
0.3132
0.9203
0.2724
1.953
0
0.8509
0.1965
0.6241
3.6009
19.417
2.3727
0.7305
12.6782
0.0774
0
0
0
3e-04
0
2.0241
1.1757
2.7228
3.1455
0.3335
3.7018
0.2951
8.5127
0
0.0033
0.0566
0.7115
2.6103
0.2657
0
0.4526
0.9574
1.9906
0.4122
0.0649
2.172
0.0778
0
4.5814
1.5001
7.5665
6.8785
7.1569
3e-04
0
0
5.9451
0.7506
12.0392
0.0769
0.1278
0
0
0
0.5871
2.6298
0.3707
0
0
0
3.8996
0.7606
0.7954
0
9.3012
3.5339
1.1326
0
0.0358
0.1799
0.069
0.0697
0.4097
7.1901
0.7807
9.2206
1.165
0.4644
0.0368
2.4499
24.2218
2.4333
0.1834
0
0
0
0.2524
2.1264
2.9449
0.2649
6.5757
0.4748
0
0
0.2601
0
2.8569
6.8985
0.0292
0
0
0
0.4329
1.0564
7.5899
2.7049
11.814
7.5392
15.1164
2.3587
0.6449
1.5675
0.9019
0.093
0
1.0459
1.8031
5.6497
0
0.9139
1.56
0.0019
0.5877
0.0022
0.9579
0.6072
18.4093
12.2642
5.8913
1.3409
3.3175
5.5172
6.6146
0.5006
2.0222
0.1418
7.8799
15.4714
0.7698
1.501
11.0396
3.1876
0.0012
0.0026
0.002
0
0
2.3043
9.1473
10.9483
0
17.3348
0.9151
5.2997
0.0315
0
0.2456
0
0
3.3543
23.7905
4.0584
27.5061
11.989
4.5098
0.0897
0.0837
28.2808
0.2345
0
0.1052
0.28
0.0717
0
0
1.273
7.6974
8.0674
0.0643
0.3119
0.2111
0
3.1122
7.5449
0
0
0
4.6109
1.5506
12.9479
0.5754
0.0021
23.6239
0.3863
0.6469
0.4897
3.437
2.6052
6.958
0.0132
3e-04
0
0.0012
0.0037
0
0.4738
4e-04
0.1444
32.2477
9.0377
0
0
0
0
0
0
0
16.959
0.1384
0
0.1792
0
0
6.1003
14.2113
2.5629
0
0
0.6445
0
0.1284
16.6506
0.0103
0.0199
0
2.1838
5.8383
2.4482
16.6348
5.2438
10.7741
0.0276
6.2412
13.8085
11.2413
0.1022
22.8495
2.2662
0.2351
0.441
0.0011
0
0.7787
0
0.1224
3.088
10.0936
6.2406
0
0
0.0456
0
0
2e-04
0
0
0
0.1738
8.4131
4.1354
2.3612
0.0038
0
0.0419
0
0.1141
1.0563
0.0069
0.0666
0.0055
3e-04
0.0172
0.8991
0.3951
0.09
3.3113
0.0292
0.0426
0
0.9446
0
6.9068
7.7257
0.3099
12.0799
0.9378
0.6814
0.0146
0.2702
0.9826
24.2105
0.055
4e-04
0
0
4.0283
16.6667
0.9544
0
2e-04
0
8.2473
4.3327
5.0169
0.0307
0
0.0334
0.2461
0
1.0779
1.0817
0.5251
2.3887
0
0
0
0
0
2.6455
0.4944
0
0
0
0
0
0
0.283
0.6514
0.0644
0
0.5798
0
0
1.35
0.5171
6.2206
0.7176
0
0.1487
0.2058
0.8873
0
0
5.5126
9.0046
0.0027
0.0556
1.0205
0.1494
0
0.2065
0.3738
0.1519
5.86
1.6259
3.7995
0.0679
0
0
0
0.001
0
0
0
0.0918
0.0068
0
0
0.1695
0.0105
0.3356
0
0
1e-04
0
0
0
0
0
0
0
0
0
4.1714
6.6748
4.9042
0.0479
0.1662
0
0.712
0.002
0.0817
0.0968
0
0
0
0
0
3.9851
0.0969
0.0012
0
0
0
0
0
0.5863
0
0.0145
0.8138
0.7509
2e-04
0
2.6942
26.0644
2.3267
1.086
1.9721
0.1566
7.9861
9.9304
0.169
0.1654
0
0
0
2.5864
1.5454
0.019
0.369
2.4965
0.468
0
0
0.2578
0
0
1.018
3.6152
0.073
0
1.9424
2.1802
0.8679
0
0
1.1094
20.2224
5.8953
0.0474
0
0
0
0.0853
0.1003
0
0
0.5337
0.3991
0.0791
0.238
0
0.1866
20.5832
4.2139
0.3883
0.068
0.0758
0
0
1.5045
5.3409
0.5086
0.0702
0.0107
17.8794
2.0322
25.0978
5.3402
7.5022
0.0168
0
0
3.6761
0.3595
5.5645
0.7938
0.0856
18.8864
0.3318
0
2e-04
9e-04
0
0
4.5159
21.2762
7.8685
3.7849
0.9729
1.5213
0.4908
0.879
0.0021
0.0017
17.0769
22.3479
6.1775
5.6143
3.0725
7.843
3.2546
6.3159
5.2841
4.9091
0.1674
0.5898
10.192
0.215
4.2486
4.5828
0.2639
0.4648
0.1362
0
0.1851
5e-04
5e-04
0.0078
0
0
0.7991
0.8668
0.1471
5e-04
0
0.2422
5.2611
6.8496
0.6078
2.2315
2e-04
0.0025
0
0.0366
4.0766
6.8815
0.1128
0
0
0
0
0
0.2085
1.1476
0
0
0
4.3912
3.4032
0.2431
0.8455
7.0302
40.1172
22.7471
6.4183
0.1594
1.8637
5.6893
7e-04
0
0
0
0
0
0
0
0
0
1.5002
0.3071
0.6043
1.7145
8.1133
1.5689
3.0694
4.2383
0.6304
0.3296
0.1506
0.7711
1e-04
0
0
0
0.2066
0
2.4398
0.4691
0.1364
0.0815
0.3484
1.2388
0
4.2866
3.1323
0.693
2.4663
0.5062
1.5022
0
0
0
0.2037
1.3071
3.6749
0
0.2699
2.0981
0.4471
0.1236
7.9206
1.3262
0.8798
0
10.1955
0
0
0
0
0.802
0.0537
0.079
0
0
0
0.8068
2.0936
5.497
0
0
0.2511
0
0
0.0165
0.1443
1.4506
0.2366
0.174
1.1384
0.5983
0
2.3287
1.0342
23.8908
0.5125
4.4792
1.2345
3.2097
2.0288
5.3766
6.9621
1.596
0.9846
0.1196
0
3.3539
0.7203
1.449
3.179
1.3837
1.1742
0
3.0771
19.9958
0.2003
0.0135
0.0147
4.7377
5.4017
9e-04
4e-04
2.6456
0.2037
1.6131
0.0957
1.6789
7.1454
0.3263
0
0.268
0.0424
0
0
0.1114
0
0
4e-04
1e-04
0
0
0
0.0373
0.0012
0
0
0
6.9568
5.3093
0.5696
1.0567
0.622
0
0.9125
3.7287
1.0894
3.1035
0
0.2349
1e-04
2.5679
2.2705
3.2558
7.8459
0.7234
7.1833
0
0
0
4e-04
0.1126
0.5713
8.1473
3.0923
0
0
0.2319
0
0
0
10.3925
0.7599
2.2893
0
2.3582
0.0207
0
0.2734
0
0
0.0183
0
2.4194
3.3831
0.8534
0
0
0
0.2293
0.1697
0.001
0
7.2966
0.7273
0.4819
0.9454
2e-04
7e-04
0.5015
2e-04
3.6976
0
0.4519
0
17.536
3.01
0.1693
0.019
0.159
0.287
1.3396
3.1735
1.6576
3.7953
17.3397
2.9154
0
8.953
1.9508
0.001
0
0
0
0
0
0.1053
9e-04
0.9378
0
0.4983
0.7581
1.3661
0.8276
0.0277
0.5376
0
0
0
1.4562
3.1236
0.742
0.2257
0
0
0
0.0249
0.0332
2e-04
0.3283
0.2937
9.9861
0.2894
0.2658
0
0
0.2296
0.309
1.326
0
0.9293
0.8053
0.6657
0
0
1.7871
0.8041
0
0
0.6426
0
0
0
0
1.8094
3.709
0.0636
0
0
0
9e-04
0.0023
0.0196
0
0
0
0
0.2008
0.2369
0.3921
0.0253
0
0
0.0015
7e-04
0.6637
2.7139
0
0
0
0
0
0
0
0
0
0
0
0
0
0
0
3.9273
4.738
3.7257
0
0
0
0.3359
0.9017
15.7743
3.8154
7.9621
4.9764
6.388
0.0944
4.6111
0
9.6771
2.5373
0
0
0
17.2447
6.9906
0.0837
0
0.7791
6.4455
7.3201
5.574
0
0
1.7257
6.8032
4.5386
1.7521
0.3065
4.031
6.0366
0
1.6101
8.4422
10.8011
0.4144
1e-04
3.396
11.504
0.6388
0.3008
0.8347
0.9541
27.041
0.0096
0.5686
0
1.1924
2.0817
9.9552
2.4413
0.5745
0.0011
0
0
0
9e-04
9.3183
1.0307
1.7278
0
0
0.0403
0.1078
2.7955
4.3743
2.5384
0
0.6761
0.0811
0
0
0
0
0
0
0
1.0324
2.5441
0.1366
0
0
0
0
0
0.8537
0.0904
0.0048
2e-04
0
0
0
8.6079
5.9704
29.3622
0.593
0
5.0344
2.8577
4.3516
0.6115
0.0031
0.7721
0.1504
2.4558
0
0.1596
0
0.1223
0.8412
0.2365
23.192
14.5168
2.1753
0.6479
6.0554
0.6003
15.1532
1.4069
0.0346
6.0167
0
1.9557
3.214
0.0713
0.0065
2.7778
18.8959
0.1867
0
0
0.175
0
0.5244
3.3649
0.6192
0.8222
0
0.4071
0.1521
0
0
0
0
0
0
0.306
0.5716
0.4403
0.0436
0.6642
0.0179
0.013
0.4037
0.7349
0.0981
0.4211
0.1514
2.5683
0.1088
5.3778
0.8161
1.4971
0.5477
13.2651
15.3878
0.0029
0
0
0
0
1.7561
2.3631
0.1087
18.0165
0.0395
4.7907
0
0.2225
0.1054
4.1889
2.7158
0.9003
0.6186
0
0
0
0
0
0
0
0
1.185
2.7366
18.4841
0.0385
0
1.817
0.3539
0
0.566
0.7992
3.083
0
2.4462
0.5813
0
0
0
0
0
0
1.4918
0.4319
0.407
0.0422
0
0.2362
0
3.056
7.3472
0
0.5693
0
0.1508
1.8282
0.2002
0
0
0.5167
0
3.3601
5.0774
0.2267
0.0011
0
0
0
0
0.2699
0.5617
0.0019
0.0415
0
1.4725
11.8656
0
6.9122
0.47
0
0
0.1785
0.5862
0
9.4226
5.6297
1.6986
12.9665
2.3896
4.6627
3.2764
16.395
18.0988
1.527
0.6594
2.8096
2.6301
0.3659
0.0463
2e-04
2.415
1.4444
0.7912
2.2408
3.6007
2.8513
2.9037
0.3951
0
0.0897
0
0.1483
0.1004
7.2697
0.5824
2.6288
4.9207
0.6735
7e-04
0.4294
0.8941
2.0206
0.2834
9.0946
4.1462
3.0903
0.4381
8.0427
0.8373
1.7688
3.2379
8.3438
0.6725
3.7344
0.3813
0
0
3.8536
3.606
1.084
1.4797
15.6736
1.2711
21.1739
28.6156
0
0
3.3046
1.5854
12.4368
3.5284
21.9895
3.7318
3.5237
3.5775
0.0306
0.0303
0.0072
0.0396
0
0
21.8528
7.429
4.4889
1.966
1.8248
2.1791
1.346
3.3107
3.1403
3.1328
1.7015
0.0057
0
0.2329
1.4029
0.9196
0.491
0
0
0.8442
0.6914
7.8704
0.6535
0.1018
1.0688
0
0.0067
4.0524
7.5108
1.6772
0.97
0.3251
2e-04
0
0
0
0
22.0611
14.2122
0.9401
1.0822
0.3536
0.218
2.5254
9.1779
2.7411
2.6145
0.5395
15.0674
0.6358
0
0
0
6.1267
2.6862
0.013
0
0
0
0
0
0
0
0
11.4381
1.7661
0.0108
0
0.3464
9.8317
3.3798
4.2697
0.937
0.3813
0.0234
0
0
3.8526
1.0227
0.0506
0
15.8387
0.0056
0
0
0
6.3195
4.5946
2.729
9.1032
12.3527
0.0042
0
12.025
7.6695
3.119
10.157
0.787
0
0
0
0.0483
0.0779
0.0243
0
0
0
0
0
0.1816
0
7e-04
0.0013
0
0
0
0
0
0
0
6.0063
0.0111
0
0
0
0.1358
2.6297
9.4288
0.284
22.676
1.8281
2.1689
0.0224
0
0.1564
0
0
0
0
0
3.3388
1.3006
0.0308
0.0571
0.1738
0
2.5958
2.349
7.799
0.7722
0.1867
0.1509
0
0
1.9031
11.179
11.7247
5.4844
0.1937
0
0
0.001
0
0.108
0
0.4849
0
2.7044
0.4975
2.0221
0
0
0.0561
0.2677
0.1496
0
0
0.3039
0.0119
0.5799
0.1687
0
2.5218
3e-04
3e-04
1.895
2.1238
0.0902
0.3426
0.1157
1.4778
0.2966
0.2825
0.1713
0
0
0.3556
1.6939
0.0957
3.0401
5.6793
9.6163
5.4002
0.0178
0
0.3849
7.7736
0
0
0
4.0358
1.3395
1.2253
0.0409
0.0155
0.0034
0
0.4476
0.1272
5.8798
4.1157
0.0992
8.314
0.467
0.112
0.0256
0.1279
1.3689
0.0218
0
0.0522
4.7979
0.2096
0
8.5885
16.4267
2.1409
9.8938
0.7737
0
0.377
0.0356
2.536
5e-04
0
4e-04
1.2719
10.9286
23.5651
2.2724
2e-04
0
0
0
0
39.297
4.597
1.3262
0.0133
0
0
0
0
0
0
0
0
0.001
0
3.2031
10.9888
1.1028
1.6838
0
0
2.2102
0.5167
10.2322
0.3894
0.1685
2.5862
0.019
0.4047
1.5393
0.6772
0
0
0
0
2.288
2.3756
4.3272
1.9492
5.7671
1.5467
0.3584
0.2799
0.4417
0.7242
0.4626
0.294
0
23.1732
1.1877
0.2511
0
4.436
0.0379
0
0.1169
0
0
11.557
4.8996
0
0
0
0
0
0
0
0.001
2e-04
0
1.8651
10.8359
23.1423
3.5071
0.1224
0
0
0.2207
6.5836
6.3571
7.3342
9.1751
4.3711
4.6807
15.1903
3.0956
0.0544
0.0178
0.7588
0.1623
2e-04
0
4.2018
11.5303
12.084
0.0099
0.0734
0.0611
0.583
0
7.7525
8.052
12.6944
2.8541
0.1445
0.4808
1.7924
22.3916
5.6013
0.004
0
0
0
1.1089
0.1943
0
0
0
0
0.8354
2.9188
4.6024
0.8346
0.3276
0.2682
0.1327
19.8736
4.6068
5.3305
9e-04
0.0041
0
0
0
0
0
0
0.1624
3.5522
2.3203
40.8082
16.3155
2.4213
9.963
0.1358
0
0
0
0.4584
32.9897
24.5313
37.8887
2.9598
0
0
0
0
0
0
1.9382
0.2815
0
0
0
12.8799
3.863
0.1869
0.0122
0
0.0012
0
3.3602
2.3282
23.3497
0.018
0
0
0.0843
3.4919
2.4536
3.6101
8.4725
2.0466
0.5264
0
0
0.0724
0
0.5248
0.2349
0
0
0
0
0
0
0
1.9451
12.1951
2.5883
40.9392
0
3e-04
0.0015
1e-04
10.2843
1.9858
8.0256
0
0.0454
8.0635
1.3431
3.2243
1.3733
0.8352
0.3107
0
0
0
0
0.1974
0.31
0
0
0.2514
20.6994
0.0359
1.1388
2.3555
2.9617
26.6487
15.6814
1.3754
1.4857
0.2047
0
0.0011
0
0.6469
19.3926
0.0364
0
0.2281
8.4515
0.0757
0
0
0
0
0
0
0
0
0
0
0.0679
1.5663
16.3665
0.4401
0
1.7276
2.3138
0.8554
0
0.1224
0
0
0.529
0.0857
0.4263
0
0
0
0.7294
12.7409
0.4602
0.0572
0.396
0
7.6907
5.9513
0.0204
0
0.0156
0.1599
30.4521
0.4606
0.0097
0
0
0
0
0
0
0
0
0
16.8162
0.8404
3.5421
13.7446
0.4419
0
19.0283
1.9565
19.3835
2.1487
0
1.4782
0.507
2.9768
29.3816
28.4779
0.248
0
0
0.0411
0.0033
2.3595
0.1287
0
0.2485
0.1132
0.3917
12.5472
0.5576
0
1.2226
0
8.4322
0.4443
0
0.2527
4.6808
4.1976
0
0.0216
0
0
1.3975
0.6392
0.8266
0.0611
4.5016
0
0
0
0
0
1.2519
0.6328
0.088
0
0
0
0
0.0087
6.5798
6.1739
0.8531
0.1905
1.7991
2.2269
0.8353
0.7521
0
0
0
0
0
0.104
2.6844
0.592
0.4482
2.4616
0.0331
0.1631
2.2786
1.601
0.019
0
0.0012
0.0015
0
0.0018
0.0104
4e-04
0
0
2.9917
6.3449
0.9739
0
0.0708
6.7342
4.8207
0.5651
1.5628
7.0288
2.8698
3.1059
0
0.0436
0
0.1802
0.1726
0
1.636
2.8576
0
0
4.4227
2.2895
0.2681
0.1648
0.0393
8.5516
3.5814
1.8536
0.0258
7.789
6e-04
26.0693
7.6915
0.4402
3.4319
0.1817
5.7506
0.3619
0.0555
0.0016
0.1656
0.6306
0.0478
3.4324
0.0902
0
8e-04
10.9462
2.8896
0
0
1.8973
0
0
0.1205
0.7753
1.3972
0.0649
1.6098
2.3672
1.242
0
0
0
0
1.7045
7.7266
2.615
18.0066
0.2499
0
1.551
13.9209
30.6991
3.6881
1.7792
0.1203
0
0
0
0
0
0.1168
0.5491
2.2886
0.4682
0
0
3.0019
5.7565
0.127
0.045
0
0
0.0512
0.3591
0.2046
0
0
0
0
0
5.9437
0.5986
6.9302
12.5941
3.2128
4.842
0.5002
8e-04
0.3517
2.0589
0
0
0
7.19
3.929
5e-04
2e-04
0
0
0
0
0
4.6203
8.5754
0.9045
0.0573
0
0
0
0.4483
12.0036
1.6579
0.2208
0
0.2758
11.8204
0.0753
0
0
0
15.6005
1.6523
0.0086
0
1.8917
1.065
1.0824
0.448
12.6513
7.5814
14.1585
14.2264
2.635
0.3179
0
0.0012
0.2117
0.0764
0
0
0.001
1e-04
1.6131
0.0983
0.1216
0.1405
7.678
12.9401
1e-04
0
0
1.4046
0.9939
0.3211
0
3.0083
0.036
1e-04
0
3e-04
0.0037
0
6e-04
2e-04
0
1.3732
3.6566
0
0.0202
0.3784
0.152
0
0
0
0
0.009
1.4223
16.7525
2.5813
0.2404
0.1886
0
0
5.6894
0.4779
0.3025
1.0988
0.4501
0.3817
0
0.0701
0.0863
5.0722
0
0
0
2.5406
26.6055
17.5726
16.9781
4.1959
0.001
0
3.8323
0.4484
2.3491
0.0842
0
0
0.1616
2.5636
1.173
0.0077
0
0
3.1521
0.5541
0.6248
0.0924
4.0984
1.8023
0
8.9196
6.8861
12.5189
2.403
1.3129
0.0702
0.2626
0.0912
1.7494
0.3869
1.1865
0.4544
0.5528
4.4368
4.4986
6.1876
0.4247
0.0187
0.0162
0.0205
0
3e-04
0
4.2771
1.6817
1.1898
0.2441
0.0579
0.0827
0.209
0.1023
0.9143
0.2447
3.4244
0
2.2884
0
0
0
0
1.8557
1.9402
0.2028
0
0
0.8091
5.5732
0.106
0
0
0
0.0917
1.143
0.1446
0.963
0
4.9621
30.2645
0.5597
0.5503
0.0426
0
0.0097
0.1444
0
0
2.077
2.1952
1.294
0.1478
0
0
0
0.0365
0.9342
0.4166
0
0
0
0
0
0.2718
1.6854
0
0
0
0
2.6947
0.072
14.5201
0.9045
0
7.7062
3.5399
0.0938
0.6485
1e-04
0
0.0175
0.5126
0.0165
0
1.9658
0.2911
0
0
0
0
0.6189
14.7336
4.8339
1.2674
0.2859
13.7497
1.2953
0
0
8e-04
0.0559
0.1025
14.5868
3.2505
2.2684
0.0725
0.4608
6.0686
0
0
3.1498
1.8414
2.9334
0
1.1161
5.8516
0.5598
4.8376
0.3181
0
1.0234
0
0
4e-04
2e-04
0.5462
0.4107
1.2835
0.1873
0
0.6561
0.9402
14.5291
19.6153
13.6214
0.6708
8.422
8.1931
6.0636
0.8713
3.3164
2.2379
0.4414
2.9032
0.4503
0.4082
3.9779
0.8587
0.3744
0.0242
0.6462
1.9236
0.0195
0
0.868
5.4569
0.2052
0
0.0247
0.28
0.2968
0.6419
0.3301
13.173
2.9807
5e-04
0
0.2559
6.3405
13.5444
14.1231
0
0.3655
0.1013
4.3699
3.1304
20.8481
0.7532
0.4815
0
0
3.9206
5.3682
0.2926
3.5188
0.0038
0
0
0
0
0
9.7385
0.5835
5.3883
2.5935
24.2886
0.4211
1e-04
0
11.0639
3.1879
7.8344
0.4914
0.5041
0.0132
0
0
0.3494
1.5902
0.0947
0.9236
0
0.5821
5e-04
0.1877
1.0167
2.529
13.8295
0.1134
15.9286
23.2929
25.2072
41.5967
3.0401
25.4703
0.6826
2.1387
5.6602
1.1004
1.855
21.4751
2.0499
0.2832
6.2655
1.325
0.0653
4.6147
10.1752
7.3735
4e-04
5.0832
9.6833
1.2061
0
0
0.0443
5.8047
1.7391
2.0149
7.7815
1.1037
14.5156
3.4995
0.8914
0.0473
0.0053
2.4317
5.0672
0
0
8e-04
4e-04
2.6077
0.6438
2.984
21.3194
6.8202
0.009
0.0571
0
0
1.7889
7.7993
33.9653
0.8684
10.17
22.2202
19.1887
6.0555
16.1715
0.0654
0
0
0.254
0
0
2.7066
12.3052
2.9397
0.1667
38.1038
5.0393
0
0
0
0.0737
0.6286
0
0
0
0
0
0
0
0
0
2.0647
2.7743
10.2337
1.1644
1.0377
1.2984
0
9.1807
16.09
4.2706
0.0486
2.1595
2.0491
0.1829
0.0311
0
0
0
0
0
0
0
0.6777
0.469
0.0021
18.7469
11.7112
0.4958
2.8252
0.0643
0.0104
0.4939
0.0972
3.3876
4.2419
13.5259
22.4832
1.3258
0.003
0
0
0
0.0247
0.0424
0.0496
15.4558
8.2516
8.5512
0.2306
1.5079
0.1209
3e-04
0.0328
0.0112
0.0134
2.7802
0.2529
0.2057
0.0018
0.0198
0
0
0.7476
0
7.8483
0.0452
0.0043
0
0.2309
0
0.1867
0.1507
0.0057
1.7903
4.2736
0
0
0
2e-04
0
0
0
0
16.8951
13.401
5.5827
0.0024
1.8376
11.5241
18.6917
6.4863
0
0.0387
0.7611
0
9.2051
0.6921
4.691
7.0083
0
2e-04
0
0
0
0
0
14.6065
1.8309
0.011
5.1136
0.0092
0
0
0.1158
0
0.0012
0
0
0
0
0
0
0
0
0
0
0.5717
1.6881
14.43
1.3057
0.246
0
10.5495
0.0464
1e-04
0
0
9.553
2.516
0.6806
0.6278
0.5164
2.6412
0.0403
2e-04
3e-04
0.1511
0.5789
23.2596
2.4208
0.1623
0
1.5654
0.4109
4.5353
1.3901
0.3044
0.5802
0.1769
2.7993
4.2291
5.5269
0.2148
0.2853
5.0333
0.458
0.3644
16.8792
0.9638
0
0.0349
0.0805
0.127
0
0
8.2104
12.7003
0.1072
0.0151
0
0.0014
0.001
0.0384
0.2819
20.5718
6.1765
0.1675
0.1853
0.1998
5.9937
2.7266
9.0546
0.434
0
4.7561
2.7037
1.2824
0
0
7.7962
16.7039
0.7082
0
0.0267
1.4185
2.7539
0.3275
0.0142
0.7943
2.9033
2.0969
0
0
0
0
0
0.6547
0.0907
0.0344
0
0
0
0
0.4761
0.3511
0
0
0
6.5803
2.6308
0.661
0
0.2115
1.8392
6.1975
2.4603
8.6533
0.2123
0.707
0.0165
2.6345
3.0882
0
19.6884
32.9012
19.8502
0.8233
0
0.0287
2e-04
7.37
0.2821
0
0
0.014
1.6689
11.0123
9.7578
0.0214
0
0.1921
8.5222
6.3034
0.4214
4.0151
1.9936
4.994
3.2023
6.2699
8.936
0.0403
0
0.3767
1.9064
1.4938
3.8281
10.1028
6.7237
5.5959
0
0.9132
0.1112
0
0.9114
0.3462
3.1669
0
0
4e-04
0
0.148
4.9591
0.1926
0.0558
0.0047
0.0474
0
0
0
4.5051
2.8491
4.1654
0
1.6509
0.8205
0
0.501
1.9959
1.9713
5.6283
0.986
0.385
0.0917
0.7475
0.0442
0.1053
0.004
1.6387
0
0
0.0017
0.0221
1.5263
0.7277
0.9763
2e-04
0
0.1796
3.6396
5.8798
5.7113
8.0871
0.9288
0
5.2017
0.1132
0.4768
1.2329
1.0846
0
0.6078
0.0461
1.6642
4.4752
7e-04
0
0.0215
2.1965
0.925
1.1628
0.0128
2.0953
2.4266
11.0223
8.6399
4.7276
1.3628
1.9365
0.4477
0.3563
0.3117
0.0028
0
0
0
0
0.1917
9.5601
0.1243
0
0
0
0
0.265
11.4174
7.6151
0.0067
0.9657
3.4647
3.5525
0
0
0
0
0
0
0.005
0
6.0827
1.5854
0.0251
0
4.1551
0.2573
2.015
0.15
0
0
0
0
0
0
19.2493
16.3744
0.7981
0
30.5787
0.3541
0.0842
0.0024
0
0
0.4202
1.0149
0.3552
3.6145
14.0592
0.5075
0.1187
3e-04
3.1399
1.2316
0.6157
15.9816
1.3154
0.2572
0.0537
0
0
0.9622
0.0271
0
0
2.1706
1.4843
0.1056
0.1248
2.4734
3.3294
0.9186
3.8789
0.2062
0.2066
0
1.9415
0.0619
0
0.2184
0.0984
0.0128
0.0457
0.2285
0.3209
0.126
1.8061
1.8827
5.5372
2.7262
0.0682
0.1067
0
0.5968
0.9224
0.122
0.5782
0.163
0.3811
4.3441
0.044
0.01
0.0249
0
1e-04
0.2019
0.5292
6.9115
0.3204
16.5152
10.2722
0.0311
6e-04
0.1082
0.1419
0
0.0677
0.065
0.0052
0
0.108
6.9419
1.3675
0
0
0.2137
0.8081
0.0018
0.001
0
0
0
0
0.4351
0.0876
0.0818
9.4278
1.1141
1.4033
1.5026
0.0255
0.0307
0.1054
0
0
0
0.5693
2.685
2.6652
0.6616
4.2721
3.2017
0
0
2.6194
0.163
0.0959
0
0
0.5091
1.1691
0
4.2605
0.5607
0
1.01
0.4501
0
2.5838
0.8976
0.8537
0.0272
0
0
0.0024
5.8939
3.5352
2.9467
18.1838
2.2007
1.4981
0.6878
21.3726
12.5223
23.738
2.4686
0.0114
0.1576
0.0326
0
0.0099
0.0118
0
0
0
0
0
0
0.2837
7.066
2.4201
5.7517
3.5175
1.2291
0
1e-04
4e-04
0.4637
2.2138
6.8159
0.457
0
0
1.8716
4.4669
0
0.0867
0.2767
3e-04
0
0
0
0
0
0
0
2.3197
10.5346
4.7179
0
0
0
0
0.6938
2.0415
0
0
0
0
8e-04
0.1162
0.567
1e-04
5e-04
0.0171
0.9476
2.9429
0.1685
0.1285
2.6715
3.3103
0.709
0
3.5268
2.8179
0
9.9338
30.163
8.1626
2.4484
2.5994
1.3774
14.3992
1.2395
0
1.0201
0.2685
0
4.4038
0.5901
1.7011
5.0024
3.9843
0.0462
0
0
1.429
3.4825
1.0015
0
0.0958
0.0245
5e-04
0.4935
10.1174
9.6576
0.0792
3.0487
3.5299
0.3021
2.0552
6.7132
0.7372
0.3872
0
0.8249
1.7194
0.8282
16.7512
2.9541
0
0
0.2827
0
1.1622
6.8336
2.815
30.1471
15.0337
0.0208
0
0
0
3.7209
14.3014
4.6146
0.1704
0
1e-04
2e-04
0
2.2651
5.1628
1.8444
0.9086
0.9113
0.0203
0
0
0
4.0537
0.9752
0.5523
0
0.9764
1e-04
0
0
0
0.4054
0
0.0542
0.3981
0.0048
0
5e-04
4e-04
0
0.3012
1.2791
3.627
1.9508
4.314
1.0418
0.6279
0
0.4681
6e-04
0
0
0
0
0.2908
0.4754
7.5231
0.0711
0
0
4e-04
4e-04
0
0
0.0232
0.0587
4.4892
0.0575
0
0
1.5288
0.7387
0.4182
0
0
0
0
0
5.586
7.7039
0.132
0
7.8489
5.0123
4.949
1e-04
0
15.9109
2.1628
0
0
0
0.1443
0
0
0
0
0
0
0.4872
0
0
0
0
0
15.4867
6.0733
0
0
0
0
3.632
0.4632
8.1776
1.1544
13.972
3.604
13.5375
2.1595
0.837
0
0
0
6.6877
4.3834
3.7672
0.0677
0
0
0
0
0
0
0
0
0
0
0
0.5828
0.6944
1.2972
0.4916
0
0
3.3625
4.0011
3.0369
0.023
0.1956
0.0562
2.1366
0.368
1.8992
4.8416
4.9828
0.4023
0
1.0667
13.4092
29.3708
3.6997
1.6402
0.3126
0.2012
0
0.0026
0
0
0
0
0
0.0944
0
0
0.1032
0
0.0777
0
2e-04
0
0
0
0
0.5499
0
2.1129
0.1144
0
0
0
0
0.7289
0.3603
1.102
0.6733
0.68
1.7965
13.4776
4.4938
0
0
0
0
4.7661
1.4366
29.972
6.7796
0
3e-04
0
0
0
0
0
0
0
0
0.3279
0.5578
0.3
0
6e-04
0
0
0
3.1974
1.415
0.0809
0.2359
0
0.2686
0.8927
0.2218
1.1382
0.0563
0.1198
0
17.1538
32.5987
13.8786
0.3953
7.8264
0.0201
0
0
0
4.1073
8.3117
0.2697
2.1982
16.5715
0
0
0.1071
0.953
0.014
0.2642
0.0634
0
6.4381
0.2345
0.5638
0
2.6917
7.1992
0
0
0
12.6266
3.1205
1.7509
0
0.1176
1.8849
0.2551
0.2621
11.5114
11.1159
4.006
0
0.2551
0
2.378
24.6673
1.6115
0.0034
0.3431
19.7004
2.7475
0.2594
0.0481
7.0143
2.8174
0.7057
0.0453
0
0.1666
0.025
5.542
7e-04
8.3177
0.2475
0.0039
0
5.3928
2.4949
0
0
0
0
0
0.0092
0.9827
4.0445
4.1937
7.3262
13.4933
16.0286
3.1028
5.9933
1.4872
0.0179
0.1258
0.1491
0.3474
1.9906
0.5428
0.0144
0
0
6e-04
0
0
1.7825
2.3998
0.345
1.4408
0.5693
0.5254
0.0372
2.3712
5.2583
1.9858
6.8972
9.4029
6.3535
1.8825
0.7929
0.4322
0
0
0
3.0007
0.8617
4.6737
9.4258
9.0268
1.6508
0.7381
8.9844
2.9093
0.4075
0.178
1.4405
0
0
3.5688
3.2961
16.2269
2.1627
0
0
0.1653
0
0
0
0
0
0
0
0.4291
0
0
0
0
0.0103
0.0118
0
0
0.1784
2.6659
0.2096
0.5742
0.4959
1.8358
0.3297
0.0631
0
0.1468
0.4555
0.2512
0
13.5648
0.8302
1.6874
2e-04
0
0
0
0
0
0
0.2512
0.5756
0
22.9411
5.1477
52.6965
4.2944
0.0693
0
0
0
0
0
0
0.0168
0.0033
3e-04
0
0
0.3527
5.4198
0.9754
0.546
0
0.0325
0.0544
0.0558
9.848
1.048
1.0822
0.7815
6.5579
2.1358
14.6942
0.1507
0
9e-04
0.26
17.6425
0.0475
0.0121
4.1908
19.203
0.0772
0.0265
0
0.5611
2.2237
2.1913
3.2212
0
0.0655
0.1467
0.0933
0
0
0
0.0474
0.0704
0.1207
0.2365
0.0191
0.1077
0.8573
0.6808
0
0.2249
0.0195
2e-04
0.492
1.7542
0.2014
0.1552
1.6956
5.022
5.4518
0.0016
0
0
8.6174
6.5709
0.1272
0
1.0848
0
0.9031
0.6005
0.1749
0.506
0
0.1122
0.3982
0.3793
1.0308
5.7429
7.8216
0.0052
0.0193
0.2958
2.0799
0.2122
3.7025
2.9005
0.9247
3.7174
0.0229
0.004
1.4186
1.2652
7.8515
3.2346
8.9494
0.003
0
0
11.8506
7.1622
0.0204
0.0638
0.5924
0
0.4316
0.1326
0.263
0
0
0
0
0
0
1.4103
2.8972
0.0912
0.7708
5e-04
0.2514
0
1.32
1.0936
0.6719
0.0635
0.1747
0.2834
0.5964
0.1351
0.0576
0.0161
0
0
12.4757
16.5224
2.7713
0.0955
0.6467
0
1.2524
1.3132
14.4861
1.9834
0.3917
3e-04
0.1595
0
0
0
0.0472
0
0.4335
0
0
0
30.4646
9.9538
0.1227
0
0
0.2233
0.5122
0.0154
0
0.3496
0.7143
0.6579
1.2091
2.8226
0.0067
0
3.3456
0.4637
0.1825
0.6282
0
0.0351
0
0
3.4438
3.0914
0.262
6.6786
2.1169
0.0925
0
2.2883
1.8131
2e-04
32.3062
18.0373
1.5011
0.2847
3.6612
0.0433
3.198
12.4046
11.0375
0.6552
0.1206
0.495
8.5518
2.4439
0.8015
0.1245
3.9779
13.0269
19.9064
6.1738
0.269
0.0035
0
14.2798
1.948
3.8911
0.0124
0
0.1169
0.6679
0.0106
3.9933
3.1742
0.8946
6.4766
12.6065
0.3242
1.5998
0
0
0.1366
4.1354
3.8692
2.715
0.4872
23.0437
15.1388
1.1145
2.9983
2.2751
8.1929
7.0707
3.3418
3.3077
0.0213
0.5139
2.759
7.0868
2.6058
0.2462
0
0.0023
0.4226
5.7544
0.1409
1e-04
0.022
0
0
0
0
1e-04
6e-04
0
0
0
0
0
0
0
0
9e-04
1.9355
4.8361
15.4767
0.6798
0.0308
14.5068
0.1254
0
0.1199
0.153
1.6257
2.4653
1.5676
0.3533
0.223
23.3403
20.5099
13.8351
0.7822
2.173
0.003
0.0238
0
0
0
0
0.3226
0
0
0
0
9e-04
3e-04
0.0086
0.0018
0.0011
0.7249
2.379
1.6802
0.7688
1.0982
1.3899
0.2223
0
0
7e-04
0.0017
0
0
0
0
0
0
0.0017
0
0.8143
1.6513
0
5.9791
0.0018
0.1616
4.6706
1.2573
0.8861
1.9452
3.6276
0.3025
0
0
0
11.4628
6.8589
0.2884
0.4267
0
0.6196
22.1336
14.5728
0
0
0
0
0
0
0
0
0.0246
0
7.9233
0.2808
0
0
0
0
0
0
0.3876
15.6073
0.1738
0.6083
0
0.0798
8.668
0.2949
0.0787
0.3914
0.1591
0.9912
1.3529
10.847
0
0.5931
0
0
0
0.7498
2.2711
16.1599
4.9393
1.8344
0.4595
0.4821
0.001
0
7e-04
0
2.6702
1.6117
0.1165
0
0
0.3501
0
2.452
3.6004
15.0815
4.9187
0.429
0.3897
0
6.2715
9.8454
1.0772
0.6015
0
1.8144
0.6252
0.5775
0
0.3146
0
27.3565
2.6506
0.0886
0
0.4454
12.7225
16.7142
2.0997
0.0787
0.0745
0
0.0565
7.0454
4.1244
0.0756
0.1648
0.0655
0
0.0182
0
2e-04
1.218
0.1783
0.4824
0
6.0143
0
0
0.2698
4.1733
0.4471
0.0238
0
0
0
5.4115
3.1445
0
0
0.0013
1.7369
0
9.5719
2.0874
2.5269
2.2549
9.5874
4.457
1.0158
0.2815
0.005
0
0.1341
0.6965
0
20.7262
0.5719
0
0
0.869
0.3768
0.2049
3.3394
0.3418
0.4987
0.0304
1.9582
3.4405
0
0.0697
2.6452
5.0535
1.199
0.036
0.0692
0
0
14.0272
41.0669
0.0348
3.88
7.1964
0.3308
0
8.2031
2.6344
0
3.6939
1.9624
0.8066
0
0
3.878
28.9232
5e-04
0
0
0.2016
0.09
0.0943
0
0.1894
0.6234
0
9.6272
1.581
0
4.0414
9.5394
1.3613
0.2003
0
0
0
0.3775
7.2722
0
0
0
0
0
0.2036
14.8976
0.2358
0
0
2.4842
0.2616
0
0
0
1e-04
2e-04
0
0.0098
0.0047
0
3.2249
1.2816
4e-04
0.206
4.7618
3.6464
21.2817
6.0305
3.0355
0.6829
0
5
0.0797
0.0805
0.1128
1.5776
1.8842
0.0098
3.0452
0
0.1543
15.3406
17.2996
0
0
0
0
2.843
71.6461
0.0232
0.1027
0.2242
16.0024
1.5643
33.7049
28.7478
5.5375
0.5205
0.0819
0
0
0
2e-04
0
0.0011
0
6.1609
2.3857
0.8682
0
1.4193
0.0413
12.1744
0.1123
0.1109
2.6004
5.8731
0
9.5852
0.5154
23.5377
0.0571
0
5.8928
4.3693
7.9114
0.3311
0.0955
0
0.4758
0
23.8386
0.429
56.7187
0
0
0
0
2.8232
3.4559
0
0
0.0023
0.0024
0
10.508
12.0074
3.399
0
0
0.24
2.5313
0.9965
0
0
0
0
3.1801
0.0719
4.0035
0
0
0
0
0
0
10.5613
10.8117
9.3796
0
21.7316
3.7277
33.2653
0.5931
0.0538
0.4549
1.0396
2.3703
10.2303
8.4328
1.0182
0.5016
0
0.3256
0
0
0.2841
0.0086
5.9445
0.3201
0
0
1.051
0
0.0133
8.5592
8.6218
0.6292
0.2101
0
0
0
0
4.3698
0
3.5477
22.4379
0
0
4.0752
0
0.2095
0
0
0.3181
1.4039
0.0025
0.0019
0.5115
1.7156
0
0
0
0
1.5768
1.2359
0
0
0
1.4669
7.6566
4e-04
0
0
0
0
0.0282
0
0
0
2.711
4.7917
10.9693
1.5312
0
0
0
1.6129
2.7947
1.5274
1.0249
0.4348
0
0
0.5091
1e-04
4e-04
0.1388
0.0961
1.3689
0.3707
5.8726
1.8105
0.2247
0
0
0.2103
0.0145
9.6799
4.2745
0.1906
0.1062
0
0.5387
0
16.2677
2.0381
1.1854
0
4.1408
5.1633
0.9391
1.186
0
0.2607
0
0.0271
18.3247
0.0269
0
0
0
0
0
0
0
0
0
0
10.7464
6.707
7.3707
8.4848
0.4104
0
1e-04
0
1.1981
0.5627
0.0235
0.2325
1.2053
19.8502
1.6466
6.1809
19.6806
17.1946
0.2922
0
0.1926
0.3436
3.7747
0
1.3245
0.2211
0.0508
0.1691
0.0948
0.0482
0
0.7267
5.3051
0.1392
3e-04
0
0
0.2026
0.0951
0.0316
0
0
0
0
0
0.4919
8e-04
0.0064
0
0
0.0012
7.4369
3.8978
0
0
6.3008
16.7957
21.7912
9.0228
1.5012
3.3631
0
0.2388
0
0.9974
3e-04
0.0731
0.7194
0.136
2.9676
1.9811
1.6689
0.6608
0.3186
0
0
6.0272
15.3647
0.0033
0
0
0
0
0
0
7.0069
6.47
0.5176
12.6377
3.4139
0.7458
0.3717
0.3276
0
0
0
13.1176
0.1761
0.4262
0.0031
9.0538
0.064
0
0
0
0.001
0.8133
15.5419
22.2078
0.5364
0
0.2372
0
7.2254
0.4139
17.9424
0.4488
0
1.9395
0.0536
0.0925
0.7786
0
0
0.8973
10.9158
0.6607
0
10.4639
3.8139
4.2759
25.5686
19.1309
5.2298
0.0124
0
3.43
3.9605
0.008
0.0034
0.0799
0
0
0
0
0
0
0
0
0.0043
7e-04
0
0.2277
6.6104
0.2639
0
0
0
0.5991
0.6275
0.318
0
2.2195
0.2562
2.4078
1.5087
0
0.0014
0
3.8325
6.9431
36.4551
20.943
9.4347
0
5.2851
0.6134
0.3765
0.2051
6.3748
0.6609
1.8088
0.3256
0.0016
0
0
1.1778
11.0732
9.2051
23.9418
0.5916
0.2428
0.0036
0
12.5585
1e-04
0
2.7
2.4799
0.4642
0
0
0
0
0
0
7e-04
0
0
11.6218
15.0874
12.8945
40.2456
8.3142
2e-04
0
0
0
0
0
0
0
0
0.1691
0
37.2844
28.2697
12.9161
9.8494
3.3344
1.693
5.9308
0.7481
0
0
0
3.5475
4.3438
2.55
8.9848
0
0.0468
0.1201
1.0129
8e-04
29.0919
28.5481
0.0875
0.3239
0.1862
0.4096
0
0
2e-04
0
0.6691
0.0037
0
0
1.7983
3e-04
0
0
0
0
0
0
0.0828
0.0052
0
0.024
5.8993
6.8884
19.1729
1.624
0
0.016
0.0978
0.6896
0.2829
0
0
0
0
0.262
8.3029
0.0495
0.2231
0.6843
19.0654
0.3951
0
0.0011
0
0
0
0
0
0
0
3.6921
0.0234
0
3.0514
0.1363
0
0
0
0
0.0073
0.3678
0.6054
7.7307
0
0
0
1.3323
0
0
0
0
0.3933
0
21.5876
0
0
0
0
0
0
8e-04
0
9e-04
0.1157
0
0
0
0
5.8386
2.1032
0
0.002
0.06
0.3623
0.275
0
1.3596
0.0015
0.0013
0.0768
2.5575
2.4871
0.001
0.002
0.1516
0
2.8617
0
0.1067
0.0508
0.5319
0
0.285
1.8525
14.4143
1.3079
0
0
0
0.246
0
0.9146
0.4093
0.0597
0.782
0
16.7492
5.8118
0.0856
0.134
3.0358
8e-04
2.088
2.8849
0.186
0.2345
3.0308
7.3853
0.9514
0
0
1.691
6.0874
0.1713
0
0
17.7827
5.7027
0
2.568
0
0
0
0
1.4162
0
5.5224
1.4176
0.1442
1.0677
0
0.906
13.8871
1.0146
0
0
0.033
9.9245
0.1034
0
0
0.8115
2.3286
0
0
0.42
0
0
0
0.2343
4.0957
0
12.038
7.1782
2.1064
4.0851
4.8696
0
0
17.7719
0.3851
0.4735
5.276
1.9391
0
0
0
0
0
0
0
0
0
0
0
0
0
0
0
0
0
0
0
0
0
3.621
0
0.4699
2.745
0
0.095
0
0
22.0378
0
10.4134
0.2794
0
0
5.4907
10.3467
2.4294
1.6954
0.9873
0.6296
0.7447
1.9718
11.0928
0.3003
0
0
0.0016
0.0172
0
0
0
0.387
0
0
0.2503
1.0576
0
1.945
0.0837
0
0
0.0478
1.6276
0.6159
0
0
0.028
2.9968
0.0168
0
0.3986
7.6312
6.6581
6.4284
0.0043
0
0
0
0
0
15.225
6.9063
2.5177
0
0
0
0
0.4842
0
0.4534
0.4211
9.5616
15.0089
7.3141
8.657
0
0.0048
1.0334
0
0
0
0
0
0
1.4258
1.4026
0.0059
7.2333
0.0398
1.1839
0
9.4262
0.0213
0
0
0
21.7574
0
0
3.9795
4e-04
0
0
0
0.3448
0
0
0.2432
5.4425
4.1585
0.0103
10.8422
20.8265
4.4116
7.3921
2.1994
1.3435
0
2.0993
2.0222
0.0181
4.3048
0.5536
0
0
1.5826
0.5416
1.5043
1.7904
7.4982
0.0508
2.3456
0
0.144
5.5653
22.7382
0.038
0
0
0
4.6776
0
0
0
1.0661
10.2149
9.13
5.498
1.3031
0
0
0
0
0
0
0
0
0
9.4753
0.7618
0
1.0719
0
0
0
1.8745
0
0
0
0
2.6538
0
1.5266
0
0
0
3.4967
0
0
0.68
0.441
27.3137
3.1348
0
0
0.5039
16.8727
0
0
0
4.1533
3.8176
1.8233
0
0
7.6587
0.2166
0
0
11.9207
0.3031
0
0
0
0
4e-04
7e-04
0
0
0
0
0
0
0
0
14.7439
0.5587
0
0
0
0
0
0
0
0
0
0
0
0
0
0
0
2.8639
4.535
0.4974
0.3896
0.125
0.0189
0
10.2117
0
0
0
0
0
0
0.2148
0.1267
9.3904
1.0638
0
0
0
13.6674
0
0.016
3.7933
15.0517
1.3375
0.0014
0
0
0
1.635
0
0
0
0
0
0
0
0.032
0
0
0
0
0.027
6.7552
4.6051
0
0.0013
0
0
0.0016
1.0763
0.2459
0
0.8571
0
0.0014
0
0
0.5108
1.084
2.2525
1.1846
1.082
0.0049
0
1e-04
0
0
0
0
1.036
0
1e-04
0
0.5529
0.3492
0
0
0
0
0
5.0962
5.8986
0
2.3337
0.7597
0.0014
3e-04
0
14.0612
0.0014
0
0
0
1.3591
0.9798
6.8577
0.2125
5.9796
0
0
0
0
0
0
0
0
0
0
0.0321
0
2.9141
3.264
0
0
0.1586
3.625
0.1188
0
8.7237
8.4819
0.5112
0
0
0
0.2071
0
10.6493
3.7691
2.1029
0
0
0
0.9581
4.8062
1.5904
0
0
9.0115
20.1238
0
0
0.8672
0.0067
0.0051
0
0
0.0151
2.5604
0.5974
0.2383
7.7325
4.768
0.2202
0
0
0
0
0
0
0.0015
0
12.1453
6.3468
0
1.2232
0.0647
0
0.4932
0.0771
0.4045
10.0683
0.094
1.0023
4.3597
0
0
2.2082
0.2673
1.9496
16.1676
0
1e-04
1.118
10.9457
0.2667
0
0.0042
3.4541
19.0686
1.5242
0.5348
1.4531
0
0
0
1.7062
23.6383
0.8156
1e-04
0
0
0.0696
0.3163
5.1017
19.1741
12.0327
5.0754
4.3332
2.8852
20.72
0.3971
0.2066
14.504
1.5192
0
0.3213
29.3513
0.0442
1.2104
0.0013
0.8243
0
0
0
24.9799
0.0479
0
1.5963
0
0
0
0.8962
2.6562
0
0
5.4404
0.9496
0.1013
0
0
0.6125
0
0
0
0
0
0
0
0
1.7427
21.7462
18.5719
15.3342
1.0464
1.8846
3.7889
0.1305
0.4172
18.724
14.113
0
0.2766
0
0
0
0
0
0
0
10.9087
2.6769
0
0
0
0.1529
10.1359
3.9936
0
1.8071
16.3649
0
0
0
0
0
0
0.0467
2.3221
0
0
0
0
0.0198
28.6003
1.1885
6.9359
0
6.2751
0.4185
0
0
0
0
8.5314
2.8255
0.0779
17.7942
4.8614
1.1633
7e-04
0
0
0
0
0
0
0
4.3302
21.7199
9.124
0.4102
7e-04
0
0
0
0
0
0
4.8934
0.7415
3.5001
0.3552
0
0
0
0
0
7.6362
0.9261
0.3008
0.3308
0
0
0
0
0
0
1.0931
0
0
0
6.6111
1.8047
5.9066
7.2745
0.0354
0
3.3436
0.2291
0.4245
0.0574
0
0
0
0.1524
0.1559
0.001
0
0
3.4846
2.6831
2.003
0
1.2973
0.252
0.0819
0
0
0
0.0732
0.3643
2.0916
2.0554
0
0.5177
19.9138
5.2576
3.1701
6.4997
3e-04
10.3419
6.0727
0
1.5526
0
0.2788
0
0
0
0
0.0273
0.2326
0
0
2.9246
0.7242
0
0
0
0.1321
0.9699
0
0
0.0936
0
0
0
0
0
0.6971
0.3498
0
0
0
0
0
0
0
0
0
0.1999
0
1.0898
0
1.2698
9.4462
1.3196
0
0.1754
0
0.2289
0
1.8306
0
0.3988
10.8297
5.9225
0
0
0.0232
12.0462
1.7171
0.2505
0.027
0
0
0
1e-04
1.474
0
2.1023
6.4835
0
0
0
0
0
0
0
0
0.3484
0
0
0.1617
0
2.2861
3.35
7.589
0
0
10.0129
1.782
0
0
0
1e-04
0
0
0
0.4618
0
0
0
0.0564
0
0
4.7151
0
0.5687
0
0
36.2408
0.4049
0.5138
3.988
4.4881
10.1999
0.4504
0
0
10.0413
0.9558
0.6198
0
0
15.9727
1.236
5.9558
0
0.6885
0
0
0
0
0
0
0.2623
0.0923
0
0
0
0
0.0277
13.535
0
0
0.0505
7.8947
0
0.2542
33.1684
19.6511
1.6541
7.7673
2e-04
0
6.7366
1.2557
0
7.9116
10.9643
12.5912
12.5691
0
3.4783
0.0179
0
1.3278
11.6579
0.3174
0.8756
8.1269
10.3484
0
1e-04
2e-04
7e-04
0.1542
1.1518
0
2.3119
4.2015
0.6069
0
1.1223
0
0.3498
5.1051
2.4901
6.0744
1e-04
0
0
1.7149
0
1.1839
0.6292
3.2929
0
2.3789
1.6497
1.8372
0
0.9294
0.2806
0.2609
2.4033
3e-04
0
0
0
0
0
1.1369
0.2365
1.9087
0.786
10.2523
0.3817
0
0
30.9096
0.1907
1.5231
1.4984
0.3451
10.8348
0.2974
0
1.6685
1.1914
1e-04
0.2858
0
0
0
8.5166
0.0416
0
10.6677
0.4226
0
0
0.9433
0
0.1599
6.317
0.5343
0
11.8382
22.5943
0.5852
1.1735
1.5266
0.1739
2e-04
0
0.01
2.9135
0
0
0
0
0
0.0183
2.6542
1.7264
4.8471
25.8871
0
0
0.9301
2.41
0
0
0
7.5431
28.2834
0.3933
6.5306
0
0.0715
13.955
2.2682
0.4095
0
0
0.0519
0
0
0
0
0.3922
22.7188
6.454
0
0
0
0.5146
8.0554
14.4128
0.228
16.4343
4.1816
15.5364
0.4253
0
0
0
3.4749
6.201
5.7385
3.712
14.9541
0.4283
0
0
0
0
0.1295
0
4.5993
0
0
0
0
0
2.3036
0
0
0
0
0
0.057
0.0296
0
0
0
2.475
0
0
0
0
1.0357
0.7724
0
3.252
6.2029
11.8877
15.2265
0
0
0
0.4834
0
0.2621
0.046
0
0.1608
0
0
0.5393
5.2622
15.6756
0
5.4689
22.9545
1.8214
0.2774
0
0
0.0085
1.6935
0.0326
0
0
0.0127
0.3438
0
0
0
0
0
0
0
0
3.6612
0.6347
0
0
0
0
0.7499
0.4303
0.1215
0.2507
0
0.053
0
4e-04
0
0
0
0.2067
3.5983
0
0
0
0
1.9555
17.5985
14.4729
30.0068
0
0
0
0
0
0
0
0
4.2907
5.2231
0
0
0
0
0.6759
0.2209
0
2.4125
9.5526
0.2658
0.9369
0
0
0
10.3185
0.1173
0
0
1.7739
7.4469
0.2063
0.0571
0
0.0421
0
10.2409
0
0.0026
0.1912
0
0
1.3807
3.0292
2e-04
0.0519
0
3.6151
0.0897
0
1.1148
1.9394
7.0205
15.0816
0
0.0013
9.7249
2.8001
0
1.6894
11.9676
2.8893
0
0.2478
0
0
15.3694
12.7185
0
0
5.2101
19.9898
4.008
0.1615
0
0.0252
0.0637
0.4749
5.4718
4.1143
0.274
0
0
1.4003
0
3.0279
9.0494
0.1484
0.4639
0
12.401
0
0
0
4.0224
0.6181
8.0174
1.3138
0
4.4885
17.459
14.9177
0.1627
0
2.1678
2.0786
0.804
0.3579
0.3575
0
0
0
0.2154
7.9795
0.9756
0
1.6437
11.3636
1.5497
0.0025
0
0.0517
1.6511
6.8908
10.0472
4.7485
0
0.019
0
0
2.2756
2.7642
0.0377
4.3378
0.3272
0.421
0.2244
1.2655
0.3559
0
0.6312
0
0
0
3.334
1.6357
1.9466
0
0
0
0
0
0
0.5897
0.0238
0
0
0
1.6304
1.3376
0
0
0
0
0
0
0
0.6528
0.7995
0.3533
0.7402
0.2327
9.029
0
0
1.9422
5.8797
0.1821
16.2859
1.1619
0
0.0584
0.0326
0
0.1373
3.8628
0
0
0
0
0
3e-04
0.7896
0
0.9209
0.9406
0.649
0.0024
0
20.0906
0.2584
0
0.3836
31.2902
2.0017
0.5755
0.0959
0.0398
0.1299
0
0
0
0
0.6528
0
0
0
0
0
0
0
0
0
0
0
4.3874
0.4503
0
0
2.1991
3.4512
18.8164
1.8056
0.3954
0.2492
0
0
0.0727
36.6721
0.1546
0.6128
0
0
0
0
4.1964
0.1258
9e-04
0.4246
0
0
0
0
0
0.1416
0
0
0
0
0.1055
8.8016
0
0
0
0
0
16.6977
2.962
0
0
1.9509
2e-04
0
0
0
0
1.2139
6.6716
1.1223
0
0
0
28.4709
6.184
0.2254
0.1688
0.0326
3.4336
1.6926
0.1724
0
2.3822
0
2.0136
9.6612
2.1898
3e-04
0.1827
1.2863
1.2123
0
0.1103
1.9211
0.0028
2.1485
0.001
0
5e-04
0
0
0
0
0
8e-04
0
0.3013
5.6245
0.845
0
0.0918
0.4163
20.4166
4.7875
0.441
0.8117
0.0947
0.4869
6.4138
0
0
0.446
0.0083
5.6582
8.639
1.6081
2.9879
0.4157
0.4279
1.4439
2.2526
0
0
0
0.3677
0.0538
0
0
0
0.0528
0
0
0
0.1543
0
0
0
0
0
0
3.3222
0
0.2296
5.2061
0.1026
0.4522
2.281
0.0056
0.0641
4.0975
0
0.1658
0
0
0
0.8503
0
0.1316
0
0.1143
0.8103
0
2.7334
0.1583
1.5057
0
0
13.5619
5.1319
1.7056
0.3296
0
0
0
1e-04
0.7826
0
0.4623
4.9245
0.7597
0
0.8067
1.7175
0
0
0.059
11.4225
0
0
0
0
0
3.77
2.2145
12.4194
0
0
0
2.7862
1.2915
0
0.7521
12.8198
0
0.2401
1.7819
0
0
11.7697
19.9922
0.2341
14.981
0
0
0
0
0
0
0
0
0.0478
0.4364
2.1255
0.5878
3.5021
0.4755
0.2391
0
0
0.6087
1.6175
0
0
2.4102
0.8768
3.5387
18.3203
0.2859
1e-04
26.8619
0.4719
9.016
4.0239
32.0254
14.8591
12.7299
3.0976
2e-04
1.2752
6.6442
0.226
0.0583
1e-04
0
11.3348
0
0
0
0
0
0
0.9146
1.763
0
0.1086
15.111
0
0
8.1422
0.5724
0
0.106
1.0137
11.7715
0.5197
0
9.1818
19.0623
0.8199
9.6826
0
0
16.5277
0.0961
1.8606
0
0
0
0
0
0
9.9311
1.4454
0.5069
1.1426
3.7103
3.1262
5.0755
0
3.92
14.7245
0.4387
29.8425
24.3028
9.5006
8.7817
0.2374
0.4567
0
0
0.5854
0
0
0.6614
0
0.0135
32.7707
2.7984
1.6976
1.4902
0
0
18.9271
0.5998
0.0071
0
0
0.2187
26.0108
18.5235
11.02
0.4839
1.522
0.3107
0.9924
0.4845
0
3.154
6.8641
0.0404
0
0.8102
3.1399
0
0
0
0
0
1.9215
0
0
0.1153
14.1947
2.451
0
0.674
1.5254
1.687
39.5509
5.3905
0.0649
0
0
0
0
0
0
0
0
0
0
0.2725
6.2633
0
0
0
1.335
0.1762
0
16.8447
0.6522
9.0441
2.5215
0.0816
28.6204
0.4367
1.4939
0.0623
0
0
3.0379
3.1627
0
0
0
0
0
1.4875
0
0.0223
0
26.1782
5.0687
1.6896
3e-04
0
0
0
0
0
0
0
3.9607
11.1071
0.0048
1.6446
1.5115
0.0225
0.327
1.9799
0.2243
0.0207
0.0587
0
0.128
0
0
0
0
2.65
7.3357
0.701
0.0601
0.5625
0.8401
0
4.6878
3.9845
0
0
0
0
8.2487
0
0
26.8151
11.622
0.0824
0.9768
0
0
0
0.0228
10.3932
1.1763
0
0.0573
0.2458
8.791
0.6426
0
0.1318
4.4431
0
3.1696
0.0019
0
0.5264
0
0
0
22.6182
3.0751
0
0
0
0
6.9136
8.1481
0
1e-04
1.4599
1.8886
21.3649
3.5339
0.1746
0
0.2424
0.169
0
0
0.823
0
0.6778
0.3473
2e-04
1.763
0.0218
0.397
0
0
0
0.3711
0.2793
0.1217
0.7242
3.6395
0
0.0221
0.0221
0
0
0.0372
6.0662
0
1.5024
0.3295
1.021
0.3358
0.2203
0
0
0
0
0
0
0
0.0808
0.0404
0
2.7446
0.6785
0
0.5356
1.0296
0.0911
0
0
0
0
9.7678
0.5883
3e-04
10.9165
5.105
0
0.6694
0.2678
0.1091
0
0.0208
0
0
1.7076
0
3.0694
0.307
1.7024
1.1422
4.2617
0.1406
3e-04
0
3.2453
1.5493
10.2403
0.8497
0
1.5484
4.2409
0.3896
0.2941
3.0274
0.0575
0.2037
0
0
0
0.6159
0
0
0.0607
1.4088
3.9244
0.1187
0
0
0
0
0
2e-04
3.5393
3.7141
4.4906
0
3.885
0.5372
0.3312
0
0
5.8692
2.4375
19.1141
4e-04
0
0
0
14.8374
0
0.0147
3.7191
2.6406
6.0504
1.2718
1.9499
9.8995
0.0019
2.7429
5.7471
1.3782
0
32.4787
0.016
0.7683
6.319
0.3398
0.0652
0.1057
1.5697
0.3363
17.508
24.4059
0.5787
1.1642
0.3704
0
0
0
0
0
1.8141
5.4241
24.5043
18.3382
0.3624
29.6858
2.9601
4.1601
3.6946
0.8261
0.3572
0
0
1.4006
0
1.1313
9.3058
0.108
0
6.7199
0.2847
0
0
0
0.0049
4.7609
0.5143
0.4799
0.8582
0
0
0.5363
0.8526
5.7168
0
0
0
0.2616
8.1498
3.3603
0
0
0
19.281
7.7021
0
0.7845
6.9058
3.3009
0.0512
0
2.1507
18.1149
0.0063
0
0
12.5247
0.1329
0
0
0
0
0.8842
0
0
0.1247
0.0788
5.2654
0.137
0.0027
0.7805
10.9937
22.9813
0.1173
0
0
0.0595
0
7e-04
22.4337
25.0092
19.9235
0.2833
0.0275
0.0679
0
4.8825
2.939
2e-04
0
1.0744
2.0158
0.2716
0.0667
0
0
0
0.048
0
0.0279
3.29
0
0
0
0
0
0
0
0
0
0
0.2281
12.892
0.1053
0
0.7403
0
0
0
0
0
0
0
0
0
0.0589
1.3176
0.008
14.2924
0.5014
0.007
16.1571
0.8739
0.4868
0.2695
0.1958
8.9688
3.3321
0.1053
0
0.2468
6e-04
3.5129
1.3842
0
0.0367
19.4537
0
18.1078
0.0028
0
0
0
0
0
0.1623
9e-04
0
0
0
2.3109
5.8594
0.8568
17.4688
2.6367
0
0
0
19.9949
6.6922
0.0741
0.2255
4.7009
1.7695
5.6997
6.3545
0
0
0
0
3.4365
10.3567
1.5508
3.191
2.5558
3.4493
0.1694
0.0029
0.3758
0
0.0014
0.3491
0
0.0832
0
0
8.3594
12.601
0
0.1191
0.0098
0.3122
0
0
0
2.7413
0
3.4011
19.0489
3.1878
22.7317
8.2153
0.0084
9.9837
0
0
10.3824
33.5495
12.6595
3.7012
0
0.0024
0
0
1.6058
0.88
0
4.4524
0
1.0371
0.1879
0.1875
0
0
1.9129
0.6974
0
0
0
0
0
0
0
9.0843
7.8811
2.9562
0.17
0
0.152
0.4867
3.4822
0.0618
6.5407
6e-04
0.3235
0
6.227
2.0702
0
0
0
5e-04
0
0
3.7025
2.6181
0.0018
0.2114
2e-04
0.5596
0
0.8607
0
0.002
0.0136
0.6574
2.7432
0
0
0
0
0
0
2.9298
1.2295
0
0
5.4189
0.0099
6.8159
1.6693
0.1658
0.346
0
0
0.1719
0.6097
14.7137
1e-04
0
0
0
3.5272
3e-04
0
0
0
0
0
0
0
0
0
0
0
7.8453
13.6384
11.7091
23.3317
9.5738
0.4333
13.9555
0.4551
0
0.8628
2.4683
5e-04
0.0195
0
0
0
0
0.3069
0
0
0.7817
2.5428
0.214
3.3592
4.5537
0.0224
0
0
0
8.8362
2.2467
0
0.9854
4.2805
0.7484
0.3055
0
0.2003
5.4198
0.023
1.1132
0.1003
0
0.0016
0.0634
0
0
3.145
0
1.272
0.3493
3.0071
0.079
0.1452
6.5743
1.0385
0.0032
0.4303
0
0
0
0
0
0
0
0
0.0671
0.9179
0
5.6542
8.1218
13.7097
5.4118
0
0.1053
0
3.519
0
4e-04
7.5264
6.3497
0.001
0
7.1398
4.0161
13.4814
7.3067
13.5378
12.9098
1.1621
10.1976
0
14.4887
5.7627
0
2.2882
3.7432
2.7527
43.3002
0
0
0.204
0
0
0.0593
0
0
0.5207
0
0.0244
2.6906
0
0.0599
2.1241
0.0254
8.4455
9.7528
0.7524
7e-04
0
0.0344
0.3272
5.811
0.2245
0
0
0
0
0
1.237
0.5972
0
18.9877
23.3148
0
0
0
0
0
0
0
2.8217
0.1023
0.2887
0
0
0.195
0.3564
0
13.4149
0.6851
0.1931
0.4174
0.4045
0
6e-04
35.929
1.7273
3.553
31.3952
0
0
6.3963
0.241
0
0
0
0
0
0
1.1087
0.001
0
0.1298
0.5357
0
0.0424
0.3718
0
0
0.3056
0.0067
0
1.7334
1.004
1.8905
0.2304
19.5055
1.4819
0
0
0.1963
0
0
0.0036
6.6321
0
0
0
0
5.0509
0
2.593
4.4797
0
0
0
1.9524
0
19.0038
10.7896
0.0021
4e-04
0
0
0
0
2.1195
0.9324
0
0
3.5102
4.6899
19.2718
0.0598
0.371
0.0042
0
2.2676
0
0
0
1.6673
3.3128
2e-04
1e-04
0.4159
0
0.1729
6.5805
0.3767
0
3e-04
0
0
0
0
0
0
13.891
4.7422
0
12.7853
4.8487
0.0156
6.1935
0
19.7642
5.9305
0.5096
0.7194
0.1174
0
2e-04
0
0.2907
2.1462
0
4.3646
2.7348
0
0
11.1759
7.9493
0
0
4.6034
0
6e-04
0.1665
0.4982
0
0
0
7.6851
0.0449
0.1618
0
6.4402
9.8919
12.7758
0.5368
0.2261
5e-04
0.1622
0
0.0014
0.151
0.3486
0.4173
0
0
6.7325
9.3104
0.2846
0
4e-04
0
0
0
0
0
0
0.274
5e-04
0.0904
1.3375
0
0
0
0.5162
0
0.0203
5.8199
6.2815
0.2567
10.6674
6.5999
0.0014
7e-04
0.8623
0.7216
0
0
0
0.0019
0
0
0
0.3502
0.7566
0
1.5274
0.0199
0
2.14
8.05
5.7685
9.4426
0
0
0
9.6525
0
0
0
0
0.6491
0.0655
9.4889
0.2031
0.0232
8.864
0.0011
0
0
0.7121
0.0012
1.7102
0.8073
4.752
0
0
0
0
0.543
1.0269
12.8022
0
0.262
0
0
0
0
0
6.4561
18.2049
6.4459
9.2354
7.8549
14.4361
5.5435
2.6027
9.1696
3.3226
0.1541
1.3988
0
0
0.1462
39.0943
9.9076
2.4598
0.0036
0
4.3695
2.4061
0.4542
9.4519
4.1219
4.2829
0
0
24.2217
0.1971
0.0014
0.1265
0.0051
0
0
0
0
0
0
2.0239
6.936
7.6881
22.4574
28.3102
4.4509
0.5327
0.0563
0
2.9735
3.6321
0.3143
0
0
3.5049
10.4492
6.348
6e-04
0
0
0
0
3.5837
6.6646
25.5383
2.7793
21.9861
0.0653
1.8068
0
0.1076
0.7326
0.2819
0.7935
6.5878
0
2e-04
0
1.279
4.5967
19.271
1.0166
2.2826
0
0.1071
0
3.8171
0.2082
0
0
0.6623
0
0
0.0018
0
0
0
3.3055
0.01
0
0
0
8.5486
0
0.0718
0
0
0.9786
0
0.3731
11.2239
6.7159
32.6025
0.6823
0.1667
2.2861
1.2252
0
0.1557
2.9006
1.1472
0.3294
0
0.5275
1.521
0.0325
22.1717
7.1593
0
0
4e-04
0.0259
11.3878
4.1607
0.091
0
0.7593
2.0945
0.432
0
0
2.0356
9.0382
0
8.3439
1.0337
9.182
0.3519
1.4931
0.5168
0
0
0.0215
0
0
5.8875
0.1757
0
0
0
1.4931
46.6496
0.041
2.1402
2.4692
0.2473
1.7474
0.592
0.001
0.1469
3.4412
15.407
5.078
0.6737
0.4108
1.9516
0.107
0.083
0.0263
0
0
0
10.0197
0
0.5306
0
3.4941
0
0.0016
0
6.8606
22.9169
1.5761
0
0.7943
0.0166
0
0
0
0
0
0
0
0
0.6115
20.0688
43.7228
0
0
0
0
0
2e-04
0
0
0
1e-04
6.6334
4.308
0
0.3389
0
0.2889
7.5496
0
0
6.9811
8.4559
0.0705
6e-04
5.5059
8.2289
0
0
0
0
11.8242
8.319
0
0
0.275
26.6573
16.7245
2.5428
0.8107
0
3e-04
0
3.3029
21.29
5.9435
22.0456
0
0
0.0162
0.0391
0
0.9251
0.0407
0.1216
0.1089
0
0
0
0.0013
0
0.2009
0
5e-04
2e-04
2e-04
0
0
0.2538
0.0918
0
0
0
0
0.0191
9.4399
2.4038
1.208
0
0.7393
0
0
0.6499
0
0.0434
0
0.0132
6.3295
0.2282
0.0203
0
13.4793
10.6607
0.1659
0.0671
0
0
4.3289
0
0
0.2208
0
0.135
0
4.3638
19.8534
0
0
0
4.5276
0
2.6397
2.1287
17.6494
2.4882
0
0
0.2854
0.4009
0.0479
0.0224
3.3211
5.7388
0.3066
0.3633
1.0631
0.8946
0
0.2938
0
0.0871
0
20.3956
1.8861
0
1.21
2.4373
0
0
0
0
0
0
0
0.0932
0.002
25.0744
27.6099
11.6755
0.1709
0.8074
1.5359
2.6172
15.0748
0
0
0
0
0
0
6.503
3.0637
0
0
0
0
0.0563
6.9527
0.3429
0.2413
0
1e-04
0
0
0
0
1.7764
4.0012
3.3255
0
0.1325
0.2319
0.5852
1.9519
3.1262
7.6098
8.873
0.0223
0.1057
0
10.9527
0
0
0
0
0
0
0
0
0.0387
0.1763
5.2728
0
0.7622
0
0
0.086
0
0.0296
2.192
8.4783
0
0
0
0
0
0.1865
2.8434
1.1392
0
0
0
5.9487
0.5355
0
1.8471
0.0072
1.5297
0
10.4508
0.0324
21.1224
0.0012
0
0
0
0.1072
6.4026
5.2621
22.8723
4.0309
0
0
0
0
0.5458
0.001
0.0356
22.7681
11.658
7.0123
7.3343
11.1079
0.1847
0
0
0
0
0.0182
11.3235
0
0
12.0812
37.6182
66.2357
14.1438
0.2292
1.5344
9.7156
0.0291
0.0263
0
0
4.7905
0
0
0
0
0
0
0.4488
8.0624
5.3413
28.4276
0
1.4395
0
0
8e-04
0
0
0
0
0
0
0
0
0
0
0.0012
6.7624
8e-04
0
0
0
6.2438
3.3316
1.3369
0
0
0
0
0
0.924
0
2.7188
0.3264
0
0
0.0363
3.5843
0.2776
2.6058
1.3207
0
0
3.4293
21.8141
0.4964
4e-04
0
1.2716
0
0
0
0
0.1616
0
0
0
0.1617
0
0
0
0
0.6247
0.0277
0
0
0
8.8891
15.6347
0.3091
0.4639
0
1.3712
0.771
1.8437
0.037
0.1037
9.1989
30.1935
0.0752
0
0
19.6186
0.0037
0.0197
2e-04
0
5.1635
0
1.0286
0.1813
3.9315
2e-04
0.9647
0.131
9.5792
0
8.823
24.2944
1.4333
0.003
11.7771
1.8238
2.7717
1.0285
0
0
0
0
6.9317
0
0
1.223
0.2684
2.2532
1.8203
0
0
0.5389
2e-04
3e-04
11.5745
26.3077
1.7698
0.6526
0
1.2996
0.7527
0.0033
0
1.0563
0.16
0
0
0
0.4716
0
0.1885
0
0.2927
0.4503
0.19
0.3855
4.6945
0
7.3202
0.202
0
4.8762
28.5275
49.5163
0.4777
0.0889
0.9871
1.0058
0.0186
2.4461
1.6077
0.2149
0
0
10.6601
1.996
0
0.1832
0.165
3.027
0.7568
0
0.0059
15.4494
0.003
0.5461
1.796
0
0
4.7604
24.0221
4.0359
5e-04
1.1244
3.1499
0.0364
0.0564
0
0
0
2.5929
0.0576
0
0.2314
4.6047
29.1915
0.5937
0.564
5.18
0
0.0272
0.0264
0.0397
7.389
23.8018
0
0
1.8528
11.824
0
0.4518
11.8215
0
0
0
0
0.8293
3.2482
12.828
6.0789
3.5777
0
0
0
0
0
2.5035
2.6844
0.0256
0
0
0
5.832
1.4076
0
0.3733
9.9866
0
0
26.923
5.3404
0
0
0.221
1.5547
11.3058
1.0959
2.9658
15.0676
2.4209
0.0303
7.9099
0.9846
6.9946
0.8947
5.802
0
0
0
0.1747
0
0
0
1.1889
0.0227
0.1745
0
0.0449
23.1459
0.0126
0
17.6212
5.6941
0.0199
0
1.0522
0.1403
6.7357
25.2734
0
0
14.5492
7.038
0
5.8375
0
0
0
0
14.2817
5.7967
2.198
0
9.0248
25.2982
2.8673
5.8698
1.7418
0.615
0.3199
0
27.1043
0
0.0013
0
0.5211
16.0592
12.2038
0.5627
0.2402
3.8379
5.7889
0
0.0686
0
0.3688
0
0.8923
3.0542
0.5121
0.473
7e-04
0.1182
0
0.1137
0
0
0
0
0.0666
11.3981
0.018
0
1.0431
5.2433
0.0014
0.5734
0.1297
0.0044
2.5929
0
0
0
1.2528
0.9465
0
0
0.8837
0
0
0
1.0997
0.0043
0.3277
0
0.3768
0.0906
0.0912
0.2122
0.0971
0
0
0
0
0.4036
2.4266
0.0066
1.145
0
7.8319
0
0
57.703
10.8276
3.5039
0.2002
0
0
0
0
0
0
0
0
0
0
0.0615
0
0.0787
2.8316
3.2167
3e-04
0
1.6725
0.1786
0
0.0192
0
6.6543
0.2435
0
0
0
0.0586
0
2.296
13.6475
0
0
0
0
0.8296
0
0
9.5552
0.1152
0.1441
1.2603
0.1036
0
0.0593
0
0
0
0.5066
0
0
0
0.3336
0.0985
1.1164
0.0012
0
0.4665
13.7124
3.2481
28.7502
0.0246
0.1372
0.1716
0
0
0
0
0
2.525
0.3029
0.0022
0
0
0
7.4237
2.191
0.5604
0.0067
0.7531
0
0
0.0834
0.3605
15.4049
10.0718
0
0.0391
0
2.3803
3.9096
1.0839
0.7681
0
24.5044
0
2.4395
0
1.2754
17.0384
0
4.1432
0.4892
7.7567
0
0
0.0741
0
0
0
0.6208
0
1.1208
0.3428
0
1.9023
5.9458
0
0.8851
1.3426
3.5855
0.0205
0.0477
0.4302
0.2336
0
0
0
0
0
0
2e-04
0
1.5533
17.9113
0
0.2063
0
0
4.5622
0
0.0662
0
0
0
0
0
2.9101
42.6468
2.0307
0
0.4485
0.5526
0
0
5.9241
0.4028
0.4078
2.2292
0.0284
0.2031
0
0
1.8063
7.59
0
0.0279
1.2345
0
0
0
0
7.1348
55.9885
0.4738
15.1059
7.1136
0
0
0
0
0
0
1.6826
1.3129
0
0
0
0
4e-04
3.0788
0.0603
0
0
7.7618
0.5301
0.3517
0.4672
0
9.2921
0
2.3455
21.0862
0
0
0
3.479
0
0
7.7526
18.8871
2.0947
2e-04
0
0
3.0335
9.6818
2.2805
1.0835
0
0.1774
0
0.132
0
7.7523
6.5409
9.0475
7.9836
0.7285
0
0
0
4.1481
1.5969
13.8792
1.5856
0
0.6359
0
4.1779
28.2084
0
3.0078
0
0
0
0
0
0
0
0
0
1.2957
5.7009
8.0402
0.0807
0.9375
0
6.279
11.6832
3.7685
0.0028
0
0
0
1.8367
0.4503
1.095
6.1047
4.565
0.6966
0.0455
0
0.0067
3.7278
0
42.6758
1.5685
0.1188
0
0
0
0.0175
3.16
0
0.2368
0.1574
0.0852
0.0293
2.2884
0
0.0321
0.0017
0
0
0
0.0357
0.1655
16.4143
0
0.3871
0
0
0
1.2072
0
0.2862
0.6272
2.133
10.7133
8.4478
1.3747
6.8978
0.0835
1.4184
1.3103
8.6335
1.3557
0.0124
0.0087
0.9128
0
1.6737
0
0
0.0032
2.3388
0
0
4.4453
0.0978
0.0158
0.0116
0
0
16.5313
4.668
0.8828
4.0916
0.665
6.5127
0
0
0.0243
0
0.1697
8.8073
4.7432
0
0
0.0205
0
0.0199
0.0028
0.0294
0.014
6.4314
5.4362
0.2773
0
0
0
0
0
0.1898
0.0435
0.0033
0.0167
0
0.0082
3.0206
0.0767
0.1607
0.2076
0
0.1802
0.4792
4.8636
0.1239
1e-04
0.163
34.3207
3.2698
0
0
0.4685
2.8779
2.399
16.1157
2.3485
0
0.5126
0
3.0152
4.0997
0.1016
0.0313
0
0
0
0
0
11.6022
1.6725
0
0
1.6435
5.5812
0
0
8.5019
0
0
0
0.018
0.0031
0
0
0
0
4e-04
0.1043
0
0
0
0
0.5437
0.0279
0.1943
4.5227
1.2138
0
0
0
0.0408
1.0619
3.4148
0.3261
0
1.8687
2.3122
0
5.5119
5.1277
0
0
0
2e-04
0.5889
8.5379
0
7e-04
0
7.9542
0.0891
4e-04
0
0
0
7.855
0
0.3475
0.4769
1.3988
0.0419
10.2195
1.1073
1.7432
0.1602
0
0.1944
1.1272
0.0012
0.0255
0
0.4241
0.2811
0.0197
4.7646
0.2956
0.264
0
0.1536
0.0563
0
0
0
0
0
0
0.0243
0
0
0.5265
0
6.7021
2.5498
0
0
0.7826
0
0.0395
0
0
0.4258
0
0
0.8163
3.3559
0
0
7.4866
0.4972
0.2074
0.2247
1e-04
0.1179
0.4902
0.5053
0.9409
0
0
0
0.053
4.9428
0
0.3866
1.0089
1.0326
0.9131
0.1629
0
0
0
0
0
0
0
0
0
1.0312
0.657
1.8491
11.5676
4.9324
0.4183
0
0
0
0
0
0
7.6973
0
0
5.5297
0.7886
0
12.4041
3.4039
0
0
0
0
0.0454
0.0848
1.0236
0.9075
5.1913
26.564
0.1029
0
0
0
0.6442
0
0
1.0648
0
0
0
0
0
0
0.1534
7.4209
19.1305
16.0547
0
0
0
0
3.4996
7.7659
4.6832
2.9517
0.4872
2.4374
0.4628
4.8448
0
0
22.3322
8.803
0.316
7.9994
0.1405
0.0966
17.8008
2.2836
0.2541
0.5625
5.5363
4.6973
0
0
0
0
5.1414
0.7741
0.1011
0
30.6352
6.5435
2.0613
0.3418
1.5005
23.0255
2.1972
0
0.7012
10.7189
0.2449
4.4335
0.133
13.6278
4.1725
8.7843
0.4179
0
0
3.4854
0
0.2701
6.1181
11.4316
0.9864
0.184
0.1076
12.1049
16.4992
0
0
0
0
0.0744
0.0419
0
0
0
9.9514
8.2008
0.2126
0.4614
1.0126
0.3895
0.0074
0
0.4554
0
3.0423
0.7667
0
0
4.6049
0.0424
13.0792
7.2105
0.0041
0
6.0344
0.8286
0
0.4386
0
0.2173
4.3232
1.8911
10.678
1.6015
0
0
0.0034
0.2447
10.915
3.1389
0
9.0727
0.3941
1.8101
0
0
0
0
21.1755
0
0.1418
0.0414
0
0
0
0
0
0
0
0
1.6759
2.431
0.001
0.1127
0.0465
0.0012
0
0
0
4.1049
0
0.0528
0
0
8.3125
0.2891
0
0.1622
0.1433
0.0054
1.8838
0.1867
0
0
0
6.4243
9.4031
1.6836
0.0087
0
4.9769
0.6058
0.2183
0
0
0
0
0
0
1e-04
0
0.6147
10.0513
0.9829
0
0
0.1533
0
0
0.0742
0
0
2.5442
0.1105
7.6414
0
0.0305
0
0.1093
0
0
0
0
0.3597
0.0091
0
0
0
0
0
0.0438
0
0.0519
1.1477
8e-04
15.2754
8.4235
0.1326
0
0
0
2.3564
8.0146
0.499
34.4781
5.2708
0
0
0
18.5127
0.0861
0.0942
0
4e-04
0
0
0.2503
3e-04
0
0.2949
0
11.1146
0.0549
0
0
0
2e-04
0
0
0
0.0031
0.2087
0
0
0.2201
0.166
0
0
0
0.644
0.0933
2.9608
0
0
0
0
0
0.0773
2.1411
0.3056
0
6.3762
1.4097
9e-04
0
0.0577
0
0
2.4883
0.335
0.7005
0
0
0.4239
0
0.5055
0
0.5915
0
0.2111
0
0
5.0687
4.7648
0.0028
0.3184
1.4169
0.4995
0.7824
0
0
0
0
0.7775
0
0
0
0
0
0
0
4.0968
9.7149
1.1005
0
1.3083
6.2348
0.0578
0
44.1464
0
0
0
1.2671
26.0436
3.6302
0
0
16.5815
0.091
1.4475
1e-04
0
0
7.394
0.1422
0
0
0
0.0071
1.7206
2.5343
4.169
0.3654
0
0
0
0
0
0.5279
0
0
1.4419
0.4134
22.4433
0.3162
0.0596
0
10.1388
0
0.1001
1.9068
0
0
0
0
11.3637
0.4793
2.5405
14.5063
17.2876
0
5.7672
5.2212
2.6969
25.2504
1.3478
14.093
1.3897
0.5541
0
1.2187
3.9662
13.1855
0.8907
0.0135
0.5438
1.0284
0.9887
0.0131
3.2494
1.2497
1.7664
5.9586
16.4724
12.8195
4.821
2.8873
1.7199
7.0853
0.8579
0.0325
0.429
1.5613
9.5129
29.7903
18.9748
6.4621
0.1001
15.6756
0.0802
0
0
0
0
0.1549
1.4661
0.1034
0
0
2.3646
8.5584
1.8068
0
0
0
0.3429
1.0946
0.6026
10.1742
4.4245
3.8635
0.7111
4.2028
2.7072
2.0279
0
0
0.1752
0
0
0
0
5.7371
0
0.0252
0
2e-04
0
2e-04
0.6476
0
29.5488
0.0149
0
0
0
0
0
21.7796
6.5358
0.4759
0.0023
10.0228
14.7029
15.2327
1.188
0.4781
0
0.1795
6.1205
0.0806
0
4.2138
0.712
12.8852
0
0.1361
3.5283
40.407
1.9568
15.0752
3.6636
0
0
0.009
5.4793
0.0206
0
0
0.1051
3.9411
2e-04
4.2644
2e-04
0.0421
32.0868
16.8162
0.594
0
0
0
0
0.861
0.0031
0.7703
0.1132
13.7839
0
0
14.6734
19.1747
0.6616
1.01
1.5063
0.7865
0
0.1551
2.9266
0
0
0
9.9285
1.3972
5.3917
6e-04
16.0949
0.119
0.7051
44.9677
0.196
2.824
10.6596
1.7929
3.9284
0
0.0216
0
0
0
0
0
0
0
5e-04
0.1917
0.8474
0.5035
0.8703
1.1044
0
3.0338
40.358
20.0112
0.642
0
0
4.8427
1.0352
5.2033
7.132
0
0.7518
0
0.9138
0.0254
0
0.0426
0.085
0
0
0.6408
0
3.6989
0
0.1828
0
0
23.6322
6.0538
0
0
0
1.1775
5e-04
2.5322
23.8959
8.4262
0
0
0
12.0594
11.6727
36.5738
2.5864
0
0
0.0204
3.543
23.6133
4.8153
0.5772
0.0174
0.4362
0
0
0
2.8612
6.0012
13.691
2e-04
1.2563
0
0.0993
3.8846
20.0674
1e-04
0.4152
0.1847
0
0
7.8362
0.5086
0.0375
2.9262
1.1553
0.908
0.3159
0.1357
0
0
0
0
0
0
0
4.2757
1.3945
0.4409
0.001
0.2882
0
13.5717
0
0.5614
0.3844
2.6423
0.6168
3.8842
0
0.2847
8.8813
6.874
1.3704
0.0088
0
0
1.3725
0
0
9.2151
0.139
0
0
0
0
0
0.1429
0
0
1.0705
0.1349
1.3272
0
0
0
0
2.3494
1.1728
0.5949
13.8449
0
0
0
0.0455
14.5847
1.8873
12.6565
0
0.4272
0.3711
0
0
5.0724
0
0
0
6.6379
1.6042
0.1614
1.9206
5.1126
0.0471
2.597
0
0
0
1.6835
2.2343
3.3322
0
0
0
0
0
2.9449
0
0
0
3.1469
0.0021
0
0
0
0.0084
0.5567
0
0
0
0
6.1611
0.4614
0.7715
0
0
0
8e-04
4.9667
0
0
0
2.3059
6.8506
0
1.7852
0
1.5883
13.4827
5.474
8e-04
1.4865
0.9742
0.0032
12.1383
5.7206
1.8555
1.5871
0
0
0
0
0
0
0
0
0
0
0
0
0
0
0
0.1104
0
0
13.6572
0.0018
0
28.7363
4e-04
0.0046
0
0.3783
0
0
0
0
0
6.2147
0.0166
0
0
0
0.9868
3.0574
1.794
0
0
0.0059
10.1857
0
0
0
0
0
0
2.6609
2.4651
0.7841
0.8399
0
3e-04
11.5704
1.4365
0
0
0
0.701
0
0
0
0
3.7196
0
0
2.2857
11.4266
6.4111
0.1326
0
2.9257
3.9682
0
0.2242
0.2231
8.0735
0
0
0.3301
0
0
0
0.2963
24.7158
0.0252
0
0.0168
6.0673
31.5681
1.5475
0
0.5986
24.1876
0.4453
1.0141
0.0115
0
0
0.3319
1.38
0.0186
0
0
0
0
19.6606
0.0123
0
0
0
4.4079
5.5178
0.3926
4.1554
0.4637
0
7.0135
27.2021
0.0056
0
0
0
0
1.6138
0.6006
0
0
17.2827
0
0
1.6721
13.955
0
0
1.907
21.8077
3.2089
0.1226
0
0
0
18.9464
1.5104
0
10.5956
14.5695
0
0
0
0.6626
0
0
3.6937
1.8011
0.3751
0
0.6357
6.4762
5.8625
1.3348
0
0
6.6019
0.3539
0
4.8776
5.0105
0
0.5545
11.5689
3.1689
1.2028
0
0
0
0
0
0
0
0
5.9806
0
15.1624
0
0
0
0
0
0
0
0
0
0
1.5697
0
0
0
0
0
0
0
0
3.7374
0.2017
4.9568
0
0
2.3936
5.6476
8.5804
11.0793
0.1802
0
0
0
1.275
0
0
1.5659
0
14.8465
2.6943
0
0
1e-04
0
3.542
0
0
2.0657
0.3055
0.2871
0
0
0
0
0
0.0237
0
0
0.0051
0.8502
13.4113
0
33.5228
5.9821
0
0
0
0
0
0
0
0
0
5e-04
0.9273
0.4475
0.3005
4.5565
0.3163
11.6626
1.6754
0
0.0062
0
2.2216
0
0.982
0
3.3775
0
9e-04
2e-04
0
0
0
1e-04
0
0
0
2.4819
0
0
0.8504
0
0
0
19.706
11.918
1.614
0.0044
0
0
0
0.2849
1.2659
0
0
0
0
10.2052
0
0
0
0
3.4189
0
4.8936
0.4593
0
0
0
0
0.238
3.0012
0.3606
0
0
0
0
0
6e-04
0
0
0
0
0
0
0.0123
3.0984
25.8267
38.8895
16.0356
0.0046
0
0
10.4494
0.6076
0.1243
9.3378
0.269
0
0
0.7546
23.9533
0.5214
0
0
13.7989
0.4162
0.1372
0
0
0
0
0
0.0044
0
0
0.1574
10.0563
0.8623
0.856
0
0
0.137
0.2119
0
0
0
0
0
1.6338
1.4126
0.015
0
0
2.9458
9.7079
0
0
4.5885
21.8614
0.0145
0
0
0
0.0256
0.002
0
0
6.8626
2.2765
0.0628
19.3386
0
0.5603
3.7451
0
0
0
0
0
0.0015
0.1871
0.0159
0.3157
3.0693
33.0915
8.4873
2.733
1.9988
18.9971
0.2574
6.765
8.614
11.2947
5.0998
3.4368
6.8006
43.8063
34.6102
0
0
0
0
0
0
0
0.1013
0
53.8839
0.0067
6.172
0.0991
0
0
0
16.8125
0
0
0
0.0315
4.7698
9.4968
22.678
0
0
0.387
4.0573
1.073
0.737
0
0.1181
13.8846
3.9829
0
0.0088
0
0
0.004
0
0
0.3283
8.1323
4.5918
0.0116
0
0
0.2112
1.9837
0
0
13.4316
0.0041
0.7698
0
0
0
0
0.0139
0
0.0014
0
0.5317
5.8045
2.2165
0
0.0236
5.2791
0
0
0.1289
32.9658
25.7234
0
0
0
0
0
0
0
2.6537
0.6058
0
0
1.0631
46.1693
8.6234
15.2809
2.2273
0
0
0
0
0
0
0
7e-04
3.2323
0.6413
0.1776
6.9204
0
0.4364
0.1939
1.254
0.0059
0
0
0
0
0
0.0074
10.1879
14.6464
3.9417
0
0
0
2.8565
1.746
0.139
0
0
0.7696
3.0546
0
0
0
0
15.0869
8.0469
0
0
3.9051
3.7799
0
0
0
0
0
0
0
0
0
0
0.2448
0.0047
0.0738
1.4174
0.0473
0
0
0
0.1226
0
0
4.3059
0.137
0.004
1.4659
0
0
5.3051
26.7383
47.0067
0
0
0
0
0
0
0.0315
0
0
0
0.8574
0
0
8.4818
3.5818
0
0
0.0969
0.1624
11.6769
0
0.0256
0.1728
0.2231
1.0134
0.7798
0
1.8147
0
0.0472
0.0054
0.0054
0
0.1761
1.4778
0.0081
0
0
0
0.0053
9.7029
12.2541
0
0.8736
3.0437
0
0
0
6.1307
0
0
0
0
0
0
0
1.8228
3.049
0
8.2807
3.9256
0
1.2168
0
0
0
0
0
0.0132
2.1143
0
0
0
0
0
0.971
0
0.3928
0
9.4186
0
0
0.0092
0
0
0
1.6457
0.3264
0
0.2723
0
0
0.1851
0
0.6911
3.1726
1.073
0
0
0.0699
4e-04
33.2585
3.8478
0
0
8.7535
11.9825
0.0274
3e-04
3.7555
0
0
8.1115
10.3801
0
0
0
0
0
0
0.3831
0
0.2607
5.6893
0
0
12.8788
5.1749
4.5914
0.8469
0.0039
0.8486
0.1231
0.0052
0
0.1201
0
0.5367
1.5187
1.3904
9.1278
1.264
2.8164
15.2032
0
2.8765
0
0
0.018
12.3841
0
0
0
0
0
0.0058
2.5659
0.8865
0
0
0
8e-04
2.8081
24.359
0.2147
0
0.0031
29.764
0
0.1879
2.1222
0.5263
0.7406
0
0
0.2272
0
12.5208
7.3086
7.5227
0
1.7033
8.0684
26.3732
12.5861
0.3116
0
0
0.2102
0
1.0453
0
0
0
0
0
0.0214
24.07
1.2374
0
0
0
0.0224
4e-04
0.3318
0
0
0
4.6856
0
0
0
7.113
0
0
1.0021
1.2264
0.9546
4e-04
1.3883
0
0
2.7148
0
0.302
1.9725
0.0512
0
0
0
0
43.1914
4.3558
0.2394
0
0
0
0
0
0.1652
14.121
5.0997
5.2497
0
0
0
0.0296
0
0
0
0
0.207
0.5343
1.7693
0.0385
0
0.1899
7.4192
0
0
0.0843
46.0692
29.2939
0
0.2859
0
4.2962
2.7392
0
0
0
0
10.6701
0
0
0
0
0
0
0
0
12.2156
0
0.039
10.9956
1.0184
0.2262
0.2028
3.231
0.3065
0.032
0
0
0
0.7078
7.1621
3.7117
0.1745
0
0.7779
0
7.7706
0
0
0
0
0
0
0
1.5349
0
0
4.137
2.2026
0
0
1.6141
0.9531
5.1619
2.415
0
0
0
1.2826
0.7698
0
0
0
0.5768
5.2032
0
0
0
0
1.7143
3.1927
18.5974
0
0
0
0
0
0
1.0776
0
0
0
1.8314
16.1885
0
0
1.1992
0
0
0
0
0
0
6.0635
0.3038
0
0
0
0
0
1.7051
9.0382
0.2922
0
0
5.8706
0
0
0
0
0
18.4849
7.8405
0
3.2583
0.0501
0.0012
0.0126
0
0.1162
8.316
0
0
0
0
0
0.5111
0
2.2586
2.8693
0
0
0
2.2179
1.2531
0
0
0.0934
0.2922
0
10.771
3.9898
0
3.3425
0
0
0
0
0.3921
0
0
0.0013
0
0.0402
0
0
0
0.0126
2e-04
1e-04
2.4264
0
0
0
0
0.0097
0
0
10.9915
0
2.0487
0
0
0
0
0
0
1.66
0.2337
0
3.9634
10.454
0
0
0
0
0
0.1661
0
0
1.4181
0.0303
6.2068
10.9454
0
0
0.1161
0.001
0.2123
0.0126
6.738
5.0927
4e-04
0
0.9722
15.8283
1.5918
17.3512
1.5832
0.0432
0
4.8993
0
0
0.039
8e-04
0
7.4475
7.3774
0.2577
0.3076
0
0
4.3144
0.3914
0
0
0
5.0115
1.9578
0
0
0.2356
3.6286
0.0063
0
0
4.3498
0.4952
4.3691
0
0
0
5.2526
7.0786
4.5744
0.6211
0.0813
0
0.3236
0
0
0
0
14.1168
3.4173
0.2001
8.6575
18.9098
52.3573
0
0
0
0
0.4622
0
0.0171
8.6088
6.1773
0.2999
0.1751
10.2497
15.0927
16.1969
10.0431
15.6836
4.9931
4.4753
1.0476
0.0541
0.4868
0.1524
1e-04
0.0428
7.1258
5.0565
51.0088
18.0201
5.5556
2.1585
0.0044
0
0
0
0
0
13.401
3.5823
68.9984
0.9574
0
12.8681
4.4519
9.1011
0.1738
4e-04
14.0038
5.3757
10.409
1.0455
0
0
0
0
0
0.0115
0.0335
0
0.9641
2.9966
0
0
0
23.9624
0
0
0
0
0
0
0.6697
0.0775
0
0
0
10.6979
0
1.3545
1.6469
0.01
6.2948
0
0
8.9457
21.7685
0
0
0
0
0.2728
4.7687
0.0151
0
0.0732
0.1043
5.2507
11.2649
0.0456
0
0
0
0
11.6055
4.4752
0
0
0
0
0
0.1065
5.1345
0
0
0
0
0
0
0
0
0
3.3876
0.2279
0
0
3.9259
0.3987
0
0
0
0.0185
0.5142
0
0
0
0
0
0
0.2432
0
0
0
0
0
1.0216
0.073
2.2562
1.4338
0
0.0728
45.2939
0.0235
0
0.1578
2.7617
0
0
0
0
4.7976
0
0.0461
0.1718
5.7629
0
0.8082
0
0
0
0
0
5.2064
0.306
0
1.9855
0.334
0
0
0
0
9.1293
6.7011
0.0281
0
0.6055
0.0092
0
0
0
0
0
0
0
0
0
0
4e-04
4.0518
1.4835
0
0
0
0
0
3.36
0.6538
1.6967
9.8192
0.0115
8.0627
32.4226
30.068
5.4197
0
0
0
0
0
0
0
0
0
5.4323
0.2557
27.0509
0
0.0846
0.0026
0
4.3071
1.3826
0
0
0
0.0942
0
0
0
0
0
0.5169
0
0
0.0087
0
0
0.723
0.1975
20.3317
0.0183
0
0
0
0.2055
0.0357
0
0.0082
0.0085
0
0
0.0865
0
0
0
0
0
0
0
0
31.1764
1.6911
0
0
0
0.8436
9.4925
0.2965
1.6501
2.9844
0.2599
0
0
0
1.6932
22.1514
1.5252
0.0123
9.8391
6.1418
0.305
0.2105
0
0
0
0
0
0
0
21.1913
0.2594
0
0
8.8597
0
0
11.2919
5.84
2.8493
0.3687
0.0424
0
4.9643
18.2597
2.1657
2.6263
0.3215
4.7618
0
0
0.0596
0
0
0
0
0
0
6.6737
10.4948
0
0
0
9.0393
0
10.3124
2.2945
9.9928
5.755
18.1708
0
1.5144
5.5477
0
0.0861
0
2.4893
8.766
0.0066
0.2137
2.7454
2.7592
0
0
0.0141
2.6505
0
0
6.1113
0
0
0
0
0
0
5.5037
0.2925
4e-04
0
0.6146
0.3333
0
2.3316
40.1348
2.925
0.9871
0
0
0.0152
0
0
0
0.086
10.5879
0.0061
0.6779
0
0
0.0032
0.0079
0
48.1732
0.3009
0
1.8149
0.3913
0.0148
0
0
1.2917
0
0
0.0092
0.0107
9e-04
4e-04
0
2.2724
0
0
0
0
9.8304
0.1375
0
0
4.5228
0
0
0.1297
0.0753
1e-04
0.4615
0
0
0
0
1.2472
1.1247
0.1227
0
0
0
0
0.0076
0
0
0
2.9982
0.7255
12.4448
2.4556
28.1594
5.8624
9.9647
9.6028
0.7748
0.0839
3.8652
1.1517
2.6452
0
0
0.1449
3.7473
0.0226
1.5621
0.0044
0.0583
0.007
1.0288
0.1144
0
0
0
0
0.0802
0
0.0492
0.6482
31.3061
4e-04
0
0
8.4872
0
0
21.2493
0.0016
0
0
0
0
0
0
0
9.0856
0
8.6318
6.5853
11.2433
2.0785
2.3191
0
0
0
0.0106
0
0
0
0
0
0
5.6662
0.0811
0
3.8622
4e-04
1e-04
0.6739
23.87
11.3564
0
0
0
0
2.1321
1.6963
0
0
7.898
0
0
0
1.2512
0
0
0
0
4.3473
0.0193
0
0
0
0
0
0
0
0
0
0.9467
0
0
0
3.4948
5.1788
0
0
0
4.7634
5.7505
0.4094
0
0
0
1.7718
3.3491
9.2507
0
0
0
0
5.8184
2.6913
0
0
0
0.0017
5.6902
1.1363
0.1305
0
0
0
0.0604
0.5326
0
3.6803
1.5347
0
1.0881
7e-04
0
0
0
11.0395
5.8287
0.2549
0
0
0
0
6.3328
3.6609
20.2238
0
0
0
0.2927
4.5046
0
1e-04
15.342
0
0.5034
6.9213
1.6688
1.0184
0
2e-04
0
0
0
3.6314
0
0
0
0
0
0
26.0793
1.5038
0.6351
0
0
6.7568
0
0
0
0
0
0
0
0
0
0
0
6.7202
5.6581
0
0
0.2813
6.9665
0.2627
0
0
0
0.6235
5.8345
0
0
0.6261
0
0
0.1164
0
0
0
3.6474
0.0055
0
2.0947
0.2225
0
0
1.3028
0
5.6813
2.3716
3.0717
0
20.8244
4.9127
0.076
0.2836
1.8916
4.6984
2.16
14.9138
5.5016
0
0
0.5072
3.057
0
0.0339
0
0.125
0
0
0
0.2167
3.0454
2.9477
0
0
0
0
0
1.653
1.7128
20.5256
16.0405
8.7635
4.124
0.0274
26.506
30.7771
1.7896
0
0
0
0
18.2947
0
0
0
0
0
0
0.1499
17.1923
6.2177
8.1849
0
0
0.1719
2.5376
0.416
17.5786
3.2265
8.9368
0.0233
0.0131
0
0
0
0.5174
2.6746
0
0.5216
0
0.0895
0.0555
0
0
17.9792
6.329
0.5072
7.3502
5.9741
3.9135
0.3096
0.2625
0.2263
0.322
17.7787
0
0
2.3973
2.2711
0
3.0177
32.9608
12.8486
0
5.9082
0.0418
0
0
21.2283
0
0
29.5276
9.6813
2.7695
77.6238
0.0364
0
8.2032
2.7859
0
0
0
0
12.2973
0.1135
0.1093
0
0
0.246
0.1579
0
0
0
0.0128
0.0206
2.0223
4.9584
0.0418
0.0215
0
0
0
0
0.0077
0.1067
0
0
0
0
15.2445
0
0.2827
0.1412
20.5016
0.9784
0.0242
0
0
0
0
2.9517
16.3674
0.0639
0
0
0.029
0.4004
0
22.844
0.3305
7.9521
0.3244
0
0
0
0.0076
1.9879
3.2229
0
0
0
1.2169
23.3772
0.2978
0
0
0
0
0
0
0
0
8e-04
0
0
0
0
0.5799
0.6084
0.5293
0.1327
3.5954
5.8179
0
3.0018
0.3997
0
0
0.6639
0.0066
0
0
0
0
0
0
5.3197
7.5734
0.2104
0
1.1033
14.3246
0
0.8811
0
0.0396
16.8258
4.3048
1e-04
32.577
7.0015
0
0
0
0
0
0.7122
2.7049
0
5.4063
0.018
0
62.9345
3.0276
0
0.0073
0.0083
0
0
0
0
0
0
0
2.2218
0
0
0
0.0107
0.9758
0
0
0
0
0.0436
0
1e-04
0.3003
1.0825
0
0
0.0078
0
0
0
0
0.6235
9.5913
2.3934
0.9059
0
0
0
0.0061
0.3897
0
0
0
0
0
0
0
0
1.7547
0
0.4766
1.2686
16.1403
0.0397
0
0.196
0.1872
0
0
0
0
0
1.2699
8.8903
0.5314
0
0
4.5589
0
0.5218
0
0
0
0
0
2.3374
0.987
2.2671
0.2949
0
0.7595
0.1641
0.1946
0
0
0.4708
7.5387
6.1089
0.2031
0.9874
24.825
2.6488
9.5071
4.5983
0.6419
7.0357
13.6713
0
0
1.6983
22.2194
2.6822
0
0
0
0.2595
1.217
0
0
0
0
0.0408
0.3595
0
0
0
2.1739
0
0
0
1.4809
0
0
0
0
0
8.9577
4.5285
21.8596
4.1373
0.003
0
1.4581
20.4276
3.1958
0
1.5453
0
0
0
0
0
0.2112
0
16.9754
23.5584
0
0.275
0.0087
1.2468
0
0
0
0.0432
5.3103
2.4164
0
0.0343
1.7271
0
0
0
0
4.2504
0.1516
0
2.7285
0
0
1.3768
8.4932
0.651
0.0243
11.3568
3.1273
4.1746
0
0
1.7682
5.4203
0.0035
2.6538
2.0429
0
0
0
4.113
0
0
0
7.814
12.65
1.3742
0
0
0
3.8984
0
0
4.683
27.5756
16.1792
13.7789
2.0131
0.0511
0
0
4.6941
0.2246
0.008
2.5692
1.3125
3.0055
19.5139
13.1039
0.0492
0
0.4415
18.9745
0
0
0
4e-04
8e-04
0.0016
8.4941
15.0371
0
0
0
0
8.0646
0
0
0
0
0
5.5404
0.012
0
0
8.2778
9.4225
0.8003
0
0
0
1.38
0.1121
0
0
2.2229
8.254
1.6931
0.0628
0
0
0
0.0513
28.0708
6.5497
0
6.009
0.06
1.4552
0.0034
0
0.2879
13.2083
9.2647
10.3532
0
2.5539
33.2323
0.425
0
0
8.2631
3.2186
0
0
1.7523
0
0
0.4048
0
0.0016
0.0096
0
3.4371
0.4311
13.6555
9.9952
4.5818
0.0508
0
0
0
0
0
0
0
1.6915
0
0.0083
0
0
1.2859
9.5802
10.8639
0
0
0
0
0
0
0
0.1926
16.8829
12.8724
11.9265
0.0022
0
0.2075
0.3904
0.1401
0.604
0
0.5917
0
0
0
0.037
0.6943
0.0585
0
0
0
0
1.3146
7.5471
21.5528
0.4568
6e-04
0.5071
32.0704
10.0012
0.6682
9e-04
1.6008
2.6771
0
0
6.1312
0.8695
0
0
0
0
10.5832
0
0
1.7626
0.1139
0.3506
0
0
0
6.8974
0
9.2015
0.2131
0
2e-04
4e-04
9.2614
1.307
1.4372
0
0.0046
0.0755
0
0
0
0
0
0
0
0.209
2.2706
3.637
0
0
0
3.2366
15.7871
2e-04
0
0
0
0
2.4163
2.166
0
0
25.3362
2.4643
0
0
0
0
0
0.1736
2.0401
0.2456
0
0
1.1266
0.596
0
0
0
1.0868
0.2703
3.6257
1.4697
0
0
13.4374
1.4561
0
0
2.2538
0.36
0.3114
0
0
1.0673
0
0
2.7106
0.8049
16.8154
10.7264
0.203
0
2.4731
1.4279
16.845
0
0
0.0016
0
0.1295
0
0
10.6562
0.346
0
0.0561
6.2273
0
0
0
0
0
0
1.0267
0
0
0
0
0
8.6296
18.3741
0
0
0.3561
16.608
0.0208
0.018
0.6887
0.0664
0
0.2199
9.7531
0.12
0
0.2398
0.8174
0
0
0.4051
5.4373
17.0147
9.4077
0
0
0
0.8587
0.2213
0
0.8312
0.3222
0
0
4e-04
6.7744
0
13.7721
0.5647
0
0.0139
3.7332
12.1521
17.9335
0
0
0.2337
0
7.4775
52.505
3.7082
8.0413
4.4482
5.5648
5.1299
5.0712
2.5908
1.0959
5e-04
0
0
0
12.299
1.3263
0
6.1428
11.6914
0
0
0
8.0388
4.3429
12.5553
5.5022
1.5165
1.3573
5.7767
0.025
5.9632
11.8655
0.0782
15.274
0.7286
0.3814
0
16.9514
50.7607
0
0
8.4536
0.6016
0
0
2.2523
9.5971
0.0161
0
6.5491
4.8386
5.928
17.4661
0.0607
1.5847
0.7237
25.4371
0.5383
0
0
0.0802
0
0
0
0
0
0
0
4.2036
23.9851
0.0637
0.0724
0.616
7.7294
0
0
0.075
1.4429
0
0
9.2038
2.969
15.3214
17.5356
6.9624
0
0.0016
0.3604
22.2269
2e-04
0.2666
0
0
0
0
0.3526
2.8367
0
0
0
0
0
4e-04
6.4641
0
0
0
0
0
2.6221
11.186
0.1892
0.2296
8e-04
0.0052
5.5026
28.3738
0.0609
0.0065
30.1926
0
0
0
4.5969
1.98
1e-04
0
0.0016
0.0083
15.288
0
0
0
0
0
0
0.2479
0
0
0
0.0458
4.2718
8.3853
0
0
0
0
0
0
1.3782
0.0311
4.2916
0
0.198
0.0747
1.6862
10.2101
3.3615
2.9279
2.3523
1.1262
0.7264
0
0
5.7926
2.233
0
0
0
2.9828
2.9982
0
0
0
6.2667
0
0
0
0
3.1116
1.583
0
0
0
19.4557
2.7145
0
0
19.0789
19.3137
2.0592
0.9336
0
0
0
0
0.0085
0
0
0
6.1303
1.1636
0
3e-04
0
0
0
0
0
0
0.2906
0.0767
1.0524
1.7694
0
1e-04
5.5762
0
0
0.1078
2.2992
1.6126
0
0
0
0
0
0
10.9607
0.2526
0
0
0
3.411
0
0.7612
1.1926
0
0.0096
0
0
0
0
0
0
0
0
0
10.768
15.8984
1.9728
0
0
2.8696
2.301
0
0
0
0
0
29.6484
17.8686
11.2476
0.632
0
0.4761
3e-04
0
17.212
0
0
0
0
0
6.074
1.7109
4e-04
0
0
0.0043
0
0
0.4305
1e-04
0
4.4849
0.4554
4.6512
1.0878
0.3367
1.1949
5.1211
0.0016
0.294
6.8475
0
0
0
0.1643
2.9777
0
0
0
0
0
1.2121
8.2553
3.3315
0.2648
0
0
0
5.517
2.7574
0.0137
0
0.614
0
0
0
3.6375
0
0
6.5668
0.306
0.138
0
0
17.6945
13.663
3.4402
0
0.8158
3.1069
0
0
1.4943
1.6258
16.4177
11.8581
3.0807
0.3731
0.004
0.0129
0
0
0.1019
0
9.1836
10.0278
0.2018
0
0
0.1476
2.3873
0
0.8534
0
5.9235
0
0
0
2.0934
0.0672
0.6393
1.1909
0.0115
7.5792
0
1.5766
1.1098
0.7201
2.8441
0
0
0
0.282
0.0839
0
0
0
4.6656
2.1163
0
0
15.6421
16.249
0.0053
2.8536
16.2456
28.4043
0.0232
0.4107
0.7572
0.0526
0
3.0912
7.1285
0.01
1.211
6.0222
0.0056
0
0
0
0
1.8076
0.2401
0.0238
0
0
0
9.6458
0.116
0
3.4423
0
0
0
0
0
1e-04
0.0032
1.0406
1.076
14.55
0
0
3.3715
2.8756
0
0
0
0
0
0
0.004
0
0
0.127
0.9107
0.2332
6.9757
1.4547
0
0
0
0
0.1281
0.1183
0
1e-04
0
0.9903
21.0428
2.7316
0
0
0
11.8742
3.6041
0
0
0
17.8231
2.2984
0.6867
0.2637
0
0
0
0
0
0
0.9904
0
0
0.7027
9.0002
2.7075
0
0
0
0
0
0
0
1.1954
0.1068
0
1.0274
60.5441
6.5111
0.1897
0.0318
0
1.7507
0
0
0
0
22.584
8.3349
0
0
0
0
8.1615
0
0
0
0
0
0
0
0
0
0
0
0
0
0
6.1305
0.0851
0.7278
0.204
0.0057
0
3.6541
0
0
0
0
0
0
0
0
5.9999
0
1.5866
0
0
1e-04
7.6493
5.0315
32.2533
3.2084
4.047
0.3532
0
0.9132
0.2305
2.4376
18.0228
0
0
0.7797
0
0
0
0
0
0
0
0
0
2.5459
0
0
0
10.4402
0
0.2645
0
0
0
0
16.2216
0
0.0011
9.2259
8.4234
0
0
0
7.6732
2.5307
0.0719
0.0243
0.1159
0
0
0
0
0
0
0
3.5544
0
0
0
0.4198
0.5017
0.1423
0
0.8742
0.4596
0
1.0815
1.1947
0.005
0
0
1.9086
0
5.0257
2.7215
