1980 1 1
0.884
0.921
0.895
0.812
0.865
0.902
0.851
0.766
0.802
0.873
0.945
0.629
0.776
0.845
0.905
0.954
0.924
0.882
0.847
0.798
0.732
0.821
0.821
0.829
0.948
0.852
0.859
0.845
0.82
0.704
0.764
0.74
0.548
0.64
0.647
0.642
0.824
0.847
0.816
0.896
0.796
0.859
0.745
0.706
0.751
0.843
0.869
0.585
0.748
0.85
0.881
0.948
0.964
0.922
0.817
0.832
0.773
0.847
0.804
0.746
0.658
0.642
0.708
0.77
0.932
0.653
0.802
0.961
0.875
0.854
0.56
0.508
0.869
0.841
0.821
0.832
0.933
0.78
0.661
0.832
0.929
0.697
0.737
0.931
0.824
0.759
0.741
0.834
0.936
0.882
0.919
0.88
0.877
0.859
0.95
0.724
0.647
0.731
0.822
0.829
0.867
0.784
0.849
0.681
0.902
0.84
0.719
0.607
0.644
0.663
0.643
0.598
0.537
0.681
0.709
0.782
0.676
0.719
0.894
0.777
0.719
0.686
0.651
0.578
0.516
0.547
0.581
0.604
0.648
0.691
0.617
0.719
0.851
0.786
0.781
0.693
0.664
0.95
0.844
0.75
0.703
0.669
0.61
0.628
0.759
0.686
0.641
0.549
0.521
0.639
0.756
0.741
0.882
0.833
0.798
0.745
0.679
0.758
0.751
0.797
0.71
0.665
0.621
0.606
0.616
0.739
0.767
0.779
0.698
0.678
0.709
0.746
0.694
0.624
0.652
0.736
0.709
0.695
0.736
0.775
0.734
0.746
0.71
0.736
0.757
0.83
0.858
0.766
0.738
0.807
0.789
0.775
0.734
0.785
0.792
0.726
0.784
0.796
0.771
0.75
0.739
0.739
0.773
0.83
0.81
0.744
0.744
0.747
0.782
0.912
0.835
0.757
0.808
0.828
0.847
0.851
0.79
0.845
0.816
0.813
0.847
0.801
0.862
0.853
0.841
0.844
0.846
0.864
0.834
0.919
0.914
0.833
0.85
0.867
0.824
0.759
0.755
0.768
0.736
0.756
0.774
0.778
0.798
0.846
0.851
0.837
0.775
0.826
0.797
0.74
0.709
0.751
0.801
0.801
0.78
0.782
0.834
0.838
0.863
0.902
0.92
0.747
0.762
0.791
0.813
0.842
0.795
0.68
0.749
0.748
0.674
0.717
0.711
0.648
0.766
0.765
0.745
0.763
0.701
0.637
0.711
0.663
0.741
0.739
0.776
0.781
0.704
0.665
0.644
0.718
0.875
0.77
0.753
0.711
0.655
0.677
0.691
0.804
0.848
0.726
0.642
0.756
0.599
0.608
0.646
0.672
0.594
0.6
0.705
0.664
0.581
0.691
0.786
0.693
0.644
0.644
0.653
0.537
0.692
0.801
0.726
0.782
0.786
0.734
0.763
0.746
0.684
0.796
0.935
0.703
0.658
0.904
0.951
0.923
0.868
0.87
0.874
0.673
0.75
0.871
0.884
0.956
0.972
0.895
0.839
0.713
0.898
0.862
0.678
0.766
0.852
0.764
0.841
0.737
0.715
0.826
0.861
0.902
0.927
0.775
0.917
0.874
0.883
0.936
0.992
0.998
0.979
0.874
0.87
0.74
0.914
0.976
0.896
0.817
0.851
0.846
0.836
0.859
0.923
0.907
0.943
0.938
0.892
0.98
1.041
0.998
0.992
1.007
1.009
1.003
0.971
0.911
0.913
0.877
0.776
0.651
0.808
0.944
0.932
0.741
0.795
0.846
0.926
0.929
0.898
0.858
0.941
1.038
0.796
0.91
0.857
0.879
0.939
0.966
0.978
0.914
0.894
0.828
0.887
0.87
0.824
0.76
0.718
0.761
0.799
0.797
0.72
0.507
0.8
0.888
0.755
0.704
0.812
0.79
0.733
0.698
0.657
0.695
0.506
0.621
0.724
0.634
0.535
0.665
0.868
0.846
0.68
0.737
0.597
0.603
0.647
0.749
0.635
0.714
0.784
0.673
0.557
0.589
0.522
0.794
0.788
0.546
0.536
0.621
0.704
0.797
0.816
0.869
0.924
0.846
0.624
0.619
0.773
0.709
0.706
0.779
0.61
0.841
0.811
0.808
0.705
0.683
0.697
0.733
0.818
0.733
0.7
0.612
0.591
0.6
0.778
0.826
0.678
0.612
0.766
0.917
0.919
0.728
0.628
0.836
0.94
0.718
0.657
0.638
0.622
0.519
0.483
0.558
0.62
0.657
0.705
0.727
0.789
0.861
0.746
0.77
0.684
0.62
0.782
0.757
0.779
0.741
0.702
0.609
0.725
0.789
0.832
0.691
0.811
0.904
0.834
0.797
0.795
0.744
0.666
0.723
0.732
0.777
0.801
0.753
0.799
0.777
0.683
0.605
0.65
0.739
0.774
0.79
0.809
0.785
0.809
0.82
0.738
0.693
0.788
0.82
0.698
0.599
0.668
0.807
0.737
0.777
0.78
0.746
0.69
0.793
0.902
0.865
0.796
0.696
0.775
0.754
0.792
0.904
0.895
0.838
0.69
0.692
0.775
0.759
0.8
0.81
0.807
0.808
0.813
0.855
0.85
0.844
0.834
0.834
0.835
0.859
0.882
0.833
0.783
0.694
0.746
0.766
0.726
0.713
0.699
0.772
0.772
0.759
0.818
0.82
0.814
0.852
0.824
0.826
0.843
0.936
0.937
0.885
0.835
0.792
0.821
0.76
0.797
0.849
0.806
0.804
0.81
0.846
0.855
0.892
0.865
0.793
0.783
0.824
0.85
0.759
0.669
0.685
0.748
0.765
0.711
0.805
0.888
0.834
0.763
0.709
0.732
0.77
0.81
0.722
0.695
0.699
0.775
0.759
0.749
0.734
0.636
0.781
0.751
0.623
0.829
0.721
0.65
0.781
0.946
0.836
0.662
0.633
0.891
0.978
0.852
0.839
0.839
0.788
0.75
0.798
0.815
0.704
0.747
0.786
0.707
0.754
0.703
0.67
0.764
0.767
0.763
0.725
0.686
0.693
0.761
0.835
0.797
0.901
0.805
0.793
0.914
0.904
0.84
0.864
0.862
0.811
0.788
0.719
0.889
0.851
0.759
0.865
0.812
0.799
0.845
0.89
0.557
0.655
0.829
0.825
0.844
0.888
0.887
0.833
0.932
0.842
0.877
0.882
0.947
0.99
0.979
0.951
0.968
0.957
0.966
0.98
0.964
0.952
0.865
0.965
0.917
0.957
0.951
0.878
0.9
0.883
0.862
0.858
0.75
0.821
0.853
0.908
0.912
0.878
0.951
0.772
0.874
0.903
0.928
0.916
0.938
0.973
0.766
0.892
0.902
0.906
0.884
0.867
0.939
0.968
0.907
0.992
0.956
0.894
0.941
0.886
1.02
0.951
0.901
0.93
0.885
0.951
0.909
0.944
0.948
1.004
0.969
0.968
0.971
0.992
0.995
0.886
0.881
0.919
0.83
0.796
0.815
0.889
0.863
0.905
0.842
1.029
0.922
0.926
0.921
0.802
0.808
0.832
0.966
0.935
0.809
0.659
0.777
0.932
0.874
0.798
0.854
0.907
0.874
0.789
0.722
0.723
0.817
0.797
0.668
0.703
0.661
0.787
0.785
0.674
0.636
0.816
0.792
0.873
0.865
0.778
0.817
0.872
0.882
0.831
0.794
0.771
0.746
0.707
0.77
0.815
0.626
0.55
0.831
0.622
0.511
0.54
0.573
0.535
0.692
0.712
0.635
0.578
0.633
0.639
0.552
0.565
0.507
0.572
0.592
0.79
0.752
0.636
0.635
0.644
0.628
0.58
0.654
0.661
0.649
0.626
0.647
0.684
0.727
0.863
0.861
0.813
0.779
0.779
0.807
0.845
0.781
0.809
0.799
0.791
0.831
0.705
0.776
0.842
0.878
0.806
0.75
0.728
0.767
0.772
0.653
0.651
0.704
0.629
0.795
0.917
0.786
0.704
0.84
0.784
0.764
0.738
0.724
0.615
0.666
0.724
0.769
0.748
0.793
0.747
0.7
0.711
0.928
0.84
0.787
0.787
0.784
0.762
0.729
0.759
0.808
0.783
0.715
0.716
0.716
0.737
0.793
0.816
0.813
0.751
0.715
0.759
0.78
0.721
0.7
0.763
0.784
0.794
0.712
0.671
0.753
0.763
0.805
0.776
0.805
0.781
0.854
0.836
0.824
0.808
0.792
0.771
0.661
0.652
0.691
0.715
0.711
0.748
0.737
0.719
0.842
0.74
0.733
0.839
0.774
0.773
0.725
0.771
0.737
0.674
0.739
0.809
0.827
0.78
0.725
0.664
0.597
0.776
0.826
0.713
0.631
0.64
0.708
0.656
0.691
0.751
0.762
0.707
0.673
0.72
0.58
0.619
0.677
0.834
0.762
0.759
0.777
0.741
0.9
0.788
0.725
0.691
0.649
0.67
0.655
0.642
0.692
0.652
0.679
0.629
0.728
0.752
0.631
0.653
0.562
0.623
0.619
0.593
0.552
0.481
0.496
0.684
0.606
0.597
0.576
0.605
0.623
0.529
0.44
0.474
0.51
0.619
0.851
0.874
0.793
0.828
0.653
0.611
0.744
0.698
0.657
0.831
0.751
0.844
0.833
0.753
0.686
0.81
0.745
0.686
0.797
0.88
0.926
0.912
0.81
0.961
0.823
0.732
0.862
0.871
0.96
0.965
0.885
0.853
0.792
0.789
0.827
0.911
0.758
0.764
0.781
0.68
0.843
0.89
0.821
0.875
0.876
0.96
0.946
0.812
0.759
0.947
0.892
0.876
0.895
0.916
0.891
0.836
0.862
0.958
0.922
0.68
0.536
0.745
0.838
0.875
0.734
0.66
0.752
0.814
0.841
0.756
0.78
0.91
0.878
0.798
0.874
0.89
0.94
0.933
0.887
0.854
0.858
0.953
0.901
0.941
1.001
0.983
0.933
0.89
0.864
0.919
0.964
0.993
0.963
0.947
1.008
0.979
0.851
0.882
0.884
0.933
0.865
0.902
0.881
0.9
0.898
0.85
0.872
0.928
0.903
0.878
0.82
0.776
0.717
0.69
0.782
0.802
0.786
0.825
0.762
0.755
0.639
0.61
0.581
0.693
0.77
0.762
0.855
0.816
0.73
0.844
0.771
0.834
0.747
0.709
0.765
0.733
0.736
0.78
0.898
0.954
0.809
0.932
0.827
0.831
0.742
0.769
0.804
0.9
0.906
0.766
0.597
0.678
0.759
0.93
0.855
0.828
0.794
0.881
0.859
0.799
0.922
0.849
0.849
0.768
0.901
0.868
0.799
0.752
0.788
0.692
0.699
0.666
0.675
0.641
0.625
0.697
0.637
0.615
0.647
0.791
0.848
0.943
0.955
0.825
0.913
0.776
0.729
0.711
0.707
0.82
0.664
0.646
0.569
0.603
0.72
0.794
0.882
0.72
0.626
0.677
0.849
0.761
0.814
0.84
0.799
0.727
0.732
0.75
0.643
0.737
0.831
0.741
0.742
0.72
0.662
0.872
0.833
0.746
0.843
0.725
0.663
0.639
0.618
0.585
0.594
0.588
0.603
0.635
0.685
0.63
0.658
0.794
0.769
0.71
0.708
0.71
0.652
0.632
0.617
0.71
0.859
0.908
0.862
0.81
0.774
0.773
0.803
0.768
0.743
0.667
0.709
0.772
0.765
0.722
0.773
0.702
0.654
0.754
0.764
0.813
0.83
0.82
0.758
0.779
0.768
0.8
0.792
0.768
0.68
0.633
0.737
0.803
0.799
0.791
0.8
0.791
0.744
0.781
0.809
0.77
0.731
0.758
0.775
0.857
0.814
0.822
0.686
0.699
0.699
0.713
0.795
0.822
0.749
0.778
0.751
0.768
0.784
0.766
0.73
0.737
0.734
0.756
0.701
0.711
0.786
0.765
0.684
0.655
0.662
0.721
0.736
0.714
0.616
0.592
0.603
0.638
0.675
0.735
0.617
0.564
0.754
0.736
0.644
0.643
0.714
0.86
0.652
0.662
0.581
0.562
0.719
0.655
0.578
0.678
0.692
0.794
0.599
0.554
0.74
0.81
0.629
0.545
0.677
0.806
0.74
0.716
0.871
0.954
0.692
0.677
0.697
0.716
0.714
0.716
0.771
0.83
0.912
0.948
0.919
0.835
0.774
0.71
0.711
0.688
0.634
0.707
0.848
0.834
0.894
0.663
0.694
0.713
0.711
0.648
0.606
0.883
0.946
0.752
0.775
0.778
0.908
0.878
0.795
0.765
0.865
0.894
0.799
0.795
0.908
0.822
0.668
0.755
0.818
0.893
0.735
0.785
0.812
0.925
0.938
0.986
0.985
0.975
0.831
0.904
0.943
0.933
0.952
0.949
0.951
0.976
0.817
0.845
0.82
0.812
0.836
0.87
0.94
0.981
0.832
0.806
0.792
0.832
0.909
0.953
0.93
0.866
0.909
0.873
0.918
0.98
0.986
1.007
0.972
0.893
0.905
0.912
0.898
0.81
0.851
0.93
0.911
0.869
0.899
0.894
0.872
0.861
0.816
0.811
0.856
0.843
0.968
1.003
0.965
0.927
0.904
0.938
0.937
0.841
0.917
0.958
0.942
0.959
0.939
0.834
0.837
0.913
0.971
0.924
0.964
0.982
0.912
0.865
0.726
0.843
0.92
0.884
0.835
0.798
0.758
0.68
0.675
0.763
0.769
0.678
0.798
0.908
0.802
0.79
0.856
0.848
0.824
0.925
0.84
0.725
0.836
0.817
0.83
0.807
0.793
0.945
0.927
0.913
0.89
0.791
0.876
0.875
0.962
0.915
0.891
0.796
0.708
0.797
0.74
0.827
0.856
0.785
0.741
0.673
0.611
0.669
0.728
0.937
0.94
0.875
0.71
0.642
0.648
0.644
0.59
0.721
0.788
0.752
0.817
0.823
0.879
0.864
0.792
0.74
0.716
0.868
0.93
0.887
0.769
0.663
0.719
0.679
0.583
0.748
0.674
0.647
0.856
0.924
0.841
0.72
0.804
0.82
0.798
0.8
0.769
0.716
0.801
0.768
0.688
0.61
0.577
0.68
0.769
0.904
0.94
0.817
0.767
0.696
0.849
0.827
0.767
0.912
0.896
0.807
0.685
0.682
0.689
0.71
0.593
0.673
0.746
0.713
0.734
0.7
0.681
0.685
0.641
0.72
0.707
0.759
0.779
0.777
0.771
0.74
0.73
0.742
0.708
0.803
0.744
0.653
0.615
0.724
0.718
0.693
0.765
0.743
0.681
0.738
0.774
0.783
0.785
0.719
0.653
0.771
0.807
0.79
0.776
0.716
0.723
0.763
0.755
0.749
0.786
0.724
0.742
0.757
0.712
0.661
0.817
0.807
0.909
0.847
0.712
0.675
0.664
0.716
0.852
0.852
0.845
0.804
0.835
0.854
0.869
0.837
0.829
0.781
0.806
0.827
0.775
0.739
0.814
0.798
0.761
0.78
0.805
0.761
0.73
0.807
0.774
0.769
0.681
0.702
0.739
0.762
0.833
0.827
0.661
0.799
0.796
0.856
0.765
0.704
0.641
0.822
0.735
0.761
0.848
0.792
0.753
0.819
0.888
0.84
0.707
0.623
0.607
0.7
0.726
0.729
0.712
0.779
0.855
0.823
0.812
0.705
0.748
0.722
0.695
0.646
0.571
0.591
0.604
0.641
0.759
0.865
0.823
0.764
0.785
0.793
0.785
0.766
0.882
0.814
0.762
0.757
0.683
0.788
0.644
0.827
0.804
0.721
0.628
0.754
0.844
0.733
0.753
0.65
0.722
0.825
0.836
0.732
0.604
0.871
0.826
0.698
0.631
0.603
0.837
0.919
0.948
0.857
0.84
0.742
0.789
0.628
0.618
0.632
0.703
0.475
0.582
0.61
0.691
0.774
0.731
0.645
0.628
0.877
0.695
0.761
0.814
0.717
0.751
0.6
0.586
0.905
0.832
0.958
0.936
0.941
0.939
0.986
0.944
0.903
0.91
0.854
0.84
0.827
0.825
0.806
0.941
0.885
0.631
0.861
0.819
0.848
0.926
0.96
0.83
0.904
0.949
0.967
0.737
0.669
0.714
0.834
0.888
0.932
0.877
0.851
0.903
0.894
0.902
0.913
0.962
0.776
0.878
0.929
0.945
0.92
0.786
0.869
0.914
0.972
0.963
0.922
0.87
0.942
0.875
0.828
0.857
0.932
0.87
0.836
0.855
0.879
0.932
0.918
0.889
0.835
0.913
0.893
0.977
0.992
0.918
0.885
0.888
1.022
0.953
0.967
0.934
0.896
0.874
0.931
0.901
0.855
0.848
0.795
0.82
0.684
0.708
0.831
0.667
0.96
0.769
0.632
0.769
0.877
0.74
0.687
0.852
0.899
0.745
0.75
0.664
0.608
0.704
0.512
0.629
0.731
0.548
0.7
0.917
0.826
0.709
0.598
0.807
0.889
0.775
0.878
0.939
0.76
0.744
0.705
0.803
0.856
0.858
0.703
0.702
0.667
0.705
0.777
0.743
0.733
0.68
0.698
0.678
0.646
0.733
0.711
0.648
0.619
0.553
0.517
0.67
0.673
0.574
0.635
0.693
0.602
0.53
0.681
0.744
0.6
0.535
0.662
0.755
0.678
0.597
0.582
0.624
0.706
0.68
0.653
0.607
0.728
0.721
0.865
0.717
0.695
0.676
0.757
0.629
0.64
0.552
0.479
0.706
0.745
0.833
0.685
0.711
0.702
0.641
0.718
0.722
0.716
0.79
0.624
0.66
0.709
0.699
0.626
0.789
0.855
0.731
0.665
0.824
0.816
0.776
0.739
0.694
0.689
0.664
0.706
0.69
0.698
0.613
0.613
0.676
0.686
0.623
0.698
0.787
0.772
0.73
0.665
0.747
0.776
0.758
0.734
0.691
0.678
0.715
0.686
0.691
0.816
0.795
0.713
0.707
0.686
0.713
0.792
0.768
0.758
0.683
0.705
0.755
0.787
0.679
0.639
0.685
0.713
0.86
0.83
0.722
0.667
0.661
0.8
0.867
0.826
0.757
0.663
0.741
0.793
0.785
0.838
0.807
0.841
0.822
0.803
0.814
0.795
0.798
0.764
0.761
0.794
0.918
0.824
0.801
0.787
0.766
0.755
0.806
0.804
0.794
0.785
0.764
0.781
0.817
0.817
0.778
0.784
0.832
0.799
0.77
0.711
0.745
0.653
0.607
0.621
0.656
0.674
0.656
0.626
0.701
0.677
0.735
0.779
0.63
0.745
0.735
0.61
0.584
0.764
0.757
0.563
0.614
0.765
0.791
0.69
0.557
0.531
0.575
0.807
0.836
0.844
0.813
0.809
0.808
0.645
0.603
0.848
0.874
0.829
0.801
0.786
0.786
0.768
0.59
0.5
0.58
0.736
0.669
0.67
0.817
0.813
0.923
0.954
0.897
0.905
0.814
0.811
0.726
0.838
0.941
0.899
0.939
0.947
0.932
0.859
0.91
0.714
0.893
0.901
0.832
0.66
0.867
0.816
0.735
0.837
0.94
0.891
0.898
0.868
0.891
0.93
0.797
0.831
0.88
0.911
0.933
0.905
0.909
0.899
0.943
0.976
0.883
0.87
0.815
0.938
0.958
0.848
0.813
0.849
0.883
0.882
0.99
0.972
0.938
0.812
0.833
0.887
0.804
0.906
0.943
0.896
0.876
0.905
0.922
0.977
0.903
0.832
0.687
0.763
0.778
0.878
0.957
0.906
0.866
0.92
0.843
0.901
0.875
0.93
0.957
0.887
0.889
0.877
0.771
0.734
0.836
0.822
0.804
0.712
0.89
0.831
0.881
0.93
0.922
0.917
0.98
0.972
0.881
0.923
0.913
0.89
0.846
0.815
0.814
0.809
0.893
0.868
0.925
0.974
0.982
0.992
0.973
0.96
0.869
0.842
0.841
0.779
0.844
0.868
0.759
0.819
0.779
0.896
0.938
0.876
0.895
0.759
0.789
0.886
0.873
0.881
0.926
0.943
0.898
0.86
0.82
0.774
0.828
0.922
0.64
0.523
0.686
0.657
0.693
0.654
0.759
0.816
0.678
0.619
0.599
0.543
0.582
0.697
0.65
0.776
0.88
0.823
0.73
0.682
0.724
0.781
0.731
0.66
0.742
0.76
0.825
0.812
0.821
0.697
0.781
0.962
0.86
0.754
0.605
0.551
0.589
0.656
0.638
0.63
0.689
0.792
0.751
0.679
0.618
0.64
0.706
0.781
0.74
0.72
0.731
0.74
0.647
0.609
0.636
0.737
0.714
0.767
0.76
0.753
0.84
0.844
0.869
0.844
0.777
0.711
0.735
0.742
0.804
0.764
0.689
0.727
0.734
0.708
0.733
0.669
0.696
0.859
0.941
0.862
0.775
0.701
0.814
0.801
0.811
0.814
0.751
0.751
0.771
0.735
0.662
0.813
0.76
0.694
0.73
0.725
0.714
0.685
0.705
0.804
0.761
0.735
0.885
0.891
0.847
0.735
0.683
0.753
0.752
0.752
0.773
0.808
0.813
0.934
0.864
0.788
0.806
0.802
0.818
0.809
0.793
0.799
0.828
0.799
0.753
0.706
0.727
0.805
0.764
0.75
0.75
0.818
0.771
0.79
0.794
0.795
0.755
0.754
0.73
0.759
0.829
0.832
0.796
0.786
0.803
0.692
0.705
0.827
0.844
0.845
0.818
0.797
0.771
0.814
0.784
0.826
0.837
0.754
0.683
0.884
0.855
0.719
0.695
0.634
0.671
0.719
0.758
0.815
0.833
0.767
0.739
0.712
0.707
0.684
0.796
0.852
0.842
0.779
0.784
0.805
0.792
0.721
0.869
0.848
0.81
0.855
0.856
0.814
0.911
0.911
0.821
0.812
0.772
0.78
0.834
0.923
0.843
0.89
0.911
0.811
0.729
0.67
0.732
0.83
0.746
0.818
0.869
0.889
0.868
0.768
0.696
0.764
0.746
0.689
0.668
0.772
0.77
0.78
0.804
0.909
0.89
0.868
0.8
0.83
0.767
0.767
0.749
0.8
0.721
0.753
0.775
0.765
0.82
0.857
0.759
0.637
0.77
0.759
0.735
0.843
0.936
0.92
0.881
0.895
0.849
0.94
0.921
0.886
0.861
0.876
0.882
0.968
0.927
0.884
0.898
0.888
0.784
0.918
0.914
0.726
0.798
0.889
0.919
0.969
0.983
0.724
0.738
0.848
0.725
0.87
0.887
0.928
0.944
0.92
0.897
0.912
0.894
0.933
0.971
0.988
0.984
0.956
0.857
0.852
0.863
0.909
0.893
0.835
0.946
0.949
0.88
0.852
0.875
0.919
0.85
0.895
0.971
0.927
0.934
0.974
0.951
0.95
0.695
0.629
0.91
0.952
0.95
0.927
0.961
0.888
0.837
0.873
0.874
0.925
0.94
0.951
0.97
0.87
0.915
0.962
0.922
0.839
0.758
0.79
0.865
0.84
0.639
0.729
0.702
0.849
0.714
0.846
0.824
0.857
0.89
0.868
0.823
0.806
0.867
0.864
0.833
0.738
0.641
0.62
0.753
0.936
0.931
0.781
0.72
0.613
0.738
0.725
0.661
0.624
0.676
0.506
0.576
0.589
0.603
0.832
0.825
0.684
0.649
0.599
0.624
0.552
0.619
0.669
0.695
0.674
0.698
0.792
0.796
0.754
0.736
0.802
0.727
0.791
0.787
0.688
0.764
0.877
0.889
0.721
0.693
0.652
0.585
0.651
0.768
0.735
0.77
0.814
0.907
0.867
0.79
0.733
0.73
0.629
0.796
0.781
0.715
0.619
0.551
0.605
0.633
0.619
0.662
0.58
0.828
0.904
0.727
0.643
0.56
0.625
0.566
0.519
0.599
0.604
0.691
0.673
0.684
0.691
0.58
0.548
0.726
0.893
0.822
0.746
0.686
0.725
0.74
0.759
0.805
0.708
0.707
0.667
0.67
0.756
0.758
0.782
0.761
0.66
0.651
0.662
0.675
0.699
0.72
0.629
0.628
0.785
0.711
0.613
0.641
0.608
0.543
0.613
0.603
0.77
0.796
0.797
0.835
0.693
0.645
0.706
0.671
0.681
0.774
0.816
0.859
0.886
0.801
0.793
0.807
0.812
0.785
0.791
0.79
0.806
0.793
0.776
0.779
0.78
0.793
0.806
0.754
0.762
0.737
0.806
0.752
0.762
0.728
0.767
0.797
0.781
0.766
0.678
0.702
0.792
0.772
0.819
0.828
0.764
0.763
0.781
0.716
0.719
0.871
0.867
0.848
0.795
0.827
0.814
0.794
0.745
0.761
0.762
0.707
0.68
0.642
0.743
0.806
0.735
0.689
0.814
0.965
0.94
0.962
0.823
0.759
0.796
0.753
0.748
0.782
0.746
0.746
0.76
0.749
0.782
0.748
0.705
0.769
0.758
0.744
0.736
0.864
0.861
0.788
0.883
0.792
0.646
0.726
0.764
0.778
0.71
0.684
0.591
0.512
0.546
0.667
0.702
0.651
0.642
0.7
0.623
0.53
0.768
0.824
0.686
0.669
0.702
0.803
0.695
0.555
0.551
0.487
0.457
0.587
0.662
0.622
0.76
0.697
0.675
0.566
0.821
0.769
0.592
0.722
0.664
0.632
0.634
0.729
0.836
0.773
0.588
0.651
0.699
0.508
0.465
0.542
0.783
0.66
0.7
0.693
0.687
0.71
0.7
0.549
0.694
0.698
0.598
0.584
0.525
0.597
0.699
0.815
0.962
0.842
0.903
0.915
0.885
0.828
0.893
0.898
0.941
0.903
0.876
0.858
0.893
0.855
0.826
0.883
0.869
0.861
0.676
0.701
0.885
0.878
0.845
0.864
0.94
0.924
0.781
0.7
0.933
0.931
0.898
0.712
0.659
0.916
0.89
0.86
0.91
0.717
0.544
0.502
0.725
0.661
0.739
0.791
0.878
0.872
0.85
0.903
0.811
0.795
0.672
0.849
0.741
0.81
0.94
0.876
0.956
0.86
0.821
0.903
0.894
0.923
0.881
0.865
0.923
0.924
0.91
0.923
0.966
0.952
0.914
0.882
0.823
0.745
0.914
0.83
0.906
0.87
0.906
0.894
0.858
1.09
0.938
0.847
0.844
0.81
0.903
0.937
0.641
0.749
0.825
0.54
0.601
0.759
0.75
0.757
0.777
0.746
0.779
0.795
0.692
0.748
0.825
0.846
0.857
0.77
0.73
0.602
0.821
0.826
0.646
0.83
0.83
0.689
0.796
0.713
0.819
0.795
0.687
0.769
0.843
0.784
0.731
0.719
0.709
0.692
0.745
0.678
0.815
0.914
0.851
0.76
0.671
0.797
0.841
0.727
0.678
0.571
0.573
0.668
0.626
0.647
0.618
0.684
0.629
0.709
0.554
0.545
0.714
0.563
0.612
0.686
0.554
0.499
0.66
0.733
0.639
0.641
0.492
0.493
0.627
0.642
0.598
0.546
0.476
0.501
0.621
0.636
0.63
0.532
0.604
0.62
0.598
0.589
0.655
0.683
0.784
0.805
0.651
0.625
0.667
0.637
0.642
0.555
0.511
0.52
0.493
0.496
0.48
0.511
0.683
0.642
0.575
0.52
0.593
0.529
0.558
0.61
0.537
0.472
0.469
0.476
0.499
0.497
0.584
0.586
0.534
0.473
0.51
0.568
0.531
0.588
0.463
0.454
0.597
0.505
0.5
0.594
0.508
0.475
0.423
0.346
0.316
0.325
0.299
0.272
0.317
0.318
0.407
0.611
0.464
0.453
0.532
0.377
0.425
0.641
0.668
0.745
0.793
0.835
0.7
0.731
0.639
0.644
0.696
0.633
0.575
0.582
0.737
0.768
0.657
0.685
0.608
0.634
0.701
0.727
0.561
0.519
0.564
0.686
0.742
0.687
0.637
0.684
0.711
0.603
0.533
0.728
0.822
0.766
0.64
0.756
0.867
0.755
0.643
0.658
0.606
0.8
0.671
0.634
0.606
0.577
0.676
0.799
0.814
0.828
0.683
0.618
0.618
0.66
0.545
0.523
0.824
0.779
0.647
0.661
0.674
0.726
0.737
0.824
0.735
0.713
0.728
0.713
0.605
0.584
0.561
0.566
0.663
0.719
0.635
0.638
0.841
0.714
0.583
0.634
0.52
0.507
0.52
0.664
0.676
0.667
0.602
0.537
0.514
0.528
0.702
0.833
0.83
0.737
0.702
0.781
0.849
0.864
0.826
0.697
0.685
0.592
0.603
0.563
0.623
0.579
0.627
0.745
0.642
0.941
0.979
0.844
0.815
0.816
0.841
0.868
0.734
0.699
0.773
0.81
0.752
0.782
0.631
0.677
0.809
0.972
0.794
0.644
0.685
0.737
0.721
0.812
0.836
0.707
0.733
0.739
0.756
0.858
0.885
0.758
0.715
0.792
0.833
0.661
0.548
0.737
0.648
0.609
0.901
0.874
0.764
0.478
0.817
0.764
0.914
0.841
0.932
0.802
0.844
0.82
0.891
0.735
0.946
0.939
0.787
0.922
0.957
0.985
0.965
0.975
0.845
0.911
0.985
0.993
0.852
0.513
0.739
0.826
0.931
0.736
0.766
0.925
0.867
0.711
0.883
0.892
0.843
0.539
0.643
0.728
0.786
0.94
0.965
0.75
0.777
0.916
0.88
0.862
0.832
0.751
0.862
0.753
0.828
0.853
0.814
0.819
0.734
0.847
0.891
0.842
0.915
0.893
0.866
0.763
0.645
0.77
0.849
0.901
0.974
0.865
0.685
0.691
0.754
0.911
0.815
0.826
0.543
0.562
0.8
0.915
0.894
0.657
0.538
0.624
0.666
0.629
0.692
0.769
0.652
0.763
0.848
0.586
0.632
0.88
0.572
0.82
0.78
0.596
0.628
0.788
0.783
0.738
0.773
0.775
0.799
0.825
0.759
0.763
0.782
0.833
0.787
0.75
0.722
0.678
0.672
0.635
0.647
0.701
0.679
0.691
0.59
0.703
0.66
0.693
0.832
0.671
0.51
0.663
0.625
0.608
0.559
0.714
0.798
0.699
0.772
0.792
0.694
0.687
0.72
0.716
0.593
0.765
0.713
0.697
0.724
0.764
0.738
0.666
0.845
0.872
0.776
0.715
0.666
0.596
0.531
0.699
0.773
0.667
0.567
0.754
0.693
0.787
0.76
0.689
0.631
0.761
0.79
0.772
0.755
0.762
0.798
0.748
0.748
0.737
0.649
0.607
0.727
0.792
0.694
0.854
0.859
0.8
0.775
0.756
0.692
0.749
0.798
0.788
0.813
0.731
0.7
0.696
0.706
0.696
0.691
0.735
0.756
0.708
0.682
0.771
0.788
0.773
0.768
0.772
0.735
0.683
0.733
0.78
0.779
0.779
0.764
0.724
0.675
0.644
0.652
0.662
0.786
0.86
0.84
0.821
0.815
0.779
0.757
0.791
0.82
0.824
0.773
0.871
0.846
0.769
0.718
0.833
0.858
0.835
0.807
0.782
0.756
0.772
0.757
0.738
0.732
0.779
0.749
0.807
0.809
0.773
0.787
0.81
0.882
0.83
0.836
0.858
0.832
0.811
0.769
0.77
0.828
0.848
0.775
0.73
0.844
0.798
0.718
0.736
0.795
0.795
0.831
0.84
0.823
0.87
0.813
0.779
0.88
0.968
0.867
0.938
0.815
0.711
0.779
0.765
0.776
0.833
0.783
0.683
0.656
0.694
0.671
0.64
0.694
0.67
0.812
0.841
0.758
0.643
0.69
0.74
0.631
0.667
0.556
0.664
0.66
0.626
0.532
0.578
0.644
0.716
0.888
0.753
0.878
0.885
0.857
0.717
0.679
0.771
0.706
0.66
0.66
0.609
0.537
0.568
0.777
0.632
0.708
0.605
0.57
0.595
0.724
0.828
0.943
0.803
0.703
0.637
0.686
0.776
0.805
0.961
0.887
0.638
0.613
0.674
0.828
0.543
0.554
0.571
0.596
0.67
0.82
0.803
0.889
0.574
0.705
0.796
0.813
0.724
0.796
0.81
0.867
0.607
0.604
0.706
0.713
0.88
0.812
0.743
0.864
0.844
0.853
0.856
0.838
0.875
0.879
0.809
0.856
0.866
0.78
0.905
0.879
0.969
0.95
0.975
0.991
0.996
0.913
0.93
0.888
0.937
0.862
0.845
0.865
0.907
0.884
0.919
0.818
0.732
0.797
0.886
0.852
0.916
0.985
0.929
0.699
0.936
0.973
0.932
0.885
0.83
0.866
0.645
0.673
0.623
0.802
0.862
0.831
0.92
0.966
0.899
0.924
0.881
0.828
0.857
0.84
0.82
0.608
0.581
0.654
0.709
0.902
0.967
0.932
0.675
0.709
0.708
0.552
0.477
0.895
0.938
0.902
0.668
0.725
0.803
0.756
0.6
0.679
0.708
0.539
0.706
0.764
0.6
0.758
0.945
0.916
0.884
0.772
0.799
0.732
0.692
0.825
0.72
0.618
0.797
0.679
0.683
0.71
0.765
0.476
0.552
0.647
0.555
0.515
0.69
0.917
0.905
0.836
0.759
0.808
0.73
0.702
0.601
0.635
0.544
0.519
0.887
0.734
0.625
0.654
0.806
0.769
0.704
0.717
0.55
0.523
0.84
0.818
0.606
0.547
0.58
0.655
0.637
0.559
0.574
0.749
0.66
0.599
0.545
0.704
0.954
0.854
0.691
0.655
0.651
0.706
0.804
0.664
0.77
0.902
0.72
0.832
0.814
0.783
0.66
0.676
0.804
0.815
0.733
0.623
0.668
0.828
0.939
0.808
0.725
0.784
0.665
0.543
0.622
0.805
0.694
0.778
0.663
0.783
0.703
0.763
0.73
0.741
0.686
0.631
0.691
0.73
0.676
0.631
0.732
0.719
0.722
0.775
0.724
0.708
0.819
0.769
0.648
0.677
0.728
0.793
0.757
0.796
0.745
0.707
0.646
0.739
0.762
0.749
0.676
0.725
0.766
0.721
0.89
0.952
0.883
0.924
0.805
0.796
0.749
0.751
0.769
0.8
0.839
0.925
0.858
0.773
0.689
0.677
0.736
0.729
0.723
0.807
0.762
0.668
0.666
0.726
0.916
0.843
0.799
0.783
0.722
0.712
0.71
0.782
0.817
0.844
0.764
0.768
0.813
0.795
0.841
0.831
0.914
0.909
0.931
0.903
0.852
0.794
0.791
0.813
0.812
0.761
0.724
0.734
0.747
0.773
0.746
0.771
0.787
0.748
0.806
0.824
0.861
0.769
0.743
0.778
0.77
0.872
0.811
0.823
0.707
0.709
0.888
0.799
0.79
0.806
0.83
0.752
0.753
0.769
0.648
0.672
0.751
0.775
0.698
0.666
0.652
0.74
0.696
0.662
0.79
0.898
0.952
0.959
0.814
0.854
0.76
0.678
0.679
0.599
0.654
0.853
0.696
0.674
0.726
0.801
0.713
0.711
0.734
0.611
0.612
0.644
0.619
0.664
0.662
0.616
0.613
0.652
0.745
0.954
0.777
0.75
0.63
0.68
0.777
0.706
0.716
0.681
0.631
0.802
0.818
0.671
0.685
0.707
0.621
0.786
0.882
0.763
0.601
0.71
0.747
0.879
0.891
0.675
0.695
0.658
0.692
0.896
0.786
0.749
0.837
0.832
0.772
0.849
0.838
0.734
0.873
0.859
0.63
0.914
0.866
0.889
0.955
0.844
0.803
0.973
0.948
0.923
0.899
0.952
0.906
0.934
0.966
0.97
0.928
0.767
0.907
0.929
0.895
0.888
0.935
0.942
0.876
0.932
0.962
0.921
0.966
0.974
0.912
0.96
0.977
0.997
0.915
0.906
0.865
0.953
0.84
0.741
0.877
0.688
0.626
0.835
0.942
0.922
0.896
0.943
0.868
0.925
0.862
0.865
0.829
0.935
0.923
0.893
0.843
0.879
0.766
0.485
0.522
0.766
0.974
0.816
0.785
0.88
0.965
0.922
0.866
0.823
0.809
0.53
0.659
0.621
0.516
0.816
0.852
0.808
0.859
0.861
0.677
0.72
0.823
0.712
0.553
0.625
0.769
0.682
0.579
0.674
0.697
0.69
0.608
0.615
0.914
0.784
0.729
0.775
0.838
0.744
0.757
0.698
0.826
0.854
0.718
0.694
0.536
0.647
0.759
0.591
0.535
0.689
0.817
0.714
0.712
0.737
0.791
0.753
0.625
0.608
0.874
0.934
0.828
0.735
0.751
0.716
0.915
0.924
0.903
0.79
0.682
0.801
0.685
0.716
0.74
0.749
0.782
0.691
0.766
0.661
0.692
0.731
0.891
0.83
0.732
0.694
0.79
0.721
0.681
0.717
0.694
0.675
0.598
0.603
0.75
0.804
0.751
0.757
0.677
0.668
0.646
0.727
0.764
0.776
0.796
0.742
0.71
0.755
0.787
0.759
0.809
0.752
0.722
0.728
0.651
0.565
0.544
0.553
0.577
0.728
0.7
0.668
0.67
0.724
0.733
0.681
0.672
0.697
0.604
0.603
0.715
0.744
0.706
0.697
0.628
0.67
0.683
0.788
0.745
0.8
0.765
0.692
0.737
0.765
0.694
0.739
0.738
0.697
0.665
0.65
0.758
0.817
0.777
0.654
0.627
0.685
0.722
0.696
0.715
0.756
0.746
0.736
0.671
0.664
0.669
0.654
0.63
0.757
0.744
0.65
0.626
0.561
0.715
0.709
0.655
0.592
0.585
0.787
0.869
0.68
0.588
0.557
0.517
0.576
0.599
0.608
0.707
0.746
0.851
0.812
0.734
0.697
0.715
0.74
0.722
0.653
0.656
0.642
0.621
0.623
0.647
0.58
0.541
0.682
0.736
0.548
0.536
0.522
0.565
0.657
0.728
0.676
0.762
0.705
0.672
0.603
0.548
0.54
0.527
0.569
0.523
0.43
0.645
0.667
0.554
0.598
0.596
0.486
0.507
0.49
0.503
0.501
0.453
0.586
0.692
0.693
0.616
0.657
0.544
0.53
0.643
0.636
0.739
0.628
0.717
0.669
0.502
0.451
0.501
0.719
0.542
0.499
0.53
0.716
0.792
0.811
0.841
0.866
0.847
0.653
0.753
0.837
0.797
0.736
0.506
0.435
0.467
0.645
0.757
0.67
0.646
0.707
0.786
0.872
0.87
0.812
0.888
0.84
0.763
0.91
0.935
0.954
0.855
0.802
0.849
0.7
0.81
0.859
0.854
0.951
0.878
0.788
0.786
0.809
0.919
0.826
0.713
0.773
0.875
0.845
0.885
0.819
0.885
0.875
0.869
0.797
0.653
0.635
0.787
0.718
0.669
0.695
0.838
0.891
0.954
0.789
0.854
0.832
0.865
0.883
0.96
0.926
0.914
0.915
0.925
0.988
0.951
0.894
0.893
0.891
0.867
0.899
0.887
0.797
0.764
0.917
0.944
0.9
0.85
0.887
0.76
0.851
0.88
0.972
0.97
0.947
0.837
0.873
0.867
0.906
0.908
0.919
0.926
0.932
0.876
0.844
0.886
0.882
0.685
0.707
0.837
0.834
0.611
0.719
0.792
0.564
0.908
0.93
0.958
0.917
0.882
0.941
0.94
0.841
0.766
0.852
0.853
0.835
0.86
0.749
0.763
0.793
0.614
0.679
0.73
0.794
0.773
0.792
0.889
0.886
0.84
0.777
0.878
0.732
0.667
0.548
0.586
0.468
0.489
0.765
0.721
0.766
0.673
0.722
0.904
0.809
0.694
0.715
0.785
0.797
0.631
0.606
0.829
0.693
0.75
0.667
0.623
0.744
0.609
0.545
0.591
0.611
0.637
0.699
0.726
0.726
0.574
0.7
0.717
0.823
0.906
0.947
0.839
0.767
0.793
0.793
0.778
0.869
0.859
0.807
0.761
0.623
0.664
0.804
0.717
0.726
0.654
0.732
0.719
0.658
0.573
0.743
0.889
0.717
0.651
0.615
0.696
0.648
0.636
0.617
0.677
0.747
0.695
0.693
0.647
0.623
0.746
0.837
0.743
0.751
0.638
0.52
0.588
0.88
0.881
0.72
0.672
0.646
0.784
0.804
0.74
0.729
0.697
0.675
0.606
0.536
0.546
0.566
0.661
0.64
0.635
0.739
0.769
0.782
0.774
0.725
0.677
0.783
0.782
0.727
0.701
0.75
0.63
0.647
0.675
0.756
0.791
0.778
0.745
0.754
0.71
0.694
0.756
0.738
0.736
0.764
0.785
0.867
0.813
0.903
0.818
0.821
0.822
0.794
0.818
0.829
0.84
0.92
0.877
0.831
0.87
0.826
0.76
0.821
0.855
0.928
0.804
0.812
0.802
0.784
0.762
0.702
0.791
0.847
0.827
0.848
0.832
0.794
0.841
0.829
0.863
0.847
0.717
0.744
0.801
0.699
0.701
0.738
0.829
0.83
0.841
0.832
0.897
0.92
0.827
0.813
0.812
0.777
0.812
0.833
0.814
0.831
0.846
0.846
0.85
0.826
0.816
0.773
0.708
0.74
0.78
0.809
0.783
0.816
0.837
0.766
0.714
0.855
0.86
0.759
0.784
0.778
0.913
0.838
0.763
0.771
0.689
0.667
0.74
0.752
0.718
0.757
0.725
0.708
0.717
0.765
0.759
0.872
0.738
0.655
0.738
0.842
0.875
0.668
0.757
0.73
0.716
0.76
0.708
0.749
0.817
0.69
0.766
0.701
0.698
0.79
0.785
0.74
0.904
0.935
0.751
0.787
0.755
0.753
0.699
0.733
0.737
0.808
0.956
0.999
0.796
0.657
0.657
0.689
0.804
0.836
0.769
0.788
0.851
0.981
0.919
0.883
0.915
0.911
0.801
0.782
0.753
0.856
0.856
0.867
0.803
0.816
0.775
0.747
0.816
0.917
0.824
0.96
0.976
0.96
0.95
0.931
0.901
0.854
0.899
0.81
0.839
0.836
0.657
0.818
0.859
0.638
0.678
0.606
0.631
0.833
0.977
0.985
0.945
0.78
0.865
0.933
0.897
0.873
0.838
0.838
0.896
0.885
0.903
0.938
0.962
0.97
0.908
0.908
0.91
0.936
0.849
0.819
0.904
0.976
0.972
0.923
0.909
0.83
0.785
0.819
0.878
0.673
0.488
0.601
0.724
0.588
0.611
0.697
0.609
0.724
0.797
0.809
0.853
0.825
0.833
0.962
0.917
0.902
0.852
0.919
0.861
0.699
0.805
0.898
0.966
0.944
0.849
0.815
0.832
0.866
0.837
0.865
0.943
0.946
0.874
0.958
0.951
0.958
0.89
0.937
0.85
0.885
0.881
0.822
0.67
0.621
0.619
0.766
0.855
0.468
0.618
0.875
0.879
0.817
0.933
0.928
0.849
0.795
0.752
0.758
0.765
0.775
0.89
0.964
0.862
0.757
0.715
0.779
0.799
0.76
0.767
0.915
0.813
0.747
0.846
0.71
0.825
0.881
0.869
0.807
0.708
0.825
0.798
0.776
0.597
0.569
0.769
0.909
0.802
0.688
0.713
0.722
0.789
0.643
0.772
0.752
0.803
0.819
0.743
0.612
0.674
0.679
0.613
0.609
0.692
0.697
0.646
0.683
0.658
0.609
0.668
0.746
0.642
0.628
0.603
0.829
0.853
0.776
0.688
0.695
0.739
0.752
0.689
0.842
0.724
0.711
0.796
0.893
0.864
0.702
0.793
0.876
0.784
0.753
0.717
0.732
0.762
0.754
0.772
0.734
0.695
0.72
0.709
0.747
0.841
0.786
0.745
0.723
0.749
0.716
0.726
0.749
0.776
0.845
0.884
0.85
0.768
0.766
0.74
0.782
0.792
0.779
0.764
0.791
0.783
0.792
0.707
0.807
0.806
0.714
0.718
0.828
0.824
0.761
0.731
0.69
0.653
0.704
0.824
0.775
0.77
0.771
0.805
0.801
0.745
0.754
0.804
0.784
0.81
0.723
0.781
0.79
0.703
0.693
0.808
0.807
0.763
0.786
0.733
0.739
0.82
0.804
0.776
0.74
0.843
0.758
0.677
0.708
0.8
0.73
0.695
0.755
0.734
0.773
0.747
0.787
0.888
0.828
0.88
0.794
0.748
0.83
0.805
0.677
0.728
0.766
0.662
0.707
0.67
0.755
0.834
0.767
0.77
0.726
0.826
0.777
0.843
0.767
0.817
0.742
0.85
0.892
0.899
0.794
0.818
0.713
0.651
0.679
0.642
0.736
0.665
0.564
0.671
0.688
0.825
0.641
0.621
0.728
0.654
0.599
0.558
0.774
0.911
0.778
0.803
0.917
0.789
0.649
0.603
0.607
0.599
0.637
0.723
0.693
0.617
0.679
0.799
0.675
0.61
0.73
0.791
0.815
0.727
0.679
0.61
0.602
0.61
0.726
0.718
0.896
0.972
0.849
0.751
0.92
0.812
0.874
0.588
0.618
0.639
0.671
0.737
0.808
0.83
0.856
0.731
0.807
0.728
0.77
0.883
0.906
0.965
0.919
0.911
0.798
0.737
0.766
0.87
0.619
0.646
0.563
0.816
0.882
0.88
0.874
0.893
0.824
0.83
0.881
0.899
0.846
0.814
0.873
0.732
0.775
0.804
0.876
0.764
0.925
0.9
0.913
0.918
0.899
0.823
0.948
0.939
0.886
0.889
0.901
0.915
0.97
0.999
0.857
0.744
0.805
0.875
0.742
0.755
0.86
0.899
0.941
0.991
0.98
0.982
0.898
1.024
0.99
0.882
0.86
0.678
0.662
0.834
0.801
0.879
0.861
0.926
0.866
0.863
0.844
0.849
0.937
1.009
0.937
0.958
0.897
0.918
0.817
0.726
0.791
0.818
0.876
0.726
0.957
0.918
0.873
0.876
0.813
0.829
0.871
0.794
0.831
0.923
0.88
0.827
0.88
0.668
0.693
0.845
0.633
0.717
0.791
0.747
0.76
0.556
0.433
0.768
0.7
0.664
0.858
0.738
0.617
0.646
0.678
0.651
0.829
0.738
0.732
0.696
0.626
0.595
0.605
0.7
0.648
0.751
0.904
0.71
0.651
0.655
0.829
0.749
0.937
0.843
0.772
0.711
0.68
0.601
0.659
0.607
0.532
0.513
0.504
0.456
0.574
0.66
0.668
0.765
0.784
0.846
0.853
0.834
0.633
0.525
0.751
0.712
0.662
0.805
0.741
0.66
0.551
0.672
0.738
0.563
0.611
0.833
0.761
0.715
0.681
0.681
0.643
0.521
0.507
0.568
0.613
0.71
0.792
0.655
0.574
0.593
0.619
0.689
0.669
0.58
0.584
0.529
0.507
0.665
0.659
0.683
0.577
0.461
0.56
0.643
0.703
0.693
0.672
0.628
0.602
0.614
0.619
0.672
0.718
0.631
0.795
0.884
0.926
0.787
0.788
0.706
0.778
0.817
0.739
0.739
0.803
0.8
0.759
0.752
0.731
0.761
0.766
0.748
0.677
0.729
0.732
0.809
0.763
0.718
0.679
0.722
0.694
0.722
0.758
0.803
0.844
0.775
0.755
0.749
0.743
0.777
0.714
0.684
0.716
0.707
0.758
0.722
0.816
0.771
0.653
0.672
0.652
0.729
0.752
0.913
0.824
0.855
0.806
0.777
0.727
0.746
0.738
0.744
0.792
0.841
0.757
0.677
0.721
0.734
0.713
0.721
0.761
0.715
0.616
0.724
0.663
0.578
0.585
0.57
0.681
0.69
0.626
0.563
0.593
0.603
0.621
0.54
0.562
0.582
0.524
0.535
0.594
0.555
0.488
0.465
0.424
0.522
0.55
0.724
0.753
0.767
0.918
0.764
0.744
0.59
0.754
0.726
0.681
0.745
0.645
0.558
0.59
0.642
0.697
0.612
0.595
0.586
0.651
0.695
0.722
0.652
0.565
0.508
0.835
0.776
0.646
0.571
0.577
0.665
0.693
0.682
0.592
0.575
0.519
0.564
0.752
0.965
0.739
0.642
0.859
0.918
0.859
0.624
0.643
0.901
0.799
0.758
0.741
0.763
0.874
0.815
0.758
0.836
0.744
0.661
0.661
0.558
0.576
0.603
0.591
0.677
0.54
0.911
0.815
0.647
0.728
0.682
0.611
0.656
0.822
0.925
0.92
0.931
0.865
0.958
0.966
0.911
0.844
0.923
0.956
0.997
0.976
0.965
0.942
0.866
0.803
0.776
0.772
0.873
0.912
0.851
0.872
0.837
0.896
0.815
0.661
0.794
0.947
0.723
0.827
0.703
0.779
0.959
0.938
0.918
0.948
0.928
0.995
0.958
0.877
0.826
0.904
0.874
0.889
0.935
0.972
0.978
0.908
0.872
0.897
0.919
0.918
0.939
0.94
0.914
0.935
0.887
0.966
0.952
0.873
0.823
0.875
0.643
0.752
0.84
0.815
0.889
0.929
0.732
0.691
0.805
0.813
0.955
0.865
0.816
0.757
0.768
0.844
0.835
0.74
0.82
0.716
0.708
0.869
0.958
0.946
0.758
0.441
0.475
0.573
0.843
0.914
1.009
0.863
0.586
0.558
0.757
0.678
0.548
0.554
0.602
0.581
0.679
0.703
0.757
0.669
0.747
0.707
0.707
0.616
0.512
0.526
0.662
0.858
0.878
0.786
0.7
0.733
0.715
0.684
0.767
0.421
0.604
0.661
0.82
0.937
0.85
0.897
0.781
0.816
0.716
0.599
0.636
0.772
0.874
0.751
0.839
0.842
0.775
0.661
0.671
0.705
0.639
0.727
0.703
0.594
0.783
0.739
0.706
0.634
0.68
0.808
0.655
0.576
0.621
0.822
0.819
0.83
0.734
0.76
0.747
0.68
0.634
0.806
0.885
0.718
0.643
0.624
0.587
0.715
0.861
0.918
0.788
0.732
0.841
0.865
0.794
0.64
0.784
0.849
0.798
0.806
0.728
0.743
0.743
0.843
0.811
0.821
0.794
0.763
0.622
0.626
0.582
0.603
0.604
0.61
0.677
0.692
0.718
0.705
0.722
0.727
0.764
0.785
0.776
0.765
0.782
0.816
0.754
0.7
0.654
0.732
0.784
0.801
0.766
0.734
0.721
0.705
0.707
0.701
0.752
0.781
0.78
0.739
0.791
0.763
0.738
0.796
0.85
0.773
0.798
0.792
0.802
0.821
0.792
0.801
0.77
0.707
0.734
0.738
0.82
0.846
0.822
0.846
0.783
0.816
0.892
0.88
0.81
0.841
0.844
0.803
0.821
0.831
0.8
0.809
0.87
0.843
0.786
0.755
0.735
0.72
0.795
0.817
0.772
0.724
0.81
0.782
0.799
0.764
0.737
0.629
0.61
0.653
0.59
0.59
0.769
0.912
0.764
0.636
0.548
0.734
0.712
0.638
0.635
0.653
0.745
0.58
0.561
0.815
0.838
0.802
0.577
0.596
0.637
0.596
0.549
0.538
0.582
0.572
0.62
0.569
0.789
0.822
0.951
0.916
0.769
0.728
0.673
0.65
0.598
0.662
0.64
0.75
0.613
0.575
0.513
0.544
0.613
0.807
0.785
0.677
0.59
0.637
0.621
0.672
0.795
0.802
0.755
0.749
0.897
0.918
0.919
0.809
0.622
0.582
0.75
0.811
0.723
0.578
0.785
0.928
0.754
0.872
0.84
0.83
0.922
0.918
0.946
0.916
0.93
0.895
0.878
0.868
0.806
0.87
0.906
0.927
0.849
0.672
0.823
0.825
0.847
0.836
0.883
0.868
0.587
0.635
0.692
0.884
0.779
0.808
0.815
0.913
0.973
0.985
0.95
0.938
0.973
0.94
0.931
0.878
0.957
0.948
0.926
0.925
0.891
0.883
0.915
0.962
0.99
0.976
0.998
0.975
0.888
0.929
0.908
0.895
0.884
0.94
0.947
0.835
0.878
0.939
1.004
1.034
0.96
1.096
1.002
0.931
1.016
0.833
0.93
0.984
0.982
0.963
0.862
0.864
0.931
0.869
0.871
0.836
0.8
0.838
0.802
0.76
0.688
0.823
0.892
0.94
0.971
0.964
0.925
0.898
0.764
0.851
0.914
0.88
0.868
0.933
0.831
0.893
0.898
0.959
0.929
0.976
0.739
0.671
0.8
1.007
0.92
0.727
0.8
0.807
0.627
0.745
0.893
0.944
0.813
0.656
0.684
0.701
0.717
0.724
0.662
0.702
0.786
0.704
0.634
0.677
0.827
0.894
0.861
0.87
0.914
0.776
0.849
0.505
0.621
0.811
0.82
0.748
0.872
0.751
0.686
0.705
0.878
0.71
0.637
0.693
0.665
0.721
0.673
0.564
0.665
0.839
0.775
0.896
0.811
0.68
0.628
0.665
0.73
0.746
0.852
0.922
0.791
0.766
0.783
0.663
0.686
0.944
0.923
0.76
0.621
0.695
0.894
0.86
0.828
0.83
0.958
0.879
0.803
0.947
0.721
0.621
0.556
0.821
0.919
0.883
0.811
0.762
0.764
0.79
0.654
0.744
0.885
0.713
0.798
0.939
0.879
0.756
0.673
0.575
0.642
0.835
0.782
0.762
0.763
0.823
0.829
0.836
0.845
0.792
0.742
0.796
0.783
0.76
0.706
0.709
0.822
0.82
0.821
0.828
0.792
0.796
0.736
0.778
0.802
0.663
0.672
0.728
0.735
0.773
0.716
0.7
0.761
0.671
0.634
0.628
0.72
0.734
0.756
0.698
0.589
0.689
0.748
0.743
0.792
0.82
0.794
0.807
0.842
0.771
0.692
0.835
0.772
0.784
0.798
0.79
0.719
0.766
0.836
0.857
0.815
0.84
0.804
0.765
0.746
0.789
0.801
0.815
0.819
0.77
0.725
0.759
0.772
0.787
0.793
0.818
0.816
0.73
0.745
0.784
0.796
0.793
0.794
0.815
0.734
0.695
0.729
0.748
0.784
0.718
0.696
0.679
0.634
0.669
0.643
0.677
0.662
0.825
0.859
0.801
0.777
0.754
0.708
0.762
0.863
0.923
0.901
0.89
0.803
0.71
0.649
0.588
0.823
0.83
0.775
0.767
0.681
0.823
0.881
0.857
0.691
0.704
0.709
0.756
0.696
0.674
0.633
0.651
0.699
0.823
0.917
0.848
0.708
0.695
0.638
0.664
0.722
0.73
0.753
0.862
0.662
0.766
0.763
0.818
0.889
0.784
0.671
0.821
0.853
0.7
0.819
0.818
0.607
0.632
0.604
0.753
0.753
0.703
0.859
0.96
0.815
0.77
0.817
0.892
0.853
0.838
0.811
0.845
0.818
0.834
0.841
0.773
0.701
0.828
0.816
0.821
0.881
0.915
0.886
0.804
0.889
0.872
0.907
0.952
0.725
0.854
0.869
0.817
0.881
0.901
0.942
0.879
0.839
0.952
0.962
0.879
0.831
0.845
0.907
0.937
0.879
0.726
0.811
0.871
0.9
0.961
0.923
0.73
0.88
0.94
0.925
0.942
0.91
0.92
0.947
1.018
0.98
0.984
0.969
0.614
0.647
0.839
0.954
0.911
0.827
0.792
0.829
0.854
0.916
0.939
0.791
0.836
0.941
0.983
0.976
0.937
0.883
0.876
0.95
0.835
0.961
0.928
0.887
0.946
0.947
0.954
0.929
0.877
0.979
0.91
0.901
0.883
0.884
0.805
0.834
0.874
0.896
0.771
0.888
0.863
0.87
0.822
0.78
0.911
0.852
0.939
0.888
0.871
0.838
0.847
0.933
0.953
0.823
0.931
0.885
0.77
0.856
0.901
0.821
0.672
0.809
0.819
0.769
0.732
0.598
0.641
0.922
0.573
0.546
0.609
0.826
0.668
0.693
0.766
0.808
0.786
0.666
0.886
0.815
0.741
0.765
0.957
0.904
0.726
0.59
0.487
0.662
0.722
0.796
0.763
0.637
0.644
0.478
0.536
0.687
0.919
0.876
0.668
0.568
0.74
0.801
0.683
0.535
0.552
0.656
0.745
0.767
0.731
0.706
0.607
0.706
0.798
0.607
0.629
0.782
0.737
0.952
0.741
0.72
0.724
0.59
0.811
0.878
0.739
0.668
0.74
0.62
0.72
0.736
0.713
0.678
0.781
0.79
0.755
0.672
0.638
0.605
0.623
0.965
0.801
0.711
0.753
0.909
0.832
0.929
0.965
0.958
0.92
0.767
0.669
0.705
0.723
0.762
0.697
0.6
0.609
0.773
0.779
0.717
0.651
0.758
0.798
0.832
0.757
0.748
0.774
0.753
0.656
0.727
0.755
0.771
0.687
0.673
0.746
0.797
0.836
0.824
0.814
0.802
0.739
0.722
0.771
0.774
0.856
0.768
0.685
0.69
0.728
0.782
0.797
0.779
0.769
0.819
0.761
0.711
0.789
0.919
0.864
0.834
0.756
0.835
0.806
0.79
0.771
0.737
0.65
0.741
0.803
0.808
0.808
0.753
0.669
0.71
0.673
0.751
0.833
0.892
0.93
0.917
0.785
0.876
0.874
0.877
0.938
0.804
0.902
0.89
0.861
0.813
0.908
0.878
0.852
0.806
0.822
0.854
0.806
0.837
0.808
0.784
0.81
0.736
0.735
0.778
0.804
0.841
0.874
0.876
0.854
0.832
0.791
0.759
0.811
0.762
0.839
0.73
0.726
0.906
0.769
0.715
0.842
0.791
0.79
0.778
0.74
0.786
0.714
0.759
0.749
0.671
0.723
0.746
0.701
0.701
0.694
0.663
0.718
0.738
0.654
0.704
0.817
0.771
0.65
0.678
0.719
0.657
0.613
0.702
0.641
0.692
0.643
0.656
0.906
0.944
0.855
0.747
0.759
0.703
0.787
0.87
0.895
0.777
0.805
0.769
0.769
0.862
0.783
0.816
0.825
0.659
0.66
0.634
0.904
0.935
0.912
0.853
0.979
0.943
0.935
0.926
0.92
0.78
0.641
0.794
0.877
0.789
0.903
0.978
0.944
0.809
0.714
0.896
0.911
0.809
0.784
0.918
0.917
0.951
0.969
0.935
0.933
0.917
0.967
0.933
0.873
0.867
0.83
0.946
0.917
0.849
0.956
0.953
0.978
0.981
0.915
0.854
0.704
0.741
0.856
0.721
0.823
0.87
0.934
0.967
0.958
0.956
0.991
0.958
0.934
0.804
0.629
0.828
0.913
0.805
0.945
0.941
0.954
0.921
0.886
0.87
0.873
0.932
0.969
0.966
0.912
0.894
0.951
0.897
0.92
0.896
0.876
0.778
0.785
0.795
0.743
0.705
0.791
0.883
0.857
0.773
0.759
0.942
0.923
0.803
0.82
0.752
0.893
0.982
1.011
0.959
0.933
0.884
0.81
0.856
0.85
0.841
0.814
0.853
0.782
0.834
0.82
0.88
0.856
0.81
0.777
0.765
0.916
0.977
0.613
0.575
0.664
0.733
0.739
0.624
0.581
0.838
0.993
0.974
0.952
0.924
0.828
0.765
0.669
0.671
0.811
0.744
0.78
0.819
0.776
0.809
0.805
0.774
0.754
0.804
0.674
0.621
0.599
0.821
0.96
0.728
0.608
0.617
0.609
0.874
0.84
0.875
0.77
0.638
0.775
0.765
0.622
0.744
0.63
0.605
0.645
0.907
0.743
0.709
0.825
0.904
0.878
0.844
0.851
0.84
0.725
0.72
0.779
0.909
0.8
0.828
0.842
0.801
0.792
0.734
0.62
0.704
0.613
0.52
0.595
0.654
0.634
0.672
0.681
0.833
0.82
0.705
0.609
0.65
0.696
0.647
0.734
0.675
0.662
0.74
0.665
0.697
0.632
0.65
0.579
0.816
0.837
0.867
0.821
0.765
0.793
0.776
0.789
0.794
0.728
0.742
0.731
0.76
0.735
0.738
0.698
0.714
0.75
0.742
0.757
0.753
0.786
0.76
0.671
0.677
0.779
0.767
0.779
0.806
0.796
0.756
0.719
0.669
0.628
0.633
0.692
0.782
0.853
0.771
0.677
0.763
0.795
0.825
0.837
0.802
0.755
0.699
0.69
0.741
0.812
0.802
0.705
0.742
0.681
0.641
0.739
0.895
0.901
0.871
0.847
0.809
0.824
0.842
0.799
0.836
0.798
0.795
0.818
0.793
0.806
0.805
0.796
0.749
0.832
0.82
0.825
0.892
0.862
0.79
0.727
0.775
0.822
0.834
0.732
0.691
0.78
0.728
0.716
0.684
0.784
0.82
0.737
0.719
0.684
0.727
0.759
0.736
0.691
0.756
0.874
0.816
0.742
0.728
0.794
0.79
0.783
0.662
0.682
0.787
0.784
0.77
0.728
0.592
0.64
0.67
0.629
0.872
0.839
0.809
0.794
0.894
0.848
0.773
0.679
0.678
0.695
0.677
0.72
0.672
0.665
0.735
0.772
0.766
0.693
0.773
0.66
0.691
0.652
0.649
0.597
0.677
0.823
0.768
0.839
0.79
0.757
0.714
0.759
0.685
0.603
0.607
0.671
0.691
0.721
0.93
0.658
0.683
0.705
0.727
0.792
0.76
0.772
0.687
0.743
0.693
0.655
0.677
0.716
0.724
0.649
0.816
0.744
0.774
0.884
0.877
0.801
0.732
0.883
0.912
0.896
0.907
0.845
0.717
0.733
0.749
0.8
0.714
0.683
0.832
0.763
0.844
0.819
0.799
0.831
0.873
0.941
0.795
0.624
0.716
0.762
0.768
0.858
0.92
0.958
0.714
0.743
0.628
0.761
0.939
0.869
0.871
1.028
0.973
0.971
0.899
0.94
0.877
0.971
0.941
0.86
0.902
1.001
0.994
0.939
0.873
0.887
0.959
0.997
0.872
0.9
0.933
0.898
0.895
0.941
0.861
0.878
0.908
0.892
0.978
0.887
0.878
0.837
0.841
0.931
0.976
0.939
0.802
0.95
0.899
0.577
0.631
0.623
0.74
0.876
0.715
0.613
0.591
0.504
0.494
0.576
0.747
0.881
0.837
0.91
0.932
0.821
0.746
0.912
0.72
0.701
0.912
0.782
0.82
0.909
0.837
0.808
0.777
0.75
0.782
0.793
0.864
0.893
0.833
0.75
0.643
0.713
0.705
0.642
0.674
0.657
0.679
0.626
0.554
0.637
0.528
0.546
0.873
0.825
0.758
0.807
0.774
0.76
0.678
0.704
0.88
0.744
0.849
0.743
0.628
0.54
0.677
0.936
0.879
0.83
0.751
0.772
0.83
0.868
0.918
0.684
0.6
0.554
0.622
0.724
0.67
0.584
0.548
0.567
0.562
0.541
0.73
0.774
0.637
0.743
0.783
0.603
0.668
0.688
0.763
0.866
0.736
0.694
0.701
0.728
0.722
0.595
0.608
0.723
0.88
0.853
0.713
0.717
0.6
0.588
0.6
0.534
0.705
0.782
0.777
0.774
0.668
0.709
0.717
0.678
0.67
0.561
0.619
0.645
0.634
0.729
0.761
0.688
0.679
0.677
0.615
0.59
0.642
0.636
0.633
0.607
0.709
0.744
0.674
0.762
0.794
0.775
0.683
0.818
0.782
0.756
0.762
0.762
0.771
0.688
0.665
0.739
0.753
0.632
0.627
0.723
0.691
0.688
0.716
0.759
0.795
0.78
0.797
0.845
0.798
0.763
0.804
0.718
0.692
0.735
0.751
0.754
0.762
0.744
0.769
0.717
0.672
0.732
0.734
0.689
0.76
0.812
0.704
0.759
0.769
0.799
0.851
0.86
0.709
0.695
0.766
0.76
0.798
0.781
0.67
0.638
0.706
0.825
0.866
0.839
0.784
0.743
0.657
0.702
0.676
0.607
0.576
0.529
0.522
0.628
0.744
0.718
0.549
0.549
0.497
0.419
0.473
0.54
0.494
0.408
0.521
0.535
0.448
0.442
0.602
0.591
0.452
0.387
0.483
0.61
0.489
0.442
0.672
0.858
0.746
0.599
0.588
0.837
0.847
0.676
0.695
0.666
0.821
0.934
0.898
0.687
0.527
0.738
0.725
0.614
0.734
0.881
0.753
0.622
0.622
0.559
0.64
0.754
0.691
0.625
0.55
0.647
0.668
0.606
0.557
0.667
0.649
0.793
0.67
0.585
0.644
0.647
0.533
0.556
0.7
0.741
0.778
0.744
0.743
0.727
0.619
0.688
0.605
0.566
0.646
0.804
0.739
0.747
0.705
0.718
0.738
0.895
0.834
0.751
0.721
0.605
0.742
0.802
0.71
0.826
0.931
0.828
0.749
0.718
0.724
0.814
0.744
0.831
0.884
0.943
0.927
0.826
0.892
0.851
0.945
0.942
0.615
0.835
0.834
0.806
0.834
0.893
0.781
0.826
0.97
0.969
0.946
0.879
0.975
0.974
0.969
0.774
0.814
0.897
0.862
0.889
0.964
0.842
0.772
0.882
0.704
0.752
0.826
0.72
0.848
0.838
0.9
0.795
0.828
0.932
0.828
0.824
0.75
0.71
0.718
0.762
0.954
0.853
0.753
0.584
0.828
0.91
0.668
0.648
0.749
0.662
0.705
0.866
0.922
0.646
0.783
0.928
0.797
0.839
0.597
0.859
0.926
0.96
0.899
0.821
0.777
0.834
0.893
0.859
0.854
0.667
0.542
0.656
0.654
0.581
0.534
0.629
0.568
0.586
0.633
0.63
0.746
0.728
0.696
0.574
0.596
0.618
0.747
0.591
0.507
0.849
0.929
0.883
0.768
0.699
0.714
0.676
0.524
0.655
0.645
0.74
0.595
0.532
0.468
0.74
0.799
0.703
0.524
0.549
0.769
0.851
0.625
0.596
0.718
0.702
0.589
0.674
0.709
0.675
0.786
0.789
0.823
0.872
0.893
0.81
0.634
0.631
0.583
0.527
0.481
0.584
0.498
0.577
0.742
0.788
0.661
0.727
0.73
0.689
0.683
0.752
0.74
0.754
0.62
0.747
0.757
0.618
0.545
0.665
0.738
0.718
0.913
0.768
0.684
0.689
0.749
0.677
0.594
0.599
0.844
0.951
0.809
0.734
0.745
0.703
0.706
0.703
0.691
0.89
0.733
0.615
0.637
0.625
0.668
0.717
0.826
0.783
0.741
0.776
0.764
0.767
0.886
0.73
0.739
0.792
0.728
0.72
0.776
0.799
0.756
0.753
0.669
0.764
0.717
0.699
0.724
0.803
0.828
0.807
0.765
0.718
0.66
0.74
0.796
0.776
0.713
0.738
0.765
0.813
0.826
0.786
0.795
0.834
0.776
0.789
0.753
0.718
0.736
0.734
0.772
0.755
0.742
0.787
0.837
0.835
0.839
0.839
0.818
0.805
0.729
0.916
0.815
0.827
0.87
0.826
0.791
0.771
0.737
0.773
0.852
0.807
0.875
0.923
0.765
0.736
0.754
0.802
0.858
0.801
0.756
0.776
0.834
0.848
0.836
0.822
0.832
0.821
0.802
0.83
0.848
0.765
0.771
0.74
0.803
0.831
0.868
0.886
0.819
0.737
0.832
0.829
0.745
0.748
0.739
0.689
0.754
0.807
0.793
0.911
0.906
0.811
0.764
0.744
0.762
0.65
0.666
0.688
0.717
0.741
0.853
0.962
0.881
0.712
0.755
0.707
0.68
0.657
0.613
0.592
0.632
0.803
0.8
0.878
0.747
0.698
0.673
0.675
0.72
0.748
0.857
0.888
0.809
0.766
0.771
0.741
0.655
0.596
0.624
0.572
0.631
0.654
0.631
0.657
0.877
0.907
0.944
0.887
0.739
0.822
0.925
0.782
0.694
0.738
0.764
0.803
0.754
0.68
0.835
0.844
0.793
0.804
0.908
0.953
0.931
0.882
0.912
0.911
0.832
0.68
0.835
0.813
0.783
0.621
0.867
0.93
0.731
0.834
0.982
0.914
0.931
0.944
0.91
0.989
0.987
0.834
0.898
0.897
0.858
0.8
0.89
0.843
0.837
0.889
0.917
0.863
0.933
0.939
0.938
0.946
0.932
0.96
0.964
0.972
0.956
0.982
0.923
0.892
0.967
0.986
0.961
0.987
0.996
1.002
0.961
0.951
0.966
0.956
0.857
0.91
0.95
0.976
0.976
0.826
0.891
0.893
0.921
0.948
0.969
0.947
0.88
0.829
0.819
0.865
0.96
0.932
0.827
0.864
0.979
0.818
0.658
0.807
0.825
0.963
0.884
0.86
0.553
0.606
0.657
0.856
0.676
0.828
0.898
0.892
0.907
0.728
0.736
0.505
0.57
0.818
0.808
0.744
0.721
0.646
0.791
0.759
0.804
0.658
0.728
0.821
0.908
0.75
0.741
0.858
0.907
0.77
0.651
0.75
0.744
0.667
0.648
0.667
0.615
0.676
0.671
0.622
0.748
0.817
0.773
0.805
0.641
0.663
0.684
0.654
0.92
0.809
0.714
0.699
0.827
0.886
0.724
0.709
0.643
0.838
0.863
0.686
0.641
0.572
0.839
0.859
0.819
0.766
0.749
0.561
0.545
0.609
0.6
0.534
0.517
0.548
0.629
0.615
0.6
0.759
0.685
0.776
0.723
0.584
0.6
0.68
0.751
0.596
0.612
0.917
0.877
0.82
0.759
0.703
0.668
0.801
0.843
0.655
0.78
0.775
0.817
0.848
0.833
0.789
0.699
0.634
0.808
0.86
0.873
0.783
0.843
0.945
0.812
0.643
0.605
0.688
0.736
0.687
0.672
0.72
0.703
0.736
0.633
0.606
0.663
0.719
0.771
0.826
0.735
0.665
0.602
0.676
0.652
0.658
0.677
0.764
0.782
0.69
0.793
0.836
0.736
0.636
0.752
0.777
0.67
0.693
0.709
0.699
0.664
0.683
0.611
0.645
0.733
0.799
0.806
0.777
0.78
0.791
0.769
0.775
0.794
0.812
0.712
0.827
0.887
0.794
0.762
0.724
0.798
0.809
0.751
0.67
0.706
0.792
0.795
0.819
0.833
0.82
0.826
0.776
0.698
0.622
0.79
0.807
0.814
0.8
0.856
0.71
0.845
0.873
0.809
0.817
0.844
0.774
0.753
0.689
0.725
0.792
0.745
0.654
0.683
0.735
0.695
0.638
0.686
0.757
0.835
0.803
0.715
0.617
0.727
0.755
0.705
0.628
0.684
0.858
0.942
0.821
0.761
0.824
0.79
0.92
0.903
0.822
0.807
0.786
0.774
0.674
0.665
0.686
0.641
0.742
0.956
0.787
0.641
0.636
0.623
0.757
0.917
0.948
0.889
0.901
0.732
0.859
0.736
0.647
0.697
0.696
0.744
0.863
0.864
0.919
0.798
0.693
0.738
0.642
0.664
0.696
0.643
0.627
0.784
0.701
0.636
0.662
0.62
0.64
0.732
0.744
0.772
0.717
0.63
0.626
0.784
0.767
0.795
0.814
0.765
0.879
0.755
0.65
0.661
0.674
0.807
0.851
0.748
0.849
0.811
0.951
0.937
0.837
0.812
0.814
0.812
0.763
0.712
0.826
0.816
0.803
0.726
0.77
0.94
0.944
0.948
0.862
0.897
0.973
0.902
0.93
0.677
0.667
0.692
0.853
0.583
0.692
0.821
0.897
0.899
0.79
0.82
0.835
0.919
0.845
0.847
0.919
0.892
0.934
0.894
0.888
0.928
0.95
0.942
0.929
0.914
0.889
0.923
0.8
0.833
0.783
0.86
0.926
0.936
0.903
0.897
0.948
0.744
0.697
0.739
0.823
0.897
0.961
0.962
0.952
0.817
0.879
0.859
0.887
0.924
0.885
0.892
0.862
0.96
0.863
0.828
0.756
0.731
0.756
0.867
0.769
0.751
0.778
0.945
0.86
0.843
0.741
0.731
0.751
0.929
0.706
0.539
0.751
0.841
0.898
0.532
0.8
0.781
0.811
0.85
0.868
0.548
0.48
0.719
0.798
0.812
0.863
0.795
0.73
0.834
0.828
0.9
0.832
0.465
0.662
0.741
0.889
0.937
0.945
0.909
0.878
0.809
0.714
0.705
0.9
0.872
0.669
0.685
0.663
0.646
0.881
0.92
0.768
0.763
0.78
0.876
0.878
0.845
0.777
0.784
0.78
0.775
0.855
0.805
0.89
0.74
0.713
0.715
0.653
0.764
0.914
0.839
0.732
0.695
0.875
0.675
0.637
0.655
0.853
0.865
0.931
0.895
0.67
0.749
0.925
0.945
0.776
0.73
0.865
0.875
0.805
0.705
0.716
0.7
0.626
0.727
0.826
0.881
0.804
0.708
0.763
0.771
0.808
0.757
0.708
0.676
0.821
0.879
0.816
0.899
0.787
0.727
0.7
0.72
0.737
0.772
0.788
0.799
0.815
0.751
0.709
0.658
0.677
0.751
0.672
0.683
0.667
0.682
0.665
0.766
0.8
0.766
0.629
0.75
0.824
0.766
0.74
0.741
0.726
0.707
0.631
0.656
0.762
0.753
0.679
0.59
0.625
0.617
0.661
0.751
0.751
0.779
0.762
0.734
0.735
0.777
0.814
0.775
0.745
0.807
0.827
0.815
0.839
0.813
0.733
0.724
0.77
0.747
0.789
0.769
0.782
0.757
0.72
0.635
0.608
0.703
0.769
0.725
0.749
0.794
0.752
0.744
0.754
0.865
0.789
0.682
0.818
0.854
0.874
0.769
0.684
0.686
0.772
0.774
0.681
0.696
0.726
0.687
0.703
0.604
0.592
0.568
0.518
0.414
0.394
0.471
0.576
0.454
0.373
0.499
0.736
0.632
0.458
0.553
0.72
0.824
0.796
0.726
0.689
0.582
0.62
0.796
0.938
0.8
0.717
0.711
0.738
0.737
0.784
0.806
0.766
0.612
0.618
0.541
0.559
0.596
0.709
0.793
0.692
0.5
0.563
0.672
0.561
0.693
0.774
0.616
0.63
0.618
0.755
0.7
0.852
0.912
0.782
0.665
0.755
0.729
0.697
0.64
0.57
0.623
0.737
0.712
0.857
0.691
0.715
0.841
0.935
0.852
0.787
0.708
0.754
0.851
0.82
0.803
0.723
0.793
0.671
0.814
0.84
0.864
0.876
0.774
0.737
0.861
0.83
0.806
0.834
0.66
0.742
0.865
0.857
0.92
0.896
0.954
0.923
0.83
0.93
0.892
0.94
0.934
0.943
0.931
0.839
0.924
0.945
0.982
0.864
0.732
0.809
0.678
0.83
0.939
0.937
0.968
0.977
0.998
0.966
0.944
0.873
0.904
0.94
0.939
0.959
0.929
0.933
0.976
0.967
0.875
0.789
0.852
0.803
0.771
0.735
0.889
0.847
0.848
0.843
0.847
0.812
0.804
0.712
0.844
0.879
0.875
0.727
0.918
0.933
0.924
0.994
0.981
0.997
0.985
0.907
0.685
0.85
0.813
0.75
0.789
0.918
0.754
0.775
0.811
0.92
0.882
0.859
0.93
0.954
0.977
0.979
0.948
0.992
0.898
0.878
0.758
0.833
0.971
0.965
0.972
0.968
0.813
0.955
0.947
0.87
0.959
0.912
0.831
0.723
0.837
0.851
0.936
0.917
0.779
0.858
0.764
0.897
0.912
0.873
0.91
0.817
0.772
0.685
0.804
0.723
0.619
0.726
0.856
0.588
0.711
0.776
0.75
0.798
0.944
0.903
0.676
0.902
0.915
0.856
0.817
0.73
0.649
0.675
0.623
0.62
0.616
0.778
0.895
0.789
0.74
0.811
0.824
0.646
0.48
0.622
0.658
0.468
0.564
0.633
0.699
0.751
0.907
0.806
0.663
0.813
0.756
0.81
0.869
0.888
0.828
0.844
0.864
0.678
0.64
0.868
0.841
0.827
0.862
0.84
0.864
0.761
0.71
0.788
0.778
0.772
0.755
0.708
0.689
0.722
0.777
0.887
0.741
0.603
0.801
0.904
0.815
0.672
0.813
0.776
0.739
0.682
0.793
0.904
0.884
0.764
0.73
0.791
0.852
0.791
0.743
0.733
0.674
0.613
0.609
0.629
0.689
0.759
0.746
0.67
0.747
0.727
0.704
0.686
0.671
0.778
0.827
0.794
0.801
0.828
0.87
0.864
0.822
0.764
0.677
0.682
0.789
0.774
0.729
0.814
0.719
0.718
0.843
0.834
0.81
0.748
0.763
0.818
0.857
0.857
0.728
0.687
0.77
0.782
0.824
0.808
0.82
0.839
0.81
0.809
0.796
0.812
0.79
0.811
0.835
0.83
0.801
0.84
0.862
0.811
0.762
0.701
0.754
0.838
0.855
0.72
0.696
0.854
0.873
0.806
0.815
0.843
0.788
0.771
0.965
0.936
0.876
0.828
0.752
0.7
0.744
0.815
0.83
0.826
0.804
0.785
0.787
0.821
0.814
0.707
0.646
0.735
0.842
0.742
0.661
0.899
0.787
0.82
0.766
0.698
0.805
0.79
0.81
0.725
0.655
0.636
0.675
0.83
0.705
0.627
0.636
0.691
0.658
0.764
0.759
0.721
0.588
0.756
0.742
0.797
0.697
0.598
0.747
0.706
0.758
0.732
0.7
0.643
0.819
0.845
0.725
0.772
0.806
0.72
0.77
0.841
0.856
0.848
0.779
0.85
0.83
0.681
0.586
0.563
0.573
0.889
0.899
0.697
0.59
0.747
0.917
0.85
0.931
0.848
0.768
0.812
0.884
0.8
0.863
0.612
0.796
0.888
0.873
0.814
0.767
0.733
0.597
0.588
0.723
0.885
0.925
0.857
0.89
0.902
0.952
0.86
0.66
0.706
0.908
0.95
0.912
0.888
0.872
0.908
0.848
0.85
0.876
0.957
0.95
0.907
0.925
0.889
0.78
0.936
0.846
0.767
0.787
0.957
0.947
0.881
0.933
0.873
0.793
0.891
0.873
0.79
0.888
0.944
0.909
0.848
0.892
0.852
0.932
0.941
0.84
0.772
0.868
0.856
0.791
0.876
0.868
0.943
0.961
0.886
0.864
0.879
0.883
0.953
0.979
0.961
0.926
0.926
0.973
0.922
0.916
0.92
0.929
0.845
0.902
0.914
0.92
0.877
0.857
0.875
0.891
0.891
0.95
0.86
0.816
0.874
0.921
0.891
0.867
0.835
0.748
0.718
0.84
0.856
0.826
0.916
0.913
0.839
0.753
0.768
0.795
0.696
0.726
0.535
0.527
0.784
0.714
0.839
0.859
0.904
0.862
0.884
0.72
0.561
0.658
0.817
0.895
0.907
0.872
0.851
0.846
0.942
0.896
0.858
0.812
0.753
0.706
0.556
0.608
0.754
0.761
0.731
0.669
0.721
0.766
0.832
0.676
0.584
0.657
0.754
0.707
0.692
0.803
0.784
0.833
0.804
0.627
0.761
0.701
0.7
0.641
0.631
0.768
0.855
0.886
0.681
0.681
0.754
0.7
0.801
0.74
0.73
0.721
0.74
0.713
0.717
0.778
0.864
0.766
0.765
0.777
0.774
0.816
0.827
0.786
0.764
0.778
0.824
0.784
0.785
0.803
0.751
0.796
0.823
0.69
0.689
0.695
0.657
0.635
0.646
0.704
0.747
0.745
0.84
0.939
0.886
0.821
0.825
0.757
0.794
0.804
0.803
0.758
0.645
0.729
0.749
0.696
0.72
0.855
0.693
0.695
0.732
0.724
0.684
0.714
0.713
0.81
0.816
0.791
0.788
0.779
0.799
0.768
0.773
0.782
0.849
0.806
0.815
0.785
0.749
0.771
0.819
0.768
0.773
0.789
0.82
0.793
0.754
0.789
0.884
0.914
0.84
0.779
0.828
0.851
0.793
0.74
0.813
0.858
0.852
0.755
0.744
0.725
0.764
0.826
0.838
0.819
0.795
0.766
0.745
0.734
0.745
0.855
0.892
0.926
0.85
0.776
0.825
0.814
0.804
0.82
0.844
0.853
0.888
0.877
0.758
0.739
0.761
0.82
0.795
0.789
0.777
0.819
0.881
0.848
0.708
0.686
0.743
0.745
0.74
0.768
0.799
0.809
0.747
0.716
0.702
0.633
0.592
0.619
0.689
0.733
0.684
0.653
0.702
0.827
0.661
0.632
0.739
0.562
0.615
0.623
0.578
0.555
0.669
0.697
0.616
0.72
0.715
0.862
0.81
0.852
0.784
0.604
0.821
0.929
0.905
0.844
0.81
0.886
0.841
0.679
0.645
0.785
0.784
0.857
0.79
0.636
0.765
0.919
0.786
0.906
0.724
0.714
0.771
0.616
0.565
0.602
0.765
0.745
0.731
0.689
0.593
0.771
0.901
0.937
0.959
0.916
0.798
0.776
0.917
0.976
0.885
0.813
0.752
0.816
0.794
0.859
0.846
0.85
0.857
0.824
0.888
0.916
0.988
0.864
0.87
0.976
0.837
0.902
0.856
0.799
0.821
0.812
0.822
0.856
0.893
0.786
0.902
0.91
0.908
0.924
0.96
0.926
0.933
0.92
0.965
0.979
0.975
0.897
0.992
0.976
0.909
0.944
0.956
0.933
0.958
0.974
0.983
0.993
1.007
0.941
0.877
0.766
0.8
0.715
0.669
0.911
0.866
0.86
0.88
0.841
1.017
0.969
0.962
0.919
0.933
0.993
0.966
0.964
0.944
0.965
0.965
0.969
0.946
0.89
0.879
0.943
0.967
0.871
0.902
0.893
0.824
0.912
0.955
0.865
0.656
0.535
0.746
0.876
0.924
0.95
0.851
0.874
0.898
0.862
0.892
0.955
0.903
0.802
0.858
0.952
0.923
0.875
0.881
0.599
0.595
0.714
0.923
0.874
0.718
0.682
0.733
0.745
0.778
0.824
0.913
0.9
0.828
0.809
0.906
0.837
0.801
0.812
0.771
0.861
0.766
0.717
0.796
0.791
0.841
0.687
0.672
0.665
0.732
0.841
0.811
0.736
0.716
0.718
0.755
0.71
0.644
0.698
0.656
0.593
0.612
0.625
0.722
0.814
0.912
0.929
0.833
0.712
0.852
0.812
0.718
0.757
0.816
0.71
0.71
0.812
0.636
0.638
0.597
0.627
0.664
0.642
0.697
0.71
0.852
0.799
0.805
0.775
0.748
0.677
0.669
0.821
0.837
0.654
0.715
0.811
0.818
0.786
0.665
0.674
0.676
0.679
0.597
0.614
0.65
0.785
0.861
0.799
0.716
0.665
0.619
0.64
0.665
0.691
0.736
0.774
0.837
0.77
0.783
0.769
0.727
0.787
0.78
0.714
0.625
0.72
0.64
0.643
0.669
0.621
0.683
0.682
0.73
0.722
0.778
0.761
0.749
0.706
0.755
0.748
0.751
0.755
0.685
0.626
0.607
0.754
0.778
0.848
0.808
0.855
0.813
0.819
0.8
0.725
0.779
0.766
0.753
0.784
0.824
0.766
0.887
0.77
0.714
0.709
0.717
0.705
0.718
0.7
0.742
0.824
0.784
0.768
0.732
0.763
0.776
0.804
0.802
0.814
0.901
0.863
0.794
0.739
0.79
0.773
0.833
0.789
0.747
0.777
0.762
0.754
0.793
0.846
0.715
0.661
0.871
0.834
0.713
0.654
0.661
0.58
0.677
0.68
0.648
0.687
0.732
0.689
0.619
0.535
0.56
0.64
0.659
0.868
0.903
0.75
0.711
0.712
0.563
0.659
0.834
0.847
0.812
0.834
0.767
0.66
0.724
0.609
0.647
0.708
0.735
0.699
0.687
0.725
0.729
0.767
0.776
0.869
0.876
0.847
0.851
0.753
0.653
0.652
0.612
0.625
0.611
0.773
0.812
0.725
0.673
0.866
0.808
0.644
0.653
0.634
0.548
0.623
0.707
0.764
0.655
0.598
0.627
0.763
0.803
0.754
0.761
0.831
0.602
0.628
0.567
0.65
0.596
0.948
0.895
0.664
0.756
0.705
0.716
0.809
0.751
0.695
0.843
0.773
0.75
0.837
0.893
0.886
0.728
0.81
0.808
0.813
0.947
0.913
0.903
0.868
0.93
0.937
0.969
0.958
0.917
0.917
0.909
0.975
0.963
0.868
0.916
0.898
0.93
0.946
0.996
0.96
0.965
0.987
0.947
0.96
0.945
0.963
0.954
0.975
0.925
0.906
0.944
0.911
0.915
0.712
0.776
0.873
0.852
0.828
0.918
0.829
0.9
0.843
0.713
0.797
0.952
0.903
0.85
0.916
0.894
0.778
0.879
0.84
0.856
0.751
0.768
0.797
0.901
0.867
0.802
0.79
0.866
0.966
0.95
0.882
0.834
0.841
0.794
0.767
0.892
0.907
0.858
0.833
0.837
0.811
0.852
0.854
0.56
0.583
0.615
0.7
0.782
0.814
0.802
0.776
0.612
0.767
0.796
0.737
0.897
0.768
0.76
0.787
0.886
0.833
0.802
0.974
0.907
0.844
0.9
0.85
0.756
0.657
0.621
0.749
0.634
0.674
0.697
0.562
0.678
0.783
0.722
0.721
0.771
0.673
0.804
0.782
0.67
0.738
0.787
0.816
0.838
0.736
0.735
0.661
0.805
0.808
0.692
0.639
0.621
0.726
0.713
0.728
0.755
0.71
0.774
0.76
0.707
0.628
0.629
0.604
0.677
0.747
0.772
0.646
0.607
0.63
0.674
0.765
0.804
0.755
0.763
0.716
0.726
0.746
0.594
0.546
0.641
0.729
0.865
0.875
0.856
0.858
0.904
0.832
0.778
0.764
0.844
0.752
0.735
0.696
0.59
0.578
0.747
0.841
0.77
0.714
0.68
0.629
0.702
0.768
0.792
0.734
0.763
0.591
0.532
0.623
0.724
0.73
0.762
0.691
0.748
0.736
0.674
0.588
0.565
0.662
0.743
0.762
0.694
0.764
0.807
0.804
0.711
0.663
0.767
0.774
0.74
0.741
0.681
0.678
0.739
0.784
0.795
0.755
0.679
0.653
0.642
0.762
0.808
0.762
0.833
0.796
0.806
0.826
0.779
0.758
0.806
0.802
0.81
0.79
0.797
0.717
0.736
0.776
0.785
0.839
0.847
0.822
0.818
0.812
0.813
0.821
0.859
0.805
0.733
0.814
0.825
0.81
0.813
0.817
0.837
0.775
0.733
0.812
0.789
0.725
0.754
0.823
0.838
0.819
0.715
0.734
0.779
0.775
0.765
0.774
0.799
0.919
0.949
0.888
0.854
0.841
0.823
0.855
0.754
0.727
0.735
0.702
0.712
0.73
0.836
0.849
0.833
0.757
0.755
0.746
0.742
0.686
0.798
0.78
0.784
0.681
0.829
0.832
0.816
0.712
0.617
0.602
0.749
0.666
0.766
0.729
0.691
0.792
0.815
0.778
0.649
0.693
0.669
0.632
0.734
0.806
0.661
0.66
0.677
0.588
0.619
0.954
0.869
0.912
0.791
0.717
0.836
0.835
0.787
0.739
0.667
0.905
0.813
0.648
0.731
0.793
0.688
0.64
0.758
0.71
0.672
0.687
0.848
0.918
0.832
0.833
0.953
0.793
0.813
0.8
0.865
0.973
0.857
0.814
0.875
0.734
0.674
0.739
0.79
0.679
0.688
0.8
0.803
0.704
0.832
0.909
0.929
0.761
0.776
0.66
0.726
0.766
0.792
0.564
0.394
0.54
0.683
0.769
0.88
0.871
0.858
0.81
0.935
0.807
0.757
0.772
0.875
0.983
0.901
0.892
0.911
0.931
0.898
0.838
0.832
0.861
0.884
0.899
0.83
0.835
0.882
0.979
0.936
0.885
0.86
0.834
0.664
0.773
0.901
0.967
0.925
0.935
0.817
0.638
0.766
0.874
0.763
0.894
0.957
0.911
0.935
0.81
0.851
0.929
0.885
0.845
0.9
0.857
0.911
0.901
0.734
0.677
0.728
0.791
0.853
0.882
0.887
0.88
0.897
0.925
0.929
0.855
0.884
0.892
0.96
0.874
0.957
0.928
0.957
0.935
0.818
0.894
0.967
0.961
0.932
0.87
0.923
0.851
0.824
0.817
0.791
0.543
0.814
0.847
0.846
0.818
0.708
0.665
0.832
0.866
0.829
0.683
0.703
0.615
0.762
0.837
0.884
0.879
0.924
0.916
0.822
0.764
0.779
0.818
0.633
0.685
0.741
0.83
0.713
0.737
0.928
0.7
0.666
0.658
0.804
0.805
0.694
0.863
0.924
0.769
0.661
0.751
0.687
0.704
0.758
0.813
0.678
0.516
0.548
0.694
0.766
0.886
0.914
0.909
0.809
0.705
0.757
0.825
0.823
0.757
0.781
0.794
0.666
0.658
0.694
0.713
0.71
0.631
0.8
0.731
0.612
0.697
0.774
0.799
0.646
0.626
0.769
0.775
0.735
0.605
0.583
0.705
0.7
0.741
0.694
0.674
0.65
0.556
0.597
0.67
0.697
0.778
0.84
0.697
0.672
0.738
0.718
0.563
0.545
0.633
0.632
0.619
0.662
0.522
0.636
0.599
0.703
0.648
0.651
0.642
0.598
0.676
0.708
0.684
0.708
0.776
0.707
0.606
0.62
0.661
0.602
0.708
0.76
0.663
0.625
0.679
0.728
0.715
0.739
0.669
0.703
0.632
0.711
0.6
0.703
0.785
0.805
0.743
0.629
0.601
0.625
0.726
0.707
0.732
0.807
0.766
0.8
0.744
0.614
0.662
0.684
0.707
0.648
0.867
0.816
0.829
0.806
0.767
0.804
0.733
0.697
0.696
0.607
0.706
0.759
0.653
0.615
0.854
0.979
0.923
0.877
0.8
0.804
0.857
0.8
0.754
0.759
0.706
0.811
0.775
0.724
0.704
0.713
0.776
0.693
0.705
0.749
0.847
0.887
0.817
0.828
0.77
0.674
0.734
0.715
0.626
0.658
0.702
0.72
0.766
0.727
0.668
0.593
0.697
0.671
0.788
0.767
0.671
0.611
0.603
0.716
0.809
0.73
0.645
0.719
0.707
0.72
0.63
0.638
0.765
0.874
0.726
0.632
0.636
0.647
0.784
0.741
0.764
0.732
0.575
0.509
0.569
0.928
0.759
0.734
0.814
0.905
0.677
0.555
0.602
0.648
0.665
0.575
0.571
0.593
0.666
0.631
0.739
0.584
0.635
0.692
0.785
0.869
0.816
0.773
0.624
0.648
0.659
0.839
0.788
0.88
0.92
0.879
0.787
0.838
0.881
0.934
0.86
0.831
0.797
0.83
0.892
0.922
0.885
0.766
0.884
0.896
0.953
0.943
0.948
0.948
0.972
0.935
0.938
0.848
0.884
0.944
0.929
1.009
0.958
0.985
0.994
0.935
0.93
0.759
0.859
0.838
0.934
0.956
0.905
0.906
0.912
0.924
0.885
0.885
0.892
0.901
0.952
0.961
0.937
0.91
0.823
0.914
0.825
0.858
0.855
0.888
0.911
0.909
0.853
0.8
0.683
0.824
0.902
0.886
0.857
0.845
0.914
0.938
0.917
0.822
0.812
0.803
0.95
0.942
0.96
0.965
1.005
0.979
0.921
0.905
0.861
0.848
0.641
0.883
0.906
0.928
0.903
0.881
0.96
0.881
0.473
0.47
0.699
0.916
0.896
0.892
0.917
0.951
0.815
0.733
0.919
0.882
0.832
0.918
0.919
0.929
0.916
0.871
0.871
0.815
0.89
0.875
0.852
0.851
0.838
0.769
0.772
0.748
0.881
0.957
0.753
0.81
0.888
0.85
0.754
0.678
0.766
0.779
0.847
0.719
0.818
0.922
0.898
0.656
0.67
0.922
0.78
0.743
0.771
0.752
0.781
0.864
0.872
0.855
0.88
0.749
0.581
0.632
0.702
0.682
0.686
0.846
0.791
0.732
0.683
0.647
0.706
0.725
0.656
0.709
0.722
0.636
0.772
0.81
0.799
0.723
0.608
0.58
0.753
0.936
0.824
0.731
0.835
0.863
0.758
0.867
0.805
0.774
0.711
0.736
0.687
0.642
0.722
0.746
0.708
0.718
0.63
0.752
0.841
0.719
0.586
0.598
0.758
0.707
0.605
0.688
0.819
0.789
0.758
0.767
0.763
0.747
0.827
0.691
0.714
0.76
0.741
0.649
0.737
0.741
0.724
0.733
0.635
0.699
0.72
0.715
0.731
0.743
0.82
0.795
0.813
0.777
0.794
0.686
0.738
0.867
0.813
0.775
0.798
0.78
0.826
0.794
0.765
0.789
0.781
0.789
0.762
0.687
0.782
0.8
0.747
0.78
0.837
0.815
0.799
0.795
0.717
0.766
0.837
0.746
0.746
0.734
0.791
0.807
0.812
0.803
0.748
0.78
0.824
0.812
0.776
0.773
0.738
0.784
0.809
0.734
0.757
0.763
0.773
0.72
0.792
0.797
0.809
0.792
0.79
0.804
0.743
0.759
0.793
0.765
0.814
0.866
0.817
0.709
0.589
0.623
0.7
0.647
0.697
0.767
0.695
0.676
0.673
0.707
0.582
0.63
0.775
0.885
0.848
0.836
0.734
0.715
0.754
0.723
0.639
0.668
0.749
0.717
0.685
0.642
0.733
0.806
0.757
0.758
0.78
0.755
0.743
0.698
0.616
0.586
0.717
0.676
0.793
0.676
0.495
0.635
0.586
0.487
0.661
0.738
0.798
0.657
0.609
0.565
0.517
0.704
0.652
0.68
0.796
0.842
0.705
0.668
0.711
0.686
0.566
0.61
0.745
0.79
0.734
0.619
0.513
0.585
0.786
0.66
0.798
0.789
0.743
0.74
0.855
0.915
0.987
0.772
0.763
0.729
0.679
0.794
0.747
0.717
0.692
0.869
0.899
0.844
0.832
0.835
0.841
0.936
0.95
0.871
0.811
0.863
0.656
0.716
0.786
0.847
0.864
0.925
0.862
0.854
0.754
0.777
0.874
0.763
0.928
0.951
0.986
0.975
0.939
0.842
0.946
0.98
0.905
0.954
0.992
0.937
0.793
0.799
0.813
0.748
0.803
0.905
0.911
0.775
0.85
0.963
0.886
0.92
0.952
0.933
0.935
0.931
0.889
0.896
0.846
0.975
0.91
0.949
0.913
0.954
1.005
1.011
0.824
0.863
0.89
0.896
0.932
0.967
0.692
0.825
0.887
0.74
0.824
0.838
0.756
0.925
0.91
0.887
0.845
0.935
0.978
0.842
0.809
0.923
0.881
0.757
0.598
0.844
0.768
0.629
0.8
0.838
0.785
0.735
0.769
0.896
0.956
0.633
0.726
0.605
0.477
0.347
0.616
0.851
0.861
0.978
0.831
0.92
0.907
0.438
0.58
0.623
0.624
0.707
0.705
0.804
0.739
0.608
0.585
0.578
0.676
0.628
0.841
0.811
0.664
0.775
0.873
0.757
0.75
0.677
0.604
0.884
0.719
0.772
0.869
0.775
0.651
0.597
0.655
0.726
0.639
0.748
0.934
0.884
0.677
0.551
0.559
0.708
0.952
0.837
0.772
0.668
0.704
0.703
0.665
0.632
0.797
0.852
0.868
0.813
0.709
0.591
0.558
0.699
0.741
0.83
0.761
0.8
0.765
0.666
0.524
0.736
0.749
0.668
0.83
0.626
0.52
0.514
0.533
0.594
0.631
0.744
0.697
0.747
0.829
0.875
0.905
0.796
0.65
0.643
0.752
0.863
0.839
0.706
0.653
0.596
0.634
0.806
0.807
0.839
0.931
0.82
0.683
0.674
0.648
0.675
0.835
0.811
0.792
0.775
0.762
0.744
0.714
0.647
0.647
0.766
0.711
0.647
0.708
0.846
0.862
0.894
0.851
0.815
0.799
0.695
0.687
0.708
0.728
0.71
0.795
0.714
0.67
0.646
0.69
0.785
0.736
0.816
0.783
0.747
0.78
0.866
0.865
0.788
0.846
0.809
0.783
0.771
0.849
0.731
0.777
0.735
0.773
0.726
0.802
0.792
0.647
0.621
0.809
0.813
0.828
0.833
0.767
0.739
0.717
0.646
0.635
0.733
0.812
0.735
0.807
0.705
0.787
0.766
0.667
0.566
0.696
0.736
0.889
0.816
0.731
0.673
0.652
0.647
0.661
0.656
0.594
0.611
0.816
0.92
0.864
0.776
0.736
0.731
0.625
0.644
0.669
0.694
0.71
0.582
0.639
0.694
0.847
0.795
0.774
0.683
0.667
0.777
0.742
0.625
0.656
0.628
0.511
0.803
0.701
0.76
0.666
0.732
0.713
0.754
0.956
0.781
0.657
0.726
0.729
0.779
0.871
0.836
0.7
0.61
0.625
0.692
0.68
0.731
0.953
0.911
0.776
0.629
0.708
0.838
0.743
0.833
0.849
0.608
0.659
0.737
0.605
0.638
0.632
0.627
0.767
0.73
0.78
0.738
0.774
0.763
0.753
0.761
0.759
0.755
0.849
0.866
0.797
0.81
0.81
0.844
0.834
0.824
0.802
0.787
0.74
0.809
0.809
0.67
0.8
0.885
0.657
0.651
0.63
0.796
0.836
0.889
0.612
0.644
0.666
0.82
0.941
0.904
0.652
0.76
0.774
0.935
0.898
0.93
0.929
0.908
0.942
0.929
0.856
0.767
0.878
0.747
0.897
0.963
0.887
0.774
0.762
0.861
0.917
0.936
0.917
0.92
0.839
0.915
0.923
0.925
0.951
0.974
0.959
0.969
0.988
0.982
0.978
0.932
0.951
0.959
0.943
0.947
0.937
0.765
0.712
0.764
0.574
0.726
0.836
0.882
0.93
0.943
0.879
0.896
0.882
0.913
0.868
0.947
0.928
0.918
0.973
0.95
0.951
0.969
0.94
0.949
0.942
0.963
0.959
0.884
0.975
0.962
0.953
0.89
0.884
0.936
0.954
0.935
0.901
0.917
0.884
0.846
0.805
0.773
0.761
0.786
0.895
0.835
0.902
0.993
0.948
0.893
0.691
0.519
0.53
0.696
0.72
0.808
0.874
0.804
0.611
0.74
0.627
0.73
0.938
0.833
0.702
0.611
0.665
0.628
0.623
0.628
0.575
0.646
0.666
0.857
0.725
0.618
0.638
0.553
0.738
0.678
0.562
0.696
0.598
0.666
0.666
0.577
0.518
0.568
0.64
0.777
0.875
0.909
0.703
0.59
0.536
0.681
0.751
0.814
0.735
0.629
0.62
0.673
0.734
0.826
0.656
0.507
0.851
0.898
0.87
0.747
0.664
0.689
0.896
0.948
0.822
0.634
0.683
0.808
0.735
0.758
0.748
0.718
0.676
0.717
0.705
0.613
0.684
0.77
0.684
0.777
0.753
0.803
0.832
0.708
0.624
0.855
0.713
0.72
0.779
0.794
0.829
0.875
0.772
0.755
0.765
0.763
0.73
0.704
0.746
0.771
0.76
0.695
0.66
0.798
0.808
0.726
0.638
0.605
0.58
0.57
0.679
0.752
0.706
0.701
0.684
0.799
0.691
0.645
0.762
0.793
0.793
0.769
0.761
0.748
0.81
0.794
0.777
0.796
0.727
0.806
0.803
0.839
0.722
0.668
0.812
0.802
0.66
0.741
0.802
0.798
0.799
0.83
0.817
0.766
0.705
0.708
0.722
0.734
0.818
0.801
0.814
0.807
0.781
0.743
0.665
0.662
0.593
0.637
0.748
0.762
0.788
0.829
0.757
0.654
0.557
0.505
0.582
0.557
0.499
0.498
0.574
0.598
0.59
0.496
0.395
0.4
0.502
0.553
0.565
0.712
0.73
0.483
0.501
0.514
0.669
0.78
0.57
0.71
0.703
0.529
0.549
0.573
0.489
0.575
0.633
0.82
0.938
0.783
0.692
0.663
0.723
0.771
0.721
0.627
0.589
0.539
0.5
0.433
0.599
0.504
0.611
0.638
0.674
0.542
0.591
0.536
0.538
0.525
0.474
0.527
0.492
0.42
0.456
0.68
0.771
0.544
0.505
0.619
0.479
0.571
0.595
0.667
0.616
0.593
0.638
0.671
0.482
0.46
0.565
0.733
0.73
0.608
0.627
0.738
0.598
0.636
0.776
0.757
0.666
0.785
0.819
0.777
0.817
0.715
0.915
0.758
0.85
0.886
0.827
0.948
0.782
0.674
0.725
0.727
0.754
0.79
0.76
0.878
0.884
0.881
0.905
0.921
0.834
0.819
0.893
0.934
0.932
0.93
0.952
0.961
0.939
0.941
0.918
0.879
0.907
0.912
0.885
0.955
0.975
0.956
0.936
0.952
0.572
0.702
0.76
0.6
0.847
0.816
0.873
0.907
0.854
0.937
0.885
0.879
0.902
0.924
0.8
0.885
0.98
0.926
0.881
0.807
0.847
0.78
0.924
0.962
0.954
0.943
0.946
0.953
0.932
0.906
0.928
0.936
0.914
0.972
0.971
1.006
0.977
0.875
0.88
0.917
0.971
0.894
0.938
0.908
0.894
0.899
0.843
0.757
0.665
0.633
0.931
0.899
0.977
0.948
0.915
0.93
0.908
0.901
0.794
0.818
0.793
0.847
0.901
0.842
0.846
0.81
0.949
0.94
0.814
0.816
0.806
0.778
0.9
0.858
0.787
0.759
0.744
0.733
0.817
0.862
0.918
0.763
0.594
0.528
0.563
0.614
0.577
0.678
0.776
0.658
0.745
0.748
0.904
0.726
0.673
0.804
0.912
0.865
0.835
0.795
0.747
0.628
0.577
0.786
0.811
0.704
0.804
0.914
0.92
0.762
0.858
0.835
0.823
0.929
0.809
0.789
0.799
0.752
0.656
0.776
0.758
0.859
0.767
0.612
0.707
0.683
0.763
0.726
0.761
0.838
0.82
0.786
0.799
0.939
0.906
0.935
0.888
0.868
0.853
0.742
0.703
0.745
0.757
0.831
0.803
0.922
0.836
0.856
0.74
0.712
0.681
0.666
0.694
0.705
0.735
0.666
0.708
0.706
0.748
0.793
0.812
0.799
0.716
0.685
0.751
0.757
0.762
0.785
0.771
0.842
0.813
0.774
0.828
0.877
0.789
0.702
0.723
0.778
0.759
0.649
0.66
0.745
0.773
0.692
0.668
0.658
0.686
0.732
0.652
0.69
0.766
0.791
0.761
0.76
0.783
0.798
0.789
0.814
0.833
0.792
0.776
0.783
0.776
0.792
0.784
0.756
0.776
0.783
0.797
0.711
0.662
0.726
0.816
0.822
0.832
0.826
0.803
0.824
0.828
0.814
0.782
0.717
0.648
0.716
0.816
0.811
0.72
0.646
0.705
0.684
0.648
0.761
0.69
0.583
0.717
0.762
0.763
0.747
0.771
0.675
0.57
0.679
0.666
0.587
0.528
0.694
0.77
0.789
0.918
0.913
0.877
0.82
0.761
0.74
0.711
0.795
0.738
0.623
0.785
0.78
0.83
0.835
0.832
0.732
0.899
0.805
0.86
0.863
0.792
0.785
0.87
0.878
0.835
0.719
0.713
0.712
0.678
0.736
0.74
0.708
0.635
0.654
0.667
0.765
0.843
0.746
0.622
0.748
0.657
0.716
0.961
0.973
0.814
0.714
0.648
0.713
0.655
0.75
0.882
0.743
0.666
0.689
0.7
0.724
0.598
0.676
0.791
0.698
0.638
0.838
0.809
0.807
0.719
0.686
0.642
0.707
0.885
0.85
0.786
0.576
0.506
0.606
0.802
0.787
0.92
0.845
0.845
0.806
0.803
0.906
0.892
0.969
0.861
0.897
0.903
0.85
0.886
0.985
0.904
0.862
0.839
0.903
0.773
0.782
0.791
0.846
0.935
0.948
0.748
0.868
0.901
0.892
0.932
0.955
0.92
0.847
0.819
0.834
0.856
0.915
0.814
0.878
0.952
0.912
0.927
0.655
0.544
0.651
0.912
0.888
0.883
0.83
0.776
0.853
0.87
0.979
0.782
0.749
0.665
0.837
0.95
0.62
0.723
0.557
0.901
0.944
0.938
0.818
0.846
0.946
0.922
0.88
0.803
0.846
0.839
0.888
0.834
0.791
0.902
0.899
0.853
0.877
0.81
0.797
0.823
0.801
0.818
0.918
0.94
0.925
0.92
0.883
0.832
0.747
0.828
0.896
0.892
0.86
0.925
0.801
0.724
0.746
0.77
0.871
0.825
0.898
0.843
0.802
0.825
0.692
0.714
0.857
0.679
0.649
0.696
0.823
0.81
0.738
0.817
0.831
0.778
0.78
0.771
0.762
0.728
0.727
0.752
0.83
0.873
0.802
0.659
0.731
0.73
0.857
0.866
0.85
0.798
0.823
0.781
0.76
0.694
0.587
0.552
0.57
0.676
0.714
0.651
0.584
0.754
0.809
0.744
0.668
0.655
0.651
0.691
0.817
0.758
0.605
0.563
0.606
0.845
0.622
0.677
0.681
0.755
0.802
0.833
0.73
0.757
0.852
0.778
0.837
0.789
0.676
0.677
0.525
0.522
0.667
0.714
0.566
0.603
0.615
0.636
0.638
0.58
0.603
0.754
0.695
0.689
0.665
0.707
0.718
0.643
0.671
0.611
0.744
0.914
0.679
0.638
0.653
0.743
0.656
0.536
0.517
0.522
0.526
0.714
0.721
0.653
0.64
0.671
0.658
0.721
0.716
0.661
0.639
0.663
0.724
0.613
0.528
0.628
0.602
0.508
0.579
0.642
0.636
0.634
0.671
0.644
0.647
0.624
0.623
0.592
0.707
0.687
0.581
0.632
0.612
0.608
0.657
0.671
0.541
0.472
0.561
0.709
0.817
0.704
0.558
0.58
0.617
0.574
0.542
0.623
0.717
0.579
0.466
0.463
0.563
0.389
0.338
0.537
0.737
0.613
0.52
0.587
0.7
0.831
0.876
0.727
0.652
0.792
0.687
0.654
0.72
0.611
0.519
0.537
0.513
0.46
0.401
0.389
0.439
0.448
0.685
0.716
0.677
0.604
0.524
0.652
0.804
0.767
0.795
0.766
0.655
0.602
0.75
0.693
0.573
0.539
0.578
0.6
0.713
0.575
0.489
0.522
0.81
0.575
0.539
0.55
0.79
0.714
0.606
0.666
0.828
0.824
0.803
0.649
0.654
0.709
0.912
0.84
0.687
0.84
0.775
0.724
0.615
0.663
0.698
0.581
0.63
0.741
0.816
0.783
0.699
0.629
0.683
0.678
0.821
0.723
0.69
0.756
0.762
0.69
0.782
0.767
0.735
0.667
0.79
0.87
0.751
0.697
0.704
0.684
0.642
0.68
0.763
0.765
0.701
0.677
0.577
0.748
0.642
0.612
0.781
0.704
0.718
0.77
0.712
0.686
0.705
0.715
0.742
0.663
0.609
0.753
0.633
0.63
0.686
0.708
0.846
0.852
0.9
0.907
0.77
0.772
0.866
0.94
0.926
0.897
0.711
0.704
0.698
0.73
0.781
0.869
0.866
0.814
0.768
0.839
0.838
0.737
0.815
0.925
0.909
0.932
0.913
0.943
0.972
0.926
0.938
0.924
0.904
0.942
0.91
0.97
0.949
0.928
0.928
0.901
0.88
0.922
0.932
0.955
0.766
0.642
0.619
0.728
0.542
0.687
0.696
0.429
0.402
0.753
0.711
0.736
0.815
0.834
0.947
0.957
0.857
0.831
0.488
0.748
0.842
0.874
0.958
0.923
0.936
0.938
0.899
0.882
0.873
0.761
0.77
0.827
0.799
0.464
0.601
0.583
0.798
0.498
0.628
0.922
0.931
0.858
0.803
0.971
0.986
0.93
0.892
0.849
0.742
0.754
0.727
0.902
0.88
0.822
0.772
0.784
0.846
0.842
0.699
0.581
0.657
0.908
0.729
0.89
0.806
0.674
0.636
0.703
0.708
0.798
0.858
0.823
0.754
0.69
0.637
0.535
0.67
0.67
0.535
0.56
0.438
0.601
0.594
0.625
0.737
0.748
0.84
0.934
0.893
0.853
0.767
0.85
0.855
0.797
0.833
0.846
0.676
0.636
0.68
0.612
0.912
0.736
0.566
0.523
0.819
0.839
0.75
0.687
0.668
0.654
0.587
0.673
0.696
0.754
0.747
0.589
0.673
0.779
0.684
0.618
0.575
0.667
0.564
0.631
0.761
0.777
0.718
0.699
0.707
0.77
0.725
0.662
0.587
0.781
0.817
0.736
0.689
0.702
0.762
0.75
0.756
0.659
0.698
0.814
0.824
0.718
0.687
0.853
0.766
0.718
0.766
0.727
0.679
0.749
0.713
0.702
0.745
0.678
0.636
0.666
0.725
0.706
0.735
0.753
0.751
0.739
0.746
0.813
0.875
0.9
0.832
0.753
0.822
0.803
0.822
0.785
0.811
0.821
0.796
0.804
0.825
0.836
0.804
0.781
0.756
0.76
0.792
0.83
0.794
0.806
0.806
0.815
0.785
0.691
0.819
0.809
0.78
0.683
0.761
0.783
0.762
0.785
0.693
0.637
0.725
0.838
0.792
0.76
0.627
0.747
0.672
0.68
0.64
0.565
0.527
0.601
0.635
0.574
0.509
0.546
0.614
0.6
0.519
0.492
0.446
0.508
0.619
0.646
0.573
0.535
0.603
0.563
0.603
0.458
0.453
0.453
0.421
0.57
0.64
0.481
0.47
0.532
0.603
0.5
0.419
0.669
0.569
0.591
0.599
0.656
0.738
0.63
0.707
0.704
0.693
0.67
0.675
0.662
0.752
0.779
0.66
0.611
0.664
0.796
0.794
0.787
0.767
0.622
0.636
0.64
0.68
0.761
0.678
0.674
0.723
0.685
0.761
0.685
0.767
0.619
0.592
0.602
0.609
0.587
0.636
0.569
0.656
0.629
0.699
0.742
0.905
0.807
0.827
0.722
0.599
0.683
0.76
0.78
0.583
0.568
0.644
0.68
0.597
0.686
0.512
0.523
0.794
0.855
0.697
0.575
0.638
0.677
0.932
0.74
0.466
0.632
0.743
0.671
0.692
0.727
0.76
0.826
0.85
0.882
0.878
0.818
0.757
0.761
0.844
0.927
0.853
0.898
0.842
0.934
0.977
0.953
0.927
0.974
0.942
0.965
0.963
0.974
0.92
0.84
0.568
0.789
0.906
0.868
0.819
0.852
0.727
0.77
0.92
0.933
0.791
0.868
0.945
1.017
0.735
0.935
0.964
0.974
0.959
0.928
0.88
0.934
0.829
0.765
0.941
0.872
0.947
0.954
0.866
0.844
0.858
0.741
0.844
0.757
0.892
0.763
0.773
0.853
0.863
0.94
0.939
0.859
0.899
0.928
0.899
0.858
0.901
0.927
0.775
0.796
0.889
0.948
0.925
0.854
0.903
0.912
0.915
0.891
0.923
0.838
0.818
0.856
0.876
0.882
0.79
0.77
0.776
0.848
0.902
0.84
0.876
0.862
0.907
0.969
0.905
0.915
0.853
0.871
0.943
0.854
0.878
0.857
0.8
0.765
0.832
0.898
0.852
0.785
0.784
0.641
0.412
0.585
0.439
0.53
0.811
0.861
0.721
0.55
0.634
0.659
0.842
0.948
0.735
0.576
0.801
0.833
0.724
0.652
0.703
0.558
0.693
0.718
0.854
0.549
0.618
0.65
0.701
0.614
0.487
0.677
0.664
0.531
0.767
0.647
0.706
0.753
0.784
0.813
0.777
0.816
0.738
0.616
0.634
0.704
0.71
0.701
0.683
0.681
0.564
0.682
0.708
0.785
0.876
0.757
0.672
0.547
0.497
0.599
0.695
0.659
0.656
0.61
0.511
0.551
0.678
0.77
0.776
0.698
0.622
0.629
0.699
0.715
0.766
0.748
0.601
0.549
0.726
0.728
0.736
0.796
0.777
0.695
0.653
0.646
0.652
0.611
0.703
0.773
0.793
0.789
0.703
0.713
0.744
0.748
0.723
0.718
0.711
0.748
0.762
0.731
0.716
0.794
0.669
0.545
0.646
0.745
0.763
0.692
0.71
0.696
0.606
0.73
0.679
0.687
0.685
0.592
0.486
0.771
0.762
0.702
0.636
0.597
0.592
0.49
0.442
0.685
0.712
0.641
0.684
0.487
0.398
0.541
0.507
0.482
0.58
0.664
0.509
0.436
0.499
0.549
0.815
0.821
0.7
0.598
0.524
0.544
0.752
0.709
0.63
0.607
0.551
0.664
0.635
0.624
0.587
0.5
0.541
0.579
0.502
0.493
0.659
0.635
0.624
0.492
0.444
0.5
0.669
0.49
0.492
0.528
0.625
0.751
0.688
0.691
0.544
0.577
0.717
0.494
0.517
0.557
0.496
0.63
0.616
0.522
0.531
0.508
0.563
0.586
0.584
0.463
0.603
0.577
0.551
0.657
0.751
0.591
0.611
0.798
0.69
0.608
0.665
0.63
0.609
0.732
0.769
0.895
0.838
0.733
0.746
0.636
0.684
0.821
0.711
0.724
0.608
0.605
0.539
0.536
0.611
0.565
0.649
0.675
0.724
0.614
0.442
0.654
0.73
0.773
0.795
0.708
0.673
0.562
0.665
0.745
0.669
0.616
0.59
0.667
0.906
0.759
0.879
0.801
0.794
0.947
0.907
0.937
0.681
0.692
0.757
0.665
0.609
0.882
0.834
0.608
0.793
0.682
0.825
0.883
0.829
0.648
0.884
0.808
0.692
0.84
0.879
0.915
0.859
0.933
0.794
0.714
0.801
0.722
0.721
0.72
0.905
0.991
0.82
0.826
0.904
0.873
0.656
0.562
0.461
0.429
0.552
0.882
0.965
0.654
0.794
0.785
0.817
0.822
0.8
0.913
0.951
0.921
0.918
0.969
0.96
0.967
0.953
0.931
0.957
0.968
0.931
0.936
0.95
0.963
0.891
0.908
0.929
0.901
0.834
0.861
0.95
0.922
0.966
0.958
0.814
0.958
0.962
0.946
0.956
0.934
1.008
0.88
0.83
0.874
0.692
0.864
0.928
0.855
0.791
0.739
0.924
0.919
0.766
0.918
0.865
0.88
0.777
0.76
0.941
0.894
0.938
0.934
0.758
0.874
0.994
0.987
0.954
0.911
0.881
0.746
0.91
0.842
0.77
0.773
0.768
0.527
0.558
0.72
0.698
0.598
0.566
0.659
0.828
0.87
0.689
0.424
0.503
0.678
0.713
0.667
0.743
0.88
0.675
0.638
0.731
0.942
0.903
0.873
0.792
0.691
0.575
0.682
0.592
0.491
0.791
0.713
0.509
0.722
0.881
0.607
0.709
0.655
0.588
0.704
0.691
0.757
0.71
0.617
0.753
0.694
0.554
0.521
0.637
0.774
0.807
0.685
0.621
0.629
0.657
0.686
0.765
0.7
0.636
0.728
0.79
0.766
0.706
0.721
0.724
0.631
0.584
0.514
0.498
0.665
0.719
0.718
0.719
0.76
0.735
0.923
0.81
0.782
0.763
0.744
0.686
0.765
0.743
0.743
0.714
0.672
0.713
0.716
0.799
0.767
0.784
0.797
0.838
0.826
0.796
0.787
0.783
0.728
0.754
0.705
0.752
0.777
0.927
0.837
0.773
0.774
0.807
0.802
0.777
0.742
0.663
0.768
0.828
0.876
0.927
0.824
0.768
0.819
0.868
0.842
0.838
0.774
0.851
0.839
0.831
0.807
0.816
0.748
0.671
0.713
0.758
0.796
0.741
0.761
0.802
0.778
0.739
0.749
0.81
0.818
0.792
0.783
0.796
0.805
0.839
0.838
0.846
0.823
0.815
0.807
0.844
0.828
0.79
0.828
0.834
0.826
0.827
0.748
0.661
0.786
0.816
0.819
0.85
0.785
0.729
0.779
0.843
0.797
0.802
0.823
0.789
0.809
0.809
0.754
0.73
0.757
0.773
0.685
0.714
0.772
0.735
0.706
0.678
0.615
0.649
0.78
0.848
0.725
0.714
0.719
0.692
0.749
0.733
0.727
0.727
0.815
0.853
0.759
0.711
0.741
0.83
0.849
0.792
0.793
0.682
0.65
0.759
0.682
0.618
0.649
0.73
0.694
0.593
0.65
0.618
0.616
0.489
0.475
0.516
0.644
0.71
0.725
0.705
0.603
0.703
0.934
0.745
0.77
0.701
0.757
0.637
0.605
0.723
0.763
0.744
0.649
0.606
0.586
0.81
0.767
0.805
0.611
0.613
0.637
0.645
0.628
0.603
0.802
0.511
0.572
0.793
0.825
0.901
0.758
0.719
0.883
0.891
0.807
0.872
0.906
0.857
0.757
0.786
0.779
0.722
0.79
0.828
0.883
0.841
0.776
0.816
0.858
0.794
0.849
0.816
0.817
0.651
0.521
0.584
0.809
0.91
0.965
0.799
0.648
0.867
0.951
0.906
0.888
0.9
0.827
0.727
0.706
0.808
0.593
0.518
0.486
0.522
0.84
0.952
0.982
0.816
0.861
0.852
0.973
0.969
0.921
0.689
0.516
0.508
0.78
0.884
0.852
0.708
0.784
0.784
0.893
0.746
0.771
0.777
0.73
0.947
0.887
0.779
0.885
0.803
0.619
0.665
0.703
0.85
0.857
0.684
0.573
0.644
0.56
0.596
0.896
0.906
0.832
0.742
0.736
0.679
0.804
0.755
0.71
0.939
0.905
0.777
0.787
0.802
0.764
0.836
0.705
0.704
0.87
0.885
0.851
0.787
0.781
0.817
0.967
0.846
0.735
0.828
0.868
0.816
0.731
0.576
0.638
0.753
0.606
0.648
0.654
0.754
0.893
0.818
0.753
0.794
0.883
0.712
0.651
0.884
0.83
0.737
0.581
0.818
0.552
0.661
0.863
0.74
0.765
0.713
0.892
0.662
0.678
0.719
0.727
0.659
0.611
0.562
0.577
0.646
0.753
0.789
0.747
0.656
0.696
0.771
0.789
0.835
0.871
0.866
0.873
0.918
0.787
0.731
0.784
0.688
0.664
0.654
0.708
0.9
0.869
0.813
0.76
0.829
0.711
0.628
0.763
0.698
0.59
0.596
0.768
0.646
0.621
0.533
0.598
0.728
0.72
0.659
0.704
0.657
0.58
0.65
0.664
0.608
0.709
0.813
0.675
0.696
0.647
0.585
0.628
0.69
0.66
0.643
0.64
0.783
0.771
0.694
0.598
0.573
0.712
0.669
0.653
0.837
0.708
0.59
0.66
0.689
0.727
0.677
0.578
0.677
0.676
0.614
0.786
0.784
0.77
0.769
0.737
0.745
0.715
0.664
0.705
0.754
0.751
0.743
0.775
0.709
0.737
0.694
0.621
0.675
0.768
0.731
0.739
0.728
0.658
0.611
0.629
0.691
0.78
0.73
0.669
0.664
0.611
0.604
0.607
0.551
0.466
0.467
0.55
0.518
0.753
0.707
0.783
0.854
0.849
0.867
0.83
0.789
0.756
0.763
0.798
0.723
0.617
0.678
0.799
0.702
0.73
0.765
0.722
0.643
0.688
0.761
0.73
0.669
0.616
0.606
0.646
0.636
0.672
0.661
0.767
0.718
0.564
0.581
0.81
0.721
0.683
0.828
0.789
0.692
0.624
0.592
0.605
0.674
0.715
0.673
0.722
0.583
0.761
0.877
0.904
0.836
0.731
0.737
0.684
0.659
0.663
0.624
0.662
0.657
0.674
0.627
0.615
0.715
0.587
0.651
0.812
0.751
0.731
0.687
0.842
0.835
0.692
0.721
0.739
0.678
0.796
0.844
0.779
0.771
0.874
0.709
0.725
0.676
0.741
0.705
0.687
0.726
0.653
0.771
0.782
0.692
0.709
0.682
0.695
0.726
0.715
0.788
0.704
0.673
0.788
0.649
0.706
0.686
0.664
0.849
0.833
0.771
0.761
0.818
0.878
0.841
0.721
0.761
0.762
0.721
0.823
0.911
0.791
0.606
0.707
0.596
0.892
0.941
0.938
0.914
0.855
0.883
0.955
0.924
0.908
0.974
0.957
0.892
0.932
0.909
0.952
0.998
0.869
0.754
0.865
0.754
0.641
0.838
0.927
0.99
0.834
0.704
0.636
0.449
0.664
0.828
0.889
0.89
0.972
0.697
0.606
0.672
0.75
0.94
0.916
0.887
0.955
0.888
0.884
0.981
0.916
0.875
0.824
0.804
0.711
0.748
0.628
0.874
0.868
0.645
0.604
0.59
0.586
0.822
0.942
0.886
0.665
0.618
0.834
0.884
0.654
0.67
0.753
0.634
0.668
0.772
0.786
0.735
0.821
0.838
0.83
0.793
0.814
0.493
0.627
0.813
0.854
0.694
0.512
0.434
0.556
0.778
0.85
0.55
0.574
0.524
0.362
0.42
0.537
0.804
0.598
0.558
0.591
0.917
0.816
0.805
0.761
0.537
0.482
0.807
0.841
0.928
0.861
0.858
0.761
0.852
0.94
0.782
0.638
0.8
0.902
0.841
0.948
0.729
0.636
0.575
0.667
0.725
0.724
0.681
0.705
0.678
0.703
0.61
0.551
0.695
0.763
0.779
0.725
0.616
0.603
0.794
0.746
0.698
0.753
0.9
0.846
0.801
0.819
0.728
0.869
0.972
0.776
0.697
0.636
0.606
0.725
0.846
0.795
0.702
0.719
0.688
0.689
0.721
0.67
0.79
0.883
0.834
0.727
0.636
0.814
0.832
0.76
0.844
0.821
0.72
0.668
0.664
0.67
0.599
0.584
0.602
0.751
0.748
0.747
0.639
0.626
0.66
0.699
0.729
0.733
0.722
0.724
0.659
0.631
0.725
0.721
0.703
0.696
0.678
0.891
0.756
0.701
0.672
0.695
0.641
0.765
0.82
0.815
0.731
0.753
0.73
0.763
0.785
0.801
0.783
0.675
0.804
0.846
0.831
0.837
0.828
0.824
0.8
0.789
0.805
0.781
0.788
0.795
0.78
0.823
0.811
0.793
0.76
0.755
0.814
0.78
0.711
0.679
0.705
0.732
0.808
0.798
0.812
0.805
0.773
0.722
0.74
0.734
0.807
0.834
0.799
0.779
0.794
0.816
0.876
0.843
0.803
0.742
0.773
0.819
0.773
0.704
0.637
0.617
0.73
0.858
0.813
0.781
0.788
0.749
0.826
0.747
0.727
0.803
0.766
0.791
0.761
0.705
0.685
0.716
0.704
0.867
0.864
0.744
0.714
0.68
0.724
0.814
0.764
0.726
0.705
0.625
0.612
0.616
0.579
0.619
0.666
0.605
0.643
0.534
0.515
0.58
0.69
0.762
0.86
0.741
0.717
0.836
0.752
0.87
0.871
0.758
0.657
0.802
0.694
0.569
0.607
0.635
0.554
0.595
0.597
0.723
0.847
0.766
0.676
0.714
0.798
0.801
0.745
0.608
0.627
0.876
0.833
0.812
0.929
0.881
0.75
0.732
0.693
0.533
0.503
0.622
0.818
0.754
0.859
0.865
0.777
0.949
0.86
0.654
0.693
0.694
0.66
0.712
0.752
0.719
0.779
0.697
0.694
0.832
0.8
0.776
0.804
0.725
0.75
0.543
0.599
0.536
0.657
0.723
0.735
0.754
0.641
0.884
0.922
0.909
0.88
0.931
0.878
0.789
0.742
0.892
0.873
0.88
0.868
0.78
0.793
0.736
0.842
0.871
0.855
0.852
0.866
0.891
0.832
0.728
0.766
0.842
0.938
1
1
0.992
1.016
0.687
0.684
0.878
0.891
0.873
0.9
0.935
0.915
0.944
0.976
0.939
0.867
0.826
0.756
0.861
0.856
0.912
0.503
0.551
0.762
0.395
0.45
0.744
0.861
0.88
0.898
0.839
0.948
0.94
0.951
0.883
0.934
0.938
0.943
0.909
0.737
0.83
0.927
0.939
0.958
0.863
0.927
0.933
0.822
0.668
0.611
0.824
0.964
0.789
0.726
0.699
0.7
0.75
0.806
0.566
0.607
0.592
0.614
0.658
0.672
0.584
0.69
0.559
0.591
0.603
0.583
0.649
0.666
0.59
0.611
0.676
0.587
0.646
0.86
0.896
0.951
0.826
0.766
0.768
0.615
0.912
0.907
0.594
0.696
0.525
0.55
0.632
0.737
0.691
0.787
0.753
0.893
0.962
0.879
0.753
0.767
0.77
0.649
0.562
0.592
0.735
0.859
0.866
0.725
0.613
0.779
0.6
0.574
0.648
0.716
0.813
0.774
0.68
0.691
0.708
0.587
0.638
0.745
0.814
0.893
0.905
0.85
0.782
0.799
0.747
0.801
0.815
0.807
0.812
0.833
0.784
0.655
0.559
0.679
0.702
0.594
0.651
0.775
0.822
0.762
0.855
0.823
0.704
0.695
0.715
0.673
0.693
0.779
0.868
0.871
0.804
0.789
0.649
0.593
0.694
0.685
0.709
0.81
0.855
0.82
0.883
0.922
0.791
0.801
0.794
0.802
0.789
0.699
0.758
0.74
0.766
0.71
0.747
0.706
0.751
0.697
0.723
0.719
0.746
0.741
0.668
0.692
0.685
0.712
0.768
0.756
0.744
0.672
0.797
0.835
0.846
0.881
0.802
0.755
0.758
0.772
0.765
0.693
0.685
0.8
0.832
0.774
0.75
0.75
0.737
0.775
0.809
0.812
0.808
0.807
0.731
0.733
0.719
0.781
0.828
0.844
0.861
0.826
0.8
0.798
0.846
0.79
0.75
0.716
0.824
0.856
0.805
0.793
0.804
0.814
0.794
0.768
0.768
0.756
0.748
0.68
0.787
0.788
0.879
0.937
0.938
0.821
0.746
0.817
0.779
0.785
0.788
0.762
0.744
0.738
0.757
0.707
0.719
0.666
0.861
0.85
0.789
0.605
0.68
0.675
0.667
0.69
0.744
0.772
0.784
0.905
0.846
0.842
0.777
0.699
0.749
0.847
0.745
0.758
0.64
0.797
0.623
0.674
0.574
0.642
0.696
0.628
0.653
0.712
0.653
0.607
0.706
0.937
0.933
0.8
0.663
0.802
0.945
0.874
0.747
0.707
0.796
0.818
0.687
0.658
0.82
0.685
0.64
0.723
0.782
0.629
0.842
0.924
0.926
0.886
0.934
0.856
0.737
0.603
0.687
0.876
0.885
0.916
0.749
0.738
0.819
0.9
0.964
0.862
0.807
0.71
0.745
0.744
0.607
0.53
0.626
0.818
0.816
0.827
0.853
0.869
0.866
0.849
0.847
0.828
0.792
0.927
0.975
0.84
0.807
0.731
0.722
0.773
0.854
0.892
0.794
0.724
0.907
0.933
0.877
0.761
0.784
0.802
0.87
0.831
0.913
0.679
0.498
0.632
0.676
0.913
0.933
0.96
0.926
0.922
0.932
0.913
0.869
0.757
0.886
0.941
0.919
0.739
0.791
0.86
0.956
0.868
0.744
0.79
0.878
1.032
0.926
0.959
0.932
0.954
1.013
0.806
0.455
0.572
0.908
0.967
0.729
0.803
0.856
0.676
0.761
0.873
0.756
0.918
0.86
0.718
0.823
0.922
0.555
0.459
0.632
0.579
0.6
0.745
0.742
0.606
0.476
0.511
0.608
0.487
0.706
0.886
0.735
0.634
0.685
0.904
0.862
0.779
0.656
0.667
0.601
0.58
0.834
0.794
0.646
0.655
0.766
0.562
0.503
0.699
0.894
0.967
0.746
0.611
0.62
0.645
0.617
0.801
0.811
0.768
0.726
0.62
0.676
0.729
0.782
0.662
0.841
0.759
0.718
0.793
0.791
0.954
0.939
0.76
0.631
0.73
0.731
0.761
0.867
0.72
0.79
0.845
0.932
0.871
0.806
0.847
0.894
0.746
0.649
0.785
0.826
0.834
0.832
0.77
0.91
0.907
0.703
0.646
0.685
0.795
0.816
0.759
0.82
0.791
0.818
0.75
0.778
0.792
0.784
0.793
0.824
0.828
0.781
0.703
0.712
0.78
0.667
0.671
0.779
0.821
0.794
0.802
0.84
0.86
0.691
0.585
0.822
0.743
0.846
0.916
0.898
0.9
0.802
0.868
0.791
0.733
0.739
0.771
0.749
0.739
0.67
0.703
0.751
0.773
0.732
0.771
0.785
0.779
0.76
0.802
0.841
0.773
0.79
0.807
0.785
0.813
0.767
0.762
0.764
0.834
0.882
0.834
0.839
0.815
0.831
0.868
0.748
0.758
0.703
0.71
0.753
0.782
0.805
0.827
0.807
0.827
0.787
0.736
0.766
0.752
0.811
0.805
0.786
0.759
0.752
0.706
0.814
0.868
0.825
0.859
0.809
0.813
0.856
0.835
0.797
0.822
0.832
0.788
0.806
0.78
0.902
0.905
0.776
0.783
0.783
0.735
0.872
0.85
0.793
0.815
0.797
0.808
0.814
0.814
0.801
0.785
0.763
0.83
0.84
0.784
0.728
0.798
0.833
0.772
0.76
0.786
0.731
0.667
0.736
0.733
0.664
0.665
0.588
0.762
0.881
0.841
0.753
0.804
0.844
0.8
0.747
0.717
0.6
0.564
0.692
0.765
0.84
0.775
0.562
0.666
0.593
0.794
0.778
0.711
0.658
0.648
0.757
0.731
0.581
0.623
0.718
0.868
0.823
0.729
0.784
0.919
0.946
0.75
0.727
0.654
0.653
0.735
0.638
0.708
0.538
0.49
0.709
0.86
0.809
0.828
0.89
0.939
0.914
0.891
0.856
0.893
0.844
0.896
0.826
0.758
0.82
0.854
0.85
0.847
0.764
0.826
0.778
0.802
0.857
0.825
0.821
0.769
0.772
0.688
0.728
0.966
0.828
0.479
0.557
0.731
0.86
0.758
0.75
0.826
0.806
0.811
0.936
0.89
0.876
0.852
0.886
0.857
0.927
0.904
0.866
0.977
0.943
0.836
0.903
0.882
0.93
0.937
0.797
0.768
0.634
0.677
0.54
0.922
0.975
0.937
0.885
0.904
0.874
0.852
0.52
0.898
0.877
0.883
0.932
0.939
0.856
0.942
0.974
0.937
0.95
0.91
0.82
0.827
0.796
0.884
0.856
0.871
0.911
0.67
0.933
0.865
0.888
0.86
0.898
0.91
0.808
0.88
0.73
0.779
0.873
0.882
0.9
0.787
0.631
0.521
0.541
0.651
0.878
0.957
0.912
0.686
0.516
0.748
0.841
0.861
0.917
0.807
0.701
0.837
0.722
0.671
0.73
0.843
0.827
0.791
0.806
0.659
0.701
0.721
0.769
0.786
0.933
0.9
0.64
0.663
0.851
0.757
0.79
0.769
0.883
0.933
0.867
0.777
0.881
0.874
0.72
0.585
0.729
0.834
0.718
0.836
0.778
0.676
0.663
0.674
0.746
0.871
0.561
0.671
0.588
0.704
0.757
0.735
0.7
0.726
0.635
0.838
0.87
0.793
0.793
0.609
0.748
0.823
0.872
0.788
0.666
0.686
0.688
0.731
0.646
0.62
0.679
0.589
0.655
0.803
0.667
0.522
0.805
0.803
0.771
0.84
0.868
0.946
0.766
0.849
0.92
0.809
0.772
0.715
0.672
0.746
0.823
0.79
0.738
0.668
0.57
0.707
0.754
0.691
0.655
0.663
0.675
0.624
0.666
0.734
0.677
0.646
0.748
0.677
0.758
0.704
0.643
0.608
0.64
0.586
0.629
0.687
0.751
0.719
0.663
0.697
0.79
0.774
0.726
0.693
0.736
0.66
0.585
0.68
0.598
0.62
0.632
0.697
0.654
0.689
0.77
0.75
0.753
0.71
0.681
0.778
0.742
0.642
0.771
0.762
0.745
0.802
0.782
0.758
0.735
0.701
0.796
0.758
0.658
0.723
0.737
0.886
0.897
0.77
0.771
0.694
0.589
0.619
0.605
0.699
0.699
0.709
0.595
0.609
0.706
0.732
0.716
0.61
0.584
0.561
0.466
0.459
0.444
0.513
0.544
0.521
0.488
0.538
0.646
0.804
0.701
0.677
0.708
0.742
0.568
0.605
0.53
0.589
0.746
0.792
0.817
0.848
0.808
0.793
0.775
0.715
0.641
0.571
0.656
0.631
0.626
0.551
0.544
0.509
0.569
0.592
0.575
0.604
0.663
0.791
0.736
0.6
0.668
0.673
0.521
0.717
0.727
0.588
0.558
0.544
0.476
0.635
0.728
0.787
0.628
0.478
0.652
0.582
0.407
0.427
0.851
0.862
0.836
0.85
0.809
0.788
0.768
0.767
0.718
0.751
0.781
0.75
0.585
0.718
0.55
0.585
0.677
0.68
0.709
0.673
0.601
0.658
0.723
0.771
0.756
0.733
0.688
0.764
0.578
0.639
0.6
0.5
0.575
0.668
0.847
0.807
0.672
0.872
0.908
0.859
0.797
0.687
0.778
0.735
0.799
0.653
0.795
0.787
0.684
0.732
0.675
0.769
0.809
0.807
0.933
0.818
0.747
0.526
0.784
0.946
0.919
0.867
0.906
0.92
0.829
0.75
0.736
0.576
0.621
0.877
0.86
0.655
0.865
0.88
