1980 1 1
0.909
0.946
0.904
0.864
0.907
0.89
0.859
0.838
0.87
0.931
0.936
0.687
0.824
0.856
0.92
0.945
0.931
0.898
0.868
0.818
0.769
0.858
0.835
0.812
0.939
0.874
0.843
0.86
0.832
0.753
0.79
0.78
0.705
0.689
0.742
0.703
0.849
0.859
0.797
0.867
0.85
0.911
0.84
0.811
0.857
0.861
0.882
0.694
0.807
0.845
0.871
0.968
0.98
0.948
0.845
0.857
0.785
0.852
0.818
0.749
0.71
0.682
0.771
0.809
0.937
0.782
0.835
0.96
0.918
0.869
0.608
0.582
0.908
0.865
0.843
0.852
0.938
0.818
0.69
0.835
0.941
0.724
0.763
0.933
0.844
0.754
0.755
0.797
0.943
0.9
0.931
0.891
0.875
0.859
0.953
0.767
0.632
0.663
0.78
0.83
0.883
0.796
0.876
0.702
0.906
0.848
0.739
0.62
0.62
0.625
0.615
0.578
0.506
0.655
0.704
0.805
0.671
0.705
0.858
0.761
0.715
0.685
0.639
0.568
0.498
0.537
0.546
0.606
0.661
0.691
0.663
0.745
0.83
0.809
0.803
0.686
0.671
0.934
0.86
0.746
0.728
0.66
0.579
0.561
0.726
0.692
0.653
0.559
0.507
0.583
0.746
0.775
0.866
0.819
0.777
0.751
0.679
0.756
0.715
0.812
0.717
0.65
0.605
0.594
0.622
0.736
0.777
0.772
0.68
0.654
0.707
0.743
0.698
0.646
0.627
0.691
0.695
0.693
0.717
0.759
0.723
0.734
0.719
0.732
0.744
0.823
0.863
0.781
0.702
0.803
0.76
0.787
0.748
0.765
0.777
0.686
0.768
0.768
0.788
0.769
0.739
0.726
0.787
0.817
0.789
0.748
0.742
0.73
0.792
0.872
0.849
0.767
0.783
0.851
0.862
0.862
0.774
0.858
0.818
0.806
0.857
0.812
0.868
0.866
0.839
0.826
0.846
0.846
0.769
0.873
0.915
0.843
0.836
0.866
0.847
0.77
0.767
0.766
0.74
0.756
0.766
0.77
0.794
0.848
0.856
0.851
0.796
0.834
0.788
0.722
0.721
0.752
0.806
0.785
0.766
0.806
0.842
0.83
0.864
0.887
0.919
0.741
0.777
0.79
0.825
0.836
0.808
0.648
0.725
0.758
0.657
0.736
0.731
0.644
0.776
0.784
0.725
0.767
0.702
0.646
0.729
0.698
0.741
0.723
0.763
0.8
0.714
0.697
0.692
0.746
0.853
0.8
0.764
0.718
0.672
0.701
0.696
0.767
0.844
0.749
0.644
0.765
0.609
0.617
0.678
0.712
0.602
0.627
0.734
0.686
0.593
0.688
0.809
0.728
0.679
0.675
0.699
0.579
0.716
0.793
0.751
0.764
0.811
0.766
0.795
0.79
0.716
0.785
0.948
0.745
0.664
0.869
0.929
0.901
0.871
0.872
0.875
0.738
0.777
0.845
0.887
0.957
0.992
0.896
0.839
0.692
0.891
0.867
0.69
0.786
0.889
0.79
0.886
0.792
0.716
0.8
0.816
0.863
0.921
0.745
0.901
0.85
0.857
0.921
0.981
0.989
0.971
0.89
0.863
0.728
0.885
0.957
0.903
0.808
0.842
0.842
0.826
0.858
0.927
0.907
0.938
0.929
0.889
0.964
1.027
0.993
0.989
1.002
0.994
0.992
0.957
0.916
0.943
0.901
0.829
0.729
0.807
0.93
0.942
0.745
0.798
0.84
0.929
0.918
0.908
0.87
0.928
1.031
0.781
0.905
0.839
0.846
0.922
0.966
0.99
0.923
0.929
0.87
0.926
0.903
0.85
0.784
0.735
0.791
0.817
0.832
0.766
0.554
0.799
0.905
0.814
0.776
0.863
0.834
0.766
0.728
0.705
0.753
0.547
0.671
0.776
0.691
0.595
0.702
0.867
0.857
0.702
0.772
0.583
0.588
0.629
0.757
0.602
0.67
0.798
0.667
0.551
0.616
0.499
0.846
0.839
0.57
0.511
0.608
0.741
0.728
0.814
0.9
0.923
0.843
0.633
0.614
0.767
0.71
0.679
0.777
0.636
0.836
0.863
0.855
0.731
0.654
0.666
0.718
0.83
0.754
0.666
0.613
0.583
0.556
0.712
0.847
0.684
0.606
0.719
0.909
0.945
0.767
0.663
0.793
0.944
0.747
0.679
0.647
0.625
0.541
0.48
0.551
0.56
0.614
0.683
0.706
0.778
0.89
0.75
0.763
0.671
0.618
0.79
0.744
0.752
0.711
0.719
0.641
0.743
0.809
0.848
0.707
0.786
0.892
0.812
0.772
0.791
0.736
0.685
0.721
0.727
0.787
0.795
0.736
0.799
0.802
0.668
0.593
0.642
0.745
0.75
0.797
0.807
0.792
0.793
0.798
0.719
0.655
0.78
0.824
0.674
0.585
0.66
0.799
0.705
0.724
0.71
0.728
0.678
0.774
0.906
0.864
0.775
0.645
0.744
0.749
0.797
0.884
0.881
0.828
0.68
0.687
0.762
0.752
0.791
0.817
0.81
0.784
0.814
0.838
0.837
0.836
0.825
0.818
0.844
0.861
0.876
0.801
0.718
0.665
0.72
0.77
0.723
0.699
0.717
0.785
0.769
0.743
0.809
0.845
0.829
0.855
0.828
0.81
0.831
0.921
0.934
0.897
0.842
0.806
0.808
0.746
0.788
0.873
0.817
0.796
0.806
0.835
0.831
0.893
0.847
0.796
0.786
0.81
0.874
0.756
0.676
0.693
0.757
0.797
0.732
0.764
0.894
0.859
0.796
0.719
0.732
0.786
0.816
0.751
0.718
0.706
0.752
0.768
0.758
0.746
0.638
0.749
0.78
0.622
0.817
0.744
0.663
0.791
0.937
0.84
0.671
0.654
0.884
0.974
0.868
0.848
0.833
0.766
0.713
0.771
0.809
0.667
0.707
0.805
0.715
0.784
0.746
0.677
0.771
0.756
0.763
0.724
0.732
0.715
0.788
0.854
0.828
0.91
0.808
0.791
0.851
0.857
0.86
0.829
0.87
0.803
0.767
0.718
0.887
0.869
0.77
0.854
0.804
0.779
0.843
0.903
0.589
0.696
0.871
0.841
0.853
0.875
0.905
0.856
0.899
0.802
0.839
0.856
0.911
0.976
0.983
0.939
0.947
0.928
0.943
0.969
0.946
0.941
0.809
0.954
0.883
0.92
0.947
0.88
0.898
0.902
0.887
0.875
0.759
0.818
0.854
0.909
0.909
0.876
0.929
0.756
0.862
0.897
0.921
0.912
0.933
0.981
0.772
0.878
0.907
0.902
0.89
0.914
0.944
0.971
0.905
0.972
0.947
0.891
0.913
0.878
0.976
0.943
0.898
0.926
0.874
0.937
0.902
0.936
0.932
0.999
0.978
0.969
0.976
0.996
1
0.912
0.89
0.923
0.828
0.791
0.827
0.898
0.888
0.922
0.857
1.057
0.931
0.921
0.917
0.814
0.817
0.855
0.979
0.949
0.816
0.73
0.814
0.904
0.89
0.829
0.86
0.929
0.897
0.825
0.757
0.736
0.841
0.828
0.71
0.712
0.69
0.807
0.838
0.726
0.702
0.845
0.804
0.866
0.866
0.783
0.803
0.859
0.889
0.855
0.826
0.775
0.758
0.684
0.701
0.829
0.664
0.506
0.843
0.67
0.559
0.599
0.596
0.485
0.646
0.725
0.667
0.608
0.583
0.596
0.52
0.533
0.474
0.501
0.542
0.733
0.765
0.628
0.588
0.596
0.599
0.578
0.69
0.68
0.611
0.588
0.617
0.646
0.709
0.868
0.891
0.838
0.77
0.782
0.819
0.841
0.768
0.795
0.779
0.792
0.822
0.737
0.782
0.828
0.906
0.838
0.765
0.76
0.795
0.77
0.692
0.665
0.708
0.671
0.786
0.921
0.801
0.712
0.841
0.781
0.766
0.722
0.717
0.619
0.684
0.734
0.786
0.769
0.791
0.728
0.687
0.682
0.911
0.85
0.799
0.788
0.798
0.762
0.743
0.738
0.816
0.785
0.723
0.693
0.692
0.698
0.791
0.834
0.82
0.765
0.718
0.741
0.786
0.727
0.708
0.774
0.794
0.797
0.714
0.684
0.755
0.792
0.814
0.773
0.802
0.789
0.858
0.833
0.826
0.824
0.769
0.735
0.637
0.634
0.676
0.725
0.731
0.754
0.721
0.726
0.847
0.725
0.695
0.827
0.784
0.787
0.729
0.769
0.712
0.651
0.724
0.825
0.842
0.809
0.739
0.668
0.619
0.787
0.825
0.709
0.656
0.653
0.714
0.648
0.669
0.75
0.773
0.728
0.675
0.728
0.584
0.624
0.673
0.843
0.837
0.79
0.818
0.793
0.904
0.824
0.782
0.725
0.658
0.727
0.676
0.693
0.709
0.663
0.679
0.613
0.717
0.779
0.686
0.677
0.625
0.659
0.658
0.619
0.584
0.545
0.539
0.701
0.641
0.639
0.624
0.639
0.675
0.593
0.479
0.497
0.569
0.635
0.846
0.881
0.782
0.842
0.696
0.635
0.728
0.696
0.688
0.822
0.786
0.833
0.852
0.775
0.692
0.79
0.716
0.708
0.795
0.84
0.937
0.922
0.815
0.945
0.84
0.683
0.824
0.833
0.919
0.954
0.874
0.822
0.79
0.763
0.832
0.911
0.794
0.78
0.775
0.715
0.827
0.875
0.785
0.845
0.851
0.947
0.955
0.815
0.77
0.935
0.905
0.875
0.877
0.891
0.899
0.859
0.884
0.953
0.941
0.72
0.551
0.728
0.826
0.873
0.725
0.673
0.749
0.796
0.864
0.782
0.804
0.923
0.899
0.806
0.871
0.876
0.946
0.911
0.876
0.857
0.877
0.929
0.902
0.931
0.992
0.98
0.938
0.87
0.831
0.884
0.953
0.981
0.958
0.95
1.013
0.986
0.851
0.873
0.856
0.936
0.846
0.855
0.872
0.902
0.895
0.858
0.899
0.948
0.916
0.904
0.837
0.8
0.757
0.728
0.824
0.84
0.792
0.839
0.783
0.782
0.647
0.573
0.567
0.645
0.731
0.805
0.848
0.787
0.686
0.842
0.785
0.861
0.796
0.747
0.731
0.752
0.778
0.82
0.898
0.966
0.84
0.935
0.816
0.83
0.751
0.769
0.81
0.906
0.913
0.776
0.631
0.744
0.772
0.93
0.854
0.843
0.767
0.89
0.875
0.807
0.92
0.85
0.843
0.786
0.912
0.902
0.839
0.771
0.795
0.717
0.693
0.672
0.704
0.662
0.621
0.732
0.669
0.603
0.597
0.767
0.836
0.956
0.962
0.872
0.923
0.801
0.739
0.665
0.721
0.835
0.647
0.63
0.542
0.598
0.716
0.779
0.878
0.715
0.609
0.675
0.852
0.792
0.793
0.856
0.823
0.743
0.754
0.761
0.647
0.709
0.843
0.743
0.719
0.708
0.67
0.845
0.854
0.773
0.855
0.741
0.681
0.621
0.61
0.557
0.565
0.561
0.587
0.627
0.662
0.599
0.639
0.791
0.79
0.732
0.725
0.688
0.638
0.667
0.626
0.709
0.86
0.887
0.865
0.811
0.774
0.746
0.818
0.783
0.723
0.638
0.715
0.776
0.734
0.699
0.763
0.71
0.647
0.743
0.761
0.829
0.832
0.779
0.744
0.762
0.742
0.775
0.811
0.756
0.681
0.627
0.735
0.794
0.778
0.79
0.829
0.801
0.755
0.78
0.798
0.765
0.75
0.789
0.774
0.828
0.817
0.788
0.672
0.7
0.705
0.725
0.782
0.826
0.747
0.78
0.768
0.796
0.804
0.781
0.758
0.744
0.747
0.761
0.725
0.762
0.801
0.783
0.703
0.669
0.696
0.762
0.77
0.737
0.668
0.618
0.632
0.664
0.706
0.74
0.627
0.579
0.79
0.774
0.689
0.672
0.745
0.884
0.689
0.673
0.61
0.598
0.73
0.689
0.612
0.744
0.77
0.834
0.647
0.612
0.769
0.853
0.685
0.612
0.704
0.825
0.761
0.748
0.883
0.966
0.713
0.719
0.696
0.734
0.739
0.729
0.767
0.825
0.88
0.946
0.928
0.847
0.786
0.731
0.732
0.721
0.657
0.744
0.85
0.828
0.901
0.71
0.745
0.743
0.744
0.647
0.568
0.833
0.94
0.781
0.747
0.751
0.869
0.89
0.804
0.768
0.856
0.887
0.825
0.796
0.911
0.836
0.675
0.774
0.815
0.916
0.744
0.787
0.812
0.885
0.892
0.956
0.957
0.946
0.835
0.874
0.912
0.916
0.917
0.939
0.951
0.973
0.833
0.834
0.805
0.803
0.846
0.816
0.892
0.978
0.842
0.799
0.78
0.823
0.896
0.949
0.923
0.858
0.908
0.854
0.905
0.975
0.982
1.009
0.976
0.921
0.902
0.911
0.905
0.823
0.826
0.931
0.909
0.868
0.879
0.887
0.878
0.864
0.807
0.807
0.843
0.821
0.951
0.996
0.966
0.928
0.896
0.943
0.944
0.835
0.892
0.931
0.935
0.951
0.939
0.853
0.833
0.911
0.968
0.891
0.975
0.976
0.938
0.896
0.749
0.868
0.941
0.928
0.867
0.832
0.777
0.658
0.626
0.759
0.799
0.728
0.852
0.925
0.811
0.789
0.853
0.852
0.801
0.95
0.883
0.818
0.837
0.82
0.819
0.83
0.826
0.955
0.933
0.925
0.892
0.832
0.894
0.895
0.967
0.924
0.888
0.813
0.775
0.833
0.786
0.848
0.894
0.843
0.792
0.734
0.65
0.68
0.747
0.954
0.966
0.927
0.774
0.691
0.745
0.731
0.661
0.754
0.84
0.843
0.869
0.862
0.91
0.879
0.794
0.745
0.703
0.836
0.947
0.924
0.792
0.631
0.681
0.676
0.566
0.735
0.72
0.673
0.821
0.933
0.85
0.718
0.812
0.83
0.793
0.807
0.783
0.751
0.82
0.769
0.694
0.595
0.596
0.713
0.776
0.891
0.938
0.818
0.787
0.74
0.844
0.84
0.768
0.897
0.912
0.79
0.688
0.695
0.676
0.722
0.615
0.634
0.738
0.698
0.766
0.72
0.66
0.709
0.63
0.686
0.696
0.749
0.75
0.805
0.781
0.734
0.753
0.755
0.726
0.799
0.764
0.676
0.646
0.739
0.759
0.684
0.764
0.752
0.69
0.745
0.79
0.79
0.805
0.725
0.64
0.759
0.805
0.797
0.794
0.736
0.715
0.766
0.767
0.752
0.783
0.716
0.745
0.769
0.724
0.678
0.808
0.754
0.879
0.811
0.679
0.668
0.668
0.724
0.852
0.835
0.852
0.819
0.844
0.871
0.874
0.811
0.823
0.77
0.801
0.832
0.796
0.763
0.822
0.803
0.739
0.787
0.816
0.74
0.708
0.824
0.8
0.758
0.679
0.717
0.746
0.759
0.838
0.849
0.698
0.802
0.797
0.846
0.749
0.665
0.645
0.783
0.741
0.758
0.849
0.788
0.785
0.808
0.847
0.851
0.696
0.612
0.626
0.717
0.751
0.744
0.712
0.774
0.869
0.827
0.826
0.726
0.748
0.731
0.708
0.684
0.59
0.632
0.662
0.652
0.779
0.882
0.839
0.768
0.809
0.829
0.827
0.787
0.872
0.861
0.778
0.771
0.73
0.818
0.682
0.809
0.826
0.728
0.648
0.752
0.86
0.715
0.765
0.684
0.74
0.826
0.85
0.762
0.627
0.854
0.85
0.732
0.63
0.634
0.845
0.926
0.946
0.858
0.848
0.766
0.798
0.685
0.659
0.66
0.749
0.542
0.628
0.626
0.709
0.788
0.746
0.622
0.567
0.861
0.698
0.763
0.838
0.735
0.77
0.624
0.613
0.886
0.833
0.945
0.933
0.931
0.943
0.978
0.949
0.904
0.931
0.86
0.861
0.827
0.852
0.845
0.923
0.902
0.658
0.855
0.814
0.822
0.924
0.981
0.884
0.932
0.938
0.967
0.769
0.712
0.792
0.861
0.892
0.932
0.89
0.862
0.886
0.894
0.911
0.909
0.965
0.791
0.881
0.931
0.936
0.923
0.777
0.845
0.905
0.957
0.96
0.927
0.863
0.93
0.876
0.819
0.835
0.923
0.877
0.823
0.84
0.873
0.921
0.914
0.878
0.854
0.907
0.899
0.972
0.99
0.943
0.883
0.882
0.985
0.94
0.948
0.917
0.884
0.831
0.94
0.925
0.898
0.885
0.835
0.836
0.733
0.726
0.863
0.724
0.979
0.816
0.665
0.78
0.876
0.778
0.722
0.848
0.931
0.795
0.785
0.707
0.636
0.751
0.566
0.646
0.732
0.613
0.765
0.92
0.855
0.751
0.567
0.806
0.897
0.788
0.874
0.939
0.773
0.779
0.756
0.772
0.831
0.86
0.73
0.737
0.666
0.69
0.793
0.737
0.715
0.649
0.668
0.666
0.683
0.741
0.679
0.616
0.579
0.525
0.476
0.607
0.66
0.555
0.637
0.64
0.597
0.485
0.606
0.754
0.601
0.523
0.667
0.769
0.72
0.619
0.569
0.583
0.682
0.657
0.643
0.593
0.731
0.727
0.874
0.715
0.728
0.701
0.742
0.623
0.68
0.576
0.485
0.693
0.747
0.85
0.687
0.72
0.716
0.69
0.708
0.715
0.702
0.807
0.643
0.665
0.712
0.713
0.685
0.753
0.85
0.733
0.651
0.786
0.831
0.799
0.751
0.68
0.681
0.667
0.733
0.723
0.715
0.606
0.624
0.675
0.688
0.626
0.704
0.799
0.784
0.744
0.687
0.774
0.779
0.774
0.761
0.696
0.64
0.714
0.694
0.672
0.827
0.794
0.732
0.683
0.688
0.732
0.811
0.774
0.758
0.649
0.704
0.739
0.787
0.687
0.658
0.691
0.731
0.858
0.82
0.72
0.673
0.687
0.784
0.86
0.853
0.782
0.669
0.743
0.79
0.773
0.839
0.782
0.836
0.836
0.804
0.823
0.799
0.787
0.763
0.754
0.768
0.901
0.839
0.804
0.8
0.801
0.789
0.805
0.811
0.796
0.799
0.803
0.825
0.844
0.832
0.78
0.774
0.808
0.799
0.771
0.694
0.743
0.638
0.591
0.627
0.69
0.68
0.668
0.632
0.73
0.701
0.746
0.794
0.648
0.746
0.761
0.638
0.623
0.747
0.786
0.586
0.642
0.774
0.801
0.708
0.597
0.575
0.597
0.801
0.827
0.841
0.826
0.809
0.839
0.676
0.63
0.805
0.884
0.854
0.796
0.823
0.807
0.79
0.657
0.542
0.611
0.77
0.687
0.705
0.832
0.799
0.933
0.957
0.939
0.934
0.839
0.839
0.759
0.836
0.944
0.913
0.938
0.945
0.948
0.871
0.928
0.751
0.832
0.87
0.841
0.698
0.867
0.822
0.738
0.777
0.936
0.893
0.892
0.873
0.893
0.939
0.848
0.794
0.837
0.865
0.919
0.883
0.895
0.89
0.95
0.979
0.898
0.867
0.797
0.927
0.955
0.853
0.801
0.848
0.881
0.883
0.979
0.974
0.949
0.813
0.82
0.889
0.831
0.9
0.939
0.902
0.884
0.888
0.913
0.978
0.907
0.84
0.744
0.786
0.865
0.909
0.98
0.942
0.894
0.913
0.832
0.892
0.853
0.954
0.971
0.907
0.908
0.888
0.8
0.796
0.844
0.856
0.836
0.704
0.884
0.833
0.882
0.938
0.935
0.904
0.976
0.981
0.909
0.93
0.907
0.885
0.858
0.804
0.808
0.811
0.898
0.871
0.922
0.975
0.977
0.988
0.979
0.96
0.935
0.89
0.878
0.842
0.877
0.895
0.849
0.884
0.832
0.896
0.956
0.903
0.914
0.82
0.805
0.899
0.898
0.904
0.928
0.933
0.924
0.879
0.858
0.796
0.842
0.948
0.687
0.577
0.724
0.687
0.731
0.674
0.771
0.857
0.713
0.611
0.577
0.53
0.524
0.705
0.685
0.771
0.916
0.828
0.722
0.685
0.765
0.809
0.787
0.671
0.754
0.737
0.852
0.81
0.833
0.653
0.686
0.952
0.879
0.786
0.598
0.541
0.531
0.579
0.586
0.59
0.722
0.744
0.758
0.713
0.635
0.684
0.699
0.763
0.718
0.696
0.755
0.747
0.576
0.601
0.626
0.729
0.694
0.778
0.753
0.732
0.827
0.86
0.861
0.838
0.781
0.74
0.746
0.757
0.824
0.797
0.682
0.711
0.751
0.707
0.743
0.673
0.708
0.848
0.948
0.869
0.774
0.695
0.808
0.816
0.801
0.818
0.747
0.746
0.773
0.737
0.644
0.804
0.783
0.697
0.742
0.744
0.725
0.679
0.691
0.797
0.737
0.758
0.872
0.873
0.855
0.72
0.677
0.743
0.753
0.742
0.769
0.805
0.768
0.917
0.87
0.805
0.8
0.785
0.792
0.785
0.793
0.804
0.8
0.797
0.741
0.703
0.704
0.772
0.738
0.746
0.723
0.832
0.766
0.781
0.818
0.805
0.747
0.743
0.735
0.774
0.83
0.835
0.817
0.788
0.782
0.676
0.683
0.822
0.849
0.837
0.793
0.775
0.777
0.832
0.785
0.829
0.85
0.753
0.672
0.879
0.839
0.703
0.674
0.633
0.652
0.7
0.75
0.82
0.836
0.766
0.73
0.688
0.669
0.665
0.783
0.863
0.849
0.763
0.768
0.777
0.777
0.678
0.841
0.861
0.82
0.861
0.858
0.807
0.894
0.91
0.808
0.792
0.761
0.763
0.847
0.943
0.867
0.907
0.922
0.822
0.728
0.668
0.73
0.827
0.732
0.773
0.855
0.895
0.878
0.774
0.683
0.754
0.735
0.675
0.693
0.762
0.76
0.742
0.794
0.896
0.914
0.879
0.813
0.842
0.768
0.74
0.734
0.815
0.721
0.75
0.773
0.784
0.801
0.871
0.786
0.637
0.768
0.733
0.725
0.8
0.88
0.902
0.897
0.899
0.807
0.865
0.894
0.848
0.855
0.875
0.861
0.955
0.918
0.881
0.888
0.884
0.752
0.905
0.917
0.729
0.764
0.85
0.895
0.952
0.965
0.763
0.695
0.814
0.643
0.827
0.895
0.918
0.935
0.926
0.908
0.918
0.871
0.913
0.953
0.968
0.984
0.965
0.865
0.87
0.867
0.893
0.895
0.838
0.946
0.926
0.838
0.81
0.831
0.913
0.834
0.878
0.96
0.921
0.916
0.949
0.915
0.954
0.706
0.662
0.914
0.95
0.942
0.907
0.936
0.894
0.803
0.849
0.867
0.909
0.926
0.935
0.971
0.878
0.909
0.961
0.927
0.84
0.752
0.804
0.883
0.848
0.691
0.789
0.739
0.865
0.757
0.865
0.821
0.863
0.897
0.856
0.798
0.784
0.841
0.843
0.858
0.774
0.689
0.69
0.798
0.932
0.945
0.817
0.752
0.646
0.795
0.746
0.689
0.669
0.719
0.599
0.669
0.664
0.634
0.838
0.845
0.721
0.689
0.685
0.698
0.582
0.662
0.656
0.694
0.654
0.702
0.803
0.781
0.745
0.706
0.825
0.769
0.768
0.809
0.701
0.784
0.897
0.883
0.702
0.681
0.64
0.569
0.588
0.781
0.741
0.713
0.822
0.927
0.859
0.8
0.73
0.73
0.624
0.811
0.746
0.734
0.667
0.526
0.563
0.693
0.656
0.689
0.571
0.8
0.865
0.75
0.649
0.537
0.623
0.537
0.507
0.585
0.559
0.689
0.674
0.66
0.713
0.588
0.537
0.709
0.913
0.842
0.745
0.665
0.705
0.744
0.774
0.81
0.703
0.69
0.659
0.647
0.74
0.741
0.773
0.752
0.686
0.687
0.684
0.708
0.733
0.712
0.609
0.618
0.795
0.722
0.584
0.607
0.587
0.552
0.605
0.574
0.767
0.809
0.782
0.825
0.69
0.628
0.729
0.69
0.687
0.78
0.814
0.844
0.892
0.822
0.79
0.788
0.832
0.782
0.774
0.784
0.811
0.785
0.76
0.761
0.789
0.765
0.767
0.761
0.762
0.742
0.811
0.76
0.751
0.732
0.764
0.81
0.781
0.75
0.677
0.696
0.788
0.78
0.831
0.844
0.785
0.764
0.793
0.756
0.751
0.886
0.879
0.852
0.795
0.835
0.806
0.764
0.731
0.738
0.783
0.742
0.717
0.7
0.752
0.813
0.739
0.685
0.781
0.947
0.932
0.956
0.817
0.762
0.794
0.755
0.737
0.758
0.728
0.754
0.796
0.789
0.793
0.771
0.713
0.816
0.781
0.775
0.768
0.852
0.872
0.773
0.881
0.825
0.701
0.738
0.748
0.79
0.755
0.689
0.639
0.551
0.564
0.685
0.75
0.704
0.667
0.739
0.643
0.585
0.768
0.828
0.709
0.684
0.717
0.817
0.701
0.588
0.603
0.55
0.486
0.64
0.701
0.667
0.812
0.726
0.694
0.608
0.819
0.786
0.63
0.755
0.679
0.661
0.676
0.793
0.857
0.794
0.589
0.657
0.745
0.556
0.522
0.608
0.808
0.721
0.741
0.718
0.724
0.752
0.727
0.554
0.735
0.747
0.647
0.64
0.55
0.596
0.703
0.831
0.954
0.873
0.9
0.921
0.89
0.838
0.901
0.886
0.902
0.897
0.851
0.828
0.846
0.82
0.872
0.88
0.858
0.885
0.733
0.732
0.888
0.866
0.807
0.825
0.916
0.929
0.811
0.688
0.928
0.879
0.892
0.738
0.683
0.909
0.862
0.811
0.891
0.741
0.595
0.576
0.743
0.657
0.732
0.779
0.879
0.863
0.853
0.902
0.815
0.844
0.7
0.848
0.798
0.814
0.957
0.905
0.975
0.877
0.806
0.907
0.896
0.914
0.889
0.854
0.907
0.909
0.908
0.916
0.982
0.939
0.916
0.88
0.827
0.741
0.895
0.828
0.895
0.877
0.915
0.905
0.846
1.05
0.939
0.86
0.857
0.841
0.901
0.959
0.714
0.792
0.86
0.655
0.693
0.805
0.804
0.782
0.803
0.77
0.8
0.802
0.789
0.765
0.846
0.864
0.887
0.802
0.772
0.64
0.858
0.87
0.758
0.837
0.862
0.742
0.822
0.759
0.829
0.764
0.802
0.792
0.856
0.78
0.712
0.747
0.736
0.613
0.721
0.667
0.745
0.921
0.862
0.774
0.66
0.771
0.895
0.765
0.695
0.564
0.55
0.691
0.606
0.628
0.641
0.719
0.673
0.745
0.603
0.598
0.756
0.602
0.648
0.738
0.588
0.476
0.67
0.758
0.713
0.675
0.484
0.479
0.665
0.691
0.643
0.568
0.495
0.461
0.654
0.658
0.653
0.53
0.626
0.644
0.61
0.581
0.662
0.722
0.824
0.828
0.671
0.639
0.661
0.648
0.661
0.588
0.528
0.507
0.462
0.476
0.467
0.51
0.677
0.652
0.592
0.577
0.627
0.564
0.591
0.644
0.551
0.524
0.518
0.466
0.478
0.476
0.578
0.629
0.561
0.484
0.521
0.551
0.557
0.628
0.537
0.552
0.647
0.559
0.529
0.609
0.557
0.538
0.51
0.432
0.427
0.403
0.324
0.291
0.333
0.331
0.398
0.597
0.505
0.493
0.552
0.45
0.414
0.642
0.644
0.74
0.79
0.832
0.706
0.726
0.659
0.646
0.698
0.663
0.589
0.572
0.738
0.773
0.648
0.666
0.592
0.611
0.677
0.737
0.595
0.533
0.542
0.639
0.71
0.673
0.598
0.643
0.682
0.557
0.543
0.755
0.823
0.746
0.656
0.722
0.834
0.799
0.691
0.688
0.634
0.83
0.715
0.635
0.631
0.628
0.691
0.784
0.838
0.834
0.684
0.611
0.652
0.686
0.613
0.613
0.811
0.809
0.701
0.687
0.689
0.747
0.764
0.78
0.76
0.733
0.731
0.773
0.672
0.624
0.622
0.581
0.684
0.766
0.655
0.632
0.853
0.728
0.593
0.656
0.552
0.531
0.533
0.672
0.696
0.683
0.616
0.578
0.566
0.589
0.724
0.825
0.837
0.733
0.711
0.782
0.872
0.841
0.82
0.72
0.712
0.609
0.631
0.597
0.655
0.603
0.647
0.772
0.651
0.936
0.977
0.858
0.824
0.821
0.83
0.878
0.742
0.692
0.786
0.822
0.755
0.779
0.676
0.728
0.817
0.973
0.816
0.641
0.702
0.737
0.69
0.758
0.858
0.731
0.734
0.746
0.771
0.832
0.888
0.762
0.739
0.792
0.841
0.67
0.698
0.782
0.691
0.657
0.886
0.889
0.825
0.53
0.818
0.785
0.91
0.855
0.937
0.826
0.87
0.796
0.893
0.778
0.936
0.943
0.817
0.923
0.951
0.966
0.967
0.968
0.833
0.865
0.963
0.984
0.887
0.549
0.747
0.851
0.954
0.8
0.763
0.943
0.86
0.73
0.887
0.913
0.857
0.566
0.694
0.713
0.725
0.918
0.965
0.79
0.791
0.913
0.91
0.876
0.844
0.798
0.849
0.706
0.816
0.842
0.801
0.821
0.724
0.851
0.889
0.841
0.909
0.921
0.885
0.808
0.666
0.77
0.855
0.892
0.978
0.884
0.676
0.662
0.809
0.914
0.838
0.802
0.592
0.606
0.831
0.956
0.921
0.703
0.624
0.724
0.706
0.661
0.707
0.767
0.701
0.791
0.889
0.652
0.682
0.884
0.627
0.826
0.806
0.599
0.688
0.805
0.793
0.737
0.737
0.79
0.808
0.836
0.769
0.785
0.777
0.832
0.8
0.761
0.752
0.696
0.704
0.688
0.672
0.69
0.698
0.733
0.58
0.724
0.655
0.649
0.812
0.66
0.504
0.636
0.589
0.642
0.56
0.644
0.747
0.654
0.754
0.796
0.684
0.702
0.768
0.752
0.596
0.783
0.749
0.7
0.743
0.784
0.79
0.698
0.861
0.878
0.808
0.736
0.666
0.574
0.494
0.65
0.743
0.704
0.533
0.753
0.729
0.787
0.788
0.711
0.634
0.741
0.797
0.779
0.744
0.753
0.81
0.768
0.758
0.744
0.652
0.591
0.695
0.8
0.702
0.822
0.876
0.819
0.797
0.75
0.686
0.745
0.813
0.819
0.833
0.757
0.707
0.677
0.684
0.69
0.662
0.747
0.736
0.686
0.683
0.743
0.763
0.76
0.785
0.772
0.715
0.679
0.733
0.785
0.747
0.768
0.742
0.685
0.65
0.625
0.656
0.667
0.763
0.847
0.845
0.812
0.789
0.748
0.728
0.768
0.847
0.815
0.738
0.829
0.843
0.763
0.738
0.851
0.87
0.84
0.822
0.772
0.723
0.739
0.735
0.724
0.734
0.788
0.752
0.806
0.802
0.75
0.759
0.803
0.868
0.846
0.841
0.856
0.817
0.786
0.758
0.753
0.803
0.868
0.795
0.747
0.843
0.769
0.7
0.704
0.776
0.787
0.807
0.83
0.803
0.862
0.815
0.772
0.871
0.957
0.871
0.912
0.824
0.73
0.788
0.794
0.786
0.85
0.811
0.694
0.675
0.704
0.666
0.659
0.709
0.694
0.813
0.849
0.756
0.638
0.704
0.758
0.654
0.679
0.565
0.708
0.701
0.637
0.55
0.544
0.633
0.703
0.897
0.799
0.902
0.873
0.881
0.739
0.674
0.75
0.693
0.648
0.643
0.601
0.521
0.561
0.808
0.683
0.72
0.627
0.593
0.618
0.752
0.849
0.951
0.829
0.721
0.67
0.715
0.74
0.787
0.961
0.914
0.671
0.62
0.669
0.853
0.576
0.584
0.618
0.61
0.684
0.839
0.775
0.905
0.596
0.723
0.805
0.807
0.74
0.776
0.787
0.868
0.633
0.639
0.707
0.731
0.85
0.768
0.746
0.854
0.843
0.848
0.851
0.833
0.877
0.882
0.811
0.844
0.856
0.805
0.903
0.896
0.962
0.945
0.964
0.991
1.001
0.928
0.932
0.898
0.948
0.902
0.861
0.881
0.908
0.87
0.944
0.852
0.771
0.822
0.884
0.859
0.957
0.996
0.95
0.748
0.932
0.979
0.946
0.9
0.852
0.883
0.678
0.674
0.682
0.824
0.875
0.855
0.917
0.969
0.911
0.919
0.891
0.85
0.868
0.863
0.858
0.669
0.636
0.697
0.724
0.9
0.955
0.944
0.717
0.72
0.738
0.601
0.52
0.824
0.933
0.885
0.692
0.72
0.821
0.784
0.65
0.716
0.732
0.59
0.781
0.808
0.669
0.81
0.966
0.943
0.942
0.855
0.872
0.783
0.729
0.856
0.753
0.686
0.779
0.679
0.696
0.708
0.79
0.508
0.573
0.701
0.575
0.51
0.713
0.92
0.913
0.838
0.737
0.823
0.763
0.738
0.633
0.681
0.568
0.509
0.873
0.766
0.631
0.669
0.796
0.807
0.695
0.738
0.564
0.493
0.803
0.835
0.599
0.524
0.538
0.621
0.609
0.531
0.526
0.75
0.636
0.61
0.581
0.678
0.945
0.851
0.694
0.677
0.637
0.678
0.807
0.679
0.768
0.913
0.733
0.829
0.797
0.792
0.701
0.712
0.771
0.834
0.732
0.622
0.668
0.779
0.935
0.81
0.711
0.823
0.657
0.563
0.646
0.818
0.731
0.791
0.647
0.77
0.698
0.777
0.747
0.761
0.691
0.629
0.679
0.716
0.661
0.586
0.698
0.747
0.747
0.765
0.759
0.698
0.813
0.791
0.657
0.693
0.739
0.783
0.79
0.8
0.731
0.705
0.673
0.762
0.758
0.742
0.639
0.717
0.771
0.747
0.879
0.945
0.847
0.919
0.813
0.795
0.762
0.77
0.774
0.809
0.836
0.907
0.854
0.746
0.686
0.69
0.748
0.748
0.716
0.787
0.754
0.665
0.67
0.718
0.898
0.858
0.79
0.784
0.711
0.72
0.729
0.778
0.822
0.818
0.751
0.763
0.817
0.777
0.818
0.835
0.918
0.918
0.927
0.906
0.871
0.811
0.787
0.818
0.833
0.797
0.75
0.743
0.755
0.774
0.743
0.773
0.802
0.765
0.796
0.839
0.88
0.782
0.783
0.783
0.776
0.881
0.82
0.814
0.695
0.682
0.857
0.813
0.759
0.813
0.82
0.76
0.742
0.782
0.66
0.652
0.781
0.823
0.703
0.698
0.668
0.769
0.728
0.697
0.793
0.913
0.948
0.938
0.817
0.865
0.795
0.721
0.709
0.641
0.683
0.854
0.708
0.682
0.736
0.837
0.74
0.735
0.762
0.657
0.633
0.673
0.639
0.673
0.643
0.591
0.64
0.672
0.71
0.957
0.792
0.755
0.664
0.687
0.806
0.722
0.692
0.692
0.66
0.807
0.829
0.724
0.698
0.708
0.65
0.759
0.902
0.795
0.622
0.755
0.745
0.872
0.903
0.689
0.695
0.673
0.733
0.898
0.823
0.739
0.826
0.839
0.786
0.861
0.846
0.73
0.845
0.878
0.645
0.902
0.887
0.863
0.958
0.852
0.792
0.942
0.956
0.923
0.888
0.916
0.877
0.886
0.941
0.971
0.944
0.782
0.896
0.917
0.892
0.884
0.915
0.939
0.871
0.908
0.952
0.917
0.96
0.977
0.895
0.952
0.974
0.992
0.939
0.909
0.88
0.947
0.843
0.735
0.877
0.732
0.624
0.842
0.938
0.932
0.894
0.945
0.862
0.904
0.849
0.877
0.818
0.942
0.935
0.92
0.869
0.898
0.805
0.528
0.599
0.767
0.978
0.837
0.778
0.892
0.956
0.95
0.892
0.852
0.828
0.602
0.678
0.675
0.548
0.814
0.856
0.805
0.903
0.918
0.785
0.783
0.843
0.753
0.581
0.665
0.805
0.685
0.617
0.743
0.772
0.715
0.586
0.575
0.935
0.832
0.743
0.73
0.833
0.79
0.804
0.732
0.77
0.874
0.759
0.719
0.56
0.644
0.792
0.616
0.567
0.608
0.826
0.685
0.674
0.705
0.79
0.796
0.674
0.668
0.888
0.96
0.846
0.74
0.734
0.708
0.911
0.931
0.924
0.823
0.689
0.827
0.673
0.678
0.694
0.744
0.757
0.713
0.768
0.722
0.72
0.753
0.874
0.836
0.762
0.722
0.785
0.708
0.638
0.705
0.687
0.67
0.599
0.578
0.735
0.815
0.77
0.779
0.661
0.636
0.616
0.707
0.755
0.769
0.785
0.75
0.698
0.741
0.767
0.754
0.796
0.739
0.73
0.721
0.668
0.568
0.526
0.538
0.558
0.746
0.712
0.669
0.649
0.701
0.725
0.68
0.674
0.697
0.604
0.593
0.758
0.754
0.728
0.692
0.619
0.663
0.69
0.774
0.735
0.802
0.77
0.701
0.754
0.779
0.693
0.728
0.741
0.68
0.666
0.649
0.762
0.833
0.758
0.657
0.626
0.69
0.726
0.681
0.706
0.755
0.724
0.737
0.696
0.696
0.688
0.645
0.618
0.765
0.754
0.676
0.669
0.57
0.696
0.731
0.671
0.605
0.621
0.795
0.862
0.697
0.589
0.594
0.548
0.564
0.603
0.637
0.701
0.775
0.849
0.812
0.742
0.719
0.746
0.788
0.776
0.686
0.676
0.654
0.625
0.631
0.68
0.632
0.608
0.707
0.74
0.6
0.578
0.544
0.596
0.641
0.753
0.706
0.735
0.715
0.724
0.604
0.57
0.582
0.562
0.586
0.551
0.466
0.648
0.692
0.608
0.644
0.632
0.531
0.536
0.533
0.535
0.561
0.492
0.551
0.675
0.709
0.63
0.683
0.576
0.556
0.657
0.668
0.75
0.661
0.745
0.705
0.553
0.491
0.534
0.769
0.575
0.555
0.546
0.677
0.766
0.781
0.811
0.855
0.882
0.689
0.656
0.848
0.783
0.748
0.575
0.504
0.51
0.65
0.759
0.677
0.66
0.724
0.813
0.851
0.865
0.804
0.901
0.865
0.779
0.845
0.91
0.945
0.87
0.835
0.837
0.738
0.783
0.821
0.819
0.941
0.849
0.811
0.794
0.766
0.905
0.838
0.734
0.755
0.869
0.904
0.914
0.825
0.881
0.842
0.89
0.804
0.648
0.639
0.789
0.722
0.668
0.74
0.86
0.894
0.961
0.804
0.883
0.845
0.887
0.882
0.968
0.933
0.911
0.911
0.92
0.971
0.947
0.905
0.897
0.898
0.869
0.899
0.911
0.817
0.757
0.915
0.945
0.853
0.855
0.88
0.747
0.816
0.872
0.963
0.962
0.936
0.856
0.857
0.855
0.89
0.914
0.926
0.93
0.934
0.883
0.848
0.909
0.899
0.715
0.755
0.865
0.856
0.673
0.747
0.828
0.638
0.931
0.943
0.974
0.939
0.919
0.965
0.976
0.884
0.805
0.862
0.884
0.869
0.896
0.794
0.81
0.843
0.663
0.724
0.766
0.836
0.824
0.831
0.907
0.903
0.891
0.748
0.876
0.761
0.673
0.618
0.598
0.525
0.543
0.78
0.733
0.768
0.69
0.727
0.901
0.784
0.716
0.692
0.792
0.812
0.653
0.565
0.804
0.708
0.772
0.687
0.661
0.753
0.63
0.515
0.55
0.605
0.625
0.695
0.722
0.749
0.582
0.738
0.731
0.832
0.9
0.95
0.884
0.73
0.799
0.792
0.778
0.85
0.882
0.822
0.756
0.606
0.633
0.823
0.727
0.749
0.709
0.764
0.726
0.693
0.568
0.745
0.899
0.726
0.635
0.584
0.677
0.653
0.655
0.6
0.666
0.749
0.73
0.678
0.585
0.556
0.709
0.847
0.738
0.73
0.614
0.545
0.583
0.878
0.879
0.734
0.677
0.664
0.813
0.842
0.785
0.712
0.721
0.671
0.616
0.572
0.569
0.527
0.616
0.647
0.643
0.748
0.804
0.809
0.774
0.74
0.678
0.744
0.795
0.718
0.726
0.751
0.634
0.653
0.678
0.766
0.821
0.806
0.761
0.77
0.716
0.677
0.736
0.782
0.765
0.787
0.784
0.888
0.809
0.876
0.817
0.811
0.815
0.778
0.821
0.817
0.784
0.902
0.877
0.815
0.882
0.83
0.737
0.823
0.839
0.923
0.804
0.801
0.8
0.762
0.739
0.689
0.781
0.859
0.844
0.858
0.824
0.764
0.808
0.801
0.84
0.83
0.693
0.73
0.783
0.686
0.695
0.735
0.823
0.823
0.837
0.839
0.9
0.937
0.825
0.816
0.808
0.77
0.788
0.843
0.829
0.827
0.868
0.837
0.846
0.841
0.829
0.76
0.681
0.726
0.786
0.802
0.781
0.816
0.847
0.764
0.707
0.86
0.867
0.772
0.747
0.742
0.881
0.849
0.783
0.777
0.681
0.667
0.754
0.758
0.707
0.728
0.726
0.696
0.717
0.761
0.755
0.857
0.749
0.671
0.766
0.863
0.87
0.68
0.728
0.728
0.692
0.76
0.7
0.745
0.832
0.69
0.763
0.686
0.714
0.808
0.789
0.762
0.894
0.945
0.78
0.784
0.749
0.764
0.724
0.716
0.726
0.784
0.953
0.999
0.805
0.672
0.673
0.677
0.811
0.853
0.773
0.792
0.858
0.978
0.923
0.901
0.926
0.903
0.808
0.802
0.747
0.847
0.835
0.841
0.789
0.8
0.781
0.758
0.803
0.895
0.826
0.922
0.972
0.952
0.939
0.913
0.853
0.862
0.882
0.835
0.845
0.85
0.691
0.819
0.846
0.663
0.631
0.591
0.646
0.806
0.966
0.988
0.965
0.779
0.845
0.923
0.924
0.889
0.826
0.842
0.878
0.837
0.885
0.927
0.948
0.969
0.889
0.881
0.864
0.928
0.811
0.797
0.862
0.957
0.971
0.923
0.916
0.841
0.781
0.82
0.886
0.719
0.575
0.668
0.757
0.665
0.694
0.737
0.648
0.75
0.818
0.799
0.863
0.842
0.843
0.964
0.927
0.906
0.863
0.919
0.863
0.694
0.789
0.88
0.96
0.953
0.861
0.826
0.823
0.862
0.832
0.849
0.928
0.961
0.899
0.958
0.962
0.959
0.917
0.947
0.889
0.878
0.868
0.824
0.748
0.663
0.667
0.774
0.885
0.574
0.733
0.886
0.941
0.871
0.951
0.959
0.897
0.838
0.794
0.808
0.809
0.804
0.892
0.976
0.925
0.807
0.781
0.831
0.823
0.74
0.738
0.901
0.833
0.744
0.813
0.685
0.772
0.821
0.831
0.828
0.712
0.794
0.824
0.795
0.619
0.55
0.734
0.916
0.819
0.706
0.678
0.678
0.792
0.639
0.786
0.694
0.788
0.791
0.747
0.59
0.647
0.616
0.546
0.56
0.663
0.698
0.674
0.731
0.712
0.659
0.673
0.761
0.636
0.63
0.618
0.786
0.871
0.799
0.706
0.724
0.767
0.773
0.681
0.85
0.728
0.697
0.779
0.851
0.874
0.708
0.801
0.874
0.802
0.787
0.746
0.74
0.785
0.776
0.775
0.724
0.692
0.693
0.704
0.734
0.839
0.787
0.744
0.714
0.75
0.752
0.745
0.763
0.765
0.788
0.849
0.848
0.745
0.755
0.718
0.78
0.772
0.772
0.746
0.798
0.777
0.796
0.721
0.781
0.785
0.688
0.693
0.801
0.823
0.774
0.736
0.679
0.65
0.688
0.803
0.779
0.783
0.762
0.825
0.802
0.75
0.769
0.818
0.784
0.8
0.694
0.729
0.769
0.692
0.704
0.797
0.813
0.736
0.75
0.71
0.726
0.804
0.801
0.763
0.721
0.841
0.757
0.672
0.694
0.793
0.718
0.653
0.717
0.717
0.775
0.754
0.773
0.863
0.796
0.876
0.795
0.736
0.805
0.799
0.665
0.725
0.775
0.658
0.685
0.667
0.761
0.847
0.79
0.772
0.713
0.806
0.727
0.845
0.766
0.823
0.75
0.805
0.894
0.87
0.805
0.806
0.716
0.655
0.706
0.646
0.747
0.659
0.584
0.678
0.683
0.817
0.688
0.63
0.722
0.687
0.62
0.592
0.763
0.919
0.803
0.803
0.92
0.805
0.66
0.649
0.644
0.643
0.63
0.725
0.709
0.642
0.728
0.833
0.722
0.652
0.77
0.808
0.842
0.752
0.701
0.656
0.629
0.661
0.743
0.752
0.91
0.97
0.876
0.761
0.92
0.829
0.867
0.631
0.648
0.653
0.648
0.716
0.837
0.835
0.893
0.746
0.812
0.742
0.773
0.856
0.911
0.959
0.924
0.912
0.811
0.757
0.783
0.893
0.661
0.661
0.63
0.848
0.892
0.897
0.876
0.903
0.864
0.839
0.872
0.877
0.824
0.799
0.855
0.732
0.738
0.781
0.853
0.766
0.932
0.89
0.93
0.924
0.912
0.827
0.931
0.937
0.891
0.877
0.877
0.911
0.965
1
0.877
0.748
0.793
0.876
0.743
0.744
0.856
0.899
0.933
0.992
0.985
0.983
0.9
1.027
0.992
0.9
0.876
0.698
0.72
0.839
0.826
0.883
0.864
0.936
0.862
0.867
0.843
0.841
0.932
1.01
0.947
0.961
0.906
0.938
0.832
0.725
0.793
0.81
0.899
0.783
0.967
0.931
0.878
0.877
0.818
0.783
0.844
0.854
0.853
0.925
0.885
0.864
0.905
0.714
0.713
0.87
0.679
0.744
0.818
0.812
0.809
0.614
0.517
0.825
0.761
0.719
0.912
0.805
0.673
0.691
0.717
0.677
0.867
0.747
0.768
0.74
0.66
0.615
0.568
0.703
0.65
0.715
0.895
0.695
0.656
0.662
0.824
0.705
0.953
0.825
0.782
0.662
0.723
0.644
0.662
0.621
0.542
0.515
0.495
0.448
0.559
0.62
0.635
0.769
0.793
0.843
0.851
0.847
0.65
0.541
0.762
0.734
0.705
0.766
0.741
0.695
0.594
0.703
0.77
0.593
0.592
0.819
0.8
0.736
0.703
0.703
0.653
0.516
0.484
0.558
0.607
0.714
0.794
0.651
0.582
0.598
0.62
0.702
0.712
0.586
0.608
0.566
0.505
0.669
0.67
0.697
0.597
0.526
0.599
0.65
0.72
0.687
0.654
0.615
0.599
0.61
0.622
0.671
0.718
0.631
0.752
0.883
0.93
0.812
0.815
0.716
0.785
0.816
0.747
0.742
0.812
0.813
0.756
0.741
0.71
0.744
0.786
0.749
0.661
0.738
0.742
0.821
0.787
0.746
0.714
0.739
0.678
0.705
0.736
0.793
0.851
0.797
0.777
0.762
0.731
0.758
0.712
0.719
0.737
0.722
0.748
0.716
0.831
0.774
0.632
0.652
0.658
0.738
0.742
0.884
0.834
0.863
0.81
0.743
0.714
0.745
0.758
0.759
0.793
0.842
0.772
0.699
0.748
0.756
0.714
0.748
0.788
0.736
0.651
0.744
0.71
0.617
0.597
0.599
0.68
0.689
0.654
0.624
0.629
0.652
0.661
0.571
0.583
0.614
0.545
0.565
0.646
0.63
0.55
0.496
0.487
0.583
0.641
0.794
0.816
0.737
0.886
0.782
0.772
0.639
0.804
0.733
0.69
0.749
0.68
0.58
0.601
0.634
0.705
0.63
0.613
0.636
0.643
0.718
0.779
0.727
0.596
0.498
0.83
0.809
0.678
0.587
0.639
0.693
0.708
0.692
0.613
0.611
0.566
0.603
0.756
0.963
0.756
0.645
0.839
0.926
0.872
0.662
0.644
0.901
0.815
0.769
0.724
0.744
0.841
0.854
0.819
0.848
0.791
0.715
0.726
0.6
0.616
0.643
0.693
0.731
0.624
0.87
0.832
0.682
0.747
0.695
0.644
0.652
0.822
0.923
0.929
0.93
0.848
0.922
0.955
0.899
0.774
0.867
0.914
0.966
0.952
0.963
0.93
0.871
0.783
0.727
0.713
0.85
0.913
0.873
0.887
0.841
0.891
0.824
0.705
0.744
0.954
0.729
0.818
0.707
0.781
0.934
0.938
0.906
0.936
0.919
0.98
0.969
0.936
0.883
0.979
0.901
0.924
0.941
0.965
0.982
0.913
0.864
0.88
0.912
0.913
0.938
0.938
0.908
0.936
0.882
0.961
0.961
0.87
0.797
0.886
0.672
0.749
0.831
0.835
0.891
0.935
0.784
0.709
0.804
0.805
0.96
0.872
0.821
0.784
0.774
0.862
0.865
0.763
0.839
0.78
0.744
0.891
0.96
0.948
0.78
0.506
0.536
0.63
0.878
0.941
1.019
0.873
0.615
0.623
0.774
0.698
0.575
0.573
0.625
0.622
0.713
0.759
0.802
0.645
0.793
0.752
0.713
0.637
0.545
0.5
0.682
0.856
0.847
0.813
0.738
0.745
0.715
0.7
0.801
0.462
0.648
0.686
0.867
0.934
0.819
0.89
0.794
0.856
0.755
0.59
0.631
0.744
0.889
0.798
0.816
0.884
0.821
0.67
0.692
0.717
0.647
0.697
0.757
0.622
0.76
0.765
0.731
0.608
0.644
0.848
0.687
0.558
0.623
0.854
0.84
0.861
0.767
0.752
0.772
0.706
0.602
0.799
0.876
0.76
0.689
0.669
0.639
0.699
0.859
0.923
0.789
0.736
0.847
0.873
0.811
0.661
0.773
0.867
0.807
0.824
0.745
0.737
0.74
0.854
0.817
0.837
0.808
0.757
0.628
0.651
0.609
0.597
0.595
0.583
0.671
0.678
0.737
0.734
0.744
0.755
0.798
0.813
0.795
0.781
0.777
0.802
0.765
0.696
0.634
0.738
0.798
0.815
0.779
0.739
0.712
0.739
0.726
0.692
0.738
0.767
0.773
0.708
0.794
0.795
0.772
0.803
0.849
0.791
0.814
0.775
0.791
0.831
0.788
0.814
0.795
0.727
0.723
0.727
0.812
0.841
0.804
0.86
0.792
0.836
0.893
0.895
0.826
0.819
0.857
0.789
0.812
0.809
0.797
0.798
0.866
0.846
0.783
0.746
0.749
0.73
0.81
0.793
0.76
0.758
0.831
0.803
0.808
0.801
0.775
0.669
0.654
0.703
0.633
0.643
0.795
0.917
0.765
0.671
0.587
0.759
0.782
0.733
0.716
0.714
0.793
0.651
0.633
0.864
0.869
0.848
0.631
0.611
0.653
0.653
0.635
0.624
0.655
0.617
0.689
0.649
0.774
0.849
0.948
0.926
0.798
0.754
0.684
0.655
0.616
0.665
0.63
0.767
0.669
0.616
0.584
0.572
0.611
0.803
0.785
0.706
0.614
0.665
0.645
0.692
0.823
0.815
0.769
0.772
0.897
0.89
0.929
0.843
0.654
0.603
0.736
0.825
0.728
0.601
0.77
0.937
0.758
0.85
0.837
0.84
0.9
0.89
0.93
0.896
0.913
0.889
0.855
0.853
0.779
0.848
0.89
0.922
0.856
0.714
0.794
0.847
0.855
0.852
0.895
0.844
0.621
0.669
0.698
0.87
0.78
0.784
0.796
0.901
0.982
0.99
0.963
0.938
0.968
0.947
0.925
0.893
0.966
0.948
0.93
0.931
0.897
0.881
0.92
0.959
0.982
0.969
0.987
0.978
0.893
0.923
0.91
0.884
0.883
0.94
0.944
0.847
0.859
0.932
0.999
1.027
0.947
1.085
1.004
0.944
1.026
0.838
0.929
0.982
0.971
0.973
0.846
0.847
0.929
0.866
0.871
0.854
0.8
0.834
0.813
0.753
0.673
0.818
0.894
0.941
0.984
0.972
0.948
0.92
0.782
0.848
0.919
0.879
0.862
0.936
0.862
0.891
0.916
0.971
0.945
0.99
0.801
0.716
0.806
1.017
0.941
0.726
0.789
0.789
0.668
0.763
0.891
0.956
0.841
0.701
0.716
0.733
0.737
0.739
0.672
0.738
0.837
0.763
0.716
0.739
0.851
0.916
0.876
0.885
0.918
0.779
0.852
0.578
0.628
0.822
0.839
0.756
0.862
0.79
0.714
0.72
0.917
0.741
0.663
0.708
0.669
0.711
0.732
0.593
0.672
0.892
0.812
0.921
0.848
0.708
0.574
0.621
0.713
0.757
0.806
0.955
0.798
0.789
0.817
0.69
0.666
0.925
0.923
0.788
0.635
0.654
0.892
0.859
0.847
0.808
0.952
0.903
0.801
0.952
0.722
0.614
0.585
0.793
0.92
0.912
0.836
0.745
0.779
0.811
0.674
0.73
0.85
0.695
0.75
0.911
0.866
0.756
0.656
0.581
0.618
0.825
0.801
0.759
0.76
0.821
0.847
0.845
0.877
0.792
0.747
0.793
0.801
0.761
0.683
0.692
0.815
0.863
0.806
0.824
0.798
0.801
0.741
0.787
0.814
0.661
0.695
0.742
0.758
0.774
0.709
0.705
0.76
0.658
0.637
0.652
0.724
0.756
0.756
0.678
0.592
0.692
0.751
0.766
0.764
0.82
0.796
0.783
0.852
0.741
0.668
0.79
0.772
0.783
0.796
0.769
0.706
0.735
0.811
0.831
0.798
0.811
0.77
0.751
0.742
0.778
0.787
0.799
0.814
0.779
0.707
0.722
0.758
0.789
0.758
0.818
0.817
0.718
0.727
0.742
0.787
0.792
0.777
0.809
0.729
0.723
0.746
0.746
0.815
0.731
0.717
0.699
0.673
0.689
0.671
0.712
0.72
0.878
0.915
0.833
0.786
0.786
0.718
0.78
0.852
0.94
0.922
0.889
0.829
0.73
0.704
0.634
0.823
0.841
0.802
0.784
0.712
0.794
0.876
0.887
0.714
0.732
0.716
0.8
0.724
0.679
0.659
0.664
0.712
0.841
0.932
0.853
0.718
0.704
0.686
0.707
0.736
0.736
0.739
0.881
0.721
0.815
0.819
0.866
0.878
0.806
0.702
0.803
0.853
0.753
0.821
0.848
0.643
0.665
0.637
0.751
0.738
0.705
0.85
0.961
0.844
0.773
0.786
0.874
0.821
0.786
0.77
0.785
0.773
0.782
0.849
0.759
0.689
0.774
0.768
0.796
0.862
0.912
0.884
0.779
0.867
0.841
0.896
0.948
0.738
0.828
0.873
0.791
0.866
0.883
0.934
0.871
0.819
0.932
0.966
0.897
0.841
0.823
0.908
0.94
0.872
0.678
0.799
0.858
0.89
0.962
0.937
0.699
0.876
0.935
0.934
0.952
0.934
0.922
0.938
1.014
0.982
0.993
0.975
0.655
0.674
0.809
0.921
0.904
0.825
0.8
0.837
0.864
0.909
0.935
0.77
0.808
0.921
0.977
0.947
0.949
0.903
0.92
0.952
0.839
0.958
0.923
0.881
0.941
0.938
0.967
0.938
0.898
0.988
0.934
0.912
0.901
0.885
0.809
0.831
0.876
0.896
0.789
0.915
0.868
0.861
0.84
0.794
0.917
0.875
0.974
0.905
0.892
0.84
0.793
0.889
0.958
0.851
0.973
0.917
0.807
0.861
0.881
0.847
0.693
0.833
0.826
0.796
0.751
0.618
0.673
0.93
0.627
0.574
0.645
0.827
0.713
0.675
0.756
0.817
0.806
0.657
0.902
0.845
0.745
0.692
0.967
0.924
0.752
0.6
0.461
0.637
0.743
0.778
0.788
0.677
0.683
0.515
0.542
0.683
0.922
0.912
0.693
0.523
0.713
0.835
0.723
0.564
0.523
0.588
0.733
0.78
0.728
0.693
0.606
0.661
0.816
0.587
0.571
0.798
0.762
0.958
0.785
0.753
0.775
0.619
0.754
0.886
0.772
0.708
0.773
0.664
0.737
0.727
0.731
0.706
0.803
0.813
0.76
0.673
0.648
0.623
0.628
0.924
0.791
0.704
0.732
0.867
0.857
0.914
0.959
0.958
0.912
0.752
0.667
0.692
0.698
0.747
0.702
0.589
0.607
0.76
0.772
0.699
0.647
0.751
0.828
0.855
0.779
0.743
0.773
0.751
0.631
0.703
0.766
0.773
0.688
0.649
0.727
0.768
0.822
0.81
0.828
0.806
0.718
0.716
0.76
0.792
0.849
0.74
0.685
0.712
0.726
0.751
0.797
0.795
0.8
0.827
0.727
0.691
0.787
0.902
0.864
0.844
0.766
0.817
0.807
0.78
0.738
0.706
0.656
0.765
0.812
0.808
0.787
0.72
0.658
0.702
0.687
0.735
0.823
0.893
0.925
0.914
0.766
0.856
0.887
0.877
0.901
0.745
0.867
0.882
0.861
0.793
0.873
0.882
0.85
0.812
0.832
0.831
0.792
0.838
0.83
0.773
0.799
0.722
0.726
0.774
0.813
0.852
0.872
0.878
0.856
0.831
0.809
0.764
0.817
0.754
0.833
0.752
0.737
0.904
0.753
0.703
0.829
0.759
0.796
0.79
0.736
0.781
0.744
0.782
0.748
0.678
0.714
0.735
0.703
0.713
0.684
0.656
0.698
0.766
0.702
0.7
0.785
0.783
0.655
0.702
0.726
0.651
0.616
0.714
0.628
0.689
0.635
0.659
0.892
0.899
0.879
0.754
0.77
0.731
0.788
0.808
0.891
0.77
0.775
0.755
0.772
0.882
0.808
0.835
0.835
0.671
0.671
0.632
0.882
0.913
0.874
0.839
0.947
0.887
0.888
0.909
0.931
0.788
0.679
0.797
0.883
0.821
0.899
0.973
0.952
0.804
0.72
0.875
0.919
0.806
0.814
0.916
0.911
0.918
0.954
0.929
0.922
0.912
0.961
0.927
0.844
0.871
0.817
0.934
0.913
0.811
0.937
0.956
0.963
0.978
0.911
0.862
0.706
0.757
0.854
0.696
0.798
0.885
0.927
0.979
0.973
0.958
0.999
0.965
0.943
0.822
0.65
0.806
0.911
0.842
0.931
0.932
0.944
0.916
0.865
0.86
0.818
0.925
0.967
0.97
0.907
0.894
0.945
0.895
0.913
0.919
0.877
0.759
0.744
0.817
0.769
0.722
0.797
0.887
0.874
0.756
0.711
0.881
0.932
0.792
0.789
0.768
0.847
0.979
0.997
0.966
0.934
0.901
0.803
0.869
0.84
0.857
0.818
0.891
0.79
0.836
0.821
0.902
0.885
0.823
0.756
0.745
0.925
0.977
0.651
0.604
0.648
0.761
0.766
0.666
0.632
0.84
0.979
0.98
0.966
0.933
0.835
0.766
0.694
0.617
0.83
0.756
0.749
0.807
0.747
0.757
0.782
0.794
0.746
0.832
0.68
0.582
0.538
0.865
0.978
0.737
0.579
0.575
0.534
0.848
0.84
0.88
0.808
0.649
0.76
0.788
0.587
0.694
0.593
0.572
0.621
0.894
0.762
0.723
0.757
0.924
0.914
0.888
0.88
0.877
0.745
0.724
0.769
0.912
0.795
0.846
0.892
0.867
0.808
0.726
0.63
0.676
0.608
0.5
0.567
0.629
0.627
0.673
0.68
0.798
0.851
0.723
0.575
0.611
0.678
0.622
0.747
0.697
0.692
0.73
0.653
0.675
0.613
0.637
0.57
0.755
0.864
0.902
0.836
0.751
0.797
0.775
0.803
0.808
0.722
0.718
0.743
0.717
0.735
0.729
0.697
0.699
0.762
0.742
0.764
0.73
0.796
0.759
0.658
0.69
0.761
0.792
0.77
0.799
0.805
0.747
0.694
0.646
0.631
0.654
0.664
0.785
0.848
0.808
0.7
0.755
0.801
0.815
0.854
0.794
0.752
0.676
0.672
0.748
0.825
0.801
0.698
0.731
0.667
0.652
0.725
0.867
0.892
0.879
0.817
0.775
0.809
0.841
0.785
0.821
0.794
0.796
0.823
0.798
0.805
0.814
0.753
0.726
0.832
0.827
0.822
0.891
0.872
0.794
0.744
0.757
0.842
0.847
0.76
0.716
0.779
0.743
0.718
0.703
0.798
0.836
0.724
0.726
0.688
0.755
0.784
0.762
0.682
0.782
0.883
0.837
0.732
0.711
0.766
0.77
0.768
0.638
0.679
0.764
0.776
0.796
0.763
0.595
0.633
0.682
0.638
0.855
0.825
0.822
0.806
0.887
0.85
0.78
0.678
0.702
0.689
0.7
0.726
0.691
0.684
0.725
0.789
0.791
0.709
0.755
0.665
0.707
0.682
0.668
0.582
0.653
0.83
0.749
0.832
0.784
0.741
0.746
0.745
0.704
0.622
0.614
0.682
0.686
0.725
0.917
0.692
0.704
0.736
0.757
0.806
0.78
0.814
0.73
0.788
0.739
0.684
0.693
0.727
0.747
0.629
0.848
0.775
0.769
0.847
0.869
0.844
0.724
0.872
0.913
0.885
0.9
0.868
0.731
0.757
0.771
0.825
0.72
0.64
0.848
0.78
0.836
0.817
0.812
0.836
0.868
0.953
0.844
0.563
0.62
0.686
0.676
0.806
0.9
0.956
0.711
0.699
0.624
0.754
0.933
0.867
0.855
1.009
0.961
0.969
0.903
0.924
0.859
0.961
0.937
0.867
0.89
0.996
0.983
0.943
0.884
0.891
0.951
1
0.912
0.923
0.944
0.914
0.915
0.957
0.883
0.899
0.94
0.876
0.986
0.898
0.876
0.856
0.856
0.93
0.967
0.927
0.808
0.852
0.91
0.607
0.643
0.628
0.697
0.9
0.748
0.655
0.617
0.575
0.576
0.661
0.818
0.903
0.858
0.899
0.946
0.857
0.788
0.921
0.762
0.749
0.913
0.734
0.761
0.906
0.826
0.781
0.769
0.751
0.798
0.799
0.826
0.894
0.862
0.789
0.67
0.735
0.748
0.674
0.668
0.662
0.678
0.618
0.523
0.608
0.518
0.466
0.852
0.836
0.723
0.817
0.8
0.777
0.683
0.679
0.873
0.765
0.868
0.763
0.617
0.519
0.612
0.939
0.901
0.848
0.748
0.778
0.798
0.922
0.939
0.696
0.577
0.539
0.622
0.783
0.722
0.573
0.507
0.524
0.519
0.498
0.63
0.741
0.605
0.706
0.796
0.586
0.706
0.725
0.773
0.862
0.743
0.674
0.678
0.692
0.738
0.607
0.557
0.687
0.908
0.885
0.732
0.747
0.643
0.599
0.582
0.513
0.648
0.783
0.78
0.797
0.671
0.704
0.697
0.653
0.677
0.56
0.623
0.636
0.643
0.711
0.76
0.682
0.639
0.655
0.615
0.606
0.678
0.67
0.652
0.618
0.679
0.727
0.642
0.73
0.804
0.773
0.68
0.822
0.797
0.732
0.769
0.762
0.79
0.726
0.694
0.758
0.766
0.631
0.649
0.729
0.694
0.679
0.702
0.739
0.777
0.789
0.827
0.85
0.8
0.738
0.787
0.711
0.687
0.722
0.727
0.758
0.747
0.702
0.763
0.698
0.689
0.749
0.753
0.703
0.765
0.823
0.686
0.745
0.769
0.773
0.833
0.859
0.695
0.692
0.786
0.767
0.766
0.783
0.683
0.651
0.707
0.819
0.876
0.835
0.792
0.763
0.684
0.702
0.692
0.668
0.634
0.569
0.584
0.713
0.786
0.74
0.574
0.586
0.548
0.47
0.497
0.569
0.552
0.483
0.607
0.608
0.531
0.5
0.667
0.666
0.496
0.491
0.563
0.699
0.533
0.479
0.669
0.817
0.761
0.636
0.622
0.812
0.859
0.665
0.709
0.663
0.791
0.923
0.906
0.724
0.57
0.749
0.749
0.631
0.735
0.881
0.782
0.64
0.63
0.571
0.664
0.77
0.713
0.649
0.602
0.702
0.667
0.592
0.542
0.666
0.644
0.816
0.712
0.634
0.667
0.704
0.614
0.593
0.715
0.758
0.823
0.754
0.743
0.76
0.649
0.688
0.652
0.612
0.662
0.83
0.729
0.738
0.686
0.754
0.78
0.927
0.848
0.775
0.734
0.63
0.697
0.788
0.72
0.842
0.926
0.859
0.759
0.714
0.687
0.823
0.748
0.812
0.896
0.95
0.942
0.83
0.812
0.768
0.923
0.927
0.631
0.813
0.803
0.71
0.77
0.882
0.811
0.834
0.963
0.974
0.942
0.898
0.967
0.986
0.977
0.791
0.819
0.879
0.846
0.876
0.94
0.863
0.805
0.883
0.729
0.789
0.844
0.813
0.849
0.818
0.892
0.781
0.758
0.913
0.761
0.683
0.732
0.669
0.743
0.807
0.966
0.898
0.838
0.665
0.854
0.94
0.75
0.707
0.775
0.683
0.731
0.872
0.93
0.706
0.829
0.943
0.832
0.857
0.668
0.881
0.92
0.948
0.893
0.821
0.807
0.849
0.942
0.897
0.896
0.741
0.585
0.697
0.712
0.612
0.541
0.641
0.561
0.564
0.63
0.639
0.811
0.771
0.749
0.603
0.625
0.608
0.766
0.658
0.57
0.85
0.937
0.88
0.772
0.704
0.702
0.701
0.558
0.657
0.611
0.76
0.627
0.531
0.456
0.739
0.837
0.783
0.575
0.598
0.747
0.872
0.688
0.655
0.758
0.721
0.623
0.676
0.697
0.678
0.82
0.821
0.827
0.876
0.861
0.843
0.662
0.63
0.617
0.536
0.489
0.595
0.493
0.578
0.721
0.819
0.664
0.699
0.719
0.681
0.668
0.741
0.739
0.789
0.613
0.721
0.777
0.66
0.604
0.694
0.755
0.722
0.929
0.787
0.695
0.698
0.76
0.71
0.664
0.655
0.845
0.951
0.822
0.759
0.753
0.718
0.734
0.711
0.674
0.857
0.752
0.65
0.686
0.682
0.69
0.735
0.835
0.798
0.714
0.803
0.776
0.777
0.863
0.756
0.729
0.814
0.76
0.748
0.77
0.792
0.771
0.785
0.697
0.739
0.709
0.717
0.716
0.793
0.84
0.778
0.758
0.689
0.648
0.762
0.817
0.782
0.717
0.739
0.768
0.791
0.793
0.788
0.794
0.79
0.739
0.761
0.727
0.693
0.71
0.74
0.785
0.768
0.746
0.811
0.851
0.834
0.843
0.851
0.809
0.772
0.715
0.913
0.843
0.835
0.878
0.854
0.791
0.767
0.737
0.766
0.862
0.813
0.816
0.917
0.75
0.716
0.716
0.783
0.86
0.815
0.767
0.797
0.845
0.862
0.842
0.847
0.845
0.823
0.804
0.831
0.851
0.744
0.737
0.731
0.807
0.831
0.858
0.891
0.85
0.767
0.844
0.832
0.742
0.75
0.757
0.694
0.758
0.827
0.756
0.899
0.9
0.772
0.752
0.751
0.772
0.658
0.685
0.695
0.734
0.741
0.849
0.948
0.893
0.732
0.769
0.716
0.708
0.702
0.674
0.632
0.679
0.834
0.835
0.896
0.795
0.733
0.671
0.692
0.777
0.729
0.886
0.913
0.813
0.771
0.789
0.745
0.699
0.638
0.658
0.611
0.606
0.708
0.677
0.683
0.888
0.924
0.94
0.896
0.75
0.837
0.918
0.794
0.732
0.744
0.796
0.771
0.723
0.699
0.834
0.82
0.715
0.745
0.838
0.946
0.936
0.881
0.902
0.895
0.803
0.701
0.794
0.77
0.791
0.619
0.859
0.915
0.772
0.84
0.964
0.89
0.864
0.923
0.877
0.958
0.982
0.822
0.865
0.886
0.85
0.804
0.882
0.828
0.82
0.885
0.913
0.874
0.933
0.931
0.933
0.938
0.935
0.948
0.958
0.972
0.965
0.974
0.937
0.917
0.975
0.974
0.96
0.977
0.992
0.996
0.974
0.947
0.963
0.953
0.869
0.904
0.953
0.972
0.977
0.844
0.885
0.903
0.923
0.944
0.969
0.958
0.898
0.801
0.818
0.854
0.956
0.942
0.872
0.88
0.997
0.847
0.677
0.848
0.849
0.956
0.901
0.88
0.618
0.623
0.674
0.867
0.709
0.806
0.889
0.897
0.923
0.761
0.77
0.582
0.632
0.844
0.851
0.796
0.762
0.715
0.853
0.818
0.866
0.754
0.779
0.874
0.936
0.802
0.773
0.902
0.921
0.808
0.68
0.792
0.781
0.723
0.673
0.698
0.671
0.72
0.718
0.653
0.762
0.854
0.811
0.823
0.684
0.669
0.703
0.613
0.911
0.826
0.702
0.664
0.821
0.916
0.767
0.745
0.624
0.802
0.874
0.698
0.67
0.549
0.806
0.864
0.821
0.762
0.797
0.555
0.521
0.586
0.615
0.508
0.49
0.529
0.607
0.601
0.587
0.775
0.727
0.773
0.754
0.564
0.569
0.656
0.785
0.611
0.611
0.912
0.894
0.844
0.767
0.694
0.661
0.809
0.885
0.684
0.77
0.782
0.789
0.834
0.84
0.808
0.691
0.632
0.816
0.849
0.869
0.779
0.801
0.929
0.804
0.632
0.621
0.694
0.728
0.653
0.653
0.697
0.678
0.719
0.62
0.597
0.673
0.689
0.801
0.865
0.741
0.669
0.615
0.684
0.643
0.66
0.641
0.764
0.793
0.657
0.759
0.847
0.745
0.632
0.729
0.78
0.64
0.69
0.721
0.682
0.639
0.686
0.622
0.627
0.711
0.79
0.81
0.781
0.776
0.781
0.752
0.758
0.805
0.797
0.678
0.78
0.871
0.802
0.783
0.717
0.782
0.795
0.742
0.642
0.69
0.802
0.799
0.841
0.848
0.808
0.821
0.785
0.687
0.631
0.769
0.822
0.832
0.793
0.858
0.728
0.835
0.875
0.831
0.823
0.844
0.793
0.749
0.698
0.712
0.787
0.735
0.647
0.692
0.745
0.707
0.666
0.706
0.762
0.813
0.818
0.746
0.645
0.751
0.762
0.69
0.64
0.682
0.834
0.918
0.844
0.788
0.844
0.79
0.898
0.912
0.83
0.815
0.797
0.779
0.708
0.691
0.702
0.651
0.755
0.956
0.811
0.658
0.619
0.641
0.738
0.892
0.953
0.888
0.889
0.751
0.857
0.753
0.649
0.698
0.729
0.731
0.867
0.873
0.918
0.813
0.719
0.75
0.643
0.683
0.724
0.689
0.664
0.823
0.739
0.675
0.712
0.664
0.657
0.714
0.752
0.789
0.733
0.652
0.633
0.784
0.749
0.804
0.826
0.744
0.863
0.782
0.676
0.667
0.677
0.755
0.884
0.746
0.869
0.844
0.952
0.947
0.857
0.813
0.793
0.763
0.722
0.711
0.805
0.819
0.807
0.729
0.769
0.914
0.949
0.957
0.859
0.872
0.968
0.915
0.913
0.739
0.725
0.708
0.866
0.648
0.734
0.825
0.907
0.903
0.872
0.832
0.832
0.919
0.839
0.851
0.925
0.888
0.929
0.908
0.888
0.944
0.963
0.955
0.938
0.931
0.875
0.932
0.813
0.847
0.815
0.864
0.92
0.936
0.909
0.885
0.964
0.789
0.712
0.74
0.828
0.908
0.958
0.962
0.95
0.779
0.868
0.865
0.89
0.924
0.887
0.908
0.889
0.952
0.876
0.869
0.796
0.746
0.764
0.888
0.819
0.779
0.774
0.96
0.895
0.881
0.774
0.752
0.742
0.935
0.741
0.601
0.769
0.83
0.917
0.577
0.802
0.796
0.828
0.86
0.876
0.593
0.541
0.719
0.83
0.856
0.91
0.847
0.782
0.866
0.856
0.927
0.86
0.554
0.718
0.756
0.896
0.94
0.913
0.899
0.823
0.843
0.709
0.73
0.873
0.895
0.671
0.681
0.684
0.657
0.844
0.952
0.778
0.742
0.727
0.892
0.883
0.846
0.759
0.761
0.776
0.76
0.861
0.812
0.901
0.737
0.687
0.733
0.677
0.735
0.933
0.86
0.764
0.676
0.9
0.696
0.608
0.632
0.794
0.876
0.932
0.91
0.72
0.758
0.932
0.953
0.792
0.748
0.863
0.874
0.809
0.695
0.681
0.683
0.625
0.72
0.844
0.88
0.822
0.716
0.761
0.75
0.792
0.785
0.723
0.702
0.809
0.866
0.811
0.907
0.78
0.743
0.673
0.698
0.739
0.784
0.8
0.817
0.811
0.762
0.724
0.69
0.702
0.742
0.661
0.67
0.66
0.664
0.645
0.749
0.804
0.769
0.621
0.697
0.795
0.756
0.742
0.732
0.712
0.701
0.633
0.649
0.743
0.764
0.649
0.594
0.639
0.612
0.671
0.756
0.75
0.786
0.744
0.721
0.692
0.752
0.833
0.765
0.74
0.804
0.833
0.827
0.865
0.821
0.738
0.72
0.759
0.759
0.767
0.747
0.761
0.748
0.706
0.645
0.609
0.683
0.765
0.733
0.77
0.82
0.789
0.787
0.79
0.864
0.803
0.674
0.82
0.871
0.889
0.793
0.698
0.703
0.799
0.786
0.723
0.731
0.755
0.708
0.713
0.667
0.659
0.643
0.565
0.426
0.385
0.449
0.613
0.522
0.404
0.55
0.778
0.699
0.523
0.559
0.706
0.821
0.805
0.719
0.711
0.603
0.659
0.802
0.946
0.828
0.727
0.702
0.738
0.725
0.803
0.828
0.792
0.625
0.662
0.561
0.583
0.599
0.741
0.818
0.713
0.547
0.628
0.744
0.604
0.709
0.789
0.63
0.639
0.656
0.769
0.712
0.84
0.917
0.797
0.685
0.768
0.771
0.718
0.677
0.605
0.629
0.738
0.721
0.867
0.708
0.74
0.856
0.953
0.878
0.808
0.725
0.786
0.873
0.838
0.848
0.731
0.821
0.698
0.797
0.889
0.85
0.881
0.775
0.721
0.823
0.819
0.847
0.833
0.599
0.721
0.854
0.844
0.881
0.871
0.934
0.916
0.783
0.912
0.886
0.935
0.929
0.941
0.922
0.854
0.886
0.92
0.979
0.889
0.735
0.798
0.708
0.774
0.93
0.92
0.95
0.965
0.989
0.956
0.958
0.903
0.904
0.932
0.916
0.929
0.916
0.911
0.969
0.965
0.856
0.756
0.811
0.783
0.664
0.687
0.851
0.844
0.811
0.829
0.83
0.772
0.757
0.721
0.843
0.861
0.868
0.706
0.885
0.916
0.909
0.964
0.965
0.981
0.969
0.926
0.68
0.808
0.813
0.744
0.767
0.898
0.75
0.792
0.791
0.902
0.877
0.868
0.926
0.941
0.963
0.963
0.919
0.965
0.9
0.871
0.761
0.788
0.954
0.959
0.955
0.958
0.806
0.932
0.922
0.865
0.936
0.919
0.86
0.72
0.831
0.846
0.932
0.922
0.743
0.825
0.786
0.931
0.924
0.868
0.927
0.846
0.753
0.683
0.78
0.781
0.658
0.714
0.877
0.634
0.732
0.778
0.728
0.846
0.956
0.908
0.711
0.92
0.92
0.874
0.846
0.764
0.648
0.7
0.568
0.58
0.6
0.834
0.897
0.799
0.709
0.786
0.847
0.659
0.464
0.578
0.627
0.443
0.537
0.636
0.695
0.739
0.916
0.837
0.679
0.831
0.745
0.821
0.907
0.912
0.838
0.84
0.879
0.718
0.663
0.852
0.882
0.863
0.882
0.837
0.832
0.781
0.729
0.822
0.804
0.793
0.762
0.716
0.717
0.698
0.778
0.885
0.756
0.626
0.769
0.903
0.845
0.698
0.76
0.766
0.772
0.661
0.818
0.92
0.907
0.79
0.694
0.789
0.865
0.818
0.762
0.752
0.695
0.61
0.601
0.607
0.668
0.751
0.766
0.687
0.759
0.738
0.674
0.677
0.654
0.777
0.833
0.786
0.799
0.826
0.858
0.872
0.823
0.756
0.671
0.69
0.79
0.785
0.733
0.811
0.69
0.732
0.846
0.823
0.806
0.754
0.766
0.817
0.873
0.816
0.728
0.705
0.805
0.793
0.797
0.805
0.823
0.831
0.822
0.809
0.781
0.808
0.79
0.798
0.802
0.826
0.793
0.847
0.856
0.794
0.753
0.706
0.761
0.843
0.871
0.714
0.677
0.85
0.887
0.81
0.799
0.853
0.789
0.723
0.945
0.921
0.877
0.819
0.74
0.683
0.749
0.832
0.837
0.839
0.809
0.771
0.785
0.831
0.816
0.699
0.668
0.724
0.858
0.739
0.67
0.876
0.796
0.804
0.752
0.658
0.801
0.768
0.805
0.708
0.659
0.656
0.657
0.831
0.704
0.602
0.638
0.693
0.638
0.734
0.753
0.739
0.639
0.734
0.761
0.796
0.686
0.588
0.761
0.714
0.782
0.759
0.717
0.639
0.79
0.858
0.738
0.763
0.81
0.718
0.787
0.857
0.862
0.859
0.776
0.85
0.84
0.688
0.621
0.566
0.589
0.875
0.909
0.751
0.619
0.748
0.917
0.863
0.916
0.885
0.806
0.819
0.866
0.798
0.85
0.628
0.772
0.872
0.892
0.82
0.788
0.756
0.604
0.588
0.72
0.846
0.891
0.808
0.853
0.875
0.921
0.876
0.666
0.656
0.874
0.929
0.888
0.885
0.884
0.887
0.836
0.849
0.871
0.951
0.945
0.9
0.915
0.888
0.749
0.915
0.864
0.781
0.803
0.954
0.96
0.892
0.927
0.859
0.798
0.862
0.843
0.749
0.854
0.936
0.897
0.805
0.884
0.819
0.894
0.924
0.822
0.757
0.824
0.856
0.783
0.862
0.851
0.936
0.948
0.877
0.852
0.856
0.885
0.945
0.957
0.947
0.91
0.911
0.964
0.912
0.89
0.894
0.919
0.814
0.875
0.9
0.908
0.842
0.79
0.826
0.878
0.888
0.943
0.884
0.815
0.851
0.915
0.875
0.87
0.839
0.754
0.676
0.806
0.889
0.834
0.913
0.956
0.869
0.787
0.805
0.831
0.712
0.756
0.6
0.572
0.805
0.743
0.838
0.851
0.884
0.869
0.871
0.755
0.582
0.683
0.806
0.898
0.905
0.891
0.887
0.803
0.958
0.93
0.89
0.863
0.785
0.743
0.573
0.626
0.777
0.761
0.74
0.675
0.715
0.782
0.863
0.698
0.555
0.614
0.708
0.693
0.745
0.83
0.817
0.846
0.831
0.632
0.776
0.733
0.738
0.661
0.662
0.752
0.852
0.915
0.711
0.692
0.764
0.681
0.794
0.75
0.759
0.703
0.726
0.704
0.692
0.76
0.88
0.805
0.78
0.778
0.806
0.821
0.864
0.793
0.751
0.797
0.83
0.802
0.774
0.821
0.773
0.812
0.852
0.744
0.664
0.692
0.688
0.657
0.64
0.677
0.722
0.737
0.856
0.957
0.869
0.817
0.8
0.753
0.779
0.798
0.8
0.756
0.637
0.728
0.759
0.715
0.704
0.85
0.716
0.723
0.732
0.732
0.665
0.691
0.706
0.82
0.799
0.81
0.792
0.766
0.825
0.765
0.759
0.774
0.815
0.804
0.813
0.806
0.754
0.726
0.801
0.747
0.757
0.761
0.809
0.797
0.733
0.738
0.868
0.914
0.848
0.782
0.816
0.834
0.79
0.72
0.793
0.848
0.838
0.731
0.745
0.741
0.769
0.848
0.841
0.792
0.752
0.746
0.725
0.724
0.729
0.846
0.9
0.925
0.844
0.758
0.822
0.832
0.784
0.806
0.828
0.835
0.881
0.872
0.752
0.757
0.762
0.805
0.779
0.774
0.754
0.811
0.898
0.863
0.708
0.673
0.75
0.734
0.736
0.751
0.791
0.831
0.753
0.705
0.704
0.641
0.6
0.596
0.667
0.721
0.676
0.665
0.727
0.778
0.647
0.645
0.743
0.562
0.606
0.612
0.591
0.567
0.666
0.713
0.666
0.739
0.721
0.832
0.832
0.865
0.81
0.644
0.816
0.93
0.913
0.86
0.817
0.87
0.864
0.706
0.684
0.814
0.821
0.87
0.819
0.678
0.764
0.908
0.806
0.894
0.731
0.724
0.788
0.619
0.581
0.617
0.777
0.761
0.721
0.679
0.618
0.773
0.905
0.926
0.946
0.928
0.809
0.782
0.915
0.978
0.874
0.767
0.71
0.798
0.768
0.826
0.845
0.837
0.824
0.792
0.882
0.912
0.976
0.866
0.842
0.964
0.852
0.885
0.853
0.813
0.866
0.86
0.835
0.871
0.924
0.837
0.899
0.91
0.928
0.942
1.022
0.918
0.924
0.869
0.944
0.954
0.967
0.903
0.973
0.973
0.906
0.922
0.95
0.904
0.935
0.959
0.958
0.971
0.976
0.93
0.86
0.74
0.79
0.729
0.706
0.899
0.846
0.852
0.877
0.873
0.979
0.948
0.947
0.917
0.923
0.899
0.945
0.957
0.943
0.956
0.951
0.954
0.92
0.84
0.851
0.94
0.953
0.862
0.89
0.899
0.847
0.906
0.935
0.861
0.684
0.553
0.707
0.839
0.917
0.939
0.835
0.845
0.868
0.848
0.852
0.948
0.909
0.816
0.839
0.923
0.897
0.881
0.862
0.677
0.613
0.707
0.898
0.862
0.72
0.652
0.701
0.732
0.782
0.833
0.913
0.915
0.85
0.813
0.912
0.863
0.812
0.831
0.791
0.887
0.812
0.714
0.779
0.833
0.866
0.737
0.697
0.601
0.694
0.807
0.854
0.752
0.65
0.713
0.778
0.754
0.672
0.723
0.6
0.558
0.587
0.601
0.697
0.842
0.891
0.936
0.853
0.75
0.854
0.833
0.745
0.743
0.842
0.737
0.729
0.797
0.646
0.65
0.58
0.603
0.641
0.563
0.657
0.706
0.858
0.797
0.781
0.803
0.752
0.662
0.688
0.828
0.859
0.609
0.69
0.831
0.852
0.788
0.645
0.655
0.64
0.689
0.59
0.607
0.629
0.721
0.843
0.817
0.716
0.654
0.601
0.615
0.654
0.677
0.725
0.777
0.829
0.761
0.815
0.809
0.743
0.777
0.768
0.724
0.631
0.718
0.638
0.615
0.654
0.63
0.666
0.652
0.714
0.703
0.769
0.784
0.735
0.714
0.741
0.762
0.765
0.769
0.686
0.608
0.562
0.693
0.753
0.81
0.798
0.844
0.808
0.792
0.794
0.724
0.778
0.754
0.745
0.745
0.824
0.751
0.89
0.786
0.726
0.696
0.698
0.718
0.726
0.696
0.724
0.817
0.754
0.769
0.734
0.769
0.773
0.813
0.801
0.82
0.896
0.84
0.77
0.738
0.765
0.801
0.858
0.832
0.753
0.77
0.751
0.748
0.787
0.88
0.764
0.679
0.892
0.86
0.743
0.716
0.709
0.637
0.742
0.72
0.693
0.741
0.805
0.737
0.677
0.61
0.624
0.69
0.74
0.89
0.919
0.78
0.756
0.743
0.606
0.687
0.845
0.813
0.786
0.835
0.798
0.69
0.746
0.617
0.662
0.713
0.74
0.699
0.678
0.714
0.816
0.85
0.827
0.884
0.887
0.869
0.855
0.768
0.686
0.685
0.633
0.684
0.664
0.732
0.79
0.789
0.672
0.871
0.854
0.698
0.643
0.665
0.572
0.665
0.728
0.782
0.693
0.659
0.669
0.76
0.815
0.777
0.784
0.855
0.645
0.65
0.61
0.684
0.626
0.938
0.892
0.677
0.73
0.667
0.714
0.806
0.776
0.725
0.871
0.84
0.783
0.817
0.851
0.885
0.757
0.777
0.836
0.805
0.919
0.903
0.912
0.884
0.919
0.925
0.973
0.947
0.899
0.89
0.861
0.936
0.933
0.837
0.888
0.89
0.949
0.938
0.985
0.931
0.923
0.953
0.945
0.936
0.919
0.961
0.944
0.95
0.906
0.903
0.943
0.923
0.918
0.737
0.818
0.871
0.842
0.828
0.903
0.822
0.862
0.868
0.726
0.819
0.928
0.904
0.83
0.902
0.9
0.777
0.881
0.824
0.829
0.726
0.754
0.792
0.89
0.869
0.812
0.791
0.856
0.962
0.952
0.88
0.825
0.81
0.769
0.785
0.862
0.864
0.829
0.833
0.837
0.821
0.872
0.856
0.59
0.674
0.7
0.734
0.768
0.826
0.767
0.773
0.633
0.766
0.785
0.731
0.892
0.79
0.754
0.805
0.864
0.852
0.787
0.976
0.913
0.807
0.893
0.887
0.789
0.684
0.648
0.773
0.635
0.685
0.716
0.597
0.699
0.787
0.708
0.706
0.769
0.657
0.795
0.768
0.658
0.73
0.827
0.827
0.851
0.749
0.758
0.675
0.818
0.822
0.693
0.637
0.57
0.714
0.717
0.686
0.737
0.676
0.806
0.781
0.682
0.579
0.593
0.61
0.676
0.773
0.764
0.65
0.638
0.693
0.72
0.771
0.727
0.655
0.766
0.687
0.721
0.762
0.594
0.511
0.627
0.682
0.822
0.873
0.867
0.834
0.924
0.857
0.777
0.758
0.866
0.775
0.741
0.695
0.608
0.554
0.714
0.814
0.78
0.701
0.667
0.613
0.679
0.765
0.783
0.727
0.754
0.587
0.518
0.587
0.696
0.717
0.755
0.67
0.732
0.714
0.653
0.586
0.521
0.62
0.713
0.763
0.689
0.734
0.809
0.792
0.728
0.666
0.797
0.787
0.725
0.749
0.684
0.663
0.756
0.766
0.772
0.763
0.682
0.654
0.634
0.758
0.8
0.748
0.812
0.793
0.785
0.813
0.752
0.728
0.803
0.779
0.788
0.784
0.82
0.711
0.736
0.772
0.758
0.819
0.84
0.808
0.813
0.794
0.807
0.807
0.856
0.812
0.728
0.78
0.827
0.822
0.787
0.795
0.828
0.707
0.683
0.794
0.807
0.733
0.741
0.799
0.814
0.832
0.727
0.75
0.798
0.789
0.778
0.805
0.81
0.9
0.952
0.876
0.853
0.813
0.818
0.859
0.759
0.719
0.752
0.705
0.712
0.748
0.834
0.852
0.827
0.776
0.754
0.769
0.757
0.7
0.778
0.79
0.781
0.667
0.792
0.837
0.825
0.728
0.649
0.633
0.76
0.659
0.773
0.762
0.705
0.798
0.82
0.802
0.663
0.687
0.687
0.646
0.77
0.828
0.715
0.65
0.695
0.601
0.635
0.951
0.874
0.917
0.815
0.718
0.83
0.837
0.796
0.714
0.611
0.877
0.844
0.676
0.755
0.819
0.716
0.663
0.743
0.695
0.685
0.685
0.841
0.92
0.837
0.857
0.954
0.82
0.835
0.813
0.856
0.973
0.871
0.81
0.88
0.765
0.681
0.751
0.81
0.717
0.685
0.788
0.801
0.695
0.852
0.922
0.937
0.79
0.822
0.709
0.796
0.793
0.835
0.62
0.473
0.587
0.676
0.729
0.881
0.86
0.861
0.793
0.916
0.816
0.75
0.776
0.861
0.973
0.914
0.899
0.895
0.934
0.867
0.796
0.823
0.88
0.923
0.912
0.821
0.824
0.862
0.977
0.946
0.881
0.866
0.812
0.672
0.742
0.886
0.963
0.924
0.934
0.833
0.694
0.787
0.873
0.773
0.851
0.946
0.897
0.911
0.808
0.841
0.924
0.868
0.829
0.881
0.859
0.883
0.886
0.755
0.75
0.788
0.808
0.853
0.905
0.901
0.884
0.892
0.895
0.925
0.879
0.896
0.909
0.947
0.867
0.918
0.92
0.95
0.939
0.828
0.878
0.954
0.946
0.927
0.871
0.935
0.858
0.829
0.819
0.81
0.607
0.809
0.831
0.845
0.839
0.761
0.691
0.825
0.853
0.837
0.743
0.767
0.652
0.773
0.856
0.865
0.903
0.919
0.93
0.831
0.735
0.769
0.85
0.713
0.691
0.752
0.841
0.756
0.714
0.908
0.727
0.697
0.714
0.815
0.787
0.707
0.845
0.924
0.779
0.703
0.771
0.717
0.77
0.766
0.846
0.649
0.486
0.497
0.679
0.778
0.874
0.922
0.92
0.839
0.703
0.742
0.831
0.856
0.806
0.818
0.816
0.698
0.623
0.637
0.652
0.705
0.634
0.814
0.742
0.613
0.699
0.804
0.83
0.667
0.66
0.802
0.806
0.703
0.584
0.557
0.676
0.709
0.746
0.697
0.643
0.623
0.556
0.556
0.655
0.68
0.767
0.864
0.717
0.655
0.753
0.734
0.57
0.531
0.616
0.634
0.618
0.649
0.525
0.614
0.597
0.671
0.686
0.644
0.644
0.592
0.647
0.699
0.679
0.691
0.78
0.708
0.591
0.656
0.663
0.598
0.718
0.753
0.671
0.629
0.662
0.714
0.689
0.781
0.711
0.72
0.669
0.735
0.606
0.679
0.786
0.795
0.769
0.656
0.632
0.633
0.719
0.731
0.735
0.799
0.773
0.809
0.755
0.605
0.655
0.68
0.714
0.694
0.855
0.833
0.825
0.816
0.773
0.827
0.729
0.712
0.717
0.645
0.738
0.761
0.691
0.664
0.828
0.958
0.932
0.888
0.783
0.784
0.854
0.814
0.763
0.763
0.705
0.814
0.796
0.735
0.701
0.73
0.781
0.724
0.67
0.735
0.844
0.885
0.842
0.843
0.771
0.691
0.755
0.727
0.624
0.653
0.688
0.716
0.775
0.721
0.68
0.648
0.697
0.644
0.801
0.802
0.699
0.67
0.623
0.716
0.826
0.751
0.655
0.695
0.693
0.725
0.641
0.661
0.781
0.873
0.751
0.641
0.653
0.711
0.797
0.767
0.8
0.762
0.627
0.57
0.58
0.938
0.776
0.763
0.841
0.914
0.677
0.582
0.641
0.661
0.691
0.601
0.614
0.626
0.669
0.679
0.734
0.601
0.641
0.718
0.783
0.875
0.839
0.798
0.664
0.672
0.677
0.822
0.784
0.887
0.921
0.899
0.759
0.783
0.857
0.921
0.862
0.798
0.794
0.808
0.855
0.913
0.895
0.773
0.859
0.857
0.929
0.924
0.924
0.938
0.949
0.919
0.913
0.845
0.871
0.941
0.925
0.985
0.927
0.969
0.918
0.875
0.919
0.745
0.822
0.833
0.913
0.94
0.887
0.873
0.886
0.895
0.877
0.861
0.874
0.872
0.918
0.947
0.939
0.917
0.84
0.926
0.807
0.819
0.863
0.888
0.886
0.861
0.835
0.741
0.659
0.741
0.854
0.875
0.841
0.837
0.874
0.916
0.901
0.822
0.855
0.807
0.94
0.923
0.934
0.947
0.987
0.976
0.929
0.901
0.857
0.889
0.71
0.874
0.907
0.907
0.89
0.86
0.926
0.895
0.539
0.538
0.669
0.899
0.891
0.89
0.907
0.94
0.827
0.713
0.884
0.881
0.816
0.895
0.933
0.927
0.916
0.883
0.891
0.797
0.87
0.887
0.87
0.847
0.834
0.813
0.808
0.78
0.871
0.954
0.774
0.811
0.86
0.813
0.738
0.675
0.802
0.793
0.86
0.699
0.773
0.93
0.916
0.677
0.684
0.924
0.788
0.743
0.748
0.749
0.772
0.835
0.889
0.882
0.878
0.757
0.603
0.591
0.684
0.634
0.597
0.859
0.78
0.7
0.675
0.631
0.639
0.729
0.659
0.736
0.713
0.629
0.783
0.785
0.801
0.746
0.581
0.552
0.722
0.947
0.832
0.735
0.808
0.899
0.754
0.862
0.847
0.788
0.751
0.78
0.699
0.613
0.737
0.767
0.698
0.724
0.616
0.722
0.845
0.727
0.605
0.548
0.776
0.71
0.599
0.665
0.846
0.791
0.743
0.774
0.754
0.726
0.825
0.704
0.694
0.713
0.741
0.624
0.75
0.74
0.75
0.745
0.647
0.672
0.721
0.707
0.731
0.72
0.817
0.795
0.827
0.803
0.806
0.691
0.744
0.873
0.814
0.767
0.788
0.768
0.803
0.827
0.778
0.782
0.748
0.806
0.78
0.697
0.752
0.791
0.723
0.751
0.82
0.81
0.784
0.79
0.731
0.749
0.832
0.771
0.752
0.722
0.779
0.818
0.808
0.82
0.767
0.766
0.806
0.82
0.793
0.78
0.75
0.789
0.795
0.726
0.748
0.764
0.77
0.721
0.796
0.802
0.837
0.772
0.796
0.784
0.714
0.744
0.819
0.757
0.803
0.886
0.847
0.765
0.612
0.646
0.718
0.666
0.751
0.813
0.737
0.7
0.689
0.718
0.609
0.659
0.786
0.896
0.85
0.854
0.733
0.726
0.765
0.732
0.664
0.701
0.794
0.757
0.697
0.646
0.752
0.833
0.794
0.813
0.818
0.776
0.752
0.709
0.61
0.596
0.73
0.695
0.82
0.714
0.578
0.685
0.592
0.491
0.683
0.746
0.811
0.701
0.629
0.577
0.557
0.732
0.693
0.697
0.743
0.845
0.72
0.713
0.747
0.734
0.592
0.645
0.786
0.83
0.762
0.62
0.501
0.563
0.784
0.719
0.813
0.823
0.754
0.723
0.865
0.901
0.987
0.803
0.784
0.774
0.747
0.841
0.789
0.785
0.749
0.851
0.91
0.862
0.845
0.851
0.853
0.896
0.937
0.862
0.769
0.849
0.662
0.692
0.799
0.816
0.841
0.923
0.871
0.873
0.78
0.759
0.88
0.779
0.917
0.94
0.963
0.947
0.954
0.911
0.927
0.967
0.907
0.925
0.994
0.935
0.803
0.804
0.829
0.768
0.815
0.89
0.886
0.79
0.807
0.95
0.89
0.902
0.935
0.925
0.916
0.925
0.867
0.906
0.92
0.962
0.896
0.937
0.922
0.967
0.986
0.991
0.847
0.857
0.887
0.871
0.926
0.95
0.722
0.816
0.891
0.764
0.786
0.853
0.757
0.902
0.91
0.891
0.856
0.926
0.968
0.867
0.823
0.91
0.862
0.761
0.586
0.823
0.809
0.639
0.774
0.832
0.794
0.714
0.759
0.882
0.963
0.713
0.772
0.647
0.559
0.408
0.625
0.854
0.868
0.977
0.861
0.898
0.908
0.5
0.624
0.66
0.676
0.718
0.699
0.795
0.79
0.621
0.594
0.609
0.693
0.665
0.853
0.822
0.657
0.776
0.869
0.776
0.778
0.704
0.627
0.919
0.752
0.766
0.883
0.793
0.697
0.621
0.628
0.76
0.664
0.751
0.938
0.904
0.642
0.519
0.531
0.693
0.953
0.836
0.807
0.718
0.667
0.709
0.625
0.585
0.763
0.883
0.84
0.834
0.726
0.582
0.541
0.655
0.736
0.852
0.752
0.801
0.798
0.676
0.533
0.702
0.787
0.635
0.844
0.642
0.559
0.505
0.485
0.556
0.622
0.723
0.704
0.774
0.851
0.875
0.897
0.819
0.68
0.631
0.735
0.872
0.84
0.725
0.672
0.583
0.611
0.808
0.811
0.825
0.939
0.825
0.682
0.664
0.651
0.697
0.844
0.84
0.798
0.813
0.778
0.756
0.721
0.639
0.642
0.77
0.721
0.664
0.72
0.822
0.826
0.882
0.854
0.812
0.796
0.732
0.719
0.719
0.757
0.714
0.803
0.757
0.691
0.663
0.655
0.801
0.75
0.796
0.772
0.724
0.779
0.855
0.868
0.813
0.828
0.828
0.799
0.774
0.866
0.763
0.789
0.762
0.786
0.727
0.812
0.816
0.672
0.646
0.779
0.837
0.85
0.83
0.778
0.776
0.754
0.687
0.657
0.707
0.816
0.764
0.817
0.719
0.772
0.772
0.706
0.615
0.734
0.779
0.877
0.823
0.75
0.686
0.662
0.652
0.698
0.727
0.661
0.693
0.872
0.906
0.868
0.805
0.744
0.742
0.671
0.686
0.723
0.751
0.748
0.637
0.678
0.732
0.874
0.827
0.799
0.721
0.703
0.831
0.779
0.67
0.703
0.693
0.568
0.802
0.699
0.753
0.682
0.708
0.747
0.726
0.952
0.789
0.661
0.708
0.753
0.795
0.887
0.888
0.749
0.631
0.632
0.699
0.688
0.723
0.947
0.929
0.786
0.659
0.714
0.859
0.776
0.856
0.861
0.64
0.674
0.754
0.61
0.659
0.621
0.642
0.784
0.722
0.786
0.753
0.781
0.776
0.756
0.759
0.791
0.776
0.839
0.893
0.806
0.836
0.835
0.833
0.848
0.829
0.792
0.802
0.75
0.815
0.821
0.7
0.806
0.895
0.678
0.635
0.602
0.771
0.808
0.887
0.686
0.663
0.64
0.811
0.936
0.906
0.681
0.751
0.759
0.912
0.859
0.894
0.896
0.853
0.918
0.903
0.859
0.762
0.874
0.737
0.853
0.94
0.888
0.761
0.787
0.859
0.903
0.924
0.909
0.906
0.846
0.911
0.907
0.912
0.933
0.952
0.945
0.954
0.978
0.969
0.963
0.915
0.909
0.952
0.94
0.934
0.948
0.784
0.703
0.755
0.571
0.694
0.803
0.858
0.903
0.941
0.88
0.898
0.89
0.9
0.835
0.925
0.92
0.897
0.946
0.92
0.94
0.948
0.929
0.938
0.943
0.953
0.949
0.874
0.962
0.958
0.944
0.89
0.883
0.947
0.961
0.947
0.914
0.926
0.902
0.883
0.845
0.813
0.764
0.76
0.829
0.823
0.944
0.99
0.958
0.908
0.699
0.516
0.534
0.681
0.717
0.845
0.902
0.848
0.631
0.697
0.659
0.725
0.903
0.871
0.746
0.602
0.63
0.6
0.578
0.636
0.547
0.629
0.684
0.864
0.76
0.642
0.667
0.529
0.791
0.711
0.541
0.707
0.65
0.708
0.675
0.572
0.527
0.615
0.711
0.791
0.932
0.928
0.74
0.619
0.535
0.65
0.718
0.805
0.751
0.627
0.586
0.694
0.732
0.841
0.674
0.547
0.83
0.905
0.886
0.778
0.71
0.717
0.895
0.947
0.845
0.639
0.64
0.762
0.763
0.775
0.76
0.731
0.689
0.722
0.713
0.604
0.657
0.79
0.684
0.796
0.775
0.801
0.847
0.709
0.647
0.86
0.743
0.722
0.766
0.795
0.833
0.897
0.797
0.796
0.762
0.761
0.751
0.705
0.773
0.763
0.777
0.715
0.678
0.805
0.844
0.74
0.619
0.605
0.587
0.587
0.669
0.742
0.702
0.69
0.674
0.807
0.714
0.665
0.76
0.79
0.79
0.759
0.777
0.769
0.821
0.804
0.777
0.818
0.762
0.809
0.795
0.829
0.697
0.664
0.801
0.805
0.658
0.701
0.788
0.796
0.817
0.847
0.838
0.779
0.719
0.728
0.723
0.745
0.814
0.821
0.846
0.805
0.787
0.764
0.69
0.685
0.623
0.683
0.792
0.811
0.818
0.846
0.795
0.715
0.591
0.58
0.628
0.59
0.523
0.515
0.564
0.598
0.631
0.524
0.447
0.469
0.56
0.577
0.616
0.713
0.755
0.559
0.593
0.606
0.73
0.816
0.622
0.774
0.737
0.569
0.595
0.605
0.539
0.634
0.694
0.867
0.951
0.79
0.73
0.711
0.751
0.863
0.802
0.715
0.695
0.634
0.567
0.553
0.663
0.549
0.707
0.678
0.73
0.589
0.65
0.608
0.609
0.556
0.528
0.605
0.551
0.491
0.496
0.685
0.778
0.607
0.582
0.664
0.548
0.636
0.674
0.672
0.643
0.644
0.706
0.706
0.522
0.524
0.66
0.804
0.779
0.677
0.676
0.71
0.613
0.689
0.821
0.775
0.7
0.815
0.81
0.801
0.839
0.739
0.847
0.768
0.837
0.844
0.783
0.936
0.832
0.691
0.744
0.754
0.756
0.769
0.751
0.834
0.801
0.859
0.884
0.891
0.865
0.832
0.855
0.911
0.918
0.911
0.922
0.929
0.89
0.89
0.895
0.862
0.902
0.895
0.88
0.938
0.954
0.943
0.928
0.957
0.631
0.704
0.767
0.607
0.831
0.801
0.849
0.896
0.824
0.903
0.88
0.844
0.86
0.901
0.782
0.843
0.963
0.928
0.864
0.805
0.801
0.777
0.864
0.947
0.947
0.92
0.927
0.935
0.913
0.873
0.921
0.932
0.908
0.95
0.942
0.979
0.968
0.868
0.875
0.924
0.941
0.889
0.926
0.924
0.873
0.866
0.81
0.797
0.714
0.701
0.933
0.877
0.959
0.932
0.915
0.919
0.918
0.908
0.821
0.821
0.766
0.854
0.928
0.863
0.878
0.863
0.959
0.955
0.853
0.846
0.852
0.841
0.906
0.877
0.754
0.776
0.774
0.786
0.851
0.874
0.934
0.779
0.629
0.58
0.624
0.655
0.629
0.753
0.837
0.715
0.746
0.804
0.944
0.773
0.723
0.862
0.926
0.897
0.84
0.829
0.791
0.66
0.557
0.838
0.84
0.751
0.843
0.91
0.928
0.796
0.857
0.849
0.841
0.941
0.808
0.785
0.812
0.777
0.665
0.795
0.782
0.888
0.783
0.625
0.692
0.673
0.758
0.759
0.801
0.857
0.814
0.795
0.814
0.968
0.931
0.942
0.924
0.863
0.857
0.75
0.69
0.734
0.761
0.868
0.794
0.915
0.839
0.854
0.741
0.695
0.719
0.712
0.696
0.702
0.765
0.676
0.701
0.697
0.746
0.83
0.84
0.812
0.705
0.713
0.737
0.768
0.797
0.814
0.824
0.868
0.826
0.789
0.829
0.871
0.805
0.729
0.739
0.803
0.773
0.656
0.65
0.731
0.779
0.708
0.695
0.666
0.723
0.776
0.692
0.694
0.773
0.785
0.769
0.753
0.762
0.789
0.778
0.82
0.852
0.814
0.785
0.768
0.766
0.802
0.793
0.762
0.747
0.783
0.796
0.737
0.691
0.776
0.839
0.849
0.855
0.843
0.831
0.836
0.857
0.82
0.793
0.717
0.661
0.706
0.806
0.818
0.743
0.671
0.724
0.743
0.702
0.788
0.723
0.634
0.769
0.802
0.793
0.793
0.802
0.678
0.62
0.701
0.716
0.633
0.585
0.717
0.819
0.841
0.927
0.897
0.872
0.818
0.761
0.766
0.763
0.828
0.776
0.666
0.768
0.768
0.826
0.857
0.868
0.793
0.911
0.834
0.857
0.863
0.796
0.771
0.85
0.892
0.875
0.75
0.761
0.754
0.727
0.771
0.763
0.706
0.641
0.632
0.652
0.744
0.881
0.782
0.678
0.784
0.699
0.743
0.956
0.962
0.834
0.714
0.665
0.749
0.712
0.781
0.901
0.756
0.669
0.701
0.705
0.771
0.649
0.713
0.808
0.691
0.643
0.825
0.796
0.82
0.736
0.71
0.672
0.721
0.906
0.87
0.815
0.628
0.549
0.637
0.834
0.822
0.912
0.864
0.856
0.819
0.806
0.912
0.925
0.968
0.854
0.879
0.89
0.84
0.848
0.976
0.92
0.87
0.826
0.865
0.734
0.744
0.759
0.823
0.92
0.961
0.762
0.833
0.891
0.884
0.925
0.96
0.929
0.854
0.798
0.845
0.859
0.9
0.835
0.856
0.944
0.924
0.924
0.68
0.573
0.659
0.899
0.884
0.889
0.812
0.764
0.866
0.87
0.977
0.79
0.728
0.596
0.774
0.965
0.636
0.719
0.615
0.89
0.932
0.937
0.829
0.847
0.939
0.931
0.871
0.803
0.827
0.848
0.902
0.84
0.769
0.903
0.913
0.866
0.886
0.814
0.793
0.813
0.836
0.81
0.906
0.923
0.918
0.911
0.891
0.816
0.648
0.795
0.857
0.883
0.877
0.931
0.796
0.723
0.748
0.759
0.917
0.87
0.889
0.868
0.824
0.813
0.69
0.741
0.9
0.715
0.653
0.686
0.766
0.835
0.708
0.786
0.838
0.799
0.756
0.781
0.764
0.724
0.719
0.758
0.86
0.912
0.828
0.643
0.757
0.767
0.839
0.879
0.847
0.834
0.828
0.802
0.765
0.707
0.599
0.579
0.646
0.728
0.727
0.652
0.588
0.742
0.833
0.767
0.705
0.682
0.647
0.655
0.835
0.793
0.646
0.621
0.622
0.861
0.643
0.665
0.704
0.766
0.82
0.839
0.717
0.771
0.908
0.822
0.881
0.828
0.698
0.709
0.533
0.521
0.691
0.769
0.6
0.622
0.68
0.7
0.68
0.547
0.571
0.782
0.749
0.727
0.699
0.75
0.751
0.665
0.693
0.627
0.748
0.892
0.691
0.656
0.704
0.752
0.667
0.574
0.545
0.532
0.537
0.706
0.758
0.669
0.67
0.716
0.66
0.727
0.718
0.675
0.635
0.657
0.744
0.673
0.572
0.663
0.625
0.556
0.596
0.64
0.635
0.663
0.715
0.667
0.66
0.682
0.674
0.638
0.763
0.722
0.634
0.66
0.654
0.658
0.717
0.717
0.633
0.557
0.676
0.786
0.855
0.738
0.603
0.635
0.684
0.603
0.6
0.714
0.785
0.663
0.559
0.529
0.672
0.489
0.431
0.611
0.761
0.643
0.571
0.634
0.772
0.811
0.877
0.723
0.666
0.782
0.704
0.68
0.74
0.631
0.548
0.576
0.559
0.533
0.488
0.49
0.529
0.524
0.737
0.777
0.734
0.66
0.583
0.727
0.858
0.84
0.866
0.826
0.731
0.694
0.78
0.685
0.601
0.584
0.621
0.647
0.753
0.633
0.555
0.58
0.829
0.612
0.581
0.596
0.812
0.737
0.627
0.671
0.849
0.852
0.815
0.654
0.681
0.738
0.907
0.857
0.704
0.85
0.795
0.736
0.657
0.674
0.715
0.596
0.663
0.703
0.834
0.802
0.719
0.652
0.703
0.679
0.834
0.74
0.693
0.75
0.747
0.658
0.818
0.834
0.809
0.78
0.875
0.896
0.781
0.73
0.745
0.725
0.698
0.708
0.767
0.782
0.739
0.721
0.627
0.754
0.658
0.621
0.781
0.739
0.762
0.784
0.736
0.697
0.713
0.702
0.767
0.676
0.634
0.75
0.651
0.653
0.703
0.73
0.839
0.873
0.901
0.934
0.809
0.77
0.864
0.949
0.922
0.901
0.714
0.706
0.71
0.743
0.779
0.865
0.873
0.85
0.797
0.828
0.845
0.754
0.811
0.894
0.926
0.923
0.908
0.928
0.938
0.912
0.909
0.904
0.867
0.914
0.898
0.949
0.941
0.91
0.902
0.894
0.896
0.935
0.921
0.958
0.808
0.663
0.677
0.75
0.559
0.712
0.722
0.477
0.493
0.747
0.764
0.733
0.84
0.804
0.946
0.932
0.878
0.838
0.579
0.769
0.821
0.844
0.934
0.896
0.913
0.93
0.912
0.886
0.881
0.8
0.808
0.832
0.846
0.509
0.62
0.586
0.819
0.538
0.644
0.917
0.931
0.878
0.831
0.96
0.983
0.944
0.902
0.848
0.734
0.735
0.743
0.906
0.888
0.829
0.767
0.759
0.842
0.885
0.75
0.64
0.684
0.903
0.72
0.877
0.817
0.687
0.644
0.739
0.745
0.799
0.88
0.857
0.802
0.733
0.64
0.511
0.637
0.702
0.552
0.583
0.454
0.627
0.613
0.658
0.717
0.774
0.896
0.953
0.901
0.862
0.777
0.815
0.833
0.83
0.868
0.813
0.69
0.635
0.713
0.544
0.879
0.753
0.613
0.49
0.771
0.853
0.754
0.677
0.624
0.582
0.601
0.686
0.712
0.761
0.788
0.622
0.646
0.819
0.708
0.62
0.581
0.657
0.573
0.703
0.823
0.819
0.723
0.688
0.682
0.782
0.762
0.683
0.608
0.747
0.801
0.755
0.672
0.665
0.769
0.775
0.782
0.665
0.745
0.863
0.852
0.758
0.761
0.886
0.803
0.719
0.804
0.759
0.684
0.735
0.709
0.72
0.77
0.71
0.656
0.65
0.711
0.689
0.735
0.751
0.776
0.786
0.774
0.801
0.877
0.907
0.834
0.737
0.828
0.803
0.841
0.79
0.796
0.838
0.808
0.818
0.833
0.861
0.799
0.772
0.759
0.76
0.804
0.836
0.797
0.806
0.818
0.827
0.79
0.689
0.811
0.807
0.772
0.686
0.74
0.812
0.777
0.803
0.707
0.654
0.728
0.843
0.809
0.797
0.671
0.779
0.725
0.696
0.663
0.589
0.585
0.667
0.701
0.65
0.556
0.59
0.645
0.651
0.616
0.545
0.484
0.558
0.677
0.738
0.638
0.594
0.682
0.641
0.656
0.51
0.558
0.533
0.483
0.627
0.683
0.522
0.496
0.561
0.68
0.579
0.477
0.683
0.623
0.619
0.634
0.65
0.761
0.683
0.788
0.729
0.733
0.73
0.742
0.714
0.763
0.815
0.68
0.634
0.667
0.793
0.781
0.804
0.821
0.673
0.647
0.667
0.749
0.786
0.725
0.738
0.767
0.722
0.773
0.711
0.786
0.649
0.624
0.642
0.629
0.626
0.666
0.614
0.687
0.681
0.727
0.744
0.907
0.827
0.843
0.75
0.624
0.676
0.748
0.813
0.603
0.591
0.671
0.695
0.653
0.685
0.567
0.57
0.798
0.89
0.748
0.616
0.648
0.664
0.928
0.758
0.52
0.652
0.749
0.754
0.644
0.712
0.76
0.831
0.86
0.874
0.868
0.834
0.744
0.744
0.831
0.919
0.847
0.877
0.844
0.906
0.94
0.94
0.884
0.949
0.926
0.927
0.954
0.981
0.97
0.863
0.643
0.758
0.89
0.875
0.815
0.846
0.761
0.758
0.899
0.936
0.795
0.831
0.926
1.022
0.82
0.914
0.946
0.961
0.973
0.935
0.884
0.943
0.842
0.805
0.926
0.869
0.916
0.942
0.87
0.829
0.847
0.81
0.863
0.791
0.9
0.784
0.848
0.824
0.806
0.916
0.94
0.908
0.906
0.921
0.892
0.851
0.894
0.905
0.805
0.765
0.879
0.937
0.891
0.843
0.886
0.876
0.898
0.887
0.897
0.87
0.806
0.865
0.888
0.864
0.779
0.782
0.72
0.835
0.892
0.82
0.858
0.832
0.886
0.929
0.891
0.889
0.868
0.904
0.943
0.857
0.839
0.871
0.76
0.752
0.847
0.93
0.875
0.793
0.8
0.687
0.438
0.62
0.536
0.59
0.833
0.889
0.781
0.559
0.647
0.711
0.845
0.967
0.765
0.565
0.783
0.84
0.73
0.658
0.76
0.548
0.676
0.73
0.892
0.58
0.619
0.608
0.733
0.651
0.473
0.668
0.703
0.548
0.776
0.702
0.733
0.804
0.821
0.879
0.815
0.838
0.779
0.682
0.661
0.754
0.75
0.733
0.679
0.694
0.551
0.658
0.686
0.781
0.86
0.778
0.682
0.563
0.51
0.55
0.688
0.656
0.665
0.609
0.508
0.546
0.674
0.788
0.817
0.742
0.628
0.643
0.676
0.756
0.796
0.771
0.634
0.599
0.72
0.779
0.743
0.778
0.753
0.725
0.678
0.674
0.636
0.617
0.689
0.782
0.827
0.796
0.719
0.735
0.734
0.763
0.759
0.765
0.725
0.744
0.762
0.751
0.739
0.783
0.684
0.574
0.663
0.777
0.794
0.73
0.74
0.732
0.659
0.751
0.693
0.688
0.693
0.607
0.533
0.807
0.801
0.754
0.703
0.639
0.669
0.541
0.506
0.718
0.749
0.673
0.722
0.556
0.476
0.621
0.622
0.565
0.598
0.721
0.601
0.535
0.605
0.648
0.847
0.836
0.727
0.627
0.567
0.583
0.776
0.768
0.668
0.614
0.574
0.679
0.715
0.711
0.641
0.528
0.6
0.641
0.575
0.561
0.697
0.679
0.647
0.565
0.5
0.512
0.687
0.542
0.563
0.607
0.656
0.779
0.719
0.739
0.582
0.619
0.746
0.545
0.573
0.631
0.565
0.65
0.664
0.583
0.615
0.581
0.672
0.684
0.66
0.534
0.65
0.7
0.602
0.672
0.783
0.637
0.632
0.801
0.713
0.614
0.695
0.639
0.641
0.75
0.789
0.865
0.842
0.759
0.789
0.651
0.705
0.841
0.763
0.759
0.639
0.653
0.626
0.58
0.665
0.626
0.686
0.716
0.792
0.666
0.509
0.664
0.773
0.786
0.813
0.707
0.707
0.615
0.679
0.773
0.695
0.661
0.628
0.646
0.893
0.81
0.861
0.814
0.781
0.931
0.872
0.945
0.707
0.711
0.779
0.7
0.635
0.891
0.861
0.655
0.811
0.715
0.824
0.894
0.84
0.633
0.865
0.838
0.711
0.858
0.886
0.911
0.865
0.927
0.823
0.735
0.824
0.774
0.748
0.761
0.913
0.979
0.854
0.84
0.9
0.902
0.667
0.589
0.52
0.512
0.599
0.871
0.965
0.691
0.792
0.797
0.833
0.833
0.799
0.865
0.935
0.918
0.922
0.952
0.929
0.925
0.954
0.95
0.954
0.957
0.933
0.947
0.965
0.958
0.887
0.907
0.922
0.875
0.854
0.849
0.938
0.923
0.945
0.945
0.824
0.933
0.931
0.927
0.954
0.931
0.989
0.902
0.805
0.872
0.742
0.868
0.917
0.844
0.822
0.734
0.904
0.917
0.781
0.905
0.862
0.87
0.775
0.725
0.914
0.88
0.901
0.936
0.748
0.831
0.962
0.97
0.945
0.889
0.887
0.78
0.87
0.891
0.805
0.774
0.805
0.614
0.62
0.772
0.708
0.629
0.612
0.689
0.85
0.873
0.739
0.543
0.558
0.72
0.735
0.692
0.699
0.906
0.719
0.668
0.659
0.955
0.917
0.88
0.842
0.717
0.568
0.661
0.623
0.484
0.777
0.741
0.503
0.734
0.912
0.666
0.739
0.683
0.615
0.718
0.744
0.797
0.731
0.61
0.792
0.73
0.545
0.507
0.6
0.776
0.853
0.708
0.605
0.601
0.628
0.648
0.785
0.727
0.663
0.745
0.772
0.766
0.703
0.73
0.747
0.636
0.622
0.514
0.471
0.666
0.725
0.733
0.737
0.741
0.723
0.952
0.83
0.799
0.804
0.762
0.682
0.803
0.745
0.758
0.733
0.688
0.72
0.712
0.823
0.777
0.765
0.817
0.806
0.836
0.834
0.79
0.79
0.736
0.801
0.737
0.743
0.801
0.915
0.869
0.785
0.774
0.813
0.81
0.772
0.754
0.688
0.775
0.822
0.872
0.914
0.843
0.766
0.796
0.849
0.837
0.841
0.751
0.837
0.835
0.838
0.82
0.82
0.75
0.676
0.734
0.768
0.812
0.752
0.754
0.784
0.796
0.764
0.761
0.807
0.835
0.79
0.785
0.752
0.775
0.813
0.829
0.835
0.82
0.798
0.791
0.849
0.831
0.768
0.821
0.85
0.828
0.825
0.744
0.648
0.753
0.813
0.804
0.854
0.795
0.74
0.772
0.852
0.788
0.789
0.82
0.794
0.796
0.814
0.769
0.73
0.763
0.797
0.689
0.726
0.798
0.749
0.708
0.682
0.637
0.666
0.762
0.835
0.749
0.695
0.734
0.731
0.776
0.768
0.755
0.734
0.838
0.892
0.805
0.741
0.756
0.833
0.859
0.812
0.831
0.728
0.677
0.788
0.715
0.658
0.676
0.776
0.737
0.637
0.704
0.654
0.652
0.526
0.517
0.535
0.655
0.756
0.774
0.74
0.635
0.701
0.937
0.777
0.791
0.719
0.797
0.667
0.605
0.647
0.735
0.767
0.68
0.627
0.626
0.855
0.793
0.83
0.663
0.654
0.686
0.684
0.646
0.638
0.837
0.561
0.595
0.793
0.727
0.865
0.74
0.704
0.872
0.897
0.826
0.864
0.902
0.873
0.772
0.788
0.802
0.722
0.815
0.84
0.882
0.87
0.789
0.801
0.872
0.777
0.859
0.819
0.827
0.687
0.572
0.615
0.795
0.908
0.946
0.834
0.636
0.877
0.959
0.903
0.904
0.901
0.828
0.75
0.729
0.823
0.644
0.574
0.56
0.583
0.786
0.951
0.954
0.783
0.859
0.851
0.961
0.962
0.926
0.721
0.623
0.615
0.748
0.862
0.862
0.758
0.833
0.797
0.894
0.78
0.779
0.808
0.727
0.906
0.91
0.804
0.912
0.836
0.647
0.696
0.694
0.848
0.889
0.731
0.657
0.719
0.637
0.631
0.896
0.928
0.86
0.763
0.756
0.743
0.825
0.808
0.788
0.954
0.915
0.768
0.809
0.834
0.805
0.86
0.729
0.665
0.864
0.861
0.856
0.793
0.753
0.774
0.961
0.88
0.734
0.821
0.908
0.884
0.789
0.642
0.67
0.769
0.621
0.681
0.709
0.774
0.92
0.865
0.779
0.815
0.9
0.753
0.633
0.911
0.875
0.764
0.613
0.846
0.578
0.663
0.892
0.745
0.792
0.668
0.928
0.696
0.699
0.771
0.79
0.634
0.58
0.537
0.583
0.689
0.703
0.787
0.787
0.637
0.689
0.787
0.828
0.861
0.891
0.857
0.901
0.941
0.804
0.697
0.801
0.705
0.623
0.676
0.724
0.893
0.893
0.817
0.79
0.834
0.714
0.658
0.786
0.734
0.6
0.608
0.801
0.654
0.628
0.52
0.572
0.705
0.719
0.642
0.679
0.664
0.612
0.688
0.696
0.632
0.694
0.83
0.697
0.714
0.659
0.627
0.598
0.699
0.681
0.651
0.672
0.766
0.754
0.743
0.57
0.509
0.723
0.725
0.674
0.842
0.736
0.598
0.66
0.733
0.751
0.673
0.589
0.684
0.678
0.626
0.761
0.796
0.749
0.772
0.73
0.758
0.728
0.689
0.713
0.756
0.762
0.756
0.79
0.731
0.772
0.729
0.687
0.668
0.77
0.743
0.726
0.752
0.723
0.653
0.709
0.744
0.801
0.774
0.752
0.729
0.681
0.675
0.648
0.627
0.543
0.562
0.62
0.552
0.748
0.743
0.798
0.859
0.848
0.859
0.841
0.804
0.765
0.779
0.806
0.733
0.639
0.691
0.83
0.757
0.735
0.787
0.757
0.665
0.706
0.778
0.728
0.691
0.668
0.618
0.657
0.66
0.718
0.733
0.807
0.736
0.596
0.629
0.83
0.707
0.687
0.84
0.796
0.726
0.661
0.632
0.619
0.693
0.737
0.655
0.709
0.596
0.771
0.851
0.901
0.834
0.719
0.755
0.734
0.682
0.681
0.636
0.67
0.684
0.673
0.631
0.646
0.738
0.608
0.675
0.815
0.773
0.76
0.724
0.83
0.854
0.723
0.734
0.76
0.701
0.763
0.864
0.797
0.781
0.867
0.745
0.727
0.681
0.764
0.74
0.72
0.769
0.647
0.756
0.802
0.713
0.745
0.703
0.714
0.738
0.72
0.79
0.726
0.686
0.791
0.686
0.721
0.715
0.672
0.85
0.838
0.789
0.757
0.768
0.869
0.818
0.75
0.777
0.771
0.729
0.824
0.874
0.81
0.651
0.744
0.677
0.851
0.913
0.907
0.921
0.873
0.883
0.923
0.913
0.875
0.89
0.864
0.866
0.892
0.895
0.939
1.015
0.908
0.768
0.869
0.811
0.665
0.834
0.921
0.979
0.855
0.705
0.702
0.622
0.634
0.783
0.873
0.895
0.977
0.752
0.695
0.719
0.766
0.918
0.932
0.895
0.939
0.883
0.867
0.993
0.925
0.882
0.854
0.828
0.744
0.792
0.666
0.864
0.884
0.686
0.721
0.626
0.6
0.842
0.956
0.918
0.703
0.678
0.83
0.898
0.68
0.692
0.791
0.638
0.67
0.77
0.782
0.749
0.782
0.818
0.837
0.795
0.822
0.53
0.643
0.767
0.896
0.706
0.548
0.491
0.607
0.79
0.893
0.616
0.64
0.554
0.416
0.449
0.561
0.811
0.636
0.605
0.633
0.921
0.842
0.794
0.794
0.58
0.536
0.827
0.869
0.974
0.874
0.863
0.795
0.883
0.959
0.808
0.624
0.73
0.919
0.85
0.955
0.763
0.66
0.541
0.665
0.706
0.749
0.688
0.769
0.625
0.713
0.629
0.545
0.695
0.778
0.819
0.751
0.602
0.623
0.836
0.763
0.697
0.752
0.908
0.861
0.778
0.822
0.753
0.85
0.972
0.805
0.726
0.666
0.633
0.758
0.853
0.829
0.705
0.729
0.7
0.63
0.703
0.719
0.782
0.878
0.841
0.755
0.636
0.82
0.878
0.796
0.837
0.819
0.725
0.701
0.698
0.704
0.627
0.625
0.628
0.756
0.77
0.772
0.657
0.659
0.695
0.704
0.702
0.718
0.726
0.72
0.651
0.606
0.731
0.735
0.722
0.707
0.684
0.878
0.78
0.701
0.662
0.684
0.653
0.762
0.795
0.82
0.743
0.757
0.756
0.775
0.787
0.804
0.794
0.67
0.798
0.826
0.849
0.838
0.826
0.819
0.784
0.796
0.807
0.8
0.775
0.802
0.758
0.818
0.808
0.787
0.746
0.766
0.826
0.747
0.726
0.683
0.717
0.752
0.797
0.791
0.795
0.786
0.775
0.716
0.752
0.726
0.804
0.838
0.794
0.75
0.793
0.808
0.858
0.846
0.827
0.756
0.763
0.812
0.766
0.68
0.628
0.614
0.698
0.846
0.806
0.792
0.795
0.719
0.771
0.756
0.726
0.809
0.742
0.76
0.743
0.698
0.659
0.717
0.73
0.835
0.863
0.756
0.709
0.684
0.715
0.8
0.751
0.709
0.685
0.597
0.593
0.635
0.588
0.617
0.673
0.594
0.656
0.538
0.536
0.562
0.673
0.771
0.847
0.755
0.746
0.856
0.801
0.882
0.876
0.78
0.709
0.81
0.704
0.581
0.633
0.661
0.59
0.61
0.625
0.729
0.837
0.775
0.685
0.691
0.843
0.819
0.768
0.65
0.647
0.879
0.855
0.799
0.923
0.894
0.75
0.736
0.706
0.603
0.542
0.63
0.805
0.753
0.824
0.88
0.772
0.933
0.881
0.681
0.706
0.718
0.687
0.724
0.772
0.734
0.808
0.723
0.732
0.829
0.831
0.801
0.829
0.724
0.771
0.577
0.625
0.575
0.633
0.744
0.716
0.784
0.648
0.871
0.892
0.875
0.865
0.926
0.886
0.823
0.756
0.893
0.883
0.847
0.842
0.763
0.767
0.706
0.808
0.852
0.842
0.85
0.857
0.881
0.824
0.716
0.752
0.796
0.919
0.979
0.978
0.976
1.016
0.731
0.638
0.851
0.864
0.845
0.887
0.92
0.905
0.94
0.95
0.95
0.86
0.749
0.74
0.844
0.873
0.912
0.551
0.577
0.785
0.451
0.512
0.744
0.848
0.856
0.877
0.809
0.92
0.947
0.947
0.884
0.921
0.91
0.961
0.928
0.748
0.837
0.907
0.923
0.958
0.882
0.913
0.94
0.865
0.699
0.613
0.774
0.964
0.798
0.732
0.74
0.718
0.794
0.857
0.615
0.648
0.597
0.606
0.66
0.701
0.63
0.712
0.593
0.625
0.642
0.628
0.699
0.714
0.642
0.656
0.688
0.627
0.661
0.862
0.916
0.941
0.858
0.779
0.791
0.639
0.907
0.911
0.62
0.73
0.587
0.566
0.606
0.723
0.703
0.801
0.731
0.878
0.951
0.89
0.78
0.755
0.794
0.681
0.534
0.598
0.728
0.829
0.885
0.744
0.596
0.814
0.637
0.58
0.617
0.697
0.805
0.802
0.674
0.67
0.733
0.589
0.603
0.761
0.83
0.907
0.916
0.87
0.789
0.801
0.749
0.831
0.824
0.813
0.814
0.83
0.793
0.658
0.559
0.65
0.712
0.62
0.648
0.777
0.826
0.755
0.876
0.838
0.744
0.745
0.73
0.684
0.698
0.79
0.918
0.879
0.807
0.799
0.666
0.589
0.655
0.688
0.701
0.833
0.856
0.821
0.889
0.923
0.836
0.828
0.8
0.825
0.809
0.701
0.738
0.725
0.775
0.726
0.774
0.699
0.763
0.664
0.712
0.726
0.762
0.74
0.651
0.691
0.687
0.718
0.754
0.78
0.713
0.648
0.775
0.818
0.84
0.881
0.807
0.765
0.777
0.778
0.755
0.698
0.694
0.808
0.84
0.782
0.762
0.747
0.737
0.773
0.809
0.82
0.827
0.826
0.747
0.721
0.707
0.78
0.842
0.835
0.856
0.829
0.78
0.792
0.849
0.794
0.735
0.718
0.802
0.864
0.822
0.801
0.811
0.833
0.818
0.764
0.757
0.761
0.742
0.673
0.803
0.774
0.82
0.919
0.931
0.834
0.779
0.861
0.822
0.809
0.802
0.768
0.754
0.755
0.772
0.733
0.748
0.657
0.847
0.873
0.801
0.632
0.689
0.698
0.693
0.715
0.759
0.787
0.825
0.868
0.845
0.874
0.799
0.688
0.723
0.855
0.769
0.773
0.648
0.809
0.644
0.707
0.611
0.655
0.714
0.671
0.66
0.737
0.675
0.614
0.728
0.935
0.934
0.817
0.701
0.833
0.939
0.905
0.794
0.719
0.811
0.834
0.711
0.677
0.82
0.711
0.667
0.711
0.783
0.653
0.807
0.915
0.905
0.864
0.93
0.859
0.753
0.633
0.697
0.882
0.896
0.928
0.742
0.77
0.782
0.896
0.949
0.89
0.841
0.735
0.735
0.75
0.617
0.577
0.644
0.834
0.817
0.831
0.848
0.843
0.879
0.879
0.859
0.821
0.794
0.902
0.978
0.875
0.833
0.747
0.685
0.775
0.837
0.917
0.82
0.752
0.882
0.951
0.883
0.787
0.793
0.802
0.882
0.814
0.935
0.717
0.548
0.639
0.692
0.884
0.872
0.921
0.89
0.862
0.916
0.877
0.879
0.774
0.837
0.924
0.921
0.78
0.786
0.855
0.907
0.869
0.779
0.835
0.861
0.996
0.906
0.926
0.934
0.945
0.997
0.838
0.494
0.662
0.917
0.971
0.767
0.789
0.864
0.705
0.801
0.857
0.69
0.89
0.871
0.774
0.847
0.919
0.603
0.504
0.688
0.643
0.685
0.788
0.757
0.62
0.501
0.533
0.587
0.566
0.745
0.901
0.781
0.698
0.674
0.844
0.894
0.809
0.672
0.668
0.58
0.546
0.843
0.83
0.66
0.652
0.763
0.597
0.523
0.672
0.889
0.975
0.78
0.61
0.638
0.684
0.615
0.86
0.834
0.755
0.736
0.63
0.691
0.788
0.822
0.701
0.826
0.801
0.726
0.84
0.777
0.956
0.951
0.793
0.627
0.699
0.767
0.733
0.911
0.765
0.805
0.83
0.938
0.883
0.856
0.888
0.917
0.771
0.637
0.773
0.86
0.847
0.841
0.778
0.914
0.918
0.734
0.642
0.669
0.805
0.864
0.738
0.845
0.792
0.792
0.775
0.803
0.79
0.782
0.816
0.837
0.834
0.808
0.717
0.699
0.808
0.68
0.668
0.758
0.846
0.814
0.84
0.863
0.871
0.725
0.579
0.817
0.776
0.843
0.938
0.933
0.917
0.816
0.871
0.803
0.75
0.726
0.742
0.769
0.733
0.656
0.69
0.735
0.762
0.716
0.766
0.786
0.767
0.745
0.786
0.852
0.784
0.797
0.791
0.766
0.807
0.764
0.761
0.723
0.812
0.862
0.819
0.824
0.793
0.821
0.854
0.758
0.745
0.688
0.711
0.744
0.781
0.796
0.822
0.802
0.846
0.804
0.738
0.773
0.745
0.807
0.821
0.806
0.795
0.781
0.688
0.794
0.844
0.82
0.84
0.821
0.8
0.815
0.836
0.79
0.821
0.857
0.776
0.778
0.754
0.847
0.917
0.806
0.807
0.823
0.767
0.844
0.864
0.806
0.832
0.774
0.784
0.843
0.821
0.802
0.779
0.766
0.844
0.843
0.822
0.743
0.785
0.861
0.79
0.761
0.791
0.755
0.677
0.759
0.758
0.694
0.697
0.628
0.785
0.896
0.861
0.745
0.808
0.87
0.827
0.756
0.755
0.634
0.621
0.715
0.768
0.79
0.79
0.593
0.689
0.628
0.8
0.795
0.712
0.683
0.663
0.735
0.739
0.598
0.634
0.73
0.862
0.843
0.744
0.794
0.929
0.943
0.79
0.732
0.68
0.663
0.745
0.645
0.734
0.586
0.519
0.711
0.87
0.817
0.771
0.872
0.919
0.883
0.789
0.821
0.885
0.861
0.858
0.846
0.773
0.829
0.857
0.854
0.852
0.794
0.835
0.778
0.827
0.87
0.837
0.837
0.777
0.774
0.73
0.726
0.949
0.857
0.549
0.605
0.717
0.865
0.789
0.745
0.824
0.813
0.754
0.897
0.862
0.882
0.855
0.905
0.846
0.902
0.911
0.888
0.974
0.937
0.832
0.895
0.869
0.938
0.936
0.8
0.788
0.688
0.733
0.57
0.885
0.978
0.945
0.887
0.903
0.886
0.848
0.564
0.881
0.891
0.878
0.922
0.918
0.809
0.907
0.967
0.936
0.936
0.905
0.811
0.825
0.791
0.875
0.876
0.889
0.918
0.715
0.936
0.895
0.859
0.836
0.902
0.91
0.799
0.869
0.742
0.719
0.842
0.892
0.913
0.799
0.668
0.548
0.591
0.678
0.865
0.956
0.926
0.724
0.611
0.749
0.833
0.867
0.921
0.863
0.73
0.842
0.745
0.666
0.733
0.861
0.822
0.797
0.823
0.713
0.745
0.754
0.778
0.755
0.93
0.947
0.676
0.685
0.879
0.772
0.807
0.722
0.899
0.957
0.888
0.838
0.905
0.876
0.713
0.573
0.677
0.846
0.706
0.783
0.804
0.734
0.682
0.673
0.695
0.87
0.579
0.657
0.599
0.718
0.776
0.753
0.695
0.735
0.662
0.844
0.88
0.76
0.848
0.621
0.73
0.818
0.855
0.808
0.642
0.699
0.697
0.745
0.656
0.643
0.721
0.604
0.681
0.825
0.706
0.615
0.796
0.781
0.81
0.866
0.906
0.934
0.742
0.803
0.912
0.839
0.774
0.711
0.664
0.705
0.803
0.81
0.77
0.671
0.58
0.72
0.765
0.672
0.648
0.666
0.701
0.656
0.675
0.747
0.724
0.669
0.722
0.644
0.755
0.731
0.643
0.611
0.64
0.594
0.614
0.667
0.752
0.741
0.696
0.708
0.819
0.807
0.742
0.697
0.743
0.646
0.604
0.711
0.624
0.649
0.632
0.702
0.66
0.683
0.777
0.77
0.767
0.723
0.697
0.765
0.762
0.652
0.774
0.792
0.789
0.816
0.791
0.796
0.751
0.72
0.805
0.775
0.69
0.756
0.752
0.85
0.911
0.786
0.78
0.714
0.61
0.658
0.645
0.718
0.719
0.732
0.691
0.702
0.772
0.759
0.745
0.654
0.637
0.603
0.524
0.517
0.485
0.543
0.558
0.56
0.535
0.602
0.644
0.822
0.72
0.689
0.747
0.775
0.644
0.64
0.588
0.669
0.776
0.808
0.851
0.875
0.828
0.799
0.807
0.741
0.632
0.624
0.698
0.662
0.607
0.561
0.565
0.548
0.607
0.609
0.591
0.643
0.674
0.767
0.751
0.636
0.693
0.677
0.522
0.705
0.746
0.619
0.612
0.604
0.497
0.644
0.773
0.826
0.693
0.553
0.698
0.623
0.456
0.478
0.863
0.885
0.857
0.866
0.819
0.824
0.774
0.809
0.745
0.778
0.823
0.799
0.623
0.742
0.608
0.64
0.709
0.692
0.708
0.674
0.579
0.598
0.683
0.792
0.793
0.763
0.719
0.79
0.621
0.666
0.602
0.552
0.623
0.726
0.861
0.82
0.658
0.849
0.925
0.873
0.813
0.702
0.817
0.777
0.822
0.716
0.816
0.829
0.735
0.773
0.695
0.795
0.837
0.819
0.938
0.849
0.756
0.568
0.725
0.913
0.891
0.853
0.9
0.912
0.86
0.762
0.771
0.687
0.734
0.865
0.874
0.696
0.85
0.891
