1980 1 1
0
0.2153
0.4003
0.9396
0.7927
0.1517
0.4536
0
0
0
12.2646
0.0956
0
1.324
0.0043
0.0438
0.9871
0
0
0
0
0.0315
1.8678
0.9906
1.3161
0
0
0
0
0.03
0.0716
0
0
0
1e-04
0
0.3106
1e-04
0
0.8387
0.0308
0.041
0
0
0
4.5523
1.6868
0
0
0.041
0.0345
1.035
12.1844
0.0037
0
1.1143
1.2377
0.0714
1.516
0.1502
0.03
2e-04
2e-04
0.0306
5.4661
0.0455
2.766
14.7805
0.1004
0.067
0.1064
0
1.9106
1.9728
0.1538
0.3123
14.0312
0.4393
0
0.8203
23.1504
0.0073
0
10.6396
0.3687
0
0.2259
4.3327
8.07
1.8697
6.3557
1.499
0.5429
2.4779
8.7194
0.0349
0
0.6645
6.9659
3.586
1.1341
0.3518
5.0379
0.3654
19.9875
1.5143
0.2657
0
0
0
0
0.034
0
0
0.2037
0.5582
0.1194
4.0599
15.4944
0.3843
0
0
0
0
0
0
0.0451
0
0.2742
7e-04
1.7158
3.1957
7.8316
5.8447
1.9992
2.7411
0.9641
23.3072
11.4551
0.4443
0
0
0.35
1.3492
8.3178
0.3723
8e-04
0
0
4.9757
8.3052
8.5697
22.1204
16.9094
4.6406
0.504
0.081
3.7175
14.4927
2.8564
0.2205
0.3331
0
0
0.4101
6.9331
10.6393
5.1662
0
0.2965
8.2288
1.3392
0
0
1.2289
5.8063
0
0.1929
0.179
0.0438
0.2498
0.001
0.7556
0
4.6256
17.5827
11.0889
2.0564
1.703
3.9517
9.5916
2.5446
2.6218
9.6793
1.774
0.2314
0.3755
1.1596
0.9219
0
1.9482
0.5778
5.4842
32.1066
3.5525
0
0
0.4296
3.9065
18.5288
4.0675
0.5372
0.0302
0.1131
6.9526
2.4835
0.2275
5.2663
0.9745
0.0057
4.0288
1.6969
9.6502
12.5603
4.6135
1.534
17.6752
5.9114
2.6189
10.692
1.4747
1.4227
24.5578
9.5813
2.4575
0
0
0
0
0
3.6304
1.9097
7.9637
13.6633
4.9928
1.7795
1.017
9.6936
0.9656
0
0
0.1584
2.9713
0.6438
0
0.1419
1.9538
0.4681
0.0742
0.4088
13.7447
0.2617
0
2e-04
0.9588
3.5038
5.0794
0
1.2294
0.8985
0
0
0
0
0.0016
8.2167
1.9666
0.2031
9e-04
9e-04
0
0
0
0
0.495
0.2087
0.3566
0.073
0.4414
0.7977
3.3582
2.0396
0.0509
0.0747
0
0
0
3.9664
7.7816
0.0088
0.1163
9.462
0
0
0
0
0
0.0389
0.245
0.3004
0
0
0.7269
0
0
0
0
0.7527
5.296
0.4382
0
1.9877
0.4822
0
0
0
0.1414
0.624
1.5038
0.046
0
8.7974
1.1408
1.9209
0.178
0.0221
4.9304
0.0399
0
0.0246
1.8395
6.8501
9.0524
4.1554
0.1077
0.3118
0.5462
0.0204
0.0012
0.0395
0.0144
0
1.0085
0.1691
0
0
0
0
5.312
0
0
1.029
0.0272
9.3809
0.3038
6.6803
0.7969
0.7962
0.901
0.0122
1.0783
3.4835
2.1265
0.0579
0
0.0587
0.0836
0.0085
0
0.1151
0.0584
1.1153
0.0389
4e-04
0
0
0
0
0
0
0
0.3468
0.2536
0
0
0
0
11.1662
1.5672
0.3576
0.2161
0.0926
1.1396
0.0373
0.0399
0.0316
14.491
11.3245
0.0046
0
0
0
2.6122
0.427
0.0386
8.2424
4.9799
0
1.6004
4.0418
0.6094
0.0647
0
0.0144
1.2654
0
0.0811
0
1.0226
0.4547
0
0
0
0
0.0078
0.0242
0
0
0
0
1.2529
0.0547
0.2578
0.9427
0.8856
0
0
0
0
0
5.1108
2.2596
0.7179
0.3267
5.2413
0
0.0629
0
2.7882
5.158
0.4466
0.0515
0
0.297
8.1319
3.1727
4.5568
8.1896
5.0058
23.1739
0.2625
0.1723
5.8563
2.8675
0.3767
0.4142
0
2.3142
6.362
0.6834
0.0184
0.0323
0.0026
17.0687
9.4158
0.2302
0.232
0.076
0
0.1704
1.9216
5.8004
0
0
2.6883
16.3827
5.4205
1.7483
0
15.1314
7.0491
0.0682
0
0
0
0
0
0.1522
0.0381
1.1727
1.2381
4.6051
12.0862
6.1076
0.1754
6.1313
0.1653
0.2675
0.0739
4.3165
5.4191
6.1752
4.9964
0
10.3332
43.1997
9.1379
0
8.1573
45.6725
10.4277
0.2488
2.0975
0.2387
0
0
3.7479
16.9442
23.8539
0.0117
3.6525
22.2185
0
0
0
0.5182
0.0478
0.1341
1.8934
2.6472
0.261
0.106
0
0
0
7e-04
0.003
0
0.0168
0.075
0.016
0
0
0
0
6.2854
17.3246
2.0212
0.1494
0
0
0
22.995
2.7832
11.2604
0.1745
0
0
0
0.4619
7.2299
2.4564
0.4272
0.4868
0.6804
0.9546
0.1442
1.364
4.8765
0.6589
0
0.0715
1.2679
0
0
0
0
0
0
0
0
0
0
0.0203
0.7354
3.8886
11.2282
29.5571
15.0696
4.3046
13.2965
31.0847
19.4044
0.3217
0
0.3452
4.4909
0
0
0
0
0
1.0113
4.4255
5.607
10.448
1.6977
0.1607
0
0.8003
1.8509
0
0
0.4349
2.3452
7.7108
0
3.48
10.3203
1.6762
0.0649
0
0.041
0.3847
16.9564
0.0269
0
0.0242
0
0
0
0
0.0705
0.0397
0
1.1816
17.1735
0.9437
0.1763
7.1177
8.0234
6.7429
0.2419
0.091
11.9099
34.4432
2.5494
0
0
0
0
0.0289
0
0
3.3845
0.9246
0.3215
0
0
0
0
0
0
0
0
2e-04
0.0642
0.3102
6.3041
14.922
0.7274
0
0.8695
3.3125
0
1.1927
1.748
0
0
0
5.2396
0.3
0
5.2713
0.0972
0
0.6693
1.8581
0.1748
0
0
0
0.0133
0.0072
0
0.2387
4.5607
0.1339
0.1657
0.3469
6.9479
6.4752
21.2428
0
0
0.0026
7.0602
4.1923
0.3681
1.5105
1.414
0.6823
1e-04
3.1741
11.0472
0.6486
0.5287
1.8749
0.3423
1.2964
0.1936
0.3993
0.3176
2.514
0.1367
0.9323
2.3908
0.2251
0.0893
0.019
0.0419
2.0025
1.5051
13.3245
0.699
0.4904
0.1736
0
0.2631
0
33.7111
13.5784
2.3736
5.5247
7.346
1.3537
2.3665
0.4205
0.0815
0
4.8957
0.0011
0.1084
0
0.7201
0
0.0191
0.521
3.2566
0.436
3.7713
0.0789
0.0752
0.0049
0.0705
5.3865
0
0
0
0
3.7748
2.225
1.4709
19.7257
0.5589
0.0953
0.4941
2.2166
1.5523
2.4672
5.5856
0.5204
9.4696
2e-04
2.0938
13.749
0.328
0
5.0234
7.4339
0.188
0
0
2.8009
5.0137
1.1594
0
0
0
4.8772
8.7968
0.1024
0.1204
9.8101
0.7124
2.2761
8.9336
0.5865
0
3.6957
1.4116
0.2172
0.0035
0.018
0
1.604
5.7352
4.8643
0.0833
0.0041
1.0804
0.4795
0.1364
0.2984
0.1616
0.2993
0.9089
0
0
0
0
0.2952
0
0
0
0
0.9388
8.7325
4.321
0
0.0262
0
0
0.0054
0
0.6612
1.8118
0.0141
0.8881
1.7828
2.2741
11.4036
10.7751
5.7458
0.0097
1.0548
8.8993
21.0364
10.697
3.65
1.9236
0.6816
7.601
0
0
0
0
0
0
2.5144
3.0763
1.98
0
0
0
0
9.8577
18.229
1.0835
0.1285
8.123
1.868
3.349
4.6757
0.0229
0
0
0
0.4448
16.078
7.2592
0.5018
2.8217
3.3349
40.5825
0.1303
1.7047
0
2.0285
0.7037
5.3611
3.9853
3.5267
0.0737
0
0
0
0
0
1.8644
6.8672
1.1417
0
0.7263
0.0365
0
0
0
0.3157
0.4658
0
0
2.4951
0
2.2793
0.7194
0.5372
0.0406
0.0148
2.1352
12.903
2.3942
0
0
0
0
0
0
0
0
0
0
14.5856
0.2964
0.2473
1.9166
0.748
1.0728
0
0
0
0
0
0
2.8225
0.668
0.0251
0
0
4.2851
0.5592
0
0
0
0
0
1.8643
4.0668
0.6164
0
0.0666
7.4196
8e-04
0.0249
0.0226
0.125
0.2055
0.4226
2.3553
0.7516
24.1191
0.3072
0
0
0
0
0
0
0.816
2.0499
3.725
0.6466
0.6693
0.1661
0.0478
0
0.1353
0.3308
0.0546
0.0115
0
0.3241
0.1511
5.0744
0
0
0
0
0
0
0
0
0.5765
0
16.6672
17.421
38.1222
5.3716
0.0622
0
0.0427
0.0015
0.2592
1.2744
0.5756
9.8942
6.0783
0.2611
0
0.0464
0
0
0.3003
0
21.5002
16.0749
1.847
12.6528
2.9731
0
7.618
0.2775
15.9581
1.5896
0
0.0415
0.1637
2.6095
5.2218
4.2025
0.148
0
0.9669
0.1753
1.0779
0.2749
0
1e-04
0.7895
8.7014
10.9545
0
0
7.7523
1.6455
0.8797
0.7225
5.309
3.1861
17.1984
2.6463
7.9795
3.9848
0.03
0.0461
0
0
0
0
0
3e-04
0
2e-04
0
0
2.9042
0.4589
0.0573
0
0.3927
0.939
2e-04
0
0
0
0
0.6418
5.5724
3.0514
0.0535
2e-04
0.0574
0.0458
0
0.2982
4.6129
0.001
0.2601
7.4851
0.6486
0.4912
0.2321
0.4291
3.6389
0.0303
0.3327
0
0
0
0
0
1e-04
0.0307
0.0616
0
0.1751
0
0
0.0287
0.1147
0
0.0811
1e-04
0
0
0
0
0
0
0
4.0773
4.0073
9.32
0.3893
0.9642
1.1861
0
0
2e-04
0
3e-04
1e-04
3.8942
4.0645
2.596
10.5147
0.1254
0.1896
0
0
0
8.9601
3.117
0
0
0
1.2917
12.1448
3.2386
0.3573
0.8341
4.8886
8.2982
5.3419
5.6973
1.8369
1.6211
0.1153
12.4526
14.7156
3.5803
0.1895
3.3979
0.0016
0
0
0
0
0
0
0.2878
0
0
11.1832
1.8633
18.8163
11.2169
25.1292
7.4817
1.6237
0.4173
2.2075
0.7783
5.462
0
0
0
0
0.389
2.7008
6.1699
0.3407
0.2876
0
7.2366
0.104
0.5519
16.7872
0.8149
0.1657
4.8542
0.2942
0
1.1985
7.4901
0.2852
0.1271
0.0615
2.3925
3.0236
1.5706
0.4969
14.4712
0
0
1.2956
0.4632
0
0
0
0.5205
0.6478
0.4679
0.0019
0.1274
2.9978
0.1018
0
0
0
0
0
0
14.5222
39.956
4.7985
14.202
1.0882
1.2286
4.0238
10.5897
2.0982
0
0
0
0.6988
0.1164
0
0
0
0
0
4.0111
12.565
3.9224
4.7896
0.0128
0.7541
13.0658
1.5161
0.8471
0.8566
0
0
0.2162
0.7837
5.8887
14.7184
1.5262
0
0
6.9435
0.0273
0
0
0.0027
0.7376
0.079
16.343
0.3635
0.2661
0
0
0
2.1395
0.044
0
1.911
0.2095
0.71
4e-04
0.0012
0.2884
0.1925
1.7566
12.2404
0.1961
4.6176
3.7797
0
0
0
0
2.6372
13.0554
9.5834
0
0
0.0202
0.2793
0.034
0
0
0.1632
7.4855
0.882
0.1313
1.6398
7.3675
13.3926
0.0211
5e-04
0.0324
0.0325
0.0215
0
0
0
0
0
0
0.7913
8.1513
10.6559
0.0149
0
5.7292
0.6411
0
0.0043
5.1392
53.2792
1.182
0
0.316
0
2.7164
0.1842
1.3699
2.7249
27.9333
2.7434
0.1291
0.5294
0.2931
0.2409
0
0
0
0.0613
7.8151
8.3628
3.4832
0
0
0
0.1377
0.1628
0
10.9388
24.4148
0.0296
1.9988
4.659
18.1838
11.9169
0.0439
0
13.6406
2.6187
0.3027
0
13.0976
0.0242
0
0
6.8453
23.6819
0
0
1.1318
1.2902
0.6072
13.4301
0.4644
25.4882
0.9193
2.4513
0.9758
0.3167
11.1813
6.7227
0.0018
2.1082
0.3964
0.1648
0
0.1085
0.6871
2.8926
5.9513
9.5271
0
0.001
0
0
0.6387
9.6481
0.3962
0
0
0.0315
0.0239
0
0
0
0
0
0.833
2.7117
3.0186
0
0.2141
0.4004
0.5255
0.1345
0.1137
0.2319
0.4914
0.0377
0
0
0.5513
0.2989
4.5057
0
0
0.1234
0
2.0692
5.4366
0.0308
0.2643
0.066
2.9471
0.1395
1.2301
0
0
0
0.0117
2.7458
3.1899
0.1254
2.5143
1.1973
0.2616
0.0521
1.6485
0.0757
1.2865
0.0189
0
0
0.0716
0.2653
6.4811
2.3
1.4655
1.8685
0.0683
0
0
0.3352
0.0661
4.6304
0.0092
1.4324
3.271
0.2899
0.0414
0.8264
0
5.7118
0
2.057
13.6065
0.0215
0.4804
0.1545
13.9761
8.919
2.0165
0.3432
0.1998
2.371
1.3709
2.4163
0.737
0.6242
0.5058
0
0
2.2751
3.407
4.8948
8.7284
0.3869
0
0
0
0
0
1.77
12.5239
7.9673
6.2255
3.6524
4.8896
2.6224
0.1186
0.0128
5.9539
35.6235
7.5867
3.9757
0.0177
0
22.2769
0.0021
0.2959
2.6737
0
1.8293
1.2025
2.5429
0.3376
0.0515
1.4337
1.8128
0.0095
1.3361
1.1021
4.3112
2.7426
0.0979
0
0
0
0.6185
1.946
39.1985
5.3835
3.8091
13.0601
0
8.5108
8.2794
0.0909
15.3019
1.8871
0.4405
0
0.2776
0.0945
2.3434
0
0.0133
0.0139
0
0
0
0
0
0
5.3989
5.5412
0
0.0037
1.1475
0.798
0.7951
0
0
2.3044
4.0115
1.4187
0
0.193
2.4931
0.6806
0.0107
0
0
0.7161
0.5472
5.0216
17.2374
3.7472
0.3603
0
12.3822
1.9681
2.685
0.0124
0
0
0.0462
0
0.9941
1.2841
0.0951
0.1671
0.454
0
0
6.5875
4.501
10.0564
5.3496
1.2112
0
0
0.1102
4.798
13.2723
8.7146
0.8897
0.0916
1.2145
23.9946
5.9678
11.6031
1.7513
1.2203
0.1729
0.084
0
1.461
0.765
0.0644
0.799
0.4809
0
0
2.9397
0.0506
0
0
0
0.0156
0.5818
0.3485
12.1431
3.6778
3.1797
0.812
13.3802
0.2841
0.1756
0
4.8563
0.297
3.1773
3.4071
2.3379
1.8484
1.8307
6.0966
2.7834
0
0
0
0
0
0
0.0508
2.7947
1.7561
5.2313
4.9922
0.1116
1.2983
0
0
0
0
0
0
0.0045
0
10.3518
5.9827
0.7169
0
0
0
0.081
6.0546
2.8326
6.6477
0.0684
0
2.1376
0.6006
7.259
0.3735
0
0.8172
0.3863
0.1623
0.3176
3e-04
0
0
1.2592
8.6844
2.059
0
4.5553
0.3799
0.0694
4.3637
0
4.5737
3.1291
17.7604
0.1406
0
0
5.2383
0.0162
0
0
0
0
0
1.091
0
0
0
0
0.2728
12.554
0.7442
0.018
0.2774
0.0015
4.3909
0.6849
0.0645
2.7385
0.085
0
0.163
2.1601
0.052
2.6533
5.0731
9.0464
0.1905
0.0739
0
0.115
2.8989
0
7.7915
2.5413
0.0153
0.6728
0.6481
2.1113
4.1805
5.934
6.1145
5.6419
2.6751
19.0855
0.0117
0
0
0
0.0382
0.0992
0.0043
0
2.2494
0.7617
0
0
0.9012
0.0816
0
5.4883
0.8006
0.2301
0.0545
0.22
0.4134
1.2954
0.3649
1.8567
0.0593
0
0.0308
0
0.0988
1.1334
0.2222
0.0839
0.0068
0
2.6233
1.4112
0
0
0.0034
4.7906
14.6644
7.8328
3.769
0.3228
0
0.0227
0.0269
0
0
0
0.9643
5.2528
19.2498
3.3895
0.0274
0.0996
2.7173
0
0.1686
0.1938
0.0018
18.1623
1.4151
0.361
0.3165
1.1373
0
0
7.3192
2.6432
0.1926
0.0368
0
0
0
0.2814
0.3384
0.1613
0
1.2252
5.0067
2.0404
0
0.3774
4.3724
16.9745
17.5527
19.6605
18.531
0.454
0.6585
2.8763
2.6847
9.4997
6.5366
0.8173
2.0299
0.778
0
0.0287
0
0
0.0022
0.0701
0
0
0
0
0
0
0
0
2.7378
0.5262
0
0
0
0
0
6.495
3.3214
0
0.0076
0.0724
0.3083
0
0
0
0
0
0
0.4577
1.4537
3.7297
1.5163
6.5163
1.8583
2.5521
3.2735
4.6582
0
0.1399
0.1381
0
0.844
12.4995
21.1981
0
0.0968
0
0
9.6146
5.0791
0.753
1.2842
0.2082
4e-04
2.5769
15.5431
2.7178
10.2342
7.4584
1.8937
0.665
6.4064
5.8587
8.0783
0.2872
0
0
0
1.7493
0.4882
0.2254
0
0
0
0
0
0.0807
2.4962
3.5374
1.8017
0.1617
7.8797
0.8349
0.0188
0.0337
0.0026
22.7425
0
0
1.6689
9.2073
3.0111
0.1857
0
0
0
1.6013
0.2157
0
0
0
0.9494
10.8416
0.0208
0
0
0.1783
14.1191
0.639
0
0
0.2043
8.9213
4.6868
1.4286
0.4888
1.12
2.1627
0.2871
0
16.8561
6.8682
12.0857
0.8462
0
0.3642
0.7627
0.046
0
0.2661
3.4803
11.1699
8.3094
5.3593
0.0664
0
0.5454
20.5093
0.1988
0
0
0
0.2238
2.4857
4.9194
0
4.4803
29.0258
1.1593
0
0
0
0
0
0
0
0
0
0
0
0
9.7944
5.6893
0.3095
1.179
0
0
0
1.6544
1.2783
0
0
1.8927
1.8582
0.6997
0
0
0.4325
3.5687
4.3036
8.1322
4.0599
5.1316
22.7155
0
7.4059
5.2305
25.6765
1.3095
0.0453
0
0.2919
4.1398
0.0397
0
0
0
0.0929
0.6947
1.0788
0.8866
6.3603
10.955
3.3176
1.0642
0.0117
0.9968
0.0268
9.2941
11.1243
1.9746
4.1555
6.8103
3.315
3.6359
20.4221
0.0673
8.5304
7.2853
2.1959
0
2.4678
0.0045
0.2928
5.0892
18.8236
3.5849
6.409
0.0549
0.0262
4.0558
0.7121
0
0
1.828
0.4642
0
0
0
11.9046
21.3546
1.4981
2.3387
0.1039
0.3997
0.3809
0.2584
0
0
0.4934
0.1973
1.2162
0.2427
0.3479
1.1338
0.3612
2.6254
0.0031
0.1681
0.0407
0
0
0.0523
1.984
0.0135
0.9504
0.0523
0
0
0
0
2e-04
0.0604
0.5328
1.8572
0
0
1.2185
0.8323
12.2405
1.0339
0.0113
0
0
0
1.2476
0.2687
0.9268
0.2563
2.0757
0
0.6114
0.3131
0.3219
2.5454
15.6815
2.1967
0.3876
8.7652
0.0866
0
0
0
0
0
1.5122
0.6822
2.6935
3.9934
0.7533
4.8572
0.3611
8.2474
0
0
1e-04
0.4132
2.6545
0.3246
0
0.6009
1.2539
1.6548
0.3993
0.0848
2.2308
0.099
0
3.5265
1.9256
6.6204
6.253
6.8984
0
0
0
4.2967
0.9226
15.5853
0.0839
0.1551
0
0.0312
0
0.2813
1.8492
0.6015
0
0
0
3.9017
1.4414
1.0766
0
11.1623
4.2387
1.0242
0
0.0773
0.1966
0.09
0.1004
0.3541
4.6487
1.0606
11.1164
1.144
0.3631
0.0502
1.5203
18.4939
3.0458
0
0
0
0
0.2806
2.2022
4.3385
0.245
7.788
1.241
0
0
0.3215
1.3852
0.9558
9.5697
0.0341
0
0
0
0.2293
0.7925
3.7133
1.3508
7.6603
10.6352
17.1501
2.817
0.4954
1.2877
0.8378
0.0644
0
0.2303
1.9923
6.9112
0.0494
0.2255
0.4206
0
0.2864
3e-04
1.4398
0.4464
20.1836
10.3471
4.5774
1.2396
1.5488
4.2462
5.5444
1.9971
1.3644
0.3043
10.0849
9.4917
0.7205
1.342
10.8393
2.6894
0
1.0264
0.8066
0
0
1.1977
5.7868
8.5997
0
14.9349
0.8502
6.8022
0.0116
0
0.3033
0
0
2.3377
23.9293
3.4098
26.2743
12.6218
5.2372
0.0986
0.0975
29.5195
0.4756
0
0.0246
0.2313
0.0758
0
0
0.7302
7.2474
8.8512
0.0664
0.4345
0.2325
0
2.4458
6.9171
0
0
0
4.4306
1.5792
13.0115
0.2131
0
17.6386
0.5916
0.2984
0.2262
5.2528
6.0324
7.657
0.0569
0.0056
0
0
0
0
0.3068
0
0.0497
37.6064
9.3603
0.0158
0
0
0
0
0
0
17.7378
0.3604
0
0.133
0
0
6.3077
16.9171
5.1943
0
0
0.3364
0
0.0697
13.3877
0.0166
0.089
6e-04
1.703
3.436
1.7297
17.9828
5.1475
9.4042
0.0252
4.8423
12.5865
13.1512
0.1738
34.6983
2.6827
0.1583
0.468
0
0
2.1967
0
0.1313
3.2242
11.0967
8.2239
0
0
0.063
0
0
0
0
0
0
0.1399
7.5951
4.2613
2.1328
0.0137
0
0.0565
0
0.1532
1.5199
0.0054
0.0515
0
0
0.0078
0.3325
0.0456
0.0715
2.5216
0.0343
0.0846
0
0.7704
0
0.0232
11.606
0.2524
11.0597
1.2289
0.7295
2e-04
0.129
0.7836
24.2715
0.0638
0.0021
0
0
2.4569
15.9627
0.531
0
0
0.115
8.0853
4.763
4.7609
0.0639
0
0.0427
0.2833
0
0.474
1.0625
0.5137
2.9965
0
0
0
0
0
1.5993
0.022
0
0
0
0
0
0
0.2562
0.6002
0.0824
0
0.2769
0
0
0.261
0.5719
8.1693
0.5054
0
0.1129
0.1184
0.6
0
0
4.2775
8.2862
0
3e-04
1.6613
0.2236
0
0.0684
0.2084
0.0615
0.0201
6.5421
3.4486
0.0388
0
0
0
0
0
0
0
0.0418
0.0081
0
0
7e-04
0.0279
0.5035
0
2e-04
0
0
0
0
0
0
0
0
0
0
3.0984
6.6116
5.8157
0.0662
7e-04
0
0.8385
0.0052
0.1212
0.1438
0
0
0
0
0
6.5611
0.3007
5e-04
0
0
0
0
0
0.2814
0
0.0125
0.6753
0.3938
0
0
2.8065
22.2021
1.9921
1.269
3.162
0.088
6.1973
9.5609
0.1523
0.1855
0
0
0
2.1392
3.2112
0.0716
0.5303
2.8228
0.4148
0
0
0.3294
0
0
0.9748
3.2082
0.0134
0
1.2041
1.874
0.8071
0
0
0.8144
21.5095
9.2007
0.0897
0
0
0.037
0.126
0.1484
0
0
0.6954
0.3597
0.2514
0.664
0
0.2727
23.3042
5.4528
0.4225
0.2757
0.334
0
0
0.8481
4.4896
0.54
0.0884
0
5.7276
2.7974
14.6562
4.5091
8.8379
0.023
0
0.1536
1.2979
0.3389
3.7129
0.4996
0.1063
16.1378
0.3071
0
0
0
0
0
3.0915
23.1354
10.0225
5.1532
1.1045
0.744
0.0992
0.1761
0
0
13.0796
20.6511
4.8415
5.9387
3.6648
6.4561
3.5728
8.2802
3.7836
4.2092
0.1917
0.607
3.4357
0.1164
3.891
4.6543
0.348
0.5077
0.1652
0
0.2709
0
0
0
0
1.7394
0.8425
1.128
0.3159
0
0
0.3249
1.7425
2.3644
0.5076
1.2556
0
0
0
2.3696
4.3283
7.2676
0.1219
0
0
0
0
0
0.2295
1.174
0
0
0
6.0085
4.3751
0.2384
0.5696
4.4415
32.0921
22.2664
7.6766
0.1444
2.2127
5.9841
0
0.0322
0
0
0
0
0
0.0569
0.014
0
3.4745
1.2975
0.5734
1.9142
14.1419
1.5428
2.7647
4.2692
0.7741
0.1746
0.1287
0.8387
0
0
0
0
0.2676
0
3.0761
0.9775
0.3994
0.084
0.4683
1.05
0
3.9839
1.9341
1.581
2.4518
0.6915
2.4591
0
0
0
0.2483
1.0472
3.8505
0
0.2291
2.1504
1.1792
0.1439
7.3311
2.0507
0.7371
0
12.6097
0.0015
2e-04
0
0
0.7056
0.0444
0.0899
0
0
0
0.5757
3.422
7.0703
0
0
0.2929
0
0
0
0
1.9163
0.3928
0.2728
0.7488
0.3119
0
1.5431
0.8458
28.4661
0.7331
3.3359
1.3835
3.8359
1.4268
4.8195
5.487
2.3532
1.4296
0.059
0
3.8815
1.1981
2.2665
0.0114
4.061
1.3819
0
1.5311
24.0699
0.2189
0.0101
0.0154
4.1953
6.4597
0
0
1.9854
0.3166
2.2033
0.0427
1.1908
6.1098
0.4966
0.001
0.3249
0.0507
0
0
5e-04
0
0
0
0
0
0
0
0.0511
0
0
0.0048
0
8.7277
4.7573
0.6169
1.2243
0.4114
0
1.023
0.3631
1.1297
2.8325
0
0.2566
0
1.8672
1.5617
2.1089
5.947
0.588
6.21
0
0
0
0.0164
0.0433
0.1924
6.4485
3.5588
0
0
0.1059
0
0
0
8.8111
0.7804
1.4775
0
1.7535
0.0335
0.0296
0.339
0
0
0
0
0.9592
1.7599
0.7037
0
0
0
0.0928
0.0712
0
0
7.1196
0.7805
0.6428
0.6574
0
0
0.6186
1e-04
3.6626
0
0.6027
0
22.3672
3.2212
0.2004
0.028
0.237
0.291
1.1242
2.1365
1.798
2.6777
11.9575
3.7775
0
10.3011
1.799
0
0
0
0
0
0
0.1506
0
0.6266
0
0.7077
0.6949
1.6557
0.8702
0.0392
1.2569
0
0
0
1.3692
3.317
0.4549
0.0907
0
0
0
0
1e-04
0
0.0014
0.1981
7.3225
0.4736
0.3244
0
3e-04
0.179
0.487
2.7154
0
0.7782
1.0822
1.2482
0.0534
0
4.1249
3.8298
0
0
0.7767
0
0
0
0
1.5249
3.8186
0.099
0
0
0
0
0
0
0
0
0
0
0.2475
0.2927
0.249
0
0
0
0
0
0.4846
1.9896
0
0
0
0
1e-04
3e-04
0
0
0
0
0
0
0
0
0
0.9456
6.0629
4.1627
0
0
0
0.0505
0.7732
10.8026
4.2334
9.4362
3.2693
7.7038
0.2442
8.0028
0
10.2483
6.6313
0
0
0
20.7159
6.8394
0.1145
0
0.9295
1.6452
6.7644
6.3492
0
0
3.3234
10.3591
5.5312
2.355
0.408
5.807
8.1093
0
1.1531
6.3844
13.6414
0.5986
0
3.0084
13.9921
0.4672
0.0013
0.698
0.8707
19.3775
0
0.2626
0
1.5501
2.6677
15.6694
4.4388
1.2767
0
0
0
0
0
8.1146
1.6333
2.3627
0
0.0635
0.0481
0.1374
2.623
6.0002
3.5734
0.0036
1.684
0.4964
0
0
0
0
0
0
0
0.958
4.2607
0.231
0
0
0
0
0
1.2212
0.0911
0
0
0
0
0
9.1432
7.8108
49.5154
0.3166
0
4.73
2.8655
5.9397
1.2481
0.0171
0.0028
0.0889
2.2106
0
0
0
0.1245
0.5937
0.2415
25.4537
16.6379
2.481
0.5859
5.3347
0.5148
11.8399
0.01
1.0568
8.0007
0
1.7987
3.6569
0.063
0.0058
2.5447
20.502
0.3046
0
0
0.2728
0
0.556
4.8336
0.6048
0.5475
0
0.6188
0
0
0
0
0
0
0
0.0027
0.8459
0.3701
0.0703
0.679
0
0
0.3727
0.5722
0.1561
0.7621
0.2406
2.859
0.1437
7.3027
1.0484
0.8889
0.4553
14.0405
12.5539
6e-04
0
0
0
0
2.353
0.2771
0.0837
14.8105
0.0274
4.245
0
9e-04
0.1054
4.0365
2.1651
1.1247
0.715
0
0
0
0
0.1233
0
0
0
0.001
2.1436
14.9712
0.0445
0
2.9367
0.2934
0
0.2714
0.3374
2.3651
0
2.6286
0.8377
0
0
0.0591
0
0
0
1.71
0.7595
0.2024
0.0549
0
0.3396
0
2.0713
6.7732
0
0.2712
0
0.1554
1.4244
0.2976
0
0.1246
0.6566
0
3.6196
4.5048
0.2348
0
0
0
0
0
0.1291
0.419
0.0018
0.0513
0
0.5524
14.2456
0.0043
5.5173
0.5999
0
0
0.2632
0.2813
0
6.6014
7.9023
0.6558
8.9589
1.9481
2.8796
3.1605
18.2492
18.9262
2.0613
0.8405
1.4159
2.7755
0.6127
0.1043
0
3.3244
1.5066
1.0225
2.8759
4.0267
3.1488
3.6112
0.6274
0
0.0504
0
0.2797
9e-04
8.2238
0.8949
1.9597
5.1385
1.1768
0.0052
0.5541
0.9159
0.9886
0.2948
8.4255
3.2047
3.059
0.2177
6.5017
0.9858
0.9092
2.9225
9.9893
0.4548
3.3781
0.4933
0
0
4.776
3.3639
0.9065
0.6987
9.27
0.6999
17.6198
26.9835
0
0
1.0128
0.5319
27.353
9.4328
20.1633
7.9818
6.6397
2.4686
0.0338
0.0388
0.011
0.0504
0
0
16.3781
7.943
5.0658
2.2245
2.168
2.0651
1.432
14.8033
3.3235
3.5777
2.2962
0.488
1.028
0.5682
0.6549
0.7008
0.6286
0
0
0.0136
1.9713
6.2796
0.4539
0.1401
0.2786
0
0
5.1846
6.7338
2.3841
0.7445
0.1887
0.246
0
0
0
0
22.23
19.0256
2.2345
3.7189
0.5184
0.294
2.1825
11.2646
2.8749
2.247
0.4045
13.4399
1.1888
0
0
0
5.0991
3.8713
0
0
0
0
0.9249
0.2646
0.407
0
0
10.5008
1.5507
0.0134
0
0.2237
13.8066
2.0594
4.1442
0.8166
0.3204
0.0233
0
0
6.8545
1.946
0.0548
0
19.2565
0.01
0
0
0
4.2195
8.9678
3.5101
11.2286
12.6158
0.0052
0
8.614
8.2391
2.8701
9.2724
0.9986
0
0
0
0.0956
0.0757
0
0
0
0
0
0
0.2797
0
0
0
0
0
0.0277
0.1091
0
0
0
7.257
0.0257
0
0
0
0.0376
1.1086
11.0222
0.2575
15.4802
2.1263
2.4433
0.0366
0
0.2564
0
0
0
0
0
2.3122
1.43
0.0507
0.0524
0.1128
0
0.9746
2.3153
6.4814
0.7965
0.2758
0.4341
0
0
1.459
9.3736
13.2134
6.6174
0.3328
0.2157
0.0279
2e-04
0
0.1929
0
0.3189
0
2.1823
0.7207
2.6908
0
0
0.0577
0.3503
0.1609
0
0
0.2945
0.0207
0.2912
7e-04
0
2.4693
0
0
1.7506
1.3919
0.0801
0.5287
0.0655
1.8408
0.3342
0.2277
0.2644
0
0.3233
0.0779
1.4002
0.1138
1.9968
3.7384
6.4333
6.303
0.0229
0
0.2534
8.554
0
0
0
3.4921
1.6026
1.1612
0.142
0.0733
0
0
0.0028
0.7541
8.1224
5.3535
0.09
7.9159
0.5449
0.0924
0.0243
0.1503
2.0869
0.0292
0
0.0205
2.7577
0.2245
0
5.635
17.6323
1.5534
7.5006
0.3762
0
0.4351
0.0142
1.5359
0
0
0
0.9184
6.9608
23.0926
1.9879
0
0
0
0
0
50.3568
5.7802
1.128
0.0148
0
0
0
0
0
0
0.1247
0
0.3014
0
2.4645
15.6921
1.645
1.7386
0
0
1.9904
0.4408
10.5258
0.5238
0.1664
3.2269
0.025
0.3218
1.1478
1.0855
0
0
0
0
1.5381
3.1248
9.4908
1.7001
5.7473
2.1367
0.3914
0.1386
0.1828
0.4999
0.3673
0.0853
0
23.947
1.6314
0.1238
0
3.8911
0.054
0
0.0785
0
0
9.9388
6.6178
0
0
0
0
0
0
0
0
0
0
0.7571
7.9742
22.8356
4.5621
0.1485
0
0
0.2951
7.1991
5.3277
7.2323
13.3282
3.0757
6.9869
22.8531
4.2882
0.0664
0.0286
0.7915
0.0582
0
0
1.9056
7.7887
13.2871
2e-04
1e-04
0
0.2784
0
0.0679
11.9761
15.2646
3.7559
0.079
0.272
1.199
18.914
3.665
0.0048
0
0
0
2.4261
0.2423
0
0
0
0
0.5553
3.3551
7.0886
2.0384
0.2565
0.3303
0.2972
14.8742
4.8588
6.6573
0
0
0
0
0
0
0
0
0.098
1.8643
1.2239
28.0986
11.4368
1.5119
7.4768
0.1074
7e-04
0.1437
0
0.1524
13.25
18.7815
40.3897
3.0309
0
0
0
0
0
0
1.285
0.3472
0
0
0
11.306
3.5696
0.0144
0
0
0
0
5.8644
3.0872
23.8772
0.0112
0
0
0.0833
3.169
3.9961
5.4136
11.8155
2.5365
0.5708
0
0
0.0845
0
0.8012
2.1698
0
0
0
0
0
0
0.0514
2.0017
12.2643
1.8096
29.9618
1e-04
0
0
0
12.0688
1.8997
6.7756
0
0.0346
8.9869
0.0467
4.0997
1.1007
0.9411
0.2373
0
0
0
0
0.097
0.1748
0
0
0.2764
20.226
0.0756
0.0068
2.8789
3.013
26.1753
16.293
1.2482
1.097
0.1362
0.017
0.1338
0
0.8068
18.8126
0.0614
0
0.3146
6.0454
0.0916
0
0
0
0
0
0
0
0
0
0
0.1423
2.1972
21.4344
0.7996
0.0175
0.94
1.4772
1.0814
0
0.1777
0
0
0.4221
0.1403
0.7548
0
0
0
0.732
11.4135
0.8163
0.1448
0.3061
0
8.55
6.192
0.0384
0
0.0231
0.1756
31.137
0.698
0.0086
0
0
0
0
0
0
0
0.0286
0
13.4635
0.0232
2.9121
11.327
0.6326
0
14.7107
2.4408
17.0967
2.2444
0
0.6532
0.6031
3.3637
27.2416
27.8685
0.3951
0
0
0.0496
0
2.2473
0.1669
0
0.3904
5e-04
0.2653
11.4066
0.7664
0
0.0052
0
9.0174
0.6286
0
0.0757
3.1825
3.565
0
0.0246
0
0
0.7617
0.19
0.4824
0.0372
3.7068
0
0
0
0
0
0.6856
0.4368
0.1391
0
0
0
0
2.9385
3.6539
6.3392
0.6009
0.4881
1.366
2.2626
0.734
0.5785
0
0
0
0
0
3e-04
3.3074
0.5485
0.3698
3.4282
0.1178
8e-04
1.4411
1.2
0.0616
0
0.0311
0
0
0
0
0
0
0
1.6629
6.6551
0.8775
0
0.098
4.4595
5.1638
0.6192
0.8357
5.3389
2.8416
3.0554
0
0.114
0
0.4855
0.262
0
1.7964
3.6879
0
0
8.7865
4.3836
0.3636
0
0.036
7.9827
4.0552
2.674
0.0704
9.745
0
29.283
10.9893
0.2935
2.4973
0.1921
7.1457
0.0012
0.3467
4e-04
0.05
0.3899
0.0164
5.0338
0.1431
0
0
13.9625
4.6935
0
0
2.2672
0
0
0.139
1.065
1.9154
0.0824
0.1282
2.8011
1.6003
0
0
0
0
1.3981
9.7998
3.428
25.1261
0.2487
0
0.1393
6.4479
25.9067
5.156
3.4158
0.2211
0.0144
0
0
0
0
0.1496
0.6682
3.7055
0.9778
0
0
1.1557
5.7524
0
0
0
0
0.0147
0.5636
0.3668
0
9e-04
0
0
0
4.9603
0.596
5.2282
11.3736
2.2038
4.1844
0.6535
5e-04
0.4258
2.1612
0
0
0
5.9952
2.8929
0
0
0
0
0
0
0
5.7288
5.9322
1.0717
0.0696
0
0
0
0.2275
5.7927
0.908
0.0755
0
0.2629
12.0357
0.0953
0
0
0
13.2543
2.4344
0.0132
0
1.8421
0.8205
1.3775
0.7601
6.2178
6.5633
11.369
16.959
4.5333
0.3438
0
0
0.33
0.0143
0
0
0.0311
0
1.742
0.1513
0.1609
0.1823
5.2488
15.9053
0
0
0
1.3445
1.7305
0.5914
0
3.179
0.0321
0
0
0
0
0
0
0
0
0.6489
4.1437
0.0156
0.1226
0.9039
0
0
0
0
0
0.0121
1.9661
23.1678
2.2494
0.2672
0.1699
0
0
6.9094
0.3473
0.3281
0.6397
0.3266
0.2115
0
0.2559
5e-04
7.0803
0
0
0
4.2559
24.7645
24.0018
24.1933
7.5522
0
0
3.7207
0.7116
3.147
0.1834
0
0
0.2134
2.2653
0.8372
0.012
0
0
1.8286
0.9251
0.5575
0.0791
3.6538
1.6469
0
8.7244
6.2103
15.3016
2.4722
0.6671
0.0851
0.4122
0.1278
1.4082
0.6732
1.9416
0.9035
0.5644
3.1792
3.8006
7.9675
0.6807
0.0279
0.0232
0.0261
0.0049
0.048
0
4.2341
2.6036
1.614
0.3839
0.0995
0.07
4e-04
0.1614
0.2925
0.3161
3.5882
0
1.7177
0
0
0
0
1.2252
2.8884
0.3999
0
0
0.4153
5.1553
0.1852
0
0
0
0.1384
1.1478
0.1697
0.7493
0
3.2104
24.1447
0.7771
0.5962
0.0542
0
0
0
0
0
2.2029
1.8329
1.828
0.159
0
0
0
0
0.5977
0.57
0
0
0
0
0.0591
0.1763
1.1895
0
0
0
0
2.7052
0.094
15.8768
0.9724
0
7.6224
4.0459
0.2379
0.5943
0.0778
0.0114
0.029
0.9307
0
0
1.132
0.3177
0
0
0
0
0.4326
12.381
4.8348
0.7704
0.3245
14.8791
1.6873
0
0.0249
0.0378
0
0
9.9183
3.0202
2.7281
0.0259
0.1827
8.8818
0
0
3.0719
1.7874
2.5649
0
0.9554
5.5548
0.4641
5.1489
0.1898
0
1.5061
0
0
1e-04
0
0.639
0.4978
1.9067
0.4932
0
0.4489
0.4468
10.4998
16.599
12.8403
0.2492
7.8296
10.2155
3.9515
2.2167
5.8888
2.6378
0.4191
4.0865
0.1157
0.4297
3.7923
0.6352
0.0164
1e-04
0.579
2.7528
0.055
0
0.5335
4.5927
0.1135
0
0.0251
0.1865
0.2145
0.685
0.1359
9.8081
2.4602
0
0
0.2943
4.2551
12.1761
15.8888
0
0.3646
0.1223
1.165
3.0615
25.8957
0.9824
0.2731
0
0
3.4849
7.6911
0.556
3.749
0.0045
0
0
0
0
0
3.6771
0.2862
2.5114
1.8474
25.9911
0.3859
0
0
4.2894
2.8751
7.0928
0.6615
0.5421
1e-04
0
0
0.324
1.1987
0.1062
1.0638
0
2.2588
2e-04
0.1821
1.3405
2.8027
9.8108
0.1352
18.658
19.5714
21.758
21.5675
1.6409
15.3694
0.5094
3.3717
13.1321
2.7036
1.2021
20.6272
2.3324
0.2966
7.1143
1.6845
0.0199
4.0594
11.7679
9.6664
0
1.1844
5.514
0.6815
0
0
0.037
5.9717
1.3602
2.2868
6.4145
0.831
12.0424
1.6405
0.4975
0.0492
0.001
2.3085
6.074
0
0
0
0
4.3492
1.0817
2.3345
18.7662
9.2419
0
1e-04
0
8e-04
0.4616
6.5539
9.1557
0.4782
7.2906
19.6276
12.6776
7.6271
21.1134
0.0244
0
0
0.3084
0
0
2.215
8.4714
3.5734
0.1413
40.1604
10.7196
0
0
0
0.2803
1.6022
0
0
0
0
0
0
0
0
0
1.0255
1.6255
12.2876
2.0441
1.94
0.6258
0
11.674
15.2612
3.8052
0.0299
2.4682
2.0896
0.6893
0.1094
0
0
0
0
0
0
0
0.4399
0.2379
0.0024
17.9159
16.9177
0.8593
2.884
0.0599
0.0219
0.2853
0.0561
2.2908
3.757
11.8112
25.7069
2.6242
0.0043
2e-04
0
0
0.0527
0.0647
0.0324
10.0273
9.2802
12.0264
0.2154
2.0111
0.2024
5e-04
0.0457
0.0123
0.015
1.3371
0.2705
0.2475
0.0105
0.0862
0
0
0.7539
0
9.472
0.1
0.0069
0
0.2512
0
0.6086
0.2449
0.0118
0.6198
5.2237
0
0
0
1e-04
0
0
0
0
15.5141
19.4363
12.6283
0.0028
1.5261
8.963
20.7083
8.1709
0
0.0164
0.3791
0
8.4857
0.5113
3.2428
8.7821
0
0
0
0
0
0
0
15.6764
2.7492
0.0055
4.3815
0.016
0
0
0.3745
0
0
0
0
0
0
0
0
0
0
0
0
0.4103
0.9206
12.8142
1.4573
0.1418
0
7.4768
0.136
0.0068
0
0
9.8966
3.5368
0.8356
0.7041
0.4444
2.047
2e-04
0
0
0.0505
0.2084
20.1029
3.2831
0.0293
0
1.4716
0.461
5.1722
1.9643
0.5847
0.4269
0.1884
1.6693
4.061
5.2144
9e-04
0.2884
5.2605
0.9465
0.5924
18.4457
1.3385
0
0.046
0.0644
0.1714
0
0
5.8782
14.153
0.3728
0.0702
0
0.025
0
2e-04
0.0012
15.4314
5.6925
0.4271
0.4621
0.0825
2.8963
3.513
11.051
0.4091
0
4.6754
4.6486
2.6248
0
0
6.4379
21.5595
0.9914
0
0.0058
1.1929
2.6218
0.0015
0.0171
0.9193
3.3069
2.5086
0
0
0
0
0
1.4277
0.1887
0
0
0.068
0
0
0.6909
0.6883
0
0
0
6.7085
4.5107
1.4096
0
0.0381
0.6488
5.8534
1.6929
15.9082
0.1576
0.5294
0.0144
3.1309
4.9813
0
16.1672
26.7126
13.5541
0.7391
0
0
0
7.467
0.3566
0
0
0.0298
0.884
6.5744
9.2775
0.0355
0
0.2459
10.21
5.2227
0.4689
4.0632
0.7998
3.7447
2.5366
5.52
7.2237
2e-04
0
0.3912
2.1464
1.6695
3.2171
8.1225
5.1674
2.6403
0
1.0814
0.1064
0
1.0264
0.5447
4.1414
0
0
0
0
0.159
7.8349
0.2642
2e-04
0.0842
0.7734
0
0
0
8.8487
2.4304
2.7582
0
1.7854
1.1564
0
0.2111
1.8337
0.77
2.0861
1.3786
0.0037
0.8335
0.8924
0.126
0.2064
0.0052
1.8776
0
0
0.0075
0.0957
0.1104
0.3911
2.477
3.8737
0.7872
0.3068
5.6627
9.4459
8.0995
8.657
0.6742
0
8.6657
0.1712
0.0021
0.8333
0.7889
0
1.5173
0.0578
2.5754
6.069
4e-04
0
0.0699
0.387
1.0771
1.3313
0.0171
2.0375
1.4998
9.1453
9.2864
6.8285
1.5656
2.5499
0.8906
0.382
0.4186
0
0
0
0
0
0.1733
9.3827
0.1038
0
0
0
0
0.1088
7.3968
7.6649
1e-04
0.4939
2.5442
4.4549
0
0
0
0
0
0
0
0
4.1096
1.7627
0.1001
0
2.1483
0.1083
1.3136
0.0709
0
0
0
0
0
0
13.5048
14.3974
1.6119
0
22.2072
0.309
0.0426
0.0033
0
0
0.9754
2.2522
0.3416
3.8136
15.0183
0.6078
0.2773
0.0298
1.8358
1.745
0.676
13.7535
1.2947
0.1836
0.1101
0
0
1.2615
0.0348
0
0
1.0717
0.8981
0.1155
0.1365
2.07
2.0991
1.0679
4.575
0.0903
0.3228
0
2.2084
0.176
0
0.0273
0.1296
0.0169
2e-04
0.2899
0.3455
0.0494
0.763
1.4211
6.5918
2.5108
0.0738
0.1405
0
1.1716
0.2833
0.1416
0.9337
0.1132
0.4928
3.9089
2e-04
0
0.0227
0
0
2e-04
0.0064
4.9692
0.4031
14.1399
12.8714
0.0875
0.0979
0.1074
0.2991
0
0.2749
0.0889
0.0038
0
0.0624
6.313
1.6714
0
0
0.0948
0.4879
0
0
0
0
0
0
0.5321
0.148
0.0768
10.4997
2.2062
2.0325
2.0818
0
0
0.2792
0
0
0
0.2583
4.6504
4.6238
0.7662
3.2395
3.7243
0
0
2.5314
0.1733
0.151
0
0
0.6591
0.4934
0
6.784
0.0427
0
0.6374
0.2744
0
4.0099
0.6741
0.8158
0.0302
0
0
0
6.938
2.0905
2.1559
17.2822
2.2947
0.0543
0.3125
16.5668
11.1032
28.1802
4.1936
0.1685
0.344
0.067
0.1216
0.0211
0.025
0
0
0
0
0
0
0.5513
12.5999
4.9004
6.4186
5.0405
1.7209
0
0
0
0.0381
1.188
6.084
0.6276
0
0
1.5251
5.0159
0
0.1654
0.5159
0
0
0
0
0
0
0
0
0.554
5.1216
7.7164
0
0
0
0
0.4113
2.1083
0
0
0
0
0.1632
5e-04
0.2007
0
0
0.0587
1.1096
3.5964
0.374
0.0451
1.7919
2.1854
0.4712
0
5.9987
3.8915
0
8.779
33.8071
8.8681
1.7982
0.8862
0.2914
16.757
1.0618
0
0.323
0.1382
0
4.8469
0.7224
2.0225
7.8852
6.4926
0.0478
0
0
0.8885
2.9409
0.8638
0
0.1572
0.027
0.0331
0.3978
8.4846
8.689
0.0497
2.7291
3.153
0.793
0.6884
3.8973
0.1525
0.1407
0
1.3259
3.5407
1.7211
10.3251
3.2392
0
0
0.2817
0.0288
0.8455
6.8037
0.9321
16.646
9.3991
0.0076
0
0
0
2.513
15.368
5.1191
0.0565
0
0
0
4e-04
1.5779
2.7433
1.4172
0.8107
1.1145
1e-04
0
0
0
1.4536
1.4978
0.5618
0
1.1867
0
0
0
0
0.8117
0
0.0038
0.1317
0.0066
0
0
0
0
0.0012
0.4421
5.2973
3.6389
7.8396
1.3569
0.3613
0
0.9142
0
0
0
0
0
0.3494
0.5627
7.5639
4e-04
0
0
0
0
0
0
0.0121
0.0447
6.8646
0.0964
0
0
0.5601
1.2965
0.7138
0
0
0
0
0
5.0304
11.3865
0.269
0
5.751
4.0823
6.3439
0.0046
0
17.8264
4.1088
0
0
0
0.3322
0
0
0
0
0
0
0.8092
0
0
0
0
0
15.4042
9.5218
0
0
0
0
1.6018
0.3823
6.3681
1.5384
19.715
2.1024
8.6305
3.9503
1.7873
0
0
0
3.5266
4.5053
7.5274
0.0924
0
0
0
0
0
0
0
0
0
0
0
0.6809
1.5258
2.6418
0.7856
0
0
0.0232
4.948
4.3608
0.0185
0.2657
0.1046
1.4099
0.6873
1.0651
3.0609
4.39
0.736
0
0.5033
9.3186
30.4551
4.8262
1.7162
0.3727
0.1463
0
0
0
0
0
0
0
0.1613
0.0232
0
0.1395
0
0.0239
0
0.0222
0
0
0
0
0.2462
0
1.9136
0.2885
0
0
0
0
0.4354
0
0.7654
0.5165
0.1683
0.6062
11.3381
5.7994
0.0206
0
0
0
3.0116
1.0906
22.8854
7.7019
0
0
0
0
0
0
0
0
0
0
0.132
0.908
0.5437
0
0
0
0
0
3.3066
1.7415
0.1023
0.182
0
0.255
0.6662
0.2243
0.8608
0.1007
0.493
0
17.4747
32.2851
15.9887
0.5326
8.722
0.0587
0
0
0
3.1765
9.6178
0.6225
1.154
14.0655
0
0
0.0483
1.3235
0.074
0.5195
0.0644
0
6.4299
0.3355
0.2229
0
1.5847
6.2692
0
0
0
9.2612
5.8565
3.4915
0
0.1354
2.8511
0.261
0.1085
5.2642
7.4047
3.616
0
0.0013
0.26
2.8525
28.4951
2.5534
0.0128
0.1984
12.3536
2.6722
0.2751
0.0048
3.8307
4.9082
2.107
0.1661
0
0
1.0275
4.22
0.2532
8.2304
0.4055
0
0
0.7942
0.794
0
0
0.0978
0
0
0.0073
0.4693
1.8822
1.6813
4.966
12.473
18.7033
3.5443
7.0145
1.9738
0
0.128
0.1512
0.5807
2.6859
0.2136
0.0363
0
0.0188
0.0147
0
0.0036
0.0819
1.7011
0.2469
1.0635
0.2599
0.2363
0.0148
1.3772
3.3202
1.3992
4.4185
14.8844
7.4301
0.915
0.2392
0.3055
0
0
0
1.9875
0.9991
7.8591
9.8963
10.9334
2.3667
0.3605
14.3853
7.4168
0.5066
0.1616
2.0481
0
0
3.9262
1.3193
24.0497
4.2966
0
0
0.1371
0
0
0
0
0
0
0
0.7056
0
0
0
0
0.1144
0.1595
0
0
0.1087
3.5182
0.1604
0.2693
0.0979
1.4023
0.4168
0.0229
0
0.0545
0.2012
0.3039
0
9.0497
1.3475
2.6384
0
0
0
0
0
0
0
0.3039
0.2871
0
23.4587
5.6925
48.6347
9.443
0.2131
0
0
0
0
0
0
0.0864
0.0224
0
0
0
0.1545
5.2203
1.4482
0.7077
0
0.0458
2e-04
0.0919
12.1555
0.5993
0.2692
0.7167
6.4366
1.4027
15.8849
0.1997
0
0
0.2376
15.2582
0.0458
0.0303
3.9054
21.3238
0.2317
0.3041
0
0.2908
1.4474
2.6982
4.4105
0.0046
0.1598
0.2122
0.0805
0
0
0
0.0494
0.2007
0.3345
0.0011
0.3361
0.2437
0.5391
0.723
0
0.2736
0.0248
0
0.3583
1.5223
0.1448
0.1883
0.8922
3.3706
6.7926
0.0042
0
0
5.2436
4.4217
0.0383
0
0.6706
0
0.6192
0.2635
0.1345
0.2768
0
0
0.3774
0.2519
0.7806
3.8023
7.6785
0.0125
0.0328
0.224
1.7267
0.2635
2.513
0.9179
2.0973
3.8524
0.0083
0
1.0691
0.8941
5.1771
2.8828
10.6928
0
0
0.0661
7.5557
8.8874
0.0885
0.1662
0.5038
0.0654
0.2152
0.3456
0.4064
0
0
0
0
0
0
1.1134
2.4358
0.1016
0.6153
0
0.2061
0
1.0758
1.0783
0.2724
0.0711
0.1603
0.3665
0.4078
0.1376
0.0838
0.0517
0
0
7.8206
12.4764
2.3921
0.1306
0.3061
0
0.5906
0.7315
11.369
1.8945
0.4703
0.0563
0
0
0
0
4e-04
0
0.7618
0
0
0
23.5886
12.4272
0.0528
0
0
0.4894
0.8348
0
0
0.3018
0.8709
0.0014
1.2755
2.8068
0
0
3.2378
0.5545
0.1021
0.3511
0
0.0841
0
0
4.1519
4.0476
0.2851
4.4742
1.8353
0.1139
0
3.4638
6.594
0
28.8934
15.0976
0.176
0.3002
4.1433
0.0655
1.6326
10.6827
12.1799
0.6986
0.1565
0.6034
6.9815
2.9974
1.2159
0.1005
2.4864
8.1735
15.1836
4.6912
0.1513
0
0
10.4
2.0424
6.7458
0.035
0
0.6099
2.9763
0
2.3288
1.6544
0.4951
3.2609
13.0762
0.3553
0.7475
0
0
0.1697
4.022
2.5509
2.3837
0.7388
16.1505
13.5094
1.4081
5.14
2.6379
4.2143
9.4373
2.7599
2.4111
0.0055
0.6343
4.2535
10.3662
4.9592
1.6219
0
0
0.0869
2.9413
0.0762
0
0.0451
0
0
0
0
0
0
0
0
0
0
0.4289
0.2077
5e-04
0
0
0.336
4.2757
13.2615
1.1707
0.2792
9.4497
0.402
0
0.0381
0.195
1.1204
2.5712
1.7872
0
0.2833
15.8804
24.1618
14.8178
2.4325
0.4036
0
0
0.0455
0
0
0
1.8127
0.0409
0.0111
0
0
0
0
0
0
0
0.6537
4.3126
4.3349
2.2752
1.1135
1.4677
0.2441
0
0
0
0
0
0
0
0
0
0
0
0
1.4162
2.1341
0
3.8032
0
3.4471
3.7392
1.7516
1.7651
2.418
0.9211
0.2155
0
0
0
9.7913
2.3504
0.1428
0.1141
0
2.7086
17.9857
13.4879
0
0
0
0
0
0
0
0
0.0312
0
7.5612
0.4865
0
0
0
0
0
0
0.6207
15.178
0.4368
0.9866
0
0.0734
10.6564
0.2273
0.1108
0.8888
0.4451
0.6171
2.1888
11.3807
0
0.3072
0.0012
0
0
0.3957
0.8897
26.7084
5.0161
1.7382
4e-04
0.778
0
1e-04
0
0
2.3
2.5459
0.0468
0.0012
0
0.3264
0
1.5247
9.0582
5.073
6.2429
0.0064
1.3128
0
7.3168
8.1043
0.5021
0.6907
0
2.7488
0.0014
0.3417
0
0.2057
0
21.938
4.4743
0.0041
0
0.1612
26.7525
0.9224
0.9371
0.0262
6e-04
0
2e-04
4.6054
7.0573
0.0971
0.3563
0.1424
0
0
0
0
1.1147
0.2511
0.2963
0
8.3189
0
0
0.3437
4.0261
0.3157
2e-04
0
0
0
3.7466
4.9963
0
0
0
1.0473
0.015
10.4241
0.0036
3.1887
3.3809
0.0286
5.8842
6.5411
0.3327
0
0
0.1682
0.4211
0
17.381
2.2818
0
0
0.4492
0.7548
0.3224
4.5026
0.0944
0.4939
0
1.6136
3.3416
0
0.0717
3.0429
4.703
5.439
1e-04
0.0242
0
0
8.8045
43.6947
0.0034
0.8101
3.2588
0.3909
0
5.8105
3.86
0
2.6126
0.872
2.2303
0
0
1.9184
34.2379
0
0
0
0.2539
0.1799
0.0985
0
5e-04
0.6503
0
10.4255
1.6468
0
4.173
6.489
0.0224
1.8797
0
0
0
1.241
8.485
0
0
0
0
0
0.125
11.609
0.1284
0
0
1.2358
0.6429
0
0
0
0
0
2e-04
0.5291
2e-04
0
0.1465
3.752
0
0.2281
4.8964
6.258
20.2372
4.5325
6.4904
0.0097
2.0866
1.62
0.0682
0.0699
0.7094
2.2046
0.006
1.3271
5.3358
0
0.3335
15.177
14.6238
0
0
0
0
0.0065
52.309
0.0336
0.0112
6e-04
22.0555
0.0064
33.1011
10.6185
14.4263
0.3174
0.0878
0
0
0
0
0
0
0
5.9341
0.2445
1.2363
0.0041
6.3951
0.0042
6.389
0
0.2814
6.2639
9.4536
0
2.0434
2.8896
13.9307
0.3809
0
0.0081
13.4228
2.0909
3e-04
7e-04
0
0.2431
0
16.0659
1.1973
46.5439
0
0
0
0
4.1279
1.5929
0
0.1451
0
0
0
14.1497
5.1592
5.6613
0
0
0.1523
3.0165
0.5504
0
0
0
0
2.0473
2.7447
5.6763
0
0
0
0
0
0
8.8356
10.3219
2.506
0
8.7543
37.227
9.6966
0.396
0.0624
0.5012
0.4536
2.95
1e-04
21.2779
0.109
0.6184
0.001
0.4661
0
0
1.5766
1e-04
2.5821
3.0923
0
0
0.4084
0
0.0082
11.5417
9.2697
0.6288
0.1111
0.271
0
0
0
12.1819
0
2.2995
38.8419
0
0
3.6482
0
0.2774
0
0
0.0015
1.6625
0.067
0
0.0025
2.169
0.0012
0.1446
0
0
0.363
1.8879
0
0
0
0.5868
10.8069
0
0
0
0
0
0.2418
0.0671
0
0
1.412
0.6542
16.8118
0.2413
0
0
0
2.9125
5.0083
2.3617
1.0618
0.87
0
0
0.0024
0
0
0.052
5e-04
0.7838
0.0172
5.8354
2.0756
0.3447
0
0
0.3206
3.2061
2.5423
7.1472
0.008
0.0994
0
0.1782
0
15.0432
4.852
0.4171
0
2.664
4.7422
2.1941
0.5943
0
0.4073
0
1.1397
16.7463
0.1059
0
0
0
0
0
0
0
0
0
0
9.2628
3.7941
8.3109
9.028
1.0739
0
0
0
0.8057
0.2827
0.0258
0.7543
4.204
15.5503
1.5522
4.9605
12.9826
19.4005
0.021
0
0.198
0.0633
3.9517
0
2.8097
0.2768
0.0602
0.2895
0.1372
0.0719
0
0.7595
6.0431
6e-04
1e-04
0
0
0.3874
0.2885
0.0498
0
0
0
0
0
0.0022
0
0
0
0
3.1088
7.2345
4.6612
0
0
0.0081
14.5754
28.1916
9.9852
2.0193
3.1039
0.0963
0.516
0
1.1855
0.1082
0
0.892
0
2.521
1.3824
1.7109
0.3694
0.6501
0
0
6.6627
19.4522
0.1924
0
0
0
0
0
0
5.6354
8.3926
0.8982
11.8706
3.9297
0.0027
0.0523
0.1427
0
0.023
0
13.8146
0.0141
0.7632
0
9.1839
0.921
0
0
0
2.1153
0.0153
16.1713
17.8987
1.5489
0
0.3261
0
9.1469
2e-04
16.8856
0.2929
0
1.3792
0.0189
0.6127
0.3532
0
0.3538
0.0079
17.6559
0.8416
0
7.906
3.6469
5.5394
25.5161
14.2801
5.4633
0.0942
0
3.217
2.8038
0.1797
0
0.0761
0
0.8865
0
0
0
0
0
4e-04
2e-04
0
0
0.9709
7.5048
0.0348
0
0
0
1.0316
0.4734
1.3941
0
0.9876
0.3623
1.0768
1.2969
0
0
0
2.6328
6.5964
22.6864
26.377
1.6514
0
3.751
1.5919
9e-04
0.7037
2.5916
0
0.362
0.1465
0.1456
0
0.1071
2.5535
3.9269
9.8129
10.2158
0.9485
0.2734
2.0741
0
9.7409
0
0
4.5973
3.3999
0.6096
0
0
0
0
0
5e-04
0.0031
0
0
17.2053
3.6593
14.4032
31.7176
13.3741
0
0
0
0
0
0
0
0
0
0
0
29.7511
23.9165
16.4573
5.7622
5.2351
1.0842
4.7835
0.2635
0
0
0
3.4118
5.5708
3.6944
12.0561
0
0.0048
0.8633
1.8442
1.4118
45.6808
42.3057
1e-04
0.1912
0.0095
1.8281
0
0
0.0108
0.239
0.0016
0
0
0
4.4499
1e-04
0
0
0
0
8e-04
0
0.0164
0.1838
0
1e-04
3.1711
0.4826
17.0408
0.1075
0
0.1024
0.0705
0.8962
0.6958
0
0
0.0534
0.2999
0.053
7.5498
0.0611
0.0845
0.0448
24.3308
5e-04
0
7e-04
0
0
0
0
0
0
0
3.3629
0.0017
0
3.937
0
0
0
0
0
0.3359
0.2323
0.6862
7.3257
0.4886
0
0
1.1145
0
0
0
0
0.0018
0
20.5149
0
0
0
0
0
0
0
0
0
5e-04
0
0
0
0
6.7189
3.5652
0
0
0.0708
0.5873
0.3854
0.2397
0.6615
0
0
0.0271
2.7168
2.9004
0
0
0
0
3.2948
0
0.0777
0.0745
0.7311
0
0.6093
0.923
10.0831
3.4572
0
0
0
0.2983
0
0.002
0.9609
0
0.5381
0.108
20.7892
7.6915
0.04
0.0429
3.1303
0
2.9552
1.7464
0.296
2.3969
2.4836
2.9365
4.2803
0.027
0
0.1692
5.7859
0.3013
0
0.028
18.9031
6.8255
0
2.6323
0
0
0.1415
0
1.0826
0
4.7164
2.44
0.0198
0.8638
0
0.9613
12.1017
0.916
0
0
0.0071
7.2193
0.5245
0
0
1.4194
1.2302
0
0
0.4979
0.034
0
0
1e-04
3.6836
0
7.1117
8.7115
0.9223
2.4057
7.9822
0
0.1134
15.1896
0
1e-04
6.1833
0.8157
0
0
0
0
0.3482
0
0
0
0
0
0
0
0
0
0
0
0
0
0
0
0
3.642
0
0.7151
4.9843
0
0.3251
0
0
29.9851
0
13.1353
1.4938
0
0
4.5641
17.2854
0.9863
1.9792
1.3692
0.6143
0.3288
3.5012
23.3586
0.0988
0
0
0
0
0
0
0
0
0.5962
0
0.6094
0.2531
0
1.5831
0
0
0
1.2915
0.8006
0.002
0
0
1.8585
7.5456
0.0236
0
0.437
15.0048
9.5491
6.8999
0.0913
0
0
0
0
0
22.7827
4.8947
6.86
0
0
0
0
0.519
0
0.5732
0.0134
6.0964
11.6511
5.6435
13.4708
0
0.9319
0.388
0
0
0
0
0
0.0706
1.032
0.8801
0.9869
10.6498
1.848
0.9959
0
5.8308
7e-04
0
0
0
11.9609
0
0
3.5164
0
0
0
0
0.3141
0
0
13.3859
3.4006
2.1085
0.0971
4.3593
16.1131
2.2946
13.3486
4.2112
0.2525
0.0056
3.4831
0.2661
0.5237
1.1666
1.8345
0
0
1.2952
0.5927
0.2723
1.5676
5.4776
0.0412
3.5792
0.1089
0.0847
11.1779
9.6235
3e-04
0
0
0
3.756
0
0
0
0.4789
5.514
8.1723
4.0676
0.706
0
0
0
0
0
0
0.089
9e-04
0
14.694
0.007
0.182
0.8704
0
0
0
1.2589
0
0
0
0
2.1021
0
0.3726
0
0
0
3.403
0
0
3e-04
0.2923
33.7711
2.1806
0
0
5.3266
17.6532
1e-04
0
0
3.58
2.0125
1.1527
0
0
8.5472
0.0403
0
0
11.5673
0.4137
0
0
0
0
0
0
0
0
0
0
0
0
0.0832
0.0114
13.1159
0.5963
0
0
0
0
0
0
0
1.7249
0
0
0
0
0
0
0
4.5286
4.803
0.4552
0.0015
1.2188
0.6519
0
10.0266
0
0
0
0
0
0.0016
0.2799
0.0471
8.3439
3.1644
0
0
0
8.7613
0
1e-04
2.0308
16.5561
3.5002
0.2643
0.2084
0
0
4.6723
0
0
0
0
0
0
0
0.2321
0
0
0
0
0
9.1623
1.9494
0.342
0
0
0
0.1733
1.259
0.0427
0
1.3906
0
0
0
0
1.4843
0.2511
4.5717
1.7212
0.7836
0.9778
0
0.0327
0
0
0
0
1.9302
4e-04
0
0
1.0308
0.1846
0
0
0
0
0
3.3963
4.3176
0
1.8777
1.0605
0.2431
0.0755
0
10.2152
0.7539
0
0
0
0.8199
4.4553
2.0858
0.0977
9.0487
0
0
0
0
0
0
0
0
0
0
2e-04
0
0.0906
5.6759
0
0.0884
1.2037
2.5174
0.001
0
8.86
12.5904
0.3504
0
0
0
1.171
0
10.0054
5.1578
1.0753
0
0
0
0.1413
1.802
0.7561
0
0
7.768
12.7895
0.0262
0
0.9173
0.0302
0.2722
0
0
0
3.3554
0.0015
1.1457
27.1691
3.4634
0.1106
0.0294
0
0
0
0
0
0
0
18.0316
3.116
0
0.5327
0.0546
0
0.8942
1.0315
1.9801
17.1313
0.6639
9.6547
0.9266
0
0
3.7692
0.6706
7.6494
22.5818
0.004
0
1.2471
10.1047
0.2615
0
0.0034
3.2328
26.0311
0.5923
0.2884
1e-04
0.087
0
0
0.2767
23.2849
2.0517
0
0
0
1e-04
0.6051
16.4983
15.1016
12.0717
5.1731
1.4077
1.0555
19.6379
0.023
0.1947
17.6134
0.6094
0
0.7259
32.0365
0.2724
1.4822
0.0436
1.8893
0
0
0
25.5974
0.0143
0
1.687
0
0
0.0017
1.9852
3.0506
4e-04
0
2.0558
3.4275
0.1065
0
0.4215
0.4079
0
0
0
0
0
0
0
0.6097
1.3628
15.4343
20.8422
6.3887
0.424
6.4464
11.2171
0.4767
0
16.8445
23.4696
0.3665
0.0734
0
0
0
0
0
0.9904
0
8.2337
0.5587
0
0
0
0.054
4.8736
1.0951
0.0492
3.489
16.6251
0
0.0444
0
0
0.0507
0.6587
4.8656
1.2431
0
0
0
0
4e-04
42.0811
1.063
17.8697
0
6.8642
0.3948
0
0
0
0
8.0003
0.7245
0.2466
28.3492
3.2406
0.5634
0
0
0
0
0
0
0
0
17.7282
24.725
5.0495
0.3999
0.0706
0
0
0
0
0
0
2.7684
0.6262
2.4247
0.3027
0
0
0
0
0
7.0039
0.2505
0.1646
0.4637
0.1827
0
0
0
0
4e-04
0.6843
0
0
0
7.6297
0.5101
4.7865
7.8837
0.0316
0
6.0455
0.3613
0.2329
0
2e-04
0
0
0.4942
0.5493
0
0
0
2.923
2.8035
2.2001
0
1.5668
3e-04
0.1017
0
0
0
0.0981
0.3473
2.9682
2.2447
0
0.3387
19.3201
7.0036
3.2538
7.5019
0
13.7287
6.9361
0
2.18
0.043
1.025
0
0.0638
0
0
0.0264
0.2141
0.1971
1.4991
2.8636
1.311
0
0
0
0.0681
0.7531
0.1697
0
0.0844
0
0
0
0
0
1.2026
0.6932
0
0
0
0
0
0
0
0
0
0.1244
0
1.7741
0
1.0382
10.668
0.7663
0
0.1311
0
0.1084
0.1524
2.3936
0
0.3846
17.001
3.1186
0
0
0.0248
12.4183
1.2605
0.1194
0.006
0
0
0
0
1.1631
7e-04
3.6129
14.4709
0
0
0
0
0
0
0.0224
0
0.588
0
0
0.2879
0
2.1939
3.0326
5.1534
0.1287
0
7.3978
2.0682
0
0
0
0
0
0
0
0.509
0
0
0
0.0598
0
0
4.3736
0
0.0027
0
0
33.0238
1.0041
0.4957
4.2877
2.7827
6.4768
1.3751
0
0
8.9172
0.6482
0.4705
0
0
12.6694
2.0664
5.2233
0.2422
0.9087
0
0
0
0
0
0
4e-04
0.3197
0
0
0
0
0.0798
14.7671
0
0
3.1751
3.6682
0
0.2665
28.208
27.4133
1.9946
6.5415
0.0438
0
10.6501
0.3781
0
7.124
10.9698
4.4475
14.9839
0
1.9791
0
0.016
2.7474
15.5809
0.8741
0.2896
10.5547
7.392
0
0
0
0.0636
0.1531
2.1222
0
2.3657
7.2919
0.3044
0
1.9978
0
4.9103
7.7915
1.6629
4.0006
0
0
0
1.751
0.095
0.2811
1.6892
1.9417
0
3.1368
2.4499
0.0617
0
0.4553
0.2241
0.3637
1.4246
0
0
0
0
0
0
0.4533
0.2442
1.329
0.2481
5.6055
0.061
1.4826
0.0121
28.1556
0.1824
2.698
2.6532
0.2129
8.4481
0.1943
0
1.0217
1.21
0
0.2259
0
0
0
4.5365
0.7414
0
2.855
0.7272
0
0
1.4617
0.036
0.0134
9.3681
0.6074
0
22.7325
14.5156
0.1029
1.6867
0.1679
0.1758
0
0
0
1.9483
0
0
0
0
0
0.0382
0.9603
1.5135
16.6741
12.5258
0
0
1.7279
3.0331
0
0
1e-04
4.0227
38.7953
0.1984
5.1381
0
0.0686
12.769
2.8437
0.8945
0.382
0
0.0544
0
0
0
0
4.0536
24.0621
5.6024
0
0
0
0.4796
14.3104
19.7084
0.2592
16.249
3.3822
22.0473
0.2096
0
0
0
3.9548
7.2289
5.894
0.8414
21.5308
0.931
0
0
0
0
0.4781
0
4.593
0
0
0
0
0
1.2348
0
0
0
0
0
0.7642
1.075
0
0
0
2.184
0
0
0
0
0.1427
7.6647
0.0711
3.1145
3.8275
13.042
17.212
0
0
0
0.442
0
0.6248
0.1747
0
0.1027
0
0.0134
1.1223
5.2784
13.8969
0
5.2104
24.1069
1.7242
0.4985
0
0
0.002
2.4922
0.0928
0
0
0
0.2738
0
0
0
0
0
0
0
0
3.1151
0.2446
0
0
0
0
0.7959
0.3798
3e-04
0.545
0
0.3397
0
0
0
0.0307
0
0.319
3.3069
0
0
0
0
3.299
19.2737
15.4657
14.1637
0
0
0
0
0
0
0
0
2.8527
2.7524
0
0
0
0
0.534
0.1333
0
0.7711
10.7921
0.4356
0.3617
0
0
0
11.996
0.2824
0
0
2.8108
8.2982
0.2483
0.1709
0.0342
0.3213
0.0224
12.3287
0
0
0.081
0
0
0.3152
1.4455
0
0.0292
0
2.4025
0.1977
0
0.0032
3.909
6.0466
16.3941
3.1794
0
7.9334
1.3059
0
1.16
14.3263
1.2144
0
0.2972
0
0
18.163
9.0562
0
0
4.8236
21.2849
1.2928
0.0391
0
0.7825
1e-04
0.7919
7.3849
3.735
0.483
0
0
1.0919
0
4.3376
6.3642
0.322
0.3332
0
14.0191
0
0
0
5.1351
0.3837
7.1275
4.4278
0
10.9389
31.6816
6.4805
0.606
0.006
3.1999
3.6426
0.9623
0.0014
0.5329
0
0
0.032
3e-04
11.3614
0.1209
0
1.4752
5.1065
0.6779
0
0
0.032
6.2643
3.7716
11.3922
2.2529
0.1588
0
0.0577
0
0.0016
2.257
2e-04
2.7342
0.1741
0.0579
0.7274
0.7821
0.2973
0
3.7763
0
0
0
9.4623
2.3311
1.0306
0
0
0
0
0
0
0.9452
0.0103
0
0
0
6.793
2.448
0
0
0
0
0
0
0
0.4253
0.1898
0.0527
0.8059
8.4031
2.3574
0
0
7.7129
4.6788
3.0185
20.647
0.9858
0
0.0941
0.2468
0
0.2725
4.5403
0
0
0
0
0
0
0.8097
0
2.777
0.2695
1.9213
0
0
16.4954
0.0951
0
11.5504
16.4494
1.5315
0.0074
0.2699
0.044
7e-04
0
0.0344
0
0
1.2246
0
0
0
0
0
0
0
0
0
0
0
6.8416
1.0094
0
0.0807
2.6333
4.056
17.8337
2.5665
0.661
0.171
0
0
0.1114
23.3429
1.5255
0
0
0
0
0.8015
6.55
0.0566
0
0.6704
0
0
0
0.0248
0
0.2658
0
0
0
0.3141
0.6199
8.5325
0
0
0
0
0.0992
14.2868
2.3989
0
0
1.0377
0
0
0
0
0
0.8938
6.2902
0.9644
0.0014
0
0
28.0488
3.3413
0.5614
0.4208
0.2537
4.0583
1.1805
0.5383
0
2.8112
0
3.7334
8.9939
1.6145
0
0.627
1.9997
0.8646
0
0.6669
0.3131
0.3823
2.8216
0
0
0.1525
0
0
0
0
0
0
0
0.6804
4.6617
0.0023
0.5438
0
0.7869
17.8592
4.4331
1.0924
1.3012
0.2342
0.075
7.1225
0
0
0.4328
0
3.5006
6.4662
0.0043
3.8671
0.3704
1.5555
1.5837
1.5413
0
0
0
0.4969
0.0288
0
0
0
0.0278
0
0
0.1196
0
0.0598
0
0
0
0
0
3.0356
0
0.7621
3.1903
0.8967
0.7937
2.1567
0
0.7994
3.8651
0.3841
0.1757
0
0
0
1.0133
0
0.154
0
2e-04
0.5604
0
3.7081
0.127
0.3976
0
0
10.61
6.4395
0.8285
0.2094
0
0
0
0
0.8712
0
0.5704
4.555
0.8715
0
0.672
2.2619
0.0534
0
0.1878
14.6207
0
0
0
0
0
3.4234
1.2459
8.5966
0
0
0
0.9641
0.2323
0
0.4834
14.4654
0
0.5682
1.8715
0
0
12.4083
21.8045
0.1199
10.4892
0.1893
0
0
0
0
0
0
0
0.1611
0.1255
3.328
0.425
3.0658
0.3277
0.4206
0
0
1.0794
0.6487
0
0
1.1712
4.6669
7.5829
16.9081
0.8725
0
27.8202
0.58
6.2552
7.9752
21.6025
13.9883
8.02
5.0594
0
1.95
5.6536
6e-04
0.0704
0
0
7.3696
0
0
0
0.0883
0
0
1.3494
1.192
0.2703
1.1826
19.4926
0
0
4.0917
1.4744
0
0.6256
0.6417
3.3444
0.0812
0.1834
2.6011
30.195
0.5023
6.865
0.8179
0
11.9051
0.0445
2.768
0
0
0
0
0
0
7.3533
0.9919
0.5829
1.6234
2.6851
0.4045
0.1979
0
7.2086
9.0821
0.2176
26.1327
23.0803
5.4763
3.6473
0.4697
0.4666
0
0
0.6698
0
0.0548
0.7244
0
1.7747
22.462
13.9046
2.439
0.7442
0
0
16.3919
0.1306
0.02
0
0
1.8564
25.185
12.7078
26.115
1.4706
0.5905
0.3841
5.5742
0.0187
0
0.8687
6.0877
0.0019
0
4.0571
1.5056
0.0406
0.029
0
0
0.0374
2.3006
0
0
0.0717
7.6096
1.7125
0
2.1987
0.9783
2.5077
49.8446
3.4996
2e-04
0.0387
0
0
0
0
0
0.0592
0.0288
0
0
0.9518
7.2695
0
0
0
0.5264
0.0924
0
23.4971
2.6688
2.2701
8.7726
0.1337
28.1964
0.7245
1.0207
0.0532
0
0
3.7487
1.95
0
0
0
0
0
0.6533
0.0435
1e-04
0
24.5753
3.5092
0.6078
0
0
0
0
0
0
0
0
5.6176
8.0759
0
2.317
1.3313
0.1358
0.2735
6.1387
0.4001
0.0345
0.0361
0.3078
8e-04
0
0
0
0
4.2206
4.062
0.0034
0.0717
1.802
0.6127
0
9.9392
3.9941
0
0
0
0
9.2407
0
0
17.2754
9.2547
0.2375
0.0067
0
0
0
0.1088
8.5562
1.1217
0
0.1954
0.4294
10.4003
0.5558
0
0.1098
3.4563
0
2.5976
0
0
0.3322
1.3536
0
0.1348
22.1189
1.9893
4e-04
0.0235
0
0
6.904
5.1156
0
0.0843
2.0097
0.6813
17.1503
1.2973
0.1315
0.1824
0.0015
0
0
0
0.9174
0
0.657
0.1273
0.1202
1.8231
0.6072
0
0
0
0
1.3636
0.3971
0.7294
1.0495
3.9796
0
0.2867
0.2867
0
0
0.9252
2.6411
0
1.342
0.0793
1.3514
0.1509
0
0.0541
0
0
0
0
0
0
0
0
0
2.7054
0.4183
0
0.4413
0.7632
0.0576
0
0
0
0
7.5694
0.1927
0
7.3418
9.0165
0
0.8923
0.1022
0.1365
0
0.0903
0
0
1.3276
0
2.6478
0.4923
1.7639
1.5307
4.2198
0.0427
0.0011
0
4.109
4.8632
6.7472
0.3879
0.1025
1.5415
2.2378
0.3984
0.4011
1.6964
0.0624
0.1482
0
0.1529
0
0.0917
0
0
0.2274
1.3443
2.7541
0
0
0
0
0
0
0.0327
8.4611
0.8356
3.2297
0
3.8807
0.2877
0.4118
0
0
4.714
4.3612
17.5781
0
0
0
0
10.105
0
1.5853
9.9827
5.1976
1.5598
4.9719
3.0211
6.763
0
3.981
5.8618
1.8042
0.0088
19.4176
0.5321
3.8692
15.2082
0.2002
0
0.32
1.0235
0.1707
13.5954
22.5711
1.1792
2.831
0.1743
0
0
0
0
0
1.3579
7.7543
19.185
18.119
10.8373
13.1247
0.3078
5.4569
11.3166
0.3347
0.1034
0
0
0.1722
0
0.0385
7.589
0.0282
0
10.9274
0.1047
0
0
0
0.0527
3.5248
2.9883
0.6838
5.8381
0
0
0.0017
3.0829
2.7279
0
0
0
2.4628
9.2922
10.024
0
0.0014
4e-04
19.3212
6.8965
0
0.3281
6.2641
6.4462
0.9561
0
2.6669
19.607
0
0
0
11.5196
0.118
0
0
0
0
1.0228
0
0
0
0.709
9.1706
0.1877
0
0.2988
14.744
18.2655
0.0986
0.0361
0
0.3331
0
1.1599
31.3783
11.5719
18.4385
0.0647
1e-04
0.0384
0
1.8783
4.368
0.0408
0
12.1159
0.88
0.2148
0.0989
0
0.0432
0
3e-04
0
0
0.8075
0.0674
0
0
0
0
0
0
0
0
0
1.7163
16.0694
0.1528
0
1.3341
0
0
0
0
0
0
0.2143
0
0
0.0743
3.2812
0.1335
15.4799
0.9661
0
15.134
0.3666
0.3705
0.2127
0.1497
6.6828
3.0974
0.0887
0.0356
0.0848
0
2.3952
4.5839
0
0
12.3656
0
14.2987
0
0
0
0
0
0
0.0317
0
0
0
0
3.0114
4.265
0.2143
11.6694
3.3292
0
0.0052
0
20.5697
4.8954
0.1599
3.4002
4.9033
1.1502
4.5074
5.4084
0
0
0
0
3.1526
16.8535
0.4946
1.2246
2.2623
5.1497
0.1491
0.0997
0.1144
0
0
0
0
0.1027
0
0
1.5223
9.2148
0
0.0731
0.087
0.0529
0
0
0
2.5221
0
5.8952
18.7301
1.9973
18.7804
6.8636
0.0084
8.7229
0.3694
0.5358
9.9252
26.8978
12.6599
1.9913
0
0.5906
0
0
2.5871
0.9174
0.0442
7.4774
0.0012
4.199
0.0297
0.2045
0
0
1.3287
1.213
0
0
0
0
0
0
0
13.1405
7.2652
2.8879
0.0668
0
0
1.0099
4.5678
0.0153
10.5467
0.0306
0
9e-04
7.1412
4.4562
0.064
0
0
0
0.1024
0
3.0203
3.0937
0.0202
0.0084
0
0.0761
0
0.8856
0
0
0.1185
2.4139
1.3877
0
0
0
0
0
0
3.4343
0.9785
0
0
4.1358
0.2924
3.5685
1.3404
0.7701
0.0664
0
0.0052
0.3941
0.8434
14.5524
0.0655
0
0
0
2.7313
0
0
0
0
0.0064
0
0
0
0
0.0063
0.0063
0
2.7842
5.9417
12.2554
26.3435
10.3754
0.2058
12.9354
0.6412
0.2514
0.2411
1.436
0.4514
1e-04
0
0
0
0
0.7327
0
0
0.8242
3.0146
0.0012
5.9361
9.4419
0.0288
0
0
0
9.1373
4.7383
0.0011
1.2086
4.0066
0.2166
0.1076
0
0.0763
5.9699
0.2858
0.7848
0
0.1933
0.029
0.061
1e-04
0
3.6398
0
0.1862
4.3692
2.1339
1.1568
0.0709
6.6543
0.2221
0
0.5172
6e-04
0
0
0
0
0.2735
0
0
1e-04
0.2871
0
5.7353
5.3432
12.1042
1.6008
0
0
0
1.9065
0
0
7.034
1.9644
0.521
0
4.8485
5.6862
7.5808
5.5793
15.368
12.7799
7.2114
3.4942
0
20.9578
6.0372
0
4.5015
2.9786
3.9424
41.2211
0
0.005
0.0315
0
0
0.035
0
0.004
0
0
1e-04
1.3012
0.0036
0.4182
0.0059
0.4187
9.7076
9.256
0.0645
0
0
1e-04
0
4.0873
0.223
0
0
0
0
0
0.8006
0.0022
0
11.7631
8.0227
0.2079
0
0
0
0
0
0
0.7135
0.022
0.0013
0
0
0
1.5054
0
22.7544
0.4491
0.074
0.646
0.0842
0
1.6033
38.9721
9.011
5.6542
28.1727
0
0
7.9396
6e-04
0
0
0.08
0
0
0
0.0014
0
0
0.2321
0.3432
0.0942
0
0.7822
0
0
0.6881
0.1523
0
1.2346
1.1862
1.4323
0
10.4297
1.0429
0
0
0.1958
0
0
0
6.8426
0
0
0
0
3.8975
0
0.6544
6.8058
0
0
0
2.7735
0
23.0165
14.5076
0
0
0
0
0
0.0632
3.4836
1.4207
0
0.4783
7.6427
5.3332
21.6272
0.0959
1.0513
0
0
3.5079
0
0.0329
0
2.0396
7.0963
0
0.028
0.3605
0
0.4227
9.1318
0.2811
0
0
0
0.0336
0
0
0
8e-04
14.9
2.9972
1.3122
11.1079
11.8781
0.0458
7.5535
0
11.4562
10.64
0.8075
0.4581
0.0727
0
0.1105
0
0.0555
2.5782
0
4.3899
2.5742
0
0
8.1296
7.5002
0
0.0752
5.919
0
0
0.19
0.5445
0
0
0
10.9786
0
0.0676
0
3.8761
9.0794
15.9036
0.7482
0.0011
0.1494
4e-04
0
0
0.4019
1.5746
0.8985
0
0.0072
8.0771
7.8708
1.748
0
0
0
0
0
0
0
0
0.0642
0
0.0996
1.0047
0
0
0
1.035
0
0.0474
6.5462
8.3516
0.0302
10.9707
11.4828
0.0517
1e-04
0.9003
0.6625
0
0
0
0
0
0
0
0.5964
0.7278
0
2.6821
1e-04
0
1.8958
6.2312
3.6324
13.3269
0
0
0
7.4557
0
0
0
0
2.8124
0.1151
5.0749
0.0019
0.3125
3.8906
0
0
0
0
0.0357
0.9546
0.8782
4.0151
0
0
0
5e-04
0.9683
2.2115
25.9794
0.5183
0.2816
0
0
0
0
0
6.2386
22.8953
5.6949
12.6327
5.4362
16.0139
2.4118
6.1013
14.7067
3.636
0
0.4771
0
0
2e-04
25.1296
19.8523
0.7618
2.3959
0
4.6196
1.2943
0.0418
5.1463
1.6942
0.9609
0
0
10.5691
0.027
3e-04
6e-04
0
0
0
0.0399
0
0
0
2.5577
9.6662
1.4312
26.1827
32.5003
3.4719
0.1727
0.026
0
3.1698
4.6491
0.2417
0
0
3.7413
6.5558
21.468
0
0
0
0
0
4.0252
5.5939
34.2461
0.0444
23.0054
0.0012
1.634
0
2.1561
0.0028
0.4931
0.3323
1.3011
0
0.097
0.0709
2.8428
3.8019
29.7641
0.0367
0.4828
0
0.194
0
11.9123
0.1138
0
0
1.8749
0
0
0.0209
0.0688
0
0
1.6196
0.0511
0
0
0.0067
6.6471
0
0.0265
0
0
1.4997
0
0.3554
8.6818
7.1361
40.4109
0.654
0.2173
1.986
0.3588
0
0.0305
0.2721
1.6523
0.0771
6e-04
1.7557
0.1947
0.0821
23.8086
4.064
0
0
0
1e-04
9.5167
4.6494
0.2752
0
0.6274
9.5225
1.1287
0
0
8.2333
2.0841
0
8.8465
0.5586
11.2357
0.6135
3.6773
0.0024
0
0.0267
0.0424
0
0
9.9336
0.1075
0
0
0
1.588
42.5934
2e-04
3.7566
1.5708
4e-04
2.9085
0.209
0.7821
0.1746
2.7956
14.4405
6.4969
0.0019
0.0018
0.7617
5e-04
3e-04
2e-04
0.0222
0.0151
0
13.4837
0
0.072
0
4.5065
0
0
0
4.3375
22.5425
1.4869
7e-04
4.0019
0
0
0
0
0
0
0
0
0
0.588
14.2559
44.1516
0
0
0
0
0
0.0585
0
0
0
0.08
6.4646
3.8958
0
0.1222
0
0.1711
3.2888
0.023
0.2824
6.4374
10.3766
0
0
7.7454
9.2446
0
0
0
0.1976
15.171
8.0687
0
0
2.1786
25.0454
10.5262
2.151
0.4493
1e-04
0.045
0
3.4512
16.5409
4.7872
22.2593
0
0.0214
0.0608
0.022
0
1.1937
0
0.0828
0.1021
0.0929
0
0
0.579
0
1.0803
0
0
0
0
0
0
0.614
0.2289
0
0
0.0356
0
0.5197
8.357
3.8578
3.7075
0
1.6038
0.1906
0
0.7108
0.0238
0.0238
0
0
5.9199
0.1396
1.3756
0
8.606
8.0854
5e-04
0.1514
0
0
5.3261
0
0
0.5138
0
0.2875
0
1.944
14.406
0
0
0
3.471
0
2.3849
3.8712
9.9699
0.9485
0
0
0.5765
0.7953
0.0832
0.0194
0.8935
7.8009
0.2166
1.4438
0.544
0.3384
0
0.2897
0
0.0027
0.1911
18.6811
3.9274
0
1.4667
1.96
0
0
0
0
0
0
0
0.0355
0.2028
30.7942
24.3046
7.6586
0.0851
0.9878
2.1025
16.9864
3.4356
0
0
0
0
0
0
19.7332
2.3235
0
0
0
0
2.1979
6.137
0.4146
0
0.0562
0
0
0
0
0
0.8437
10.2615
0.9107
0.2159
0
0.3055
0.1774
0.3896
5.9425
19.5818
9.1596
0.2988
0.2801
0
12.1892
0
0
0
0
0
0
0
0
0
6e-04
4.4963
0
0.646
0
0
0.048
0
0.0104
5.153
7.9528
0.1684
0
0
0
0
0.0753
5.5587
0.1193
0
0
0
3.427
0.9772
0
1.3419
0
2.1838
0
9.919
0.0391
23.7224
0
0
0
0
0.288
4.4249
1.266
31.7365
4.0181
0
0
0
0
0.0013
1e-04
0
21.6482
8.7343
21.8931
1.6757
8.2076
1.1424
9e-04
0.0411
0
0
0.299
7.1364
0.0639
0
21.0728
84.0272
20.3116
10.3834
1.9269
9.8719
10.5133
0.2022
0.028
0
0
0.431
0
0
0
0
0
0
0.0083
6.3245
5.8067
21.5422
0
2.3537
0
0
0
0
0
0
0
0
0
0
0
0
0
0.0024
6.1133
0
0
0
0
8.6125
2.1388
1.0637
0.0052
0
0
0
0
1.8805
0.0299
1.5687
1e-04
0
2e-04
0
3.7485
0.1229
4.1116
0.1081
0
0
2.5321
23.4762
0.4631
0
0
2.1691
0
0
0
0
0.0599
0
0
0
0.0599
0
0
0
0.533
0
0.0288
0
0
0
6.0739
0.0603
15.1322
0.5998
0
0.7694
2.4013
1.9492
0.0483
0.0409
11.001
34.5104
0.0852
0
0
20.8464
0
0
0
0
5.5378
0.0438
0.4264
0.0409
4.1494
0
0.21
0.044
12.4852
0
6.5936
23.9893
0.005
0.9141
13.2807
2.8477
0
4.5655
0
0
0
0
7.5497
0
0
1.3138
0.1832
2.8481
1.9193
0
0
0.504
0.0903
0.0821
18.3872
15.6225
1.7696
1.7773
0
0.926
0.7071
0.0592
0
0.6976
0.0602
0
0
0
0.8748
0
0.264
0
0.9396
0.3849
0.3664
1.0889
2.6146
0
8.0632
0.3842
0
3.971
26.3197
45.406
0.6246
0.061
1.9809
0.4919
0
3.1431
1.9432
0.2622
0
0
12.7046
0.6661
0
0.0304
0.0666
1.7377
1.395
0
0
14.0372
0.2303
0.6931
3.5237
0.0246
0
4.7271
15.2625
7.0652
0.0098
0.4619
2.1188
0.02
0.0689
0
0
0
0.7713
1e-04
0
0.2793
6.4094
20.3255
0.4896
3.0797
5.1991
0
1e-04
0.1073
0.0906
9.7392
18.2963
0
0.0202
2.9324
15.5704
0
0.0266
13.2742
0
0
0
0
0.5675
5.8276
18.1479
3.7382
3.2932
0
0
0
0
0
2.2749
2.3338
0
0
0
0
4.7564
0.6879
0
2.4298
7.005
0
0
20.2888
5.7224
0
0
0
5.006
2.2681
1.6931
1.9689
14.6383
1.8782
0.0609
8.8597
0.2211
5.5612
0.5831
7.8735
0
0
0
0.1586
0
0
0
1.0888
0.0304
6e-04
0
0.0804
19.7949
0
0
14.8861
3.4067
0.566
0
0.9197
1.1944
16.33
25.2343
0
0
15.8066
0.7666
0
4.1153
0
0
0
0
17.1718
5.2631
1.2392
0
15.7582
20.4531
2.2078
10.8268
1.8653
0.1759
2.3962
0
28.2565
0
0
0
0.5753
20.5266
7.3825
0.0633
0.8783
1.9886
3.8025
0
0.0788
0
2.6384
0.0016
3.0264
4.071
3.817
0.0473
0
0
0
0.087
0
0
0
0
0.08
6.2564
0.0624
0
1.0016
2.6505
0
0.7623
0.7365
1.3952
0.3932
0
0
0
0.2916
7.1647
0
0
0.5691
0
0
0
2.354
0
0.0808
0
2.3583
0
0.0474
0.1931
1e-04
0
0
0
0.197
1.0868
1.715
0
2.5471
0
5.8905
0
0
46.7582
27.2825
10.5151
0.2816
0
0
0
0
0
0
0
0
0
0
0.0786
0
0.0584
5.0733
3.5437
0.1002
0
1.5118
1e-04
0
0.0264
0
5.7672
0.3593
0.9342
0
0
4e-04
0.0792
5.3374
12.9232
0
0
0
0
1.5793
0
0
10.3822
1.2874
1.0365
2.4398
1.0141
0
1.9948
0
0
0
2.6015
0
0
0
0.0951
0.177
1.4037
0
0
3.0157
17.4432
7.0869
27.7012
0.7008
0.0716
0.142
0
0
0
0
0
2.8662
3e-04
0
0
0
0
7.1108
1.3897
2.6558
0.1032
0.9434
0.0268
0.2529
0.1249
0.1494
17.9775
8.2786
0
0.1094
0.0068
1.9774
3.1655
1.1088
3.7466
0
20.5619
0
5.6648
0
1.5175
12.1722
0
3.2954
0.9187
15.0469
0
0
0.3656
0
0
0
1.2285
0
1.4147
0.392
0
2.854
6.5303
0.5182
0.1069
2.052
3.5101
0.0409
0
0.919
0.3968
0
0
0
0
0
0
0
0
1.2211
13.8653
0
0.181
0
0
9.9576
0.0899
8e-04
0
0
0
0
0
2.7688
50.1427
2.0834
0
1.0024
0.9534
0
0
7.6569
9e-04
0.4314
3.6721
0.2685
0
0.112
0.0337
2.4904
7.3291
0
0.8767
2.3522
0
0
0
0
2.5669
54.2289
0.537
18.6664
17.6802
0
0
0
0
0
0
2.3786
0.3985
0
0
0
0
0.0117
2.5377
0.0377
0
0.0016
8.9425
0.4042
0.6153
0.5301
0.0076
6.5163
0
6.8574
21.7178
0
0
0
2.2059
0
0
6.5973
19.7283
2.5755
2e-04
0
0
2.9969
12.8773
1.9807
0.6283
0
0.1913
0
0.1931
0
7.3072
2.8503
12.7734
3.1635
0.4991
0
0
0
1.818
4.4869
10.4748
0.0488
0
0.494
0
3.572
24.2676
1e-04
6.3953
0
0
0
0
0
0
0
0
0
0.693
14.9381
4.0641
0
0.0352
0
7.5069
7.2006
2.4204
0.009
0
0
0
0.9216
0.8506
0.5432
5.8229
3.6394
0.8094
0.0267
0
0.0525
2.7031
1e-04
47.6088
6.5631
0.1096
0
0
0
0.1912
3.9085
0
0
0.1332
0.214
1e-04
2.9199
0
1e-04
0
0.0565
0
0
0
0.9815
18.1206
0.0011
0.2199
0
0
0
4.566
0
0.319
1.4257
0.508
8.2131
9.6049
1.8369
9.1852
0
1.2164
1.8594
16.1895
0.2781
0
0.1424
1.1112
0
0.0024
0
0
0.051
3.2906
0
0
6.962
0.2143
0
0
0
0.0627
8.0599
27.2833
0.4656
4.9019
0.2507
7.0617
0
0
2e-04
0.0801
2.1228
10.0788
0.7423
1e-04
0
1e-04
0
2e-04
0
2e-04
0
6.2415
10.9111
0.947
1e-04
0
0
0
0
0.0011
0
0
0
0
0.168
5.2916
1.1266
2.8561
3e-04
0.1565
0.1469
0.2868
3.3724
0.0309
0.0596
0.0725
32.0994
8.8626
0.0302
0
0.7582
3.074
2.1063
20.6176
1.5628
0
0.7932
0.0012
2.8897
3.3125
0.0106
0.1455
0
0
0
0
0.0139
18.685
0.868
0
0
1.7409
3.6701
0
0.1096
9.8299
0
0
0
0.0312
0.0202
0
0
0
0
0.6061
0.3021
0
0
0
0.0282
1.4451
0.0312
0.0067
6.108
0.136
0
0
0.0528
0
1.8166
2.1786
0.9204
0
1.7813
2.8111
0
6.3514
6.6767
0
0
0
0.0515
0.6537
12.9107
0
0
0
7.0527
0.1216
0.0778
0
0
0.5475
9.1174
0.1318
0.5738
1.2711
0.5547
0.2787
11.1524
1.5442
4.2158
0.3625
0
0.291
1.1625
0
0.0756
0
1.2975
0.1129
4e-04
5.2956
0.8214
0.0417
0
0.219
0.3335
0
0
0
0
0
0
0.0302
0
0
0.1591
0
6.4769
2.7884
0.0071
0
0.7701
0
0.0635
0
0
0.5085
0
0
0.8619
1.554
0
0
8.2136
0.6665
0.237
0.1569
5e-04
0.1265
0.2377
0.6261
0.6041
0
0
0
0.1247
7.9254
0
0.3195
1.1357
3.503
1.5002
0.1046
0
0
0
0
0
0
0
0
0
1.0469
1.0419
3.9851
16.8169
4.9666
1.0914
1e-04
0
0
0
0
0.0411
4.3762
0
0
8.9089
0.1552
0
12.8085
3.8005
0
0
0
0
0.0248
0.0379
1.2555
0.501
14.4742
25.7171
0
0
0
0
0.9346
0
0
1.4497
0
0
0
0
0
0
0.1496
7.4115
27.7363
18.6244
0
0
0
0
6.8261
7.913
6.7213
3.8049
0.9662
3.7584
3.8456
5.7606
0
0
26.4415
5.8714
0.9542
8.7036
0.1102
5e-04
18.7095
3.7323
0
0.145
9.935
8.5011
0
0
0
0
3.696
0.1164
0.0013
0
19.5393
7.9471
3.7705
0.0022
1.2263
14.5345
7.3183
0
2.0491
8.082
0.0033
2.783
0.0342
9.8633
4.4532
3.9926
0.9692
0
0
5.1576
0
0.0659
9.045
8.2935
3.0356
9e-04
6e-04
14.1523
3.6626
0
0
0
0
4e-04
2e-04
0
0
0
9.4142
7.4903
0.0104
1.11
2.7839
2.7259
0.9707
0
0.0328
0.0257
2.7437
0.2306
1e-04
0
11.5126
0.7538
25.3561
6.3507
0.0681
0
9.7281
1.1507
0.0163
0.0166
1e-04
0.301
2.8292
1.7433
5.6583
1.0664
0
0
0.0611
1.1027
13.8194
0.5225
0
2.1013
1.9193
0.6082
0
0
0
0
18.5819
0
6e-04
0.5361
0
0
0
0
0
0
0
0
6.0009
2.2042
0.2791
0.1864
0.076
0
0
0
0
5.1376
0.0164
0.151
0
0
10.7385
0.0743
8e-04
0.2794
0.0675
0
0.6869
1.0693
0
0
0
3.438
12.7369
0.0062
0.0016
0
4.5625
0.3489
0.0011
0.0357
0
0
0
0
0
0
0
1.5268
9.5125
0.7078
0
0
0.0312
0
0
0.2696
0
0
2.8373
1e-04
6.4445
0
0.2327
0
5e-04
0
0
0
0.0011
0.4762
0
0
0
0
0
0.0038
0.0524
0
0.2409
1.1211
0.1402
9.4315
13.1053
2e-04
0
0
0
4.2617
8.7827
0.5261
33.1091
4.1385
0
0
0
15.4573
0.0655
0
0
0
0
0.0472
0.2283
0.0663
0
1.0002
0.0187
14.0356
0.5911
0.0189
0.0195
0
0.0227
0
0.0308
0
0
0.5309
0
0
0.1966
0.4102
0
0
0
0.4516
1.5708
10.4437
0
0
0
0
0.0675
0.2832
2.0549
0.2207
0
4.0247
3.3565
0.9493
0
0.1529
0
0
3.2573
8e-04
1.4895
0.0552
0
0.4031
0.9233
1e-04
0
0.7732
0.3436
0.3704
0.023
0
5.2213
7.1289
1e-04
0.1706
4.5013
0.7182
0.7719
0
0
0
0
0.4101
0.6033
0
0
0
0
0
0
4.9772
13.6584
0.5907
0
2.1098
5.953
0.208
0
32.9524
0
0
0
2.4876
22.6593
3.9855
0
0
18.7353
0.0474
2.2797
0
0
0
6.4554
0.0036
0
0
0
0.5354
2.8946
1.1974
3.3912
0.0013
0
0
0
0
0
0.1268
5e-04
0
1.2386
0.6238
15.39
0.1069
0.3423
3e-04
16.0857
0
0.0314
2.7024
0
0
0
0.2411
8.4366
0.6173
3.2671
15.8651
16.8368
0
6.8666
12.2497
2.2984
23.5251
1.072
13.3539
9.9784
0.6694
0.0011
2.8975
1.6456
11.1806
0.0628
0
1.4383
1.0682
1.246
0.0058
4.9783
0.0434
3.5191
2.1672
20.209
12.9441
5.1508
1.759
4.1845
5.6965
0.1286
0.1455
0.4195
5.515
5.9136
30.7331
30.4324
2.869
0.1949
19.527
0.8794
0
0
0
0
0
0.1502
0
0
0
1.541
10.1701
0.3803
0
0
0
0.3615
1.6834
0.4769
4.0749
1.6597
4.1034
0.4704
5.9944
0.3357
1.7382
0
0
0.0392
0.3558
0
0
0.0246
1.9546
0
0
1e-04
0
0.0112
0.0561
0.1093
0
27.6279
0
0
0
0
0
0
13.3112
1.4895
0
0
12.2746
15.5657
9.4594
0.5699
0.002
0.0305
3.4136
9.9454
0.4519
0
4.6938
0.5104
8.7317
0
5e-04
3.8267
31.3301
0.023
7.9681
0.0955
0
0
0.2631
8.3153
0.8431
0.0335
0
0.595
3.1693
0.034
2.6371
0
0.2634
32.2014
16.7121
0.3634
0
0
0
0
0.2351
0.8993
0.0028
0.58
11.9916
0
0
12.6061
19.8379
5.0547
0.0598
4.8589
0.3561
0
0.4992
2.4145
0
0
0
14.6403
0.1266
1.1109
0.0359
15.2557
0.6523
0.4295
34.587
2.4047
4.6773
10.7991
1.1393
2.846
0
1e-04
0
0
0
0
0
0
0
0
0.0388
0.8932
1.1601
1.3357
2.0512
0
3.979
29.8055
23.925
0.054
0
0
6.3111
0.2656
4.9322
6.4575
0
1.2345
0
1.1083
0.036
0
0
6e-04
0
0
1.4978
1.0181
5.2138
0
0.6855
1e-04
0
23.7952
2.8248
0
0
0
0.7006
0.0936
1.9746
27.1584
12.3795
0
0
0
15.7644
5.7504
56.8864
3.8717
0
0.138
0.0668
6.3413
15.7377
3.7508
0.2784
0.013
0.5235
0.0041
0
0
1.3688
6.4484
13.9684
0
1.4683
0
6e-04
1.5863
15.6456
0
0.3953
0.2185
0
0
7.7539
0.1905
0.192
4.0608
0.8018
2.5306
0.256
0.0321
0
0
0
0
0
0
0
3.8151
2.6129
3.1381
0.003
0.7337
0.0089
12.0345
0
0.8224
0.7144
3.2897
1.0288
6.7006
0
0.1598
6.7591
3.6131
5.0172
0
0
0
0.3818
0
0
7.2194
5e-04
0
0
0
0
0.012
0.2425
0
0
1.2631
0
1.9313
0
0
0
0
2.8079
1.6025
1.2266
10.5546
0
0
0
0
11.6245
1.1515
15.5345
0.0228
0.6301
2.2286
0
0
4.3203
0
0
0
5.8471
5.0873
1.8138
2.5916
1.6628
0.354
9.1649
1e-04
0
0
3.6827
2.4365
3.9738
0.247
0
0
0
0
1.0352
0
0
0
4.2465
0
0
0
0
0.0442
0.7374
0
0
0
0
6.3872
0.296
0.6912
0
0
0
0.5427
4.1455
0
0
0
1.7034
3.7391
0
2.1559
0
5.8618
9.6717
2.3056
0.3089
2.6949
0.116
0
23.9098
6.1558
1.5587
0.5585
0
0
0
0
0
0.0016
0
0
0
0
0
0
0
0
0
0.001
0.0024
0
11.4511
0.0133
0
13.3549
0
0
0
1.8642
7e-04
0
0
0
0.0042
8.8845
0
0
0
0
0.2189
1.2906
8.1727
0
0
1.7614
10.697
0
0
0
0
0
0
1.9483
6.9412
6.5603
2.0944
0
0.0043
7.4804
1.5463
0
0.0021
3e-04
2.9896
0
0
0
0
4.117
0
0.0111
0.1996
12.859
15.7084
3.2007
0
3.985
3.6461
0
0.6798
4.7669
5.7243
0
0
0.001
0
0
0
0.0523
31.1072
0.0801
0
0.034
5.8408
31.7183
5.4931
0
0.3012
22.3753
0.4619
1.4576
0.0104
0.0082
0
0.1541
2.9491
0.0039
0
0
0
0
29.0418
0.0909
0
0
0.1107
3.3089
0.7688
9.7225
3.0379
3.7856
2e-04
5.5338
21.7218
2.3743
0
0
0
0
1.9036
0.9847
0
0
14.3874
9.6301
0.0975
1.156
12.9815
0
0
2.2168
11.1838
1.5964
0.0372
0
0
0
15.9664
7.4711
0
8.1745
13.9557
0
0
0
0.8606
0
0
3.1109
1.3658
0.2466
0
0.6864
9.0583
6.2159
1.1473
0.1056
0
3.5225
0.9805
0
4.0367
2.5095
0
0.1034
13.8924
3.0711
0.8566
0.0042
0
0
0
0
0
0
0
5.2632
0
16.068
0
0
0
0
0
0
0
0
0
0
1.7282
0
0
0
0
0
0
0
0
6.6304
0.3194
3.8266
0
0
1.5146
4.4774
8.3594
8.1136
0.0358
0
0
0
1.0522
0
0
0.9743
0.1484
14.2959
2.2603
0
0
0.0091
0
3.5842
0.1959
0.0298
4.2656
0.8027
0.3752
0.1484
0
0
0
0
0
0
0
0
0.2172
16.2167
0
37.2798
5.452
0
0
0
0
0
0
0
0.0864
0
0.0068
0.5779
0.6165
0.8656
4.0628
1.8329
10.1453
1.396
0
0.5268
0.0012
1.4752
0.1868
0.8391
0
3.4032
0
0.233
0.094
0
0
0
0
0
0
0
1.8539
0
0
2.3371
0
0
0
24.0939
15.5249
2.6599
0
0
0
0
0.0956
0.2722
0
0
0
0
7.1595
0.0111
0
0
0
4.9637
0
2.9049
1.7685
0
0
0
0
0.2634
4.0591
0.1967
0
0
0
0
0
0
0
0
0
0
0
0
2.8228
2.0805
13.281
26.4217
13.8441
1.716
0
0
7.4626
0.1786
2.9564
5.1085
0.8258
0
0
1.2395
21.8066
0.5293
0
0
11.0635
0.1656
0
0
0
0
0
0
0
0
0
0
8.328
1.8745
1.7884
0
0
0
0
0
0
0
0
0
1.9704
1.9771
0.14
0
0
4.9727
13.6811
0
0.637
2.0387
18.2652
2.0616
0
0
0
0
0
0
0
12.8774
0.7704
0.0383
17.7724
1.1431
0.8924
3.9161
0.0607
0
0
0
0
0.3643
3.3613
0.0365
0.2668
7.3838
12.3852
8.8927
7.8727
1.6329
9.5141
0.5839
5.0729
1.5042
10.7353
15.0917
5.3977
10.5159
31.8664
33.6331
0
0
0
0.0257
0
0
0
0.5287
0.0852
34.5528
0
9.1666
0.0036
0
0
0
8.1841
0
0.0285
0
3.0233
4.3444
13.3793
15.9682
0
0
0.0479
24.0008
0.227
0.5877
0.5962
0.002
0.0074
6.3171
0
0
0
0
0
0
0
3e-04
5.1788
3.3865
7.5918
0
0
0.7364
11.5095
0
0
3.6426
0.2753
0.799
0
0
0
0
0.2152
0
1.6023
0
0.0753
3.489
4.838
0
1.4723
6.4055
0
0
0.0255
13.6458
22.0044
0
0
0
0
0
0
0
4.9354
0.4715
0
0
1.3401
28.9012
27.0098
17.2852
0.8674
0
0
0
0
0
0
0
0.001
4.4592
0.8594
0.0765
6.3785
0.3826
0.4049
0.0523
0.908
0.4066
0
0.0011
0
0
0
0
13.9575
11.1009
2.6485
0
0
0
2.1086
0.9906
1.8206
0
0
1.9341
2.5176
0
0
0
0
12.453
3.2313
0
0
9.3493
4.5779
0
0
0
0
0
0
0
0
0
0
0.0616
0.1771
0.025
0.3878
0
5e-04
0.0261
0
0.1664
0
0
2.7615
0.0991
0
1.538
0
0
5.1362
28.6974
46.5966
0
0
0.0622
0.0418
0
0
9.6787
0
0.0532
0.914
3.5161
0
0
3.4452
6.373
0
0
0.2582
0.7516
14.7858
0
0
0
0.0348
1.6892
1.0347
0.0918
2.1873
0
0.6038
0.1704
0.1781
0
1.3069
1.8098
0.6924
0
0
4e-04
0.2757
12.7325
10.9041
0
0.6828
8.3005
0
0
0.1009
3.9822
0
0
0
0
0
0
0.1223
1.0539
2.5238
0
17.1014
5.5786
0
0.796
0
0.0025
0.1899
0
0
0.0278
5.0583
0
0
0
0
0
1.9491
0
0.5693
0.0561
9.1164
0
0
0
0
0
0
1.4465
0.3691
0
0.5505
0
0
0.0597
0
1.6424
2.0001
1.7057
0
0
0.0089
0
36.9335
3.7098
0
0
8.7852
9.9635
0.9204
0
3.0615
0
0
3.8167
9.2033
0
0
0
0
0
0
3e-04
0
0.5935
5.0518
0
0
8.7814
5.667
5.157
1.0386
0.0154
0.445
4.1625
0
0
1.8426
0
0.6672
4.7213
0.0812
5.2498
12.7583
5.4154
11.2328
0
12.6962
0
0
0.0393
10.252
0
0
0
0
0
1.1753
7.1666
0.4065
0
0
0
0.5141
2.0666
17.3573
0.0999
0
0
20.8226
0
0.7703
4.6718
0.5695
3.6786
0
0
0.0346
0
9.8192
10.5065
8.1642
0.1225
2.2562
14.3323
16.1186
5.1697
0.7501
0
0
0.0356
0
0.1879
0
0
0
0
0
0.8822
12.4534
2.7171
0
0
2e-04
0.2035
0.002
0.0122
0
0
0
2.5351
0
0
0
7.7195
0
0.0034
1.6583
0.9924
0.1227
0.0717
0.3505
0.004
0.0082
1.8321
0
0.6017
3.6003
3.7082
0.0926
0
0
0
45.7062
1.6261
0.1389
0.2544
0
0
0
0
2.4513
5.2851
2.4637
3.1343
0
0
0
0.1374
0
0
0
0
8e-04
2.4985
4.5246
0.0022
0
9e-04
20.7086
0
0
0.0394
60.4023
10.9317
0
0.6392
0
3.6749
3.5657
0
0
0
0
9.6423
0.0998
0
0
0
0
0
0
0
8.4488
0
2.6834
11.0884
2.0938
0.299
1.7488
9.0727
0.0034
0
0
0
0
1.6206
6.5955
4.7918
1.8317
2.6383
4.9001
0
4.1006
0
0
0
0
0
0
0
1.5158
0
0
5.9295
1.5066
0
0
5.2126
0.9265
4.6602
1.5858
0
0
0
1.1195
0.4635
0
0
0
1.0499
4.3648
0
0.0041
0
0
2.0718
5.686
17.4694
0
0
0
6e-04
0
0
0.7081
0
0
0
0.5824
8.9233
0
0
3.5997
0.1172
0
0
0
0
0
7.3569
0.2838
0
0
0
0
0
1.1336
9.8825
0.8237
0
0.0799
9.0617
0
0
0
0
0
20.3936
6.9293
0
2.2036
0.6869
0.0736
0.3054
0
0.1708
7.3947
0
0
0
0
0
0.0777
0
1.5552
2.6571
0
0
0
2.8509
0.663
0
0
0.7433
0.1792
0
11.6721
3.9542
0.0349
5.0026
0.1357
0
0
0
0.1305
0
0
0
0
0.441
0
0
0
0.2151
0
0
3.5009
0
0
0
0
0.3504
0
0
10.1073
0
1.2745
0
0
0
0
0
0
0.6421
0.0718
0
1.4854
6.5162
0
0
0
0
0
0
0
0
1.0789
0
3.5728
14.4023
0
0
0.1249
0.0161
0.3412
0.1773
6.1568
3.6089
0.0486
0
1.1788
13.0904
0.8646
15.5377
1.5323
1.021
0
3.7163
0
0
0.4352
0
0
7.7592
12.0776
0.4933
0.0364
0
0
2.877
3e-04
0
0
0
3.8682
1.7928
0
0
0.5699
4.1208
0.2853
0
0
3.4968
4.0043
5.9074
0.0397
0
0
9.6877
4.4437
1.6822
6.3816
2.2024
0
0.1111
0
0
0
0
8.1477
15.0417
0.135
3.0752
13.7533
53.452
0
0
0
0
0.0454
0
0.0845
8.4176
14.5942
2.4913
7.3713
5.8801
12.8975
12.0559
8.4538
9.1724
4.1662
2.4719
0.8481
0.3216
1.319
1.4601
0.9594
0
9.1341
2.5245
65.0624
37.7907
4.213
0.8949
0.0654
0
0
0
0
0
14.4096
1.2792
51.8972
0.5812
0.0155
15.2787
4.1191
7.3885
0.275
0.0375
12.2038
6.7339
6.8498
0.1402
0
0
0
0
0
1.3211
1.2374
0
3.965
0.6846
0
0
0
22.9406
0
0
0
0
0
0
6.8003
2e-04
0
0
0
12.7799
0
1.421
30.5789
0.6457
5.4616
0
0
4.8328
14.402
0
0
0
0
0.7546
5.9778
0
0
2.2088
0.0724
3.4485
11.9415
0.0639
0
0
0.3417
0.2655
9.1034
1.6995
0.1949
0
0
0
0
0.1258
18.6096
0
0
0
0
0
0
0
0
0
1.7893
0.0826
0
0
3.7947
0
0
0
0
0
2.0835
0
0
0
0
0
0.146
0.5547
0
0
0
0
0
0.6365
0.0838
5.4918
1.7726
0
0.0013
34.7646
0
0
0.452
2.4397
0.0166
0
0
0
3.6134
0.0027
1.0192
0
7.0196
0
0.8258
0
0
0
0
0
5.7523
0.6771
0
3.1932
0.2873
0
0
0
0
11.3326
4.8792
0.0548
0
0.5633
0
0
0
0
0
0
0
0
0
0
0.0208
0.0055
3.3669
0.6715
0
8e-04
0
0
0
4.5991
0.8925
4.3881
5.8493
0
5.9105
20.4805
28.6934
6.0237
0
0
0
0
0
0
0
0
0
6.1593
0.5472
24.9759
0
0.8904
0.2108
0.0408
5.6386
1.5129
0.011
0
0
0.8832
0
8e-04
0
0
0
0.0637
0
8e-04
0
0
0
0.5486
3.3462
9.8506
0.4868
0
0
0
0.0434
0.6226
0
0.0065
0.1583
0.007
0
0.6279
6e-04
0.0014
0
0
0
0
0
0
28.2988
7.9012
0
0
0
0.2497
9.2099
0.5824
1.8549
2.4197
3.1611
0
0
0
0.9445
19.3055
1.3277
0
11.5578
3.6048
0.0829
0.0463
0
0
0.0997
0
0
0
0
26.5383
0.3878
0
0
28.2607
0
0.062
18.1353
4.3616
2.8677
0.3269
1.6235
0
4.6602
13.7608
4.028
6.0809
2.2678
4.3031
0
0
1.8212
0
0
0
0
0
0
5.5944
8.6536
0
0
0
12.6754
0.0069
6.7069
1.991
10.0573
8.8924
12.0865
2.556
2.036
3.2989
0
1.0961
0.0014
0.7749
7.0776
0.4621
8.4095
6.6989
5.6157
0
0
1.2126
2.0123
0
0
5.5989
0
0
0
0
0
0
2.3322
0.2158
0
0
0.0652
0.0922
0
6.813
17.5257
1.2442
0.7399
0
0
0
0
0
0
0.1348
10.4534
0.6788
0.4959
0
0
0
0
0
36.2229
5.8288
0
1.7817
1.1216
0
0
4e-04
2.265
0
0
0
0
0
8e-04
1.7835
1.3067
0
0
0
0.047
9.9334
0.1509
0.2034
0.0012
8.23
0
0
0.6236
0
0
4.9665
0.0502
0
0
0
1.0547
3.0477
1.3618
0
0
0
0
0.904
0
0
0
1.1054
5.1825
8.3555
0.6678
19.1486
0.8472
0.8369
16.1956
0.1303
2.4243
1.7547
11.5187
1.2327
0
0
2.2597
8.315
0.1621
21.2637
0.0598
0.0506
0.1858
3.4048
0.144
0
0
0
0
0
0.002
0.0887
0.0053
26.5237
0
0
0
6.4134
0.0012
0
40.7571
0.8272
0
0
0
0
0
0
0
6.7774
0
5.6037
12.5888
9.2705
4.8933
0.6262
0
0
0
0.0093
0
0
0
0
0
0
3.7148
1.4856
0
3.5828
0
0.0349
0.4744
21.3385
8.7207
0
0
0
0
2.7788
3.666
0
0
5.1249
0
0
0
7.7459
1e-04
0
0
0
2.8836
0
0
0
0
0
0
0
0
0
0
1.5109
0.0485
0
0
4.7542
5.0156
0
0.0103
0
7.9456
6.2077
0.1604
0
0.008
0
1.653
2.6403
7.6804
0
0
9e-04
0
8.7753
4.2771
0
0
0
4e-04
2.964
1.1107
0.3792
0
0
0
0.0182
1.1373
0
4.4649
3.1132
0
5.0315
0.1721
0
0
0
20.2476
7.8606
0.3243
0
0
0.2178
0
7.1089
2.5174
23.3676
0
0
0
0.2182
11.7762
0.0177
1e-04
13.2248
0
0.5547
4.6588
3.2657
0.545
0
0.1195
0
0
0
2.3358
0.0171
0.0041
0
0
0
0
21.8251
1.7329
0.7773
0
0.0032
5.9565
0
0
0
0
0
0
0
0
0.0099
0
0
4.7621
5.1951
0
0
0.3352
6.7446
0.7915
0
0
0
0.1368
3.7785
0
0
0.1014
0
0
1.6988
0.0523
0
0
6.0417
0.0415
0
2.1309
0.2581
0
0
1.7876
1.013
6.2398
3.0722
0.2788
0
11.7167
15.9977
0
9.4716
1.5827
4.4945
3.1936
15.2594
5.9049
0
0
0.5568
7.0914
0
0
0
0.2053
0
0
0
3.5654
7.4078
6.1724
0.0175
0
0
0
0
3.1757
1.7368
8.4593
16.124
7.5591
2.6336
0.0352
35.2689
29.2296
0.8939
0
0
0
0
11.3393
0
0
0
0
0
0
0.5772
14.0675
6.2342
8.0252
0
0
13.1707
5.2639
0.2016
12.3678
8.24
3.6853
0.0214
0.381
0.4778
0
0
0.1081
0.5333
0.0048
0.0809
0
0.057
0
0
0
13.803
9.8204
0.0107
3.2863
5.7501
4.2203
1.4304
0.3115
0.0129
0.7882
20.1695
0.0442
0
1.6642
1.264
0.0726
0.2787
61.1734
8.5065
0
3.7441
0
0
0
14.6308
0
0
49.0191
5.7793
13.3102
39.0579
0
0
6.4865
0.024
0
8e-04
0.0098
0
14.4416
2.2949
0.001
0
0
0.0638
0.0135
0
0
0
0.9021
0.0955
1.5225
6.4146
1.6187
0
0
0
0
0
1.0105
0.0099
0
0
0
0
12.0877
0
3.0247
0
7.638
5.3128
0
0
0
0
0
2.2805
9.657
0.0013
0
0
0.0611
0.0591
0.4488
17.291
3.1528
7.4144
0.235
0
0
0
0.0068
0.9466
2.7371
0
0
0
0.5328
19.8442
3.014
0
0
0
0
0
0
0
0
0.2351
0
0
0
0
1.3975
0.498
3.5838
4.8306
7.2621
4.3974
0
16.3695
0.9261
0
0.0085
0.6646
0.1002
0
0
0
0
0
0
8.4404
7.0979
0.3847
0
2.3202
7.8594
0
1.2718
0
0
10.7425
5.4666
0.9368
41.7406
4.0489
0.2179
0
0
0
0
2.0557
1.5166
0
6.8229
0.0135
0
53.1965
3.4111
0
0.2456
0.6287
0
0
0
0
0
0
0
2.1638
0
0
0
0
0.793
0
0
0
0.7631
0.0266
0.0432
0.0842
0.7199
1.7349
0
0
0
0
0
0
0
0.3733
7.0074
3.8739
1.2209
0.0443
0
0
0.4409
0.7935
0
0
0
0.0138
0
0
0
0
1.6039
0
0.7472
0.4572
12.54
0.0805
0
1.3342
8.8341
0.0076
0
0
0
0
2.5295
3.5561
0.3102
0
0
2.3691
0
0.9806
0
0
0
0
0
3.4106
1.3391
1.8353
1.1035
0
3.6229
0.06
0.7443
0
0
0.2483
3.8775
5.6651
1e-04
1.1407
22.008
10.7592
11.1778
3.454
3.2085
4.1496
10.0526
0
0
0.7568
32.8196
3.0265
0
0
0
0.7639
1.1177
0
0
0
0
0.2082
0.144
0
0
0
0.9514
0
0
0
0.3197
0
0
0
0
0
10.2867
2.191
18.8095
3.9303
0.2734
0.1682
0.6848
12.2947
4.6216
0
1.0205
2e-04
0
0.0663
0.2703
0
0.7314
0.0468
13.0549
24.8982
0.0207
0.6243
0.2945
1.22
0
0
0
8e-04
3.3549
1.6255
0
0.0898
4.4578
0
0
0
3e-04
42.9897
0.5918
0
0.1563
0
0
2.5383
4.9157
1.088
0.3417
18.903
7.2152
7.5534
0
0
2.2069
4.7429
0.0278
2.6846
0.7322
0
0
0
1.8603
0
0
0
6.4348
5.8334
7.5892
0
0
0
1.6813
0
0
5.7009
14.8627
17.3423
11.4956
10.5433
2.0645
0
0
2.8374
6e-04
0.107
1.6212
3.7815
0.222
10.5824
15.685
7e-04
0
0.0202
21.9384
0.1018
0
0
0.3674
0.1652
0.5805
3.0328
5.5886
0
0
0
0
4.5242
6e-04
0
0
0
0
1.7519
0
0
0
8.106
6.0075
1.6064
0
0.0877
0
2.2453
0
0
0
1.4246
8.0839
14.0609
0.2211
0
0
0
1.2888
27.588
5.6059
0
5.0723
0
2.5066
0
0
0.013
13.5971
12.7257
4.7736
0
0.7714
31.1699
0.5316
0
0
11.6948
3.2035
0
0
0.8226
0
0
0.0494
0.0718
0.3614
1.1428
0
1e-04
0.3958
9.0462
17.5531
5.4023
0
0
0
0
0
0
0
0
0.693
0.0714
0.0111
0
0
2.9814
9.59
7.1401
0
0
0
0
0
0
0
0.2819
8.1995
8.9634
13.4069
0
0
0.5362
0.3927
1.1589
1.3953
0.336
0.0953
0
0
0
0.1115
1.0354
0
0
0
0
0
1.246
5.9488
20.11
0.3216
0
1.6509
24.3665
13.199
1.488
0.1015
1.4301
3.3013
0
0
5.2652
0.5816
0
0.0501
0.518
0
8.7356
0.1087
0
3.1005
0
0.3466
0
0
0
5.5281
0
12.9655
0.3419
0
0.1823
0.3089
8.9448
3.4516
1.2606
0
0
0.0064
0
0
0
0
0
0
0
0.2505
0.3147
3.9545
0
0
0
3.8769
13.6445
0
0
0
0
0
3.8918
3.1179
0
0
22.0319
1.4902
0.0013
4e-04
0
0
0
0.4409
1.6901
0.1675
0
0
2.0195
1.1306
0
0
0
1.2735
0.2166
3.9071
0.912
0
0.0427
10.0442
0.2099
0
0.0016
2.7613
1.9247
0.0738
0
0
0.5968
0
0
3.0632
0.89
16.6698
7.6355
0.1085
0
2.8029
1.281
17.6919
0
0
0.1836
0
0.7688
0.1977
0
7.2361
0.2716
0
0
9.758
0
0.0056
0
0
0
0
0.9306
0.0336
0
0.0022
0
0
7.3576
17.8206
0
0
0.3017
13.7111
0.3808
0.8529
0.7809
0
0
1.4726
6.6355
1e-04
0
6e-04
0.7031
0
0
0.4952
3.2442
21.9717
10.8886
0
0
0
0.493
0.2267
0
0.2924
1.4673
0
0.0393
0.2044
6.8129
0
11.7269
0.4284
0
2e-04
2.6995
12.5979
22.465
0
0
0.0466
0
4.0187
36.0429
3.331
8.1141
9.2529
4.3824
3.6248
4.5894
4.4506
0.5057
0
0
0
8e-04
6.2019
7.3542
0.0936
6.2424
7.8377
0
0
0
5.8729
6.5104
19.2548
1.6107
0.9111
2.567
4.3505
0.0231
4.1509
11.4769
0.2959
14.5194
4.411
2.7288
0
24.9038
33.5429
0.0014
0
8.9637
4e-04
0
0
2.2859
5.8716
0.0011
0
7.716
2.9398
7.711
13.9027
0
0.001
0.0562
18.715
0.1996
0
0
0.1167
0.0048
0
0.0149
0
0
0
0
2.751
15.3662
4.61
4.1935
7.1503
7.3947
0
0
0.7805
7.9304
0
0
5.3718
6.2826
7.1528
20.282
7.1532
0
0.258
6.9736
8.3924
0.006
1.4019
0
0
0
0.1681
2.4727
3.2978
0
0
0
0
0
0
7.1105
1e-04
0
0
0
0
0.8796
15.2849
0.0103
0.5826
0.0096
0.4896
19.6295
22.5989
6.6705
0.1895
22.2307
0
0
0
5.7951
5.0742
0
0
0.7297
0
7.4772
0.0026
0.0306
1.6467
0
0.0192
0
0.0204
0
0
0.0019
6.6798
13.6857
2.3752
0
0
0
0
0
0
0.3328
0.0033
5.0342
0
0.0617
0
4.3346
11.7153
0.5631
15.7431
1.3397
2.5639
0.5514
0
0
3.3998
2.0814
0
0
0
9.069
3.496
0
0
0
6.8961
0
0
0
0
2.6533
1.6379
0
0
0
21.9046
6.6573
0
0
15.7625
21.0579
1.3343
0.2979
0
0
0
0
0
0
0
0
4.4382
0.7429
0
7e-04
0
0
0
0
0
0
0.9366
0.063
1.7682
0.3917
0
0
6.8959
0.5547
0
0
4.7211
4.1639
0
0
0
0
0
0
10.047
0.13
0
0
0
2.3239
0
0.4871
1.9036
0.8764
2.3238
0
0
0
0
0
0
0
0
0
10.613
15.2874
3.5352
0
0
1.5335
0.9846
0
0
0
0
0
16.0719
24.263
8.6915
1.6752
0
0.6786
0
0
16.3918
0
0
0
0
0
8.6388
1.4269
0
0.0034
0
0
0
0
0.055
0.0259
0
1.9793
0.4782
5.2813
0.1784
2.5985
1.2413
4.5473
0.278
0.1708
5.3558
0
0
0
0.0642
3.1888
0
0
0
0
0
1.4112
6.8075
5.1866
0.6272
6e-04
0
0
7.7791
0.619
0.0097
0
0.8634
0
0
0
3.7026
0
0
3.4365
0.0299
0.0472
0.0016
0
13.2612
12.6674
4.1955
0
0.1781
3.4106
0
0
1.3177
1.6898
18.4455
6.1963
2.4469
0.0086
0.0218
0
0
0
2e-04
0.0441
4.352
5.8483
3.9853
0.0161
0
0.2303
3.6827
0
1.4359
0
7.2865
0.0032
0.0032
0
2.1208
0.9376
0.7138
0.1926
0.0771
3.8973
0
1.1521
1.2508
0.9219
1.7414
0
0
0
0.0553
4e-04
0
0
0
4.5269
1.5787
0
0
13.8627
12.7275
0.008
2.5745
21.5237
31.7831
0.2821
0.2865
1.0464
0.4098
0.0057
0.8727
1.9421
0.3005
3.3193
4.5975
6e-04
0
0
0
0
1.2232
0.0453
0.0016
0
0
0
6.4305
3.2472
0.0032
7.3421
0
0
0
0
0
0
1e-04
0.8062
0.6639
11.78
0.0799
0.0064
0.5653
2.6718
1.3592
0
0
0
0
0
0.7976
0
0
0.0611
2.0369
0.4669
6.7306
0.1103
0.0048
0
0
0
0.594
0.5387
0
0.9285
8e-04
0.2133
9.6001
1.4519
0
0
0
14.5535
1.3449
0
0
0
19.8158
1.7131
0
0.0181
0
0
0
0
0
0
0.1838
0
0
5.8938
4.8277
3.7053
0
0
0
0
0
0
0
0.0123
0
0
0.1831
24.2378
17.8936
4.0318
0.1259
0
3.5545
0
0
0
0
15.9387
10.3775
0
0
0
0
5.0381
0
0
0
0
0
0
0
0
0
0
0
0
0
0
3.8058
1e-04
1.0535
0.1599
0
0
5.3723
0
0
0
0
0
0
0
0
4.4084
0
1.357
0
0
0
7.8052
3.3597
19.7984
19.1766
3.6406
5e-04
0
0.3391
0.0868
1.2934
6.734
0
0
0.4758
0
0
0
0
0
0
0
0
0
3.1948
0
0
0
10.4576
0
0
0
0
0
0
21.5677
0.0033
0
5.9052
10.5035
0
0
0
6.6087
3.2219
0
0
0.545
0
0
0
0
0
0
0
4.7376
0
0
0
0.3761
1.3992
1.9868
0
1.2187
0.4595
0
0.951
0.4087
0.0119
0.01
0
1.7232
0
5.6565
1.8093
