1980 1 1
0.93
0.948
0.926
0.9
0.924
0.924
0.886
0.884
0.88
0.96
0.95
0.73
0.862
0.864
0.913
0.94
0.92
0.883
0.857
0.809
0.737
0.815
0.835
0.838
0.965
0.862
0.86
0.863
0.84
0.731
0.799
0.802
0.717
0.729
0.789
0.738
0.883
0.891
0.824
0.89
0.875
0.934
0.838
0.822
0.867
0.889
0.901
0.716
0.788
0.864
0.896
0.984
0.978
0.937
0.831
0.876
0.825
0.876
0.853
0.796
0.763
0.762
0.859
0.85
0.957
0.774
0.861
0.973
0.911
0.871
0.596
0.489
0.827
0.849
0.826
0.814
0.937
0.797
0.647
0.841
0.944
0.716
0.733
0.916
0.85
0.774
0.741
0.825
0.955
0.905
0.927
0.888
0.885
0.863
0.952
0.735
0.659
0.741
0.837
0.824
0.879
0.797
0.859
0.712
0.911
0.835
0.751
0.617
0.646
0.673
0.637
0.6
0.547
0.703
0.707
0.808
0.696
0.73
0.881
0.787
0.724
0.7
0.66
0.598
0.53
0.547
0.6
0.619
0.675
0.707
0.627
0.745
0.866
0.802
0.809
0.703
0.666
0.943
0.854
0.771
0.72
0.69
0.628
0.645
0.766
0.706
0.663
0.544
0.535
0.646
0.762
0.751
0.87
0.836
0.807
0.759
0.668
0.77
0.757
0.821
0.716
0.694
0.644
0.611
0.634
0.756
0.762
0.795
0.709
0.685
0.707
0.76
0.696
0.633
0.668
0.746
0.727
0.722
0.74
0.783
0.764
0.766
0.712
0.756
0.767
0.825
0.849
0.795
0.732
0.818
0.767
0.773
0.756
0.805
0.788
0.732
0.79
0.795
0.783
0.762
0.745
0.74
0.771
0.834
0.828
0.745
0.743
0.746
0.777
0.893
0.847
0.774
0.813
0.849
0.859
0.861
0.803
0.854
0.815
0.834
0.856
0.811
0.85
0.846
0.853
0.839
0.841
0.889
0.832
0.917
0.909
0.843
0.858
0.875
0.856
0.803
0.78
0.787
0.755
0.781
0.794
0.799
0.815
0.859
0.858
0.845
0.779
0.833
0.8
0.758
0.723
0.755
0.816
0.834
0.794
0.785
0.848
0.85
0.892
0.92
0.936
0.766
0.76
0.803
0.828
0.847
0.831
0.688
0.747
0.775
0.685
0.725
0.699
0.676
0.792
0.771
0.742
0.778
0.719
0.651
0.719
0.662
0.747
0.731
0.761
0.787
0.718
0.675
0.641
0.691
0.878
0.78
0.752
0.712
0.656
0.696
0.683
0.778
0.847
0.737
0.647
0.788
0.614
0.623
0.657
0.684
0.612
0.614
0.708
0.686
0.572
0.672
0.787
0.699
0.664
0.656
0.678
0.532
0.69
0.824
0.755
0.813
0.878
0.84
0.831
0.809
0.752
0.818
0.963
0.764
0.693
0.904
0.96
0.927
0.894
0.865
0.858
0.775
0.838
0.882
0.881
0.951
0.981
0.913
0.836
0.741
0.912
0.879
0.713
0.852
0.934
0.869
0.909
0.82
0.689
0.821
0.856
0.861
0.934
0.769
0.916
0.868
0.872
0.917
0.999
1.003
0.988
0.892
0.88
0.756
0.913
0.962
0.913
0.838
0.822
0.855
0.855
0.88
0.928
0.892
0.934
0.945
0.898
0.977
1.04
0.992
0.997
1.005
1.01
1
0.957
0.916
0.929
0.898
0.821
0.752
0.824
0.941
0.943
0.748
0.815
0.861
0.936
0.928
0.918
0.876
0.94
1.038
0.794
0.895
0.838
0.84
0.921
0.964
0.973
0.863
0.908
0.851
0.884
0.876
0.834
0.774
0.729
0.756
0.798
0.817
0.763
0.518
0.794
0.912
0.839
0.806
0.88
0.84
0.781
0.74
0.687
0.71
0.534
0.636
0.774
0.678
0.615
0.762
0.902
0.87
0.703
0.773
0.623
0.622
0.658
0.771
0.651
0.703
0.775
0.679
0.558
0.605
0.522
0.81
0.848
0.581
0.551
0.631
0.724
0.781
0.824
0.881
0.926
0.844
0.647
0.631
0.793
0.72
0.691
0.801
0.623
0.817
0.82
0.833
0.726
0.694
0.694
0.737
0.82
0.752
0.708
0.634
0.599
0.608
0.754
0.863
0.701
0.62
0.757
0.905
0.926
0.766
0.643
0.853
0.962
0.746
0.651
0.663
0.637
0.531
0.477
0.555
0.624
0.661
0.724
0.731
0.773
0.917
0.77
0.783
0.712
0.62
0.784
0.769
0.788
0.75
0.725
0.642
0.671
0.796
0.853
0.71
0.801
0.895
0.834
0.792
0.79
0.767
0.679
0.729
0.734
0.785
0.812
0.773
0.802
0.788
0.718
0.612
0.663
0.765
0.777
0.794
0.8
0.786
0.813
0.818
0.743
0.702
0.794
0.822
0.729
0.603
0.679
0.818
0.77
0.761
0.777
0.751
0.691
0.799
0.887
0.873
0.813
0.695
0.774
0.757
0.801
0.914
0.886
0.861
0.708
0.712
0.788
0.782
0.812
0.822
0.82
0.818
0.823
0.871
0.861
0.85
0.844
0.83
0.833
0.853
0.882
0.85
0.781
0.694
0.756
0.776
0.715
0.717
0.722
0.784
0.776
0.757
0.819
0.84
0.837
0.871
0.842
0.842
0.857
0.918
0.943
0.896
0.858
0.797
0.836
0.782
0.794
0.862
0.813
0.815
0.834
0.872
0.872
0.915
0.904
0.82
0.812
0.824
0.864
0.798
0.691
0.701
0.767
0.786
0.76
0.808
0.886
0.823
0.79
0.741
0.737
0.782
0.823
0.76
0.744
0.716
0.774
0.769
0.762
0.727
0.638
0.77
0.777
0.624
0.803
0.737
0.641
0.747
0.946
0.842
0.663
0.652
0.906
0.981
0.868
0.825
0.811
0.774
0.747
0.801
0.812
0.679
0.734
0.801
0.722
0.746
0.729
0.691
0.773
0.777
0.74
0.651
0.636
0.679
0.763
0.848
0.796
0.915
0.828
0.83
0.9
0.916
0.886
0.854
0.875
0.821
0.802
0.721
0.914
0.874
0.766
0.876
0.834
0.827
0.854
0.905
0.577
0.739
0.917
0.902
0.896
0.897
0.929
0.891
0.952
0.882
0.898
0.902
0.956
0.993
0.996
0.957
0.958
0.933
0.966
0.987
0.977
0.96
0.872
0.981
0.921
0.948
0.96
0.862
0.834
0.877
0.825
0.844
0.683
0.818
0.858
0.912
0.916
0.88
0.971
0.767
0.876
0.882
0.943
0.931
0.963
0.981
0.769
0.899
0.911
0.901
0.895
0.908
0.958
0.978
0.913
0.988
0.954
0.908
0.958
0.898
0.963
0.933
0.907
0.933
0.869
0.948
0.911
0.943
0.941
1.004
0.98
0.96
0.962
0.979
0.991
0.884
0.868
0.908
0.835
0.791
0.778
0.864
0.802
0.892
0.862
1.06
0.921
0.916
0.924
0.804
0.806
0.853
0.967
0.921
0.777
0.675
0.762
0.942
0.883
0.805
0.867
0.906
0.867
0.801
0.722
0.724
0.837
0.803
0.7
0.714
0.664
0.791
0.809
0.674
0.633
0.82
0.771
0.857
0.89
0.799
0.823
0.889
0.912
0.845
0.797
0.78
0.776
0.702
0.767
0.817
0.637
0.54
0.843
0.661
0.544
0.55
0.576
0.539
0.722
0.755
0.661
0.558
0.584
0.638
0.566
0.569
0.508
0.554
0.59
0.771
0.769
0.638
0.609
0.637
0.627
0.581
0.617
0.629
0.619
0.602
0.634
0.683
0.731
0.843
0.849
0.802
0.787
0.779
0.788
0.822
0.793
0.817
0.811
0.796
0.849
0.718
0.784
0.857
0.91
0.847
0.762
0.74
0.757
0.784
0.671
0.662
0.709
0.638
0.797
0.928
0.812
0.699
0.843
0.792
0.769
0.745
0.739
0.623
0.657
0.704
0.759
0.761
0.797
0.767
0.72
0.69
0.928
0.847
0.784
0.788
0.793
0.781
0.763
0.759
0.823
0.797
0.721
0.714
0.719
0.743
0.791
0.819
0.818
0.761
0.704
0.768
0.793
0.714
0.714
0.759
0.777
0.817
0.725
0.675
0.766
0.781
0.808
0.787
0.826
0.8
0.86
0.836
0.833
0.825
0.823
0.803
0.677
0.662
0.686
0.711
0.71
0.749
0.739
0.724
0.857
0.778
0.732
0.852
0.793
0.804
0.741
0.799
0.772
0.68
0.754
0.836
0.856
0.827
0.77
0.694
0.617
0.784
0.86
0.743
0.673
0.691
0.749
0.696
0.723
0.783
0.775
0.736
0.673
0.712
0.576
0.611
0.701
0.876
0.816
0.798
0.806
0.764
0.905
0.809
0.742
0.7
0.667
0.681
0.654
0.655
0.687
0.684
0.707
0.667
0.744
0.775
0.655
0.657
0.569
0.648
0.635
0.635
0.569
0.493
0.499
0.677
0.615
0.606
0.598
0.619
0.633
0.538
0.448
0.481
0.529
0.639
0.847
0.851
0.766
0.835
0.674
0.602
0.703
0.635
0.63
0.82
0.729
0.817
0.84
0.764
0.691
0.773
0.713
0.691
0.787
0.846
0.925
0.933
0.827
0.964
0.849
0.661
0.799
0.868
0.946
0.954
0.873
0.85
0.72
0.694
0.751
0.915
0.766
0.748
0.764
0.715
0.865
0.914
0.853
0.869
0.883
0.949
0.961
0.813
0.751
0.947
0.889
0.894
0.911
0.933
0.898
0.846
0.869
0.98
0.915
0.704
0.535
0.663
0.76
0.865
0.76
0.672
0.739
0.805
0.848
0.762
0.763
0.917
0.886
0.79
0.86
0.88
0.948
0.933
0.897
0.868
0.891
0.946
0.872
0.927
0.985
0.967
0.915
0.893
0.875
0.913
0.955
0.973
0.92
0.883
0.981
0.967
0.863
0.903
0.885
0.947
0.869
0.901
0.884
0.912
0.916
0.878
0.914
0.954
0.93
0.913
0.845
0.793
0.733
0.714
0.766
0.812
0.788
0.812
0.746
0.75
0.615
0.592
0.581
0.681
0.756
0.716
0.811
0.814
0.722
0.857
0.798
0.878
0.839
0.765
0.777
0.769
0.772
0.78
0.896
0.971
0.845
0.943
0.836
0.858
0.793
0.828
0.856
0.908
0.907
0.799
0.588
0.661
0.736
0.927
0.868
0.841
0.805
0.894
0.884
0.832
0.934
0.854
0.863
0.784
0.901
0.879
0.841
0.766
0.806
0.716
0.746
0.691
0.688
0.64
0.607
0.716
0.67
0.617
0.644
0.792
0.859
0.948
0.96
0.832
0.912
0.788
0.744
0.708
0.705
0.843
0.685
0.652
0.561
0.582
0.701
0.806
0.912
0.741
0.623
0.666
0.849
0.765
0.803
0.842
0.807
0.752
0.738
0.774
0.654
0.73
0.84
0.737
0.729
0.717
0.668
0.868
0.845
0.748
0.826
0.73
0.667
0.627
0.619
0.589
0.608
0.601
0.616
0.633
0.692
0.647
0.668
0.826
0.798
0.719
0.724
0.718
0.661
0.635
0.631
0.706
0.844
0.917
0.861
0.811
0.78
0.772
0.81
0.782
0.766
0.67
0.712
0.759
0.756
0.724
0.782
0.725
0.652
0.754
0.762
0.813
0.839
0.822
0.77
0.783
0.775
0.79
0.808
0.771
0.679
0.643
0.759
0.81
0.807
0.801
0.819
0.814
0.761
0.791
0.816
0.777
0.732
0.758
0.794
0.846
0.816
0.831
0.688
0.706
0.703
0.723
0.787
0.827
0.749
0.78
0.738
0.772
0.797
0.763
0.721
0.737
0.743
0.774
0.723
0.738
0.786
0.775
0.693
0.661
0.683
0.747
0.754
0.727
0.627
0.601
0.617
0.663
0.709
0.765
0.652
0.569
0.795
0.755
0.645
0.632
0.73
0.887
0.675
0.675
0.593
0.576
0.731
0.677
0.589
0.669
0.683
0.8
0.615
0.575
0.771
0.863
0.67
0.572
0.699
0.839
0.773
0.722
0.887
0.965
0.709
0.684
0.671
0.716
0.766
0.726
0.795
0.857
0.911
0.95
0.948
0.858
0.789
0.73
0.702
0.731
0.653
0.677
0.838
0.835
0.921
0.701
0.762
0.717
0.707
0.64
0.598
0.865
0.973
0.792
0.772
0.797
0.906
0.905
0.821
0.789
0.815
0.845
0.81
0.793
0.904
0.843
0.682
0.75
0.815
0.905
0.743
0.781
0.789
0.903
0.941
0.985
0.978
0.977
0.827
0.911
0.934
0.934
0.932
0.951
0.953
0.972
0.821
0.829
0.83
0.846
0.863
0.871
0.942
0.986
0.838
0.816
0.789
0.842
0.911
0.958
0.949
0.87
0.913
0.863
0.909
0.985
0.986
1.015
0.985
0.936
0.914
0.924
0.915
0.833
0.845
0.94
0.92
0.886
0.895
0.9
0.888
0.872
0.826
0.834
0.877
0.835
0.968
1.004
0.97
0.933
0.926
0.948
0.953
0.858
0.93
0.956
0.925
0.93
0.947
0.864
0.851
0.921
0.968
0.899
0.972
0.966
0.927
0.872
0.72
0.836
0.901
0.893
0.828
0.809
0.765
0.676
0.665
0.758
0.812
0.762
0.868
0.936
0.832
0.812
0.865
0.858
0.832
0.958
0.895
0.858
0.873
0.854
0.841
0.844
0.852
0.964
0.952
0.949
0.913
0.808
0.889
0.889
0.984
0.944
0.9
0.816
0.743
0.82
0.757
0.837
0.9
0.849
0.793
0.718
0.642
0.686
0.758
0.948
0.957
0.908
0.757
0.658
0.674
0.669
0.616
0.722
0.798
0.738
0.802
0.809
0.895
0.872
0.81
0.757
0.73
0.856
0.918
0.899
0.779
0.667
0.735
0.715
0.587
0.746
0.682
0.674
0.883
0.942
0.849
0.722
0.813
0.84
0.803
0.807
0.766
0.728
0.813
0.782
0.72
0.626
0.579
0.674
0.762
0.903
0.933
0.818
0.785
0.703
0.839
0.822
0.783
0.915
0.921
0.809
0.685
0.672
0.673
0.718
0.587
0.681
0.742
0.715
0.734
0.696
0.679
0.685
0.634
0.706
0.719
0.753
0.774
0.786
0.766
0.755
0.725
0.739
0.697
0.821
0.757
0.671
0.623
0.735
0.726
0.699
0.776
0.763
0.687
0.742
0.786
0.811
0.796
0.746
0.667
0.786
0.816
0.799
0.792
0.728
0.73
0.761
0.772
0.735
0.803
0.735
0.739
0.758
0.71
0.68
0.818
0.815
0.913
0.862
0.722
0.685
0.695
0.746
0.851
0.864
0.858
0.809
0.839
0.866
0.879
0.839
0.845
0.788
0.811
0.839
0.79
0.762
0.806
0.795
0.753
0.767
0.836
0.779
0.74
0.848
0.83
0.794
0.705
0.725
0.768
0.785
0.854
0.869
0.732
0.819
0.807
0.874
0.788
0.732
0.652
0.815
0.75
0.777
0.859
0.818
0.753
0.819
0.895
0.878
0.738
0.636
0.621
0.701
0.728
0.742
0.71
0.801
0.863
0.823
0.833
0.73
0.779
0.757
0.736
0.721
0.595
0.601
0.63
0.63
0.751
0.88
0.83
0.783
0.784
0.795
0.786
0.751
0.874
0.8
0.751
0.76
0.684
0.785
0.628
0.811
0.833
0.739
0.642
0.745
0.842
0.732
0.8
0.736
0.733
0.844
0.837
0.761
0.598
0.875
0.84
0.724
0.621
0.614
0.839
0.919
0.966
0.846
0.833
0.73
0.793
0.66
0.612
0.623
0.747
0.508
0.637
0.665
0.7
0.768
0.723
0.633
0.603
0.879
0.674
0.76
0.835
0.733
0.758
0.617
0.575
0.922
0.852
0.967
0.966
0.938
0.95
0.991
0.96
0.921
0.909
0.853
0.814
0.836
0.834
0.808
0.935
0.893
0.622
0.858
0.795
0.739
0.901
0.995
0.832
0.9
0.937
0.985
0.733
0.667
0.734
0.83
0.864
0.933
0.878
0.863
0.898
0.904
0.909
0.918
0.967
0.805
0.892
0.935
0.949
0.934
0.783
0.864
0.912
0.968
0.966
0.925
0.874
0.941
0.886
0.831
0.859
0.931
0.885
0.84
0.849
0.845
0.929
0.925
0.887
0.853
0.912
0.881
0.973
0.978
0.939
0.891
0.89
1.006
0.949
0.947
0.927
0.884
0.857
0.919
0.889
0.842
0.85
0.785
0.824
0.68
0.676
0.833
0.648
0.948
0.783
0.637
0.765
0.855
0.747
0.674
0.844
0.915
0.755
0.748
0.693
0.6
0.731
0.525
0.619
0.742
0.542
0.712
0.933
0.818
0.724
0.585
0.775
0.876
0.78
0.901
0.952
0.764
0.758
0.707
0.8
0.808
0.859
0.712
0.719
0.679
0.692
0.78
0.747
0.713
0.687
0.712
0.694
0.632
0.701
0.694
0.633
0.604
0.547
0.506
0.662
0.671
0.564
0.633
0.681
0.591
0.522
0.726
0.813
0.624
0.538
0.659
0.753
0.708
0.601
0.574
0.627
0.721
0.692
0.659
0.599
0.734
0.726
0.896
0.745
0.709
0.676
0.777
0.641
0.665
0.576
0.487
0.703
0.735
0.85
0.694
0.73
0.722
0.663
0.725
0.732
0.73
0.819
0.645
0.659
0.743
0.721
0.652
0.784
0.884
0.743
0.667
0.827
0.824
0.788
0.742
0.707
0.708
0.676
0.728
0.695
0.708
0.612
0.598
0.67
0.692
0.631
0.684
0.788
0.786
0.748
0.682
0.756
0.783
0.776
0.746
0.706
0.692
0.73
0.712
0.704
0.818
0.796
0.741
0.705
0.686
0.716
0.784
0.781
0.787
0.694
0.717
0.768
0.81
0.697
0.654
0.709
0.723
0.866
0.869
0.748
0.692
0.682
0.814
0.872
0.846
0.781
0.679
0.748
0.825
0.793
0.839
0.813
0.84
0.849
0.808
0.826
0.819
0.832
0.79
0.781
0.809
0.929
0.841
0.811
0.809
0.791
0.778
0.829
0.829
0.811
0.81
0.785
0.8
0.818
0.827
0.798
0.8
0.832
0.812
0.814
0.738
0.778
0.674
0.621
0.641
0.687
0.686
0.668
0.648
0.706
0.679
0.734
0.797
0.634
0.726
0.761
0.636
0.613
0.768
0.784
0.587
0.632
0.739
0.786
0.708
0.566
0.548
0.577
0.796
0.846
0.849
0.82
0.831
0.828
0.66
0.596
0.776
0.851
0.868
0.81
0.804
0.788
0.777
0.616
0.487
0.576
0.763
0.64
0.657
0.824
0.797
0.926
0.952
0.938
0.942
0.84
0.845
0.731
0.833
0.935
0.914
0.955
0.951
0.947
0.876
0.936
0.752
0.859
0.87
0.816
0.674
0.853
0.822
0.739
0.829
0.91
0.902
0.905
0.87
0.896
0.938
0.832
0.835
0.882
0.914
0.947
0.919
0.91
0.901
0.963
0.987
0.896
0.893
0.82
0.933
0.963
0.864
0.819
0.843
0.882
0.884
0.984
0.975
0.946
0.811
0.829
0.898
0.826
0.906
0.943
0.892
0.871
0.884
0.927
0.967
0.907
0.823
0.685
0.739
0.752
0.854
0.966
0.896
0.884
0.917
0.841
0.882
0.846
0.933
0.949
0.917
0.901
0.896
0.825
0.785
0.839
0.856
0.832
0.712
0.898
0.841
0.882
0.931
0.93
0.913
0.995
0.974
0.889
0.944
0.919
0.897
0.866
0.833
0.822
0.82
0.906
0.885
0.932
0.972
0.987
0.994
0.961
0.992
0.914
0.88
0.897
0.857
0.892
0.918
0.861
0.887
0.822
0.9
0.956
0.884
0.929
0.828
0.829
0.903
0.863
0.888
0.938
0.913
0.864
0.856
0.841
0.785
0.805
0.916
0.667
0.597
0.73
0.648
0.729
0.65
0.738
0.835
0.68
0.593
0.566
0.534
0.548
0.691
0.623
0.72
0.839
0.813
0.761
0.699
0.761
0.81
0.777
0.686
0.751
0.73
0.826
0.804
0.849
0.697
0.757
0.966
0.856
0.791
0.649
0.571
0.589
0.646
0.628
0.628
0.712
0.784
0.754
0.705
0.661
0.64
0.672
0.77
0.75
0.713
0.742
0.735
0.634
0.588
0.636
0.757
0.739
0.788
0.765
0.761
0.819
0.853
0.865
0.844
0.786
0.721
0.731
0.739
0.805
0.775
0.706
0.734
0.745
0.716
0.769
0.687
0.725
0.871
0.938
0.847
0.792
0.703
0.79
0.8
0.808
0.832
0.763
0.74
0.77
0.769
0.674
0.797
0.77
0.688
0.733
0.735
0.723
0.703
0.702
0.803
0.782
0.759
0.901
0.897
0.856
0.761
0.683
0.749
0.756
0.761
0.769
0.816
0.808
0.937
0.865
0.808
0.811
0.801
0.822
0.812
0.791
0.8
0.833
0.813
0.749
0.699
0.733
0.797
0.768
0.756
0.756
0.843
0.797
0.803
0.811
0.816
0.786
0.762
0.739
0.765
0.838
0.842
0.813
0.797
0.82
0.699
0.713
0.828
0.843
0.841
0.812
0.811
0.784
0.832
0.801
0.834
0.852
0.794
0.688
0.884
0.878
0.761
0.698
0.653
0.676
0.718
0.764
0.805
0.847
0.786
0.755
0.74
0.707
0.688
0.815
0.861
0.865
0.792
0.79
0.803
0.817
0.716
0.88
0.854
0.819
0.864
0.849
0.823
0.914
0.902
0.818
0.824
0.784
0.793
0.837
0.925
0.845
0.881
0.915
0.827
0.755
0.69
0.726
0.833
0.748
0.794
0.86
0.895
0.888
0.774
0.688
0.775
0.755
0.678
0.657
0.765
0.766
0.766
0.801
0.914
0.892
0.881
0.808
0.825
0.798
0.768
0.751
0.815
0.731
0.793
0.802
0.792
0.841
0.878
0.784
0.663
0.798
0.793
0.737
0.814
0.908
0.914
0.893
0.922
0.84
0.925
0.909
0.866
0.883
0.895
0.882
0.966
0.922
0.874
0.892
0.889
0.756
0.921
0.926
0.729
0.783
0.876
0.896
0.973
0.989
0.745
0.69
0.81
0.637
0.829
0.87
0.93
0.934
0.931
0.926
0.936
0.906
0.934
0.966
0.982
0.993
0.967
0.881
0.892
0.885
0.919
0.908
0.876
0.956
0.942
0.858
0.819
0.825
0.918
0.867
0.897
0.962
0.934
0.929
0.947
0.926
0.956
0.717
0.639
0.91
0.964
0.946
0.903
0.949
0.898
0.82
0.834
0.874
0.908
0.921
0.937
0.979
0.879
0.904
0.938
0.917
0.829
0.733
0.732
0.858
0.848
0.706
0.78
0.691
0.835
0.726
0.777
0.759
0.745
0.834
0.78
0.716
0.673
0.716
0.817
0.83
0.721
0.617
0.59
0.723
0.925
0.929
0.798
0.735
0.629
0.762
0.694
0.645
0.605
0.69
0.532
0.571
0.601
0.61
0.81
0.844
0.673
0.629
0.568
0.602
0.555
0.624
0.654
0.662
0.611
0.684
0.787
0.788
0.76
0.725
0.855
0.817
0.814
0.789
0.718
0.829
0.913
0.889
0.757
0.715
0.66
0.584
0.652
0.769
0.748
0.746
0.817
0.895
0.881
0.799
0.738
0.722
0.623
0.794
0.778
0.744
0.627
0.561
0.613
0.672
0.625
0.698
0.586
0.833
0.904
0.729
0.638
0.551
0.636
0.566
0.506
0.583
0.593
0.696
0.66
0.691
0.709
0.569
0.546
0.726
0.878
0.806
0.748
0.693
0.735
0.742
0.763
0.803
0.711
0.716
0.682
0.678
0.773
0.769
0.79
0.789
0.693
0.666
0.669
0.689
0.697
0.753
0.65
0.636
0.789
0.729
0.629
0.659
0.609
0.551
0.617
0.624
0.784
0.803
0.8
0.863
0.7
0.653
0.728
0.689
0.697
0.78
0.815
0.888
0.895
0.813
0.812
0.803
0.814
0.789
0.794
0.792
0.811
0.804
0.786
0.801
0.824
0.805
0.799
0.764
0.768
0.741
0.803
0.758
0.772
0.731
0.77
0.795
0.786
0.791
0.688
0.714
0.807
0.783
0.824
0.842
0.794
0.781
0.831
0.75
0.746
0.868
0.881
0.879
0.808
0.837
0.81
0.793
0.752
0.77
0.782
0.738
0.707
0.688
0.739
0.821
0.78
0.729
0.812
0.968
0.918
0.969
0.848
0.773
0.815
0.786
0.758
0.786
0.74
0.736
0.799
0.775
0.796
0.772
0.718
0.794
0.786
0.768
0.747
0.85
0.853
0.805
0.884
0.807
0.655
0.732
0.778
0.8
0.732
0.712
0.592
0.516
0.569
0.685
0.743
0.681
0.648
0.735
0.629
0.52
0.738
0.847
0.718
0.678
0.742
0.827
0.705
0.582
0.585
0.515
0.476
0.606
0.671
0.615
0.741
0.705
0.649
0.533
0.802
0.78
0.593
0.735
0.669
0.647
0.652
0.723
0.803
0.747
0.578
0.629
0.721
0.513
0.448
0.515
0.802
0.718
0.76
0.7
0.662
0.696
0.658
0.536
0.729
0.7
0.601
0.597
0.532
0.582
0.695
0.816
0.958
0.873
0.895
0.913
0.878
0.817
0.899
0.905
0.942
0.926
0.892
0.867
0.886
0.831
0.819
0.88
0.859
0.856
0.681
0.704
0.884
0.861
0.859
0.883
0.943
0.93
0.766
0.674
0.937
0.902
0.875
0.744
0.68
0.925
0.907
0.865
0.915
0.724
0.536
0.499
0.688
0.584
0.671
0.725
0.881
0.871
0.849
0.893
0.799
0.776
0.634
0.843
0.754
0.793
0.948
0.871
0.953
0.877
0.822
0.913
0.902
0.928
0.891
0.866
0.917
0.914
0.897
0.915
0.977
0.979
0.925
0.906
0.836
0.751
0.902
0.846
0.914
0.894
0.926
0.915
0.862
1.064
0.939
0.844
0.833
0.802
0.878
0.933
0.636
0.729
0.847
0.565
0.65
0.759
0.754
0.781
0.768
0.752
0.771
0.852
0.842
0.778
0.832
0.848
0.835
0.741
0.758
0.608
0.815
0.852
0.71
0.848
0.847
0.721
0.798
0.74
0.839
0.8
0.78
0.747
0.78
0.759
0.723
0.742
0.684
0.645
0.725
0.678
0.83
0.922
0.861
0.767
0.67
0.801
0.893
0.755
0.695
0.576
0.568
0.667
0.628
0.646
0.639
0.698
0.624
0.718
0.587
0.533
0.722
0.573
0.603
0.701
0.571
0.495
0.636
0.751
0.669
0.664
0.494
0.49
0.621
0.673
0.669
0.599
0.489
0.492
0.63
0.633
0.659
0.543
0.606
0.624
0.605
0.594
0.671
0.705
0.799
0.798
0.66
0.621
0.65
0.631
0.662
0.556
0.506
0.518
0.494
0.497
0.48
0.51
0.692
0.657
0.587
0.517
0.597
0.534
0.569
0.635
0.56
0.475
0.458
0.466
0.492
0.48
0.603
0.596
0.539
0.485
0.509
0.572
0.522
0.606
0.464
0.469
0.624
0.531
0.498
0.62
0.527
0.496
0.441
0.357
0.321
0.324
0.308
0.28
0.319
0.32
0.396
0.608
0.473
0.456
0.528
0.378
0.399
0.629
0.664
0.761
0.819
0.858
0.719
0.731
0.648
0.661
0.718
0.671
0.602
0.606
0.748
0.774
0.661
0.69
0.617
0.644
0.712
0.74
0.563
0.518
0.532
0.62
0.686
0.623
0.581
0.622
0.663
0.548
0.486
0.701
0.814
0.761
0.631
0.725
0.85
0.762
0.643
0.661
0.602
0.791
0.739
0.66
0.614
0.596
0.66
0.803
0.828
0.844
0.696
0.617
0.636
0.667
0.56
0.522
0.823
0.799
0.67
0.675
0.674
0.745
0.763
0.812
0.722
0.712
0.685
0.708
0.613
0.591
0.546
0.554
0.644
0.704
0.602
0.629
0.843
0.716
0.561
0.629
0.516
0.497
0.493
0.608
0.647
0.68
0.595
0.54
0.507
0.51
0.685
0.822
0.824
0.711
0.698
0.786
0.875
0.846
0.818
0.672
0.666
0.58
0.624
0.586
0.655
0.582
0.611
0.749
0.641
0.93
0.975
0.844
0.821
0.812
0.833
0.869
0.754
0.69
0.775
0.799
0.732
0.777
0.646
0.647
0.773
0.974
0.809
0.648
0.692
0.722
0.714
0.807
0.826
0.706
0.719
0.733
0.733
0.853
0.87
0.772
0.694
0.748
0.817
0.697
0.613
0.702
0.662
0.61
0.906
0.883
0.824
0.464
0.82
0.715
0.897
0.843
0.938
0.81
0.839
0.797
0.905
0.758
0.935
0.954
0.803
0.916
0.95
0.981
0.971
0.981
0.856
0.914
0.988
0.986
0.859
0.485
0.704
0.815
0.953
0.773
0.802
0.928
0.82
0.682
0.873
0.896
0.847
0.582
0.68
0.712
0.768
0.934
0.97
0.771
0.756
0.901
0.882
0.851
0.826
0.786
0.887
0.756
0.825
0.856
0.809
0.814
0.732
0.851
0.895
0.855
0.92
0.908
0.89
0.787
0.65
0.754
0.763
0.864
0.98
0.847
0.675
0.663
0.737
0.91
0.807
0.792
0.547
0.552
0.723
0.951
0.939
0.743
0.654
0.754
0.695
0.613
0.668
0.779
0.655
0.779
0.851
0.612
0.615
0.862
0.581
0.798
0.816
0.579
0.619
0.77
0.793
0.725
0.759
0.76
0.809
0.877
0.789
0.793
0.793
0.806
0.798
0.751
0.726
0.696
0.68
0.662
0.678
0.707
0.66
0.701
0.583
0.717
0.65
0.671
0.835
0.694
0.516
0.648
0.608
0.581
0.531
0.702
0.8
0.694
0.779
0.798
0.696
0.71
0.742
0.729
0.596
0.78
0.764
0.708
0.741
0.825
0.796
0.706
0.877
0.874
0.775
0.722
0.681
0.605
0.533
0.699
0.774
0.676
0.569
0.832
0.736
0.813
0.783
0.722
0.66
0.771
0.796
0.768
0.753
0.765
0.792
0.756
0.764
0.732
0.651
0.624
0.727
0.801
0.707
0.842
0.855
0.791
0.779
0.757
0.698
0.748
0.802
0.78
0.816
0.744
0.712
0.692
0.703
0.707
0.695
0.764
0.768
0.715
0.685
0.767
0.793
0.785
0.778
0.785
0.742
0.686
0.723
0.777
0.794
0.776
0.779
0.731
0.672
0.639
0.646
0.66
0.781
0.849
0.835
0.818
0.809
0.779
0.753
0.787
0.824
0.847
0.773
0.878
0.855
0.775
0.719
0.834
0.866
0.848
0.819
0.807
0.769
0.774
0.751
0.724
0.727
0.77
0.743
0.795
0.812
0.776
0.776
0.819
0.885
0.842
0.848
0.864
0.851
0.814
0.77
0.768
0.834
0.858
0.785
0.732
0.852
0.82
0.723
0.719
0.8
0.792
0.826
0.832
0.817
0.885
0.824
0.774
0.883
0.978
0.898
0.919
0.829
0.705
0.768
0.754
0.784
0.86
0.809
0.704
0.68
0.69
0.678
0.65
0.684
0.662
0.824
0.847
0.767
0.644
0.662
0.731
0.653
0.675
0.56
0.688
0.654
0.631
0.538
0.588
0.647
0.718
0.891
0.783
0.894
0.883
0.868
0.725
0.693
0.766
0.713
0.656
0.654
0.611
0.54
0.591
0.832
0.67
0.728
0.623
0.585
0.602
0.725
0.835
0.965
0.814
0.708
0.641
0.701
0.72
0.774
0.958
0.918
0.634
0.568
0.603
0.831
0.554
0.561
0.586
0.585
0.678
0.836
0.801
0.897
0.597
0.685
0.786
0.802
0.732
0.8
0.799
0.869
0.62
0.613
0.686
0.701
0.887
0.829
0.678
0.849
0.851
0.851
0.857
0.831
0.859
0.885
0.816
0.85
0.855
0.777
0.911
0.905
0.99
0.956
0.974
0.998
0.991
0.914
0.912
0.872
0.961
0.879
0.837
0.851
0.861
0.86
0.935
0.842
0.77
0.824
0.882
0.856
0.916
0.979
0.953
0.715
0.932
0.973
0.924
0.871
0.819
0.868
0.643
0.657
0.633
0.832
0.893
0.858
0.927
0.965
0.913
0.94
0.893
0.818
0.858
0.84
0.836
0.64
0.585
0.66
0.7
0.903
0.971
0.962
0.701
0.737
0.698
0.566
0.47
0.884
0.933
0.913
0.693
0.74
0.814
0.777
0.595
0.648
0.718
0.537
0.693
0.776
0.565
0.712
0.936
0.896
0.871
0.765
0.788
0.724
0.685
0.85
0.734
0.627
0.774
0.703
0.69
0.68
0.784
0.504
0.557
0.648
0.574
0.508
0.665
0.928
0.923
0.835
0.74
0.824
0.742
0.705
0.609
0.663
0.541
0.502
0.886
0.752
0.638
0.655
0.805
0.755
0.702
0.733
0.562
0.525
0.827
0.84
0.607
0.542
0.578
0.648
0.626
0.553
0.592
0.758
0.663
0.612
0.558
0.703
0.96
0.893
0.712
0.651
0.648
0.703
0.803
0.685
0.786
0.922
0.735
0.822
0.814
0.787
0.668
0.68
0.782
0.828
0.743
0.615
0.662
0.82
0.942
0.823
0.758
0.835
0.682
0.541
0.652
0.809
0.701
0.789
0.669
0.784
0.72
0.768
0.746
0.771
0.706
0.642
0.695
0.731
0.685
0.618
0.748
0.73
0.749
0.78
0.733
0.716
0.803
0.782
0.642
0.659
0.718
0.787
0.76
0.801
0.766
0.705
0.653
0.736
0.771
0.77
0.67
0.722
0.758
0.74
0.902
0.973
0.923
0.935
0.812
0.803
0.751
0.75
0.769
0.807
0.858
0.922
0.874
0.773
0.696
0.682
0.73
0.73
0.73
0.808
0.809
0.703
0.685
0.737
0.908
0.866
0.828
0.82
0.743
0.73
0.725
0.783
0.815
0.856
0.78
0.756
0.807
0.791
0.843
0.837
0.918
0.909
0.943
0.926
0.875
0.811
0.798
0.83
0.827
0.795
0.753
0.74
0.773
0.795
0.767
0.785
0.815
0.772
0.814
0.847
0.875
0.78
0.759
0.799
0.795
0.89
0.838
0.847
0.742
0.697
0.89
0.827
0.791
0.826
0.856
0.772
0.751
0.78
0.667
0.69
0.789
0.817
0.708
0.673
0.666
0.769
0.698
0.673
0.772
0.922
0.967
0.942
0.824
0.898
0.812
0.71
0.691
0.612
0.67
0.859
0.706
0.683
0.739
0.848
0.759
0.735
0.764
0.661
0.627
0.666
0.643
0.678
0.655
0.622
0.611
0.635
0.729
0.943
0.78
0.767
0.656
0.693
0.808
0.733
0.718
0.706
0.631
0.791
0.805
0.706
0.692
0.699
0.616
0.76
0.898
0.771
0.603
0.722
0.737
0.863
0.876
0.682
0.682
0.637
0.697
0.902
0.806
0.725
0.826
0.838
0.758
0.844
0.841
0.74
0.867
0.87
0.658
0.913
0.884
0.907
0.974
0.868
0.802
0.978
0.97
0.946
0.897
0.931
0.909
0.927
0.967
0.964
0.921
0.758
0.899
0.922
0.911
0.885
0.927
0.955
0.9
0.937
0.964
0.932
0.97
0.97
0.901
0.953
0.952
0.995
0.927
0.918
0.844
0.939
0.877
0.742
0.886
0.761
0.676
0.853
0.947
0.923
0.882
0.957
0.885
0.918
0.835
0.847
0.795
0.938
0.952
0.917
0.859
0.884
0.786
0.508
0.557
0.812
0.993
0.842
0.794
0.881
0.964
0.929
0.887
0.815
0.8
0.556
0.609
0.644
0.53
0.798
0.833
0.796
0.823
0.897
0.767
0.76
0.86
0.755
0.563
0.638
0.806
0.704
0.586
0.721
0.781
0.765
0.65
0.635
0.938
0.813
0.742
0.785
0.866
0.756
0.774
0.726
0.82
0.859
0.736
0.721
0.558
0.649
0.765
0.624
0.536
0.647
0.829
0.717
0.716
0.748
0.8
0.764
0.654
0.613
0.876
0.94
0.828
0.745
0.769
0.723
0.921
0.932
0.921
0.821
0.68
0.827
0.703
0.712
0.732
0.773
0.785
0.699
0.743
0.676
0.721
0.735
0.879
0.822
0.735
0.7
0.782
0.719
0.668
0.711
0.696
0.683
0.602
0.602
0.756
0.814
0.772
0.757
0.69
0.671
0.649
0.732
0.764
0.786
0.794
0.743
0.709
0.764
0.789
0.765
0.799
0.746
0.739
0.725
0.64
0.561
0.532
0.548
0.584
0.715
0.702
0.651
0.641
0.722
0.744
0.702
0.681
0.708
0.611
0.591
0.696
0.763
0.71
0.68
0.635
0.675
0.705
0.786
0.744
0.791
0.769
0.707
0.758
0.771
0.704
0.743
0.744
0.704
0.67
0.659
0.747
0.822
0.799
0.653
0.625
0.675
0.717
0.691
0.709
0.748
0.751
0.737
0.692
0.662
0.691
0.656
0.621
0.751
0.752
0.661
0.643
0.571
0.71
0.72
0.663
0.581
0.575
0.756
0.877
0.683
0.584
0.55
0.504
0.579
0.55
0.596
0.71
0.766
0.838
0.824
0.739
0.694
0.738
0.741
0.716
0.645
0.668
0.652
0.614
0.631
0.687
0.577
0.52
0.661
0.781
0.578
0.559
0.549
0.6
0.656
0.761
0.716
0.765
0.732
0.678
0.62
0.564
0.568
0.539
0.582
0.53
0.452
0.658
0.691
0.575
0.622
0.598
0.502
0.521
0.521
0.51
0.51
0.461
0.561
0.666
0.674
0.591
0.651
0.526
0.503
0.651
0.652
0.755
0.668
0.778
0.696
0.511
0.447
0.495
0.728
0.546
0.499
0.521
0.705
0.772
0.77
0.791
0.864
0.844
0.604
0.676
0.827
0.717
0.722
0.516
0.432
0.457
0.605
0.805
0.689
0.661
0.706
0.831
0.862
0.861
0.779
0.856
0.86
0.756
0.872
0.922
0.946
0.873
0.792
0.837
0.708
0.783
0.848
0.85
0.934
0.832
0.792
0.778
0.811
0.921
0.822
0.691
0.743
0.861
0.837
0.897
0.813
0.867
0.833
0.867
0.814
0.589
0.582
0.785
0.74
0.68
0.689
0.83
0.876
0.958
0.805
0.86
0.828
0.86
0.873
0.978
0.936
0.882
0.886
0.9
0.988
0.96
0.908
0.898
0.888
0.855
0.88
0.899
0.843
0.769
0.913
0.964
0.903
0.871
0.892
0.785
0.863
0.886
0.973
0.948
0.939
0.839
0.871
0.874
0.915
0.916
0.925
0.912
0.929
0.88
0.835
0.867
0.889
0.7
0.686
0.855
0.857
0.679
0.765
0.835
0.679
0.918
0.938
0.924
0.924
0.873
0.944
0.954
0.85
0.78
0.828
0.828
0.852
0.878
0.774
0.763
0.772
0.636
0.664
0.709
0.757
0.738
0.73
0.847
0.861
0.836
0.747
0.873
0.777
0.693
0.649
0.691
0.49
0.502
0.77
0.742
0.812
0.686
0.72
0.888
0.793
0.657
0.705
0.778
0.803
0.656
0.573
0.815
0.691
0.755
0.76
0.686
0.764
0.647
0.541
0.579
0.616
0.635
0.69
0.7
0.753
0.571
0.684
0.699
0.79
0.909
0.941
0.807
0.753
0.803
0.79
0.762
0.836
0.87
0.823
0.764
0.626
0.64
0.8
0.721
0.722
0.663
0.739
0.739
0.671
0.573
0.749
0.894
0.719
0.645
0.612
0.703
0.644
0.622
0.618
0.677
0.763
0.694
0.689
0.616
0.608
0.725
0.859
0.752
0.759
0.661
0.522
0.596
0.849
0.881
0.734
0.666
0.634
0.761
0.808
0.74
0.732
0.717
0.671
0.59
0.519
0.537
0.563
0.658
0.621
0.61
0.73
0.784
0.805
0.792
0.737
0.697
0.774
0.792
0.729
0.712
0.773
0.645
0.661
0.679
0.754
0.78
0.786
0.756
0.763
0.733
0.68
0.751
0.741
0.734
0.783
0.782
0.874
0.814
0.9
0.822
0.831
0.836
0.794
0.812
0.858
0.842
0.911
0.88
0.812
0.876
0.839
0.775
0.833
0.867
0.938
0.825
0.818
0.816
0.812
0.787
0.709
0.785
0.869
0.838
0.861
0.85
0.803
0.84
0.836
0.875
0.866
0.729
0.735
0.824
0.716
0.714
0.743
0.822
0.848
0.849
0.833
0.894
0.932
0.846
0.838
0.828
0.794
0.814
0.845
0.835
0.832
0.869
0.853
0.867
0.837
0.829
0.796
0.713
0.752
0.795
0.806
0.793
0.816
0.842
0.789
0.721
0.857
0.871
0.812
0.778
0.75
0.893
0.847
0.754
0.804
0.7
0.674
0.735
0.741
0.726
0.752
0.729
0.68
0.717
0.764
0.742
0.862
0.721
0.673
0.751
0.816
0.87
0.68
0.729
0.745
0.7
0.767
0.7
0.74
0.822
0.719
0.771
0.717
0.693
0.797
0.809
0.778
0.918
0.94
0.758
0.777
0.756
0.781
0.758
0.742
0.741
0.791
0.96
1
0.805
0.652
0.652
0.677
0.808
0.854
0.778
0.777
0.856
0.983
0.908
0.891
0.919
0.903
0.81
0.801
0.752
0.855
0.825
0.841
0.8
0.82
0.778
0.75
0.819
0.907
0.832
0.954
0.991
0.971
0.953
0.926
0.882
0.841
0.893
0.837
0.848
0.864
0.669
0.816
0.868
0.63
0.609
0.531
0.535
0.792
0.969
0.989
0.952
0.769
0.867
0.926
0.881
0.87
0.831
0.831
0.903
0.896
0.914
0.948
0.964
0.978
0.911
0.897
0.898
0.935
0.852
0.826
0.874
0.954
0.964
0.912
0.921
0.85
0.801
0.83
0.877
0.687
0.485
0.595
0.745
0.626
0.648
0.688
0.58
0.745
0.784
0.795
0.8
0.834
0.856
0.971
0.921
0.898
0.837
0.927
0.883
0.718
0.804
0.896
0.969
0.951
0.861
0.827
0.824
0.885
0.868
0.856
0.927
0.933
0.87
0.971
0.968
0.97
0.893
0.935
0.873
0.872
0.882
0.849
0.731
0.67
0.682
0.764
0.894
0.6
0.717
0.865
0.893
0.827
0.958
0.94
0.864
0.804
0.765
0.788
0.791
0.784
0.874
0.986
0.891
0.777
0.751
0.754
0.8
0.742
0.745
0.902
0.829
0.747
0.858
0.724
0.826
0.848
0.861
0.826
0.705
0.807
0.797
0.81
0.625
0.591
0.766
0.908
0.819
0.68
0.692
0.69
0.806
0.644
0.738
0.73
0.81
0.819
0.758
0.596
0.638
0.643
0.582
0.585
0.701
0.717
0.647
0.69
0.688
0.616
0.685
0.773
0.652
0.621
0.596
0.815
0.858
0.795
0.696
0.674
0.728
0.786
0.675
0.838
0.733
0.71
0.801
0.899
0.873
0.698
0.783
0.855
0.788
0.752
0.726
0.706
0.739
0.755
0.766
0.735
0.686
0.718
0.7
0.736
0.835
0.8
0.741
0.699
0.749
0.722
0.709
0.75
0.796
0.833
0.889
0.841
0.771
0.779
0.745
0.789
0.794
0.77
0.757
0.784
0.781
0.811
0.735
0.81
0.819
0.701
0.693
0.805
0.827
0.774
0.753
0.7
0.64
0.683
0.791
0.779
0.767
0.78
0.825
0.829
0.776
0.765
0.817
0.785
0.826
0.743
0.774
0.792
0.702
0.689
0.809
0.808
0.763
0.791
0.726
0.726
0.815
0.814
0.768
0.74
0.853
0.769
0.667
0.691
0.793
0.732
0.694
0.745
0.727
0.725
0.695
0.745
0.879
0.814
0.862
0.782
0.71
0.79
0.815
0.659
0.699
0.761
0.637
0.662
0.615
0.719
0.825
0.739
0.74
0.688
0.803
0.71
0.817
0.741
0.801
0.789
0.847
0.889
0.864
0.792
0.829
0.736
0.633
0.711
0.636
0.71
0.683
0.557
0.666
0.684
0.821
0.662
0.617
0.702
0.688
0.605
0.548
0.777
0.904
0.791
0.81
0.93
0.8
0.653
0.597
0.579
0.583
0.618
0.728
0.717
0.619
0.733
0.862
0.741
0.689
0.784
0.819
0.83
0.754
0.73
0.675
0.592
0.596
0.707
0.72
0.894
0.978
0.861
0.778
0.928
0.826
0.872
0.618
0.617
0.624
0.641
0.713
0.814
0.815
0.89
0.755
0.845
0.782
0.804
0.885
0.907
0.972
0.925
0.924
0.805
0.748
0.764
0.869
0.648
0.64
0.556
0.757
0.91
0.889
0.88
0.909
0.847
0.805
0.89
0.895
0.87
0.832
0.893
0.747
0.8
0.818
0.889
0.776
0.929
0.89
0.943
0.934
0.92
0.851
0.961
0.956
0.898
0.881
0.887
0.919
0.971
1.006
0.887
0.747
0.811
0.887
0.762
0.756
0.857
0.896
0.944
1.001
0.992
0.987
0.919
1.04
0.982
0.843
0.865
0.677
0.687
0.82
0.807
0.878
0.847
0.9
0.888
0.88
0.863
0.86
0.943
1.032
0.948
0.948
0.884
0.919
0.801
0.718
0.772
0.803
0.882
0.757
0.954
0.92
0.839
0.875
0.834
0.813
0.87
0.841
0.826
0.914
0.887
0.84
0.884
0.701
0.71
0.886
0.645
0.728
0.809
0.775
0.764
0.58
0.451
0.779
0.721
0.673
0.843
0.745
0.612
0.653
0.709
0.651
0.836
0.751
0.757
0.706
0.635
0.589
0.603
0.734
0.674
0.764
0.917
0.727
0.641
0.673
0.878
0.746
0.93
0.84
0.774
0.714
0.698
0.622
0.664
0.621
0.565
0.55
0.515
0.461
0.565
0.661
0.674
0.763
0.794
0.853
0.865
0.859
0.642
0.526
0.786
0.75
0.692
0.808
0.761
0.675
0.568
0.668
0.751
0.581
0.6
0.837
0.794
0.744
0.703
0.708
0.65
0.514
0.512
0.582
0.605
0.725
0.794
0.676
0.569
0.592
0.635
0.696
0.696
0.609
0.589
0.536
0.515
0.681
0.666
0.709
0.592
0.469
0.546
0.641
0.698
0.685
0.675
0.639
0.605
0.613
0.621
0.663
0.718
0.64
0.769
0.875
0.935
0.814
0.836
0.726
0.783
0.837
0.748
0.743
0.82
0.797
0.761
0.751
0.736
0.768
0.774
0.757
0.688
0.734
0.744
0.819
0.786
0.739
0.68
0.734
0.688
0.732
0.761
0.798
0.859
0.781
0.77
0.762
0.757
0.796
0.731
0.706
0.737
0.73
0.774
0.737
0.834
0.808
0.665
0.693
0.663
0.761
0.771
0.908
0.84
0.863
0.821
0.796
0.733
0.766
0.749
0.754
0.804
0.87
0.798
0.701
0.752
0.765
0.747
0.763
0.795
0.77
0.666
0.769
0.731
0.635
0.641
0.629
0.707
0.726
0.684
0.603
0.64
0.641
0.656
0.577
0.596
0.618
0.569
0.564
0.682
0.61
0.502
0.487
0.466
0.535
0.577
0.741
0.752
0.743
0.905
0.754
0.748
0.588
0.735
0.722
0.673
0.747
0.657
0.562
0.598
0.642
0.69
0.615
0.583
0.547
0.614
0.693
0.703
0.604
0.491
0.474
0.815
0.775
0.64
0.564
0.583
0.642
0.718
0.679
0.594
0.56
0.517
0.582
0.776
0.97
0.736
0.635
0.848
0.914
0.852
0.626
0.631
0.896
0.816
0.744
0.719
0.756
0.855
0.852
0.777
0.829
0.753
0.68
0.632
0.539
0.59
0.602
0.613
0.679
0.542
0.898
0.819
0.632
0.717
0.672
0.59
0.642
0.826
0.922
0.941
0.937
0.838
0.942
0.97
0.922
0.848
0.911
0.954
0.992
0.959
0.956
0.942
0.875
0.791
0.77
0.748
0.873
0.92
0.872
0.878
0.82
0.888
0.851
0.621
0.708
0.952
0.704
0.841
0.735
0.786
0.962
0.953
0.922
0.946
0.93
0.988
0.935
0.833
0.793
0.966
0.909
0.917
0.912
0.964
0.983
0.921
0.878
0.906
0.925
0.926
0.945
0.947
0.913
0.952
0.901
0.973
0.971
0.908
0.833
0.898
0.706
0.772
0.854
0.852
0.896
0.935
0.801
0.704
0.819
0.838
0.962
0.899
0.844
0.767
0.769
0.838
0.862
0.754
0.823
0.779
0.762
0.882
0.955
0.947
0.78
0.464
0.5
0.574
0.84
0.923
0.975
0.906
0.629
0.62
0.728
0.666
0.549
0.531
0.585
0.602
0.708
0.72
0.74
0.684
0.767
0.735
0.722
0.643
0.526
0.5
0.641
0.867
0.875
0.803
0.719
0.763
0.719
0.662
0.793
0.433
0.607
0.681
0.811
0.952
0.872
0.885
0.791
0.821
0.748
0.599
0.612
0.755
0.866
0.765
0.851
0.863
0.81
0.677
0.692
0.714
0.63
0.697
0.723
0.604
0.787
0.758
0.741
0.655
0.682
0.834
0.681
0.582
0.598
0.815
0.819
0.844
0.753
0.76
0.754
0.697
0.635
0.815
0.915
0.751
0.651
0.628
0.609
0.708
0.826
0.928
0.81
0.732
0.842
0.861
0.814
0.655
0.83
0.853
0.797
0.831
0.746
0.753
0.755
0.865
0.83
0.825
0.802
0.776
0.639
0.634
0.571
0.6
0.621
0.613
0.673
0.703
0.729
0.717
0.729
0.734
0.758
0.767
0.785
0.784
0.788
0.816
0.776
0.731
0.659
0.738
0.795
0.81
0.768
0.757
0.725
0.714
0.72
0.714
0.77
0.79
0.785
0.737
0.806
0.784
0.751
0.793
0.859
0.798
0.802
0.784
0.806
0.83
0.805
0.819
0.795
0.738
0.753
0.763
0.837
0.844
0.838
0.857
0.817
0.821
0.896
0.891
0.83
0.844
0.85
0.815
0.819
0.83
0.801
0.802
0.864
0.847
0.794
0.775
0.772
0.734
0.804
0.814
0.776
0.747
0.82
0.797
0.817
0.785
0.795
0.662
0.627
0.67
0.605
0.614
0.794
0.938
0.809
0.677
0.574
0.783
0.75
0.69
0.665
0.681
0.792
0.634
0.602
0.839
0.873
0.834
0.595
0.612
0.642
0.621
0.561
0.555
0.58
0.599
0.649
0.578
0.768
0.82
0.95
0.922
0.793
0.747
0.688
0.669
0.604
0.665
0.651
0.787
0.629
0.612
0.522
0.552
0.633
0.808
0.78
0.669
0.595
0.636
0.626
0.664
0.812
0.808
0.771
0.76
0.903
0.903
0.899
0.825
0.621
0.627
0.739
0.828
0.746
0.57
0.76
0.93
0.744
0.863
0.872
0.855
0.924
0.93
0.947
0.913
0.926
0.904
0.879
0.872
0.835
0.88
0.898
0.916
0.84
0.746
0.818
0.82
0.858
0.841
0.891
0.869
0.569
0.594
0.663
0.872
0.775
0.771
0.804
0.921
0.966
0.983
0.957
0.937
0.971
0.96
0.946
0.899
0.965
0.949
0.931
0.935
0.903
0.892
0.923
0.963
0.996
0.973
0.996
0.99
0.903
0.934
0.923
0.9
0.884
0.942
0.948
0.864
0.892
0.94
1.004
1.033
0.964
1.088
1.004
0.925
1.03
0.853
0.922
0.982
0.973
0.969
0.86
0.862
0.934
0.867
0.874
0.852
0.81
0.845
0.815
0.772
0.724
0.828
0.894
0.943
0.977
0.971
0.927
0.916
0.794
0.857
0.927
0.891
0.878
0.936
0.855
0.893
0.9
0.968
0.944
0.978
0.752
0.639
0.777
0.998
0.958
0.738
0.791
0.785
0.629
0.753
0.892
0.964
0.84
0.656
0.7
0.702
0.706
0.686
0.628
0.714
0.804
0.719
0.662
0.683
0.846
0.929
0.891
0.881
0.907
0.756
0.855
0.528
0.649
0.815
0.842
0.754
0.861
0.806
0.706
0.719
0.832
0.74
0.652
0.703
0.674
0.727
0.696
0.564
0.658
0.829
0.795
0.899
0.822
0.699
0.629
0.67
0.746
0.759
0.831
0.951
0.797
0.767
0.789
0.683
0.721
0.966
0.933
0.768
0.648
0.716
0.916
0.869
0.846
0.842
0.961
0.87
0.808
0.98
0.762
0.653
0.554
0.837
0.916
0.869
0.817
0.765
0.767
0.807
0.666
0.74
0.91
0.732
0.804
0.948
0.891
0.784
0.679
0.579
0.65
0.852
0.807
0.773
0.768
0.825
0.841
0.854
0.857
0.804
0.76
0.801
0.784
0.769
0.714
0.707
0.788
0.81
0.822
0.837
0.798
0.804
0.757
0.78
0.824
0.672
0.669
0.733
0.739
0.782
0.734
0.721
0.781
0.698
0.635
0.638
0.724
0.75
0.772
0.715
0.597
0.707
0.773
0.748
0.795
0.831
0.796
0.821
0.858
0.782
0.69
0.856
0.778
0.786
0.799
0.803
0.735
0.765
0.84
0.856
0.83
0.849
0.808
0.756
0.753
0.794
0.827
0.835
0.833
0.809
0.741
0.744
0.793
0.793
0.79
0.817
0.836
0.749
0.743
0.77
0.805
0.804
0.796
0.818
0.768
0.695
0.743
0.758
0.801
0.739
0.72
0.703
0.661
0.689
0.665
0.714
0.705
0.875
0.883
0.831
0.794
0.797
0.733
0.781
0.874
0.918
0.914
0.916
0.846
0.755
0.702
0.607
0.846
0.835
0.799
0.779
0.707
0.818
0.884
0.899
0.705
0.712
0.741
0.783
0.735
0.685
0.654
0.665
0.708
0.821
0.956
0.868
0.737
0.698
0.655
0.695
0.738
0.731
0.741
0.896
0.718
0.805
0.805
0.827
0.881
0.785
0.672
0.836
0.858
0.743
0.799
0.828
0.628
0.64
0.617
0.766
0.744
0.709
0.856
0.953
0.838
0.795
0.84
0.904
0.846
0.832
0.824
0.848
0.823
0.819
0.84
0.766
0.679
0.832
0.843
0.799
0.87
0.922
0.908
0.811
0.893
0.87
0.913
0.938
0.735
0.857
0.859
0.781
0.871
0.888
0.932
0.889
0.837
0.946
0.968
0.888
0.824
0.827
0.925
0.936
0.88
0.671
0.8
0.869
0.9
0.958
0.948
0.703
0.874
0.928
0.905
0.938
0.921
0.919
0.94
1.014
0.977
0.986
0.967
0.638
0.637
0.853
0.95
0.907
0.825
0.793
0.826
0.848
0.912
0.943
0.784
0.83
0.938
0.984
0.971
0.929
0.874
0.885
0.954
0.845
0.962
0.941
0.893
0.941
0.923
0.95
0.925
0.884
0.964
0.926
0.888
0.868
0.897
0.802
0.793
0.856
0.901
0.767
0.897
0.875
0.872
0.834
0.763
0.891
0.853
0.93
0.895
0.861
0.84
0.831
0.894
0.939
0.819
0.94
0.912
0.788
0.859
0.919
0.835
0.696
0.821
0.821
0.773
0.735
0.629
0.631
0.888
0.581
0.565
0.601
0.846
0.699
0.708
0.78
0.843
0.79
0.653
0.856
0.838
0.723
0.757
0.957
0.916
0.753
0.608
0.479
0.632
0.703
0.794
0.759
0.66
0.666
0.492
0.55
0.674
0.921
0.904
0.679
0.562
0.74
0.836
0.71
0.55
0.539
0.63
0.742
0.785
0.754
0.724
0.625
0.7
0.822
0.607
0.613
0.796
0.736
0.956
0.756
0.709
0.737
0.611
0.804
0.886
0.766
0.663
0.733
0.613
0.719
0.731
0.719
0.677
0.765
0.783
0.762
0.678
0.655
0.599
0.624
0.976
0.823
0.702
0.726
0.887
0.847
0.945
0.974
0.95
0.93
0.766
0.661
0.696
0.722
0.758
0.685
0.599
0.602
0.763
0.785
0.723
0.631
0.763
0.808
0.836
0.768
0.749
0.764
0.754
0.646
0.72
0.75
0.795
0.698
0.673
0.764
0.808
0.838
0.824
0.831
0.816
0.759
0.71
0.764
0.771
0.863
0.77
0.692
0.703
0.735
0.778
0.793
0.785
0.767
0.818
0.778
0.691
0.799
0.922
0.858
0.831
0.753
0.837
0.817
0.804
0.799
0.742
0.658
0.745
0.812
0.82
0.819
0.781
0.686
0.703
0.677
0.759
0.846
0.879
0.922
0.92
0.797
0.881
0.87
0.866
0.943
0.821
0.906
0.902
0.886
0.833
0.905
0.888
0.856
0.823
0.844
0.876
0.821
0.849
0.817
0.797
0.834
0.758
0.728
0.769
0.81
0.85
0.869
0.88
0.873
0.834
0.807
0.761
0.819
0.773
0.841
0.711
0.71
0.912
0.791
0.706
0.858
0.794
0.782
0.798
0.721
0.773
0.709
0.779
0.78
0.663
0.7
0.72
0.694
0.692
0.696
0.665
0.715
0.74
0.645
0.664
0.822
0.777
0.683
0.705
0.736
0.66
0.61
0.705
0.641
0.686
0.613
0.629
0.918
0.941
0.879
0.743
0.758
0.705
0.779
0.842
0.887
0.777
0.784
0.755
0.735
0.871
0.806
0.828
0.854
0.68
0.648
0.605
0.906
0.94
0.913
0.85
0.964
0.904
0.907
0.898
0.933
0.789
0.679
0.803
0.858
0.778
0.9
0.979
0.959
0.833
0.732
0.891
0.917
0.793
0.818
0.931
0.92
0.949
0.976
0.951
0.9
0.868
0.94
0.913
0.783
0.839
0.79
0.937
0.918
0.85
0.946
0.958
0.984
0.978
0.895
0.857
0.708
0.742
0.883
0.762
0.841
0.859
0.902
0.954
0.946
0.961
0.992
0.965
0.943
0.805
0.602
0.791
0.927
0.868
0.946
0.949
0.955
0.925
0.879
0.872
0.867
0.928
0.965
0.968
0.902
0.867
0.912
0.87
0.92
0.896
0.831
0.719
0.752
0.796
0.761
0.756
0.841
0.907
0.884
0.783
0.769
0.935
0.929
0.801
0.807
0.734
0.833
0.985
1.011
0.974
0.932
0.889
0.81
0.84
0.854
0.851
0.785
0.811
0.772
0.822
0.818
0.887
0.877
0.826
0.762
0.759
0.925
0.977
0.619
0.628
0.713
0.778
0.747
0.649
0.584
0.814
0.981
0.967
0.976
0.944
0.85
0.776
0.677
0.655
0.808
0.738
0.762
0.805
0.769
0.801
0.803
0.766
0.756
0.813
0.68
0.609
0.566
0.797
0.954
0.75
0.618
0.602
0.599
0.869
0.845
0.888
0.798
0.64
0.814
0.784
0.618
0.728
0.646
0.61
0.652
0.898
0.748
0.691
0.806
0.894
0.855
0.848
0.857
0.838
0.725
0.726
0.771
0.898
0.814
0.84
0.874
0.819
0.793
0.735
0.618
0.714
0.618
0.504
0.586
0.654
0.644
0.66
0.668
0.815
0.821
0.726
0.611
0.658
0.692
0.653
0.74
0.687
0.656
0.758
0.686
0.719
0.655
0.662
0.591
0.81
0.839
0.869
0.828
0.77
0.802
0.8
0.802
0.811
0.741
0.766
0.735
0.773
0.745
0.738
0.713
0.722
0.758
0.761
0.774
0.768
0.795
0.783
0.693
0.675
0.782
0.785
0.762
0.811
0.811
0.776
0.74
0.666
0.636
0.645
0.696
0.785
0.858
0.795
0.686
0.765
0.804
0.837
0.837
0.817
0.766
0.714
0.705
0.738
0.814
0.826
0.74
0.77
0.691
0.647
0.738
0.895
0.903
0.877
0.855
0.814
0.846
0.849
0.817
0.846
0.8
0.779
0.807
0.797
0.807
0.814
0.799
0.749
0.819
0.831
0.828
0.888
0.87
0.821
0.751
0.777
0.827
0.848
0.78
0.703
0.786
0.719
0.728
0.683
0.781
0.829
0.782
0.76
0.695
0.724
0.754
0.722
0.694
0.754
0.883
0.822
0.723
0.72
0.782
0.802
0.828
0.687
0.68
0.783
0.785
0.759
0.758
0.6
0.645
0.689
0.628
0.865
0.845
0.808
0.794
0.892
0.862
0.797
0.689
0.677
0.684
0.679
0.749
0.682
0.64
0.737
0.778
0.77
0.687
0.781
0.681
0.687
0.629
0.624
0.579
0.658
0.806
0.777
0.849
0.8
0.76
0.725
0.758
0.721
0.628
0.617
0.669
0.686
0.729
0.928
0.674
0.67
0.68
0.696
0.805
0.77
0.799
0.707
0.775
0.719
0.668
0.677
0.725
0.728
0.606
0.814
0.743
0.742
0.87
0.866
0.81
0.683
0.86
0.908
0.89
0.906
0.849
0.734
0.726
0.726
0.79
0.688
0.636
0.837
0.735
0.815
0.8
0.822
0.828
0.892
0.965
0.867
0.546
0.704
0.772
0.771
0.865
0.93
0.967
0.755
0.791
0.672
0.746
0.942
0.865
0.863
1.015
0.975
0.971
0.911
0.926
0.882
0.979
0.962
0.873
0.902
0.997
0.974
0.92
0.856
0.865
0.937
0.963
0.835
0.89
0.93
0.896
0.887
0.946
0.882
0.872
0.879
0.863
0.973
0.877
0.883
0.849
0.844
0.932
0.984
0.932
0.783
0.916
0.885
0.641
0.715
0.626
0.719
0.882
0.736
0.639
0.621
0.524
0.509
0.734
0.877
0.916
0.855
0.914
0.936
0.845
0.76
0.921
0.749
0.7
0.916
0.826
0.843
0.907
0.866
0.851
0.83
0.819
0.828
0.829
0.847
0.867
0.843
0.783
0.648
0.712
0.721
0.646
0.682
0.675
0.682
0.631
0.546
0.632
0.507
0.535
0.878
0.828
0.763
0.803
0.79
0.734
0.68
0.705
0.864
0.741
0.832
0.754
0.646
0.547
0.666
0.935
0.886
0.851
0.762
0.781
0.832
0.832
0.889
0.688
0.583
0.547
0.598
0.73
0.676
0.574
0.544
0.548
0.542
0.51
0.692
0.773
0.636
0.72
0.792
0.596
0.645
0.674
0.766
0.89
0.713
0.684
0.7
0.726
0.732
0.579
0.572
0.704
0.859
0.854
0.719
0.746
0.607
0.569
0.586
0.529
0.688
0.774
0.774
0.779
0.664
0.687
0.712
0.67
0.666
0.549
0.601
0.634
0.633
0.71
0.764
0.698
0.667
0.693
0.616
0.584
0.619
0.613
0.61
0.588
0.708
0.755
0.676
0.77
0.805
0.782
0.676
0.805
0.785
0.763
0.761
0.76
0.765
0.715
0.665
0.738
0.773
0.644
0.631
0.73
0.705
0.68
0.708
0.739
0.785
0.786
0.803
0.833
0.797
0.762
0.793
0.722
0.7
0.729
0.755
0.765
0.766
0.75
0.815
0.74
0.701
0.729
0.757
0.69
0.759
0.824
0.719
0.762
0.78
0.789
0.837
0.9
0.731
0.693
0.757
0.786
0.799
0.798
0.69
0.645
0.683
0.823
0.874
0.846
0.807
0.761
0.685
0.703
0.675
0.602
0.6
0.544
0.517
0.632
0.761
0.751
0.576
0.568
0.515
0.429
0.464
0.566
0.51
0.405
0.552
0.563
0.461
0.451
0.628
0.661
0.468
0.385
0.474
0.625
0.467
0.458
0.682
0.841
0.746
0.587
0.567
0.83
0.873
0.687
0.697
0.652
0.807
0.946
0.913
0.709
0.528
0.753
0.752
0.631
0.726
0.902
0.777
0.622
0.614
0.558
0.636
0.763
0.7
0.62
0.541
0.667
0.657
0.607
0.566
0.675
0.651
0.824
0.715
0.59
0.63
0.67
0.587
0.565
0.701
0.728
0.788
0.741
0.738
0.727
0.633
0.702
0.642
0.577
0.609
0.8
0.743
0.753
0.716
0.729
0.742
0.902
0.824
0.77
0.734
0.659
0.746
0.818
0.705
0.813
0.928
0.854
0.769
0.716
0.714
0.831
0.757
0.82
0.915
0.952
0.933
0.816
0.822
0.784
0.883
0.917
0.586
0.833
0.841
0.765
0.828
0.899
0.799
0.828
0.967
0.967
0.945
0.871
0.979
0.98
0.99
0.788
0.811
0.889
0.779
0.859
0.943
0.824
0.769
0.859
0.703
0.783
0.824
0.707
0.822
0.808
0.895
0.799
0.815
0.928
0.772
0.654
0.679
0.623
0.677
0.722
0.945
0.832
0.762
0.595
0.827
0.923
0.667
0.652
0.735
0.657
0.694
0.85
0.922
0.641
0.79
0.948
0.807
0.855
0.594
0.882
0.935
0.953
0.868
0.831
0.764
0.823
0.89
0.843
0.845
0.67
0.531
0.663
0.674
0.599
0.535
0.633
0.553
0.571
0.623
0.625
0.766
0.784
0.774
0.626
0.612
0.612
0.765
0.654
0.518
0.799
0.926
0.884
0.783
0.713
0.71
0.689
0.548
0.683
0.658
0.755
0.619
0.546
0.477
0.774
0.822
0.781
0.545
0.574
0.786
0.894
0.663
0.64
0.732
0.728
0.602
0.68
0.722
0.689
0.824
0.83
0.814
0.845
0.874
0.843
0.645
0.634
0.601
0.533
0.485
0.577
0.495
0.565
0.748
0.805
0.66
0.723
0.731
0.692
0.685
0.753
0.749
0.76
0.609
0.744
0.773
0.645
0.547
0.632
0.701
0.718
0.914
0.777
0.693
0.687
0.754
0.688
0.618
0.604
0.839
0.958
0.824
0.749
0.753
0.706
0.711
0.726
0.692
0.887
0.763
0.623
0.639
0.618
0.668
0.716
0.813
0.768
0.736
0.771
0.775
0.808
0.906
0.745
0.736
0.793
0.726
0.73
0.773
0.795
0.765
0.762
0.686
0.767
0.721
0.691
0.724
0.812
0.849
0.795
0.743
0.717
0.652
0.741
0.798
0.803
0.701
0.732
0.772
0.834
0.841
0.793
0.816
0.846
0.793
0.799
0.769
0.723
0.735
0.733
0.768
0.742
0.752
0.795
0.847
0.85
0.84
0.84
0.832
0.826
0.723
0.91
0.823
0.832
0.874
0.848
0.816
0.79
0.75
0.776
0.845
0.825
0.877
0.935
0.795
0.752
0.752
0.794
0.872
0.826
0.777
0.78
0.846
0.859
0.835
0.83
0.833
0.829
0.808
0.827
0.87
0.779
0.767
0.724
0.81
0.835
0.871
0.882
0.834
0.767
0.82
0.856
0.775
0.742
0.725
0.692
0.741
0.828
0.778
0.906
0.931
0.851
0.793
0.746
0.781
0.66
0.685
0.7
0.719
0.754
0.86
0.962
0.901
0.734
0.783
0.718
0.69
0.654
0.598
0.596
0.619
0.793
0.804
0.879
0.768
0.695
0.669
0.668
0.71
0.691
0.848
0.888
0.788
0.768
0.798
0.751
0.667
0.589
0.586
0.541
0.63
0.677
0.644
0.639
0.875
0.932
0.946
0.895
0.761
0.834
0.897
0.791
0.717
0.738
0.771
0.747
0.702
0.672
0.838
0.851
0.799
0.809
0.886
0.947
0.942
0.867
0.9
0.902
0.833
0.708
0.836
0.757
0.753
0.566
0.87
0.941
0.819
0.898
0.98
0.905
0.903
0.947
0.917
0.983
0.983
0.826
0.89
0.883
0.857
0.793
0.873
0.843
0.816
0.871
0.916
0.867
0.938
0.94
0.94
0.944
0.925
0.928
0.964
0.97
0.964
0.986
0.941
0.908
0.957
0.963
0.947
0.986
0.992
1.002
0.965
0.944
0.958
0.957
0.869
0.899
0.947
0.959
0.973
0.84
0.882
0.906
0.918
0.937
0.954
0.948
0.873
0.826
0.81
0.854
0.958
0.94
0.859
0.835
0.968
0.854
0.609
0.735
0.83
0.964
0.915
0.884
0.581
0.586
0.643
0.844
0.662
0.815
0.906
0.876
0.897
0.736
0.752
0.53
0.583
0.816
0.814
0.74
0.739
0.671
0.833
0.763
0.854
0.743
0.76
0.837
0.916
0.77
0.742
0.888
0.928
0.798
0.646
0.668
0.7
0.699
0.66
0.682
0.63
0.705
0.714
0.593
0.68
0.818
0.766
0.791
0.643
0.641
0.684
0.64
0.911
0.806
0.717
0.692
0.82
0.885
0.732
0.736
0.637
0.841
0.867
0.691
0.673
0.578
0.84
0.861
0.809
0.756
0.771
0.572
0.539
0.609
0.591
0.512
0.503
0.562
0.627
0.616
0.593
0.772
0.671
0.765
0.75
0.575
0.595
0.681
0.783
0.612
0.613
0.923
0.878
0.822
0.766
0.708
0.656
0.798
0.876
0.666
0.793
0.789
0.817
0.836
0.838
0.798
0.722
0.632
0.805
0.847
0.869
0.795
0.842
0.947
0.817
0.652
0.604
0.68
0.736
0.689
0.661
0.701
0.704
0.737
0.633
0.594
0.654
0.715
0.771
0.835
0.747
0.663
0.598
0.672
0.676
0.667
0.675
0.759
0.777
0.712
0.794
0.834
0.756
0.652
0.747
0.781
0.673
0.696
0.739
0.723
0.685
0.705
0.609
0.642
0.734
0.794
0.797
0.775
0.794
0.801
0.775
0.779
0.8
0.824
0.708
0.813
0.892
0.801
0.771
0.729
0.812
0.823
0.775
0.686
0.718
0.794
0.803
0.828
0.85
0.826
0.825
0.795
0.723
0.631
0.78
0.813
0.821
0.826
0.874
0.725
0.855
0.868
0.812
0.802
0.852
0.791
0.763
0.69
0.717
0.817
0.765
0.653
0.69
0.739
0.682
0.628
0.697
0.76
0.837
0.815
0.72
0.618
0.725
0.766
0.696
0.633
0.681
0.829
0.927
0.822
0.772
0.829
0.775
0.92
0.906
0.806
0.809
0.811
0.789
0.68
0.661
0.681
0.622
0.695
0.947
0.797
0.661
0.624
0.621
0.736
0.88
0.946
0.888
0.897
0.737
0.846
0.743
0.639
0.685
0.685
0.737
0.867
0.876
0.924
0.806
0.687
0.738
0.648
0.658
0.705
0.623
0.616
0.773
0.719
0.632
0.704
0.621
0.621
0.722
0.753
0.752
0.742
0.633
0.622
0.757
0.734
0.787
0.797
0.747
0.88
0.776
0.651
0.634
0.661
0.806
0.849
0.755
0.856
0.832
0.959
0.94
0.842
0.808
0.795
0.796
0.728
0.725
0.847
0.844
0.82
0.733
0.754
0.916
0.934
0.967
0.862
0.865
0.969
0.91
0.914
0.691
0.69
0.702
0.865
0.605
0.678
0.83
0.902
0.905
0.854
0.818
0.823
0.925
0.844
0.852
0.918
0.868
0.925
0.918
0.896
0.932
0.942
0.945
0.919
0.912
0.871
0.915
0.745
0.804
0.731
0.856
0.915
0.943
0.89
0.899
0.966
0.757
0.672
0.719
0.823
0.92
0.974
0.962
0.972
0.707
0.851
0.852
0.875
0.887
0.848
0.855
0.83
0.912
0.883
0.842
0.784
0.727
0.75
0.858
0.801
0.755
0.771
0.937
0.877
0.874
0.754
0.732
0.727
0.951
0.686
0.529
0.744
0.816
0.909
0.544
0.78
0.764
0.81
0.808
0.853
0.55
0.474
0.72
0.808
0.813
0.866
0.85
0.749
0.851
0.831
0.917
0.852
0.525
0.664
0.732
0.911
0.954
0.951
0.894
0.863
0.819
0.714
0.724
0.883
0.899
0.689
0.702
0.7
0.661
0.881
0.925
0.778
0.732
0.783
0.882
0.892
0.853
0.774
0.784
0.771
0.781
0.873
0.823
0.908
0.762
0.716
0.725
0.683
0.759
0.915
0.852
0.74
0.7
0.889
0.692
0.631
0.647
0.845
0.872
0.941
0.875
0.692
0.727
0.916
0.965
0.791
0.745
0.86
0.898
0.827
0.717
0.719
0.705
0.624
0.725
0.821
0.883
0.808
0.708
0.746
0.782
0.814
0.773
0.722
0.687
0.805
0.874
0.813
0.927
0.799
0.732
0.708
0.719
0.737
0.777
0.796
0.806
0.824
0.765
0.715
0.666
0.677
0.743
0.682
0.689
0.672
0.679
0.657
0.757
0.787
0.787
0.645
0.758
0.823
0.769
0.748
0.749
0.741
0.703
0.63
0.648
0.759
0.771
0.677
0.603
0.64
0.643
0.672
0.751
0.745
0.778
0.77
0.737
0.731
0.777
0.83
0.784
0.741
0.792
0.818
0.822
0.837
0.826
0.739
0.733
0.776
0.745
0.782
0.768
0.795
0.76
0.715
0.626
0.601
0.673
0.754
0.696
0.731
0.781
0.732
0.733
0.734
0.86
0.79
0.654
0.82
0.86
0.881
0.794
0.699
0.692
0.787
0.793
0.687
0.694
0.723
0.686
0.707
0.624
0.61
0.568
0.496
0.412
0.379
0.45
0.586
0.463
0.36
0.53
0.77
0.679
0.471
0.575
0.746
0.838
0.802
0.708
0.697
0.581
0.622
0.831
0.962
0.819
0.721
0.731
0.754
0.752
0.783
0.804
0.793
0.628
0.652
0.556
0.566
0.618
0.734
0.794
0.719
0.533
0.61
0.729
0.587
0.704
0.781
0.645
0.65
0.624
0.787
0.721
0.85
0.919
0.807
0.693
0.787
0.804
0.731
0.662
0.572
0.637
0.742
0.729
0.88
0.704
0.721
0.856
0.944
0.85
0.802
0.718
0.744
0.855
0.861
0.848
0.732
0.807
0.664
0.831
0.899
0.875
0.854
0.775
0.741
0.871
0.861
0.85
0.841
0.63
0.726
0.9
0.86
0.924
0.902
0.957
0.941
0.851
0.923
0.871
0.947
0.942
0.959
0.934
0.875
0.915
0.937
0.981
0.877
0.715
0.798
0.677
0.814
0.95
0.941
0.965
0.972
1.001
0.956
0.958
0.93
0.928
0.948
0.937
0.95
0.944
0.932
0.975
0.953
0.897
0.769
0.829
0.804
0.726
0.745
0.895
0.868
0.842
0.843
0.86
0.821
0.812
0.736
0.855
0.875
0.889
0.749
0.926
0.948
0.933
0.985
0.981
0.994
0.965
0.941
0.695
0.846
0.851
0.772
0.804
0.922
0.767
0.796
0.828
0.923
0.893
0.881
0.93
0.959
0.984
0.979
0.927
0.991
0.92
0.899
0.788
0.83
0.979
0.974
0.977
0.978
0.827
0.945
0.94
0.883
0.94
0.903
0.803
0.719
0.822
0.85
0.947
0.917
0.763
0.822
0.759
0.883
0.907
0.862
0.913
0.831
0.779
0.675
0.797
0.767
0.621
0.696
0.864
0.613
0.696
0.772
0.744
0.792
0.944
0.938
0.678
0.896
0.918
0.86
0.818
0.741
0.672
0.694
0.61
0.617
0.617
0.805
0.89
0.794
0.743
0.807
0.843
0.681
0.481
0.6
0.675
0.466
0.561
0.65
0.659
0.733
0.913
0.824
0.674
0.816
0.761
0.836
0.867
0.888
0.831
0.843
0.878
0.698
0.647
0.856
0.84
0.821
0.876
0.847
0.861
0.788
0.718
0.8
0.772
0.775
0.757
0.724
0.712
0.706
0.79
0.894
0.759
0.611
0.819
0.919
0.817
0.678
0.811
0.788
0.757
0.693
0.808
0.908
0.891
0.767
0.709
0.792
0.855
0.805
0.76
0.758
0.688
0.62
0.608
0.619
0.704
0.759
0.754
0.673
0.749
0.738
0.716
0.697
0.678
0.776
0.815
0.799
0.808
0.82
0.875
0.869
0.831
0.788
0.694
0.687
0.79
0.795
0.732
0.82
0.722
0.712
0.85
0.841
0.828
0.771
0.762
0.82
0.858
0.888
0.746
0.709
0.794
0.808
0.832
0.824
0.828
0.843
0.828
0.826
0.805
0.821
0.819
0.822
0.832
0.834
0.8
0.831
0.863
0.824
0.767
0.714
0.761
0.852
0.88
0.754
0.701
0.863
0.883
0.836
0.832
0.848
0.824
0.789
0.97
0.946
0.884
0.848
0.786
0.711
0.744
0.816
0.842
0.834
0.798
0.781
0.807
0.835
0.845
0.713
0.656
0.721
0.86
0.769
0.676
0.9
0.808
0.831
0.765
0.688
0.816
0.782
0.833
0.736
0.681
0.664
0.655
0.835
0.725
0.639
0.648
0.697
0.67
0.759
0.748
0.737
0.598
0.758
0.763
0.821
0.731
0.604
0.756
0.71
0.768
0.76
0.723
0.647
0.815
0.863
0.746
0.777
0.81
0.731
0.781
0.87
0.853
0.823
0.755
0.866
0.855
0.687
0.639
0.568
0.567
0.882
0.908
0.732
0.596
0.752
0.921
0.853
0.924
0.867
0.781
0.809
0.868
0.803
0.85
0.597
0.793
0.91
0.91
0.824
0.778
0.752
0.617
0.601
0.688
0.867
0.947
0.88
0.887
0.908
0.946
0.894
0.66
0.654
0.903
0.956
0.927
0.885
0.881
0.916
0.859
0.854
0.869
0.946
0.957
0.91
0.928
0.864
0.767
0.915
0.862
0.775
0.808
0.958
0.953
0.94
0.945
0.875
0.783
0.862
0.871
0.784
0.878
0.946
0.918
0.859
0.907
0.846
0.918
0.953
0.851
0.785
0.855
0.855
0.786
0.886
0.87
0.954
0.97
0.886
0.864
0.878
0.877
0.948
0.95
0.958
0.928
0.921
0.968
0.929
0.909
0.91
0.927
0.827
0.895
0.924
0.92
0.879
0.847
0.844
0.876
0.869
0.922
0.881
0.818
0.836
0.913
0.86
0.84
0.807
0.681
0.68
0.842
0.863
0.83
0.928
0.905
0.856
0.757
0.777
0.841
0.72
0.769
0.565
0.541
0.787
0.732
0.859
0.878
0.903
0.869
0.872
0.76
0.609
0.668
0.809
0.891
0.902
0.882
0.843
0.848
0.942
0.929
0.886
0.866
0.781
0.739
0.597
0.604
0.76
0.756
0.753
0.689
0.718
0.794
0.882
0.718
0.597
0.644
0.754
0.719
0.713
0.818
0.786
0.865
0.837
0.653
0.775
0.721
0.736
0.655
0.64
0.795
0.828
0.918
0.711
0.687
0.765
0.713
0.821
0.746
0.725
0.717
0.739
0.72
0.727
0.783
0.895
0.79
0.768
0.787
0.796
0.826
0.841
0.792
0.774
0.772
0.822
0.794
0.799
0.822
0.76
0.782
0.825
0.689
0.686
0.717
0.662
0.631
0.66
0.709
0.754
0.753
0.849
0.943
0.888
0.818
0.815
0.765
0.786
0.814
0.811
0.779
0.665
0.735
0.761
0.699
0.715
0.886
0.712
0.701
0.756
0.735
0.674
0.725
0.718
0.81
0.813
0.797
0.785
0.784
0.809
0.781
0.77
0.784
0.864
0.827
0.833
0.801
0.759
0.759
0.828
0.778
0.768
0.785
0.832
0.819
0.761
0.79
0.905
0.925
0.863
0.795
0.839
0.861
0.807
0.743
0.816
0.857
0.872
0.778
0.764
0.726
0.769
0.844
0.849
0.823
0.805
0.777
0.743
0.735
0.741
0.843
0.877
0.94
0.854
0.785
0.82
0.812
0.821
0.84
0.858
0.865
0.882
0.901
0.776
0.749
0.759
0.809
0.805
0.778
0.781
0.843
0.921
0.876
0.728
0.695
0.756
0.759
0.753
0.782
0.811
0.849
0.775
0.718
0.701
0.648
0.599
0.631
0.708
0.732
0.699
0.673
0.724
0.855
0.676
0.646
0.757
0.543
0.595
0.635
0.574
0.552
0.68
0.692
0.644
0.728
0.709
0.855
0.824
0.864
0.786
0.593
0.803
0.933
0.921
0.86
0.817
0.883
0.846
0.682
0.642
0.773
0.777
0.851
0.8
0.641
0.784
0.929
0.807
0.9
0.738
0.702
0.773
0.655
0.583
0.593
0.775
0.782
0.741
0.675
0.585
0.778
0.912
0.95
0.966
0.914
0.825
0.799
0.937
0.992
0.889
0.739
0.697
0.8
0.789
0.837
0.845
0.815
0.818
0.776
0.866
0.922
0.978
0.866
0.864
0.968
0.847
0.895
0.86
0.826
0.885
0.867
0.867
0.89
0.922
0.789
0.908
0.944
0.933
0.922
0.972
0.933
0.945
0.912
0.96
0.98
0.974
0.915
0.977
0.978
0.916
0.953
0.963
0.933
0.96
0.98
0.975
0.986
1.018
0.919
0.911
0.772
0.817
0.741
0.693
0.922
0.882
0.871
0.884
0.847
0.985
0.967
0.964
0.913
0.916
0.924
0.966
0.967
0.948
0.962
0.958
0.942
0.912
0.834
0.841
0.951
0.966
0.885
0.906
0.894
0.797
0.931
0.941
0.874
0.69
0.547
0.735
0.859
0.918
0.948
0.866
0.876
0.89
0.87
0.871
0.93
0.919
0.814
0.868
0.947
0.925
0.867
0.858
0.646
0.594
0.722
0.929
0.884
0.775
0.697
0.729
0.772
0.777
0.806
0.882
0.92
0.84
0.816
0.929
0.857
0.81
0.82
0.77
0.878
0.788
0.701
0.788
0.803
0.869
0.727
0.699
0.658
0.72
0.836
0.831
0.724
0.67
0.683
0.737
0.719
0.643
0.684
0.619
0.592
0.596
0.621
0.712
0.847
0.909
0.953
0.852
0.73
0.843
0.813
0.728
0.794
0.85
0.72
0.725
0.824
0.649
0.614
0.562
0.627
0.646
0.615
0.706
0.701
0.873
0.797
0.8
0.788
0.755
0.674
0.653
0.791
0.855
0.653
0.694
0.821
0.837
0.8
0.671
0.67
0.68
0.692
0.601
0.613
0.639
0.788
0.86
0.792
0.732
0.673
0.613
0.647
0.684
0.702
0.75
0.782
0.832
0.763
0.778
0.784
0.752
0.781
0.774
0.711
0.62
0.731
0.63
0.641
0.666
0.623
0.671
0.686
0.731
0.726
0.787
0.782
0.752
0.725
0.761
0.757
0.746
0.751
0.683
0.628
0.608
0.757
0.789
0.854
0.827
0.851
0.814
0.819
0.801
0.733
0.788
0.779
0.752
0.772
0.822
0.765
0.915
0.793
0.72
0.716
0.727
0.719
0.711
0.698
0.741
0.832
0.795
0.783
0.739
0.79
0.792
0.812
0.798
0.809
0.889
0.887
0.806
0.74
0.779
0.8
0.841
0.816
0.773
0.806
0.772
0.753
0.795
0.882
0.755
0.692
0.921
0.877
0.751
0.692
0.713
0.609
0.7
0.697
0.692
0.728
0.76
0.719
0.645
0.602
0.625
0.69
0.721
0.879
0.936
0.783
0.728
0.744
0.587
0.69
0.864
0.848
0.801
0.85
0.796
0.674
0.748
0.621
0.661
0.732
0.744
0.714
0.7
0.738
0.84
0.851
0.835
0.881
0.888
0.854
0.838
0.759
0.665
0.689
0.625
0.625
0.601
0.795
0.839
0.802
0.689
0.897
0.857
0.69
0.678
0.665
0.581
0.638
0.724
0.773
0.673
0.601
0.639
0.781
0.804
0.759
0.776
0.849
0.623
0.637
0.57
0.693
0.64
0.956
0.896
0.637
0.698
0.629
0.678
0.795
0.766
0.733
0.87
0.782
0.787
0.794
0.86
0.888
0.741
0.769
0.821
0.817
0.945
0.925
0.902
0.865
0.92
0.93
0.958
0.956
0.925
0.911
0.9
0.965
0.958
0.863
0.913
0.9
0.923
0.943
0.988
0.951
0.944
0.966
0.959
0.953
0.925
0.975
0.958
0.974
0.922
0.893
0.964
0.929
0.926
0.776
0.806
0.873
0.85
0.838
0.92
0.822
0.877
0.87
0.751
0.816
0.976
0.907
0.845
0.919
0.893
0.734
0.845
0.79
0.849
0.758
0.752
0.773
0.883
0.838
0.815
0.805
0.869
0.962
0.945
0.891
0.838
0.857
0.819
0.792
0.902
0.903
0.866
0.854
0.847
0.808
0.882
0.858
0.496
0.61
0.664
0.727
0.772
0.812
0.819
0.77
0.627
0.763
0.822
0.738
0.893
0.816
0.768
0.787
0.868
0.845
0.785
0.967
0.908
0.862
0.911
0.849
0.784
0.675
0.654
0.751
0.614
0.683
0.719
0.576
0.669
0.78
0.719
0.716
0.779
0.672
0.781
0.806
0.684
0.755
0.791
0.79
0.817
0.74
0.743
0.661
0.835
0.828
0.695
0.632
0.61
0.702
0.708
0.724
0.765
0.693
0.789
0.753
0.677
0.591
0.641
0.621
0.674
0.758
0.77
0.65
0.596
0.618
0.624
0.688
0.779
0.724
0.763
0.714
0.728
0.768
0.584
0.527
0.638
0.727
0.843
0.878
0.84
0.856
0.927
0.848
0.78
0.765
0.856
0.764
0.73
0.705
0.594
0.569
0.754
0.83
0.775
0.705
0.673
0.626
0.694
0.782
0.826
0.759
0.776
0.6
0.529
0.619
0.734
0.75
0.766
0.692
0.745
0.731
0.672
0.581
0.566
0.665
0.747
0.762
0.706
0.77
0.808
0.841
0.729
0.659
0.774
0.782
0.747
0.745
0.685
0.691
0.729
0.782
0.792
0.782
0.69
0.653
0.647
0.753
0.806
0.78
0.839
0.818
0.813
0.831
0.774
0.744
0.805
0.79
0.802
0.795
0.823
0.726
0.729
0.772
0.778
0.839
0.849
0.825
0.825
0.821
0.827
0.832
0.865
0.826
0.745
0.81
0.842
0.839
0.807
0.829
0.837
0.755
0.718
0.815
0.802
0.749
0.753
0.805
0.846
0.846
0.736
0.73
0.786
0.784
0.779
0.777
0.815
0.926
0.953
0.898
0.863
0.832
0.843
0.878
0.756
0.724
0.745
0.71
0.716
0.723
0.838
0.851
0.827
0.77
0.769
0.764
0.756
0.692
0.767
0.785
0.786
0.685
0.83
0.837
0.812
0.704
0.598
0.594
0.768
0.684
0.783
0.739
0.69
0.783
0.801
0.809
0.655
0.684
0.679
0.639
0.73
0.788
0.677
0.603
0.652
0.589
0.606
0.954
0.872
0.927
0.823
0.708
0.841
0.822
0.795
0.738
0.642
0.895
0.828
0.654
0.741
0.815
0.738
0.641
0.748
0.706
0.684
0.677
0.842
0.919
0.829
0.837
0.96
0.818
0.818
0.792
0.865
0.982
0.867
0.813
0.889
0.752
0.678
0.733
0.785
0.655
0.686
0.787
0.792
0.705
0.843
0.905
0.947
0.76
0.756
0.632
0.766
0.789
0.834
0.572
0.396
0.524
0.661
0.773
0.881
0.856
0.849
0.811
0.931
0.844
0.773
0.77
0.872
0.981
0.915
0.901
0.911
0.953
0.868
0.807
0.825
0.849
0.93
0.895
0.831
0.82
0.873
0.983
0.95
0.888
0.864
0.84
0.68
0.783
0.9
0.98
0.934
0.948
0.838
0.701
0.701
0.846
0.774
0.888
0.965
0.911
0.945
0.832
0.856
0.927
0.898
0.845
0.896
0.853
0.914
0.912
0.735
0.673
0.723
0.791
0.859
0.882
0.885
0.883
0.891
0.911
0.933
0.872
0.897
0.895
0.955
0.889
0.958
0.908
0.952
0.949
0.847
0.897
0.964
0.963
0.925
0.87
0.919
0.84
0.824
0.814
0.807
0.576
0.82
0.848
0.819
0.821
0.725
0.653
0.799
0.861
0.827
0.716
0.761
0.68
0.81
0.861
0.871
0.879
0.957
0.925
0.818
0.758
0.777
0.817
0.617
0.628
0.735
0.852
0.734
0.731
0.94
0.754
0.716
0.729
0.833
0.831
0.703
0.847
0.942
0.787
0.677
0.78
0.717
0.75
0.755
0.829
0.686
0.502
0.546
0.698
0.795
0.883
0.893
0.911
0.821
0.72
0.743
0.811
0.829
0.753
0.766
0.78
0.643
0.614
0.683
0.672
0.706
0.63
0.8
0.728
0.587
0.69
0.785
0.823
0.67
0.613
0.761
0.769
0.709
0.61
0.586
0.695
0.686
0.728
0.699
0.656
0.635
0.558
0.592
0.676
0.704
0.767
0.853
0.705
0.663
0.743
0.742
0.561
0.533
0.609
0.623
0.606
0.631
0.517
0.633
0.607
0.703
0.671
0.637
0.665
0.592
0.663
0.72
0.695
0.705
0.79
0.721
0.604
0.608
0.645
0.59
0.706
0.773
0.679
0.619
0.668
0.721
0.727
0.769
0.682
0.728
0.631
0.724
0.613
0.692
0.788
0.816
0.772
0.645
0.605
0.609
0.71
0.706
0.749
0.801
0.766
0.806
0.761
0.626
0.664
0.692
0.707
0.686
0.861
0.823
0.823
0.803
0.767
0.827
0.722
0.687
0.702
0.57
0.655
0.743
0.672
0.625
0.817
0.979
0.931
0.878
0.789
0.788
0.847
0.828
0.765
0.744
0.719
0.834
0.802
0.742
0.708
0.701
0.762
0.679
0.68
0.723
0.843
0.89
0.841
0.854
0.79
0.687
0.743
0.753
0.635
0.663
0.687
0.718
0.774
0.721
0.69
0.618
0.681
0.67
0.791
0.805
0.7
0.633
0.611
0.678
0.792
0.74
0.645
0.697
0.709
0.714
0.639
0.639
0.764
0.883
0.751
0.64
0.64
0.63
0.758
0.755
0.767
0.739
0.587
0.491
0.551
0.958
0.78
0.76
0.818
0.921
0.696
0.566
0.606
0.651
0.674
0.58
0.571
0.603
0.658
0.642
0.75
0.592
0.638
0.711
0.809
0.859
0.824
0.799
0.658
0.667
0.675
0.843
0.786
0.879
0.902
0.917
0.776
0.825
0.87
0.931
0.855
0.837
0.784
0.825
0.898
0.922
0.894
0.789
0.902
0.902
0.962
0.951
0.954
0.964
0.968
0.935
0.945
0.891
0.904
0.959
0.93
1.001
0.955
0.98
0.959
0.892
0.936
0.745
0.862
0.822
0.906
0.946
0.9
0.885
0.891
0.909
0.893
0.888
0.893
0.904
0.92
0.948
0.918
0.918
0.795
0.925
0.814
0.84
0.844
0.893
0.913
0.913
0.862
0.771
0.625
0.765
0.893
0.884
0.862
0.839
0.906
0.936
0.915
0.838
0.831
0.704
0.926
0.935
0.955
0.935
1
1.001
0.929
0.899
0.85
0.83
0.662
0.892
0.915
0.935
0.913
0.89
0.945
0.905
0.49
0.489
0.71
0.928
0.911
0.903
0.92
0.969
0.839
0.748
0.921
0.901
0.843
0.911
0.968
0.943
0.932
0.903
0.902
0.844
0.914
0.911
0.876
0.842
0.852
0.806
0.814
0.775
0.85
0.976
0.774
0.828
0.892
0.846
0.761
0.665
0.766
0.768
0.866
0.695
0.752
0.918
0.895
0.689
0.672
0.93
0.788
0.729
0.76
0.764
0.779
0.864
0.869
0.872
0.882
0.769
0.586
0.608
0.684
0.674
0.684
0.867
0.79
0.727
0.69
0.627
0.692
0.732
0.647
0.744
0.742
0.653
0.744
0.799
0.814
0.74
0.61
0.584
0.736
0.959
0.852
0.761
0.833
0.894
0.767
0.871
0.829
0.789
0.724
0.76
0.713
0.671
0.746
0.768
0.705
0.723
0.622
0.76
0.854
0.735
0.583
0.606
0.77
0.73
0.615
0.71
0.836
0.807
0.768
0.777
0.768
0.748
0.82
0.688
0.704
0.755
0.754
0.642
0.737
0.76
0.743
0.743
0.643
0.689
0.722
0.713
0.742
0.736
0.821
0.797
0.826
0.774
0.81
0.711
0.735
0.862
0.819
0.788
0.792
0.783
0.819
0.805
0.768
0.791
0.786
0.811
0.775
0.69
0.775
0.801
0.745
0.767
0.835
0.819
0.8
0.81
0.731
0.759
0.843
0.755
0.744
0.748
0.804
0.826
0.837
0.833
0.772
0.786
0.837
0.835
0.799
0.801
0.752
0.809
0.826
0.737
0.761
0.78
0.762
0.723
0.788
0.787
0.813
0.788
0.774
0.775
0.723
0.77
0.816
0.77
0.832
0.897
0.832
0.744
0.588
0.603
0.689
0.626
0.636
0.777
0.723
0.688
0.663
0.725
0.593
0.63
0.807
0.886
0.842
0.849
0.76
0.705
0.759
0.712
0.641
0.66
0.744
0.702
0.655
0.608
0.714
0.813
0.782
0.749
0.79
0.783
0.738
0.689
0.609
0.58
0.7
0.651
0.8
0.669
0.494
0.58
0.536
0.478
0.67
0.749
0.801
0.684
0.624
0.568
0.499
0.705
0.662
0.65
0.747
0.843
0.707
0.693
0.733
0.685
0.582
0.588
0.734
0.78
0.734
0.611
0.518
0.574
0.793
0.701
0.804
0.794
0.744
0.733
0.846
0.907
0.998
0.789
0.808
0.772
0.756
0.849
0.785
0.688
0.744
0.881
0.912
0.867
0.839
0.839
0.831
0.925
0.942
0.848
0.754
0.833
0.57
0.62
0.8
0.858
0.851
0.929
0.823
0.827
0.777
0.766
0.888
0.702
0.896
0.919
0.986
0.968
0.887
0.825
0.896
0.97
0.894
0.902
1.028
0.942
0.781
0.795
0.839
0.782
0.807
0.92
0.906
0.751
0.745
0.962
0.893
0.921
0.957
0.943
0.944
0.943
0.896
0.903
0.856
0.963
0.911
0.949
0.926
0.956
0.997
1.008
0.848
0.856
0.888
0.906
0.937
0.966
0.698
0.829
0.906
0.737
0.818
0.865
0.763
0.932
0.911
0.895
0.842
0.93
0.979
0.847
0.803
0.903
0.866
0.766
0.541
0.844
0.833
0.695
0.816
0.851
0.808
0.767
0.772
0.888
0.957
0.688
0.758
0.616
0.49
0.351
0.608
0.847
0.86
0.963
0.839
0.88
0.895
0.453
0.67
0.647
0.602
0.674
0.683
0.771
0.764
0.627
0.573
0.56
0.658
0.571
0.807
0.826
0.662
0.769
0.868
0.761
0.71
0.648
0.568
0.883
0.733
0.742
0.873
0.801
0.662
0.582
0.69
0.747
0.634
0.71
0.947
0.902
0.668
0.528
0.53
0.678
0.948
0.802
0.766
0.683
0.687
0.686
0.631
0.614
0.777
0.864
0.844
0.805
0.723
0.581
0.561
0.677
0.739
0.84
0.759
0.797
0.771
0.659
0.532
0.711
0.752
0.634
0.813
0.641
0.525
0.502
0.507
0.577
0.606
0.716
0.681
0.744
0.812
0.867
0.904
0.809
0.654
0.639
0.726
0.867
0.851
0.705
0.66
0.573
0.624
0.771
0.804
0.836
0.919
0.839
0.668
0.656
0.642
0.639
0.831
0.816
0.782
0.78
0.772
0.73
0.7
0.638
0.639
0.772
0.702
0.652
0.703
0.846
0.856
0.898
0.864
0.825
0.802
0.696
0.691
0.708
0.718
0.678
0.804
0.743
0.689
0.672
0.675
0.789
0.752
0.814
0.785
0.731
0.761
0.856
0.875
0.801
0.842
0.817
0.776
0.766
0.87
0.764
0.821
0.746
0.799
0.716
0.801
0.798
0.674
0.607
0.775
0.795
0.821
0.806
0.754
0.7
0.666
0.597
0.608
0.669
0.812
0.766
0.82
0.698
0.76
0.755
0.662
0.557
0.654
0.721
0.866
0.822
0.753
0.692
0.653
0.632
0.632
0.624
0.566
0.576
0.802
0.923
0.87
0.774
0.727
0.735
0.643
0.667
0.69
0.72
0.721
0.592
0.637
0.707
0.891
0.828
0.817
0.726
0.678
0.838
0.791
0.663
0.685
0.678
0.545
0.814
0.697
0.752
0.674
0.735
0.737
0.758
0.956
0.792
0.674
0.71
0.746
0.801
0.893
0.887
0.745
0.642
0.618
0.682
0.657
0.712
0.946
0.92
0.756
0.629
0.713
0.847
0.762
0.826
0.857
0.626
0.673
0.742
0.622
0.65
0.645
0.631
0.762
0.712
0.792
0.743
0.759
0.733
0.743
0.782
0.776
0.744
0.824
0.87
0.788
0.811
0.808
0.835
0.848
0.812
0.778
0.8
0.74
0.798
0.815
0.67
0.814
0.896
0.662
0.569
0.539
0.767
0.809
0.893
0.593
0.595
0.549
0.83
0.947
0.913
0.662
0.744
0.746
0.932
0.901
0.928
0.928
0.904
0.927
0.917
0.858
0.783
0.903
0.768
0.896
0.964
0.905
0.795
0.773
0.877
0.928
0.946
0.918
0.926
0.868
0.927
0.93
0.937
0.954
0.967
0.949
0.964
0.983
0.977
0.971
0.938
0.935
0.961
0.931
0.936
0.936
0.769
0.743
0.796
0.589
0.756
0.844
0.868
0.917
0.94
0.882
0.883
0.907
0.926
0.871
0.951
0.935
0.925
0.97
0.951
0.952
0.971
0.947
0.96
0.962
0.98
0.968
0.888
0.969
0.973
0.951
0.908
0.9
0.952
0.971
0.954
0.927
0.936
0.908
0.883
0.835
0.778
0.76
0.775
0.864
0.806
0.875
0.974
0.955
0.914
0.718
0.528
0.525
0.682
0.707
0.814
0.893
0.835
0.633
0.727
0.657
0.727
0.885
0.861
0.717
0.618
0.667
0.624
0.621
0.619
0.582
0.637
0.644
0.841
0.732
0.614
0.621
0.524
0.705
0.647
0.543
0.672
0.608
0.676
0.67
0.561
0.505
0.547
0.617
0.741
0.832
0.929
0.733
0.599
0.525
0.667
0.746
0.815
0.736
0.615
0.596
0.685
0.688
0.834
0.667
0.515
0.823
0.901
0.866
0.751
0.673
0.68
0.885
0.95
0.84
0.628
0.674
0.787
0.727
0.732
0.73
0.696
0.672
0.73
0.701
0.601
0.67
0.762
0.677
0.763
0.75
0.801
0.828
0.715
0.606
0.86
0.713
0.694
0.767
0.8
0.825
0.87
0.763
0.766
0.758
0.761
0.743
0.694
0.738
0.771
0.764
0.707
0.653
0.797
0.823
0.762
0.655
0.619
0.563
0.572
0.693
0.746
0.703
0.695
0.666
0.804
0.709
0.645
0.773
0.809
0.797
0.765
0.766
0.744
0.812
0.8
0.779
0.799
0.733
0.8
0.794
0.841
0.712
0.646
0.81
0.828
0.664
0.731
0.795
0.784
0.794
0.833
0.83
0.788
0.716
0.681
0.69
0.712
0.796
0.797
0.784
0.76
0.767
0.728
0.612
0.627
0.548
0.597
0.722
0.778
0.802
0.815
0.758
0.668
0.55
0.476
0.549
0.521
0.459
0.47
0.485
0.524
0.558
0.47
0.374
0.401
0.495
0.562
0.582
0.677
0.734
0.471
0.504
0.511
0.661
0.796
0.568
0.696
0.714
0.532
0.559
0.576
0.487
0.595
0.651
0.861
0.958
0.789
0.683
0.703
0.725
0.851
0.789
0.706
0.645
0.578
0.525
0.438
0.579
0.51
0.63
0.637
0.694
0.569
0.613
0.541
0.571
0.567
0.483
0.537
0.516
0.425
0.46
0.683
0.778
0.584
0.525
0.639
0.488
0.586
0.635
0.667
0.602
0.592
0.683
0.662
0.495
0.466
0.535
0.688
0.684
0.549
0.56
0.712
0.566
0.65
0.796
0.78
0.665
0.792
0.811
0.758
0.803
0.716
0.857
0.758
0.848
0.879
0.815
0.957
0.818
0.692
0.78
0.794
0.79
0.811
0.788
0.883
0.891
0.886
0.897
0.913
0.851
0.83
0.896
0.929
0.934
0.928
0.952
0.961
0.934
0.935
0.932
0.893
0.92
0.921
0.9
0.952
0.964
0.961
0.938
0.96
0.614
0.681
0.726
0.592
0.835
0.817
0.885
0.921
0.845
0.932
0.9
0.885
0.891
0.934
0.828
0.888
0.981
0.945
0.882
0.823
0.856
0.79
0.92
0.964
0.965
0.943
0.942
0.954
0.941
0.905
0.943
0.945
0.916
0.946
0.949
1.001
0.982
0.895
0.874
0.906
0.944
0.899
0.928
0.898
0.894
0.866
0.873
0.79
0.684
0.628
0.93
0.897
0.944
0.921
0.928
0.936
0.911
0.902
0.794
0.812
0.747
0.811
0.899
0.832
0.842
0.787
0.934
0.953
0.823
0.818
0.823
0.804
0.895
0.865
0.786
0.77
0.77
0.705
0.801
0.869
0.92
0.783
0.604
0.541
0.567
0.607
0.565
0.671
0.809
0.675
0.749
0.745
0.911
0.753
0.659
0.798
0.913
0.865
0.832
0.797
0.779
0.641
0.557
0.767
0.792
0.708
0.811
0.931
0.924
0.777
0.838
0.839
0.853
0.934
0.798
0.78
0.779
0.761
0.64
0.764
0.817
0.904
0.787
0.62
0.693
0.678
0.773
0.699
0.726
0.801
0.791
0.773
0.784
0.925
0.93
0.948
0.887
0.813
0.852
0.721
0.689
0.749
0.758
0.82
0.786
0.917
0.825
0.84
0.734
0.713
0.69
0.676
0.667
0.692
0.74
0.659
0.702
0.694
0.744
0.792
0.791
0.804
0.733
0.7
0.736
0.749
0.764
0.771
0.759
0.828
0.808
0.773
0.812
0.868
0.801
0.704
0.736
0.777
0.766
0.651
0.639
0.745
0.784
0.71
0.682
0.646
0.697
0.722
0.652
0.697
0.784
0.797
0.783
0.748
0.741
0.784
0.817
0.818
0.847
0.795
0.777
0.775
0.778
0.801
0.794
0.76
0.768
0.786
0.802
0.733
0.676
0.742
0.839
0.841
0.85
0.835
0.802
0.836
0.851
0.831
0.805
0.728
0.637
0.732
0.817
0.83
0.747
0.659
0.713
0.707
0.67
0.776
0.719
0.602
0.74
0.786
0.793
0.78
0.799
0.694
0.595
0.68
0.677
0.591
0.542
0.716
0.813
0.846
0.937
0.909
0.86
0.817
0.764
0.746
0.704
0.808
0.762
0.641
0.767
0.757
0.81
0.843
0.863
0.77
0.912
0.832
0.851
0.858
0.788
0.793
0.856
0.902
0.881
0.754
0.77
0.747
0.69
0.734
0.727
0.704
0.629
0.616
0.611
0.792
0.857
0.767
0.644
0.714
0.648
0.703
0.962
0.976
0.835
0.715
0.657
0.723
0.652
0.755
0.906
0.758
0.66
0.681
0.727
0.728
0.598
0.664
0.81
0.672
0.62
0.818
0.783
0.812
0.728
0.684
0.634
0.702
0.88
0.867
0.82
0.612
0.504
0.616
0.822
0.834
0.922
0.86
0.835
0.795
0.789
0.896
0.936
0.969
0.853
0.885
0.9
0.849
0.854
0.985
0.927
0.869
0.841
0.891
0.785
0.749
0.757
0.836
0.951
0.953
0.764
0.872
0.9
0.882
0.932
0.954
0.928
0.864
0.819
0.835
0.856
0.919
0.842
0.881
0.952
0.919
0.937
0.664
0.546
0.621
0.911
0.877
0.88
0.844
0.767
0.848
0.871
0.98
0.781
0.703
0.569
0.798
0.967
0.64
0.739
0.664
0.914
0.949
0.927
0.831
0.851
0.942
0.935
0.873
0.82
0.854
0.826
0.888
0.849
0.794
0.906
0.906
0.856
0.892
0.832
0.8
0.816
0.8
0.814
0.908
0.935
0.922
0.928
0.88
0.825
0.686
0.806
0.866
0.878
0.831
0.927
0.76
0.697
0.725
0.739
0.909
0.842
0.902
0.856
0.807
0.823
0.636
0.715
0.87
0.692
0.658
0.672
0.827
0.821
0.728
0.821
0.831
0.784
0.776
0.779
0.758
0.698
0.696
0.722
0.812
0.881
0.838
0.644
0.728
0.745
0.852
0.884
0.86
0.801
0.776
0.77
0.758
0.708
0.576
0.545
0.564
0.713
0.729
0.656
0.577
0.756
0.806
0.746
0.676
0.643
0.64
0.688
0.841
0.789
0.638
0.593
0.59
0.856
0.641
0.657
0.667
0.732
0.8
0.833
0.738
0.761
0.864
0.773
0.818
0.817
0.689
0.709
0.531
0.504
0.653
0.728
0.582
0.599
0.612
0.623
0.605
0.552
0.588
0.771
0.715
0.7
0.685
0.721
0.712
0.658
0.671
0.604
0.732
0.893
0.68
0.636
0.686
0.745
0.662
0.541
0.517
0.512
0.527
0.722
0.73
0.666
0.624
0.644
0.652
0.74
0.727
0.669
0.643
0.655
0.724
0.628
0.531
0.644
0.619
0.513
0.584
0.668
0.658
0.652
0.655
0.63
0.649
0.648
0.626
0.597
0.732
0.7
0.587
0.63
0.609
0.62
0.682
0.686
0.565
0.491
0.571
0.696
0.81
0.7
0.532
0.554
0.609
0.547
0.503
0.619
0.726
0.592
0.452
0.447
0.6
0.403
0.358
0.542
0.745
0.639
0.504
0.56
0.683
0.817
0.876
0.731
0.631
0.767
0.683
0.623
0.717
0.623
0.525
0.554
0.524
0.448
0.399
0.384
0.426
0.431
0.697
0.738
0.685
0.576
0.499
0.649
0.815
0.782
0.851
0.79
0.69
0.666
0.796
0.725
0.619
0.579
0.616
0.638
0.764
0.608
0.519
0.556
0.839
0.607
0.55
0.574
0.807
0.737
0.633
0.674
0.86
0.87
0.832
0.683
0.689
0.729
0.928
0.839
0.693
0.865
0.795
0.761
0.661
0.685
0.712
0.607
0.664
0.708
0.816
0.805
0.719
0.64
0.659
0.672
0.83
0.718
0.7
0.747
0.742
0.679
0.815
0.839
0.805
0.758
0.849
0.898
0.778
0.732
0.73
0.722
0.68
0.704
0.758
0.785
0.711
0.706
0.586
0.755
0.669
0.629
0.785
0.733
0.733
0.729
0.67
0.668
0.683
0.709
0.754
0.674
0.613
0.758
0.664
0.634
0.68
0.713
0.809
0.864
0.909
0.912
0.812
0.77
0.895
0.958
0.943
0.912
0.729
0.712
0.695
0.72
0.746
0.86
0.891
0.845
0.791
0.841
0.851
0.754
0.823
0.927
0.945
0.944
0.938
0.954
0.972
0.933
0.923
0.935
0.911
0.944
0.916
0.97
0.953
0.937
0.922
0.898
0.874
0.902
0.945
0.955
0.814
0.664
0.647
0.723
0.556
0.669
0.713
0.44
0.375
0.744
0.674
0.666
0.782
0.836
0.952
0.918
0.855
0.841
0.501
0.71
0.848
0.879
0.96
0.928
0.919
0.941
0.914
0.844
0.865
0.773
0.759
0.808
0.809
0.473
0.607
0.531
0.8
0.476
0.579
0.921
0.943
0.827
0.785
0.938
0.968
0.938
0.886
0.821
0.73
0.763
0.686
0.914
0.899
0.837
0.771
0.772
0.859
0.861
0.734
0.658
0.663
0.928
0.708
0.873
0.82
0.665
0.566
0.712
0.708
0.778
0.88
0.852
0.795
0.716
0.653
0.545
0.695
0.71
0.56
0.595
0.431
0.601
0.589
0.638
0.728
0.757
0.836
0.969
0.916
0.851
0.778
0.82
0.865
0.835
0.825
0.83
0.686
0.647
0.646
0.595
0.899
0.743
0.577
0.519
0.814
0.855
0.765
0.703
0.669
0.644
0.585
0.643
0.661
0.755
0.758
0.606
0.689
0.804
0.7
0.64
0.597
0.681
0.598
0.622
0.754
0.774
0.734
0.708
0.713
0.763
0.757
0.684
0.598
0.745
0.804
0.733
0.687
0.704
0.764
0.753
0.777
0.674
0.699
0.84
0.842
0.735
0.673
0.857
0.776
0.718
0.786
0.744
0.677
0.749
0.737
0.707
0.747
0.661
0.612
0.674
0.713
0.697
0.733
0.761
0.775
0.774
0.773
0.815
0.883
0.897
0.827
0.763
0.841
0.829
0.832
0.794
0.823
0.829
0.831
0.825
0.832
0.828
0.8
0.777
0.758
0.766
0.792
0.836
0.817
0.812
0.815
0.845
0.811
0.698
0.844
0.824
0.792
0.704
0.769
0.81
0.783
0.812
0.747
0.668
0.749
0.861
0.821
0.806
0.672
0.782
0.717
0.733
0.717
0.616
0.58
0.649
0.69
0.663
0.569
0.625
0.693
0.68
0.586
0.549
0.506
0.567
0.646
0.679
0.587
0.55
0.599
0.593
0.628
0.463
0.474
0.462
0.418
0.581
0.648
0.497
0.49
0.555
0.639
0.528
0.433
0.668
0.579
0.598
0.637
0.652
0.772
0.712
0.769
0.725
0.705
0.698
0.696
0.674
0.748
0.81
0.692
0.637
0.661
0.792
0.802
0.8
0.809
0.63
0.623
0.595
0.681
0.759
0.726
0.716
0.733
0.709
0.771
0.681
0.79
0.628
0.597
0.641
0.645
0.618
0.658
0.587
0.672
0.634
0.716
0.75
0.903
0.812
0.824
0.742
0.586
0.672
0.731
0.809
0.595
0.573
0.668
0.663
0.649
0.695
0.512
0.53
0.814
0.88
0.725
0.592
0.627
0.666
0.925
0.757
0.453
0.582
0.729
0.721
0.695
0.77
0.778
0.82
0.852
0.867
0.887
0.849
0.799
0.815
0.884
0.938
0.861
0.905
0.856
0.931
0.975
0.97
0.934
0.972
0.944
0.951
0.967
1.007
0.924
0.859
0.58
0.795
0.903
0.844
0.799
0.844
0.747
0.748
0.913
0.948
0.816
0.877
0.919
1.053
0.74
0.927
0.964
0.968
0.943
0.934
0.887
0.921
0.8
0.73
0.948
0.88
0.943
0.964
0.896
0.836
0.858
0.821
0.854
0.761
0.91
0.756
0.745
0.836
0.748
0.917
0.961
0.905
0.919
0.938
0.914
0.873
0.894
0.936
0.839
0.812
0.808
0.933
0.919
0.874
0.917
0.903
0.912
0.868
0.882
0.854
0.767
0.818
0.792
0.807
0.701
0.654
0.652
0.623
0.902
0.851
0.881
0.86
0.851
0.806
0.849
0.856
0.806
0.862
0.962
0.867
0.828
0.849
0.727
0.639
0.76
0.919
0.855
0.771
0.766
0.674
0.407
0.574
0.464
0.521
0.811
0.891
0.773
0.559
0.629
0.683
0.853
0.941
0.755
0.575
0.768
0.832
0.729
0.627
0.73
0.573
0.693
0.706
0.891
0.558
0.59
0.629
0.691
0.571
0.479
0.662
0.676
0.501
0.743
0.65
0.687
0.749
0.798
0.85
0.778
0.806
0.735
0.62
0.632
0.688
0.679
0.676
0.672
0.716
0.574
0.677
0.705
0.767
0.827
0.763
0.677
0.541
0.481
0.594
0.702
0.663
0.664
0.623
0.511
0.547
0.671
0.764
0.779
0.693
0.611
0.604
0.703
0.716
0.757
0.762
0.6
0.54
0.712
0.76
0.745
0.794
0.774
0.702
0.657
0.629
0.671
0.629
0.696
0.78
0.784
0.79
0.704
0.711
0.744
0.765
0.727
0.71
0.695
0.754
0.765
0.738
0.704
0.782
0.682
0.548
0.638
0.745
0.764
0.696
0.714
0.697
0.602
0.75
0.689
0.693
0.689
0.609
0.49
0.794
0.772
0.703
0.633
0.613
0.631
0.501
0.448
0.704
0.749
0.667
0.701
0.514
0.417
0.575
0.541
0.504
0.563
0.653
0.515
0.422
0.481
0.539
0.795
0.824
0.721
0.623
0.537
0.532
0.75
0.709
0.614
0.6
0.58
0.68
0.653
0.63
0.58
0.509
0.544
0.6
0.488
0.467
0.703
0.658
0.635
0.495
0.436
0.501
0.674
0.497
0.479
0.514
0.594
0.763
0.696
0.709
0.549
0.559
0.726
0.492
0.53
0.556
0.508
0.609
0.62
0.515
0.509
0.461
0.535
0.569
0.546
0.463
0.614
0.592
0.515
0.646
0.766
0.577
0.607
0.799
0.686
0.607
0.677
0.633
0.604
0.746
0.793
0.892
0.847
0.725
0.765
0.642
0.712
0.854
0.755
0.743
0.613
0.606
0.575
0.531
0.627
0.601
0.664
0.697
0.772
0.633
0.441
0.624
0.722
0.798
0.81
0.704
0.689
0.564
0.654
0.769
0.669
0.604
0.567
0.657
0.922
0.764
0.863
0.812
0.81
0.953
0.877
0.929
0.692
0.688
0.777
0.716
0.615
0.891
0.872
0.631
0.813
0.694
0.839
0.905
0.839
0.594
0.886
0.838
0.706
0.834
0.876
0.923
0.859
0.932
0.82
0.736
0.83
0.781
0.742
0.736
0.921
0.985
0.845
0.84
0.893
0.902
0.687
0.59
0.469
0.439
0.565
0.879
0.97
0.678
0.796
0.799
0.83
0.822
0.797
0.901
0.958
0.93
0.911
0.965
0.952
0.967
0.957
0.937
0.956
0.972
0.943
0.936
0.924
0.965
0.91
0.92
0.932
0.911
0.869
0.872
0.942
0.948
0.953
0.957
0.835
0.931
0.942
0.921
0.964
0.935
1
0.905
0.83
0.878
0.714
0.876
0.923
0.876
0.806
0.749
0.939
0.936
0.804
0.9
0.874
0.89
0.793
0.746
0.951
0.905
0.94
0.952
0.774
0.861
0.983
0.987
0.937
0.899
0.885
0.749
0.847
0.89
0.792
0.773
0.793
0.571
0.558
0.707
0.697
0.627
0.551
0.682
0.828
0.89
0.717
0.526
0.502
0.698
0.721
0.675
0.741
0.913
0.717
0.625
0.708
0.947
0.911
0.871
0.806
0.714
0.587
0.676
0.621
0.497
0.746
0.736
0.523
0.7
0.881
0.608
0.726
0.669
0.613
0.687
0.706
0.779
0.727
0.621
0.784
0.726
0.57
0.53
0.631
0.763
0.803
0.67
0.618
0.619
0.639
0.663
0.762
0.71
0.64
0.713
0.789
0.768
0.72
0.734
0.742
0.636
0.59
0.507
0.518
0.67
0.718
0.715
0.731
0.748
0.734
0.933
0.835
0.802
0.768
0.727
0.679
0.783
0.743
0.745
0.726
0.657
0.704
0.697
0.786
0.756
0.776
0.818
0.851
0.831
0.808
0.793
0.792
0.728
0.767
0.717
0.742
0.772
0.906
0.867
0.788
0.779
0.817
0.819
0.784
0.746
0.662
0.747
0.813
0.901
0.93
0.848
0.768
0.817
0.849
0.845
0.856
0.763
0.849
0.835
0.83
0.815
0.825
0.766
0.67
0.711
0.751
0.803
0.723
0.756
0.788
0.796
0.759
0.774
0.807
0.835
0.805
0.804
0.79
0.809
0.832
0.82
0.838
0.845
0.832
0.806
0.832
0.825
0.777
0.82
0.821
0.826
0.833
0.736
0.648
0.759
0.828
0.832
0.871
0.812
0.737
0.745
0.82
0.793
0.795
0.814
0.783
0.791
0.79
0.743
0.715
0.729
0.779
0.701
0.726
0.81
0.768
0.707
0.67
0.622
0.638
0.75
0.834
0.742
0.703
0.718
0.694
0.723
0.677
0.672
0.701
0.811
0.845
0.796
0.732
0.748
0.826
0.826
0.767
0.774
0.71
0.646
0.748
0.7
0.584
0.616
0.743
0.705
0.575
0.65
0.601
0.625
0.475
0.455
0.493
0.625
0.693
0.716
0.727
0.602
0.667
0.943
0.755
0.786
0.719
0.758
0.625
0.597
0.704
0.765
0.75
0.671
0.615
0.575
0.828
0.768
0.823
0.619
0.627
0.63
0.644
0.619
0.606
0.816
0.509
0.545
0.768
0.678
0.84
0.707
0.665
0.862
0.934
0.827
0.854
0.913
0.852
0.763
0.774
0.762
0.71
0.786
0.831
0.898
0.844
0.778
0.846
0.855
0.78
0.849
0.813
0.82
0.675
0.521
0.578
0.801
0.91
0.96
0.806
0.676
0.856
0.987
0.912
0.888
0.902
0.854
0.741
0.707
0.82
0.618
0.54
0.504
0.517
0.78
0.951
0.972
0.822
0.872
0.853
0.976
0.957
0.928
0.714
0.542
0.526
0.782
0.891
0.89
0.761
0.847
0.777
0.891
0.753
0.756
0.814
0.732
0.928
0.895
0.768
0.879
0.809
0.632
0.65
0.683
0.839
0.891
0.712
0.636
0.713
0.58
0.63
0.909
0.921
0.847
0.777
0.758
0.691
0.82
0.781
0.727
0.957
0.935
0.813
0.818
0.803
0.762
0.845
0.709
0.608
0.879
0.892
0.854
0.785
0.775
0.788
0.965
0.866
0.727
0.827
0.875
0.837
0.74
0.588
0.651
0.764
0.638
0.68
0.658
0.741
0.846
0.84
0.752
0.768
0.882
0.731
0.614
0.866
0.821
0.743
0.59
0.82
0.572
0.638
0.873
0.754
0.796
0.737
0.933
0.708
0.648
0.702
0.682
0.597
0.56
0.521
0.578
0.611
0.704
0.779
0.763
0.636
0.649
0.768
0.803
0.846
0.888
0.872
0.879
0.918
0.809
0.699
0.797
0.706
0.662
0.674
0.709
0.909
0.859
0.796
0.771
0.831
0.723
0.629
0.748
0.719
0.592
0.585
0.801
0.664
0.619
0.537
0.602
0.735
0.721
0.667
0.703
0.67
0.594
0.638
0.666
0.625
0.683
0.802
0.683
0.713
0.663
0.594
0.628
0.692
0.67
0.635
0.617
0.742
0.769
0.722
0.587
0.556
0.714
0.691
0.654
0.836
0.717
0.591
0.672
0.691
0.746
0.694
0.575
0.681
0.691
0.611
0.811
0.798
0.763
0.767
0.736
0.759
0.726
0.658
0.717
0.757
0.754
0.739
0.785
0.7
0.732
0.696
0.619
0.658
0.757
0.725
0.714
0.708
0.651
0.588
0.605
0.644
0.734
0.694
0.653
0.616
0.561
0.567
0.572
0.55
0.462
0.465
0.551
0.593
0.724
0.73
0.777
0.868
0.866
0.879
0.845
0.791
0.769
0.772
0.809
0.736
0.621
0.685
0.802
0.722
0.695
0.758
0.708
0.595
0.651
0.745
0.701
0.626
0.56
0.533
0.621
0.604
0.639
0.684
0.764
0.743
0.563
0.578
0.816
0.722
0.673
0.812
0.789
0.711
0.601
0.572
0.594
0.657
0.723
0.638
0.699
0.553
0.79
0.873
0.911
0.827
0.744
0.733
0.675
0.644
0.672
0.625
0.667
0.68
0.662
0.606
0.596
0.727
0.587
0.651
0.77
0.725
0.718
0.697
0.859
0.863
0.725
0.705
0.756
0.688
0.745
0.835
0.785
0.765
0.886
0.753
0.726
0.658
0.74
0.72
0.673
0.707
0.618
0.747
0.808
0.684
0.723
0.703
0.665
0.691
0.696
0.781
0.708
0.664
0.791
0.66
0.704
0.701
0.618
0.839
0.839
0.782
0.743
0.741
0.88
0.847
0.725
0.755
0.772
0.736
0.809
0.881
0.801
0.604
0.73
0.62
0.886
0.929
0.857
0.895
0.846
0.889
0.962
0.947
0.908
0.917
0.885
0.85
0.858
0.887
0.936
1.026
0.907
0.769
0.879
0.78
0.649
0.845
0.925
0.989
0.864
0.691
0.686
0.631
0.694
0.837
0.896
0.901
0.984
0.71
0.632
0.684
0.743
0.95
0.927
0.873
0.946
0.88
0.877
0.993
0.932
0.885
0.849
0.812
0.732
0.782
0.669
0.877
0.845
0.635
0.585
0.495
0.502
0.81
0.949
0.907
0.745
0.676
0.815
0.887
0.664
0.642
0.773
0.647
0.647
0.742
0.778
0.708
0.754
0.834
0.843
0.782
0.821
0.5
0.613
0.814
0.854
0.703
0.543
0.441
0.538
0.779
0.877
0.56
0.584
0.564
0.366
0.426
0.506
0.831
0.591
0.555
0.578
0.919
0.829
0.808
0.77
0.552
0.468
0.779
0.822
0.928
0.849
0.863
0.771
0.831
0.922
0.801
0.626
0.76
0.897
0.803
0.95
0.75
0.633
0.555
0.653
0.714
0.735
0.675
0.659
0.633
0.692
0.626
0.528
0.682
0.741
0.778
0.74
0.605
0.585
0.766
0.731
0.687
0.734
0.914
0.838
0.791
0.81
0.74
0.857
0.991
0.797
0.721
0.655
0.598
0.698
0.855
0.806
0.701
0.718
0.663
0.662
0.714
0.671
0.791
0.875
0.822
0.745
0.636
0.797
0.829
0.772
0.843
0.808
0.716
0.653
0.647
0.667
0.595
0.576
0.57
0.743
0.761
0.771
0.648
0.609
0.64
0.69
0.725
0.72
0.69
0.708
0.647
0.621
0.725
0.726
0.703
0.683
0.674
0.894
0.767
0.696
0.675
0.699
0.637
0.766
0.815
0.827
0.725
0.744
0.721
0.751
0.778
0.8
0.794
0.678
0.801
0.86
0.828
0.843
0.825
0.852
0.799
0.786
0.798
0.789
0.784
0.803
0.786
0.831
0.833
0.813
0.76
0.763
0.833
0.797
0.745
0.704
0.715
0.739
0.815
0.819
0.822
0.811
0.801
0.757
0.734
0.738
0.815
0.852
0.8
0.755
0.787
0.812
0.855
0.846
0.824
0.75
0.773
0.82
0.8
0.741
0.666
0.64
0.744
0.861
0.817
0.79
0.817
0.75
0.848
0.77
0.714
0.813
0.785
0.806
0.765
0.723
0.686
0.717
0.701
0.873
0.908
0.777
0.733
0.684
0.713
0.788
0.744
0.696
0.674
0.607
0.593
0.584
0.56
0.604
0.691
0.6
0.662
0.522
0.472
0.544
0.646
0.796
0.88
0.71
0.73
0.858
0.769
0.843
0.862
0.744
0.658
0.809
0.699
0.547
0.592
0.63
0.545
0.596
0.587
0.722
0.834
0.755
0.666
0.686
0.831
0.811
0.765
0.653
0.66
0.881
0.861
0.8
0.891
0.9
0.774
0.761
0.688
0.565
0.501
0.621
0.833
0.76
0.852
0.883
0.778
0.959
0.89
0.653
0.691
0.721
0.672
0.711
0.755
0.734
0.771
0.687
0.701
0.825
0.81
0.774
0.803
0.721
0.767
0.55
0.612
0.527
0.59
0.724
0.718
0.787
0.589
0.887
0.911
0.893
0.866
0.935
0.872
0.812
0.726
0.886
0.905
0.862
0.862
0.774
0.798
0.732
0.846
0.877
0.847
0.857
0.865
0.886
0.832
0.724
0.772
0.834
0.938
0.996
0.984
0.991
1.034
0.75
0.701
0.9
0.89
0.87
0.9
0.931
0.919
0.947
0.98
0.947
0.883
0.791
0.761
0.868
0.857
0.914
0.53
0.606
0.766
0.401
0.456
0.737
0.876
0.886
0.904
0.853
0.933
0.954
0.961
0.834
0.917
0.925
0.974
0.946
0.715
0.821
0.943
0.921
0.967
0.89
0.98
0.967
0.822
0.679
0.595
0.815
0.97
0.799
0.749
0.712
0.691
0.741
0.805
0.569
0.611
0.61
0.657
0.667
0.707
0.621
0.693
0.592
0.604
0.616
0.577
0.676
0.741
0.622
0.653
0.681
0.585
0.63
0.857
0.912
0.961
0.857
0.753
0.791
0.679
0.933
0.923
0.61
0.696
0.547
0.571
0.619
0.725
0.687
0.78
0.752
0.875
0.984
0.89
0.775
0.79
0.79
0.681
0.554
0.579
0.717
0.874
0.885
0.742
0.611
0.805
0.63
0.566
0.643
0.718
0.811
0.772
0.667
0.687
0.733
0.603
0.637
0.746
0.822
0.883
0.891
0.838
0.786
0.794
0.752
0.801
0.809
0.807
0.79
0.83
0.797
0.66
0.558
0.668
0.712
0.602
0.643
0.765
0.83
0.77
0.871
0.826
0.718
0.693
0.727
0.681
0.684
0.766
0.849
0.88
0.798
0.784
0.662
0.573
0.682
0.694
0.71
0.817
0.831
0.824
0.859
0.898
0.794
0.804
0.782
0.806
0.801
0.705
0.758
0.75
0.764
0.706
0.729
0.706
0.782
0.693
0.717
0.737
0.751
0.757
0.674
0.689
0.693
0.709
0.763
0.776
0.748
0.666
0.789
0.83
0.838
0.883
0.802
0.774
0.755
0.784
0.785
0.708
0.699
0.807
0.838
0.779
0.769
0.761
0.746
0.778
0.811
0.814
0.816
0.812
0.732
0.73
0.712
0.768
0.818
0.838
0.862
0.83
0.789
0.789
0.85
0.819
0.756
0.712
0.819
0.866
0.81
0.798
0.806
0.844
0.8
0.754
0.764
0.741
0.722
0.673
0.786
0.8
0.891
0.944
0.934
0.848
0.774
0.843
0.803
0.805
0.778
0.776
0.758
0.747
0.744
0.719
0.757
0.667
0.876
0.85
0.797
0.614
0.687
0.697
0.67
0.704
0.753
0.764
0.808
0.907
0.845
0.83
0.771
0.704
0.749
0.848
0.754
0.765
0.654
0.821
0.63
0.669
0.598
0.621
0.685
0.643
0.634
0.711
0.659
0.606
0.7
0.945
0.935
0.82
0.667
0.825
0.96
0.899
0.78
0.699
0.798
0.816
0.703
0.687
0.831
0.678
0.643
0.688
0.79
0.625
0.839
0.929
0.927
0.89
0.946
0.875
0.757
0.638
0.708
0.885
0.887
0.929
0.758
0.76
0.822
0.909
0.952
0.858
0.832
0.737
0.739
0.743
0.699
0.64
0.698
0.873
0.852
0.854
0.874
0.869
0.897
0.888
0.869
0.842
0.797
0.932
0.987
0.87
0.831
0.748
0.751
0.771
0.831
0.908
0.822
0.751
0.916
0.947
0.888
0.787
0.788
0.818
0.883
0.823
0.912
0.735
0.511
0.702
0.707
0.936
0.932
0.957
0.939
0.927
0.944
0.927
0.895
0.776
0.895
0.943
0.938
0.768
0.822
0.868
0.947
0.876
0.747
0.789
0.88
1.025
0.914
0.935
0.927
0.99
1.031
0.852
0.456
0.559
0.911
0.967
0.732
0.734
0.858
0.668
0.768
0.861
0.669
0.906
0.858
0.731
0.829
0.924
0.56
0.449
0.627
0.618
0.615
0.753
0.726
0.663
0.522
0.54
0.61
0.506
0.697
0.888
0.75
0.656
0.649
0.886
0.877
0.797
0.677
0.698
0.601
0.587
0.84
0.83
0.666
0.642
0.802
0.587
0.51
0.702
0.907
0.969
0.772
0.608
0.604
0.655
0.628
0.817
0.82
0.763
0.75
0.642
0.7
0.748
0.779
0.676
0.855
0.802
0.728
0.791
0.785
0.967
0.951
0.792
0.646
0.74
0.761
0.78
0.89
0.76
0.818
0.831
0.929
0.877
0.814
0.868
0.922
0.777
0.653
0.782
0.836
0.832
0.847
0.798
0.926
0.927
0.731
0.648
0.691
0.802
0.822
0.754
0.821
0.806
0.812
0.764
0.797
0.786
0.789
0.801
0.82
0.829
0.791
0.713
0.705
0.807
0.688
0.667
0.794
0.845
0.799
0.802
0.82
0.874
0.706
0.593
0.825
0.747
0.832
0.909
0.891
0.901
0.812
0.854
0.811
0.729
0.727
0.773
0.765
0.746
0.682
0.714
0.754
0.791
0.734
0.775
0.793
0.777
0.756
0.791
0.85
0.79
0.798
0.797
0.795
0.834
0.773
0.779
0.751
0.83
0.893
0.848
0.84
0.817
0.835
0.886
0.773
0.776
0.705
0.711
0.765
0.783
0.806
0.823
0.819
0.855
0.82
0.767
0.773
0.763
0.814
0.822
0.793
0.79
0.774
0.711
0.803
0.861
0.83
0.838
0.813
0.825
0.838
0.838
0.798
0.831
0.854
0.807
0.811
0.774
0.889
0.919
0.799
0.792
0.802
0.757
0.87
0.863
0.797
0.824
0.815
0.811
0.831
0.826
0.791
0.775
0.763
0.829
0.835
0.807
0.715
0.797
0.844
0.755
0.736
0.787
0.744
0.674
0.754
0.744
0.64
0.664
0.57
0.751
0.868
0.816
0.745
0.787
0.842
0.812
0.752
0.73
0.631
0.563
0.662
0.726
0.79
0.767
0.548
0.659
0.585
0.796
0.787
0.718
0.643
0.651
0.709
0.719
0.553
0.596
0.734
0.868
0.824
0.714
0.774
0.936
0.95
0.755
0.73
0.66
0.647
0.73
0.634
0.723
0.547
0.485
0.696
0.876
0.824
0.818
0.897
0.935
0.901
0.846
0.827
0.884
0.844
0.857
0.844
0.763
0.823
0.846
0.84
0.839
0.774
0.845
0.768
0.793
0.861
0.826
0.818
0.768
0.774
0.712
0.724
0.959
0.846
0.484
0.574
0.733
0.886
0.775
0.788
0.889
0.865
0.834
0.93
0.898
0.899
0.851
0.887
0.865
0.942
0.911
0.875
0.962
0.943
0.854
0.91
0.881
0.957
0.956
0.809
0.789
0.632
0.732
0.551
0.929
0.96
0.941
0.88
0.896
0.859
0.872
0.53
0.892
0.887
0.891
0.929
0.925
0.84
0.909
0.974
0.935
0.948
0.915
0.827
0.825
0.787
0.862
0.852
0.877
0.923
0.7
0.95
0.91
0.886
0.857
0.893
0.916
0.779
0.894
0.714
0.706
0.827
0.864
0.894
0.795
0.633
0.501
0.512
0.625
0.866
0.975
0.92
0.692
0.578
0.738
0.825
0.865
0.933
0.815
0.715
0.853
0.747
0.663
0.713
0.847
0.84
0.791
0.817
0.699
0.725
0.724
0.792
0.793
0.928
0.897
0.674
0.664
0.869
0.77
0.775
0.755
0.893
0.94
0.866
0.787
0.893
0.879
0.73
0.607
0.693
0.86
0.711
0.826
0.795
0.706
0.686
0.684
0.742
0.883
0.584
0.654
0.607
0.718
0.769
0.734
0.708
0.727
0.654
0.827
0.89
0.77
0.858
0.647
0.75
0.83
0.882
0.815
0.684
0.712
0.721
0.744
0.678
0.628
0.719
0.609
0.661
0.835
0.685
0.537
0.788
0.801
0.775
0.799
0.822
0.93
0.787
0.849
0.929
0.805
0.77
0.724
0.682
0.746
0.833
0.794
0.757
0.693
0.571
0.703
0.758
0.703
0.68
0.666
0.686
0.611
0.661
0.747
0.696
0.642
0.744
0.668
0.761
0.689
0.631
0.595
0.658
0.598
0.636
0.699
0.771
0.734
0.667
0.696
0.799
0.793
0.718
0.676
0.722
0.65
0.579
0.681
0.593
0.606
0.643
0.69
0.652
0.702
0.78
0.77
0.771
0.711
0.68
0.774
0.751
0.643
0.763
0.762
0.75
0.801
0.796
0.765
0.734
0.711
0.801
0.781
0.67
0.743
0.774
0.887
0.925
0.801
0.795
0.741
0.628
0.667
0.643
0.746
0.744
0.761
0.694
0.69
0.734
0.736
0.767
0.644
0.63
0.596
0.508
0.482
0.474
0.555
0.593
0.563
0.516
0.562
0.673
0.83
0.741
0.687
0.744
0.774
0.614
0.644
0.543
0.616
0.783
0.813
0.812
0.863
0.839
0.817
0.805
0.752
0.657
0.617
0.677
0.685
0.636
0.558
0.554
0.549
0.6
0.62
0.62
0.647
0.69
0.79
0.751
0.644
0.676
0.697
0.535
0.711
0.751
0.598
0.559
0.57
0.475
0.635
0.754
0.802
0.66
0.482
0.701
0.625
0.403
0.463
0.87
0.892
0.855
0.85
0.806
0.823
0.78
0.821
0.76
0.78
0.848
0.81
0.628
0.741
0.572
0.594
0.676
0.675
0.705
0.669
0.61
0.655
0.73
0.786
0.78
0.747
0.691
0.763
0.593
0.667
0.606
0.508
0.578
0.714
0.856
0.817
0.684
0.875
0.913
0.857
0.806
0.667
0.803
0.793
0.816
0.614
0.799
0.846
0.739
0.762
0.701
0.805
0.812
0.819
0.917
0.842
0.745
0.542
0.776
0.949
0.927
0.881
0.92
0.919
0.86
0.759
0.768
0.677
0.716
0.89
0.885
0.683
0.873
0.872
