1980 1 1
0.1158
0.3767
0.2301
0.7694
1.5137
0.2616
0.3514
0
0
0
12.5168
0.1169
0
0.4403
0
0
0
0
0
0
0
0
0.4077
0.7023
1.8998
0
0.0481
0
0
0.0512
0.0544
0
0
0
0
0
0.068
0
0
0.2783
0
0.1322
0
0.0012
0
4.9665
2.5293
0
0
0
0
0.5429
12.9582
0.0456
0.01
0.6187
2.3287
0.1809
0.6666
0.1444
0
0
0
0.0402
5.5957
0.0459
1.9207
15.3211
0.1096
0.0523
0.1424
0
0.9743
1.2053
0
0.4432
13.2055
0.6123
0
0.214
29.7418
0.0923
0
9.9859
0.5353
0
0.5796
3.208
7.1844
1.4299
9.3002
0.4077
0.0957
1.3754
7.5835
0.0136
0
1.9611
6.4992
5.9259
1.4158
0.4583
5.3118
0.3712
16.0267
1.0667
0.4009
0
0
0
0
0.0012
0
0
0.0226
0.3046
0.2577
2.3531
3.633
0
0
0
0
0
0
0
0
0
0.3922
0.05
1.3756
4.7236
8.4982
7.4682
1.4056
0
0.3727
17.6793
11.6833
1.692
0
0
0.1157
0.1253
0.6234
0.0602
0
0
0
1.9849
4.7343
6.1614
9.6442
11.2049
5.2126
0.4606
0.7413
13.0026
9.3188
2.6791
1.0186
0.1381
0
0
0.5322
13.1276
8.1973
3.7015
0
0.1261
8.2919
1.6848
0
0
0.0348
3.9131
0
0
0
0.0181
0.5965
0.1215
1.7392
0
1.8122
12.8325
13.4016
0.8149
0
4.9158
5.2805
0.8113
0.2676
1.8154
0.6707
0.0226
1.9158
2.1872
0.978
0
0.1111
0.4985
5.3314
22.8209
2.67
0
0
0.2101
3.5121
13.1272
5.467
1.5201
1.4024
0.9369
20.2546
9.7731
0.6492
3.2694
0.3209
0
0
1.199
9.1681
11.6191
4.9152
0.0667
5.0394
0.9108
1.2968
11.3723
5.6781
1.7623
26.2993
8.7698
2.2498
0
0
0
0
0
0.3897
1.9944
4.9908
9.6019
8.237
2.0396
0.0234
6.9722
0.5255
2e-04
0.0527
0.0967
3.5499
0.7543
0
1.6514
9.4118
2.1028
0.0278
0.1388
11.2755
0.0292
0
0.0013
0.3254
3.2121
6.9879
0
1.0484
2.1729
0
0
0
0
0
6.6995
0.5327
0.1948
0.0486
0
0
0
0
0.0012
0.1266
0.1237
0
0.3032
1.0153
0.3759
2.6869
7.676
0.1645
0.0788
0
0
0
1.1398
8.6134
0.0012
0.0256
7.5626
0
0
0
0
0
0.0092
0.1723
0
0
0
1.0634
0.0229
0
0
0.0326
1.2064
4.1798
0.1044
0
2.6537
1.0062
0
0
0.0232
0
0.3198
2.6441
0.1066
0
8.0077
0.8867
0.8655
0.5127
0.0344
4.8404
0.2264
0
0.0107
1.1078
7.87
6.5954
3.6008
0.182
0
0.507
0
0
0.2296
0.1286
0
1.0071
0.6238
0
0
0
0
6.7989
0
0
0
0.0344
9.6779
0.4902
5.3524
1.3471
1.4959
1.433
0.1403
0.5372
3.3043
2.8683
0
0
0.0266
0
0
0
0
0.0253
1.3798
0.1197
0
0
0
0
0
0
0.0012
0
0.1477
0.3367
0
0.0777
0
0
8.8643
1.2105
0.4448
0.3745
0.1415
1.0486
0.0062
0
0
10.2838
10.9221
0.0112
0
0
0
2.0655
0.3822
0.0117
11.4821
5.6707
0.1016
0.3116
6.1631
0.264
0
0
0.0024
0.9661
0.1676
0
0
0.2914
0.5606
0
0
0
0.0223
0
0
0
0
0
0
1.7831
0
0.2636
0.5458
0.4874
0.0285
0
0
0
0
4.8697
4.9589
0
0.0172
3.3155
0
0.3196
0
1.1516
2.261
0.6421
0
0
0.141
3.7845
1.5258
5.1176
11.4739
3.9132
23.991
0
0.5706
9.0253
2.5919
0.301
1.0146
0.2188
0.4267
7.153
0.759
0.0391
0.1251
0.0141
14.8779
10.7195
0.1912
0
0
0
0.2086
1.9288
5.5058
0
0
0.9224
14.6227
10.5222
0.1935
0
11.2015
6.3828
0.1883
0
0
0
0
0
0.0268
0
0.149
0.1305
0.8614
9.4034
5.5374
0.1485
4.8285
0.016
0
0.0166
6.3409
3.0793
2.1251
2.3715
0
7.881
44.026
5.5752
0
5.1976
31.1375
6.443
0.2903
1.2381
0.0643
0
0
0.4771
12.3683
27.5576
0
1.9998
20.983
0.0136
0
0
0.067
0.3737
1.705
1.0429
1.2293
2.3834
2.2317
0
0
0
1.8979
4.4988
0
0.0705
2.3958
0.8842
0.3629
0.0123
0
0
5.7326
25.493
2.278
0.0595
0
0
0
12.0421
1.5537
13.8388
0.3459
0
0
0.5126
0.2959
4.0317
1.9033
0.1572
0.4416
4.4484
2.0314
0.0977
1.0473
9.6448
0.033
0.0354
0.4741
5.2018
0
0
0
0
0
0
0
0
0
0
0.0121
1.5917
9.6714
15.5353
20.3594
6.2909
6.3695
25.7087
15.1845
11.6059
2.2569
0.8968
0.1317
3.2813
0
0.1984
0
0
0.6734
3.9692
7.6723
9.385
30.9703
10.9185
3.3842
0.845
1.753
2.7867
0
0
0.1198
0.982
4.7316
0
1.2642
8.4587
4.5015
0.2762
0
0
0.6039
13.2058
0.0279
0
0
0
0
0
0
0
0
0.1195
0.2486
10.469
1.7033
0.0501
4.967
3.1522
4.287
0
0.0371
10.1707
14.9458
1.1999
0
0
0
0
0
0
0
3.0661
1.9354
0.0711
0
0
0
0
0
0
0
0.0056
0.0291
6e-04
0.3504
4.1775
18.3957
1.1764
0
0.1126
0.5832
0
0.6482
1.4297
0
0
0
9.4166
0.6586
0
6.1305
0.6216
0
0
1.99
0.1323
0
0
0
0
0
0.2501
0.4053
6.2472
0.2468
0.0533
0.2616
4.1012
5.6876
27.037
0
0
0
5.7407
3.9619
0.9235
0.9358
1.581
0.7403
0
1.6632
8.4053
1.7381
0.735
3.3268
0.3106
1.4825
0.3524
0.6731
0.6952
2.9793
0.3416
0.7876
2.0843
0.1627
0.0644
0.1936
0.0956
0.7228
1.0122
12.5649
0.561
0.2561
0.1237
0
2.6748
0
29.2524
10.6325
3.4186
2.4026
6.7781
2.1337
0.5241
0.7783
0.2972
0
4.5593
0.0027
0.7308
0
0.2609
0.3957
0.1411
0.3265
1.6139
0.317
3.4498
0.476
0.2629
0.0071
0.1297
5.2195
0
0
0
0
5.0196
2.7668
1.8295
17.4604
0.4919
0.0356
0.7121
1.2486
1.7294
1.4688
4.2593
0.4146
6.4978
0.069
4.6671
12.5876
0.6033
0
1.9728
4.5425
0.4258
0
0
3.4006
2.4388
1.9766
0.7895
0
0.0929
5.5225
12.5558
0.0299
0.0286
6.6882
2.7313
1.3745
14.5748
0.6752
0
1.8342
0.6996
0.4132
0
0
0
1.7745
4.9775
5.7122
0.0571
0
2.1292
0.3729
0
0
0
0.2034
0.6773
0
0
0.1221
0
0.4524
0.0428
0
0
0.7009
2.9153
4.2314
4.0091
0
0
0
0
0.7422
0
0
0
0
0.577
4.6437
3.5054
6.435
9.9756
10.2902
0
0
5.1878
20.0543
17.1718
1.4972
2.1607
0.9622
2.3294
0
0.139
0.0248
1.5434
0.2148
0.0014
0.0058
2.0881
3.026
0
0
0
0
9.1008
22.0816
1.9724
0.1179
3.0081
1.5896
5.2863
9.1678
0.4798
0
0.2279
0.6054
0.4217
20.7374
16.4801
0.3477
0
0
34.005
0.2128
0.0015
0
2.2718
1.4729
1.151
2.9437
1.7521
0.0235
0
0
0
0
0.8676
3.5338
7.8824
1.7229
0
0
0
0
0
0.2131
0.3694
0.6291
0
0
0.499
0
1.721
1.0176
4.9387
1.2002
0
0.5711
5.9276
0.764
0
0
0
0
0
0
0
0
2.541
0
12.793
0.9447
0.0368
0.1421
0.2171
0.7898
0
0
0
0
0.0101
0.1074
0.3709
2.0691
0.1162
0
0
4.768
1.1592
0.0012
0
0
0
0
0.4267
5.9476
1.4943
0
1.4961
6.4254
0
0.0749
0.1739
8.4906
5.7039
0.8375
2.8104
1.6878
27.2702
0.4384
0
0
0
0
0
0
0.6128
0.6328
5.93
1.6711
0.6035
0.0116
0
0
0
0.2534
0.6956
0.487
0
0
0.0517
3.2359
0.0282
0
0
0
0
0
0
0
1.3989
0
28.7412
16.4784
26.618
8.4666
0.3751
0
0
0.0838
0.0144
2.3922
1.1638
10.1136
6.2349
0.4946
0
0
0.0344
0
0
2.9325
19.3753
12.1885
2.2063
12.4177
4.2531
0
6.5689
0.1524
15.9769
1.055
0
0.1316
0.274
1.1237
2.4469
4.1125
0.689
0.2049
0.4062
0.3616
0.3828
0.8858
0
0
1.6867
8.5834
13.4792
0
0
8.3993
1.3849
0.2012
0.303
6.1872
2.9353
10.4301
1.6682
10.543
2.9376
0.0021
0
0
0
0
0
0
0
0
0.0777
0
0
2.0296
0.5928
0.0592
0.1789
0.1948
0.302
0.0906
0
0
0
0
1.6136
6.6957
2.3928
0.0329
0
0
0
0
0.5899
4.6232
0
0.0902
6.3856
0.8542
0.6637
0.511
0.3783
3.1405
0
0
1e-04
0.018
0.0125
0
0
0
0
0.0752
0
0.2199
0
0
0.0935
0.1505
0
0.2848
0.1248
0
0
0
0
0
0.0445
0
3.3744
1.7986
3.5355
0.3785
2.4355
2.9535
0.0747
0
0
0
0.1078
0.0256
2.3673
7.2974
1.9873
8.7595
0.0078
0.0825
0
0.8442
0
5.3876
1.8347
0
0
0
0.4426
7.712
3.9812
0.4337
0.6226
3.642
5.4392
5.8631
7.5384
3.512
0.4535
0.206
11.4556
13.6245
3.3174
0.2154
1.9326
0.1942
0.0442
0.0124
0
0
0
0
0
0
0
12.3927
1.6987
16.368
8.1585
17.4806
8.9609
2.6092
0.9855
1.2723
1.7037
11.0086
0.3726
0
0
0
0.5182
8.209
5.6039
0.391
0
0
6.091
0.1247
2.4491
14.1468
0.2874
4.0222
2.4881
0.714
0
0.5944
7.5858
0.6834
0.4329
0.1253
1.1853
1.7505
2.6272
1.096
17.1521
0
0
0
2.1735
0.0011
0
0
1.3444
0.9201
1.5175
0
0.0345
3.5912
0.2754
0
0
0
0
0
0
21.578
32.4456
4.602
8.0035
4.5285
4.3726
5.6029
9.4674
1.7629
0
0
0
0
0
0
0
0
0
0
3.4298
7.8655
3.3317
4.8319
5.4199
0.6201
4.6086
2.5343
1.9356
0
0
0
1.0506
8.3087
6.5933
15.9809
1.7183
0.4618
0
1.1161
0.6635
0
0
0
2.854
0.0412
21.0337
0.5858
0
0
0
0
0.0639
0
0
0.6308
0.0881
0.7369
0
0
1.1836
0.4716
1.978
2.8129
2.4218
6.0214
4.239
0
0.4037
0
4.6319
3.0641
7.1759
15.9561
0
0
0.0016
0.047
0.0498
0
0
0.1284
7.6627
0.7399
0.0445
0.5431
8.2354
18.7865
0.0381
0.0305
0.3357
0.139
0.0299
0
0
0
0
0
0
4.1463
13.8996
14.104
0.1667
0
5.306
1.3275
0.1456
0.0462
4.0145
36.4334
1.1943
0
0
0.144
1.7581
0.2125
1.3052
2.045
14.9173
4.9731
0.4338
1.149
0.8682
0.8207
0
0
0
0.1225
9.7186
7.446
7.462
0
0
0.0385
0
0
0
7.3693
35.3517
0.1267
0
0.563
9.877
11.4071
0.337
0
11.1285
1.6348
0.6354
0
11.7813
0.0361
0
0.0907
2.3602
22.7488
0.0784
0.0136
0.5235
0.8167
0.5874
17.8471
1.0173
29.9921
0.8881
2.0368
1.3152
0.3256
4.0202
8.0491
0.0069
0.976
0.3821
1e-04
0.0269
0.0277
0.5696
2.9796
2.7694
11.8608
0.0062
0.4175
2e-04
0
0.7127
8.384
0.3773
1.2744
0
0
0
0
0.1938
0
0.0923
0
1.957
1.0444
2.367
0
0
0.1227
1.0521
0
0
0.0371
0.6261
0.0355
0
0
0
0.3111
5.7824
0
0
0
0
2.0584
5.2156
0.3117
0.256
0.3031
4.9187
0.122
0.7731
0.0659
0.0267
0
0
1.7742
2.2403
1.3283
7.8589
9.5612
0
0.0389
1.8132
0.5407
1.0584
0.0251
0
0
0
0.1542
4.6336
1.5193
2.906
9.7034
1.3704
0
0
0
0.0227
5.9297
0.1897
1.294
1.414
0.2626
0.0287
0.0379
0
6.9997
0.7359
0.3207
10.4039
0.0078
0.7472
0.3167
14.7529
21.4113
2.2907
0.0328
0.0014
0.0406
0.7314
3.2178
1.5905
1.4058
3e-04
0
0
2.018
1.2954
2.662
5.0022
0.5474
0
0
0.0388
0
0
0.418
5.9483
3.1592
5.4034
3.103
6.9199
4.518
0.1345
2e-04
4.1437
24.0674
7.2533
5.4135
0.6801
0
10.8755
0.0482
0.1252
1.7294
0.2626
1.5971
2.6572
3.2301
0.0706
0.0959
3.4013
4.5357
0.0498
1.6311
1.0516
5.6026
5.5344
0.6248
0
0
0
4.9075
5.6975
32.5833
6.8001
4.6496
17.2906
0
3.2254
5.9619
0.1168
14.8738
2.2365
1.309
0
0
0.3254
6.5906
0
2.0312
2.659
0.0084
0
0
0
0
0
5.6458
17.6373
0
0.0033
3.728
3.0512
3.6517
0.0164
4e-04
0.8985
1.2263
0.0635
0
0.051
1.1339
0.8738
0.0191
0.0525
1.9648
0
0.6039
5.0839
16.8081
6.9497
0.8661
0
6.8653
0.9909
0.1449
0.3859
0.9693
0
0.126
0.0308
1.3104
3.0047
1e-04
1e-04
7e-04
0
0
4.412
1.2873
7.2765
11.1722
0.2444
0.1536
0
0
1.7784
7.1201
12.1736
4.7511
1.1993
0.0407
7.6278
5.8737
6.9862
0.8881
0.2689
0.1656
0.0861
0
0
0
0
2.2987
4.6557
0
0
0.6258
0.1601
0
0
0
0.0179
1.6145
1.4629
14.3923
0.4658
0.2664
0.7521
9.1717
0.5941
0.9653
0
1.8114
0.182
2.5131
5.2187
5.4533
1.1162
1.5743
4.6697
1.6159
0
0
0
0
0
0
0.2124
5.2821
2.1906
5.9443
6.2029
0.0416
0.8319
2e-04
0.8941
7.659
0.1864
0
0
0
0
8.4655
5.1312
1.1364
0
0
0
0.0189
1.8844
0.4181
1.878
0.0481
0.001
0.6244
0.2793
5.9576
0.4611
0.0605
0.0131
0.3846
0.0828
0
1.329
0.4693
0
0.3497
6.3556
3.4951
0
11.8866
1.3279
0.4618
0
0
5.663
3.1545
12.3765
0.2129
0
0
5.0726
0.0059
0
1e-04
0.1455
0
0
0
0
0
0
0
0.0904
10.2493
0.0016
0.126
2.9982
0
3.745
7e-04
0.052
4.2698
0.282
0
0.2074
2.5484
0.0076
2.1755
3.5792
7.6823
0
0
0
0.1828
2.7999
0
6.7871
3.7305
0.0927
0.8039
0.4041
3.2672
5.7862
2.4894
6.9248
8.8554
2.8667
17.6682
0.0219
0
0
0
0.0627
0.1198
0
0
2.1784
1.8458
0
0
0.558
0.3226
0
6.3161
1.1486
0.0777
0.0828
0.4843
0.8376
0.3311
0.1949
2.0606
0.2191
0.4337
0.0899
3e-04
0
0.8191
7e-04
0.6015
0.2027
0
2.1992
1.4452
1e-04
0
0
1.8926
11.5409
10.6436
5.6822
1.3827
0
0
0
0
0
0
0.4487
4.314
15.7737
1.6028
0.0652
4.334
2.3535
0
0.1304
0.1875
0
18.6352
3.9013
0.0897
0.0645
0.4113
0
0
5.2522
5.085
0.0608
0.0303
0
0.0301
0
0
0.0282
0.0103
0
0.8294
5.5317
3.6436
1.6028
0.1725
5.0339
14.5641
16.3926
15.9954
15.7444
0.5872
0.6102
5.379
0.7682
6.5113
8.7955
2.3457
2.3386
0.8141
0
0.1269
0.0015
0.0116
0.0496
0.0916
0.1855
0.1394
0.6077
0
0
3e-04
0
0
0.1995
0.0733
0
0.0112
0.0296
0
0
2.9362
3.148
0.0417
0
0.1
0.2922
0.0012
0
0
0
0
0.0571
0.1029
1.3389
8.2315
6.3225
14.9168
1.3786
1.5526
4.0776
6.6912
0.0667
0.3065
0
0.2968
1.7525
3.9133
18.1455
0.2648
0.0174
0.914
0
5.3074
5.9956
0.8675
1.9276
0
0
1.2461
6.8796
2.7033
5.7618
7.8512
2.3622
1.0758
3.0759
5.7205
5.154
2.1132
0.6587
0.1728
0
2.3282
1.3452
0.1087
0
0
0
0
0
0.5679
5.0969
7.8034
2.3355
0.2378
7.1738
1.6499
0
0.5029
0.5395
26.6125
0.01
0
0.3039
12.6169
10.3158
0.9343
0.5036
0
0
0.489
0.9216
3.7854
0
0
0.3383
5.2669
0.0023
0
0
0.2792
17.3518
0.8395
0
0.033
0.0546
1.9186
9.0563
13.6571
4.7333
0.0777
0.3649
0.3717
0
4.0662
7.6789
15.3315
1.2439
0.3238
3.6785
1.0115
0.0084
0
0
1.8712
11.2369
16.4594
9.4094
0.55
0
0.5148
15.8002
1.545
0
0
0
2.3397
1.0587
1.5
0
4.2669
14.7015
2.6093
0.0459
0
0
0
0
0
0
0
0
0
0
0
5.7578
4.6242
0.6118
0.8761
0.0316
0
0.8697
1.702
2.6245
0
0
0.1805
0.4141
0.2256
0
0.044
0.2916
2.3973
2.7046
3.2063
3.8202
5.4478
22.292
0.4069
2.1858
3.3812
27.3715
6.8244
0.643
0
0.1873
7.4043
1.0718
2.5927
0
0
0.443
0.9014
0.7677
0.133
8.1182
21.601
11.319
8.8729
0.1349
6.5715
0.4013
4.9752
11.345
2.3089
2.3022
4.4946
4.7483
2.4756
15.3779
0.8846
0.6098
1.5996
5.0473
0
6.3104
0.0442
0
1.0673
18.4453
4.0678
6.6894
0.3738
0.2628
3.1742
0.6115
0
0
2.6986
1.5357
0.1755
0.0881
0
11.257
14.1027
1.0468
1.6857
0.1649
0.3243
0.2519
0.6452
0
0
0.3937
0.3026
1.3276
0.7204
1.4184
0.0116
0.1121
1.8342
0.2167
0.1311
0.157
0.2435
0
0
1.7422
0
0.8821
0
0
0
0
0.4732
0.3888
0.0328
1.2584
0.5154
0.0087
0
0.8364
0.236
6.7298
3.2496
0.0588
0
0
0
1.9679
0.4463
1.8465
0.5776
2.4787
0
0.038
0.4396
0.3337
1.2637
13.2175
3.5218
1.1844
9.004
0.1432
0
0
0
0.0262
0
0.9219
0.3199
1.1831
4.4481
0.5699
5.7726
0.1477
10.3154
0.256
0
1.2089
6e-04
2.6051
0.8863
0
0
0.3869
0.8586
0.3754
0.0747
4.6372
0.0709
0
3.6587
2.0612
3.9548
3.0332
10.9186
0.8298
0.2036
0
3.539
0.3353
14.7289
0.0133
0.0134
0
0.4463
0
0
1.166
2.2397
0
0
0
1.1291
1.4503
1.1544
0
9.7668
4.8069
2.1618
0
0.3576
0.3087
1.4285
2.5511
0.9175
8.1337
0.3142
8.7494
1.7736
1.2564
1e-04
0.2625
14.7127
9.672
0.4029
0
0
0
0
8e-04
1.9031
0.3574
4.1717
1.2454
0
0
0
0
4.0272
18.8583
0
0
0
0
0.0698
0.7331
2.6016
2.3803
26.5371
4.4131
16.7721
7.0821
1.5022
1.9443
1.5206
1.0805
1.0685
0
1.0947
11.8914
0.5647
0.0073
2.9215
0.6795
0.1905
0.0999
0.0432
0.3214
21.3779
4.1425
4.2806
2.0487
1.3242
4.8321
12.5601
2.9343
0.0013
0.1004
9.9568
5.2889
6.1004
0.6113
8.084
3.0554
0
1.0278
0.6475
0
0
0.5716
3.4223
6.02
0
5.7779
0.7301
9.7721
0.1417
0
0
0
0
1.3525
20.5915
1.4336
15.7208
7.8295
4.0773
0.3165
0.423
14.6234
0
0
0
0
0
0
0
0.6344
2.5873
6.2083
0.015
0.6135
1.0848
0
1.0656
3.3266
0
0
0
1.3248
1.2973
16.3603
1.4719
1.0087
16.9969
1.6975
9e-04
2e-04
2.3434
0.992
4.5907
0.0031
0
0
0
0
0
0.3293
0.1045
0.1439
20.0502
7.2289
0
9e-04
0
0
0
9e-04
0
2.7888
0.1615
0
0
0
0
1.0044
10.6521
12.5117
0
0
0.1138
0.2943
0.1307
11.6048
0.0023
0
0.0402
11.7886
5.8528
2.2625
19.7899
4.031
16.9918
1.585
4.8869
11.5167
15.2298
0.4845
32.7036
5.9176
0.4729
0.3292
0.0365
0
1.6732
0
0.0319
0.9745
10.3249
11.3021
0.0025
0
0
0
0
3e-04
0
0
0.1406
0.0188
4.6733
5.516
2.6975
0.1875
0
0
0
0.5361
1.5845
0.0027
0.1159
0.2028
0.0327
0.0151
1.7274
2.1152
0.0237
4.1781
0.11
0.322
0
0.0976
0
4.7671
8.412
7.9149
5.3556
2.0413
0.0651
0.1278
0.1987
0.3195
25.8517
0.1998
0.0154
0.0535
0
0.9703
18.5505
2.9764
0
0
0.1302
8.3534
6.6985
8.1966
0.2572
0
0.2147
0.0487
0
0.0325
0.8532
0.3751
4.4495
1.3652
0
0
0
0
6.7815
9.3422
0
0
0.803
0
0
0.1949
0.5154
2.8366
0.2281
0
0
0
0
0
0.1989
8.2775
0.5051
0
0
0.0362
1.1052
0
0
6.5008
10.1105
0
0
0.5886
0.205
0
0.0051
2.5213
0
0.1239
2.892
9.0044
0.1769
1e-04
0
0
0
0
0
0
0.3627
0.3374
0
0
0.7907
0.2286
0.6293
0
0.0386
0
0
0
0
0
0
0
0
0
0
0.6822
3.526
6.8728
0.1737
1.1286
0
2.6214
0
0
0
0
0
0
0
0
11.1133
0.346
0.1742
0
0
0
0
0
0.4143
0
0.0156
1.8606
0.3615
3.2023
0
1.4145
27.36
4.7813
0.1244
3.5044
0.1086
7.7213
13.7423
1.0501
1.1942
0
0
0
0.2583
6.2993
0
0.2007
1.7912
1.3842
0.0935
0
0
0
0
0.4962
4.7588
0.8978
0.0199
2.2212
2.2849
1.4763
0
0
0.1981
11.907
8.3569
0.2003
0
0
0.1038
0
0
0
0
2.0454
0.2735
0.747
2.6237
0.2834
0
15.0762
4.4467
0.6462
0.5503
1.7783
0
0
0.4455
3.5167
1.4731
0.0216
0
10.4336
16.0069
11.6676
7.0288
18.7348
0
0
3.6225
2.9003
0.1544
3.444
0
0.0266
10.0275
0.1399
0
0
0
0
0
3.7694
42.4778
6.3566
10.2121
0.9254
0
1.1363
5.4229
0.1242
0.1333
10.6232
21.5359
5.0359
8.8186
2.6964
9.3316
3.2671
4.6085
2.2895
2.8113
0.3724
0.3777
0.8884
0.0141
5.6338
14.1068
0.4171
0.8052
0
0
0
0.0262
0.2883
0.24
0
11.6789
3.5486
2.4042
0
0
0
0
0.2446
2.0344
8.7018
12.6407
0.053
2.098
0
2.3646
3.307
6.5386
0.4844
0
0
0
0
0
0.0468
0.1442
0.0478
0
0
18.9617
13.5321
0.9564
0
1.3508
18.5083
27.1696
13.4088
0.4014
0.4841
6.1941
0.0896
0.5997
0
0
0
0
0
0.0552
0.0162
0
8.8635
6.5918
1.9805
1.6741
12.8583
1.4481
5.7495
9.8713
0.5291
0.2864
0.4073
4.8896
0.2492
0.1456
0
0
0
0
2.0897
1.4725
1.5808
0.4381
1.7863
0
0
2.5229
2.5909
1.0846
1.2607
0.8037
3.7011
0
0
0
0.2748
0.1415
3.9916
0
0.0597
0.8469
0.823
0.1053
5.3002
4.0586
1.462
0
11.0124
0.1786
0.5151
0
0
1.1545
0.0016
0.0213
0
0
0
0
3.6675
7.1322
0
0.263
0
0
0
0.0083
0.0583
1.941
0.5155
0.377
3.5636
0.0127
0
1.0589
0.3968
27.4892
1.0469
1.4423
0.8321
6.7421
1.6788
4.4723
6.8578
4.3771
3.4351
0
0
0.3711
0.8928
2.5543
0
2.9614
6.7963
0.0239
0.7175
19.1243
0.2477
0.0172
1.4691
0.8551
8.4507
1.6255
1e-04
1e-04
0.3176
2.6442
0.9364
1.0974
7.1863
1.3829
0
0.0284
0.0016
0
0
0.1159
0
0
0
0
0
0
0
0
0.1584
0.0248
0
0
4.2188
5.4838
1.3051
4.0395
0.1197
0
0.8334
0.089
0.7265
2.7035
0
0.0381
0.4312
2.1172
1.7996
2.8607
3.115
1.0841
10.6607
0
0
0.0061
0.0593
0.5346
0.2327
5.1429
6.7771
0
0
1.0326
0
0
0
6.918
3.4213
0.7765
0
4.0231
0.0632
0
0
0
0
0
0
0.2603
2.2
1.2984
0
0
0
0.1268
0.4489
0.002
0
3.2344
0.9796
1.1888
0.446
0.1321
0.4962
0.5036
0.0436
4.394
0
0.6816
0
19.8365
5.5073
0.9784
0.5194
0.1837
0.2341
1.1232
0.9299
1.231
3.7008
11.5953
3.4335
0
7.4197
4.0379
0
0
0
0
0
0
0.1386
0.863
0
0
1.1755
0.9011
0.8434
1.4393
0.0363
0.8957
0
0
0
2.0261
3.785
0.3014
4e-04
0
0
0
0.009
0.1524
0.0275
0.212
0.0416
3.7618
1.3153
0.5059
0
0.6811
0.2933
0.3716
8.4059
0.1644
0.0531
0.558
0.9189
0
0
0.649
0.8914
0
1.1772
0
0
0
0
0
0.8877
4.7101
0.1864
0
0
0
0
0
0
0
0
0
0
0
0
0.651
1e-04
0
0
0
0
0.89
3.6718
0
0
0
0.1892
0.3546
0.0982
0
0
0
0
0
0
0
0
0
0.7708
5.4071
6.7756
0
0
0
0
1.0453
11.4669
2.4815
5.3447
1.6171
4.0963
0.1672
4.1728
0.1196
4.9576
10.2965
0.0261
0
0
14.905
5.6614
0.2699
0
3.8622
2.1675
5.0074
4.3378
0
0
0
2.4573
2.5716
1.3985
0.2864
1.3675
5.0807
0.1481
1.485
15.8957
17.2682
0.0232
0
3.0929
12.6221
0.2938
0
5.3364
0.8494
23.0632
3.1622
0.2698
0
0.1817
0.8913
16.3299
7.8763
2.4389
0
0
0
0
0.2694
2.4274
2.1156
4.46
0
0
0.0626
0.4746
0.4908
3.9204
3.1661
0
0.8717
2.8585
0
0
0
0
0
0
0
1.2656
3.8102
0.2843
0
0
0
0
0
0.4763
0.2763
0.3583
0.0257
0
0
0
4.0619
3.7511
47.404
0.4788
0
4.9159
2.8759
3.4541
1.2701
0.0922
0.0013
0.0821
1.2958
0
0.0012
0
0.0914
0
0.0252
13.0083
20.9726
3.0349
0.9101
3.194
0.2402
15.6953
1.8661
0.0098
8.702
0
1.3589
1.5566
0.0294
8e-04
1.5175
21.8511
0.7976
0
0
0
0
0.0916
2.5544
0.0274
0.0582
0
0.923
0.3684
0
0
0
0
0
0
0.6919
2.3019
0.6899
0.0176
1.3724
0.281
0.2033
0.0539
0.1138
0.0546
0.9057
0.6275
0.2384
0.1312
7.9454
1.2424
0.0793
0.1219
11.0502
17.6081
0.0044
8e-04
0
0
0
2.7473
0.9258
0.0189
11.6994
0.0148
2.8476
0
0.2429
0.018
2.2807
1.6436
1.2737
1.3617
0
0
0
0
0.1361
0
0
0
0.2804
0.6602
16.5715
0.2005
0
3.3154
1.8802
0
0
0.2276
1.885
0
2.6059
1.1696
0.0339
0
0.0339
0
0
0
0.5733
1.6703
0.4145
0.0564
0
0.2165
0.0398
1.6827
9.3744
0
0.1597
0
0.2186
1.2765
0.0712
0
0
0.2782
0
2.4734
3.4301
0.0316
0.3968
0
0
0
0
0
0
0.0023
0.254
0
0.3476
11.869
5.7726
1.8454
1.3571
0
0
0
0
0
1.9597
15.7986
3.6186
10.6571
1.6388
0.7343
1.9332
14.5175
17.847
3.4801
0.7661
2.1794
2.6018
1.4063
0.2107
0
1.321
4.3152
3.6448
4.7429
2.1999
2.9207
7.0132
1.4291
0
0.2241
0
0
0
8.5908
1.532
0.3105
1.0958
1.3132
0.1954
0.3571
0.6105
0.3444
0.1697
10.4539
5.0116
5.0789
0.8224
3.2367
2.7118
2.1707
3.8868
5.6471
0.1352
0.0704
0.0191
0
0
4.1088
5.2633
1.8561
1.1242
15.8814
1.3446
11.2322
22.4571
0
0
0.0072
0.1038
37.2173
8.2364
10.1304
10.1551
11.7033
1.4051
0.0371
0
0
3.9077
1.1503
0.3788
8.0387
8.2883
7.4294
6.7153
4.5294
1.2317
1.9146
5.6962
1.9813
0.9871
0.8083
0.0782
0.3518
0
3.3271
3.0582
2.6537
0
0
0
0.0527
2.5409
1.6425
0.8086
0
0
0.1509
0.6488
0.0013
0.2529
0.1246
8e-04
0.1091
0
0
0
0
10.753
17.2377
1.1639
0.2843
0.0239
0
3.2872
12.6988
8.5113
7.4697
0.1094
6.1178
1.0386
0
0
0
2.8422
2.5439
0
0
0
0.3832
0.1916
0
0
0
0
0.6558
0.5188
0
0.0811
0.1934
14.221
1.5004
0.7123
0.0393
0
0
0
0
4.7197
2.324
0.4511
0
20.5224
0.0535
0
0
0
1.2799
7.3541
5.3565
4.1861
15.0293
0.1301
0
7.4544
10.9454
3.0532
10.23
2.2975
0
0
0
0.3948
1.7202
1.0753
0
0
0
0
0
0
0.2817
0.014
0.46
0
0
0.0029
0.0444
0
0
0
8.5624
0.4458
0
0
0
0
2.7235
11.825
0.7478
28.7303
3.7025
3.0315
0.2967
0
0
0
0
0
0
0
2.5347
3.0496
0.2097
0.2572
0.4691
0
0.4889
3.7923
8.4761
2.4069
1.9372
0.2584
0
0
0.1786
7.438
17.5514
14.0298
0.6145
0.0245
0
0.0438
0.0754
0.186
0
0
0
1.0013
0.8849
3.8306
0
0
0
0.2266
0.3688
0
0
0.5054
0.0701
0
0
0
3.0317
0
0
1.276
2.136
0.448
0
0.2365
2.4586
0.8417
0.3803
0.2751
0
0
0.2653
1.9513
0.0795
0.8401
1.2585
3.5791
9.2355
0.2481
0
0.4031
5.7409
0
0
0
1.0933
1.615
3.0801
0.435
0.2565
0
0
0
0.1062
6.4583
4.6527
0.0165
7.4895
1.781
0
0.0075
0.2905
2.0144
0.0972
0
0.0025
3.3946
0.5631
0
3.5674
18.3434
1.9869
6.893
0
0
0.8141
0.0044
0.9344
0
0
0
1.2711
6.2394
21.6908
4.4431
0.1062
0
0
0
0
34.4886
3.9892
1.503
0.4499
0
0
0
0
0
0
0.3861
0
1.6186
0.0012
0.2991
9.5596
1.3864
1.7293
0.0468
0
0
0.0842
5.1239
1.5401
0.0435
4.4259
0.3155
0.027
0.8816
0.9634
0
0
0
0
9e-04
1.0399
5.9968
2.2646
5.7129
2.4443
1.2651
1.0409
0.3697
0.1761
0.2232
0.6932
0
25.5503
3.4088
0.7908
0
4.1424
0.0765
0
0.9837
0.2706
0
7.1991
9.9248
0
0
0
0
0
0
0
0
0
0
0.6783
4.9339
25.6704
5.9691
0.1596
0
0
0.0252
1.463
2.6976
5.206
15.5793
4.1341
4.7122
22.1975
3.7826
0.2219
0.0207
3.4385
1.1051
0
0
0.8465
1.6042
10.8013
0.0462
0.2804
0.8159
0.0042
0
5.2192
5.0438
20.5084
5.5576
8e-04
0.0122
0.7197
13.7992
2.3648
0
0
0
0
5.1362
1.0303
0
0
0
0
0.5295
0.6296
1.3898
2.4168
1.372
0.4011
0.0154
3.4068
4.2105
5.4126
0.1263
0.1962
0
0
0
0
0
0
3e-04
2.1687
0.9135
16.7152
13.256
4.0336
18.7675
1.3143
0.0017
0.1034
0.1317
0.0306
3.9281
8.6654
22.5455
3.6173
0
0
0
0
0
0
3.1928
2.9294
0.2818
0
0
9.2211
9.897
1.1342
0.8631
0
0
0
0
3.5873
45.8805
0.0366
0.0325
0
0.0406
3.1084
15.5306
3.5938
6.7154
1.4696
0.4222
0
0
0
0
0.0201
0.5682
0
0
0
0
0
0
2.0404
3.6103
17.0602
2.2303
40.7591
0.054
1.0031
0.0435
0.0061
11.1836
3.789
6.0697
0
0.0106
6.6197
1.2631
3.1735
3.1028
1.4356
0.0906
0
0
0
0
2.2115
2.0982
0.023
0
0.1271
16.9846
0.1215
0
1.103
2.0086
20.0453
17.3754
3.7208
2.2708
0.3374
0.0108
0.1557
0
0.3286
14.2707
0.0693
0
0
10.1346
0.1038
0
0.0588
0
0
0.0733
0
0
0
0
0
0.0607
0.9131
17.2148
2.2567
0.1501
0.447
1.5454
4.367
0
0.8165
0
0
0
0.1596
1.3022
0
0
0
0.6559
9.7107
2.5645
0.4647
0.3136
0
4.2678
4.5217
0.4117
0
0
0.0284
35.769
2.849
0.1394
0
0
0
0
0
0
0
0.0398
0
13.3361
0.8997
1.1513
14.4979
1.1888
0
15.5662
4.0396
18.7946
2.401
0
0.0012
0.3485
3.5899
19.336
35.0876
0.6759
0
0
0
0
1.6858
0.2388
0
0.1173
0.0304
0.2442
9.741
1.1796
0
0.1953
0
9.8158
0.8506
0.0243
0.0954
2.2069
3.6612
0
0
0
0
0.9973
0.1453
0.942
0.0645
4.7361
0
0
0
0
0
0.123
0.7237
0.6506
0
0
0
0
1.4986
4.0843
11.5853
2.5871
3.9214
0.5031
2.2104
1.9624
1.4967
0
0
0
0
0
0
3.6065
0.4824
0.5282
3.7803
0.5476
2.2507
5.3393
4.0067
0.5211
0
0.5755
0.0697
0
0
0
0
0
0
0.2387
7.8721
0.7414
0
0.0194
3.3939
7.0353
0.5821
0.4193
1.4149
3.5655
3.3572
0.0313
0.0254
0
0.2027
0
0.2099
0.6909
3.5587
0
0
2.7971
7.0605
1.0306
0.1606
0.0799
8.1706
4.2204
3.9398
0.0342
10.3862
0.0361
20.5337
19.2195
0.9615
0.9725
0.0847
6.4132
0
0
4e-04
0.2345
1.1498
0.0143
1.7406
0.1781
0
0
8.042
5.0827
0
0
1.7927
0
0
0.4455
4.5408
6.9464
0
0.1417
5.3139
0
0
0
0
0
4.8507
7.444
3.3482
26.7803
1.7372
0.0692
0.0777
6.1081
11.3077
7.8079
13.8971
1.1496
3.4484
0
0
0
0
0
0.4604
4.8134
2.5574
0
0
1.4394
9.0322
0.0011
4e-04
0
0
0.2547
1.012
0.4184
0
0
0
0
0
0
0.2038
2.3997
3.1937
0.884
4.5665
0.6557
0.1132
0.6162
1.6481
0
0
0
6.1605
3.1256
0.1248
0
0
0
0
0
0
3.125
6.6311
2.9734
0.1937
0
0
0
0
1.3122
0.4254
0
0
0.1777
5.2226
1.0883
0
0
0
9.4853
7.9007
0.3019
0
0.0012
0.5927
0.4429
0.0466
0.2696
3.1052
8.0876
26.4417
18.0252
0.2033
0
0.2249
0
0
0
0
0
0
1.6921
0.0936
0
0
7.8489
14.5836
0.0369
0
0
0.6674
4.0742
1.2572
0
0
0
0
0
0.0808
0.6331
0
0.0391
0.0326
0
0.5131
7.9208
0.0654
0.6456
1.0306
0.0013
0
0
0
0
0.0114
0.8354
19.0976
1.2342
0.3176
0.643
0
0
6.3187
2.1341
1.4466
1.4637
0.9487
1.6701
0
0
0
6.2402
0
0
0
1.7644
21.0601
18.0965
25.3998
5.7989
0.162
0
5.78
3.64
3.0544
0.4488
0
0
0
0.6231
1.2492
0.0158
0
0
1.1021
1.3252
0.7459
0.1182
3.2278
1.5926
0
6.7845
5.5707
11.8625
4.6535
3.1336
0.1085
1.6217
0.2011
0.8262
0.6419
1.469
1.9862
0.4644
1.9636
2.6265
11.5238
1.0329
0
0.0281
0.0169
0.0094
0.0693
0
2.0975
2.0331
1.3239
0.3195
0.2032
0.2339
9e-04
0.2189
0
0.3628
4.298
0
1.9929
0.0017
0
0
0
0.6325
5.0797
1.0702
0
0
0.1493
4.1449
0.3085
0
0.0711
0
0.1597
1.0993
0.2795
0.0012
0
4.6854
25.1129
1.5158
1.0627
0.148
0.2596
0.1025
1.1274
0
0
2.2297
1.2059
1.531
0.1664
0
0
0
0
0.1149
0.563
0.225
0
0
0
0.3975
0.4631
0.7262
0
0.041
0.4235
0
1.2877
0.092
14.6522
2.8752
0
5.0155
7.3585
0.6823
0.4628
0.331
0.1656
0.1011
0.6229
0
0
2.087
0.9711
0
0
0
0
0.3586
7.3594
5.948
1.4951
0.1602
9.2256
2.8007
0
0
0.1352
3e-04
9e-04
6.4403
3.0789
4.782
0.0158
0.6815
10.6357
0
0
2.2624
2.6479
3.2049
0
0.0615
5.2218
0.9808
5.3371
0.1963
0
0.2663
0
0
0.1207
0.0342
0.6158
0.5183
2.5539
0.8252
0
0.1102
0.1527
8.6157
17.8007
10.2665
0.4708
4.6184
10.6624
4.7858
1.3326
7.2855
3.8066
0.768
0.3496
0.0326
0.7391
3.5208
0.2026
0.2832
0.7658
0.1206
1.6742
5e-04
0
0.8361
4.6046
3e-04
0
0
0.0704
0.1011
0.3903
0.8629
9.8752
8.5296
0.0305
0
9e-04
1.0312
7.0181
22.4988
0
2.1959
0.2279
0.7296
0.9455
16.9196
1.5896
0.3805
0
0
0.9171
3.2642
0.6232
2.6792
0.1433
0
0
0
0
0
0.4888
0
0
0.5356
36.8914
2.8491
0.1774
0.0853
1.2006
1.5471
6.4447
1.7861
1.4101
0.2037
0
0
0
0
0.0352
0.8587
0.0583
6.2188
0.0452
0.3037
0.4636
0.9767
7.9519
0.1425
12.1078
30.0287
15.8757
21.2535
1.516
17.5309
1.2142
3.8782
6.5545
2.3839
0.5762
13.9254
2.9098
0.1901
7.2664
1.0004
0.0318
3.0105
8.5803
13.4536
0.6107
0.0858
3.2219
1.0764
0
0
0.0094
5.6424
1.5877
0.3012
11.2126
0.0979
10.6244
9.1257
9.5375
1.4666
0
1.5845
7.4857
0
0
0.0282
0.0048
2.6481
5.3331
1.5544
11.0783
14.8784
0.0571
0.2758
0
0
0.3992
6.729
0.4714
0.3876
23.3006
10.1727
6.6588
6.7204
17.7677
0.0156
0
0
0.3887
1.1119
0.7864
1.2062
8.0981
5.5153
0.2338
35.4169
7.2355
0
0
0
0.0229
0.5445
0
0
0
0
0.0132
0.0156
0
0.0276
0
0.5034
0.9454
8.2127
0.9662
1.3742
0.7836
0
13.0758
13.0001
3.9321
0.118
0.4588
2.0683
1.0214
0.2951
0
0
0.0721
0
0
0
0
0.5678
0.077
0.0204
11.8104
20.9577
1.1182
3.729
0.7489
0.6201
0.6601
0.2927
1.7709
2.9861
11.0391
24.1104
4.5297
0.9171
0.0546
0
0
0.045
0.008
0.0139
7.9697
8.7524
9.8744
0.3451
3.8526
0.0731
0.065
0.0305
0
0
0.0739
0.47
0.633
0.0037
0.0288
0
0
0
0
8.9637
1.1602
0.061
0
0
0
0
0.0217
0
0.5737
6.8304
0
0
0
0
0
0
0
0
9.0527
22.3086
19.9664
0.1405
1.4904
6.9254
21.1723
12.8121
0
0.016
0.7159
0
6.5827
0.6212
2.9677
12.0793
0
0
0
0
0
0
0
10.2498
3.1704
0.0233
7.1923
0.0498
0
0
1.0224
0
0
0
0
0
0
0
0
0.6992
0
0
0
0
0.2165
12.8384
1.6269
0.0015
0
7.402
0.1019
0.0059
0
0
10.067
7.4958
1.725
0.5065
0.1011
1.4021
0.0377
0
0
0
0
20.2414
5.0162
0.0889
0
2.2806
0.6678
5.4214
2.0996
0.6424
0.6275
0.2651
0.4376
2.7748
6.763
0
0.5446
4.4763
1.2548
0.1885
15.1574
1.904
0.0219
0.011
0.1321
0.2588
0
0
4.2764
19.6269
0.2772
0.1519
0
0.0064
0.0861
0
0
14.2408
10.2043
0.9136
1.2806
0.1161
1.0541
1.2843
7.7677
0.2252
0
3.3911
7.2628
5.2258
0
0
3.9711
13.6585
4.3066
0
0
0.8525
2.1806
0.4238
0.0116
0.5986
4.2143
3.3578
0.0081
0
0.3647
0
0
0
0.3211
0.3733
0
0
0.2311
0.0387
0.6561
0.8687
0
0.1503
0.031
2.5473
3.1156
0.5465
0
0
1.0405
3.0809
0.8986
8.242
0.062
0.5737
0.005
4.4024
7.985
0
10.582
29.2991
14.133
1.1035
0
0
0
3.4588
0.1981
0
0
1.6374
1.0117
6.1162
13.9396
0.3197
0
0.043
11.1004
17.5799
0.5734
4.5429
0.19
0.5785
1.0626
3.8376
3.1247
0
0
2.4694
2.4729
3.9279
1.5091
3.268
4.5943
11.5441
0
0.4367
0.0816
0
0
0.0678
1.9453
0.0064
0
0
0
0.0623
4.9143
0.2461
3.7736
0.2003
1.7262
0.074
0
0
1.3189
2.0098
3.7954
0
0.253
1.0723
0
6e-04
2.9719
3.3753
0.358
0.6363
0
0.037
0.8198
0.1767
0.0028
0.002
1.269
0
0
0.1156
0.4733
0.0278
0
0.0028
0.0308
1.5656
0.298
3.2347
10.834
8.7097
13.3041
1.5228
0
9.219
0.7147
0
0.1488
0.4648
0
0.3299
0.0678
1.1797
5.0933
0.5782
0
0
0.0012
0.1425
0.5102
0.0063
2.4922
0.4779
5.5703
13.7587
3.4851
2.3654
4.693
4.0187
0.0989
1.6701
0.3892
0
0
0
0.3183
0.6588
11.5534
0.1223
0
0
0
0
0.0138
9.599
11.4676
0
0.7778
2.5255
5.9983
0
0
0
0
0
0.0123
0.01
0
5.8897
5.0633
1.1877
0
3.3197
0.1441
2.6262
0.152
0
0
0
0
0
0
8.9569
10.1895
2.5642
0
22.9416
1.0785
0.0281
0.0283
0
0
0.5545
2.2101
0.427
2.4944
15.9263
0.8954
0.3836
0
0.4021
2.0411
1.4438
17.007
3.6642
0.1903
0.1556
0
0
0.4082
0.0042
0
0
0.7681
0.9206
0
0
1.0131
0.6199
1.0482
4.4999
3e-04
0.3527
0
1.878
0.2787
0
0
0.1584
0.0823
0.0838
0.2436
0.2219
0.0997
2.4569
0.9867
5.0034
4.4849
0.2693
0
0
1.176
0.0011
0.0868
0.6431
0.278
0.4473
6.9906
0
0
0.2174
0
0.0577
0.5201
0.0761
4.5578
1.3773
9.0976
12.8349
0.437
0.6229
0
0.2407
0
0.1641
0
0
0
0.0641
5.1729
1.9695
0
0
0.0624
0.3942
0.5921
0.1183
0
0
0
0
0.0785
0.4
0.0198
11.2166
1.6567
2.6941
3.9739
0
0
0.1673
0
0
0
0
2.4164
2.6497
0.9519
2.5239
4.8138
0
0
4.1321
0.248
0.1783
0
0
1.1276
0.0112
0
7.8464
0.1216
0
0.3044
0
0
3.639
0.68
2.2078
0.2657
0
0
0
8.7559
0.0653
1.2699
14.1909
2.9777
0
0.2108
10.1948
5.2047
20.984
4.7163
0.0531
0.5847
0.1861
0
0
0.0328
0
0
0
0
0
0
0.7309
7.4576
2.5825
3.0419
6.0713
4.0249
0
0.0095
0.0207
0.0474
0.4714
3.6668
1.0532
1e-04
0
1.0517
4.9918
0
0.1187
1.2248
0.0973
0
0
0
0
0
0
0
0.7938
2.5382
6.4726
0
0
0
0
0
4.052
0
0
0
0
0
0
0.1142
0
0
0.2607
2.4209
7.1649
1.3632
7e-04
0.3473
0.2615
0
0
7.3726
7.4004
0
3.1053
36.7779
11.6535
13.3115
4.7206
0.27
7.1607
0.6302
0
0.1774
0.2885
0
5.884
0.3733
0.7441
5.5844
4.6046
0
0
0
0.429
0.829
0.0975
0
0.2238
0.1018
0
0.0795
6.1779
12.396
0.3458
0.292
2.0357
1.2058
1.6785
9.1385
0.5212
0.192
0
0
2.3803
2.3933
5.8879
5.7907
0
0
0.1648
0.1733
0.4553
5.6195
1.7314
31.4434
14.2243
0
0
0
0
0.6764
8.0235
6.6142
0.56
0
0.4052
2.4469
0.1678
7e-04
1.1157
2.1108
0.3449
1.1532
0
0
0
0
0
0.0548
0.0826
0.0184
3.3139
0
0
0
0
0.7352
0
0.1534
1.8994
0.1109
0
0
0
0
0.0427
0.8256
11.6894
4.8083
1.5669
1.1242
0.3488
0
4.0256
0.1603
0
0
0
0
0.4106
0.8692
4.0006
0.005
0
0
0
0
0
0
0
0.0044
3.4128
0.0196
0
0
0
0.3869
1.183
0
0
0
0
0
2.019
7.5831
0.3147
0
4.8858
4.1312
5.9413
0.0129
0
15.7477
3.4729
0
0
0.0672
0.2535
0.006
0.2676
0
0
0
0
0.5311
0
0
0
0
0
7.57
6.7886
0
0
0
0
0.0637
0.1848
3.8079
1.1423
17.9988
1.3079
8.3447
4.1281
2.8973
0.6382
0
0
0.9368
3.0691
9.9868
0
0.003
0.3893
0.1359
0.2562
0
0.3918
0.1796
0.213
0
0.3919
0
0
2.2068
3.0281
0
0
0
0.8334
2.2733
5.6632
0
0
0
0.6931
1.2395
1.0897
4.5617
18.1778
6.5277
0.171
0.031
2.968
28.6256
4.5943
1.4038
0.6456
0.1891
0
0.0288
0
0
0
0
0
0.3513
0
0
0.5511
0
0
0
0.3609
0
0
0
0
0
0
1.3916
0.5578
0
0
0
0.012
0.0389
0
0.7034
0.5696
0.0642
1.3214
9.2422
6.8955
0
0
0.2614
0
0.9126
1.0763
17.6779
13.2883
8e-04
2e-04
0
0
0
0
0
0
0
0
0
0.822
1.0262
0
0.0328
0
0
0
1.0479
2.0409
0.0302
0.035
0
0.0093
0.0829
0.207
1.6298
0.2745
0.3921
0
17.9853
18.8536
9.779
0.2611
12.0233
0.4878
0.0239
0.1276
0
2.2811
9.5129
1.3599
1.6935
29.1506
0.0326
0
0.0083
1.6845
0.0435
0.2245
0.0087
0
2.6767
0.0327
0.3447
0.0039
0.4242
4.3473
0
0
0
10.3349
8.8993
7.6112
0
0.2518
5.5969
0
0.0175
3.5936
9.858
4.4604
0.03
0.1526
0
1.158
23.8044
8.733
0.1016
0.1098
20.7829
9.985
0.008
0.0256
5.181
8.3893
6.3839
0.0677
0
0.0013
0.4483
0.6541
0
9.8212
1.2193
0.1993
0
0.0682
0.7891
0
0
0
0
0
1.4682
1.0464
0.3316
2.0221
1.4532
4.1861
16.9794
5.3879
13.9073
6.5236
1.3484
0
0
0.3423
7.5438
2.4602
0.152
0
0.0339
0.023
0
0
0.4223
14.9559
2.9494
11.8572
14.0093
0
0
1.8194
5.3964
3.1016
21.0583
0.6022
6.0942
8.585
3.5312
2.7638
0
0
0
8.3466
4.8967
2.7873
6.8455
10.0541
1.8714
0.4424
21.5235
9.1133
1.0474
0
2.2052
0.2261
4.3615
5.6707
1.0199
23.4802
10.5017
0
0
0
0
0
0
0
0
0
0
0
0
0
0
0
0
0
0
0
0.1866
4.4616
0.4994
0
0.4914
2.3797
0.5231
4.6779
0
0.0475
2.8574
0
0
15.2394
1.1734
3.3516
0
0
0
0
0
0
0
0
0
0
18.8238
5.4342
44.5274
14.2844
0.0257
0
0
0
0
0
0
1.4739
0.127
0
0
0
6e-04
2.5571
2.1363
1.2459
0
0.0697
0.0348
0.0072
6.2046
0.8963
0.4174
0.3324
3.5124
1.6434
14.8976
0.6064
0
0
0.4175
14.8787
0.0257
0.0185
3.1922
23.3586
0.3974
0.5478
0.0717
0.0392
0.0306
1.3614
4.0279
0
0.0606
0.1329
0.0394
0.0327
0
0
0.3512
0.199
0.3902
0
0.0121
0.1844
0.7727
0.1871
0
0
0
0
0.4628
2.0838
0
0
0.5729
2.6611
10.3031
0.0046
0
0
2.7144
5.5546
0.1953
0.0969
0.1529
0
0.9929
0.6786
0.0214
0.0429
0
0
0.2661
0.0725
0.0837
1.8499
7.0716
0
0
0
0.2829
0.1762
2.5194
0.5447
0.6241
3.1286
0
0
0
0.2005
3.2026
1.6624
9.1226
0
0
0
4.4291
8.8845
0
0.033
1.5751
0.0264
0.0074
0.4685
0.4117
0
0
0
0
0
0
0.438
2.5069
0.2498
0
0.2388
0.2217
0
2.4136
0.1373
0
0.0498
0.5849
0.0949
0.4276
0.0911
0.0894
0.0362
0
0
2.8853
16.9328
5.7656
0
0
0
1.0523
0.2535
9.6042
3.7668
0.4769
0.0259
0.0012
0
0
0
0
0
0.6606
0
0
0.5952
19.7215
19.7375
1.0511
0
0
0.4198
0.2471
0.009
0
0.1717
0.2608
0.0024
2.2254
12.026
0
0
3.0687
1.4055
0.0453
0.1559
0
0.0317
0.0786
0
4.9282
6.9934
0.349
4.0329
2.2975
0.6943
0
1.1182
10.7935
0.0062
13.745
25.887
0.6766
0.742
4.4713
0.3616
0.6427
8.9894
17.206
1.8006
0.6051
2.0538
5.4649
2.9791
1.8254
0.0337
1.3469
9.3134
18.0426
9.4343
0.6602
0.6098
0
3.7076
1.3662
4.0826
0.0055
0
0.7375
1.6493
0
0.0621
0.5514
0.2117
0.5696
8.1469
0.3168
0.0367
0
0
0.2226
5.4952
2.3935
3.632
2.129
12.071
17.4144
3.3671
4.2658
2.2233
9.961
4.9507
1.4948
2.8223
0
0.0525
2.1781
14.5905
10.473
4.2616
0
0
0.0614
6.8351
0.2629
0
0
0
0
0
0
0.0391
0.126
0
0
0
0
2.5646
0.0688
1.4629
0
0
2.449
4.6194
24.5843
2.0108
0.6628
3.8975
0.3521
0.0992
0
0.1486
0.7945
5.3936
6.8714
0.03
0
6.6728
3.9878
17.3302
2.2641
4.1215
0
0
0
0
0
0
0.1779
0
0.7821
0
0
0.1658
2.3584
0
0
0
0
0.1304
0.8268
0.9881
0.1248
0.127
0
0
0
0.0672
0.0552
0
0
0
0
0
0
0
0
3.3226
37.4827
0.1534
8.5561
2.2273
0.2958
10.3691
0.3559
2.472
5.7237
1.7424
8.0812
4e-04
0
0.0024
3.5688
16.8033
0.1855
0.1374
0
0.8605
13.259
30.5994
0
0
0
0
0
0
0
0
0.3535
0
8.2789
1.5408
0
0
0
0
0
0.3535
0.5593
19.4266
2.961
1.5086
0.6651
0
7.6292
0.6693
0
0.9998
0
0.9915
2.0134
13.3165
0.1541
0.0066
0
0
0
0.2274
1.6477
5.9535
9.1672
2.1159
2.318
1.0065
0.0222
0
0
0
0.1284
0.9916
0.2282
0.2561
0
0
0
0
0.6936
13.08
11.552
0
5.8818
0.4914
4.0699
7.9222
0.0012
0.7681
0.4776
0.9456
0.8174
0
0
0.9126
0
22.7206
11.3171
1.756
0
0
5.3103
24.1315
1.11
0.0637
0
0
0.3317
3.0037
8.2719
0
0.3672
0.1926
0.0732
0
0
0
0.7002
0.4482
0.493
0
5.5791
0
0
0
4.1432
0.2953
1e-04
0
0
0.2427
1.1603
5.7745
0
0
0
0
0
10.2463
8e-04
3.0974
4.729
0
1.5341
9.6717
0
0
0.156
0
0
0
17.8355
1.6644
0
0.0678
0.1902
0
0.4527
1.838
0.2912
0.8759
0.1363
0.3693
2.4826
0
0
1.2081
5.2298
4.8384
0.3733
0
0
0
2.3517
47.1716
0.0032
2.2298
8.2955
4e-04
0
6.8172
3.0632
0
0
2.0822
1.9425
0
0
0
27.1169
0
0
0
0.7064
0
0
0
1.0182
1.628
0
8.9511
1.2183
0
1.3352
8.5277
3.6079
1.0437
0
0
0
0.9146
7.1016
0
0
0.0263
0.026
0
0
18.5442
0.906
0
0
2.595
1.7802
0
0
0
0.8932
0.9754
0
0.001
0.3105
0
0
6.4556
0
0.0168
3.6486
11.5939
20.3125
2.6535
11.5421
0.2839
0
4.7086
0.4917
2.4746
0.1784
1.7589
0.0493
2.3849
3.6426
0
0.7841
8.9737
15.5298
0
0.133
0
0
0
33.587
0
0
0
11.1061
2.6893
27.7185
26.8299
21.6954
0.7713
0
0
0
2.7081
0.0162
0
0
0
4.0019
0.1908
0.4936
0.0096
4.5646
0.0053
14.2232
0.0693
4e-04
0.5289
12.3175
0
3.1671
2.5685
15.5393
0.0576
0
1.3564
8.8976
0.1132
1e-04
0.0012
0
0
0
4.1709
0.6542
12.1569
0
0
0
0
0.8558
8.4817
0
0.731
0.0439
0.3621
2.6215
4.9489
2.4957
2.7479
0.7958
0
18.9448
0.0281
0.0672
0
0
0
0
0.0405
0.2495
16.4443
0.3612
0
0
0
0
0
2.3365
3.0245
14.6288
0
12.4477
21.8649
19.3464
0.6214
0
0.6468
4.738
4.1427
3.1452
13.4513
0.0527
0.022
0
0
0
0
1.3519
2e-04
0.0993
4.7699
0
0
0.5634
0
0
2.4648
19.9493
0
2.7325
0
0
0
0
3.2236
1.4254
3.0049
45.9646
0
0.4599
1.2328
0
0
0
0.4599
0.3158
0.0917
1.0291
0.4346
0
0.4757
0
1.536
0
0
0
1.8118
0.1814
0
0
0
7.019
0
0
0
0
0
0
0.1784
0
0
2.8781
0.0182
18.0692
4.1227
0
0
0
0.5902
1.3491
1.4443
0.8847
0.2565
0
0.4687
0.02
0.016
0
0.0769
0.2303
0
0
10.2532
2.7477
0.5738
0
0
0
1.1877
1.622
8.662
3.4528
0
0.5052
0.6869
0
15.4373
1.6028
0.4999
0
1.8272
2.5425
4.3784
0.7594
2.2349
0.4069
0
0.3012
15.5428
0.1851
0
0
0
0
0
0
0
0
0
0
7.784
3.6295
4.5289
9.1645
1.333
0.0202
0.1226
0.6339
0.555
0
0
0
1.3199
13.6241
0.2068
6.391
23.8525
21.3654
1.8916
0
0
0
2.2713
0
3.609
0.028
0.5013
0.5983
0.1157
0
0.0058
1.8273
5.5891
0.2703
0
0.0928
0
0
0.2556
0.0395
0
0
0
0
0
0
0
0
0
0
0.9222
4.9367
3.7463
0
0
0.0057
13.6127
30.5034
11.4011
1.0191
2.8939
0.1411
0
0.0204
0.0605
0
0
0.5981
0.3491
1.2434
0
1.8983
0.6742
0
0
0
8.2278
16.489
1.6447
0.4174
0
0
0.5978
0
0
2.158
8.0756
0.4454
11.7183
13.0854
0
0
0
0
0
0
13.3513
0.4594
0
0
7.773
1.2559
0
0
0
0
0.0515
19.6657
19.2809
3.2628
0
0
0
10.6613
0
20.4012
2.9676
0
6.7455
0.3725
4e-04
0.0325
0
0.4887
1e-04
25.0669
0
0
3.4385
1.2457
4.5259
12.0709
1.7359
1.517
2e-04
0
0.3661
2.7348
0.4921
0
0.1548
0
0.3857
0
0
0
0
0
0
0
0
0
0.4444
3.1896
0.0564
0
0.1225
0
0.0775
0
1.34
0.2116
0.1247
0.0403
0.0015
1.941
0
0
0
0.6587
12.8108
2.6634
29.9982
15.9937
0.6736
0.7626
1.7619
0.4391
0
9.4401
0
5e-04
0.1945
0.4118
0
9.3699
12.2511
14.0168
8.4895
3.697
12.3505
0.0379
0
0
3.6284
0
0
6.0134
4.6585
0.01
0
0
0
0
0.2678
8.2327
6.1445
0.1703
0
3.3281
5.7954
15.9118
26.534
22.2705
0
0
0.0271
0
0
0
0
0
0
0.0014
0
6.8771
24.5546
22.6195
14.82
1.148
3.3986
6.5647
0
0
0
0
0.0338
5.0554
0
2.4959
0
0
1.7473
1.1865
0.0969
17.9101
52.76
0.1149
0
0
3.3385
0
0
0.0804
0.107
0
0
0
0
9.6446
1.7037
0
0
0
0
0
0
0.0053
2.9941
0
0
0
0.0014
5.1388
0.226
0
0
0.0324
0
0.9097
0
0
0.02
0.4337
0.9732
9.2269
0.2718
0.4627
0.6189
11.5018
1.0047
0
0
0.0378
0
0.0795
0
0
0
0
3.6195
0.1386
0.3094
4.3061
1.1721
0
0
0
0
0
0.0924
0.0359
7.4096
1.7587
0
0
0
0
0
0
0
0
0
21.8977
0.1825
0
0.1141
0
0
0
0
0
0
0.3693
0
0
0
0
3.9654
6.6306
0
0
0
0.3747
1.2361
0.037
0.0013
0
0.147
0
1.7723
0
0
0
0.0013
0
0
0
0
0.1956
0.6224
0
0.4767
0.9087
9.0233
8.4048
0
0
0
0
0
0
2.048
0
0.1162
0.0651
6.7625
11.1319
0
0.0095
0.3036
1.4553
0
7.9553
0.4168
0.4183
5.6516
5.9068
0.8401
0
0
0.2523
6.6305
2e-04
0
1.6658
7.6601
3.1819
0.3969
2.3755
0
0
0.3269
0
2.7271
0
7.3031
1.8091
0.1432
1.1462
0
0.4478
8.7492
0.2015
0
0
0
6.9246
0.1157
0
0
0.5815
1.798
0
0.9216
0.4994
0.4202
0
0
0
2.6317
0
5.3931
5.0966
1.3343
2.1006
20.8523
0
0
16.181
0.6078
4.2086
3.6306
0
0
0
0
0
0
0
0
0
0
0
0
0
0
0
0
0
0
0
0
0
0
5.0566
0
2.0146
5.0325
0
0.3933
0
0
27.9519
0
10.1465
2.6161
0
0
6.9805
15.9054
3.895
1.5641
1.2578
0.8286
1
3.1091
21.7959
0.3032
0
0
0
0
0
0
0
0
0
0
0.0488
0.2623
0
2.9088
6e-04
0
0
0.3948
2.0214
0.0045
0
0
0
0.7944
0.0198
0
0.2139
9.5505
4.8872
7.1318
1.1478
0
0
0
0
0
11.3965
6.474
4.8914
0
0.0448
0
0
0
0
0
5e-04
9.914
21.9258
0.6299
14.5079
0
0
3.0887
0
0
0
0
0
0
0.0191
0.29
1.6041
8.7321
1.2753
0.0754
0
1.3569
3.5016
0
0
0
12.4567
0.258
0
8.818
4.1871
0
0
0
6e-04
0
0
0.1815
7.3053
3.9985
5.2825
3.6864
7.1545
1.9788
5.3107
0.2571
0.0993
0.2199
1.9688
0.0712
0.3261
3.4962
1.7446
0
0
1.9429
0
5.2353
1.3357
10.6539
0
1.4818
0
0.0024
3.0622
8.3884
0
0
0
0
2.2928
0.0225
0.0222
1e-04
0.1015
7.1013
10.754
7.5451
0.9047
1.7105
0
0
0
0
0
0
0
0
0.2443
0.0082
0.1901
1.1669
0
0
0
2.4839
0
0
0
0
0.0076
0
3.3008
0.1654
0
0
4.4828
0
0.7206
2.0234
0.0654
28.0911
2.6661
0
0.049
3.0934
14.9626
0
0
0
2.099
6.9344
0.7058
0
0
13.7541
0.0783
0
0
13.4435
0.4292
0
0
0
0
0.6897
0.0656
0.0547
0
0
0
0
0
0
0.1163
36.1632
6.0755
0.0815
0
0
0
0.2921
0
0
1.4463
0
0
0
0
0
0
0
0.4367
1.4087
0.6328
0
0
0.1527
0.0611
11.244
0.0545
0
0
0
0
0.0436
0.8528
0.2391
9.3341
1.3661
5e-04
0
0
12.2948
0
0.2474
4.1972
20.0832
2.0432
0.6082
0
0
0
0.1278
0
0
0
0
0
0
0
0.1046
0
0.065
0
0
0
8.2565
8.5868
0.052
0
0
0
0
2.0056
0
0
0.565
0
0
0
0
1.5253
0.2554
3.2208
0.0496
0.8111
0.0071
0
0.0392
0
0
0
0
4.4826
0
0
0
3.5345
0.8944
0
0
0
0
0
9.1428
7.0131
0
2.4465
3.0585
0.0337
4e-04
0
6.8749
0.4399
0
0
0
0.0026
3.1357
4.8543
0
5.6661
0
0
0.2787
0
0
0
0
0
0
0
0
0
2.4784
4.1125
0
0
0.0323
5.2456
0
0
5.01
9.4498
0.4322
0
0
0
0.0985
0.222
11.6215
4.3953
0.7871
0
0
0
1.4672
8.0994
1.3672
0.3679
0
9.3276
19.5052
0
0
1.2201
0
0.005
0
0
0
0.3835
0.1086
2.294
13.6682
4.0377
0.2338
0
0
0.0184
0
0
0
0
0
15.179
9.9421
0
8e-04
5.7731
0.6813
0.3294
0.5047
1.9022
14.787
0
4.7414
0.9825
0
0
0.6259
0
5.3185
36.0824
0
0
0.1066
6.2252
0.3071
0
0.0034
2.44
32.3571
1.941
3.5316
0
0
0
0
0
28.1622
4.0252
0
0
0
0
0.6377
13.6952
9.4132
9.871
15.3732
7.4061
3.9348
21.0426
0.2524
0.1647
26.7435
0.4381
0
2.4388
33.2284
0
0.6087
0.9439
1.0714
0
0
0
26.3712
0.1404
0
1.6448
0
0
0
5.6739
0.7558
0
0
7.1451
1.6011
2.0775
0.0316
0.038
1e-04
0
0
0
0
0
0
0
0.3165
1.0019
26.4134
25.4938
5.2781
2.0418
7.0963
8.0908
0.083
0
29.9561
19.7551
0
0.9788
0
0
0
0
0
0.0668
0
4.6442
1.2038
0.0036
0
0
0
4.0098
5.0744
0
0.0113
7.7614
0
0
0
0
0
0
1.5153
3.8249
0
0
0
0
0
41.8573
2.3293
7.8181
0.0032
4.4055
0.6196
0
0
0
0
8.5324
7.634
0.1981
18.8767
6.0747
0.0071
0.0017
0
0
0
0
0
0
0
14.2066
22.7072
4.866
1.3289
0.8255
0.0257
0
0
0
0
0
0.7422
0.0851
3.8116
0
0
0
0
0
0
9.1424
7.9361
0.1181
0.1882
0.2324
0
0
0
0
0.8348
0.0087
0
0
0
7.0951
0.4022
5.7804
7.6771
2e-04
0
1.4506
6e-04
0.463
0.1238
0.1242
0
0
0.2833
0.2204
0
0
0
7.5909
1.8668
2.0833
2e-04
1.7545
0.5641
0.0347
0
0
0
5e-04
0.0586
3.6408
2.085
0
0.0833
12.2418
5.4194
2.433
10.3377
0
13.7041
4.2713
0
1.529
3e-04
0.0011
0
0
0
0
0.0635
0.2604
0.2602
2.0939
3.3088
0.0012
0
0
0.3935
0.3935
0.6144
0
0
0.047
0
0
0
0
0
1.1014
1.3172
0
0
0
3e-04
0.4064
0
0
0
0
0.0607
0
2.1497
0.1664
0.2366
8.273
1.6181
0
0.134
0
0.0656
0.6066
2.1184
0
0.8179
15.3737
8.7676
0
0
0.0072
11.3772
2.6578
0.1286
0.0079
0
0
1e-04
0
0.5362
0.0552
1.8039
4.033
0
0
0
0
0.048
0
1e-04
0.1084
0.9315
0
0
0.265
0
1.0309
2.8941
8.3244
0.0376
0
10.0615
1.7124
0
0
1e-04
3e-04
0
0
0
0
0.7179
8e-04
0.0639
0
0
0
3.3288
0.8294
0.8294
0
0
30.7796
0.6809
0.4661
2.7483
1.9444
1.6907
0.282
0
0
8.1796
0.1656
1.383
0
0
9.8821
2.4521
6.0811
0
0.2436
0
0
2e-04
0
0
0
0.0012
1e-04
0
0
0
0
0
6.9727
0
0
0.7033
8.0887
0
0
21.2663
10.6147
0.0018
2.1115
0.0448
0
7.5229
1.7418
0.1459
3.6911
5.6639
5.2476
12.5408
0
0.8651
0
0
4.4534
7.9516
0.2599
0.1337
1.3892
12.7274
0.6651
0
0
6e-04
2e-04
0
0
0
0.7164
5.6364
0
4e-04
0
0.0588
3.4887
3.1086
1.1222
0
0
0
2.9799
2.843
0.2321
0.4818
2.5511
0
1.9325
1.4197
0
0
0
0
1.9917
0.6021
5e-04
0
0
0
0
0
0.529
3.2011
0.0115
0.0021
19.6482
5.2294
0
0
34.0559
0.1201
0
0
1.3824
5.4092
0.0445
0
4.8376
7.9281
0.0077
2e-04
0
0
0
15.0519
1.4201
0
12.4696
0
0
0
1.1448
0.0875
8e-04
6.8054
0.2744
0
12.8752
7.3352
0.0538
0.0594
0.1194
0.2492
0.0017
0
0
0.8454
0
0
0
3e-04
0
0
0.8752
7.8821
6.7261
22.822
0
6e-04
1.0389
3.0478
0
0
0.0695
1.026
19.3802
0.3125
10.0718
0.2087
0.0588
13.4198
0.6785
2.6349
1.0168
0.1829
0.3336
0
0
0
0
2.8202
28.9515
10.5088
0
0
0
0
5.0197
24.1759
0.1721
16.4911
1.7957
18.5045
0.2543
0.0145
0
0
9.9267
10.8977
6.5035
4.2127
15.6069
1.3406
9e-04
0.255
0
0
0.3938
0
1.361
0.0176
0
0
0
0
2.7321
0.0027
0
0
0
0
0.395
2.1695
0
0
0
2.7101
0.1155
0
0
0
0.7192
3.4255
0.1008
3.0107
4.9484
10.1494
13.2874
0.0404
0
0
0.3651
2e-04
0.3409
0.0078
0.2154
3e-04
0
0
0.5231
4.4231
17.9087
0.1746
2.9696
19.8879
3.1043
0.3038
0.119
0
0
2.2611
0.1391
0
0.159
0.1887
1.3671
0.0012
3e-04
6e-04
0
0
0
0
0
4.0152
0.1769
0
0
0.0324
0.0175
1.2637
0.5421
0.0215
0.1993
0
0.0432
0
0.0984
0
0.0405
0
0.1493
5.4292
0
0
0
0
2.6005
25.8999
12.119
24.153
0
0
0.5288
0
0
0
0
0
7.2443
4.0092
0
2e-04
0
0
0.1502
0.4093
0
0.9136
9.4324
1.6494
0.3711
0
0
0
8.3783
0
0.0048
0
1.8548
8.1983
0.5253
0.1283
0.1487
0
0.0453
6.5316
0
0
0.0741
0
0
0.4231
3.079
5e-04
0
0
3.3293
0.4969
0.0622
0.0016
4.5674
5.9611
17.7145
0.2917
0
6.9505
7.9564
0
1.131
6.0525
6.0056
0
0.1816
0.5903
0.0297
12.4888
12.8472
0
0
4.8722
18.0234
4.46
0.0281
0
0
0
0.267
8.4252
4.2686
0.6132
3e-04
0
1.0315
0
1.4113
10.5277
0
0.1638
0
14.9758
0
0
0
4.0709
1.9137
7.7972
2.1156
0
2.437
23.4218
9.9159
0.6186
0.5618
3.172
7.0194
1.5547
0.2051
1.1234
0
0
0.0868
1.5121
9.426
2.1848
0
1.1011
5.1276
1.7187
0
0
0
9.3115
19.0038
5.8024
4.7157
0
0
0.0407
0
0
4.8934
0.494
4.7214
0.8042
1.0179
0.4983
0.2211
8e-04
0
4.3364
0
0
0
0.527
2.4618
1e-04
0
0
0
0
0
0
4.7742
0
0
0
0
5.7267
2.665
0
0
0
0
0
0
0
0
0.0023
0
1.6121
0.4929
14.9775
0
0
3.7353
3.432
8.6628
16.9458
2.9386
0
0
0.0407
0
0.0044
3.3652
0
0
0
0
0
0
2.0762
0
3.3505
1.2421
0.0148
2e-04
0
12.288
0.0655
0
23.0901
8.8322
14.1682
0
0.0463
0
0
0
1e-04
0
0
3.5517
0.4221
0
0
0
0
0
0
0
0
0
0
12.1845
2.2624
0
0
0.2414
3.2859
15.8773
8.0657
0.1222
0.1222
0
0
0
25.128
0.0523
0
0
0
0
0.5616
3.9994
0.1263
0.0669
0
0
0
0
0.0424
0
0.1906
0
0
0.4296
0
0.2863
8.3786
0
0
0
0.5161
0.2013
19.4012
1.647
0
0
0.5756
0.0091
0
0.1119
0
0
0.9499
6.0069
1.2561
0.0745
0
0
12.6201
14.5432
1e-04
0
0.0741
1.0894
2.922
0.4632
0
3.5438
0
2.5603
13.0698
0.2536
0.3595
0.0249
2.276
0.4371
0
0
0.7494
0
1.7233
0.2129
0
0.1815
0
0
0
0
0
0.9452
0
0.369
4.5477
0
0
0.0017
2.7515
19.6165
3.5345
0.3747
0.2249
0
4e-04
6.7778
0
0
0.3348
0
5.8035
7.7422
2.4087
4.1772
0.1121
0.7864
1.1646
2.2467
0
0
0
0.04
1e-04
0
0
0
0
0
0
0
0
0.2596
0
0
0.2457
0.0509
0
1.5141
0
0.7893
2.3567
0.1943
0.6625
0.9996
6e-04
0.1312
3.1962
0.9779
0
0.0448
0
0.0801
0.6751
0
0.1048
0
0
0
0
3.0613
0.2109
0.1279
0
0
17.0351
4.6324
0.813
0
0
0
0
0.0771
0.9083
0
5e-04
5.1509
1.0621
0
0.219
3.0515
0.086
0
0.747
17.4728
0
0
0
0
0
1.0715
1.2207
7.5491
0.2987
0
0
1.3083
4.8839
3e-04
0.0815
12.9225
0
0.3796
1.4212
0
0
11.1588
24.0468
0
11.9992
0.202
0
0
0
0
0
0
0
0
0.635
0.883
0.9232
0.6877
2.9828
0.1181
0
0
1e-04
0.5955
0
0
0.1554
1.5928
2.4462
14.7917
0.3163
0.2804
17.0983
1.2487
13.3078
13.8963
17.9487
16.3875
5.7386
6.2332
0.3505
0
4.6252
0.2182
6e-04
4e-04
0
12.1667
0.1002
0
0
2e-04
0
1e-04
1.7005
3.3675
0.0021
0.0136
23.6757
0
0
3.7325
1.0599
0.2422
0.0489
1.71
24.2908
0.065
0.0084
2.5308
37.9038
1.7777
3.3435
0.7651
0
0.9064
0.0456
0.6614
0
0
0
0
0
0
7.7003
4.612
0.0696
1.7069
2.0286
7.0553
0.185
0
2.0631
1.6172
0.9814
16.0244
23.0929
14.4079
5.1646
3.3925
0.1387
0.2763
8e-04
0.3033
0.2287
1e-04
0.5574
0
0.1811
22.5718
2.1475
1.8771
2e-04
0
0
20.5343
1.2701
0
0
0
6e-04
22.5457
14.6916
8.2409
2.4785
1.5055
2.6402
1.5692
2e-04
0
0
3e-04
0
0
6.6755
4.6589
2.0404
3e-04
0.0482
0
0
4.3743
0
0
0
2.1677
4.9154
0
0.0263
1.0016
3.1657
41.6231
3.7206
0.6367
0
0
0
0
0
0
0.1501
0.0488
0
0
1.3407
4.8422
0
0
0
21.8324
1e-04
0
14.0195
1.0445
0.1963
5.5389
0.554
32.2522
2.7922
2.2433
0.2558
0.2264
0
2.1883
3.6264
0
0
0
0
0
3.2962
0
0
0
20.4563
5.1985
0.4046
0.1178
0
0
0
0
0.425
0
0
6.0583
15.2539
6e-04
2.1625
1.9559
0.0488
0
3.1093
0.1208
0
0.0499
1e-04
0.1138
0
0
0
0
5.1259
5.1387
1.0191
0
1.497
1.95
1.3225
4.9142
4.0244
0
0
0
0
5.7437
0
0
19.0879
13.5644
0.1626
5e-04
0
0
0
0
10.6161
0.9184
0
0.1585
0.8802
12.0875
0.4195
0.0572
0
5.5566
0
2.8912
4e-04
7e-04
0.4363
1.6087
0
0
20.2828
2.0902
1.5006
0
0
0
5.1427
9.3295
0
0.0864
2.6466
0.2095
15.7779
2.217
0
0
0
0
0
0
0.037
0.1517
0.9742
0.8731
0
1.7518
0
8e-04
0
0
0.0532
1.008
0.5318
0.2227
0.9737
4.7821
0
0.0508
0.2431
0
0
0
6.0712
0
1.4219
1.0922
0.003
0.0011
0
0
0
0
0
0
0
0
0
0
0
2.9477
1.1161
0
0.3895
0.6739
0
0
0
0
0
4.8318
0.536
0
6.8703
9.9677
0.0088
0.9642
0.3711
0.0016
0
0.1617
0.0537
0
1.7621
0
2.3606
0.2803
1.7625
1.7011
5.0644
0
1.1287
0
3.3593
5.6378
8.0292
2.8706
0.0763
1.8182
17.4581
3.0393
1.4022
7.3313
0.4491
0.414
0
0.0937
0
4.4324
0
0
0.0529
1.3753
3.0653
0.0104
0
0
1.427
0.0356
9e-04
0.1566
4.8613
0.1312
3.755
0
4.4706
0.2057
0.2597
0
0
5.247
4.268
17.3655
0
0
0.0423
0
8.4168
0.026
0.7196
17.2486
2.184
3.3033
3.1606
10.2677
6.5091
0
2.2601
9.5547
2.6427
0.0022
32.9381
4.1457
0.0112
9.0454
0.3913
1e-04
0
1.4284
0
4.1276
20.1613
0.7247
2.9536
0.1066
0
0
0
0
0
6.6403
9.6965
22.2455
2.7382
0
13.1441
0.0257
0.964
14.4344
0.4126
0.1402
0
0
0.3437
0
0.0305
7.1921
1e-04
0
5.9043
3e-04
0
0
0
1e-04
3.7508
0.1778
0.6726
3.2546
0
0
0
0.0109
8.3196
0.13
6e-04
1.1729
0.559
4.4671
4.8069
3e-04
1.7008
0.8084
13.5459
2.6257
0
0.4808
4.2213
8.5555
1.7748
0
0.153
11.6351
0.0019
0
0
14.3285
1.4948
0
1.1681
0
0
0
0
0
0
0
7.0326
1e-04
0
4.4417
15.7565
10.8914
3e-04
0.5184
0
0
0
3.361
16.5077
2.8284
12.5097
1e-04
0
3e-04
0
2.0466
0.2507
0.1107
0
5.1832
6.6865
3.1262
0
0
1e-04
2e-04
0
0
1.6923
0.666
0.9388
0
0
0
0
0
0
0
0
0
0
0.4026
0.0223
0
1.1976
0
0
0
0
0
0
0.0802
0
0
0.0946
3.8154
0.0028
19.5228
1.8092
0
7.7547
0.4317
0.2912
0.1174
0
4.6797
4.3124
0
0
0
2e-04
7.3185
2.1431
0
0
15.5465
5e-04
18.6998
0.0023
0
0
0
0
0
0.048
3e-04
0
0
0
3.9551
3.1724
0.0019
13.9522
3.7179
0.1441
2.5527
0
16.4011
7.3712
0.2654
0.5071
2.1221
1.0673
2.8802
8.0885
0
0
0
0
1.5809
13.3139
0.2625
1.0946
1.9211
1.8844
0.2326
1.8817
0.669
0.0014
0
0.0026
0.0091
0.6175
0
0
5.132
21.6713
0
0
0.1025
0.1349
0
0
0
4.3666
0
5.7062
14.8025
1.7983
17.9604
10.5837
0.0128
7.4962
1e-04
0.0108
12.2324
29.0449
11.1387
4.5986
0
0.6516
2e-04
0
1.6166
0.2948
0
7.6783
0.3255
0
0
6e-04
0
0
1.1995
0.7999
0.0444
0
1e-04
7e-04
0
0
0
7.7525
4.5079
4.4891
0.0046
0
0
0.6081
2.4842
3e-04
8.477
3e-04
0.0068
0.043
4.7644
3.9115
0.2745
8e-04
4e-04
0.0216
0.1466
0
3.2676
4.1679
8e-04
1.1833
0
0
0
0.6328
0
0.2372
5e-04
2.8684
1.6237
0
0
0
0
0
0
3.5251
1.7598
0
0
7.494
0.002
1.6547
0.4159
0.3545
0.0062
0
0
0
1.0282
30.3972
0.0313
0
0
0
2.088
0
0.0028
0
0
3.9432
0
0
0
0
4.1328
0
3.9418
5.6744
0.0653
9.959
20.7625
13.9295
2.4989
13.3338
2.146
1.1993
0.186
0.8875
0.1601
0.0057
2e-04
0
0
0.0508
0.0097
0
0.0331
0.1093
1.8944
0.0013
0.9632
7.7886
0
0
0
0
3.3148
0.0042
0
0.5895
5.9046
2.2137
4e-04
0
0.0131
5.2518
0.0313
1.1923
0.0559
7e-04
0
0.6609
0
0
2.7789
0
9.2681
10.8332
4.9791
0
0.0246
0.4289
0.016
3e-04
2.3387
4.3243
0
0
0
0
5.2249
0
0
0.7049
0.0262
0
3.7767
5.5773
7.736
5.4055
0.0057
0.1642
0
4.5093
0
0
0.4145
1.0782
0
2e-04
7.0461
11.103
9.9389
1.113
14.9535
3.3377
5.188
4.963
0
32.192
0.6596
0
2.6289
4.2436
5.5794
39.2944
0
2.4129
0
0
0
2.4223
2.4223
1.0253
1.4042
0
0
0
3.0348
8.71
0.7682
0.2393
8.6187
10.4837
0.0031
0
0
9e-04
2.3575
9.0123
7e-04
0
0
0
0
3e-04
4.3678
1e-04
0
34.4409
11.5341
0.0108
0
0
0
0
0
0
11.5014
3.3097
0.0021
0
0
0.3644
2.1999
0.011
20.3032
0.6376
0.0021
0
0
0
0.0582
22.0176
0.3225
5.2152
34.0901
0
0
6.5808
6e-04
0
0
0.0983
0
0
0
3.3313
4.2696
0.5572
0.4035
1.1122
0
0
0.351
0
0
0.7678
0.3012
0
0.6098
1.4408
3.2314
0.0016
19.7246
7.1544
0.0079
6e-04
0
0
0
0
4.891
1e-04
0
0
0
3.6665
0
0.0362
7.9822
0.001
0
0
0.9494
0
18.6129
5.1159
0
0
0
0
0
0.0679
1.4875
1.6246
0
0.1143
2.8367
0.7022
14.5934
0.1355
0.3608
0.1628
0
14.6235
0
0
2e-04
0.406
4.953
0
0.0989
2e-04
0
1.2991
8.7707
0.1367
0
0
0
0
0
0
0
0
18.9898
2.1104
0
7.0754
5.3586
0.0123
5.1222
0.0444
14.5697
0.7937
0.7867
1.0512
0.0015
0
0
0
0.2847
0.7972
0
5.3419
1.5502
0
0
9.63
13.9121
0
0
3.7811
0
7e-04
0.2169
0.4545
0
0
0
6.5958
0.3312
0.0585
0
3.9385
8.7367
17.4859
2.4048
0.083
0
0.0843
0.1655
0.0853
0.1097
0.0544
0
0
0.006
7.2147
8.2584
0.0232
0.0268
0
0
0
0.171
0
0
0
0.3056
0.1967
0.0022
2.1184
0.0498
0
0
0
0
0.1111
6.1394
7.0619
0.0111
10.5557
12.9809
0.1531
0.0183
0.1185
0.4542
0
0
0
0
0
0
0.0015
0.5576
0.0132
0
1.4349
0
0
0.6569
8.4928
1.0285
7.8679
0
0.051
0
12.8587
0.1498
0
0
0
2.4709
0
2.2215
0.0076
0.0815
0.2585
0
0
0
1.418
7.4445
3.5234
2.1872
1.84
0
0
0
0.4195
0.0322
0.3519
14.0335
0.7232
0.2859
0
0
0
0
0
4.7493
26.3835
6.7483
13.4241
6.3231
13.022
10.3796
4.8924
8.6006
2.5701
4e-04
0.5261
0
0
0
19.2031
14.0987
0.4595
0
0
2.2177
0.7201
1.7876
8.9062
3.4118
3.2386
0.066
0
3.7297
0.7507
0.3069
0
0
0
0
0
0
0
0
1.1669
14.1993
7.2615
12.2398
85.3546
0.1634
0
0
0.0891
0.4597
3.0225
4e-04
0
0
4.081
0.969
7.0694
0.0128
0
0
0
0
5.445
5.234
23.8185
3.0259
18.1349
1.2904
0
0
1.2601
0
6e-04
0
1.5878
5e-04
0
0
0.5562
1.8294
35.5483
0.0474
13.5412
0.6575
6.994
0
11.1922
1e-04
0
0
0.2104
0
0
0
0.0414
0
0
2.7709
0.0012
0
0
1e-04
7.198
0
0
0
0.4046
6.5273
0
6e-04
12.6685
3.8132
36.7338
0.0624
0.1842
0.864
1.8467
7e-04
0.0599
0.0122
3.6524
0.0447
0
0.7216
1e-04
0
14.6114
10.0043
0.0572
0.3429
0
0
9.7217
7.3083
0.1868
0
0.083
3.386
1.3525
0.0528
0
6.2035
7.7005
0.0016
7.2359
5.7695
4.3192
0.6562
4.6683
0.0185
0
0
0.057
0
0
15.4791
0.4313
1e-04
0
0
1.0932
50.1139
0.0014
4.5068
3.4853
0
2.0628
9e-04
0.3216
0
0.8127
15.4411
7.9314
0
0.2203
1.09
0.316
0
0
0
0
0
6.8981
0.0785
1e-04
0
5.3235
7e-04
0
0
4.9935
25.5976
1.138
0
0.0744
1.7495
0
0
0
0
0
0
0
0
0.3293
18.5487
44.1838
0
0
0.1098
0
0
1.2858
0
0
0
0.0366
4.4466
3.9125
0
0.0012
0
0.6595
3.1997
0.0552
1.034
2.0051
12.7794
0.6774
0.0021
7.7272
6.1147
0.108
0
0
2.0583
6.5573
9.2185
0
0
0.3318
24.1216
21.9419
1.3459
0.5618
0
0.1332
0
1.753
17.9364
3.6309
28.4851
0.0015
0.1257
0.2178
0.0017
4e-04
0.7142
0.2188
0.1164
0.4931
0.6997
0
0.1359
0.3821
0.9047
1.5205
0
0
1e-04
0
0
0
0.5113
0.0014
0
0
0
0
1.3653
6.5381
5.7606
0
0
1.4019
0.2835
3e-04
1.2375
0.0351
0.035
0
0
5.1983
0.0012
0.3739
0
14.9197
9.8608
0.0782
0
0
0
5.7318
0
0
0.4979
0
0
0
5.9526
21.546
0
0.0023
0
3.5198
1e-04
1.6953
6.0047
6.963
0.8506
5e-04
0.3225
0.101
1.3333
0
0.0705
0.7716
7.0022
0.3062
0.0384
0.1896
0.6059
6e-04
0.1758
0
0
0.0378
11.9701
7.5068
1e-04
0.5216
2.4819
0
0
0
0
0
0
0
1e-04
0
21.4778
22.4266
8.4521
0.0024
1.8749
0.2737
17.6406
5.9249
0
0
0
0
0
0
3.2381
2.2095
0
0
0
0
0
13.0718
0.9357
0.1475
2e-04
2e-04
0
0
0
0
0.0025
10.8796
0.505
0.0468
0
0.0583
0.1199
2.7455
4.1203
6.183
18.2787
0.0018
1.8703
0
19.5424
5e-04
0
0
0
0
0
0
0
0.0102
0
10.0578
0
4.1538
0
0
0.5898
0
0
0.1333
10.0066
1.0732
0
0
0
0
1.611
7.4762
1.3009
0
0
0
1.9838
0.6311
0
0.4459
0.0012
2.0551
0
3.2275
0.0011
15.9023
0
0
0
0
0.003
2.5767
1.1456
37.6991
1.9868
0.24
0.0628
0
0
0.0018
2e-04
0
21.5023
2.5798
16.9784
12.7931
27.405
0.7568
0
0
0
0
1.3548
6.8462
0
1e-04
25.9222
75.9593
2.0184
7.2115
0.1607
2.5298
12.2412
0.0414
0.188
0
9e-04
0.0034
0
3e-04
0
2e-04
0
0
0
1.0832
6.7074
31.0839
0.2881
0.8932
0
0.0336
0.1638
0
0
0
0
0
0
0
0
0
1e-04
0.0024
14.6812
0.0034
0.0018
1e-04
0
7.559
4.8674
0.8722
3e-04
0
0.6255
0
0
0.1229
0.0177
4.5829
0.0302
0
0.1194
0.0598
1.0374
1.071
2.1074
0.1817
0
0.0025
1.3481
44.4199
0.5515
0
0.7151
1.0966
0.2464
0
0
0
0.2552
0
0
0
0.2551
0
0
0
0.161
0.304
0.0343
0
0.0053
0.005
2.6359
0.0023
16.5453
0.0625
0
0.1278
3.2132
1.4043
2e-04
0.2285
6.6813
33.152
0.0372
0
0
21.4178
0
0.2272
0.0672
0
3.958
0
0.2874
2.0427
1.3313
0.4825
0.111
0.1326
6.9955
0
6.0515
27.7655
1.7329
0
14.2759
2.8375
1.135
0
0
0
0
0
6.8034
0
0
1.4496
0
3.8487
1.5327
0
0
0.5479
0.2887
0
13.1155
23.8824
1.102
1.2429
0
0.2127
2.3158
1.9993
0
0.1402
0.1055
0
0
0
1.0658
0
0.4298
0
1.0979
1.0767
0.1203
0.801
4.1459
0
7.2879
0
0
1.8026
31.1854
51.3882
0.594
0.4394
1.8736
1.0243
0
4.5566
2.9413
0.2903
0
0
9.4806
1.0571
0
0.3407
4e-04
4.9349
0.1467
0
0
15.3193
0.3324
0.6299
3.3305
0.4485
0
4.7535
16.5466
18.0716
0.3917
3.2794
14.3225
0.017
8e-04
0
0
0
0.8923
0
0
0.0295
7.1005
23.6033
0.5401
1.5833
5.6926
0
0
0.0257
0.014
8.7671
15.5775
0
0.078
2.6915
5.3891
0
0.0374
17.9732
0
0
0
0
0.637
2.4597
12.492
5.1058
2.9178
0
0.196
0
0
0
0.305
3.7935
0
0
0
0
4.4163
2.3055
0
2.905
3.196
4e-04
0
21.7763
4.2651
0
0.0091
0.0095
4.9222
2.0409
0.0064
1.1778
13.6478
3.2137
0.0257
7.4833
0.3721
3.413
0.3456
6.0096
0.0307
0
0.0818
0.8035
0
0.0014
0
2.34
0.0021
0.0011
0
0
14.6861
3e-04
0
19.6478
2.7116
0.0022
0
0.0652
4.2127
3.8605
23.772
0
0
12.5989
3.2792
7e-04
1.5908
0.0018
0.0024
0.0019
1e-04
15.1224
2.7076
4.9198
0
1.6754
31.4841
4.2513
15.0574
2.7548
1.1129
0
0.7881
52.3773
9e-04
0.0073
0.0103
0
17.2955
8.6287
0
1.693
2.3822
2.1968
0
0.1584
0
0.7878
0.0043
3.0279
1.1626
2.5367
1.6726
0.0056
0
0.01
0.2662
0
0.0048
0.0046
0.0101
0.0055
0.1665
3.2693
0.0354
0.1599
0.3302
0.0044
0.2238
0.4045
0.2972
3.1219
0.0023
0.0103
0
0.0556
1.3136
0.0018
0.0027
0.9526
0.2354
0.0052
0.0042
0
0
1.2428
0.823
0
0.0931
0.4001
0.1419
0.045
0
0
0
0.1968
1.0577
1.4295
0.0016
2.7616
0
4.9706
0.0038
0.0038
43.9266
25.659
6.2475
0.7431
0
0
0.0038
0
0
0
0.0047
0.0053
0
0
0.1899
0.0312
0.0412
0.6207
9.7572
0.012
0.4811
0.8737
0.0078
0.0021
0.0519
0
3.4621
0.6088
0
0.0078
0.0047
0.1511
0
4.7371
25.7208
0.0017
0.0081
0
0
1.2927
0
0.006
8.3968
0.4219
1.1651
3.3979
0.7489
0.1662
0.1192
0
0
0
1.0215
0.0036
0
0
2.2486
0.1498
1.197
0.8535
0
0.8568
13.602
6.6053
28.4243
1.8261
0.0165
2.1985
0
0.0134
0.9299
0.0667
0
2.5833
1.742
5e-04
0
0
0
6.8424
3.4377
1.9841
1e-04
0.2139
0.0036
0.2802
0.0668
0.1644
21.5345
9.5335
0
0.3316
0.0199
3.9169
4.217
1.3278
3.5448
0
29.225
0
0.0021
0
0.7778
14.1335
0
3.077
1.9996
6.5755
0
0
0.6464
0
0
9e-04
0.2373
0
1.0191
0.6628
0.5369
2.3124
11.4954
2.6094
0.015
2.1883
3.1512
0
0
0.3252
0.3474
0
0
0
0
0
0
1e-04
0
2.0172
16.007
0
6e-04
0
0
0
0.1818
0.7491
0
0
0
1e-04
0
2.7026
33.1592
10.4679
0
0.7292
0.5217
1e-04
0
7.0484
0.1435
0.3653
2.5391
0.4485
6e-04
0
0
1.0667
7.9631
0
0.1377
0.2006
0
0
0
0
0.5446
51.036
0.006
13.044
13.2633
0
0
0
0
0
0
1.6933
1.0266
0
0
0
0
9e-04
1.3074
0.0438
0.0043
0
7.6484
0.4486
0.1421
0.9358
0.0092
9.6937
0
1.0221
18.7627
0.0623
0
0
2.3649
1e-04
0
2.6367
16.3245
2.528
0.2027
0
0
2.0937
16.4792
1.7434
1.1465
0
0.1183
0
0
0
9.5314
0.8563
10.4401
4.2399
0.5208
6e-04
0
0
2.8244
4.4163
4.2034
0.0843
0.0838
0.1023
0
3.0894
20.8804
0.0333
3.1954
0
0
0
0
0
0
0
0
0
4.7374
37.9485
4.5822
0.1455
0.0013
0.0018
2.5841
7.1694
3.0437
0
0
0
0
1.8351
0.0284
0.8504
3.7697
1.3955
1.1084
0.1057
0
0.0013
8.0825
6e-04
26.7714
11.7312
0.0066
0
0
9e-04
8.8452
4.1814
0
0.568
0.1213
0.0476
0.0095
1.056
0.412
0
0
0
0
0
0
0
13.8145
0.0075
0.305
0
0
0
1.8008
0
0.1989
0
1.8557
4.1102
15.8694
1.6179
6.9812
0
0.5212
0.5067
15.4313
0.0132
0.0719
6e-04
0.9282
0
0
0.1983
0
0
5.7825
0
0.048
8.3507
2.243
0
0
0
0.0837
8.865
0.8586
0.0028
5.5813
0.1516
4.6933
3e-04
0
0
0
2.3154
22.0202
6.7184
0
0
0
0
0
0
0
0.1651
2.0023
13.6711
0.4731
0
0
0
0
0
1.3045
0
0
0
0
0.032
1.5332
0.0024
0.935
0.002
0
0.3691
0.014
5.5009
0.6402
0.1597
0.2022
21.8956
0.4834
0.0462
0.0013
0.4655
1.7807
1.456
15.8121
1.8607
0
0.2848
0.0339
1.2715
6.7716
0.2543
0.0013
3e-04
0
0
0
0
12.3729
0.2671
0
0.1383
0.5532
4.757
0.1155
3e-04
7.7835
0
0
0
0.202
0.3994
0
0
0
0
0.028
0.0183
0
0
0
0
0.7984
0.028
0.1509
2.6988
0.2838
0.6996
0
0.294
0
0.5014
1.2595
1.6595
0
2.279
4.1315
0
6.0881
7.6193
0
0
0
0
0.3146
15.0596
0
0
0
5.9056
0.0558
0.1123
0
0
0.2155
1.7919
0.4865
0.8614
1.3086
0.0011
0.2487
10.5562
0.7113
1.0582
1.2481
0
7e-04
1.4291
0.0019
7e-04
0
0.4104
0.4582
0
5.3522
1e-04
0.405
0
1.5479
0.0392
0
0
0
0
0
0
0.0391
0
0
0.0757
0
5.9702
3.8351
0.2281
0
1.3272
0
0
0
0
0.0732
0.0616
0
1.135
4.8885
0
0
8.0022
4.4746
0
0.2279
0
0
3e-04
1.4934
0.0092
0
0
0
0
8.136
0
1.5293
1.3193
3.4133
0.656
0.001
0
0
0
0
0
0
0
0
0
0.8293
0.0811
3.292
8.564
6.5908
0.5272
0
0
0
0
0
2e-04
9.8467
0.0017
0
8.0852
0.3526
0
11.0019
5.5609
0
0
0
0
0
0
0.6576
0.5478
11.1427
18.2555
9e-04
0
0
0
2.9153
0
0
1.4009
4e-04
0
0
0
0
1e-04
0.1235
6.8542
29.3888
16.603
0
0
0
0
6.028
4.7117
5.2864
3.2924
0.9655
1.501
2.501
5.032
7e-04
0
28.7373
1.3154
3.5436
12.7228
0.0036
4e-04
22.6314
5.6858
0
0.3317
8.7559
0.912
9e-04
0
0
0
0.199
3.2172
0.2118
0
25.4279
11.1195
1.8692
0.0231
0.2269
9.6962
13.144
0.5623
2.0677
9.6996
0
1.0415
0.0139
14.0822
3.9685
2.9005
0.4548
0.3208
0
3.1083
0
0.0055
5.037
7.2143
6.5592
0
0.962
4.6697
5.3022
0
0
0
0
0.0601
0.2541
0
0
0
2.1605
13.8507
0.9623
0.0172
1.0027
0.8775
0.0195
0
3.6756
0
3.6725
1.6439
0.1323
0.01
0.7702
19.5162
17.3043
11.9337
0.0233
0
3.3678
1.5758
0
0.0356
0
0
0.761
2.0942
9.1001
0.0026
0
0
0
0.5318
29.8022
0.175
0
1.4432
3.29
2.6934
0
0
0
0
11.7441
0.1272
0.4116
1.0023
0.2824
0
0
0
0
0
0
0
0.913
0.5825
0.4816
0
0.1114
0.0036
0
0
0
4.0751
1e-04
0.709
0
0
22.895
0.0074
2e-04
0.2218
0.1372
0
0.0041
1.8191
0
0
0
0.8935
30.363
0.1598
3e-04
0
6.8351
12.7752
5.6207
1.6842
0.3103
0
0
0
0
3e-04
0
0.579
13.1856
0.327
0
0
0.1954
0
0
0.5544
0
0
2.2078
2e-04
11.2142
0
0
0.0479
0.2368
0
1e-04
0
1.0233
1.1739
0.0052
8e-04
0
0
0
0
0.1112
0
0.4467
0.7715
0
9.1759
17.0095
0.0029
3e-04
0
0
3.0401
3.5989
0.0125
32.1413
7.3033
0
0
0
15.9341
0.2159
0
0.0467
0
0.0023
6e-04
0.4103
5e-04
0
0.4864
0
16.1702
0.3749
0
0
0
0
0
0
0
0.0423
0.4524
0
0
8e-04
0.3189
0
0
0
0.1032
0.1836
1.662
0
0
0
0
5.3335
6e-04
0.943
0.2539
0
14.585
0.0032
1e-04
1.6601
0.001
0
0
1.9533
0.9638
2.1415
0.0022
4e-04
0.1854
0.5816
0
0.0375
1.2955
0.503
0.804
4e-04
0
7.5761
11.4623
0
0.0035
0.0061
0.3272
1.4038
0
0
0
0
1.4286
0.2329
0
0
0
0
0
0
0.938
7.7653
1.3167
0
1.1267
10.4799
0.0822
0
42.2823
0
0
0
1.5827
19.2375
4.3846
0
0
23.7791
0.9419
6.1459
0
0
0
6.9531
0.2131
0
0
0
0.5483
2.1255
1.1893
8.0861
0
0
3e-04
0
0
0
1.885
0.4646
0
1.0404
0.7879
22.3339
0.0496
0.4699
0.0016
19.3526
0
0
1.8443
0
0
0
0.1824
9.7433
1.6369
4.4006
14.1851
14.0777
0
6.1488
18.418
1.7763
34.8718
3.1083
6.772
3.1477
0.5026
0
1.7658
4.5995
16.9394
0
0.0663
0.4042
2.0211
0.0464
0.0082
2.0751
0.0089
5.7513
1.191
12.5056
7.3452
12.2339
3.7157
6.7335
1.5077
0.0036
0
0.6788
7.4565
2.8866
20.7078
36.9341
5.1009
0
14.9701
0.0461
0
0
0
0
0
0.5531
0
0.0231
0
2.1444
12.8901
0.2738
0.0065
0
0
0
3.94
0.002
0.2393
20.174
1.8672
0.1433
4.9993
6.4513
1.4875
0
0
0
0
0
0
1e-04
0.0195
0.6188
0
0
0.6773
0.2256
1.8736
0.008
0
14.8995
0
7e-04
0
0
0
0
7.3144
0.0557
0
0
12.964
50.1017
7.2488
0.2047
0.8087
0
1.0794
11.6783
2.5585
0
8.2135
2.3572
6.5619
0.001
0.1987
1.9945
14.2099
0.0192
5.2227
2.1706
0
0
0.0364
10.475
1.2028
0.2365
0.0036
0.2148
3.5103
0.0026
4.3735
0
0.0496
19.5218
15.4141
0
0
0.0026
0
0
0.8893
3.4182
0.0299
0.0296
9.608
0.0737
0
24.4648
32.8118
19.8106
4.1549
0.2926
0.0136
0
0.1472
4.0956
0
0.154
0
10.8609
0.4207
5.8942
0.1047
25.2291
0.2393
0.2443
42.2067
1.3838
1.6545
10.3282
2.3526
8.0581
0.6569
2.9396
0.0199
0
0
0
0
0
0
0.0012
3.6784
0.0034
2.2081
1.8163
3.3035
0
2.0945
36.429
25.8316
0.2374
0
0.0048
3.6852
1.2744
4.5095
10.3295
4e-04
0.8429
0.1829
0.5955
0.1701
0
0
0
0
0
0.7663
0.0822
4.8032
0
0
0.0814
0
24.596
3.9857
0
0
0
0.8992
0
1.9027
26.372
14.8777
0.0324
0
0
12.9974
9.2028
38.0221
3.3894
0
0.0798
0
3.8097
18.669
5.8584
3e-04
0
0.5577
0.0126
0
0
0.35
3.6833
9.4207
0
0.4367
0.1109
0
1.3502
21.7941
0.0013
1.2395
0.0012
0
0
8.3551
0.435
0.4553
4.6465
1.0147
0.4086
0.7309
1.3422
0
0
0
0
0
0
0
2.5332
4.7302
1.5731
0.8073
0.1105
0
20.0095
0
1.6827
0.5444
5.5818
0.0012
10.9651
0
0.1129
6.0534
11.5046
3.9822
0.7092
0.0052
0
2.3271
0
0
1.116
1.0845
0.0052
0
0.5185
0
9e-04
8.0754
0
0
2.8189
0
0.9068
0
0.1563
0
0
2.4289
1.6044
1.361
12.4324
0
0
0
0.0038
16.217
1.1633
16.1898
0
1.0272
4.8209
0
0
3.5191
1e-04
0
0
4.5904
11.0503
0.0139
5.5958
44.7282
0.1492
12.2175
1.2508
0
0
0
1.9614
9.4964
0
0
0
0
0
1.2977
9e-04
1e-04
0
6.0863
0
0
0
0
0
0
0
0
0
0
6.7326
6e-04
0
0
0
0
0.051
5.5323
0
0
0
1.0021
3.3127
0
4.2514
0
2.9834
8.0947
0.6963
0
17.797
4e-04
0
28.5404
8.1788
2.2716
1.9804
0
0
0
0
0
0.0264
0
0
0
0
14.0286
2.4855
0
0
5e-04
0.1896
0.0031
0
9.4491
0
0
10.127
0
0
0
2.9056
1.6713
0
0
0
0
2.9726
0
0
0
0
0
14.0734
20.4889
0
0
0
4.5244
0
0
0
0
0
0
0.9935
2.6766
5.965
1.2002
0.7982
0.1212
0.5994
0.41
0
0.004
0.2559
0.5618
0
0
0
0
0.9693
0.0013
0
0
3.3664
10.6983
0
0
0.1559
0.3257
0
4.7823
5.0996
9.9144
0
0
0.0229
0
0
0
0
24.4016
0
0
0
4.8291
30.2961
4.0007
3e-04
0.6985
14.6452
0.9098
0.0048
0.0146
0
0
0.2003
1.0191
0.0032
0
0
0
0
31.5175
0.4562
0
0
0
0.7975
3.3761
0.0446
6.8124
0.4046
0
5.502
22.9669
0.3144
0
0
0
0
4.1943
0.3926
0
0
18.4213
1e-04
0
0.8252
19.4707
0.0056
0.0023
0.8259
3.9281
0.2433
3e-04
0
0
0
7.6739
3.3329
0
5.3657
11.8364
0.0032
0
0
0.5523
0
0
2.004
0.8649
0.528
0
2.4587
2.6194
3.2478
1.8535
0.1153
0
3.4081
0.2127
0
7.2832
5.607
4.3582
14.3828
33.2504
11.2135
0.0041
0
0
0
0
0
0
0
0
3.3054
2.1264
9.9922
0
0
0
0
0
0
3e-04
0.0151
0
0
1.9571
0.0011
0
0
0
0
0
0
0
6.2851
1e-04
5.0487
4e-04
0
0.2796
4.8704
9.1063
4.9256
2e-04
0.5511
0.6513
0
1.2793
0.0397
0
3.1948
1.3153
13.8247
2.759
2e-04
0.3957
1.2414
0
7.9052
78.8814
0
11.5441
0.2014
0.6613
0.8826
0
0
0
0
1e-04
0
0
0
0
11.0996
0
30.7712
4.631
0
0
0
0
0
0
0.002
0.7234
0
10.1704
0.911
0.5388
0.4419
4.8226
0.9954
10.4137
0.8511
0
2.5584
4.737
2.1724
0
0.8111
0
4.5123
0
0
0.0446
0
0
0
2e-04
0
0
0
3.326
0.003
0
5.7265
0
0
0
26.1587
17.9695
2.9112
5e-04
0.6312
0.0062
0
0
0
0
0
0
0
12.9969
0.0993
0
0
0
5.563
0
3.5121
2e-04
0
0
0
0
0.3362
9.7769
0.0648
0
0
0
0
0
0.0051
0
0
0
0
0
0
0.0802
0.0061
17.0093
29.8047
18.2306
0.5433
0
0
6.232
0.4565
0.9227
5.0089
5e-04
0
0
0.1895
23.1535
0.7271
0
0
11.535
2.8623
0.0052
0
0
0
0
0
0
0
0
0
3.7256
0.7852
0.1783
0
0
0
0
0.0016
0.0338
0
0
0
0.1869
6.3077
2.2559
1e-04
0
5.239
11.4199
0
0.0064
5.523
11.6115
2.7634
0
0
0
0.0301
0
0
0
13.7117
1.6827
1.102
26.6339
0
2.0679
10.1045
2e-04
0
0
0
0
0.2535
0.1936
2.7541
2.4129
5.7133
17.3022
7.2744
3.8865
0.2927
35.111
0.1971
2.3749
18.7197
7.9348
24.4986
2.0067
13.8761
22.953
29.5033
0
0
0
0
0
4.5068
1.1707
0.2674
0.8553
59.524
0.0254
4.5324
0.0139
0
0
0
11.5387
0
1.5174
0
1e-04
9.9033
0.1251
9.5566
4e-04
0
0
22.9195
0
0.5652
0
0
0
2.6304
0
0
0
0
0
0
0
0
2.4113
9.7125
0
0
0
14.4021
10.5121
2e-04
0
44.2361
0.2019
0.0257
0
0
0
0
1.7073
0.2604
0.9466
0.0017
0.2576
3.6349
4.9841
0
3e-04
2.1767
0
0
0
7.0517
26.0688
8e-04
0
0
0
0
0
0
2.0113
0.0154
0
0
1.5884
3.1825
33.0651
16.9085
5.6007
0
0
0
0
0
0
0
0.0702
5.4237
3.1921
0
5.5626
0
0.0739
0.034
0.0332
0.2038
3e-04
0
0.2057
0
0
0
9.07
12.6391
2.7482
1.5276
0.0156
0
1.4624
0.7768
0.0685
0
0
4.597
3.8681
0
0
0
0
4.2676
11.0332
0
0
3.348
2.6532
1e-04
0.0735
0
0
0.0021
0.0776
0
0
0
0
0
1.8702
0.026
1.2372
0.0413
1e-04
0.0223
0
1.0227
0
0
1.2828
0.4833
6e-04
2.082
0
0.0015
3.4179
26.566
51.5072
3e-04
0
0.0414
0.0256
0
0
4e-04
0
0.1504
2.9573
10.714
0
0
5.7803
2.9193
0
0
0.855
5.1402
12.364
0
1e-04
0.0041
0
2.145
0.3884
0
1.269
0.0089
2.7925
0.5469
0.5469
0
1.7596
1.7999
1.2891
0
0
0
0.3701
8.5437
16.8359
0
1.4267
16.0749
0
0
0
7.9019
0
0
0
0
0
0
0.2542
0.6389
5.9571
0
25.4842
3.2
1e-04
0.2854
0
1.0608
0.7133
4.9098
0
0
3.999
0
0
0
0
0
1.39
0
0.5516
0.0187
17.2148
0
0
0
0
0
0
4.1128
1e-04
0.3189
0.1404
0
0
1.1211
1e-04
2.0773
3.1549
0.292
0
0
0
0
32.2187
3.3407
0.2802
0
14.6276
7.8779
0.0036
0
3.6121
0.018
0
3.7536
8.7723
0
0
0
0
0
0
0.0192
0
0
6.9373
1e-04
0
6.2072
9.6638
15.5734
0.0045
0
0.9701
0.1406
0
0
8.172
0
0.6591
9.4047
2e-04
10.2675
5.1736
4.7792
20.3156
0.0032
0.9373
0.0966
0
0.0678
1.5452
2.2084
0
0
0
0
3.4595
11.3531
2e-04
0
0
0
1.1054
0.5475
17.0119
0.7323
0
0
10.8474
0
0.1879
3.8438
0.0469
0.0118
0
0
0.0228
0.0013
5.9885
13.9754
14.1342
0.2646
0
11.7831
13.6784
6.8579
0.0515
0
0
19.0209
0
0.4946
6e-04
0
0
0
0
0
15.6917
4.4496
0.0583
0
0
0.1441
0
3e-04
0
0.0084
0
0.2249
0
0
0
14.3115
0
0
1.1118
2.6211
1.9963
0
4.0394
0.4928
0.0047
7.7291
0
0
0.0684
1.4599
0
0
0
0
32.929
1.2196
0.4115
0
0
0
0.0837
0
1.766
2.4142
0
0.0228
0
0
0
0
0
0
0
0
0.0013
2.2553
8.4533
1.1975
0
0.2234
45.8582
0.2687
0
0
49.1178
18.4988
0
0.9087
0.0015
1.4512
5.4742
0
0
0
0
7.5289
1.5947
0
0
0
0
0
0
0
5.309
0
0.2553
12.3509
1.5921
1e-04
2.6555
8.6242
2e-04
0.0024
0
0
0
1.4723
3.8496
5.4773
4.2314
0.0391
0.2211
0
2.2186
0.5214
1.5973
0
0
0
0
0
1.8641
0
0
9.1953
4.1397
5e-04
0
1.9732
0.5458
4.979
2.5975
0
0
0
0.9996
0.0019
0
0
0
0.7219
6.1261
0
0
0
0
1.3151
2.1562
14.3576
0
0
0.0201
0.2989
2e-04
0
1.8458
0
0
0
0.0341
7.1825
0
0
1.4858
0.0099
0
0
0
0
0
6.4454
2e-04
0
0
0
0
0
1.0733
7.0734
1.209
0
0.096
2.741
0
0
0
0
0
19.3485
7.478
0
3.3475
0.0251
0
1.4717
0
0.036
11.7895
0.3944
0
0
0
8e-04
0.226
0.0092
2.7947
11.5333
0
0
0
4.6234
2.991
0
0
0.6726
4.1143
0
14.8308
6.6798
0
8.1242
0.4593
0
0
0
0.1244
0
0.922
0.9542
0
1.0822
0
0
0
1.1254
0.0092
0.0029
7.6765
0.0024
0
0
0
1.4393
0
0
6.3305
0
4.1147
9e-04
0
0
0
0
8e-04
1.2615
0.3264
0
1.617
8.8959
0
0
0
0
0
0.0021
0
0
0.1005
0.1006
1.4988
13.6351
0.1965
0.006
0
0
1.0187
0
10.1407
4.0339
0.5927
0
0.3504
6.9212
2.6644
25.0115
5.8184
0.96
0
8.1268
0.0011
0
0.3713
4e-04
0
1.6255
8.8906
0.0062
0.0108
0
0
1.7894
3e-04
0
0
0
13.4776
2e-04
0
0
5.1824
1.8752
0.2778
0
0
2.4744
1.2084
2.7505
0.1846
0
0
7.5794
1.2426
0.0525
0.0028
0
0
0
0
0
0
0
8.001
19.2248
1.5691
0.5518
1.7934
69.2506
0
0
0
0
0.6197
0
0.4555
7.6962
12.1821
1.4557
13.171
3.9647
1.4985
7.0254
12.1804
19.9985
0.3115
8.4926
5.7749
0.3085
0.0466
1.6118
0.2585
0
3.9933
2e-04
31.3213
95.2554
13.8217
0.0361
4.5428
0
0
0
0
0
15.1208
0.38
48.7033
0.0016
0
9.4055
0.0615
13.5003
1.5599
0.0055
7.3526
1.1266
2.2238
0
0
0
0
0
0
0.2816
4e-04
0
3.8461
0.5051
0
0
0.0014
17.7154
4.4475
0
0
0
0
0.2194
7.7161
0.0988
0.0234
0
0
0.8034
1.8306
7.153
9.8138
16.2853
3.509
0
0
1.295
4.4163
0
0
0
0
0.1306
2.4778
0.3174
0
0.4444
0.383
50.145
44.3615
0.0101
0
6e-04
1.0803
0.3959
7.2234
6.103
0.0012
0
0
0
0
0
21.5801
0.001
0
0
0
0
0
0
0
0
2.6168
1.3886
0
0
5.4952
2.5527
0
0
0
0
1.3102
0
0
0
0
0
0.1602
3.1144
0
0
0
0
0
0
0
2.7965
2.9174
0
0
42.7737
1.9214
0
0.1847
2.8996
0
0
0
0
6.0651
0
0
0
16.5456
7e-04
0.7592
0
0
0
0
0
8.7742
2.5983
0
1.0386
0.1244
0
0
0
0
14.6892
1.8373
0
0
1.1478
0.7112
0.678
0
0
0
0
0
0
0
0
0
3.1184
2.9705
0.206
0
0.0116
0
0
0
5.8169
1.5896
3.1893
7.8699
0
2.6724
21.0279
24.8863
6.4345
0
0
0
0
0
0
0
0
0
7.6278
0.2445
9.0811
0
5.979
1.9827
1.9803
4.1681
1.3704
0.0392
0
0
0.8251
0
0
0
0
0
0
0
0
0.1633
0
0
0.277
1.7625
9.0438
0
0
0
0
0.4657
1.2018
1.1753
0.0054
0.0208
0.0015
0.0045
0.0053
1.4961
0.0099
0
0
0
0
0
0
34.844
3.2791
0.0021
0
0
0.6142
8.0093
1.3565
2.2309
3.2624
0.7001
2e-04
0
0
0.0015
22.4491
1.4845
0
7.9422
7.7629
4.2451
0.0278
0
0
0
0
0
0
0
20.8783
2.4834
0
0
13.3081
0
0
21.3419
2.4895
2.152
1.0402
0
0
9.6203
19.0576
0.7107
13.4227
0.5437
4.0023
0.0056
0
0
0
0
0
0
0
0
4.2994
2.0997
0
0
0
14.0538
0
7.3411
0.0939
6.7153
10.8087
21.5293
0
0.3496
1.6486
0
0.2021
1e-04
0.4812
5.105
0.0021
15.8801
9.6598
1.1468
0
0
1.8002
0.0013
0
0
2.7644
0
0
0
0
0
0
0.0605
0.0903
0.0033
0
1e-04
0.4328
0
2.6115
19.7817
2e-04
0.671
0
0
0
0
0
0
0.0028
2.7623
4.1424
0.2646
0
0.1645
0
0.0266
0
12.8984
2.2304
0
4e-04
4.3841
0
0
0
3.2105
0
0
0
2e-04
0
0.0033
1.3986
0.8645
0
0
0
0
3.4965
0.1345
0.003
0
7.2546
3.1121
0
0
0.0394
0
7.9763
0
0
0
1.4246
3.1652
1.9641
9.8259
0
0
0
0
1.7689
0.008
0
0
1e-04
5.7217
5.4324
1.1823
54.1731
22.4104
0.8989
6.5442
6e-04
0.8077
0.0106
10.609
0.761
2e-04
0
0.056
7.262
0.0014
21.3708
1.9076
0.0096
0.001
0.5124
0
0
0
0
0
0
0.0016
1.9747
0.0051
22.9391
1.2599
0
0
5.7899
0
0
33.3124
0.0858
0
0
0
0
0
0
0
9.2481
0
5.9692
4.2633
2.9996
6.0221
6.2199
0.45
0
0
0.0199
0
0
0
0
0
0
4.6812
0.7232
0
0.1046
2e-04
0.6406
0.0959
16.4306
16.1716
0
0
0
0
1.1686
3.6464
0
0
6.4742
0
0
0
2.876
1.2639
0
0
0
2.7665
0.0016
0
0
0
0
0
0
0
0
0
0.8422
0.0384
0
0
2.5626
2.5885
0
0
0
3.577
6.1137
0.7131
0.5616
0.2273
0
0.5606
2.7685
10.4694
0
1e-04
0
0.0076
3.2622
4.5388
0
0
0
43.3478
0.8397
0.8382
0
0
0
0
0.0022
6.7275
0
1.8317
3.1269
0
5.1215
5.2206
0
0
1e-04
9.2315
14.8468
0.4649
0
0
0
0
6.7121
1.7095
24.5442
0.0081
0.0158
0
0.001
8.2008
0
0
19.7286
0
0.46
10.0814
2.0418
0.7006
0.4455
0.0488
0
1e-04
0.0111
1.8876
1e-04
0
0
0
0
0
10.4667
1.8802
1.4802
0
0.2067
3.7682
0
0
0
0
0
0
0
0
0
0
0
4.9811
5.9187
0
0
0.3518
13.4706
1.1584
0
0
0
4e-04
6.4902
3e-04
0
0.2983
0
0
2.9635
1.4948
0
0
2.8618
0.0144
2e-04
2.0077
0
0
0.6977
3.3481
0.0026
15.8382
3.1776
0.113
0
15.9197
5.1743
0.01
0
1.3356
3.8056
0.6422
14.6621
12.4117
0
0
0
2.9101
0
0
0
0.7744
3e-04
0
0
8.9866
13.6921
4.9969
0
0
0
0
0
0.0606
0.8038
4.051
13.1279
17.5127
2.8152
0.1351
28.241
37.1299
1.9921
0.3661
0
0
0
8.1826
0
5e-04
1e-04
0
0
0
0.2553
9.8027
0.7981
6.9632
0.1016
0
0.5571
4.9232
0.0075
6.7689
0.6775
0.7154
0.0304
1.0162
0.0012
0
0
0.3731
3e-04
0.1379
1.5623
0
0.1802
0.2658
0
0
1.6393
3.1922
0.141
0.3475
3.3179
1.7618
0.4212
0
0.3025
10.6967
13.6169
0
0
0.1276
0.9986
0
1.7274
53.9773
12.1034
0.0163
0.9697
0
0
0.0024
1.0815
0
0
46.0391
3.6454
28.3336
21.6045
0
0.2206
1.846
0.5389
0
0
0.0041
0
6.0714
5.3612
0.0626
0
0
0.4428
3.4457
0.0077
0
0
0
22.1091
0.8598
3.6812
1.1904
2.4929
0.0026
0.0151
0
0
6.7819
2.549
0
0
0
0
2.7293
0
5.7885
0
3.6001
3.0043
0.001
3e-04
0
0
0
0.1568
7.8453
0.0196
0
0
0.0336
0.2583
0.0036
3.2559
0.74
2.3565
0.163
0
0
0
0
0.9214
3.2565
0.3735
0
0.001
0.7957
9.9886
0.0512
0
0
0
0
0
0
0
0
0.0071
0
0
0
0
0.1331
1.536
1.8903
0.6122
44.937
1.9683
1e-04
11.2418
1.2728
0
0.0038
0.334
0.0053
0
0
0
0
0
0
5.4211
6.1391
0.6852
0
8e-04
14.4617
0
2.0483
2e-04
0
14.6197
7.5479
0
59.546
2.6915
0
0
0
0
0
1.3535
3.7971
0
4.4033
0
0
45.9742
3.4673
0
0
0.7263
0.1445
0
0.001
0
0
0
0
2.1028
0
0
0
0
0.1706
0
0
0
0
8e-04
0
1.9671
3.0412
7.4003
0
1e-04
1e-04
0
0
0
0
0.3238
1.2389
3.8221
0.9846
0
0
0
0.2445
0.2568
0
0
0
0
0.2201
0
0
0
4.6199
0
0.3569
3.4297
17.8852
0.2928
0.0296
0.6942
0
0
0
0
0.0014
0
5.1715
9.9936
2e-04
0
0
0.2954
0
0.8132
0
0.3931
0
0
0.0029
3.4235
2.3059
3.1927
1.1409
0
3.763
0.1033
0.6748
0
0
0.0998
2.5853
8.9289
0
0.2714
13.984
8.5681
9.1857
4.6948
2.9525
3.6819
7.1817
0.0016
0
0.1699
46.4892
4.0029
0
1.1744
0
0.0922
1.1329
0.104
0
0
0
0
2.9265
0.1596
0
0
0
0
0
0.0105
0.0994
0
0
0
0
0
13.3939
1.4815
17.4644
6.2132
0.4766
0.1985
0.011
14.4303
3.6363
0
0.6337
10.532
0
0
0.0052
0
1.1106
0.1876
14.6154
29.0422
0.8823
0.0543
0.4568
2.4429
0
0
0
0
2.8374
3.9214
0
0.0366
9.9166
0
0
0
0.1893
19.9852
1.4607
0
3.0816
1e-04
0.2111
0.4792
2.0253
1.1045
0.357
9.7955
12.5158
3.1792
0
0
0.0111
0.6604
0.0308
1.7902
10.547
0
0
0
9.4521
0
0
0
0.6899
1.3028
18.2392
2.1065
0.0517
0
0.002
0
0
0.1582
2.5329
28.9579
8.0946
0.3228
30.4364
1.7858
0
0.0366
0
0.7957
9.3552
1.8087
0
2.2543
17.8914
0.0122
0
0
25.3548
0.4921
0.4376
0
0
0.3136
12.5152
0.0388
0.7556
0.0171
0
0
0
4.5134
0
0
0
0
0.0033
0.0083
0.0037
0
0
0.9608
9.4794
1.1424
0.5315
0.0609
0
4.4824
3e-04
0
0
5e-04
1.1193
2.6963
0
0
0
0
0.5873
24.1993
0.9116
0.0128
0.0939
0
0.2987
0
0
0
9.0739
18.4118
5.1141
0.1159
0
34.8693
0.2358
0.1473
0.2051
9.3516
11.5034
0
0
1.6038
0
0
6e-04
0
0.7122
1.0352
5e-04
4.5615
0.0012
4.6706
16.0247
3.4365
0.0012
0
0
0
0
0
0
0.0898
2.333
0
0.8211
0
0
5.7913
24.4719
7.4127
0
0
0
0
0
0
0
2.6346
0.9988
2.6876
1.1532
0.1231
0.0012
8e-04
5.4327
0.2127
1.1046
0
2e-04
0
0
0
8e-04
2.5545
2.8588
0
0
0
0
0.1558
8.4954
19.2238
6e-04
0
2.0278
28.4585
17.2215
14.5896
0
5.3219
4.7881
0
0
3.724
1.6843
0.0567
0.0271
0.1839
0
8.0298
0.17
0.5783
9.0276
0.0694
0.0198
0
0
0
11.2683
1e-04
17.9691
0.7568
0
0.2027
2.6934
7.6923
3.9738
1.6493
0.0026
0.0019
0.0045
0
0
0
0
0
0
0
0.6458
0.3682
4.2871
0
0
0
1.2943
14.7403
13.4264
0
0
0
0
2.1951
2.3897
0
0
14.7229
3.8224
0.9805
0
0
0
0
0.295
5.2733
0.1831
0
0
1.3084
0.7596
0
0.4841
0
0.7681
0.8768
3.5297
3.0367
0
0
20.5469
2.0851
0.8337
4e-04
24.6846
0.1889
0.1345
0.1959
0.3874
1.025
0
0
5.3429
1.8692
14.709
5.8749
3e-04
0
3.6069
0.6529
24.4465
0.3926
0
2e-04
0
0.0567
0.3656
0.0016
9.2651
9e-04
0
0
6.2668
0
0
0
0
0
0
0.2637
0
0
5e-04
0
0
3.7166
15.5128
0
0
0
8.0986
0.8843
7.5859
0
0.2567
0
0.1993
16.9788
0
0
0
0.0213
0
0
2.2524
9.4475
18.8804
10.5618
0.0266
0
0
0.0688
0.4104
0
1.3454
1.7276
0
0
0.5342
1.8594
0
10.5051
0.1891
0.0055
0
2.1823
13.2419
30.1596
0
0
0
0
0.9608
72.3878
1.1993
15.0969
10.2221
2.5127
6.32
9.7326
5.6693
0.1725
0
0
0
0
6.528
6.5631
0.015
5.7763
4.2837
0
0
0
0.981
0.6935
9.1098
0.3876
0.4216
1.2367
6.9098
0.6556
5.8755
2.7833
0.399
12.3299
2.5109
5.0568
2.0947
12.6274
19.366
1.374
0
27.1826
0.008
0.1972
0
1e-04
6.4237
0
0
10.0944
6.3457
14.2747
6.2777
9e-04
0.0224
0
15.716
0.1709
0
0
0.1045
0.0049
0
0.0018
2e-04
1e-04
0.0025
0
3.7704
0.785
7.3982
3.2318
6.2315
0.0203
0
0
0
1.1081
0
0
0.013
0.4815
4.0296
4.8679
3.2986
0
0.0195
8e-04
25.8824
0
0.4416
0
0
0
0
0.007
1.1097
0.102
0
0
0
0.4457
0.0013
40.7962
1.4534
4e-04
0
0
0
1.0141
7.4511
0.002
2.5533
1.0748
8.5061
8.3891
18.5551
17.0821
2.5481
32.0913
0
0
0
3.6172
41.8418
0
0
1.8664
0.6541
3.1916
0.0039
0.4319
0
0
0
0
0
0
0
0.2819
13.5335
6.7691
1.7903
0
0.9358
0
0
0
0
0.1631
0
7.3935
0
0.0492
2.068
1.3396
3.9077
1.033
34.3982
0.2137
3.2088
0.1481
0
0
1.0156
0.6785
0
0
0
1.8515
0.8195
0
2.1398
0
5.1397
0.466
0
0.2031
0
1.3795
2.2845
0
0
0
16.4103
7.1058
0.2376
0
23.9567
21.2577
0.0012
0.6962
0
0.4062
0.1802
0
0.0446
0
0
4e-04
29.3584
8.6728
0
2.9884
0
0
0
0.0106
0
0.1449
0.235
0.9741
0.4938
0.997
0.8843
0.1672
9.2954
0
0
0
6.1369
1.9508
0.593
0
0
0
4.2382
0
6.6515
0.0012
1.5753
0
1e-04
2.9816
0
0.3907
0.2508
0.0419
0.1967
0
0
0
0
4.1641
1.5657
0
0
0
4.8781
4.7087
0.2001
4.9368
0
0.1218
31.6947
0.0016
0
0
4.1373
0
4.4337
13.0508
5.2751
2.9932
0
4.2418
0.0038
0
35.9395
0
0.002
2.6651
0
0
9.385
17.0002
0.0207
0.3544
0
0.8398
0
0
0.2281
0.8687
0
2.3288
0.8948
14.607
0.387
0.2472
0.8694
6.0245
0.0804
0.0011
4.6161
0
0
0
1e-04
7.3899
0
0
0
0
0
0.1837
5.8719
9.7648
2.6768
0
0
0
10.2773
0.418
0.1123
0
0.6348
0
0
1e-04
4.6559
0.2071
0
2.9797
0.0221
0.0397
0.1264
0.294
13.5474
9.9958
8.2711
0
0.0402
4.1167
0
6.3814
0.8397
1.8919
30.8871
23.3748
3.6395
0.44
0.1155
1e-04
0
0
3e-04
0.0149
2.2215
15.3228
3.6863
0.0431
0
0.3286
3.4981
0
0.8363
0.1472
4.9132
0.0054
0
0
0.7851
0.7579
0.2648
1.0556
0
5.7988
0
0.3604
1.1524
0.6176
1.7888
1.0308
0
0
0.0344
0.0792
0
0.16
0
7.596
1.352
0
0
17.3885
6.0765
1e-04
0.2852
8.8812
15.8518
0.0188
2.1033
1.6404
0
0.0088
1.4638
1.8291
0.0231
1.4837
10.9975
0
0
0
0.0113
0.3934
0.1299
1.0509
0
0
0
0
13.3113
0.0344
0
13.0088
0
0
0
0
0
0.5145
0.0115
0.0012
1.4009
16.8933
0
0
0.0338
1.1365
43.3399
0
0
0
0
0
1.0045
0
0
0
5.7267
3.0281
14.4928
3.2527
1.7167
1.0106
0
0
0.4175
0
0
11.3977
0.0974
9e-04
2.8068
0.0886
0
0
0
9.5378
0.071
0
0.0199
0
21.0907
3.5872
0.0323
1.6372
0.0442
0
0
0
0
0
0
0
0
0.0016
1.2779
1.1885
0
0
0
0
0
0
1.0402
0
0.0108
0.1237
0
19.471
18.7439
0.0267
0
0
10.7986
0
0
0
0
29.062
5.8523
0
0
0.0056
0
4.2466
0
0
0
0
0
0
0
0
0
0
0
0
0
0
4.3741
0.8715
0.9471
0.3667
0.0725
0
4.1739
0.5093
0.1281
0.0059
0
0
0
1e-04
0
2.8954
6e-04
2.4287
0
0
0.0326
16.8171
11.3117
12.227
25.4044
7.4408
0.9465
1e-04
0.5768
2.7751
3.8118
7.6862
0.2085
0
0.2327
0
0.2135
0
0
0
0
0
0
0
4.297
0
0.2071
0
8.413
0
0.0204
0
0
0
0
16.2886
0.2063
0.7155
5.4141
6.5321
2e-04
0.2075
0
10.3086
9.8711
0.0204
0.0072
1e-04
0
0
0.4168
0
0
0.0935
0.111
7.487
0.0056
0
0
1.0565
3.2318
0.7904
0.5391
0.3807
0.5819
1.4422
0.8865
1.0954
1.144
0
0
0.9289
0
8.9736
2.7089
