1980 1 1
0.878
0.922
0.886
0.785
0.852
0.896
0.843
0.738
0.785
0.852
0.942
0.593
0.763
0.841
0.903
0.95
0.925
0.881
0.844
0.789
0.73
0.812
0.818
0.819
0.941
0.848
0.855
0.845
0.824
0.733
0.771
0.738
0.533
0.621
0.617
0.629
0.798
0.836
0.81
0.892
0.779
0.842
0.728
0.685
0.766
0.839
0.867
0.599
0.769
0.855
0.884
0.941
0.963
0.92
0.81
0.808
0.76
0.839
0.788
0.731
0.642
0.614
0.669
0.756
0.926
0.649
0.791
0.956
0.881
0.851
0.549
0.525
0.877
0.84
0.819
0.842
0.929
0.786
0.668
0.838
0.928
0.692
0.736
0.934
0.818
0.758
0.739
0.825
0.933
0.876
0.92
0.885
0.887
0.858
0.944
0.721
0.65
0.728
0.819
0.826
0.865
0.782
0.851
0.679
0.901
0.847
0.715
0.61
0.648
0.657
0.645
0.595
0.539
0.673
0.708
0.778
0.672
0.717
0.887
0.77
0.721
0.687
0.652
0.577
0.51
0.547
0.575
0.603
0.645
0.692
0.624
0.719
0.844
0.785
0.774
0.687
0.658
0.953
0.844
0.744
0.701
0.663
0.6
0.608
0.752
0.684
0.633
0.551
0.519
0.633
0.757
0.74
0.876
0.829
0.798
0.742
0.677
0.76
0.75
0.793
0.713
0.657
0.617
0.606
0.621
0.748
0.776
0.773
0.699
0.676
0.711
0.739
0.69
0.629
0.647
0.729
0.709
0.696
0.734
0.771
0.725
0.742
0.708
0.734
0.75
0.826
0.86
0.759
0.723
0.802
0.79
0.778
0.73
0.772
0.782
0.719
0.786
0.795
0.766
0.749
0.74
0.738
0.771
0.828
0.802
0.745
0.748
0.746
0.786
0.914
0.834
0.753
0.806
0.824
0.847
0.847
0.778
0.846
0.812
0.81
0.842
0.8
0.868
0.855
0.838
0.838
0.847
0.846
0.82
0.915
0.916
0.833
0.856
0.868
0.816
0.751
0.744
0.761
0.742
0.76
0.778
0.781
0.801
0.848
0.853
0.832
0.772
0.825
0.794
0.73
0.703
0.744
0.801
0.793
0.779
0.792
0.843
0.839
0.858
0.897
0.921
0.741
0.766
0.791
0.814
0.844
0.789
0.675
0.74
0.739
0.67
0.718
0.718
0.65
0.766
0.764
0.748
0.76
0.701
0.641
0.714
0.664
0.742
0.735
0.778
0.785
0.707
0.676
0.667
0.737
0.87
0.767
0.751
0.71
0.649
0.676
0.694
0.804
0.844
0.726
0.642
0.745
0.6
0.61
0.639
0.669
0.587
0.599
0.705
0.66
0.577
0.695
0.789
0.694
0.636
0.644
0.659
0.543
0.69
0.795
0.729
0.775
0.769
0.712
0.755
0.744
0.675
0.795
0.93
0.698
0.655
0.903
0.952
0.922
0.866
0.876
0.884
0.637
0.714
0.86
0.886
0.954
0.971
0.887
0.842
0.686
0.895
0.853
0.66
0.731
0.83
0.729
0.81
0.708
0.706
0.815
0.859
0.909
0.925
0.769
0.912
0.871
0.882
0.939
0.991
0.995
0.98
0.874
0.867
0.74
0.908
0.977
0.893
0.81
0.862
0.84
0.821
0.855
0.93
0.914
0.943
0.932
0.889
0.979
1.04
0.999
0.992
1.009
1.008
1.002
0.98
0.921
0.919
0.883
0.773
0.639
0.81
0.948
0.931
0.743
0.784
0.836
0.925
0.93
0.891
0.849
0.938
1.032
0.788
0.916
0.866
0.889
0.942
0.962
0.977
0.929
0.899
0.834
0.892
0.875
0.825
0.756
0.716
0.759
0.805
0.798
0.714
0.502
0.799
0.882
0.737
0.683
0.799
0.776
0.721
0.687
0.648
0.691
0.494
0.614
0.72
0.633
0.534
0.646
0.865
0.843
0.677
0.738
0.597
0.601
0.646
0.748
0.63
0.713
0.78
0.672
0.558
0.587
0.513
0.787
0.775
0.535
0.53
0.615
0.696
0.783
0.815
0.876
0.917
0.841
0.615
0.619
0.774
0.708
0.696
0.769
0.61
0.841
0.812
0.805
0.699
0.676
0.687
0.734
0.82
0.731
0.693
0.606
0.593
0.6
0.776
0.818
0.671
0.601
0.759
0.922
0.919
0.724
0.629
0.828
0.936
0.718
0.658
0.625
0.616
0.519
0.483
0.559
0.613
0.653
0.705
0.727
0.79
0.847
0.741
0.771
0.675
0.611
0.78
0.757
0.774
0.732
0.691
0.604
0.729
0.787
0.83
0.686
0.807
0.906
0.833
0.796
0.794
0.739
0.665
0.719
0.728
0.777
0.799
0.745
0.804
0.775
0.672
0.603
0.642
0.737
0.77
0.784
0.808
0.787
0.806
0.81
0.731
0.685
0.783
0.812
0.687
0.598
0.667
0.804
0.723
0.774
0.766
0.735
0.688
0.796
0.912
0.866
0.791
0.688
0.769
0.75
0.793
0.899
0.897
0.832
0.688
0.687
0.773
0.759
0.796
0.805
0.8
0.796
0.811
0.849
0.846
0.843
0.832
0.832
0.836
0.856
0.88
0.823
0.773
0.69
0.734
0.758
0.72
0.701
0.696
0.769
0.774
0.753
0.823
0.832
0.818
0.853
0.828
0.831
0.839
0.936
0.938
0.891
0.831
0.789
0.813
0.75
0.803
0.852
0.807
0.805
0.809
0.85
0.853
0.897
0.858
0.793
0.777
0.843
0.865
0.765
0.672
0.691
0.756
0.763
0.702
0.799
0.9
0.85
0.77
0.712
0.742
0.775
0.811
0.724
0.697
0.699
0.773
0.763
0.748
0.742
0.653
0.783
0.752
0.626
0.833
0.728
0.655
0.808
0.945
0.838
0.67
0.636
0.889
0.976
0.855
0.848
0.85
0.797
0.76
0.798
0.809
0.703
0.749
0.787
0.706
0.762
0.703
0.669
0.763
0.766
0.767
0.743
0.705
0.704
0.765
0.834
0.802
0.899
0.797
0.771
0.906
0.893
0.839
0.861
0.86
0.806
0.787
0.721
0.891
0.856
0.758
0.864
0.816
0.796
0.846
0.881
0.54
0.625
0.802
0.794
0.823
0.879
0.878
0.816
0.923
0.83
0.867
0.87
0.939
0.989
0.977
0.942
0.965
0.96
0.966
0.978
0.958
0.949
0.865
0.956
0.915
0.953
0.95
0.882
0.918
0.885
0.87
0.855
0.762
0.826
0.856
0.911
0.913
0.878
0.937
0.769
0.874
0.905
0.923
0.908
0.93
0.971
0.765
0.887
0.904
0.913
0.886
0.883
0.947
0.964
0.901
0.986
0.955
0.89
0.93
0.881
1.012
0.951
0.899
0.929
0.887
0.95
0.907
0.942
0.95
1.004
0.963
0.967
0.972
0.994
0.998
0.891
0.888
0.916
0.83
0.796
0.826
0.9
0.883
0.908
0.841
1.027
0.924
0.929
0.92
0.808
0.815
0.865
0.963
0.936
0.807
0.657
0.783
0.91
0.864
0.8
0.846
0.906
0.877
0.788
0.723
0.728
0.814
0.805
0.67
0.702
0.669
0.805
0.793
0.673
0.641
0.815
0.795
0.872
0.859
0.778
0.809
0.861
0.871
0.831
0.803
0.776
0.74
0.704
0.769
0.818
0.625
0.555
0.83
0.617
0.507
0.541
0.569
0.526
0.672
0.698
0.624
0.572
0.617
0.633
0.544
0.565
0.505
0.576
0.597
0.791
0.747
0.633
0.63
0.648
0.631
0.588
0.679
0.666
0.648
0.629
0.651
0.684
0.728
0.872
0.87
0.826
0.78
0.785
0.813
0.854
0.782
0.807
0.799
0.79
0.831
0.705
0.774
0.833
0.878
0.813
0.753
0.736
0.774
0.77
0.656
0.656
0.705
0.634
0.8
0.912
0.786
0.711
0.841
0.784
0.763
0.736
0.724
0.617
0.676
0.735
0.773
0.754
0.795
0.741
0.696
0.703
0.925
0.837
0.785
0.793
0.782
0.755
0.723
0.756
0.806
0.776
0.71
0.714
0.717
0.738
0.794
0.817
0.811
0.749
0.712
0.744
0.771
0.717
0.697
0.767
0.791
0.787
0.709
0.67
0.754
0.766
0.803
0.771
0.8
0.778
0.848
0.829
0.825
0.807
0.783
0.758
0.654
0.646
0.692
0.722
0.716
0.747
0.734
0.719
0.837
0.727
0.73
0.83
0.762
0.768
0.722
0.766
0.725
0.671
0.735
0.801
0.813
0.765
0.707
0.65
0.59
0.778
0.807
0.695
0.615
0.626
0.698
0.639
0.674
0.741
0.755
0.694
0.67
0.715
0.569
0.618
0.665
0.848
0.783
0.76
0.776
0.743
0.901
0.794
0.739
0.697
0.651
0.671
0.66
0.643
0.694
0.656
0.682
0.618
0.713
0.745
0.631
0.649
0.564
0.628
0.616
0.581
0.552
0.482
0.49
0.682
0.609
0.598
0.578
0.606
0.625
0.53
0.448
0.489
0.511
0.613
0.862
0.885
0.804
0.831
0.656
0.619
0.757
0.721
0.672
0.831
0.759
0.852
0.839
0.753
0.68
0.824
0.754
0.699
0.802
0.881
0.929
0.905
0.805
0.961
0.821
0.739
0.874
0.866
0.958
0.961
0.891
0.856
0.831
0.822
0.854
0.913
0.764
0.765
0.78
0.675
0.845
0.882
0.821
0.874
0.884
0.957
0.945
0.833
0.787
0.946
0.897
0.875
0.899
0.92
0.905
0.845
0.855
0.955
0.928
0.678
0.541
0.76
0.851
0.874
0.719
0.654
0.751
0.812
0.846
0.76
0.791
0.915
0.882
0.811
0.88
0.897
0.938
0.929
0.884
0.85
0.862
0.946
0.901
0.939
1.003
0.984
0.933
0.881
0.852
0.913
0.971
0.995
0.963
0.953
1.01
0.983
0.847
0.873
0.878
0.932
0.859
0.897
0.873
0.897
0.894
0.859
0.879
0.927
0.905
0.877
0.817
0.782
0.724
0.701
0.789
0.807
0.784
0.825
0.768
0.764
0.645
0.607
0.583
0.695
0.784
0.784
0.876
0.827
0.737
0.842
0.777
0.828
0.731
0.702
0.77
0.732
0.732
0.782
0.895
0.947
0.8
0.928
0.823
0.834
0.748
0.768
0.8
0.904
0.907
0.762
0.601
0.679
0.757
0.918
0.853
0.825
0.784
0.876
0.859
0.794
0.917
0.85
0.846
0.77
0.906
0.867
0.792
0.75
0.791
0.707
0.695
0.663
0.671
0.641
0.627
0.696
0.636
0.614
0.646
0.792
0.842
0.95
0.953
0.825
0.91
0.775
0.723
0.712
0.709
0.818
0.661
0.647
0.571
0.6
0.721
0.795
0.872
0.715
0.627
0.677
0.852
0.765
0.815
0.842
0.799
0.726
0.733
0.754
0.646
0.736
0.83
0.739
0.746
0.723
0.661
0.875
0.837
0.747
0.854
0.727
0.67
0.646
0.628
0.587
0.596
0.593
0.613
0.643
0.685
0.626
0.649
0.779
0.76
0.704
0.7
0.706
0.651
0.636
0.623
0.717
0.876
0.902
0.863
0.812
0.774
0.776
0.805
0.766
0.733
0.667
0.722
0.775
0.762
0.724
0.772
0.696
0.659
0.758
0.764
0.813
0.827
0.816
0.758
0.78
0.762
0.799
0.789
0.762
0.675
0.633
0.745
0.81
0.802
0.792
0.804
0.788
0.744
0.784
0.807
0.764
0.735
0.763
0.771
0.857
0.822
0.819
0.687
0.702
0.704
0.724
0.8
0.823
0.753
0.781
0.762
0.783
0.785
0.765
0.748
0.76
0.743
0.762
0.707
0.729
0.791
0.767
0.683
0.66
0.685
0.731
0.739
0.713
0.624
0.604
0.618
0.644
0.681
0.737
0.624
0.573
0.758
0.746
0.658
0.659
0.716
0.864
0.66
0.67
0.591
0.576
0.716
0.659
0.587
0.692
0.704
0.802
0.608
0.565
0.741
0.803
0.626
0.554
0.675
0.799
0.733
0.721
0.869
0.954
0.695
0.682
0.705
0.713
0.697
0.712
0.752
0.815
0.899
0.947
0.912
0.833
0.776
0.715
0.718
0.685
0.642
0.729
0.858
0.837
0.888
0.662
0.691
0.713
0.717
0.658
0.61
0.884
0.935
0.754
0.769
0.775
0.905
0.87
0.791
0.763
0.87
0.904
0.794
0.792
0.908
0.818
0.658
0.754
0.814
0.894
0.729
0.773
0.817
0.925
0.937
0.986
0.991
0.977
0.843
0.903
0.948
0.936
0.951
0.948
0.95
0.977
0.823
0.846
0.82
0.808
0.837
0.872
0.936
0.978
0.832
0.802
0.795
0.828
0.906
0.955
0.922
0.865
0.908
0.871
0.92
0.978
0.984
1.006
0.97
0.89
0.904
0.905
0.897
0.81
0.848
0.926
0.909
0.865
0.894
0.891
0.868
0.857
0.809
0.803
0.853
0.855
0.966
0.998
0.966
0.926
0.9
0.938
0.937
0.832
0.915
0.964
0.946
0.966
0.937
0.83
0.833
0.908
0.971
0.93
0.956
0.978
0.91
0.863
0.729
0.845
0.921
0.889
0.841
0.794
0.753
0.681
0.679
0.759
0.747
0.646
0.772
0.905
0.801
0.783
0.851
0.846
0.82
0.918
0.829
0.7
0.821
0.804
0.822
0.794
0.778
0.939
0.921
0.908
0.885
0.785
0.875
0.873
0.957
0.908
0.89
0.794
0.715
0.791
0.738
0.816
0.845
0.779
0.729
0.666
0.601
0.657
0.712
0.927
0.94
0.883
0.711
0.642
0.651
0.649
0.598
0.731
0.789
0.773
0.823
0.824
0.876
0.857
0.782
0.734
0.702
0.858
0.94
0.891
0.766
0.656
0.714
0.667
0.572
0.744
0.668
0.64
0.839
0.916
0.835
0.714
0.801
0.815
0.794
0.791
0.769
0.713
0.801
0.761
0.685
0.61
0.583
0.695
0.769
0.906
0.941
0.823
0.769
0.696
0.854
0.829
0.76
0.908
0.896
0.809
0.686
0.687
0.688
0.709
0.602
0.673
0.75
0.716
0.735
0.705
0.685
0.687
0.64
0.724
0.711
0.757
0.77
0.783
0.774
0.737
0.739
0.735
0.707
0.797
0.744
0.657
0.62
0.725
0.721
0.694
0.765
0.741
0.681
0.736
0.775
0.78
0.785
0.717
0.651
0.779
0.808
0.787
0.771
0.712
0.725
0.765
0.751
0.752
0.782
0.72
0.745
0.757
0.714
0.662
0.811
0.792
0.901
0.837
0.705
0.67
0.65
0.707
0.862
0.848
0.845
0.809
0.83
0.854
0.868
0.835
0.824
0.779
0.8
0.823
0.774
0.736
0.813
0.799
0.759
0.789
0.797
0.752
0.72
0.801
0.76
0.76
0.67
0.708
0.742
0.765
0.833
0.829
0.65
0.798
0.801
0.847
0.756
0.689
0.642
0.818
0.732
0.762
0.85
0.792
0.762
0.824
0.882
0.837
0.704
0.619
0.605
0.702
0.727
0.729
0.717
0.783
0.854
0.823
0.807
0.703
0.745
0.723
0.693
0.643
0.568
0.589
0.605
0.642
0.771
0.875
0.821
0.762
0.79
0.793
0.787
0.763
0.887
0.822
0.777
0.767
0.689
0.794
0.643
0.82
0.799
0.719
0.625
0.747
0.846
0.733
0.743
0.642
0.729
0.815
0.835
0.726
0.612
0.874
0.828
0.698
0.622
0.604
0.835
0.922
0.942
0.857
0.837
0.749
0.797
0.634
0.628
0.638
0.702
0.48
0.579
0.602
0.688
0.778
0.739
0.655
0.616
0.871
0.686
0.761
0.812
0.711
0.749
0.594
0.599
0.9
0.83
0.956
0.936
0.941
0.936
0.986
0.938
0.892
0.911
0.857
0.84
0.816
0.825
0.811
0.942
0.883
0.624
0.86
0.814
0.864
0.935
0.947
0.832
0.903
0.948
0.962
0.749
0.684
0.733
0.842
0.891
0.931
0.875
0.847
0.898
0.891
0.901
0.91
0.961
0.772
0.879
0.929
0.942
0.917
0.788
0.867
0.914
0.969
0.959
0.925
0.872
0.942
0.871
0.827
0.856
0.931
0.871
0.835
0.856
0.886
0.928
0.917
0.885
0.834
0.913
0.895
0.976
0.993
0.919
0.885
0.888
1.021
0.949
0.967
0.931
0.902
0.884
0.936
0.906
0.862
0.854
0.808
0.824
0.684
0.715
0.83
0.683
0.962
0.777
0.635
0.774
0.874
0.741
0.692
0.856
0.898
0.745
0.749
0.656
0.607
0.701
0.53
0.634
0.726
0.547
0.693
0.908
0.829
0.704
0.595
0.823
0.898
0.783
0.863
0.935
0.755
0.744
0.712
0.8
0.861
0.854
0.703
0.697
0.664
0.705
0.779
0.746
0.737
0.684
0.699
0.676
0.648
0.751
0.713
0.652
0.623
0.56
0.516
0.664
0.67
0.574
0.632
0.685
0.607
0.527
0.658
0.719
0.596
0.538
0.663
0.761
0.674
0.602
0.582
0.62
0.701
0.676
0.649
0.603
0.727
0.722
0.859
0.71
0.705
0.678
0.751
0.629
0.641
0.549
0.485
0.712
0.747
0.831
0.678
0.714
0.701
0.635
0.714
0.718
0.705
0.778
0.619
0.654
0.701
0.697
0.636
0.785
0.847
0.728
0.664
0.824
0.82
0.786
0.739
0.69
0.684
0.664
0.705
0.687
0.694
0.604
0.616
0.679
0.683
0.624
0.701
0.787
0.77
0.725
0.663
0.749
0.774
0.753
0.733
0.685
0.67
0.709
0.683
0.692
0.82
0.796
0.715
0.708
0.685
0.719
0.798
0.765
0.745
0.68
0.7
0.758
0.782
0.678
0.643
0.689
0.715
0.865
0.815
0.719
0.657
0.656
0.795
0.863
0.826
0.75
0.657
0.74
0.782
0.779
0.839
0.802
0.849
0.821
0.801
0.819
0.785
0.785
0.763
0.756
0.785
0.918
0.827
0.805
0.788
0.769
0.761
0.806
0.804
0.793
0.785
0.768
0.784
0.821
0.813
0.775
0.78
0.828
0.801
0.76
0.708
0.739
0.65
0.6
0.616
0.663
0.677
0.657
0.631
0.71
0.682
0.735
0.774
0.631
0.746
0.738
0.612
0.592
0.766
0.755
0.561
0.609
0.78
0.796
0.689
0.559
0.533
0.576
0.808
0.826
0.84
0.814
0.815
0.805
0.642
0.603
0.852
0.889
0.821
0.8
0.789
0.789
0.774
0.588
0.513
0.589
0.735
0.685
0.68
0.818
0.802
0.928
0.954
0.903
0.906
0.817
0.817
0.736
0.847
0.943
0.897
0.935
0.944
0.929
0.863
0.912
0.707
0.895
0.909
0.836
0.66
0.878
0.817
0.727
0.828
0.941
0.887
0.895
0.872
0.892
0.928
0.801
0.823
0.877
0.91
0.933
0.903
0.909
0.897
0.946
0.976
0.879
0.868
0.803
0.934
0.951
0.839
0.806
0.85
0.885
0.882
0.989
0.973
0.936
0.813
0.831
0.879
0.795
0.905
0.939
0.898
0.87
0.911
0.926
0.98
0.905
0.827
0.683
0.765
0.773
0.877
0.952
0.905
0.863
0.918
0.843
0.91
0.882
0.93
0.958
0.885
0.892
0.875
0.765
0.734
0.844
0.828
0.81
0.724
0.891
0.83
0.879
0.935
0.921
0.914
0.974
0.973
0.884
0.914
0.908
0.89
0.841
0.811
0.811
0.808
0.894
0.868
0.923
0.98
0.98
0.985
0.98
0.95
0.859
0.831
0.831
0.765
0.835
0.858
0.741
0.802
0.771
0.895
0.933
0.869
0.889
0.744
0.776
0.886
0.867
0.87
0.915
0.945
0.908
0.856
0.816
0.773
0.825
0.922
0.625
0.501
0.667
0.654
0.679
0.651
0.759
0.813
0.678
0.62
0.601
0.543
0.592
0.701
0.655
0.791
0.891
0.826
0.722
0.673
0.718
0.781
0.73
0.654
0.728
0.743
0.824
0.811
0.812
0.689
0.773
0.96
0.859
0.754
0.597
0.554
0.586
0.644
0.633
0.628
0.685
0.79
0.75
0.678
0.618
0.642
0.709
0.788
0.733
0.714
0.725
0.737
0.639
0.602
0.63
0.737
0.711
0.769
0.766
0.754
0.848
0.845
0.871
0.841
0.773
0.718
0.74
0.738
0.805
0.772
0.689
0.725
0.734
0.709
0.722
0.667
0.698
0.863
0.95
0.866
0.777
0.696
0.824
0.808
0.815
0.811
0.75
0.757
0.773
0.732
0.661
0.816
0.756
0.69
0.736
0.721
0.713
0.683
0.702
0.808
0.752
0.731
0.88
0.888
0.849
0.729
0.684
0.753
0.752
0.748
0.775
0.807
0.799
0.933
0.867
0.783
0.805
0.802
0.814
0.806
0.79
0.797
0.821
0.795
0.742
0.703
0.725
0.806
0.76
0.748
0.745
0.814
0.764
0.784
0.792
0.785
0.742
0.747
0.726
0.756
0.828
0.828
0.793
0.783
0.793
0.687
0.697
0.822
0.845
0.844
0.811
0.786
0.765
0.808
0.771
0.818
0.829
0.74
0.683
0.888
0.844
0.711
0.695
0.633
0.662
0.707
0.745
0.817
0.831
0.757
0.728
0.698
0.698
0.679
0.796
0.857
0.837
0.774
0.781
0.8
0.779
0.71
0.86
0.843
0.809
0.862
0.86
0.813
0.911
0.912
0.824
0.81
0.771
0.785
0.836
0.928
0.85
0.897
0.907
0.803
0.722
0.668
0.73
0.831
0.743
0.811
0.865
0.887
0.869
0.769
0.695
0.762
0.743
0.684
0.668
0.77
0.768
0.78
0.798
0.897
0.899
0.87
0.799
0.832
0.762
0.761
0.749
0.796
0.714
0.73
0.762
0.755
0.815
0.855
0.753
0.616
0.764
0.744
0.73
0.838
0.936
0.917
0.883
0.883
0.843
0.934
0.92
0.891
0.853
0.867
0.885
0.968
0.924
0.885
0.896
0.886
0.775
0.914
0.914
0.724
0.799
0.891
0.923
0.965
0.978
0.727
0.745
0.85
0.732
0.884
0.895
0.929
0.945
0.921
0.888
0.907
0.887
0.932
0.968
0.985
0.978
0.949
0.846
0.859
0.864
0.911
0.891
0.832
0.945
0.944
0.873
0.849
0.878
0.914
0.838
0.886
0.972
0.925
0.934
0.976
0.954
0.947
0.692
0.639
0.914
0.949
0.95
0.926
0.966
0.887
0.83
0.875
0.881
0.921
0.942
0.951
0.969
0.872
0.922
0.97
0.923
0.84
0.765
0.806
0.866
0.839
0.646
0.73
0.71
0.854
0.727
0.878
0.827
0.874
0.896
0.872
0.828
0.807
0.878
0.87
0.84
0.749
0.644
0.626
0.752
0.934
0.931
0.782
0.717
0.609
0.751
0.733
0.668
0.631
0.673
0.509
0.587
0.594
0.595
0.85
0.819
0.687
0.66
0.616
0.625
0.551
0.627
0.663
0.694
0.673
0.693
0.788
0.798
0.75
0.73
0.792
0.706
0.783
0.79
0.685
0.757
0.877
0.885
0.716
0.698
0.654
0.592
0.648
0.773
0.738
0.771
0.819
0.911
0.86
0.789
0.732
0.733
0.636
0.79
0.774
0.708
0.616
0.545
0.601
0.636
0.62
0.653
0.582
0.829
0.897
0.726
0.638
0.56
0.625
0.565
0.525
0.602
0.606
0.686
0.67
0.684
0.688
0.584
0.555
0.732
0.902
0.83
0.755
0.688
0.724
0.743
0.762
0.805
0.709
0.705
0.668
0.667
0.752
0.758
0.781
0.759
0.654
0.651
0.667
0.681
0.7
0.713
0.626
0.626
0.783
0.709
0.61
0.635
0.6
0.545
0.609
0.594
0.771
0.799
0.798
0.829
0.687
0.643
0.707
0.669
0.681
0.775
0.814
0.846
0.883
0.798
0.784
0.802
0.817
0.785
0.788
0.789
0.805
0.79
0.775
0.773
0.773
0.786
0.803
0.751
0.766
0.737
0.805
0.747
0.756
0.728
0.768
0.799
0.777
0.753
0.672
0.698
0.79
0.775
0.83
0.828
0.754
0.761
0.766
0.71
0.713
0.871
0.865
0.837
0.786
0.823
0.812
0.792
0.744
0.758
0.756
0.696
0.671
0.63
0.75
0.809
0.732
0.683
0.811
0.965
0.946
0.958
0.821
0.766
0.794
0.749
0.749
0.779
0.742
0.748
0.765
0.755
0.779
0.744
0.709
0.79
0.766
0.751
0.744
0.867
0.869
0.794
0.886
0.8
0.658
0.736
0.762
0.784
0.716
0.678
0.609
0.531
0.565
0.679
0.709
0.662
0.648
0.704
0.626
0.542
0.772
0.821
0.684
0.678
0.695
0.799
0.696
0.565
0.567
0.5
0.468
0.593
0.668
0.634
0.776
0.71
0.689
0.579
0.825
0.768
0.594
0.731
0.674
0.641
0.642
0.742
0.86
0.79
0.601
0.658
0.693
0.513
0.471
0.547
0.779
0.657
0.688
0.695
0.695
0.718
0.718
0.572
0.699
0.704
0.599
0.583
0.5
0.583
0.702
0.81
0.958
0.841
0.907
0.913
0.886
0.83
0.892
0.898
0.936
0.899
0.868
0.85
0.884
0.851
0.823
0.877
0.879
0.865
0.685
0.706
0.887
0.879
0.833
0.857
0.935
0.923
0.778
0.695
0.936
0.932
0.901
0.706
0.653
0.919
0.885
0.858
0.912
0.737
0.561
0.522
0.725
0.67
0.742
0.791
0.876
0.868
0.848
0.909
0.829
0.814
0.674
0.853
0.803
0.818
0.941
0.878
0.955
0.847
0.812
0.903
0.896
0.917
0.883
0.862
0.918
0.921
0.914
0.919
0.96
0.934
0.908
0.878
0.821
0.743
0.911
0.818
0.902
0.861
0.901
0.891
0.852
1.088
0.937
0.845
0.85
0.815
0.905
0.942
0.661
0.76
0.818
0.537
0.604
0.776
0.758
0.758
0.778
0.742
0.786
0.768
0.644
0.744
0.823
0.844
0.861
0.786
0.728
0.604
0.842
0.825
0.648
0.823
0.846
0.683
0.795
0.712
0.816
0.786
0.681
0.787
0.869
0.802
0.737
0.711
0.722
0.705
0.746
0.669
0.782
0.914
0.864
0.76
0.677
0.804
0.843
0.73
0.678
0.577
0.576
0.67
0.625
0.653
0.615
0.689
0.63
0.71
0.554
0.544
0.718
0.56
0.615
0.69
0.556
0.506
0.661
0.736
0.644
0.647
0.496
0.502
0.638
0.64
0.595
0.543
0.487
0.509
0.616
0.634
0.631
0.536
0.604
0.62
0.602
0.593
0.653
0.681
0.791
0.808
0.66
0.637
0.676
0.638
0.647
0.554
0.512
0.521
0.494
0.498
0.482
0.514
0.678
0.638
0.576
0.523
0.599
0.533
0.573
0.611
0.543
0.478
0.475
0.482
0.504
0.502
0.581
0.595
0.545
0.478
0.512
0.567
0.534
0.583
0.471
0.463
0.597
0.509
0.498
0.587
0.513
0.483
0.434
0.35
0.327
0.335
0.3
0.27
0.317
0.317
0.409
0.608
0.464
0.457
0.529
0.381
0.431
0.643
0.649
0.729
0.776
0.823
0.687
0.721
0.629
0.641
0.694
0.629
0.576
0.574
0.733
0.764
0.658
0.678
0.6
0.625
0.698
0.726
0.562
0.52
0.558
0.678
0.742
0.686
0.63
0.684
0.704
0.596
0.543
0.75
0.827
0.762
0.645
0.756
0.866
0.763
0.654
0.667
0.618
0.808
0.67
0.637
0.61
0.584
0.684
0.801
0.821
0.829
0.685
0.623
0.629
0.667
0.553
0.543
0.829
0.776
0.65
0.667
0.682
0.732
0.743
0.822
0.737
0.714
0.75
0.722
0.612
0.591
0.576
0.578
0.677
0.732
0.654
0.643
0.846
0.714
0.59
0.638
0.531
0.52
0.531
0.686
0.69
0.66
0.598
0.544
0.524
0.538
0.701
0.833
0.832
0.752
0.707
0.784
0.851
0.868
0.823
0.707
0.699
0.608
0.606
0.566
0.627
0.582
0.635
0.751
0.645
0.937
0.981
0.844
0.82
0.82
0.842
0.87
0.732
0.701
0.774
0.813
0.757
0.785
0.634
0.694
0.819
0.971
0.796
0.646
0.689
0.745
0.729
0.81
0.836
0.707
0.732
0.741
0.773
0.857
0.888
0.753
0.725
0.799
0.835
0.646
0.609
0.778
0.676
0.647
0.908
0.88
0.764
0.49
0.818
0.785
0.924
0.849
0.927
0.8
0.848
0.821
0.884
0.737
0.945
0.935
0.808
0.931
0.957
0.982
0.961
0.972
0.843
0.907
0.981
0.993
0.855
0.523
0.761
0.834
0.928
0.757
0.768
0.929
0.886
0.721
0.889
0.894
0.847
0.534
0.642
0.732
0.791
0.933
0.961
0.749
0.781
0.919
0.882
0.864
0.835
0.741
0.854
0.743
0.826
0.851
0.814
0.816
0.728
0.844
0.882
0.829
0.916
0.894
0.863
0.771
0.665
0.769
0.855
0.902
0.973
0.867
0.669
0.682
0.785
0.911
0.82
0.821
0.546
0.568
0.832
0.91
0.884
0.641
0.532
0.611
0.662
0.629
0.707
0.765
0.646
0.763
0.851
0.58
0.644
0.893
0.572
0.82
0.772
0.607
0.641
0.796
0.796
0.749
0.788
0.783
0.798
0.809
0.751
0.76
0.784
0.842
0.79
0.751
0.723
0.682
0.675
0.637
0.648
0.696
0.686
0.694
0.604
0.705
0.675
0.7
0.822
0.662
0.513
0.67
0.613
0.608
0.56
0.713
0.796
0.692
0.753
0.784
0.7
0.688
0.723
0.719
0.595
0.761
0.706
0.69
0.724
0.752
0.736
0.655
0.849
0.869
0.779
0.713
0.661
0.592
0.522
0.694
0.773
0.666
0.56
0.74
0.7
0.789
0.758
0.681
0.627
0.755
0.789
0.779
0.759
0.76
0.804
0.749
0.742
0.739
0.656
0.606
0.726
0.797
0.696
0.854
0.862
0.801
0.777
0.757
0.697
0.749
0.803
0.795
0.815
0.736
0.698
0.696
0.704
0.699
0.693
0.733
0.753
0.698
0.678
0.769
0.781
0.769
0.767
0.769
0.732
0.682
0.735
0.781
0.773
0.769
0.752
0.715
0.676
0.638
0.65
0.664
0.788
0.862
0.842
0.822
0.811
0.774
0.755
0.793
0.819
0.817
0.766
0.866
0.845
0.765
0.721
0.833
0.855
0.832
0.805
0.776
0.753
0.772
0.762
0.74
0.73
0.781
0.75
0.809
0.806
0.77
0.782
0.807
0.883
0.824
0.83
0.849
0.818
0.807
0.765
0.766
0.828
0.852
0.779
0.731
0.844
0.79
0.719
0.732
0.794
0.795
0.833
0.841
0.825
0.873
0.814
0.778
0.879
0.965
0.862
0.941
0.814
0.712
0.78
0.764
0.773
0.836
0.783
0.683
0.656
0.696
0.672
0.641
0.699
0.678
0.81
0.844
0.755
0.638
0.693
0.746
0.63
0.669
0.557
0.675
0.67
0.627
0.534
0.579
0.645
0.714
0.887
0.755
0.878
0.885
0.862
0.718
0.687
0.774
0.711
0.663
0.665
0.616
0.541
0.582
0.791
0.637
0.706
0.602
0.573
0.596
0.721
0.836
0.944
0.807
0.708
0.639
0.684
0.791
0.809
0.966
0.889
0.651
0.624
0.697
0.833
0.545
0.551
0.572
0.595
0.668
0.815
0.796
0.89
0.559
0.711
0.8
0.817
0.744
0.808
0.825
0.877
0.608
0.606
0.717
0.724
0.876
0.807
0.741
0.866
0.838
0.856
0.852
0.84
0.882
0.877
0.805
0.858
0.868
0.797
0.904
0.88
0.964
0.947
0.975
0.986
0.995
0.912
0.932
0.9
0.935
0.861
0.848
0.869
0.918
0.889
0.92
0.818
0.736
0.793
0.893
0.857
0.941
0.985
0.923
0.694
0.934
0.973
0.936
0.893
0.841
0.869
0.65
0.675
0.624
0.8
0.855
0.826
0.922
0.965
0.896
0.924
0.883
0.833
0.866
0.846
0.822
0.604
0.584
0.658
0.716
0.896
0.963
0.93
0.686
0.707
0.716
0.561
0.494
0.886
0.942
0.903
0.663
0.712
0.802
0.747
0.611
0.685
0.708
0.547
0.714
0.774
0.621
0.759
0.952
0.923
0.896
0.78
0.807
0.735
0.697
0.826
0.726
0.625
0.788
0.681
0.681
0.72
0.76
0.465
0.548
0.661
0.55
0.519
0.688
0.91
0.9
0.836
0.761
0.804
0.73
0.699
0.602
0.639
0.545
0.52
0.887
0.735
0.619
0.657
0.811
0.775
0.705
0.715
0.553
0.525
0.838
0.816
0.608
0.549
0.581
0.656
0.639
0.564
0.575
0.75
0.659
0.602
0.545
0.699
0.95
0.841
0.678
0.653
0.65
0.706
0.802
0.661
0.771
0.894
0.711
0.836
0.816
0.786
0.661
0.679
0.809
0.815
0.733
0.629
0.674
0.822
0.943
0.798
0.711
0.78
0.659
0.545
0.625
0.801
0.693
0.776
0.66
0.779
0.69
0.763
0.724
0.737
0.684
0.633
0.695
0.731
0.674
0.628
0.734
0.718
0.72
0.769
0.724
0.706
0.822
0.772
0.645
0.684
0.731
0.796
0.762
0.795
0.74
0.706
0.647
0.741
0.755
0.744
0.673
0.722
0.766
0.718
0.888
0.943
0.857
0.922
0.804
0.795
0.752
0.753
0.769
0.794
0.828
0.921
0.848
0.769
0.686
0.67
0.731
0.727
0.719
0.799
0.753
0.663
0.659
0.717
0.917
0.841
0.789
0.776
0.713
0.707
0.703
0.777
0.818
0.84
0.757
0.773
0.815
0.793
0.839
0.829
0.914
0.908
0.927
0.899
0.846
0.794
0.793
0.814
0.81
0.758
0.725
0.731
0.744
0.763
0.735
0.765
0.778
0.744
0.801
0.814
0.858
0.769
0.745
0.767
0.768
0.876
0.804
0.822
0.704
0.707
0.876
0.795
0.784
0.8
0.82
0.745
0.746
0.763
0.644
0.672
0.75
0.779
0.694
0.664
0.644
0.736
0.69
0.658
0.788
0.892
0.947
0.959
0.812
0.844
0.755
0.675
0.675
0.601
0.645
0.852
0.692
0.669
0.724
0.795
0.706
0.705
0.726
0.614
0.617
0.645
0.618
0.669
0.661
0.609
0.611
0.651
0.749
0.957
0.778
0.752
0.632
0.68
0.775
0.695
0.706
0.676
0.635
0.806
0.817
0.673
0.692
0.705
0.626
0.791
0.879
0.767
0.589
0.703
0.748
0.878
0.889
0.673
0.693
0.657
0.692
0.897
0.793
0.773
0.849
0.832
0.776
0.851
0.836
0.727
0.874
0.857
0.62
0.91
0.862
0.88
0.945
0.832
0.797
0.971
0.942
0.915
0.894
0.948
0.897
0.931
0.964
0.973
0.93
0.782
0.908
0.929
0.89
0.885
0.933
0.937
0.865
0.925
0.962
0.916
0.963
0.974
0.91
0.961
0.983
0.998
0.914
0.899
0.867
0.955
0.831
0.742
0.875
0.681
0.608
0.835
0.938
0.918
0.899
0.939
0.859
0.92
0.866
0.863
0.832
0.932
0.918
0.893
0.842
0.878
0.761
0.469
0.547
0.742
0.97
0.814
0.781
0.884
0.963
0.927
0.864
0.831
0.813
0.523
0.674
0.62
0.513
0.81
0.857
0.813
0.872
0.862
0.681
0.722
0.825
0.71
0.554
0.637
0.762
0.674
0.575
0.658
0.685
0.676
0.593
0.597
0.907
0.78
0.726
0.772
0.838
0.739
0.753
0.694
0.824
0.855
0.715
0.686
0.534
0.641
0.758
0.586
0.532
0.685
0.812
0.71
0.705
0.73
0.787
0.755
0.624
0.609
0.873
0.938
0.832
0.731
0.743
0.709
0.91
0.922
0.904
0.781
0.683
0.807
0.678
0.715
0.737
0.751
0.782
0.689
0.768
0.661
0.685
0.723
0.893
0.83
0.731
0.689
0.791
0.713
0.678
0.718
0.69
0.671
0.6
0.608
0.756
0.8
0.745
0.758
0.675
0.66
0.646
0.729
0.77
0.784
0.799
0.749
0.711
0.756
0.784
0.76
0.811
0.75
0.718
0.728
0.652
0.564
0.543
0.557
0.579
0.736
0.706
0.675
0.676
0.726
0.732
0.681
0.674
0.693
0.602
0.609
0.731
0.735
0.702
0.699
0.629
0.672
0.682
0.787
0.744
0.793
0.761
0.695
0.742
0.766
0.693
0.736
0.733
0.687
0.659
0.645
0.767
0.82
0.771
0.649
0.624
0.69
0.723
0.696
0.712
0.752
0.744
0.727
0.659
0.657
0.661
0.648
0.617
0.75
0.734
0.641
0.608
0.543
0.706
0.695
0.637
0.566
0.568
0.786
0.858
0.673
0.574
0.545
0.508
0.547
0.59
0.589
0.69
0.735
0.856
0.813
0.729
0.7
0.717
0.744
0.734
0.666
0.665
0.647
0.623
0.622
0.645
0.589
0.554
0.698
0.719
0.54
0.532
0.517
0.576
0.67
0.728
0.673
0.748
0.688
0.676
0.597
0.534
0.531
0.526
0.564
0.518
0.427
0.642
0.662
0.556
0.603
0.6
0.487
0.508
0.487
0.51
0.501
0.453
0.587
0.704
0.696
0.62
0.666
0.549
0.534
0.639
0.636
0.741
0.631
0.721
0.671
0.51
0.46
0.506
0.724
0.551
0.511
0.538
0.728
0.8
0.82
0.848
0.869
0.856
0.666
0.773
0.833
0.793
0.741
0.508
0.44
0.47
0.66
0.731
0.658
0.638
0.702
0.789
0.867
0.87
0.819
0.895
0.834
0.772
0.917
0.938
0.955
0.853
0.82
0.85
0.703
0.82
0.857
0.857
0.962
0.896
0.789
0.788
0.799
0.914
0.836
0.746
0.791
0.876
0.842
0.883
0.821
0.888
0.882
0.872
0.801
0.684
0.67
0.814
0.734
0.703
0.743
0.853
0.899
0.958
0.781
0.854
0.838
0.872
0.879
0.96
0.932
0.93
0.929
0.935
0.986
0.952
0.897
0.894
0.894
0.871
0.911
0.888
0.781
0.765
0.916
0.941
0.896
0.845
0.888
0.745
0.838
0.877
0.967
0.971
0.95
0.838
0.866
0.861
0.903
0.906
0.921
0.931
0.933
0.872
0.845
0.894
0.882
0.68
0.718
0.838
0.831
0.609
0.718
0.783
0.535
0.907
0.928
0.972
0.916
0.892
0.947
0.942
0.845
0.762
0.857
0.857
0.829
0.864
0.752
0.765
0.8
0.599
0.683
0.743
0.808
0.779
0.81
0.894
0.894
0.843
0.781
0.884
0.72
0.674
0.531
0.557
0.458
0.481
0.771
0.71
0.75
0.659
0.734
0.909
0.832
0.717
0.725
0.786
0.794
0.628
0.602
0.828
0.689
0.747
0.636
0.613
0.743
0.605
0.545
0.595
0.608
0.639
0.697
0.737
0.726
0.563
0.699
0.707
0.829
0.905
0.946
0.851
0.774
0.8
0.795
0.783
0.884
0.857
0.803
0.756
0.615
0.671
0.814
0.724
0.728
0.655
0.74
0.717
0.654
0.57
0.736
0.886
0.722
0.657
0.621
0.696
0.64
0.636
0.61
0.685
0.74
0.694
0.69
0.65
0.626
0.75
0.835
0.746
0.745
0.626
0.522
0.575
0.884
0.883
0.722
0.674
0.65
0.79
0.811
0.75
0.732
0.699
0.672
0.607
0.539
0.545
0.558
0.65
0.636
0.633
0.749
0.771
0.781
0.772
0.721
0.677
0.775
0.785
0.728
0.705
0.747
0.629
0.649
0.675
0.754
0.801
0.781
0.742
0.749
0.709
0.702
0.753
0.736
0.736
0.758
0.783
0.868
0.814
0.902
0.816
0.816
0.82
0.791
0.819
0.816
0.827
0.916
0.877
0.823
0.874
0.817
0.755
0.815
0.85
0.928
0.804
0.809
0.796
0.775
0.754
0.693
0.78
0.842
0.824
0.845
0.823
0.786
0.839
0.823
0.858
0.844
0.709
0.746
0.791
0.693
0.693
0.727
0.827
0.828
0.842
0.837
0.902
0.925
0.827
0.811
0.807
0.772
0.808
0.831
0.806
0.827
0.851
0.847
0.851
0.824
0.816
0.766
0.702
0.737
0.785
0.817
0.788
0.818
0.836
0.757
0.706
0.859
0.861
0.751
0.779
0.773
0.911
0.833
0.765
0.764
0.687
0.667
0.741
0.753
0.708
0.751
0.721
0.707
0.717
0.764
0.756
0.871
0.742
0.644
0.75
0.857
0.873
0.662
0.761
0.725
0.717
0.759
0.701
0.757
0.813
0.683
0.765
0.691
0.698
0.789
0.778
0.73
0.902
0.936
0.748
0.786
0.752
0.748
0.688
0.727
0.738
0.805
0.953
0.998
0.793
0.662
0.669
0.691
0.807
0.832
0.759
0.791
0.857
0.977
0.919
0.881
0.912
0.909
0.8
0.783
0.749
0.853
0.866
0.879
0.812
0.829
0.794
0.776
0.833
0.922
0.845
0.962
0.977
0.962
0.949
0.93
0.904
0.858
0.898
0.793
0.834
0.83
0.65
0.82
0.862
0.646
0.656
0.634
0.688
0.842
0.979
0.985
0.943
0.775
0.855
0.934
0.904
0.867
0.842
0.857
0.893
0.872
0.895
0.935
0.961
0.968
0.905
0.907
0.907
0.933
0.836
0.81
0.892
0.977
0.974
0.926
0.907
0.828
0.79
0.82
0.881
0.669
0.503
0.61
0.714
0.584
0.609
0.705
0.61
0.714
0.803
0.813
0.859
0.829
0.819
0.958
0.915
0.897
0.852
0.915
0.856
0.695
0.802
0.898
0.964
0.945
0.845
0.814
0.828
0.851
0.832
0.857
0.924
0.944
0.873
0.953
0.949
0.958
0.897
0.938
0.842
0.88
0.877
0.808
0.682
0.633
0.634
0.783
0.846
0.456
0.616
0.878
0.881
0.823
0.913
0.925
0.851
0.793
0.75
0.756
0.766
0.764
0.886
0.956
0.862
0.757
0.72
0.786
0.793
0.757
0.762
0.916
0.814
0.751
0.843
0.701
0.802
0.877
0.866
0.807
0.711
0.833
0.81
0.77
0.597
0.561
0.774
0.909
0.795
0.687
0.717
0.73
0.784
0.643
0.779
0.767
0.804
0.822
0.741
0.62
0.679
0.677
0.606
0.604
0.686
0.688
0.647
0.684
0.657
0.614
0.663
0.749
0.646
0.635
0.611
0.831
0.854
0.775
0.689
0.707
0.745
0.742
0.685
0.839
0.722
0.706
0.79
0.879
0.865
0.699
0.803
0.883
0.782
0.75
0.717
0.734
0.766
0.763
0.772
0.735
0.702
0.724
0.716
0.747
0.836
0.783
0.743
0.726
0.75
0.715
0.732
0.75
0.77
0.83
0.864
0.847
0.765
0.767
0.738
0.78
0.792
0.781
0.763
0.788
0.782
0.786
0.702
0.803
0.797
0.703
0.707
0.828
0.825
0.755
0.727
0.681
0.648
0.7
0.831
0.776
0.769
0.773
0.801
0.795
0.742
0.759
0.797
0.78
0.803
0.715
0.773
0.785
0.696
0.689
0.808
0.809
0.76
0.777
0.727
0.739
0.82
0.798
0.772
0.73
0.837
0.746
0.662
0.697
0.79
0.72
0.683
0.747
0.715
0.77
0.747
0.782
0.886
0.824
0.884
0.788
0.747
0.837
0.796
0.671
0.725
0.762
0.664
0.702
0.668
0.757
0.836
0.775
0.774
0.728
0.824
0.77
0.85
0.768
0.812
0.744
0.841
0.899
0.901
0.799
0.82
0.716
0.655
0.675
0.644
0.739
0.658
0.569
0.674
0.692
0.823
0.644
0.62
0.734
0.656
0.609
0.572
0.778
0.914
0.779
0.801
0.916
0.788
0.648
0.613
0.614
0.61
0.657
0.725
0.692
0.622
0.686
0.798
0.671
0.608
0.729
0.787
0.815
0.72
0.671
0.607
0.609
0.624
0.733
0.716
0.898
0.968
0.85
0.75
0.92
0.81
0.875
0.584
0.617
0.64
0.68
0.745
0.811
0.836
0.855
0.73
0.801
0.719
0.771
0.883
0.907
0.962
0.922
0.916
0.8
0.74
0.765
0.869
0.614
0.646
0.577
0.824
0.866
0.875
0.873
0.888
0.822
0.84
0.884
0.895
0.844
0.811
0.867
0.725
0.764
0.805
0.874
0.761
0.928
0.907
0.903
0.911
0.897
0.818
0.942
0.933
0.888
0.889
0.899
0.921
0.967
0.997
0.852
0.744
0.802
0.873
0.739
0.755
0.863
0.901
0.936
0.993
0.98
0.977
0.888
1.02
0.991
0.888
0.857
0.68
0.652
0.828
0.801
0.873
0.856
0.925
0.856
0.85
0.839
0.846
0.936
1.001
0.934
0.959
0.907
0.92
0.829
0.736
0.807
0.824
0.875
0.721
0.956
0.922
0.879
0.885
0.805
0.819
0.851
0.792
0.841
0.923
0.874
0.831
0.873
0.642
0.686
0.831
0.626
0.725
0.786
0.755
0.764
0.549
0.439
0.789
0.703
0.664
0.876
0.748
0.63
0.653
0.677
0.648
0.837
0.744
0.735
0.704
0.63
0.6
0.608
0.694
0.646
0.753
0.898
0.705
0.658
0.657
0.813
0.735
0.947
0.844
0.776
0.714
0.679
0.593
0.66
0.602
0.528
0.503
0.499
0.456
0.576
0.656
0.666
0.766
0.776
0.848
0.845
0.834
0.637
0.528
0.748
0.713
0.66
0.798
0.735
0.658
0.553
0.68
0.742
0.562
0.604
0.825
0.761
0.715
0.689
0.683
0.646
0.523
0.508
0.57
0.617
0.711
0.794
0.65
0.573
0.594
0.616
0.687
0.662
0.578
0.591
0.53
0.506
0.664
0.662
0.675
0.573
0.463
0.576
0.646
0.711
0.699
0.676
0.633
0.604
0.612
0.622
0.676
0.723
0.627
0.797
0.888
0.931
0.788
0.786
0.706
0.778
0.813
0.742
0.74
0.797
0.801
0.76
0.752
0.733
0.762
0.763
0.747
0.675
0.729
0.733
0.807
0.762
0.72
0.68
0.719
0.696
0.722
0.76
0.802
0.84
0.771
0.749
0.746
0.733
0.77
0.703
0.68
0.717
0.708
0.755
0.713
0.809
0.757
0.645
0.657
0.642
0.715
0.748
0.919
0.819
0.856
0.801
0.769
0.724
0.734
0.734
0.749
0.789
0.831
0.752
0.67
0.721
0.731
0.705
0.716
0.754
0.697
0.604
0.707
0.649
0.57
0.567
0.555
0.663
0.664
0.605
0.549
0.579
0.601
0.617
0.535
0.553
0.579
0.521
0.526
0.581
0.553
0.494
0.464
0.421
0.537
0.563
0.738
0.767
0.763
0.914
0.771
0.761
0.597
0.782
0.735
0.69
0.749
0.648
0.565
0.597
0.643
0.693
0.619
0.603
0.601
0.655
0.695
0.734
0.673
0.585
0.514
0.835
0.776
0.655
0.576
0.591
0.667
0.684
0.68
0.598
0.581
0.52
0.562
0.748
0.964
0.741
0.649
0.862
0.918
0.861
0.628
0.648
0.903
0.794
0.765
0.752
0.766
0.876
0.809
0.767
0.84
0.748
0.66
0.675
0.563
0.574
0.604
0.592
0.677
0.551
0.908
0.814
0.647
0.733
0.687
0.616
0.659
0.816
0.924
0.916
0.928
0.885
0.96
0.964
0.907
0.834
0.92
0.951
0.998
0.979
0.965
0.945
0.861
0.805
0.779
0.767
0.87
0.911
0.852
0.878
0.845
0.897
0.805
0.67
0.807
0.947
0.722
0.819
0.692
0.776
0.956
0.935
0.912
0.945
0.923
0.993
0.968
0.895
0.834
0.891
0.867
0.892
0.936
0.966
0.976
0.909
0.872
0.896
0.922
0.916
0.938
0.937
0.91
0.93
0.884
0.961
0.948
0.859
0.808
0.869
0.622
0.744
0.832
0.808
0.885
0.931
0.71
0.687
0.795
0.794
0.953
0.846
0.803
0.757
0.771
0.849
0.83
0.738
0.824
0.705
0.7
0.87
0.96
0.944
0.75
0.438
0.475
0.58
0.845
0.914
1.015
0.846
0.575
0.55
0.765
0.689
0.563
0.563
0.605
0.583
0.68
0.703
0.771
0.677
0.744
0.703
0.699
0.615
0.514
0.528
0.655
0.846
0.871
0.776
0.695
0.728
0.715
0.697
0.765
0.417
0.612
0.656
0.828
0.927
0.827
0.901
0.783
0.82
0.713
0.597
0.633
0.759
0.882
0.753
0.832
0.844
0.771
0.659
0.67
0.713
0.652
0.739
0.703
0.597
0.772
0.733
0.702
0.633
0.671
0.804
0.656
0.578
0.619
0.822
0.83
0.833
0.737
0.763
0.746
0.681
0.634
0.808
0.872
0.711
0.643
0.625
0.595
0.726
0.877
0.918
0.781
0.728
0.845
0.865
0.794
0.645
0.782
0.852
0.799
0.8
0.718
0.743
0.748
0.843
0.807
0.823
0.788
0.76
0.62
0.632
0.593
0.604
0.607
0.61
0.679
0.688
0.714
0.699
0.722
0.735
0.769
0.791
0.785
0.768
0.783
0.817
0.751
0.695
0.651
0.734
0.786
0.801
0.766
0.736
0.724
0.708
0.707
0.7
0.755
0.781
0.783
0.742
0.791
0.765
0.74
0.801
0.843
0.776
0.8
0.794
0.802
0.824
0.793
0.803
0.768
0.702
0.732
0.74
0.817
0.851
0.816
0.848
0.781
0.813
0.893
0.882
0.812
0.84
0.847
0.799
0.825
0.829
0.804
0.813
0.874
0.838
0.782
0.747
0.73
0.721
0.796
0.821
0.775
0.732
0.818
0.788
0.805
0.771
0.73
0.641
0.624
0.664
0.604
0.605
0.772
0.902
0.75
0.644
0.556
0.737
0.714
0.644
0.65
0.666
0.748
0.589
0.565
0.83
0.844
0.808
0.589
0.597
0.645
0.605
0.559
0.555
0.609
0.586
0.625
0.579
0.799
0.825
0.952
0.918
0.77
0.73
0.676
0.649
0.601
0.665
0.647
0.749
0.621
0.569
0.52
0.544
0.616
0.804
0.787
0.677
0.595
0.637
0.621
0.674
0.803
0.803
0.754
0.757
0.895
0.915
0.921
0.81
0.626
0.571
0.752
0.81
0.715
0.582
0.792
0.926
0.76
0.883
0.846
0.831
0.924
0.912
0.947
0.916
0.931
0.894
0.877
0.868
0.798
0.869
0.912
0.936
0.853
0.668
0.823
0.834
0.849
0.84
0.882
0.868
0.597
0.649
0.716
0.889
0.78
0.8
0.806
0.904
0.979
0.987
0.952
0.939
0.971
0.933
0.92
0.876
0.957
0.949
0.925
0.923
0.889
0.882
0.911
0.96
0.989
0.977
0.997
0.97
0.884
0.925
0.904
0.891
0.884
0.94
0.943
0.834
0.871
0.938
1.004
1.033
0.957
1.09
0.999
0.929
1.008
0.827
0.933
0.985
0.985
0.964
0.857
0.873
0.931
0.868
0.875
0.832
0.795
0.836
0.796
0.758
0.674
0.817
0.888
0.942
0.971
0.964
0.929
0.895
0.758
0.85
0.913
0.878
0.863
0.935
0.834
0.899
0.9
0.961
0.926
0.973
0.741
0.68
0.807
1.004
0.911
0.718
0.799
0.803
0.616
0.74
0.899
0.937
0.818
0.671
0.702
0.723
0.731
0.734
0.67
0.717
0.787
0.703
0.625
0.69
0.824
0.89
0.859
0.871
0.913
0.79
0.844
0.505
0.59
0.808
0.814
0.742
0.87
0.741
0.688
0.722
0.905
0.706
0.637
0.707
0.671
0.728
0.683
0.57
0.669
0.864
0.78
0.905
0.812
0.672
0.623
0.655
0.726
0.742
0.854
0.918
0.786
0.77
0.785
0.66
0.66
0.93
0.923
0.762
0.617
0.694
0.89
0.851
0.823
0.821
0.953
0.886
0.803
0.94
0.719
0.616
0.563
0.814
0.921
0.894
0.814
0.761
0.763
0.787
0.655
0.742
0.864
0.699
0.779
0.926
0.869
0.74
0.666
0.569
0.628
0.829
0.783
0.755
0.764
0.83
0.833
0.83
0.846
0.792
0.743
0.794
0.781
0.757
0.702
0.708
0.836
0.846
0.824
0.827
0.794
0.795
0.731
0.781
0.801
0.661
0.675
0.73
0.736
0.769
0.711
0.695
0.756
0.669
0.634
0.633
0.721
0.728
0.752
0.695
0.591
0.685
0.745
0.742
0.789
0.816
0.789
0.797
0.838
0.762
0.681
0.817
0.766
0.78
0.797
0.786
0.714
0.752
0.834
0.852
0.81
0.836
0.799
0.759
0.739
0.782
0.798
0.812
0.813
0.759
0.72
0.749
0.767
0.785
0.785
0.815
0.808
0.72
0.734
0.771
0.791
0.781
0.787
0.806
0.714
0.688
0.728
0.74
0.78
0.705
0.682
0.664
0.618
0.649
0.626
0.655
0.642
0.81
0.868
0.787
0.763
0.733
0.684
0.75
0.862
0.937
0.902
0.878
0.785
0.691
0.635
0.573
0.824
0.835
0.772
0.762
0.673
0.82
0.881
0.854
0.694
0.708
0.713
0.753
0.69
0.666
0.63
0.658
0.704
0.828
0.91
0.85
0.705
0.695
0.638
0.662
0.72
0.732
0.766
0.866
0.659
0.767
0.768
0.829
0.884
0.784
0.676
0.817
0.853
0.698
0.833
0.822
0.603
0.632
0.603
0.752
0.757
0.71
0.858
0.961
0.813
0.758
0.808
0.889
0.855
0.835
0.806
0.838
0.818
0.823
0.834
0.747
0.659
0.815
0.796
0.83
0.88
0.91
0.883
0.803
0.894
0.882
0.909
0.953
0.72
0.852
0.885
0.831
0.882
0.906
0.948
0.881
0.841
0.948
0.959
0.877
0.837
0.85
0.901
0.933
0.879
0.725
0.811
0.874
0.902
0.961
0.915
0.725
0.878
0.941
0.932
0.944
0.908
0.922
0.951
1.016
0.981
0.986
0.966
0.611
0.65
0.843
0.957
0.912
0.831
0.796
0.832
0.856
0.921
0.937
0.789
0.83
0.936
0.978
0.97
0.942
0.879
0.876
0.948
0.835
0.959
0.92
0.882
0.943
0.952
0.955
0.929
0.876
0.983
0.914
0.908
0.894
0.88
0.814
0.836
0.877
0.891
0.76
0.888
0.856
0.863
0.827
0.786
0.915
0.852
0.953
0.893
0.876
0.828
0.837
0.935
0.954
0.827
0.933
0.88
0.768
0.856
0.895
0.828
0.669
0.811
0.813
0.768
0.729
0.597
0.643
0.929
0.578
0.545
0.609
0.821
0.66
0.684
0.764
0.799
0.801
0.657
0.896
0.806
0.742
0.764
0.956
0.902
0.72
0.589
0.49
0.673
0.741
0.809
0.763
0.635
0.633
0.473
0.541
0.685
0.911
0.871
0.666
0.571
0.742
0.808
0.682
0.535
0.551
0.648
0.747
0.771
0.736
0.703
0.606
0.695
0.796
0.611
0.634
0.782
0.739
0.951
0.741
0.727
0.724
0.591
0.817
0.875
0.743
0.673
0.746
0.626
0.724
0.741
0.717
0.685
0.791
0.795
0.759
0.677
0.643
0.615
0.632
0.956
0.79
0.708
0.747
0.901
0.838
0.924
0.963
0.962
0.913
0.762
0.661
0.705
0.717
0.755
0.697
0.597
0.61
0.77
0.778
0.718
0.659
0.765
0.802
0.84
0.763
0.752
0.777
0.754
0.658
0.731
0.756
0.764
0.688
0.673
0.748
0.795
0.832
0.825
0.808
0.798
0.733
0.722
0.768
0.776
0.85
0.76
0.68
0.689
0.728
0.78
0.795
0.778
0.768
0.818
0.749
0.71
0.791
0.906
0.862
0.83
0.755
0.839
0.802
0.784
0.758
0.729
0.645
0.755
0.801
0.793
0.8
0.741
0.668
0.71
0.673
0.742
0.83
0.899
0.928
0.914
0.775
0.874
0.874
0.882
0.93
0.786
0.898
0.885
0.856
0.804
0.902
0.878
0.853
0.808
0.818
0.85
0.802
0.843
0.811
0.777
0.799
0.733
0.733
0.776
0.8
0.839
0.873
0.877
0.853
0.837
0.796
0.757
0.811
0.759
0.839
0.732
0.733
0.903
0.761
0.715
0.834
0.784
0.792
0.774
0.737
0.789
0.717
0.752
0.738
0.673
0.726
0.75
0.704
0.703
0.697
0.665
0.722
0.733
0.663
0.708
0.821
0.771
0.639
0.673
0.71
0.653
0.608
0.698
0.634
0.684
0.642
0.657
0.897
0.937
0.851
0.75
0.761
0.707
0.794
0.872
0.894
0.774
0.802
0.767
0.772
0.86
0.777
0.813
0.819
0.65
0.667
0.63
0.904
0.936
0.907
0.851
0.981
0.929
0.929
0.924
0.914
0.776
0.651
0.805
0.882
0.788
0.901
0.974
0.934
0.798
0.71
0.903
0.909
0.811
0.786
0.915
0.909
0.946
0.957
0.931
0.939
0.926
0.975
0.941
0.885
0.865
0.821
0.946
0.919
0.83
0.952
0.954
0.974
0.981
0.91
0.85
0.7
0.749
0.849
0.704
0.82
0.877
0.938
0.971
0.962
0.954
0.991
0.955
0.934
0.805
0.644
0.839
0.91
0.85
0.949
0.938
0.954
0.924
0.889
0.873
0.869
0.932
0.968
0.967
0.909
0.903
0.958
0.903
0.926
0.896
0.88
0.794
0.787
0.798
0.746
0.69
0.776
0.878
0.852
0.765
0.753
0.936
0.92
0.807
0.815
0.762
0.887
0.976
1.005
0.957
0.931
0.883
0.807
0.853
0.847
0.84
0.82
0.868
0.785
0.835
0.817
0.88
0.852
0.803
0.775
0.763
0.908
0.978
0.607
0.609
0.695
0.787
0.753
0.645
0.596
0.843
0.993
0.981
0.943
0.922
0.827
0.75
0.658
0.662
0.809
0.747
0.785
0.82
0.78
0.81
0.805
0.773
0.758
0.804
0.673
0.616
0.592
0.829
0.967
0.725
0.604
0.624
0.613
0.873
0.837
0.872
0.766
0.637
0.774
0.767
0.617
0.737
0.62
0.599
0.652
0.908
0.739
0.708
0.82
0.914
0.897
0.852
0.851
0.849
0.729
0.73
0.779
0.91
0.794
0.828
0.85
0.815
0.808
0.742
0.628
0.705
0.615
0.529
0.596
0.654
0.631
0.673
0.679
0.832
0.827
0.703
0.601
0.646
0.694
0.641
0.732
0.671
0.658
0.729
0.654
0.686
0.626
0.647
0.575
0.797
0.84
0.871
0.819
0.762
0.792
0.768
0.785
0.793
0.722
0.739
0.73
0.761
0.734
0.736
0.697
0.716
0.749
0.744
0.76
0.749
0.782
0.753
0.661
0.678
0.771
0.762
0.775
0.806
0.791
0.746
0.707
0.662
0.622
0.63
0.69
0.785
0.853
0.77
0.671
0.762
0.786
0.824
0.834
0.796
0.75
0.693
0.682
0.74
0.81
0.79
0.686
0.733
0.671
0.634
0.723
0.891
0.898
0.878
0.846
0.808
0.824
0.837
0.792
0.83
0.789
0.787
0.822
0.793
0.808
0.8
0.789
0.739
0.835
0.816
0.822
0.894
0.863
0.785
0.722
0.772
0.822
0.834
0.724
0.687
0.778
0.729
0.712
0.685
0.79
0.816
0.722
0.715
0.678
0.731
0.765
0.746
0.701
0.768
0.88
0.81
0.735
0.725
0.791
0.786
0.771
0.654
0.682
0.783
0.788
0.769
0.715
0.591
0.641
0.662
0.627
0.87
0.833
0.813
0.799
0.894
0.843
0.765
0.675
0.679
0.691
0.677
0.71
0.672
0.674
0.739
0.766
0.761
0.691
0.768
0.653
0.688
0.652
0.654
0.601
0.685
0.822
0.756
0.841
0.779
0.75
0.708
0.753
0.676
0.6
0.599
0.672
0.695
0.719
0.929
0.654
0.68
0.711
0.738
0.786
0.764
0.772
0.688
0.743
0.691
0.656
0.68
0.712
0.715
0.652
0.818
0.745
0.781
0.886
0.881
0.796
0.734
0.882
0.915
0.902
0.909
0.842
0.701
0.731
0.754
0.799
0.719
0.664
0.837
0.763
0.841
0.823
0.815
0.832
0.857
0.934
0.772
0.55
0.633
0.69
0.711
0.837
0.903
0.951
0.683
0.681
0.589
0.745
0.937
0.868
0.869
1.025
0.959
0.972
0.895
0.933
0.868
0.962
0.932
0.856
0.899
1.002
0.992
0.935
0.87
0.892
0.963
1.002
0.894
0.902
0.94
0.902
0.904
0.94
0.861
0.886
0.916
0.903
0.981
0.89
0.881
0.837
0.845
0.932
0.97
0.93
0.802
0.955
0.899
0.573
0.618
0.624
0.748
0.874
0.71
0.6
0.585
0.502
0.499
0.599
0.753
0.891
0.839
0.913
0.931
0.82
0.742
0.91
0.721
0.707
0.909
0.746
0.774
0.899
0.822
0.782
0.752
0.716
0.763
0.772
0.857
0.898
0.829
0.742
0.644
0.718
0.706
0.64
0.67
0.657
0.675
0.624
0.549
0.629
0.524
0.542
0.866
0.826
0.755
0.819
0.763
0.766
0.672
0.695
0.878
0.738
0.857
0.739
0.622
0.537
0.674
0.936
0.879
0.821
0.744
0.77
0.83
0.904
0.934
0.681
0.601
0.56
0.625
0.72
0.665
0.584
0.545
0.568
0.565
0.542
0.73
0.774
0.638
0.743
0.78
0.602
0.672
0.69
0.754
0.862
0.735
0.695
0.704
0.728
0.723
0.604
0.608
0.729
0.901
0.862
0.718
0.717
0.602
0.593
0.603
0.535
0.702
0.783
0.777
0.771
0.668
0.716
0.72
0.68
0.668
0.567
0.63
0.656
0.645
0.737
0.767
0.687
0.679
0.68
0.618
0.589
0.653
0.641
0.639
0.613
0.708
0.745
0.669
0.765
0.798
0.777
0.687
0.828
0.785
0.757
0.763
0.763
0.769
0.68
0.665
0.743
0.749
0.632
0.626
0.724
0.696
0.69
0.72
0.762
0.799
0.784
0.799
0.854
0.802
0.76
0.807
0.718
0.694
0.733
0.748
0.749
0.756
0.743
0.76
0.71
0.667
0.734
0.729
0.689
0.762
0.808
0.7
0.763
0.766
0.794
0.853
0.852
0.706
0.692
0.764
0.753
0.787
0.772
0.661
0.631
0.704
0.817
0.874
0.847
0.784
0.743
0.657
0.706
0.677
0.616
0.584
0.533
0.527
0.638
0.749
0.714
0.551
0.547
0.499
0.423
0.482
0.54
0.501
0.415
0.533
0.544
0.454
0.454
0.611
0.604
0.461
0.394
0.507
0.626
0.506
0.445
0.669
0.862
0.744
0.6
0.595
0.828
0.838
0.67
0.695
0.672
0.825
0.919
0.89
0.681
0.528
0.743
0.728
0.619
0.739
0.872
0.756
0.628
0.624
0.56
0.643
0.752
0.688
0.625
0.549
0.657
0.679
0.619
0.57
0.664
0.648
0.8
0.666
0.589
0.65
0.642
0.536
0.563
0.704
0.753
0.791
0.75
0.751
0.73
0.628
0.685
0.605
0.579
0.659
0.805
0.743
0.751
0.704
0.716
0.74
0.898
0.838
0.748
0.718
0.61
0.746
0.815
0.716
0.825
0.935
0.83
0.745
0.724
0.733
0.812
0.742
0.827
0.88
0.943
0.932
0.824
0.888
0.846
0.953
0.945
0.614
0.833
0.83
0.772
0.826
0.892
0.801
0.829
0.973
0.976
0.95
0.891
0.977
0.974
0.961
0.763
0.807
0.894
0.879
0.896
0.967
0.849
0.774
0.89
0.739
0.824
0.859
0.811
0.875
0.843
0.896
0.789
0.813
0.929
0.809
0.794
0.775
0.742
0.739
0.783
0.959
0.873
0.77
0.599
0.842
0.924
0.691
0.663
0.761
0.666
0.713
0.871
0.925
0.652
0.784
0.925
0.798
0.837
0.608
0.843
0.922
0.952
0.892
0.829
0.793
0.848
0.9
0.879
0.862
0.677
0.554
0.672
0.658
0.581
0.536
0.635
0.581
0.607
0.64
0.632
0.753
0.72
0.691
0.575
0.6
0.633
0.754
0.593
0.522
0.866
0.933
0.883
0.767
0.701
0.715
0.676
0.516
0.651
0.645
0.735
0.593
0.531
0.472
0.732
0.797
0.7
0.524
0.552
0.769
0.843
0.626
0.596
0.716
0.702
0.592
0.678
0.711
0.678
0.77
0.777
0.83
0.887
0.899
0.809
0.646
0.631
0.58
0.533
0.486
0.588
0.501
0.588
0.747
0.793
0.67
0.734
0.731
0.691
0.685
0.757
0.739
0.759
0.628
0.749
0.755
0.619
0.547
0.682
0.743
0.727
0.921
0.769
0.679
0.695
0.755
0.681
0.603
0.606
0.84
0.953
0.809
0.742
0.753
0.71
0.709
0.705
0.687
0.882
0.73
0.618
0.645
0.63
0.673
0.722
0.837
0.798
0.745
0.78
0.767
0.758
0.874
0.733
0.742
0.794
0.731
0.723
0.783
0.802
0.762
0.749
0.672
0.763
0.718
0.705
0.731
0.801
0.825
0.807
0.768
0.71
0.659
0.747
0.798
0.77
0.711
0.737
0.764
0.811
0.825
0.789
0.787
0.822
0.763
0.787
0.754
0.715
0.732
0.732
0.776
0.764
0.745
0.794
0.843
0.836
0.844
0.842
0.814
0.794
0.732
0.923
0.816
0.826
0.872
0.826
0.789
0.776
0.735
0.775
0.86
0.806
0.872
0.925
0.757
0.737
0.748
0.796
0.856
0.796
0.757
0.788
0.839
0.853
0.845
0.829
0.835
0.826
0.805
0.833
0.847
0.76
0.767
0.741
0.805
0.829
0.87
0.889
0.825
0.738
0.848
0.828
0.747
0.753
0.748
0.701
0.758
0.808
0.791
0.913
0.898
0.788
0.757
0.746
0.761
0.652
0.682
0.696
0.72
0.738
0.849
0.958
0.883
0.715
0.754
0.71
0.682
0.662
0.621
0.602
0.646
0.813
0.809
0.885
0.747
0.704
0.68
0.681
0.734
0.758
0.868
0.895
0.819
0.78
0.768
0.745
0.665
0.608
0.642
0.604
0.631
0.658
0.637
0.665
0.878
0.911
0.942
0.888
0.739
0.826
0.934
0.783
0.704
0.741
0.773
0.81
0.755
0.683
0.838
0.841
0.779
0.797
0.902
0.954
0.929
0.887
0.916
0.912
0.826
0.676
0.832
0.827
0.801
0.629
0.881
0.933
0.788
0.879
0.98
0.909
0.924
0.944
0.908
0.991
0.99
0.836
0.897
0.903
0.864
0.802
0.891
0.842
0.838
0.892
0.915
0.861
0.935
0.938
0.934
0.945
0.935
0.962
0.962
0.973
0.953
0.982
0.926
0.904
0.971
0.988
0.965
0.986
0.996
1.001
0.963
0.946
0.966
0.955
0.852
0.906
0.952
0.977
0.976
0.828
0.897
0.894
0.919
0.952
0.974
0.949
0.88
0.824
0.824
0.868
0.961
0.928
0.828
0.88
0.99
0.814
0.723
0.883
0.831
0.966
0.877
0.848
0.55
0.656
0.71
0.867
0.695
0.824
0.893
0.892
0.913
0.725
0.73
0.504
0.563
0.817
0.81
0.745
0.734
0.651
0.817
0.78
0.833
0.68
0.741
0.837
0.909
0.748
0.748
0.852
0.904
0.764
0.648
0.752
0.747
0.67
0.64
0.659
0.615
0.706
0.731
0.651
0.771
0.827
0.783
0.814
0.645
0.674
0.684
0.657
0.929
0.816
0.717
0.71
0.832
0.893
0.734
0.705
0.647
0.832
0.865
0.688
0.64
0.572
0.841
0.87
0.829
0.779
0.75
0.566
0.557
0.617
0.607
0.541
0.532
0.563
0.639
0.628
0.609
0.761
0.691
0.782
0.727
0.593
0.607
0.687
0.754
0.6
0.61
0.924
0.885
0.829
0.756
0.698
0.672
0.807
0.85
0.662
0.779
0.779
0.815
0.849
0.837
0.789
0.695
0.632
0.809
0.866
0.878
0.779
0.835
0.94
0.803
0.633
0.605
0.693
0.737
0.688
0.677
0.728
0.71
0.736
0.64
0.615
0.67
0.719
0.779
0.832
0.735
0.669
0.607
0.679
0.655
0.663
0.676
0.765
0.782
0.681
0.788
0.835
0.73
0.633
0.755
0.775
0.662
0.692
0.702
0.694
0.655
0.68
0.61
0.645
0.734
0.795
0.806
0.774
0.787
0.794
0.773
0.774
0.801
0.804
0.707
0.815
0.88
0.794
0.769
0.731
0.799
0.8
0.747
0.659
0.703
0.794
0.792
0.82
0.83
0.817
0.825
0.773
0.691
0.619
0.795
0.812
0.822
0.799
0.858
0.712
0.847
0.873
0.81
0.821
0.847
0.774
0.752
0.69
0.724
0.784
0.736
0.65
0.686
0.729
0.696
0.632
0.689
0.755
0.835
0.801
0.715
0.619
0.733
0.757
0.707
0.625
0.678
0.852
0.939
0.825
0.765
0.826
0.8
0.918
0.899
0.828
0.811
0.788
0.777
0.679
0.668
0.689
0.642
0.755
0.957
0.791
0.643
0.636
0.63
0.759
0.92
0.954
0.896
0.902
0.735
0.861
0.737
0.651
0.701
0.7
0.746
0.858
0.863
0.926
0.8
0.7
0.747
0.647
0.671
0.703
0.653
0.631
0.787
0.697
0.64
0.658
0.627
0.641
0.725
0.744
0.776
0.707
0.634
0.639
0.787
0.777
0.802
0.823
0.775
0.881
0.754
0.653
0.67
0.681
0.807
0.854
0.744
0.851
0.812
0.949
0.935
0.835
0.814
0.821
0.819
0.771
0.704
0.813
0.808
0.799
0.733
0.779
0.944
0.947
0.944
0.862
0.893
0.972
0.899
0.934
0.679
0.661
0.687
0.852
0.579
0.709
0.827
0.898
0.897
0.846
0.827
0.832
0.916
0.842
0.847
0.921
0.897
0.937
0.892
0.886
0.931
0.955
0.945
0.935
0.918
0.901
0.93
0.823
0.84
0.791
0.86
0.927
0.937
0.908
0.893
0.944
0.744
0.7
0.743
0.825
0.892
0.952
0.962
0.947
0.835
0.89
0.856
0.886
0.934
0.896
0.898
0.873
0.966
0.869
0.837
0.74
0.735
0.759
0.87
0.767
0.761
0.786
0.952
0.857
0.844
0.746
0.742
0.765
0.923
0.718
0.547
0.749
0.842
0.901
0.517
0.801
0.786
0.813
0.861
0.869
0.55
0.489
0.72
0.802
0.816
0.872
0.785
0.719
0.833
0.83
0.897
0.833
0.491
0.667
0.737
0.879
0.93
0.93
0.896
0.863
0.806
0.713
0.7
0.895
0.867
0.671
0.684
0.678
0.678
0.882
0.922
0.769
0.769
0.782
0.879
0.882
0.848
0.779
0.786
0.784
0.774
0.85
0.791
0.885
0.738
0.713
0.71
0.647
0.758
0.918
0.842
0.728
0.691
0.873
0.678
0.63
0.659
0.856
0.865
0.926
0.9
0.664
0.751
0.929
0.937
0.774
0.726
0.865
0.865
0.795
0.706
0.717
0.704
0.635
0.732
0.832
0.882
0.803
0.711
0.766
0.773
0.808
0.754
0.703
0.671
0.833
0.881
0.821
0.897
0.781
0.731
0.691
0.722
0.737
0.771
0.792
0.801
0.818
0.754
0.714
0.657
0.685
0.755
0.68
0.689
0.673
0.682
0.668
0.765
0.799
0.763
0.629
0.745
0.821
0.765
0.74
0.741
0.72
0.705
0.628
0.661
0.763
0.749
0.675
0.581
0.614
0.606
0.656
0.75
0.748
0.777
0.757
0.731
0.731
0.775
0.81
0.77
0.742
0.81
0.831
0.816
0.84
0.812
0.742
0.732
0.769
0.744
0.789
0.766
0.774
0.759
0.724
0.636
0.606
0.71
0.774
0.736
0.757
0.801
0.764
0.756
0.757
0.857
0.783
0.675
0.814
0.855
0.868
0.764
0.681
0.681
0.769
0.769
0.68
0.697
0.724
0.684
0.697
0.593
0.595
0.569
0.524
0.412
0.391
0.464
0.572
0.459
0.376
0.503
0.74
0.631
0.455
0.54
0.714
0.823
0.795
0.729
0.69
0.583
0.623
0.786
0.938
0.798
0.725
0.711
0.735
0.735
0.793
0.809
0.762
0.61
0.618
0.543
0.57
0.589
0.706
0.798
0.694
0.505
0.566
0.675
0.572
0.693
0.774
0.619
0.626
0.625
0.748
0.691
0.85
0.912
0.782
0.669
0.748
0.713
0.703
0.638
0.567
0.614
0.731
0.711
0.854
0.688
0.713
0.841
0.933
0.852
0.784
0.705
0.763
0.857
0.804
0.803
0.716
0.793
0.676
0.812
0.849
0.864
0.884
0.774
0.74
0.862
0.816
0.823
0.835
0.632
0.759
0.892
0.86
0.918
0.895
0.953
0.916
0.826
0.935
0.897
0.94
0.937
0.94
0.926
0.835
0.923
0.944
0.983
0.866
0.728
0.822
0.684
0.831
0.936
0.936
0.967
0.976
0.992
0.97
0.94
0.858
0.894
0.939
0.937
0.959
0.926
0.933
0.978
0.967
0.864
0.785
0.845
0.794
0.73
0.691
0.868
0.833
0.834
0.836
0.835
0.807
0.788
0.7
0.844
0.875
0.87
0.718
0.914
0.93
0.916
0.995
0.982
0.999
0.992
0.905
0.686
0.843
0.784
0.723
0.772
0.914
0.75
0.783
0.808
0.92
0.877
0.852
0.927
0.952
0.973
0.975
0.948
0.988
0.894
0.874
0.757
0.828
0.965
0.961
0.968
0.966
0.806
0.959
0.949
0.865
0.958
0.923
0.852
0.731
0.851
0.855
0.936
0.927
0.778
0.866
0.778
0.908
0.905
0.875
0.92
0.817
0.757
0.693
0.801
0.721
0.635
0.749
0.857
0.586
0.713
0.783
0.749
0.81
0.94
0.897
0.686
0.902
0.915
0.856
0.82
0.733
0.649
0.67
0.623
0.621
0.616
0.77
0.899
0.793
0.743
0.808
0.823
0.642
0.482
0.609
0.646
0.467
0.562
0.629
0.711
0.763
0.908
0.798
0.657
0.812
0.753
0.818
0.876
0.892
0.83
0.843
0.864
0.673
0.63
0.871
0.848
0.83
0.853
0.827
0.859
0.757
0.71
0.792
0.785
0.776
0.757
0.708
0.69
0.729
0.773
0.888
0.743
0.604
0.783
0.901
0.824
0.674
0.799
0.778
0.741
0.684
0.796
0.914
0.889
0.769
0.732
0.791
0.856
0.79
0.739
0.73
0.672
0.609
0.606
0.631
0.687
0.757
0.745
0.673
0.745
0.721
0.691
0.683
0.665
0.777
0.822
0.788
0.793
0.824
0.869
0.864
0.823
0.756
0.67
0.678
0.791
0.763
0.724
0.808
0.707
0.721
0.839
0.83
0.804
0.736
0.76
0.816
0.852
0.838
0.717
0.682
0.771
0.784
0.819
0.805
0.817
0.836
0.804
0.798
0.787
0.805
0.781
0.806
0.831
0.826
0.796
0.839
0.858
0.804
0.754
0.692
0.747
0.835
0.841
0.7
0.686
0.852
0.872
0.796
0.807
0.844
0.775
0.75
0.96
0.932
0.869
0.819
0.746
0.692
0.742
0.812
0.82
0.82
0.805
0.783
0.783
0.823
0.813
0.703
0.646
0.732
0.835
0.728
0.658
0.901
0.784
0.818
0.762
0.686
0.795
0.789
0.809
0.723
0.647
0.63
0.67
0.831
0.698
0.618
0.631
0.691
0.653
0.763
0.761
0.719
0.59
0.758
0.737
0.784
0.683
0.594
0.745
0.705
0.754
0.728
0.692
0.641
0.82
0.843
0.728
0.774
0.81
0.722
0.77
0.834
0.856
0.862
0.794
0.845
0.825
0.679
0.568
0.557
0.572
0.894
0.898
0.693
0.585
0.747
0.917
0.847
0.937
0.849
0.763
0.811
0.883
0.795
0.856
0.619
0.798
0.885
0.871
0.814
0.778
0.727
0.572
0.582
0.732
0.873
0.909
0.836
0.882
0.905
0.924
0.843
0.652
0.652
0.898
0.948
0.914
0.902
0.901
0.919
0.851
0.87
0.881
0.962
0.953
0.912
0.926
0.899
0.793
0.936
0.849
0.768
0.779
0.96
0.944
0.86
0.93
0.869
0.794
0.894
0.867
0.784
0.888
0.943
0.9
0.835
0.891
0.848
0.931
0.935
0.837
0.776
0.87
0.855
0.792
0.876
0.864
0.935
0.958
0.885
0.86
0.879
0.883
0.953
0.979
0.96
0.924
0.923
0.971
0.919
0.914
0.919
0.926
0.845
0.903
0.911
0.919
0.871
0.852
0.875
0.892
0.897
0.959
0.855
0.816
0.872
0.922
0.888
0.865
0.831
0.762
0.727
0.859
0.857
0.826
0.91
0.919
0.836
0.759
0.774
0.818
0.691
0.725
0.538
0.528
0.798
0.705
0.832
0.859
0.899
0.865
0.875
0.712
0.549
0.654
0.806
0.899
0.91
0.87
0.854
0.845
0.946
0.896
0.856
0.813
0.751
0.702
0.55
0.61
0.756
0.764
0.725
0.671
0.72
0.756
0.828
0.671
0.578
0.666
0.752
0.708
0.69
0.8
0.789
0.818
0.794
0.625
0.763
0.697
0.69
0.644
0.632
0.768
0.868
0.885
0.684
0.684
0.752
0.705
0.789
0.736
0.737
0.722
0.742
0.721
0.72
0.781
0.86
0.768
0.772
0.776
0.775
0.822
0.835
0.791
0.765
0.786
0.836
0.788
0.781
0.805
0.758
0.794
0.829
0.689
0.691
0.692
0.658
0.635
0.651
0.704
0.746
0.746
0.856
0.946
0.881
0.829
0.824
0.751
0.795
0.806
0.805
0.752
0.641
0.729
0.745
0.697
0.72
0.844
0.686
0.694
0.732
0.722
0.686
0.716
0.712
0.813
0.82
0.789
0.79
0.783
0.798
0.761
0.77
0.782
0.846
0.8
0.809
0.779
0.742
0.761
0.812
0.762
0.772
0.793
0.817
0.784
0.748
0.778
0.875
0.909
0.836
0.778
0.83
0.85
0.79
0.738
0.808
0.861
0.844
0.749
0.737
0.721
0.763
0.821
0.834
0.813
0.788
0.761
0.74
0.727
0.742
0.854
0.893
0.922
0.841
0.763
0.823
0.815
0.804
0.82
0.844
0.85
0.891
0.872
0.751
0.737
0.76
0.814
0.791
0.792
0.775
0.811
0.867
0.84
0.704
0.679
0.743
0.74
0.743
0.767
0.794
0.799
0.744
0.71
0.69
0.629
0.587
0.609
0.684
0.722
0.668
0.635
0.696
0.803
0.643
0.622
0.725
0.554
0.603
0.61
0.571
0.549
0.665
0.687
0.613
0.718
0.709
0.863
0.808
0.854
0.791
0.611
0.828
0.928
0.902
0.84
0.807
0.885
0.842
0.68
0.649
0.789
0.791
0.869
0.792
0.634
0.76
0.913
0.783
0.905
0.714
0.71
0.768
0.593
0.559
0.604
0.759
0.737
0.728
0.686
0.593
0.768
0.898
0.927
0.952
0.917
0.787
0.767
0.918
0.969
0.873
0.832
0.757
0.814
0.794
0.851
0.843
0.864
0.866
0.841
0.893
0.912
0.989
0.859
0.861
0.976
0.836
0.901
0.85
0.8
0.866
0.859
0.84
0.886
0.892
0.8
0.906
0.911
0.906
0.917
0.956
0.926
0.932
0.917
0.965
0.979
0.977
0.887
0.991
0.972
0.901
0.932
0.953
0.928
0.956
0.975
0.984
0.991
1.011
0.949
0.865
0.747
0.791
0.7
0.664
0.907
0.858
0.856
0.881
0.841
1.021
0.967
0.959
0.919
0.931
0.994
0.966
0.963
0.944
0.965
0.965
0.972
0.953
0.895
0.882
0.942
0.97
0.869
0.903
0.892
0.827
0.906
0.96
0.865
0.646
0.515
0.727
0.876
0.926
0.952
0.847
0.867
0.903
0.861
0.895
0.959
0.904
0.808
0.854
0.95
0.919
0.874
0.862
0.602
0.607
0.719
0.923
0.871
0.716
0.678
0.735
0.742
0.78
0.831
0.911
0.901
0.832
0.807
0.902
0.842
0.795
0.806
0.769
0.864
0.777
0.728
0.801
0.785
0.841
0.681
0.662
0.661
0.737
0.839
0.81
0.738
0.722
0.717
0.752
0.703
0.643
0.7
0.656
0.602
0.618
0.63
0.726
0.8
0.911
0.923
0.836
0.713
0.854
0.815
0.716
0.743
0.811
0.71
0.708
0.81
0.638
0.645
0.602
0.639
0.668
0.641
0.697
0.716
0.841
0.794
0.801
0.768
0.749
0.679
0.673
0.826
0.828
0.643
0.721
0.818
0.822
0.787
0.665
0.673
0.67
0.679
0.598
0.615
0.65
0.774
0.858
0.803
0.719
0.664
0.619
0.639
0.669
0.698
0.741
0.779
0.846
0.774
0.786
0.771
0.729
0.791
0.781
0.717
0.629
0.719
0.646
0.65
0.672
0.625
0.687
0.68
0.73
0.723
0.777
0.76
0.747
0.706
0.754
0.751
0.753
0.754
0.68
0.62
0.596
0.747
0.773
0.839
0.805
0.857
0.812
0.817
0.797
0.723
0.776
0.763
0.751
0.785
0.821
0.767
0.881
0.768
0.718
0.708
0.714
0.713
0.724
0.699
0.744
0.819
0.776
0.766
0.733
0.768
0.779
0.805
0.809
0.814
0.902
0.849
0.784
0.734
0.788
0.772
0.833
0.782
0.738
0.773
0.755
0.754
0.792
0.85
0.716
0.666
0.875
0.826
0.705
0.649
0.658
0.581
0.678
0.678
0.645
0.689
0.737
0.687
0.622
0.545
0.564
0.643
0.662
0.863
0.902
0.747
0.71
0.702
0.562
0.662
0.822
0.834
0.811
0.832
0.761
0.656
0.718
0.61
0.65
0.706
0.744
0.705
0.692
0.728
0.723
0.763
0.77
0.874
0.871
0.851
0.855
0.755
0.647
0.646
0.607
0.623
0.611
0.746
0.791
0.705
0.667
0.854
0.807
0.642
0.645
0.64
0.547
0.623
0.706
0.757
0.65
0.595
0.625
0.758
0.808
0.749
0.754
0.829
0.601
0.623
0.569
0.643
0.578
0.947
0.894
0.641
0.743
0.684
0.708
0.808
0.747
0.688
0.844
0.804
0.814
0.842
0.896
0.889
0.731
0.809
0.803
0.811
0.946
0.911
0.908
0.872
0.931
0.939
0.965
0.958
0.919
0.92
0.904
0.973
0.963
0.864
0.915
0.895
0.928
0.945
0.997
0.96
0.97
0.989
0.947
0.956
0.952
0.963
0.953
0.975
0.924
0.914
0.937
0.9
0.91
0.704
0.803
0.882
0.853
0.823
0.913
0.829
0.899
0.836
0.705
0.833
0.948
0.904
0.855
0.913
0.894
0.796
0.892
0.858
0.854
0.726
0.776
0.803
0.908
0.869
0.799
0.79
0.86
0.968
0.952
0.879
0.834
0.84
0.79
0.791
0.904
0.912
0.859
0.845
0.847
0.817
0.849
0.845
0.588
0.642
0.687
0.735
0.782
0.816
0.788
0.777
0.609
0.772
0.801
0.744
0.905
0.782
0.766
0.793
0.891
0.842
0.811
0.98
0.907
0.835
0.9
0.858
0.754
0.656
0.606
0.754
0.646
0.672
0.691
0.543
0.68
0.788
0.717
0.716
0.767
0.672
0.804
0.791
0.686
0.741
0.788
0.81
0.843
0.736
0.732
0.662
0.794
0.806
0.694
0.645
0.628
0.737
0.715
0.729
0.748
0.709
0.771
0.761
0.706
0.628
0.634
0.6
0.677
0.75
0.774
0.641
0.611
0.64
0.689
0.775
0.8
0.754
0.769
0.717
0.721
0.744
0.593
0.548
0.646
0.726
0.865
0.87
0.863
0.843
0.891
0.831
0.777
0.764
0.849
0.754
0.739
0.701
0.593
0.584
0.752
0.841
0.772
0.721
0.686
0.634
0.7
0.763
0.778
0.727
0.762
0.59
0.532
0.623
0.714
0.726
0.751
0.69
0.75
0.736
0.675
0.589
0.567
0.668
0.744
0.761
0.689
0.763
0.808
0.793
0.707
0.66
0.773
0.778
0.738
0.743
0.682
0.684
0.741
0.783
0.796
0.748
0.676
0.655
0.644
0.764
0.808
0.763
0.833
0.787
0.807
0.821
0.778
0.762
0.805
0.798
0.809
0.788
0.79
0.71
0.736
0.776
0.787
0.84
0.845
0.822
0.82
0.816
0.818
0.82
0.857
0.8
0.728
0.809
0.819
0.8
0.804
0.809
0.835
0.767
0.722
0.805
0.784
0.719
0.75
0.825
0.837
0.813
0.712
0.737
0.776
0.778
0.777
0.788
0.811
0.917
0.948
0.88
0.851
0.827
0.823
0.859
0.759
0.73
0.735
0.708
0.716
0.736
0.835
0.851
0.84
0.763
0.755
0.747
0.743
0.699
0.805
0.776
0.783
0.682
0.831
0.836
0.815
0.714
0.626
0.609
0.751
0.667
0.772
0.735
0.7
0.798
0.827
0.77
0.656
0.698
0.671
0.637
0.743
0.818
0.671
0.659
0.672
0.583
0.623
0.953
0.869
0.91
0.79
0.721
0.839
0.836
0.785
0.739
0.657
0.904
0.823
0.65
0.742
0.792
0.68
0.64
0.763
0.717
0.678
0.688
0.85
0.918
0.833
0.835
0.95
0.793
0.817
0.804
0.867
0.97
0.858
0.818
0.878
0.738
0.678
0.748
0.795
0.688
0.7
0.805
0.809
0.709
0.83
0.913
0.928
0.768
0.828
0.673
0.763
0.798
0.803
0.556
0.394
0.546
0.696
0.775
0.881
0.876
0.861
0.807
0.933
0.792
0.75
0.772
0.87
0.984
0.899
0.891
0.911
0.926
0.895
0.842
0.837
0.867
0.897
0.904
0.826
0.835
0.879
0.977
0.934
0.881
0.863
0.829
0.657
0.773
0.901
0.964
0.923
0.933
0.82
0.693
0.81
0.885
0.778
0.893
0.956
0.911
0.933
0.806
0.866
0.933
0.882
0.844
0.903
0.861
0.91
0.899
0.733
0.681
0.733
0.786
0.847
0.88
0.885
0.877
0.896
0.926
0.924
0.855
0.88
0.892
0.959
0.871
0.955
0.946
0.964
0.939
0.82
0.894
0.967
0.962
0.942
0.874
0.934
0.86
0.821
0.812
0.792
0.572
0.813
0.846
0.86
0.827
0.711
0.674
0.839
0.866
0.8
0.681
0.728
0.634
0.796
0.84
0.895
0.889
0.907
0.915
0.822
0.768
0.777
0.816
0.625
0.675
0.716
0.824
0.703
0.736
0.922
0.702
0.69
0.679
0.811
0.806
0.701
0.867
0.92
0.764
0.654
0.75
0.689
0.703
0.763
0.818
0.674
0.516
0.553
0.695
0.758
0.883
0.919
0.91
0.81
0.701
0.748
0.831
0.827
0.765
0.782
0.789
0.668
0.661
0.702
0.72
0.711
0.63
0.806
0.729
0.622
0.699
0.771
0.801
0.646
0.637
0.782
0.78
0.745
0.62
0.588
0.711
0.71
0.746
0.69
0.679
0.654
0.564
0.603
0.676
0.704
0.779
0.845
0.7
0.678
0.739
0.72
0.568
0.549
0.642
0.638
0.627
0.672
0.531
0.651
0.609
0.704
0.646
0.657
0.643
0.591
0.672
0.71
0.686
0.711
0.777
0.702
0.604
0.632
0.665
0.604
0.726
0.756
0.663
0.629
0.685
0.731
0.716
0.737
0.668
0.699
0.641
0.708
0.599
0.712
0.787
0.802
0.735
0.634
0.603
0.625
0.731
0.711
0.732
0.811
0.768
0.802
0.736
0.613
0.673
0.69
0.707
0.649
0.87
0.814
0.836
0.811
0.768
0.803
0.738
0.709
0.699
0.633
0.74
0.765
0.653
0.624
0.86
0.978
0.923
0.881
0.806
0.809
0.862
0.796
0.753
0.766
0.72
0.807
0.768
0.721
0.694
0.721
0.78
0.704
0.706
0.75
0.841
0.883
0.816
0.828
0.765
0.674
0.74
0.71
0.626
0.654
0.705
0.727
0.765
0.73
0.669
0.59
0.698
0.675
0.788
0.76
0.665
0.617
0.61
0.738
0.82
0.732
0.642
0.725
0.713
0.726
0.639
0.638
0.767
0.879
0.724
0.635
0.645
0.662
0.803
0.744
0.772
0.734
0.575
0.514
0.566
0.92
0.755
0.734
0.827
0.911
0.672
0.56
0.608
0.649
0.663
0.58
0.577
0.592
0.665
0.635
0.731
0.587
0.632
0.692
0.784
0.872
0.813
0.768
0.622
0.648
0.66
0.82
0.785
0.881
0.929
0.869
0.785
0.834
0.883
0.933
0.863
0.829
0.798
0.826
0.88
0.921
0.881
0.779
0.881
0.889
0.95
0.939
0.944
0.941
0.968
0.933
0.932
0.826
0.894
0.939
0.923
1.013
0.955
0.986
0.987
0.934
0.93
0.727
0.835
0.845
0.939
0.954
0.902
0.892
0.911
0.926
0.882
0.887
0.895
0.904
0.932
0.965
0.941
0.91
0.828
0.917
0.827
0.855
0.868
0.891
0.915
0.909
0.849
0.769
0.656
0.79
0.899
0.883
0.853
0.846
0.917
0.939
0.927
0.824
0.809
0.816
0.95
0.94
0.955
0.968
1.001
0.974
0.933
0.922
0.876
0.864
0.681
0.876
0.906
0.93
0.903
0.881
0.965
0.875
0.484
0.472
0.687
0.91
0.896
0.898
0.92
0.955
0.816
0.736
0.923
0.885
0.84
0.924
0.902
0.926
0.916
0.865
0.87
0.808
0.89
0.876
0.852
0.858
0.835
0.771
0.785
0.777
0.862
0.942
0.754
0.81
0.882
0.851
0.753
0.687
0.769
0.783
0.847
0.726
0.81
0.919
0.9
0.648
0.661
0.915
0.774
0.739
0.778
0.744
0.779
0.859
0.875
0.855
0.878
0.746
0.581
0.636
0.706
0.683
0.676
0.84
0.794
0.737
0.692
0.645
0.711
0.724
0.654
0.711
0.714
0.631
0.784
0.82
0.797
0.719
0.607
0.575
0.761
0.917
0.813
0.721
0.835
0.866
0.757
0.873
0.802
0.769
0.709
0.738
0.685
0.627
0.718
0.747
0.71
0.719
0.632
0.753
0.84
0.712
0.586
0.595
0.756
0.703
0.605
0.69
0.822
0.788
0.756
0.763
0.763
0.748
0.828
0.695
0.722
0.76
0.74
0.652
0.734
0.739
0.728
0.735
0.634
0.695
0.719
0.713
0.727
0.741
0.819
0.793
0.81
0.779
0.791
0.682
0.739
0.859
0.807
0.763
0.797
0.783
0.824
0.794
0.767
0.791
0.781
0.784
0.759
0.686
0.784
0.801
0.751
0.783
0.837
0.813
0.794
0.793
0.714
0.763
0.835
0.742
0.747
0.733
0.789
0.807
0.807
0.796
0.744
0.775
0.818
0.802
0.769
0.767
0.73
0.777
0.805
0.73
0.755
0.756
0.778
0.719
0.79
0.798
0.809
0.788
0.785
0.804
0.745
0.756
0.793
0.764
0.806
0.87
0.826
0.707
0.587
0.628
0.7
0.651
0.72
0.765
0.685
0.668
0.67
0.703
0.586
0.635
0.77
0.896
0.852
0.836
0.728
0.72
0.752
0.723
0.646
0.676
0.757
0.726
0.691
0.655
0.739
0.807
0.761
0.775
0.789
0.757
0.749
0.694
0.614
0.587
0.734
0.691
0.806
0.68
0.501
0.65
0.597
0.501
0.659
0.74
0.797
0.658
0.61
0.569
0.529
0.708
0.658
0.693
0.8
0.847
0.703
0.673
0.718
0.701
0.576
0.617
0.749
0.817
0.75
0.633
0.521
0.593
0.803
0.667
0.802
0.799
0.751
0.743
0.859
0.917
0.983
0.779
0.781
0.736
0.749
0.813
0.753
0.764
0.765
0.896
0.901
0.866
0.864
0.851
0.865
0.94
0.954
0.87
0.814
0.871
0.675
0.72
0.785
0.848
0.873
0.921
0.889
0.872
0.806
0.793
0.874
0.768
0.931
0.957
0.986
0.975
0.949
0.849
0.96
0.983
0.912
0.963
0.976
0.933
0.795
0.798
0.831
0.791
0.834
0.911
0.912
0.796
0.865
0.963
0.889
0.917
0.949
0.935
0.935
0.932
0.886
0.893
0.843
0.977
0.907
0.948
0.914
0.959
1.004
1.016
0.827
0.867
0.892
0.896
0.931
0.965
0.682
0.825
0.878
0.735
0.819
0.84
0.764
0.936
0.917
0.883
0.852
0.947
0.983
0.854
0.816
0.93
0.886
0.777
0.627
0.846
0.741
0.584
0.802
0.834
0.794
0.755
0.781
0.893
0.955
0.625
0.728
0.607
0.48
0.35
0.617
0.85
0.865
0.986
0.834
0.929
0.908
0.441
0.558
0.615
0.629
0.709
0.717
0.818
0.737
0.602
0.591
0.587
0.671
0.639
0.853
0.812
0.668
0.778
0.871
0.761
0.765
0.684
0.616
0.891
0.724
0.776
0.867
0.785
0.664
0.601
0.643
0.725
0.643
0.743
0.926
0.876
0.673
0.553
0.566
0.713
0.953
0.836
0.778
0.669
0.712
0.709
0.674
0.639
0.802
0.848
0.869
0.812
0.707
0.6
0.561
0.702
0.75
0.834
0.764
0.805
0.772
0.669
0.524
0.735
0.749
0.672
0.834
0.625
0.524
0.528
0.545
0.602
0.641
0.744
0.709
0.749
0.836
0.884
0.907
0.795
0.65
0.643
0.759
0.866
0.832
0.706
0.652
0.603
0.647
0.821
0.812
0.839
0.936
0.813
0.684
0.671
0.644
0.678
0.842
0.815
0.795
0.786
0.764
0.751
0.718
0.651
0.652
0.765
0.715
0.65
0.714
0.841
0.858
0.892
0.851
0.807
0.794
0.696
0.689
0.713
0.733
0.721
0.792
0.709
0.667
0.643
0.688
0.78
0.736
0.814
0.78
0.743
0.782
0.868
0.861
0.789
0.847
0.809
0.786
0.772
0.849
0.726
0.77
0.738
0.768
0.727
0.803
0.792
0.641
0.617
0.804
0.82
0.826
0.831
0.769
0.749
0.73
0.66
0.644
0.744
0.811
0.727
0.806
0.699
0.786
0.77
0.673
0.573
0.721
0.746
0.891
0.816
0.732
0.676
0.652
0.649
0.67
0.673
0.605
0.633
0.83
0.918
0.864
0.78
0.746
0.735
0.63
0.65
0.673
0.699
0.714
0.589
0.649
0.695
0.847
0.796
0.77
0.676
0.677
0.781
0.742
0.624
0.658
0.629
0.513
0.798
0.702
0.76
0.668
0.72
0.711
0.74
0.956
0.778
0.651
0.725
0.731
0.786
0.862
0.831
0.704
0.615
0.625
0.694
0.687
0.733
0.952
0.912
0.779
0.638
0.713
0.842
0.748
0.839
0.848
0.611
0.659
0.736
0.603
0.64
0.626
0.625
0.772
0.736
0.776
0.737
0.781
0.77
0.758
0.759
0.757
0.756
0.847
0.87
0.797
0.813
0.816
0.837
0.83
0.822
0.799
0.787
0.742
0.815
0.806
0.673
0.797
0.884
0.658
0.676
0.658
0.81
0.844
0.891
0.625
0.648
0.689
0.83
0.941
0.903
0.652
0.768
0.781
0.933
0.897
0.93
0.928
0.898
0.944
0.929
0.862
0.76
0.867
0.74
0.898
0.962
0.884
0.764
0.765
0.86
0.914
0.936
0.919
0.922
0.847
0.917
0.921
0.926
0.951
0.978
0.961
0.972
0.992
0.98
0.978
0.926
0.944
0.958
0.945
0.951
0.936
0.767
0.693
0.735
0.544
0.711
0.834
0.864
0.927
0.947
0.882
0.897
0.874
0.907
0.862
0.944
0.926
0.913
0.965
0.943
0.951
0.961
0.937
0.945
0.933
0.953
0.953
0.877
0.975
0.964
0.955
0.893
0.885
0.945
0.958
0.939
0.909
0.919
0.886
0.854
0.81
0.786
0.766
0.789
0.902
0.844
0.919
0.988
0.948
0.892
0.691
0.519
0.538
0.703
0.728
0.81
0.874
0.809
0.613
0.738
0.62
0.731
0.955
0.834
0.71
0.624
0.672
0.632
0.624
0.637
0.576
0.652
0.674
0.864
0.732
0.627
0.647
0.554
0.754
0.692
0.579
0.703
0.607
0.679
0.67
0.579
0.524
0.587
0.656
0.788
0.91
0.904
0.707
0.597
0.547
0.693
0.755
0.817
0.742
0.634
0.628
0.672
0.75
0.834
0.66
0.515
0.861
0.893
0.88
0.745
0.666
0.696
0.893
0.947
0.818
0.64
0.69
0.808
0.746
0.775
0.765
0.734
0.683
0.717
0.707
0.614
0.691
0.772
0.693
0.785
0.759
0.806
0.839
0.712
0.637
0.851
0.716
0.729
0.789
0.793
0.837
0.88
0.777
0.763
0.768
0.764
0.728
0.705
0.756
0.774
0.762
0.697
0.67
0.801
0.805
0.719
0.634
0.606
0.586
0.576
0.68
0.753
0.709
0.702
0.69
0.797
0.689
0.651
0.764
0.791
0.789
0.774
0.76
0.749
0.805
0.793
0.776
0.794
0.728
0.81
0.806
0.841
0.716
0.664
0.813
0.794
0.663
0.739
0.808
0.801
0.805
0.832
0.817
0.762
0.71
0.719
0.734
0.746
0.822
0.81
0.83
0.813
0.787
0.749
0.682
0.673
0.608
0.658
0.778
0.769
0.796
0.843
0.769
0.664
0.57
0.533
0.615
0.582
0.522
0.51
0.599
0.614
0.604
0.508
0.405
0.405
0.508
0.545
0.563
0.722
0.734
0.491
0.51
0.53
0.696
0.785
0.591
0.738
0.711
0.546
0.558
0.579
0.497
0.576
0.643
0.827
0.94
0.769
0.695
0.661
0.737
0.776
0.725
0.629
0.597
0.547
0.506
0.446
0.622
0.515
0.635
0.65
0.682
0.543
0.593
0.541
0.546
0.523
0.477
0.541
0.5
0.43
0.461
0.681
0.773
0.547
0.509
0.626
0.486
0.58
0.597
0.668
0.618
0.601
0.642
0.667
0.484
0.467
0.588
0.76
0.749
0.631
0.644
0.734
0.613
0.645
0.779
0.75
0.681
0.789
0.824
0.781
0.824
0.722
0.91
0.751
0.846
0.886
0.829
0.955
0.784
0.674
0.719
0.78
0.744
0.765
0.744
0.869
0.871
0.886
0.909
0.922
0.834
0.817
0.89
0.933
0.933
0.928
0.95
0.958
0.934
0.936
0.911
0.878
0.909
0.913
0.885
0.953
0.975
0.96
0.932
0.949
0.559
0.704
0.77
0.604
0.861
0.823
0.872
0.906
0.854
0.936
0.883
0.878
0.905
0.923
0.796
0.883
0.98
0.923
0.883
0.804
0.841
0.78
0.917
0.961
0.954
0.942
0.947
0.954
0.928
0.902
0.92
0.934
0.912
0.968
0.973
1.002
0.978
0.869
0.878
0.916
0.974
0.889
0.941
0.915
0.893
0.909
0.837
0.754
0.656
0.652
0.934
0.898
0.99
0.962
0.918
0.938
0.922
0.905
0.808
0.821
0.806
0.864
0.91
0.849
0.859
0.828
0.95
0.938
0.825
0.826
0.818
0.788
0.902
0.862
0.794
0.76
0.745
0.749
0.833
0.858
0.916
0.755
0.609
0.55
0.594
0.64
0.596
0.71
0.792
0.681
0.739
0.759
0.906
0.728
0.695
0.819
0.913
0.874
0.85
0.794
0.749
0.635
0.59
0.8
0.817
0.71
0.805
0.909
0.904
0.761
0.858
0.839
0.821
0.927
0.816
0.792
0.812
0.753
0.669
0.791
0.747
0.857
0.772
0.612
0.71
0.687
0.756
0.737
0.771
0.843
0.831
0.801
0.805
0.954
0.91
0.934
0.892
0.878
0.857
0.752
0.718
0.749
0.76
0.849
0.81
0.923
0.84
0.859
0.749
0.717
0.68
0.669
0.702
0.719
0.74
0.675
0.717
0.711
0.748
0.805
0.828
0.804
0.715
0.699
0.749
0.761
0.775
0.795
0.784
0.851
0.82
0.774
0.828
0.873
0.789
0.705
0.724
0.778
0.763
0.649
0.662
0.753
0.77
0.688
0.67
0.665
0.691
0.736
0.653
0.698
0.772
0.79
0.754
0.764
0.791
0.799
0.781
0.812
0.835
0.797
0.778
0.777
0.773
0.791
0.782
0.754
0.775
0.789
0.8
0.709
0.67
0.743
0.823
0.824
0.838
0.832
0.813
0.822
0.828
0.814
0.776
0.719
0.66
0.718
0.817
0.809
0.721
0.653
0.713
0.685
0.652
0.759
0.687
0.587
0.731
0.762
0.766
0.752
0.774
0.677
0.576
0.683
0.679
0.595
0.537
0.697
0.778
0.79
0.92
0.901
0.877
0.822
0.766
0.753
0.727
0.797
0.742
0.634
0.794
0.787
0.835
0.833
0.841
0.736
0.905
0.806
0.858
0.868
0.795
0.789
0.875
0.881
0.832
0.723
0.716
0.719
0.686
0.749
0.751
0.711
0.648
0.664
0.665
0.766
0.851
0.748
0.63
0.766
0.666
0.721
0.959
0.969
0.811
0.716
0.657
0.714
0.661
0.759
0.881
0.748
0.677
0.701
0.702
0.733
0.606
0.684
0.788
0.701
0.649
0.838
0.815
0.81
0.719
0.691
0.647
0.713
0.9
0.852
0.786
0.581
0.508
0.608
0.8
0.776
0.921
0.843
0.848
0.81
0.806
0.906
0.885
0.969
0.845
0.898
0.905
0.856
0.89
0.982
0.903
0.864
0.837
0.902
0.731
0.779
0.795
0.849
0.932
0.947
0.743
0.862
0.906
0.89
0.923
0.958
0.917
0.849
0.821
0.838
0.856
0.921
0.802
0.876
0.959
0.914
0.928
0.663
0.535
0.656
0.913
0.89
0.884
0.821
0.776
0.858
0.873
0.981
0.774
0.75
0.664
0.826
0.943
0.608
0.715
0.538
0.9
0.959
0.937
0.814
0.846
0.947
0.918
0.877
0.778
0.828
0.847
0.886
0.835
0.789
0.898
0.896
0.848
0.866
0.797
0.791
0.82
0.821
0.824
0.918
0.943
0.925
0.92
0.884
0.832
0.713
0.819
0.902
0.896
0.859
0.922
0.801
0.711
0.738
0.762
0.862
0.83
0.895
0.846
0.803
0.829
0.69
0.718
0.859
0.676
0.649
0.699
0.832
0.809
0.743
0.822
0.835
0.79
0.786
0.778
0.778
0.74
0.737
0.765
0.844
0.885
0.793
0.659
0.733
0.73
0.857
0.861
0.845
0.798
0.838
0.78
0.761
0.692
0.591
0.557
0.574
0.67
0.716
0.646
0.587
0.758
0.813
0.745
0.665
0.663
0.658
0.694
0.813
0.757
0.604
0.555
0.594
0.84
0.618
0.68
0.682
0.765
0.795
0.828
0.73
0.759
0.86
0.778
0.845
0.79
0.675
0.676
0.528
0.528
0.681
0.724
0.574
0.608
0.621
0.651
0.652
0.59
0.615
0.756
0.706
0.71
0.671
0.715
0.723
0.654
0.661
0.607
0.745
0.913
0.674
0.633
0.654
0.747
0.654
0.538
0.518
0.524
0.527
0.719
0.724
0.656
0.649
0.685
0.669
0.723
0.722
0.666
0.642
0.667
0.722
0.616
0.535
0.633
0.604
0.516
0.585
0.638
0.629
0.631
0.679
0.651
0.65
0.638
0.639
0.602
0.707
0.69
0.599
0.635
0.61
0.61
0.651
0.662
0.534
0.473
0.562
0.722
0.819
0.706
0.569
0.587
0.602
0.565
0.542
0.63
0.732
0.591
0.483
0.481
0.57
0.401
0.344
0.548
0.732
0.602
0.522
0.588
0.725
0.83
0.879
0.725
0.659
0.792
0.693
0.667
0.718
0.611
0.521
0.54
0.516
0.469
0.413
0.407
0.458
0.467
0.706
0.727
0.696
0.627
0.547
0.665
0.82
0.782
0.802
0.776
0.663
0.602
0.743
0.679
0.569
0.54
0.583
0.595
0.71
0.578
0.495
0.528
0.808
0.576
0.544
0.552
0.797
0.716
0.606
0.66
0.814
0.81
0.796
0.643
0.657
0.702
0.905
0.837
0.68
0.826
0.773
0.723
0.611
0.66
0.694
0.565
0.619
0.742
0.818
0.777
0.695
0.629
0.688
0.682
0.823
0.722
0.692
0.755
0.77
0.693
0.773
0.764
0.736
0.669
0.794
0.863
0.743
0.694
0.702
0.682
0.644
0.679
0.769
0.768
0.706
0.687
0.577
0.744
0.633
0.609
0.786
0.704
0.722
0.78
0.72
0.698
0.711
0.719
0.741
0.653
0.608
0.753
0.628
0.63
0.686
0.72
0.851
0.856
0.903
0.908
0.761
0.775
0.865
0.939
0.922
0.889
0.702
0.699
0.706
0.735
0.788
0.867
0.857
0.81
0.767
0.833
0.834
0.73
0.817
0.922
0.908
0.931
0.911
0.94
0.97
0.925
0.94
0.919
0.903
0.938
0.908
0.967
0.95
0.927
0.93
0.904
0.888
0.947
0.934
0.953
0.76
0.639
0.62
0.734
0.534
0.696
0.693
0.427
0.427
0.761
0.764
0.775
0.85
0.84
0.948
0.924
0.843
0.825
0.49
0.765
0.838
0.868
0.955
0.915
0.937
0.94
0.914
0.907
0.875
0.769
0.783
0.839
0.806
0.472
0.601
0.607
0.803
0.507
0.605
0.923
0.937
0.879
0.816
0.973
0.989
0.93
0.893
0.851
0.722
0.743
0.696
0.894
0.875
0.82
0.765
0.792
0.848
0.846
0.694
0.58
0.654
0.899
0.741
0.897
0.813
0.678
0.67
0.713
0.725
0.81
0.853
0.821
0.75
0.674
0.63
0.528
0.671
0.66
0.526
0.554
0.442
0.603
0.593
0.624
0.739
0.752
0.858
0.935
0.883
0.848
0.759
0.853
0.849
0.781
0.837
0.843
0.67
0.632
0.691
0.617
0.907
0.734
0.568
0.526
0.829
0.841
0.752
0.692
0.672
0.656
0.591
0.675
0.698
0.75
0.748
0.588
0.668
0.777
0.682
0.616
0.573
0.664
0.556
0.646
0.764
0.782
0.722
0.698
0.707
0.771
0.726
0.67
0.59
0.786
0.817
0.736
0.689
0.7
0.764
0.751
0.755
0.656
0.703
0.818
0.825
0.722
0.703
0.871
0.774
0.718
0.766
0.73
0.684
0.753
0.709
0.709
0.747
0.684
0.646
0.672
0.73
0.708
0.736
0.752
0.757
0.741
0.752
0.812
0.876
0.903
0.837
0.753
0.818
0.801
0.825
0.783
0.805
0.821
0.789
0.805
0.824
0.839
0.812
0.779
0.759
0.758
0.791
0.827
0.791
0.803
0.804
0.809
0.784
0.692
0.816
0.807
0.782
0.677
0.752
0.782
0.749
0.772
0.676
0.629
0.718
0.836
0.791
0.746
0.614
0.74
0.666
0.665
0.62
0.552
0.512
0.588
0.625
0.561
0.492
0.522
0.593
0.585
0.517
0.492
0.438
0.507
0.631
0.653
0.584
0.544
0.615
0.567
0.604
0.459
0.461
0.463
0.437
0.581
0.65
0.48
0.469
0.529
0.602
0.506
0.424
0.663
0.578
0.592
0.6
0.649
0.732
0.624
0.711
0.707
0.699
0.675
0.686
0.668
0.77
0.784
0.659
0.603
0.669
0.795
0.795
0.786
0.779
0.628
0.641
0.654
0.695
0.77
0.68
0.678
0.742
0.683
0.764
0.689
0.767
0.624
0.596
0.595
0.598
0.586
0.639
0.565
0.665
0.643
0.7
0.744
0.904
0.807
0.831
0.726
0.612
0.685
0.77
0.779
0.58
0.569
0.631
0.688
0.588
0.683
0.512
0.526
0.796
0.858
0.698
0.577
0.643
0.678
0.933
0.738
0.461
0.643
0.748
0.68
0.692
0.728
0.761
0.835
0.852
0.886
0.878
0.781
0.736
0.734
0.86
0.925
0.849
0.89
0.838
0.929
0.974
0.949
0.922
0.973
0.941
0.968
0.972
0.995
0.917
0.839
0.572
0.791
0.906
0.877
0.822
0.853
0.727
0.763
0.915
0.928
0.852
0.876
0.95
1.005
0.739
0.943
0.96
0.978
0.973
0.929
0.882
0.946
0.841
0.821
0.937
0.875
0.944
0.95
0.879
0.861
0.86
0.793
0.855
0.765
0.889
0.772
0.828
0.863
0.855
0.945
0.936
0.908
0.912
0.927
0.896
0.86
0.909
0.924
0.824
0.8
0.897
0.948
0.928
0.885
0.908
0.915
0.915
0.908
0.938
0.851
0.819
0.873
0.897
0.893
0.796
0.785
0.785
0.887
0.897
0.836
0.872
0.859
0.914
0.994
0.915
0.924
0.864
0.882
0.941
0.86
0.882
0.858
0.802
0.796
0.845
0.906
0.858
0.782
0.799
0.642
0.418
0.594
0.454
0.549
0.819
0.863
0.728
0.558
0.651
0.657
0.837
0.953
0.736
0.578
0.804
0.835
0.719
0.66
0.701
0.562
0.697
0.725
0.858
0.564
0.63
0.661
0.706
0.629
0.502
0.68
0.667
0.537
0.789
0.659
0.717
0.756
0.796
0.832
0.782
0.821
0.752
0.62
0.639
0.712
0.723
0.723
0.688
0.677
0.562
0.685
0.709
0.789
0.882
0.757
0.672
0.555
0.508
0.608
0.703
0.665
0.66
0.613
0.517
0.559
0.684
0.787
0.78
0.704
0.623
0.638
0.703
0.718
0.774
0.747
0.605
0.556
0.719
0.727
0.733
0.79
0.78
0.701
0.663
0.655
0.653
0.616
0.706
0.775
0.803
0.788
0.706
0.722
0.746
0.751
0.732
0.726
0.718
0.746
0.764
0.733
0.717
0.796
0.671
0.548
0.647
0.747
0.765
0.697
0.719
0.704
0.623
0.726
0.682
0.691
0.694
0.601
0.493
0.776
0.769
0.724
0.659
0.617
0.611
0.502
0.463
0.682
0.708
0.653
0.7
0.496
0.414
0.548
0.519
0.502
0.602
0.674
0.521
0.454
0.517
0.565
0.837
0.824
0.699
0.593
0.53
0.552
0.752
0.715
0.637
0.607
0.54
0.649
0.629
0.633
0.597
0.499
0.551
0.586
0.516
0.509
0.644
0.622
0.614
0.49
0.447
0.496
0.67
0.496
0.505
0.55
0.645
0.75
0.692
0.699
0.554
0.591
0.716
0.503
0.522
0.566
0.512
0.636
0.621
0.528
0.548
0.528
0.588
0.604
0.605
0.474
0.612
0.605
0.57
0.656
0.753
0.602
0.619
0.801
0.693
0.6
0.665
0.626
0.61
0.737
0.77
0.885
0.83
0.735
0.748
0.633
0.679
0.817
0.713
0.732
0.612
0.603
0.536
0.546
0.614
0.566
0.655
0.681
0.725
0.617
0.446
0.652
0.73
0.777
0.792
0.709
0.673
0.565
0.662
0.743
0.675
0.631
0.621
0.668
0.905
0.762
0.884
0.802
0.807
0.955
0.906
0.94
0.682
0.698
0.757
0.661
0.606
0.878
0.826
0.616
0.791
0.684
0.81
0.878
0.831
0.644
0.877
0.804
0.688
0.844
0.878
0.912
0.864
0.937
0.79
0.709
0.803
0.723
0.724
0.722
0.902
0.992
0.817
0.822
0.908
0.867
0.651
0.556
0.458
0.428
0.552
0.888
0.964
0.647
0.792
0.781
0.813
0.824
0.798
0.909
0.949
0.914
0.918
0.967
0.955
0.967
0.956
0.944
0.96
0.964
0.933
0.946
0.964
0.964
0.885
0.909
0.928
0.903
0.835
0.87
0.952
0.915
0.97
0.959
0.82
0.964
0.968
0.958
0.955
0.936
1.007
0.882
0.834
0.874
0.691
0.857
0.93
0.851
0.793
0.733
0.925
0.918
0.756
0.917
0.86
0.878
0.781
0.769
0.935
0.889
0.934
0.929
0.755
0.873
0.99
0.987
0.958
0.909
0.879
0.747
0.907
0.838
0.768
0.778
0.766
0.532
0.565
0.727
0.698
0.588
0.57
0.629
0.825
0.862
0.692
0.425
0.504
0.673
0.728
0.674
0.75
0.874
0.667
0.645
0.721
0.944
0.894
0.876
0.799
0.696
0.58
0.688
0.583
0.485
0.798
0.712
0.507
0.722
0.887
0.612
0.705
0.655
0.59
0.696
0.686
0.761
0.709
0.619
0.77
0.696
0.553
0.524
0.639
0.785
0.816
0.694
0.629
0.631
0.656
0.687
0.762
0.704
0.636
0.737
0.785
0.767
0.703
0.716
0.721
0.624
0.581
0.517
0.496
0.668
0.718
0.719
0.716
0.759
0.731
0.923
0.804
0.78
0.766
0.752
0.689
0.762
0.741
0.74
0.711
0.674
0.715
0.733
0.807
0.775
0.779
0.794
0.826
0.824
0.789
0.777
0.779
0.728
0.752
0.702
0.754
0.774
0.924
0.839
0.774
0.771
0.802
0.797
0.767
0.737
0.663
0.774
0.829
0.862
0.924
0.818
0.768
0.813
0.863
0.837
0.832
0.767
0.853
0.833
0.828
0.801
0.809
0.742
0.673
0.715
0.757
0.792
0.736
0.749
0.799
0.772
0.737
0.744
0.806
0.813
0.785
0.776
0.788
0.796
0.836
0.838
0.847
0.817
0.807
0.801
0.842
0.824
0.791
0.825
0.842
0.83
0.821
0.743
0.656
0.779
0.806
0.815
0.851
0.784
0.727
0.785
0.853
0.795
0.801
0.827
0.784
0.806
0.821
0.757
0.733
0.758
0.769
0.676
0.712
0.769
0.73
0.702
0.68
0.618
0.651
0.784
0.853
0.726
0.715
0.72
0.693
0.755
0.746
0.738
0.743
0.824
0.86
0.758
0.712
0.738
0.827
0.856
0.799
0.806
0.684
0.653
0.761
0.685
0.622
0.653
0.733
0.703
0.598
0.652
0.623
0.62
0.494
0.474
0.517
0.638
0.72
0.735
0.706
0.605
0.708
0.932
0.75
0.771
0.703
0.759
0.645
0.614
0.717
0.76
0.74
0.642
0.607
0.591
0.816
0.768
0.81
0.622
0.619
0.646
0.655
0.642
0.605
0.807
0.511
0.583
0.795
0.845
0.904
0.764
0.728
0.883
0.872
0.807
0.879
0.909
0.859
0.756
0.786
0.786
0.726
0.797
0.834
0.886
0.846
0.777
0.807
0.865
0.801
0.848
0.817
0.809
0.648
0.529
0.585
0.809
0.909
0.965
0.795
0.641
0.866
0.941
0.905
0.892
0.9
0.822
0.724
0.705
0.803
0.589
0.521
0.493
0.533
0.849
0.954
0.972
0.795
0.858
0.849
0.973
0.976
0.92
0.686
0.536
0.52
0.785
0.895
0.869
0.734
0.807
0.798
0.892
0.755
0.776
0.771
0.728
0.954
0.885
0.785
0.887
0.812
0.624
0.671
0.707
0.853
0.87
0.691
0.617
0.683
0.587
0.629
0.906
0.916
0.841
0.757
0.743
0.684
0.811
0.763
0.715
0.941
0.908
0.777
0.816
0.814
0.768
0.829
0.715
0.739
0.87
0.884
0.857
0.792
0.786
0.821
0.965
0.847
0.734
0.825
0.873
0.826
0.733
0.576
0.649
0.754
0.594
0.645
0.654
0.757
0.913
0.818
0.758
0.806
0.889
0.714
0.655
0.886
0.833
0.737
0.576
0.824
0.543
0.669
0.866
0.736
0.779
0.726
0.879
0.658
0.69
0.726
0.744
0.672
0.623
0.569
0.588
0.654
0.765
0.79
0.749
0.654
0.704
0.775
0.786
0.833
0.868
0.855
0.879
0.922
0.784
0.732
0.776
0.685
0.664
0.652
0.696
0.893
0.873
0.82
0.758
0.826
0.706
0.633
0.767
0.692
0.589
0.595
0.759
0.647
0.625
0.538
0.608
0.729
0.721
0.658
0.703
0.656
0.583
0.656
0.679
0.611
0.708
0.816
0.672
0.69
0.647
0.592
0.626
0.69
0.663
0.652
0.654
0.788
0.771
0.694
0.59
0.564
0.708
0.662
0.647
0.835
0.698
0.584
0.663
0.687
0.723
0.675
0.578
0.674
0.669
0.606
0.764
0.777
0.765
0.767
0.735
0.738
0.711
0.671
0.708
0.748
0.747
0.74
0.778
0.708
0.735
0.688
0.631
0.683
0.765
0.72
0.746
0.727
0.656
0.608
0.64
0.705
0.794
0.753
0.692
0.678
0.625
0.617
0.627
0.56
0.475
0.478
0.558
0.488
0.744
0.696
0.782
0.85
0.845
0.866
0.829
0.79
0.755
0.76
0.796
0.722
0.619
0.683
0.798
0.703
0.743
0.776
0.731
0.661
0.699
0.771
0.741
0.684
0.636
0.624
0.649
0.646
0.68
0.665
0.777
0.719
0.568
0.589
0.812
0.716
0.684
0.833
0.785
0.686
0.633
0.603
0.611
0.68
0.715
0.674
0.726
0.583
0.768
0.883
0.9
0.837
0.73
0.74
0.697
0.672
0.672
0.636
0.662
0.661
0.681
0.633
0.624
0.715
0.593
0.654
0.817
0.757
0.735
0.69
0.833
0.831
0.694
0.725
0.736
0.681
0.811
0.855
0.789
0.779
0.874
0.706
0.731
0.684
0.745
0.711
0.695
0.736
0.656
0.774
0.78
0.694
0.708
0.685
0.701
0.734
0.726
0.79
0.711
0.678
0.785
0.643
0.712
0.69
0.676
0.85
0.832
0.774
0.762
0.826
0.878
0.844
0.725
0.768
0.762
0.719
0.823
0.909
0.793
0.612
0.719
0.614
0.89
0.939
0.926
0.915
0.853
0.887
0.95
0.916
0.903
0.968
0.954
0.905
0.942
0.918
0.954
0.985
0.858
0.748
0.868
0.766
0.637
0.83
0.928
0.989
0.826
0.688
0.669
0.487
0.637
0.809
0.898
0.884
0.97
0.714
0.615
0.667
0.746
0.9
0.911
0.892
0.958
0.906
0.889
0.979
0.918
0.878
0.825
0.815
0.708
0.771
0.649
0.89
0.879
0.668
0.677
0.653
0.63
0.838
0.937
0.879
0.659
0.603
0.836
0.883
0.649
0.676
0.753
0.623
0.672
0.778
0.786
0.747
0.836
0.841
0.83
0.799
0.816
0.496
0.631
0.812
0.856
0.688
0.508
0.439
0.564
0.786
0.852
0.552
0.571
0.525
0.359
0.42
0.571
0.805
0.62
0.576
0.603
0.917
0.821
0.817
0.761
0.538
0.494
0.819
0.858
0.948
0.87
0.859
0.767
0.858
0.942
0.782
0.642
0.811
0.911
0.841
0.951
0.731
0.637
0.585
0.674
0.73
0.724
0.684
0.723
0.696
0.706
0.613
0.565
0.709
0.776
0.783
0.727
0.617
0.612
0.811
0.76
0.703
0.748
0.894
0.853
0.804
0.826
0.732
0.872
0.969
0.782
0.691
0.635
0.604
0.727
0.844
0.794
0.699
0.721
0.691
0.691
0.725
0.673
0.788
0.876
0.841
0.727
0.644
0.816
0.839
0.766
0.842
0.823
0.717
0.667
0.665
0.67
0.602
0.587
0.605
0.752
0.75
0.748
0.637
0.638
0.662
0.7
0.731
0.735
0.738
0.728
0.659
0.635
0.721
0.719
0.701
0.697
0.677
0.888
0.752
0.701
0.672
0.691
0.643
0.759
0.817
0.814
0.73
0.752
0.727
0.758
0.779
0.792
0.776
0.666
0.811
0.844
0.831
0.833
0.825
0.816
0.796
0.784
0.805
0.783
0.783
0.788
0.775
0.819
0.803
0.786
0.752
0.755
0.812
0.772
0.706
0.675
0.706
0.736
0.806
0.791
0.805
0.806
0.769
0.71
0.736
0.727
0.808
0.827
0.794
0.776
0.793
0.81
0.879
0.837
0.802
0.736
0.762
0.811
0.753
0.685
0.627
0.607
0.718
0.853
0.813
0.778
0.773
0.738
0.806
0.733
0.714
0.792
0.75
0.774
0.749
0.695
0.674
0.707
0.695
0.852
0.846
0.736
0.702
0.673
0.723
0.815
0.765
0.728
0.704
0.617
0.606
0.621
0.574
0.604
0.644
0.591
0.633
0.523
0.508
0.583
0.678
0.731
0.846
0.746
0.709
0.829
0.752
0.881
0.873
0.767
0.675
0.804
0.694
0.571
0.609
0.633
0.551
0.602
0.6
0.72
0.849
0.767
0.679
0.718
0.801
0.8
0.744
0.602
0.619
0.875
0.836
0.814
0.94
0.876
0.741
0.729
0.697
0.528
0.507
0.618
0.812
0.756
0.859
0.864
0.781
0.947
0.86
0.655
0.691
0.686
0.66
0.715
0.754
0.719
0.783
0.702
0.696
0.839
0.799
0.783
0.81
0.724
0.748
0.538
0.595
0.535
0.674
0.727
0.734
0.762
0.66
0.889
0.923
0.912
0.893
0.935
0.882
0.788
0.748
0.898
0.871
0.87
0.866
0.77
0.783
0.738
0.836
0.868
0.86
0.848
0.863
0.888
0.829
0.727
0.764
0.841
0.938
0.999
1.01
0.989
1.007
0.657
0.67
0.872
0.89
0.87
0.897
0.937
0.916
0.946
0.977
0.934
0.858
0.803
0.758
0.855
0.853
0.911
0.497
0.54
0.759
0.39
0.459
0.75
0.855
0.876
0.894
0.836
0.953
0.948
0.951
0.89
0.932
0.942
0.935
0.903
0.753
0.835
0.896
0.941
0.956
0.853
0.903
0.919
0.824
0.668
0.616
0.824
0.963
0.789
0.732
0.705
0.706
0.759
0.824
0.572
0.612
0.589
0.603
0.658
0.673
0.582
0.689
0.552
0.586
0.61
0.595
0.649
0.649
0.59
0.611
0.682
0.587
0.647
0.859
0.892
0.949
0.822
0.769
0.762
0.6
0.901
0.905
0.587
0.7
0.538
0.545
0.629
0.735
0.691
0.792
0.753
0.9
0.952
0.88
0.753
0.757
0.771
0.646
0.56
0.593
0.731
0.856
0.867
0.724
0.612
0.782
0.603
0.58
0.655
0.718
0.821
0.78
0.686
0.699
0.705
0.589
0.637
0.747
0.818
0.898
0.909
0.857
0.787
0.8
0.749
0.797
0.816
0.812
0.815
0.835
0.787
0.655
0.571
0.689
0.709
0.601
0.654
0.775
0.821
0.763
0.859
0.827
0.707
0.702
0.715
0.68
0.704
0.791
0.892
0.862
0.811
0.798
0.655
0.606
0.7
0.694
0.715
0.818
0.863
0.81
0.881
0.923
0.797
0.804
0.796
0.806
0.792
0.709
0.763
0.748
0.769
0.717
0.76
0.71
0.743
0.696
0.718
0.714
0.746
0.739
0.657
0.687
0.689
0.716
0.769
0.751
0.738
0.664
0.795
0.83
0.846
0.876
0.799
0.749
0.757
0.766
0.76
0.688
0.676
0.792
0.832
0.771
0.752
0.738
0.732
0.774
0.81
0.807
0.805
0.806
0.728
0.73
0.716
0.779
0.828
0.846
0.861
0.823
0.798
0.794
0.846
0.774
0.74
0.714
0.824
0.856
0.805
0.794
0.802
0.807
0.789
0.771
0.766
0.756
0.751
0.682
0.781
0.768
0.863
0.929
0.937
0.816
0.743
0.827
0.782
0.783
0.79
0.757
0.735
0.734
0.754
0.702
0.708
0.657
0.851
0.853
0.784
0.604
0.677
0.672
0.678
0.689
0.741
0.777
0.786
0.907
0.847
0.854
0.78
0.702
0.748
0.844
0.744
0.762
0.644
0.79
0.617
0.674
0.568
0.645
0.697
0.634
0.655
0.713
0.658
0.603
0.712
0.938
0.942
0.803
0.672
0.803
0.94
0.871
0.754
0.716
0.802
0.828
0.686
0.656
0.82
0.69
0.648
0.733
0.786
0.625
0.838
0.922
0.925
0.884
0.927
0.854
0.732
0.59
0.681
0.883
0.884
0.912
0.725
0.747
0.818
0.902
0.963
0.865
0.803
0.707
0.753
0.741
0.612
0.544
0.617
0.813
0.811
0.826
0.846
0.866
0.859
0.843
0.837
0.824
0.796
0.927
0.97
0.842
0.803
0.712
0.691
0.756
0.852
0.892
0.788
0.719
0.893
0.929
0.872
0.756
0.781
0.799
0.867
0.823
0.916
0.669
0.503
0.617
0.661
0.898
0.923
0.955
0.914
0.906
0.919
0.901
0.863
0.757
0.883
0.943
0.917
0.765
0.791
0.862
0.959
0.871
0.743
0.791
0.876
1.041
0.937
0.961
0.918
0.95
1.003
0.798
0.453
0.587
0.908
0.966
0.739
0.816
0.859
0.687
0.768
0.876
0.764
0.914
0.862
0.719
0.815
0.92
0.561
0.47
0.646
0.574
0.608
0.759
0.758
0.6
0.465
0.532
0.606
0.489
0.698
0.885
0.729
0.633
0.685
0.916
0.861
0.775
0.649
0.656
0.605
0.583
0.832
0.791
0.646
0.658
0.751
0.561
0.504
0.694
0.889
0.967
0.741
0.618
0.63
0.643
0.612
0.801
0.814
0.771
0.717
0.614
0.676
0.729
0.793
0.658
0.834
0.755
0.717
0.805
0.797
0.951
0.94
0.761
0.639
0.731
0.73
0.758
0.865
0.703
0.78
0.846
0.937
0.874
0.817
0.865
0.888
0.743
0.651
0.794
0.824
0.84
0.83
0.763
0.904
0.908
0.7
0.644
0.683
0.797
0.824
0.76
0.818
0.783
0.813
0.749
0.775
0.798
0.784
0.794
0.825
0.831
0.782
0.705
0.717
0.783
0.661
0.674
0.782
0.822
0.794
0.805
0.845
0.863
0.694
0.588
0.823
0.744
0.852
0.927
0.91
0.902
0.801
0.88
0.788
0.732
0.733
0.775
0.745
0.737
0.666
0.7
0.75
0.768
0.732
0.771
0.783
0.786
0.762
0.802
0.839
0.769
0.781
0.807
0.783
0.809
0.768
0.757
0.758
0.832
0.875
0.828
0.839
0.812
0.829
0.858
0.745
0.75
0.699
0.717
0.757
0.781
0.801
0.821
0.8
0.819
0.773
0.724
0.764
0.748
0.812
0.8
0.781
0.751
0.749
0.704
0.814
0.867
0.823
0.855
0.813
0.812
0.857
0.833
0.792
0.813
0.828
0.78
0.799
0.776
0.897
0.911
0.775
0.786
0.786
0.73
0.864
0.847
0.794
0.809
0.792
0.798
0.807
0.806
0.801
0.791
0.766
0.841
0.844
0.782
0.741
0.803
0.832
0.772
0.759
0.789
0.741
0.676
0.737
0.735
0.669
0.666
0.599
0.771
0.89
0.853
0.759
0.821
0.849
0.803
0.749
0.725
0.601
0.572
0.7
0.773
0.844
0.78
0.574
0.675
0.599
0.792
0.778
0.712
0.666
0.661
0.759
0.735
0.586
0.627
0.719
0.868
0.831
0.742
0.797
0.919
0.945
0.754
0.727
0.659
0.655
0.737
0.641
0.707
0.542
0.493
0.71
0.855
0.806
0.821
0.898
0.941
0.917
0.881
0.856
0.891
0.85
0.902
0.826
0.761
0.818
0.857
0.855
0.85
0.771
0.83
0.779
0.808
0.861
0.829
0.826
0.774
0.774
0.7
0.733
0.966
0.829
0.48
0.559
0.729
0.856
0.759
0.731
0.798
0.778
0.798
0.932
0.885
0.871
0.853
0.89
0.861
0.926
0.902
0.865
0.982
0.941
0.834
0.904
0.885
0.93
0.934
0.794
0.763
0.638
0.671
0.536
0.914
0.981
0.932
0.888
0.905
0.877
0.845
0.518
0.897
0.879
0.888
0.936
0.949
0.868
0.948
0.977
0.942
0.947
0.912
0.82
0.84
0.798
0.888
0.865
0.872
0.922
0.666
0.93
0.875
0.885
0.856
0.895
0.91
0.817
0.88
0.731
0.78
0.87
0.885
0.902
0.783
0.638
0.532
0.552
0.653
0.875
0.947
0.911
0.698
0.512
0.747
0.845
0.861
0.921
0.811
0.698
0.833
0.721
0.674
0.732
0.846
0.828
0.794
0.798
0.644
0.695
0.72
0.766
0.772
0.93
0.902
0.632
0.658
0.845
0.758
0.791
0.771
0.88
0.933
0.869
0.784
0.88
0.872
0.717
0.58
0.739
0.83
0.716
0.836
0.778
0.685
0.662
0.676
0.75
0.867
0.557
0.673
0.585
0.696
0.755
0.735
0.694
0.726
0.631
0.842
0.863
0.793
0.782
0.608
0.744
0.831
0.866
0.787
0.667
0.684
0.688
0.727
0.643
0.618
0.67
0.589
0.654
0.803
0.667
0.522
0.814
0.8
0.776
0.851
0.88
0.947
0.748
0.84
0.919
0.82
0.783
0.719
0.67
0.745
0.819
0.79
0.735
0.663
0.57
0.711
0.752
0.686
0.648
0.665
0.677
0.625
0.659
0.731
0.674
0.649
0.748
0.672
0.756
0.709
0.646
0.607
0.639
0.586
0.632
0.684
0.746
0.716
0.662
0.693
0.791
0.774
0.732
0.693
0.735
0.652
0.589
0.687
0.599
0.624
0.632
0.696
0.653
0.692
0.771
0.747
0.753
0.715
0.682
0.783
0.74
0.645
0.774
0.763
0.755
0.805
0.78
0.765
0.734
0.705
0.793
0.752
0.66
0.721
0.734
0.884
0.902
0.773
0.771
0.688
0.587
0.617
0.605
0.699
0.696
0.702
0.59
0.611
0.708
0.728
0.715
0.604
0.582
0.564
0.467
0.461
0.441
0.502
0.534
0.514
0.486
0.53
0.631
0.803
0.697
0.669
0.708
0.736
0.562
0.595
0.531
0.595
0.738
0.792
0.826
0.85
0.802
0.79
0.773
0.711
0.637
0.577
0.66
0.626
0.623
0.549
0.541
0.509
0.568
0.588
0.569
0.604
0.657
0.786
0.733
0.597
0.67
0.656
0.515
0.715
0.724
0.589
0.557
0.545
0.476
0.631
0.729
0.791
0.632
0.484
0.642
0.577
0.409
0.422
0.851
0.855
0.832
0.856
0.815
0.789
0.769
0.761
0.722
0.752
0.772
0.75
0.581
0.716
0.551
0.583
0.677
0.681
0.71
0.677
0.607
0.655
0.724
0.771
0.761
0.738
0.695
0.769
0.584
0.637
0.586
0.501
0.576
0.667
0.851
0.806
0.667
0.868
0.906
0.858
0.795
0.691
0.78
0.733
0.796
0.66
0.795
0.785
0.683
0.733
0.676
0.765
0.815
0.815
0.937
0.813
0.754
0.524
0.744
0.941
0.92
0.874
0.907
0.919
0.832
0.757
0.734
0.58
0.631
0.882
0.867
0.658
0.857
0.9
