1980 1 1
4e-04
0.1898
0.1903
0.7774
1.487
0.2546
0.4034
0
0
0
12.4344
0.1095
0
0.5686
0
0
0
0
0
0
0
0
0.503
0.598
1.9039
0
0
0.0599
0
0.0561
0.051
0
0
0
0
0
0.0579
0
0
0.3353
0
0.1247
0
0
0
4.9646
2.196
0
0
0
0
0.4562
12.7378
0.0455
0.0112
0.5567
1.8179
0.0546
0.6007
0.1162
0
0
0
0.0378
6.3173
0.0348
1.5059
14.3702
0.0872
2e-04
4e-04
0
1.2142
1.2414
0
0.3396
13.933
0.4374
0
0.1919
29.9325
0.0975
0
10.0395
0.5317
0
0.3343
2.9538
7.9303
1.3679
9.6992
0.5144
0.0852
1.7162
8.135
0.0122
0
0.1118
6.5561
5.3993
1.5225
0.3833
5.6491
0.293
16.0124
1.034
0.3628
0
0
0
0
0
0
0
0.029
0.2941
0.2208
2.3043
4.603
0
0
0
0
0
0
0
0
0
0.4055
0.0257
1.5231
4.4385
7.5956
7.615
1.2042
0
0.3656
17.3969
11.8454
1.1698
0
0
0.1716
0.1409
0.6262
0.0569
0
0
0
1.505
4.1137
6.3181
8.6168
10.7455
6.8362
0.4616
0.8767
11.219
9.8437
2.4425
1.0184
0.1408
0
0
0.5439
13.407
8.649
3.3961
0
0.093
8.3372
1.8364
0
0
0.0607
4.2657
0
0
0
0.0197
0.4432
0.0891
1.9621
0
0.0859
12.1531
12.865
0.7611
0
4.879
5.2641
0.6674
0.2678
2.1141
0.5793
0.028
2.1406
2.5631
0.9931
0
0.1119
0.0416
2.8323
22.1673
2.4062
0
0
0.341
3.6356
12.9799
5.6644
1.6275
1.914
0.7204
24.3664
8.9285
0.5254
3.6848
0.2903
0
0
1.3352
10.5159
10.6275
5.1719
0.0879
5.3829
0.6865
1.1992
11.945
4.9381
1.6722
27.2197
9.287
1.9608
0
0
0
0
0
0.3756
2.2232
5.3843
12.2178
9.7675
2.2174
0.0188
5.4952
0.4534
0
0.0803
0.0998
3.527
0.5959
0
2.0109
9.4325
1.8377
0.0453
0.1575
13.7394
0.0352
0
0
0.289
3.2116
7.2061
0
0.7073
2.6125
0
0
0
0
0
8.0433
0.6847
0.2421
0.064
0
0
0
0
0
0.1589
0.1385
0
0.2979
1.0563
0.3783
2.9693
6.839
0.1694
0.1172
0
0
0
1.2642
8.5823
0.0024
0.0264
7.7009
0
0
0
0
0
0.0087
0.1635
0
0
0
1.1496
0.0298
0
0
0.036
1.3469
4.9261
0.0856
0
2.3438
0.8115
0
0
0.0296
0
0.294
2.3791
0.103
0
7.2711
0.8358
1.0796
0.4213
0.0265
5.5632
0.2305
0
0.019
1.5379
9.3086
7.8099
3.0012
0.132
0
0.6591
0
0
0.2195
0.1223
0
1.2976
0.6985
0
0
0
0
6.8799
0
0
0
0.024
9.2121
0.3707
6.1454
1.4874
1.7592
1.3476
0.1412
0.5864
3.5654
2.9533
0
0
0.0267
0
0
0
0
0.0219
1.3556
0.0929
0
0
0
0
0
0
0
0
0.1841
0.3718
0
0.0719
0
0
8.9926
1.1375
0.5131
0.3727
0.1694
1.1118
0.0041
0
0
11.1392
11.729
0.0114
0
0
0
1.9655
0.2903
0.011
10.0867
5.0627
0.0927
0.371
7.1441
0.3748
0
0
0.0024
0.9488
0
0.2739
0
0.3845
0.5636
0
0
0
0.0283
0
0
0
0
0
0
1.6707
0
0.1678
0.4118
0.4839
0.022
0
0
0
1.1018
3.9309
4.1735
0
0.0226
4.101
0
0.0313
0
1.195
2.6257
0.6251
0
0
0.1467
3.9157
1.5801
5.3446
9.8759
3.9593
25.0971
0
0.6164
10.4145
2.9222
0.4427
1.0643
0.2368
0.4177
7.0423
0.7625
0.0318
0.1205
0.0119
15.5843
9.7595
0.1005
0
0
0
0.0514
0.8699
5.5864
0
0
0.6441
15.1243
9.5295
0.1654
0
11.226
6.2242
0.1898
0
0
0
0
0
0.0234
0
0.1705
0.1447
0.8043
8.6952
4.5127
0.1179
3.9181
0.0141
0
0.0146
5.3624
2.7679
2.1327
2.1668
0
7.3965
42.223
4.9225
0
3.4388
28.1226
5.9453
0.314
1.3505
0.054
0
0
0.6021
11.0215
27.7559
0
2.2937
19.0236
0.0116
0
0
0.0578
0.482
2.0852
1.0085
0.9499
2.2072
1.8706
0
0
0
2.6324
5.8973
0
0.1694
2.5263
0.7672
0.3882
0.0119
0
0
5.0269
25.4339
2.4243
0.0719
0
0
0
14.2573
1.5469
15.1147
0.3674
0
0
0.0017
0.4025
4.9579
1.6546
0.1423
0.307
4.0251
2.1195
0.1485
1.1506
10.5252
0.0331
0.037
0.4918
4.1628
0
0
0
0
0
0
0
0
0
0
0.014
2.0745
12.6254
18.8669
19.2995
5.7611
6.457
23.9077
14.4239
13.7988
2.8216
0.8761
0.1567
3.2165
0
0.1992
0
0
0.0023
4.4966
9.2986
11.3267
35.2394
10.7875
3.3447
0.8484
2.0018
3.365
0
0
0.1338
1.0635
4.9494
0
1.5403
11.2169
4.6735
0.2715
0
0
0.5781
12.7689
0.0269
0
0
0
0
0
0
0
0.1097
0
0.3535
12.1762
1.5469
0.0389
6.6165
3.9404
4.3647
0
0.0208
10.3581
17.4996
1.3622
0
0
0
0
0
0
0
2.6718
2.2059
0.0729
0
0
0
0
0
0
0
0.0048
0.0256
0
0.3529
3.9568
17.6493
1.23
0
0.1304
0.6024
0
0.7684
1.6618
0
0
0
9.4078
0.7228
0
6.2167
0.6178
0
0
2.0336
0.1159
0
0
0
0
0
0.2434
0.4625
5.8996
0.1667
0.0485
0.2499
4.2728
5.6488
28.6452
0
0
0
6.5339
3.7115
0.9796
1.2656
0.8379
0.4378
0
1.6185
7.6069
1.6382
0.9495
3.995
0.311
1.2665
0.3603
0.6197
0.6468
3.1941
0.3248
0.7104
1.9911
0.1648
0.0653
0.2055
0.0976
0.4398
0.8972
12.1453
0.6425
0.2429
0.1031
0
2.8393
0
27.2354
9.1781
2.6013
3.0406
7.029
1.4765
1.4363
0.8544
0.3187
0
4.5352
0.0028
0.7806
0
0.262
0.3744
0.2018
0.2892
1.2813
0.2906
3.4244
0.2742
0.1815
0.0048
0.0808
4.8862
0
0
0
0
4.9113
2.7539
1.5932
18.2817
0.4393
0.0343
0.8284
1.3695
1.6174
1.6442
4.0218
0.3091
6.0293
0.0906
3.8029
12.927
0.6176
0
2.0911
4.365
0.0572
0
0
4.1059
2.4133
1.7907
0.7144
0.0904
0
5.0203
10.9392
0.0115
0.03
6.4906
3.0851
1.481
14.8127
0.6452
0
1.7513
0.6162
0.3702
0
0
0
1.9251
5.2815
5.4207
0.0659
0
2.3632
0.1688
0
0
0
0.2218
0.8222
0
0
0.1331
0.0636
0.4078
1e-04
0
0
0.7308
3.278
3.8148
2.832
0
0
0
0
0.9581
0
0
0
0
0.6293
4.6263
3.0801
7.8401
9.9793
8.1455
0
0
5.6061
20.5519
16.4185
1.4088
1.9476
0.803
1.9753
0
0.1902
0.0204
1.2834
0.1704
0
0
2.046
2.3106
0
0
0
0
9.4803
18.3621
1.4024
0.1366
3.2847
1.6002
4.6379
9.511
0.3433
0
0.224
0.568
0.4964
22.1868
14.0839
0.3235
0
0
31.118
0.1303
0
0
1.2628
1.0133
1.1974
4.1532
2.4238
0.028
0
0
0
0
0.9155
3.3577
7.562
1.4595
0
0
0
0
0
0.2578
0.3307
0.5812
0
0
0.4556
0
1.8263
0.911
1.3259
0.2365
0
0.5219
5.9056
0.8235
0
0
0
0
0
0
0
0
0
2.7697
14.2168
0.4769
0.0463
0.1428
0.1736
0.6258
0
0
0
0
0.0174
0.1274
0.5007
1.6867
0.0943
0
0
5.684
1.1372
0
0
0
0
0
0.5216
7.1298
1.7741
0
1.6866
7.1667
0
0.0668
0.2028
8.4564
5.6162
0.6249
2.1594
1.4873
28.4816
0.3981
0
0
0
0
0
0
0.6626
0.4758
5.5505
1.4251
0.5316
0.0088
0
0
0
0.258
0.6981
0.2097
0
0
0.0496
3.5581
0.0262
0
0
0
0
0
0
0
1.5839
0
28.6767
17.7509
32.2681
7.8168
0.3482
0
0
0.0916
0
2.6986
1.1873
10.8521
6.3997
0.5147
0
0
0.0306
0
0
3.2514
21.1659
12.6929
1.5897
12.4663
4.1639
0
6.4299
0.1315
16.4112
1.1343
0
0.1529
0.1816
1.0653
2.6905
3.8798
0.6479
0.1796
0.1266
0.3141
0.4707
0.6017
0
0
1.1412
8.4834
14.0267
0
0
8.4305
1.5967
0.2226
0.247
5.8022
3.7497
12.156
1.375
9.2741
3.3573
0.0022
0
0
0
0
0
0
0
0
0.1113
0
0
1.7725
0.5648
0.0535
0.1695
0.2201
0.2725
0.0696
0
0
0
0
1.4626
6.4988
2.4829
0.0265
0
0
0
0
0.5586
4.1619
0
0.0892
6.3669
0.7963
0.6112
0.5288
0.2934
3.1448
0
0
0
0.0128
0.0105
0
0
0
0
0.084
0
0.1724
0
0
0.1205
0.2144
0
0.241
0.1031
0
0
0
0
0
0.0431
0
3.5277
2.34
3.6845
0.3164
2.3461
2.5015
0.0849
0
0
0
0.1042
0.0248
2.3682
6.7385
2.0574
8.7961
0.0072
0.0763
0
0.8166
0
4.941
1.7028
0
0
0
0.4481
8.5903
3.5196
0.4027
0.4774
3.9418
5.7287
6.5426
7.6497
3.2962
0.4
0.1421
11.8699
13.9621
2.8299
0.1994
1.899
0.1729
0.0459
0.0143
0
0
0
0
0
0
0
12.6323
1.4706
16.9205
7.3323
17.6669
7.8022
2.3884
0.8323
0.6944
1.5614
10.9959
0.3463
0
0
0
0.3902
7.5201
4.8461
0.3462
0
0
6.5327
0.1272
2.3428
13.5842
0.3226
0.1403
5.68
0.6535
0
0.5247
7.8578
0.349
0.2101
0.1192
1.285
1.5672
2.402
1.3363
17.7704
0
0
0
1.4728
0.2051
0
0
1.1551
1.0101
1.5078
0
0.0296
3.0119
0.2689
0
0
0
0
0
0
24.248
31.243
4.6418
9.2033
3.6195
3.4686
7.2275
10.4319
1.6412
0
0
0
0
0
0
0
0
0
0
3.5649
7.4165
2.7134
4.2352
5.2255
0.6019
4.4433
2.0165
1.8219
0
0
0
1.0143
7.7743
7.7
17.2795
1.389
0.516
0
0.8687
0.9973
0
0
0
3.1892
0.0592
22.9273
0.5851
0
0
0
0
0.1082
0
0
0.7036
0.1781
1.0315
0
0
1.9971
0.7235
2.1805
2.7601
2.5179
4.4188
3.1267
0
0.6911
0
5.2498
2.2019
6.5153
14.4183
0
0
0.0021
0.0516
0.0461
0
0
0.1373
7.8297
0.6605
0.0489
0.6056
8.1798
19.3139
0.0377
0.0284
0.3269
0.1223
0.0338
0
0
0
0
0
0
4.2207
11.329
11.8953
0.1619
0
5.5324
1.2814
0.1587
0.0454
4.6421
39.6208
1.3574
0
0
0.1384
1.4871
0.1793
1.3345
1.9385
16.5228
4.7856
0.475
0.9016
0.8672
0.7751
0
0
0
0.136
7.7426
8.1523
6.5233
0
0
0.0306
0
0
0
6.2236
32.5795
0.1149
0
0.517
9.662
12.1965
0.2854
0
11.9297
1.641
0.6028
0
11.5342
0.0268
0
0.1932
2.52
22.7354
0.0773
0.0135
0.5012
0.774
0.5103
17.2979
0.8951
30.346
0.8036
2.3192
1.2987
0.4025
4.3142
7.8467
0.0048
0.92
0.3612
0
0.0282
0.0249
0.6327
3.1569
2.9906
11.6158
0.0048
0.3923
0
0
0.5282
8.2177
0.3751
1.671
0.2301
0
0
0
0.1818
0
0.088
0
1.9955
1.4075
2.6684
0
0
0.1397
1.0137
0
0
0.0517
0.6489
0.0317
0
0
0
0.2521
5.0546
0
0
0
0
2.1834
5.8501
0.0436
8e-04
0.1995
4.8353
0.1019
0.8178
0.0609
0.0272
0
0
1.7032
2.2462
0.845
6.9009
8.4995
0
0.0102
1.7336
0.5289
0.9208
0.0175
0
0
0
0.1304
4.2378
2.4073
2.6932
9.457
1.476
0
0
0
0.0254
5.7658
0.1183
1.4879
1.3684
0.272
0.0234
0.0434
0
7.4933
0.003
1.2107
11.5966
0.0052
0.5148
0.0555
15.253
20.1508
2.5545
0.0358
0.0017
0.042
0.5907
2.4675
1.1417
1.1545
0
0
0
1.8707
1.477
2.6172
5.1003
0.466
0
0
0.0304
0
0
0.5241
6.0557
2.7711
4.7575
3.2869
6.5572
4.0513
0.094
0
4.0764
24.5266
7.0423
5.3001
0.5531
0
11.0099
0.0467
0.1395
1.715
9e-04
1.6835
1.7706
2.4361
0.0766
0.0766
3.2524
4.2424
0.0517
1.3293
0.9125
4.5446
5.2662
0.5186
0
0
0
5.6995
5.8921
31.4746
5.6635
5.9942
18.7981
0
4.2086
7.0266
0.0871
14.5666
2.0559
1.2953
0
0
0.3572
7.3846
0
1.7413
2.1204
0.0058
0
0
0
0
0
5.505
15.2283
0
0.0024
3.9623
2.8218
3.0175
0
0
0.9541
1.1323
0.0369
0
0.0751
1.3262
0.8062
0.0114
0.0628
2.767
0
0.6555
4.8713
17.0999
6.3329
0.6135
0
6.7591
0.8181
0.1361
0.2309
0.8105
0
0.0998
0.0204
1.4116
2.84
0
0
0
0
0
4.3171
1.244
7.3062
9.7665
0.2446
0.1296
0
0
2.0244
8.6862
12.0689
4.0908
0.9091
0.0346
7.3149
5.8819
6.8609
1.2724
0.2714
0.1408
0.0777
0
0
0
0
1.5375
3.6668
0
0
0.6949
0.1532
0
0
0
0.028
1.7339
1.0881
14.8846
0.3645
0.3278
0.8322
10.062
0.7205
1.0237
0
2.0436
0.2483
2.8598
4.9869
5.6949
1.0945
1.9096
4.8137
1.8894
0
0
0
0
0
0
0.1477
5.2222
2.2505
6.7517
5.7675
0.0374
0.9331
0.5702
0.1994
6.4456
0.1455
0
0
0
0
8.7444
4.9504
1.1586
0
0
0
0.0201
2.7338
0.5553
2.1005
0.0755
0
0.6824
0.2333
6.5837
0.7226
0.053
0.0114
0.5404
0.0948
0
0.3096
0.2863
0
0.4621
6.4483
2.9608
0
11.3621
1.123
0.3849
0
0
5.7919
2.6872
12.0963
0.1971
0
0
5.5826
0.0068
0
0
0.1414
0
0
0
0
0
0
0
0.0967
10.043
0
0.0879
2.6725
0
3.3897
0
0.044
4.049
0.3055
0
0.1818
2.6817
0.0076
2.208
3.248
8.0512
0
0
0
0.1335
3.0096
0
7.112
3.6687
0.1383
0.9609
0.3392
3.7115
5.4956
2.6234
6.821
7.9108
3.0667
18.2819
0.0162
0
0
0
0.0528
0.1005
0
0
2.2501
1.7122
0
0
0.5438
0.2753
0
6.3109
1.1133
0.0546
0.0543
0.4398
0.7721
0.3188
0.183
2.227
0.1917
0.3644
0.0848
0
0
0.8414
0
0.4782
0.2136
0
2.169
1.3863
0
0
0
1.7306
12.0794
9.7973
5.4729
1.4098
0
0
0
0
0
0
0.3786
3.6043
14.3672
1.5483
0.0528
6.2428
2.7382
0
0.0226
0.0357
0
18.995
3.4669
0.0425
0.1022
0.3209
0
0
5.3869
4.5047
0.0644
0.0192
0
0.0278
0
0
0.023
0.0068
0
0.7576
5.7336
3.4171
1.3719
0.1662
5.4155
15.3286
15.4582
15.558
15.7309
0.5364
0.6323
5.0458
0.6755
6.6961
8.2982
2.4231
2.6843
0.6085
0
0.1453
0
0.0113
0.0387
0.0858
0.2739
0.1268
0.564
0
0
0
0
0
0.2241
0.0829
0
0.0094
0.0247
0
0
2.5634
2.4487
0.0084
0
0.1096
0.3458
0
0
0
0
0
0.0724
0.1007
1.0743
8.2296
5.2312
13.0223
1.2681
2.0233
4.3358
6.6378
0.0732
0.2735
0
0.3527
2.8438
4.3232
14.4797
0.0026
0.016
0.7289
0
4.7971
6.6035
0.548
1.333
0
0
1.3599
7.2696
2.3308
5.8369
7.5442
2.2423
0.8698
3.3396
5.5817
6.1548
2.6268
0.615
0.1519
0
2.5295
1.4106
0.1884
0
0
0
0
0
0.5201
4.6158
6.6463
2.3706
0.1356
6.8472
1.5432
0
0.6098
0.5894
26.466
0.0072
0
0.28
13.4212
9.2171
0.968
0.4485
0
0
0.5552
0.9237
3.741
0
0
0.3777
5.1903
0.002
0
0
0.175
16.3203
0.7993
0
0.049
0.0736
2.1126
8.6764
12.2046
4.4802
0.1171
0.452
0.3901
0
4.5361
7.5134
16.4765
1.2459
0.4879
3.6554
0.9935
0.008
0
0
2.0629
12.3983
19.848
11.5438
0.5992
0
0.5084
14.871
1.8432
0
0
0
3.3164
1.5069
1.6901
0
5.2934
15.3354
2.4523
0.0305
0
0
0
0
0
0
0
0
0
0
0
7.6557
4.5262
0.5588
0.8795
0.027
0
1.3293
2.316
2.6034
0
0
0.1734
0.3905
0.2015
0
0.0377
0.2949
2.3157
2.3764
3.1948
3.7112
4.6653
20.0405
0.3573
3.2718
3.6332
27.1355
6.0476
0.5008
0
0.1509
8.8944
1.499
3.6289
0
0
0.3971
0.7711
0.7447
0.1775
8.2252
19.4564
9.385
6.7264
0.0923
8.5499
0.6897
4.3645
11.3077
2.0647
2.4032
4.1243
6.018
2.444
14.0967
0.4778
1.1895
1.8611
7.733
0
7.0901
0.0403
0
0.9137
17.2732
3.7449
6.5904
0.6541
0.3603
3.0174
0.5675
0
0
3.2355
1.2925
6e-04
3e-04
0
9.9092
13.5345
1.06
1.8565
0.1737
0.3228
0.3188
0.676
0
0
0.4173
0.3337
1.6541
0.8645
1.617
0.0094
0.123
1.9726
0.2118
0.1338
0.1398
0.2526
0
0
1.723
0
0.7948
0
0
0
0
0.4204
0.5566
0.0288
1.1283
0.495
0
0
1.027
0.221
5.9608
3.231
0.0932
0
0
0
2.0906
0.433
1.5285
0.5389
2.5
0
0.0246
0.4531
0.2981
1.2962
12.4619
3.0508
1.6276
9.3467
0.152
0
0
0
0.0234
0
0.9668
0.2609
1.1652
3.6138
0.5322
5.2378
0.183
9.4409
9e-04
0
1.9506
0
2.2514
1.0804
0
0
0.5047
0.7315
0.2576
0.1087
4.96
0.0745
0
2.0628
2.1637
3.5774
2.4295
9.8782
1.2566
0.3693
0
5.369
0.3317
13.1632
0.0044
0.0232
0
0.4421
0
0
0.8519
2.2539
0
0
0
1.4085
1.4534
1.0173
0
9.6783
4.6863
1.8727
0
0.296
0.2318
1.3616
2.6486
0.8523
8.3315
0.3493
7.6327
1.6643
1.0896
0
0.2377
14.107
9.4125
0.3241
0
0
0
0
0
2.1686
0.3246
4.3201
1.3572
0
0
0
0
3.6441
18.2625
0
0
0
0
0.0922
0.5886
2.7038
2.2472
22.3164
4.8918
17.315
6.4492
1.5754
1.8066
1.2984
1.4582
1.5114
0
0.9886
10.1606
0.5268
0
2.597
0.607
0.2751
0.0903
0.0551
0.3198
22.1987
4.386
4.4053
2.0182
1.5307
7.401
14.0752
3.2094
0
0.1472
11.377
5.2452
4.6006
0.7724
9.2439
2.7611
0.306
0.7101
0.6337
0
0
0.0863
1.4592
5.3783
0
6.1046
0.5722
8.8753
0.1324
0
0
0
0
1.8365
17.9246
1.2898
15.8701
8.5594
3.8683
0.3161
0.4822
14.7592
0
0
0
0
0
0
0
0.7669
3.3869
6.3832
0.0112
0.6001
0.9929
0
1.1769
3.7156
0
0
0
2.9737
0.6516
16.0945
1.5979
0.9734
17.618
1.4748
0
0
2.6504
1.6006
4.1212
0
0
0
0
0
0
0.3197
0.0878
0.2169
20.9564
6.4539
0
0
0
0
0
0
0
2.7476
0.1809
0
0
0
0
1.3083
11.4239
11.2406
0
0
0.1074
0.0242
0.0921
11.6904
0.0024
0
0.0744
14.9384
6.2569
2.1557
23.2687
4.1935
16.156
1.1562
5.4992
12.243
14.4551
0.414
34.9093
4.9056
0.4163
0.3253
0
0.0547
1.7465
0
0.0503
1.3375
10.7437
10.21
0
0
0
0
0
0
0
0
0.1249
0.0221
4.4093
5.191
2.5165
0.1321
0
0
0
0.656
1.9414
0.0026
0.0534
7e-04
0.0545
0.0098
1.5023
1.9027
0.0242
3.4094
0.0893
0.3807
0
0.0916
0
4.4591
7.5729
0.5507
12.6855
2.0106
0.1089
0.1349
0.1655
0.3054
26.9224
0.1799
0.0138
0.0477
0
1.1875
18.013
2.5802
0
0
0.2171
8.6861
6.9474
8.1583
0.2658
0
6e-04
2e-04
0
2e-04
1.141
0.4707
4.1657
2.2808
0
0
0
0
5.8837
8.3098
0
0
0.8377
0
0
0.2783
0.3166
2.2152
0.1915
0
0
0
0
0
0.2124
8.768
0.3765
0
0
0.0288
0.8567
0
0
7.2269
9.7578
0
0
0.5906
0.1949
0
0.0034
2.8618
0
0.1551
3.0483
8.4965
0.1564
0
0
0
0
0
0
0
0.1396
0.0279
0
0
0.5482
0.2996
0.8215
0
0.0507
0
0
0
0
0
0
0
0
0
0
0.7346
3.6414
6.686
0.16
0.8957
0
2.7659
0
0
0
0
0
0
0
0
10.6572
0.3465
0.2285
0
0
0
0
0
0.4803
0
0.0124
1.6828
0.4084
0.2688
0
0.112
26.3078
4.3606
0.1418
3.7721
0.0357
6.4694
14.6393
1.0132
1.147
0
0
0
0.2599
6.4824
0
0.2561
2.0524
1.4884
0.0172
0
0
0
0
0.4646
3.5557
0.6828
0.017
1.0413
1.8496
1.5563
0
0
0.1648
11.3799
9.2957
0.1721
0
0
0.1368
0
0
0
0
1.8758
9e-04
0.92
2.9838
0.3007
0
14.5545
4.6673
0.6646
0.2498
0.666
0
0
0.3764
3.3934
0.942
1e-04
0
10.3328
15.5982
9.3966
6.8999
20.0106
0
0
2.9321
1.7105
0.1697
3.138
0
0.0366
9.9957
0.1579
0
0
0
0
0
3.5262
41.8194
5.4305
8.7755
0.8749
0
1.1972
5.6188
0.1689
0.1953
10.9897
23.0455
3.6799
7.0566
3.1098
9.5597
3.9533
4.7299
1.9777
2.897
0.3882
0.4002
1.1121
0.0147
4.6756
12.1782
0.4711
0.7855
0
0
0
0.0354
0.3544
0.2424
0
14.0947
4.1261
2.746
0
0
0
0
0.3306
1.8078
4.9367
12.7399
0.0683
1.9549
0
2.7757
4.4583
8.3241
0.2034
0
0
0
0
0
0.0584
0.1925
0.0628
0
0
18.9706
16.1325
1.121
0
1.0502
19.3916
31.1449
14.4943
0.3505
0.7744
7.1872
0.025
0.624
0
0
0
0
0
0.0728
0.0216
0
14.1676
7.4804
2.1769
1.8592
14.7357
1.9953
5.9462
8.3854
0.4531
0.118
0.3652
5.2742
0.1681
0
0
0
0
0
2.5112
1.5846
1.5205
0.3391
1.5645
0
0
2.6538
2.2968
1.0431
1.2829
0.623
3.1373
0
0
0
8e-04
0.1453
5.5205
0
0.0958
1.0339
0.8679
0.1445
5.9376
4.3172
1.3402
0
11.6908
0.2187
0.584
0
0
0.9962
0.002
0.0278
0
0
0
0
4.7759
6.5899
0
9e-04
0
0
0
0.0128
0.0961
2.065
0.5708
0.3704
2.9098
0.0113
0
1.4498
0.3753
30.401
0.9559
1.8355
1.0738
7.4701
1.3978
4.5001
8.0427
4.0688
3.2036
0
0
0.2603
1.0634
3.4144
0
3.4706
9.1154
0
0.3543
18.0569
0.2346
0.0174
1.2841
1.0122
8.649
2.7153
0
0
0.3943
2.8528
1.1686
1.0806
7.6077
1.5831
0
0.0254
0.0015
0
0
0.1402
0
0
0
0
0
0
0
0
0.1309
0.0196
0
0
4.0221
6.4049
1.1358
3.6146
0.1071
0
0.8225
0.0803
0.7278
2.3383
0
0.0282
0.4458
2.0776
1.8496
2.4521
2.6071
1.0765
10.8833
0
0
0.0056
0.0614
0.6383
0.1459
5.2915
6.4378
0
0
0.7782
0
0
0
5.8559
4.2896
0.8368
0
3.3332
0.0823
0
0
0
0
0
0
0.0264
1.5744
1.0336
0
0
0
0.2323
0.1394
0.0014
0
3.3968
0.8053
1.0278
0.1365
0.07
0.2628
0.5526
0.0546
4.4486
0
0.4813
0
22.1285
5.6949
0.8345
0.7964
0.2428
0.2526
0.9127
0.6574
1.2952
3.7152
11.0577
3.3187
0
7.393
3.7108
0
0
0
0
0
0
0.1217
0
0.8652
0
0.9327
1.2653
0.7178
1.06
0.0284
1.0311
0
0
0
1.7449
3.2557
0.2905
0
0
0
0
0.0074
0.1414
0.0273
0.3357
0.0472
3.905
1.2542
0.4818
0
0.4501
0.2221
0.4314
7.202
6e-04
0.0857
0.6791
0.8059
0
0
0.6863
1.0982
0
1.2349
0
0
0
0
0
0.793
4.3611
0.2058
0
0
0
0
0
0
0
0
0
0
0
0
0.1292
0
0
0
0
0
1.046
4.333
0
0
0
0.1804
0.3345
0.1145
0
0
0
0
0
0
0
0
0
1.7596
4.7285
5.4035
0
0
0
0
1.0647
10.966
2.2883
5.5249
1.5294
3.6274
0.2196
4.3999
0.1037
2.6555
9.8843
0.0324
0
0
14.158
5.0357
9e-04
0
3.7055
2.075
5.4502
3.8204
0
0
0
2.5997
2.9767
1.8892
0.3005
1.3144
4.4001
5e-04
1.8136
16.8348
14.4459
0.024
0
3.3907
12.4185
0.2484
0
5.8231
0.827
22.926
2.7861
9e-04
0
0.184
0.8816
17.6585
9.4184
2.3909
0
0
0
0
9e-04
2.4373
2.7003
5.0426
0
0
0.067
0.5218
0.7116
6.3755
4.9207
0
1.2126
3.4901
0
0
0
0
0
0
0
1.4322
4.6055
0.2624
0
0
0
0
0
0.4754
0.2714
0.3308
0.0237
0
0
0
4.9856
4.4007
50.7328
0.516
0
3.874
2.4723
3.694
1.3373
0.0882
0
0.0611
1.3423
0
0
0
0.1189
0
0.031
14.0458
23.948
3.6701
0.8827
3.375
0.2698
14.2983
2.9346
0.0092
7.9637
0
1.6497
1.9903
0.022
0.0012
1.1285
22.0916
1.0571
0
0
0
0
0.1199
3.0379
0.0292
0.061
0
0.9743
0.4764
0
0
0
0
0
0
0.8783
2.8512
0.7944
0.0299
1.1112
0.3064
0.2218
0.0471
0.1253
0.1441
1.1425
0.4594
0.1401
0.1316
7.8161
1.1713
0.0902
0.1198
12.2488
17.1141
0.0028
0
0
0
0
2.5004
1.0206
0.0192
11.8997
0.0103
2.4223
0
0.3896
0.0215
2.33
1.5463
1.2587
1.2712
0
0
0
0
0.1156
0
0
0
0.2279
0.4159
16.0416
0.2072
0
3.3557
2.3101
0
0
0.2429
1.3717
0
2.5059
1.2161
0.029
0
0.029
0
0
0
0.3797
1.1428
0.1815
0.0517
0
8e-04
1e-04
1.939
8.7508
0
0.1594
0
0.2144
1.0927
0.0716
0
0
0.0291
0
2.6665
3.0484
0.0319
0.4296
0
0
0
0
0
0
0
8e-04
0
0.327
11.4319
0.1538
9.2477
1.3275
0
0
0
0
0
1.8976
17.2185
2.5546
9.0499
1.5037
0.4631
1.8686
14.6461
18.2477
4.7731
0.4455
1.949
2.694
1.4921
0.2141
0
1.511
4.1473
3.4259
4.6686
1.5171
3.2735
7.2007
1.5931
0
0.3131
0
0
0
8.3503
1.3784
0.1701
1.0612
1.3678
0.2049
0.1512
0.522
0.3455
0.1288
8.8989
4.268
4.9631
0.9239
2.5337
2.1636
1.4172
3.4685
6.1507
0.1286
0.0717
0.0189
0
0
3.7085
4.493
1.7293
0.6243
12.6553
1.2667
12.0052
19.4183
0
0
0.0093
0.1041
38.5078
8.4478
6.1381
11.7124
12.5384
1.4662
0.0306
0
0
3.4825
1.703
0
7.8573
8.6831
6.4042
5.8259
4.3918
1.4186
2.1614
8.0469
2.155
1.3103
0.9791
0.0729
0.419
0
0.3785
2.2267
2.6006
0
0
0
0.0589
2.5448
1.6991
0.806
0
0
0.1428
0.3818
0
0.2938
0.1128
0
0.0764
0.0683
0
0
0
10.0367
19.9573
1.2493
0.3981
0.0264
0
3.2744
14.1771
7.7908
6.1884
0.0761
6.7403
1.049
0
0
0
3.0994
2.9185
0
0
0
0.5376
0.2688
0
0
0
0
0.7967
0.5448
0
0.0838
0.1286
16.0235
1.6035
0.8763
0.0498
0
0
0
0
5.5105
2.7423
0.5155
0
21.3569
0.0546
0
0
0
1.2493
7.8432
5.0665
5.113
16.0853
0.1231
0
6.2207
11.2972
3.1334
11.214
2.7373
0
0
0
0.2881
1.3089
0.8852
0
0
0
0
0
0
0.001
0.0177
0.5553
0
0
0.0073
0.0587
0
0
0
7.6886
0.4906
0
0
0
0.1259
2.7375
11.6496
0.6085
29.8166
4.1565
2.9889
0.3356
0
0
0
0
0
0
0
2.2465
3.821
0.1881
0.1915
0.2965
0
0.5541
3.8726
8.505
2.241
1.8039
0.3303
0
0
0.0428
6.6062
18.234
14.4888
0.5639
0.0281
0
0.0598
0.0777
0.1927
0
0
0
0.7648
0.7692
3.1923
0
0
0
0.1413
0.1862
0
0
0.6041
0.0979
0
0
0
2.864
0
0
1.2945
2.23
0.5484
0
0.1556
2.7224
0.924
0.4394
0.001
0
0
0.2976
2.1809
0.1045
0.755
1.1576
3.4335
9.6201
0.3128
0
0.3353
6.2
0
0
0
0.9484
1.9261
3.1625
0.3111
0.2101
0
0
0
0.072
6.7127
4.9912
0.0161
7.1008
1.6186
0
0.0076
0.2903
2.0189
0.0998
0
5e-04
3.059
0.6303
0
2.9037
18.1031
1.8017
6.3558
0
0
0.9214
0.0018
0.4463
0
0
0
0.8937
4.6793
20.3591
4.2707
0.0972
0
0
0
0
37.5733
4.0598
1.1114
0.3345
0
0
0
0
0
0
0.4973
0
2.0606
0
0.3718
9.9775
1.5184
1.5045
0.065
0
0
0.0767
5.5192
1.4927
0.0402
4.4942
0.2739
0.0418
0.9868
1.2039
0
0
0
0
0
1.0926
7.1687
2.1554
5.3104
2.5845
1.1762
0.7282
0.4031
0.1554
0.2843
0.497
0
24.8543
3.3475
0.7685
0
4.2815
0.0713
0
0.7342
0.001
0
6.9854
9.4763
0
0
0
0
0
0
0
0
0
0
0.1694
4.484
24.7809
5.9694
0.1581
0
0
0.0342
1.4979
2.3494
4.8771
15.0672
3.7331
4.6152
21.469
3.9611
0.2433
0.0158
2.4596
1.0263
0
0
0.8244
1.6424
10.6116
0.0532
0.1945
0.5898
0.0032
0
5.1835
4.5841
19.5338
5.5684
0
0.01
0.6532
12.8649
2.0997
0
0
0
0
4.9853
0.9344
0
0
0
0
0.5839
0.6373
1.4291
2.4824
1.3956
0.4107
0.0207
3.691
3.9641
5.3562
0.1383
0.1575
0
0
0
0
0
0
0
2.0331
0.8095
16.3917
12.1597
3.3776
17.5142
1.1529
0.0012
0.0924
0.157
0.0332
3.637
7.8638
22.1474
3.0794
0
0
0
0
0
0
3.1567
3.0035
9e-04
0
0
8.4384
9.0117
0.9111
0.8436
0
0
0
0
4.0311
48.7144
0.0264
0.0289
0
0.048
3.0019
15.7855
4.057
6.7201
1.3687
0.5286
0
0
0
0
0.0251
0.6746
0
0
0
0
0
0
0.0069
3.5983
17.8023
1.9767
38.945
0.0618
1.2838
0.0617
0.0086
11.144
3.6708
6.3324
0
0.0112
7.3291
1.4168
3.6898
2.7964
1.4081
0.0855
0
0
0
0
0.6044
2.2132
0.0252
0
0.1392
16.8969
0.1606
0
1.3745
2.0663
20.2855
19.414
3.567
2.3733
0.3952
0.0132
0.1841
0
0.3588
15.1406
0.0819
0
0
9.4446
0.0964
0
0.0585
0
0
0.0698
0
0
0
0
0
0.0635
0.9029
17.8213
2.2425
5e-04
0.3965
1.4592
4.5375
0
0.6265
0
0
0
0.135
1.1358
0
0
0
0.6048
9.7162
2.8403
0.5271
0.0486
0
5.0491
4.9924
0.3718
0
0
0.0283
34.8204
2.9774
0.1081
0
0
0
0
0
0
0
0.0391
0
13.3421
0.7207
1.1179
13.7602
1.2681
0
15.0762
4.2948
17.871
2.3064
0
0
0.3429
3.8346
21.0014
33.3376
0.7247
0
0
0
0.2721
1.2865
0.2427
0
0.1104
0.0342
0.198
9.7957
1.2482
0
0.1843
0
9.5509
0.7135
0.0275
0.0306
1.9836
3.9157
0
0
0
0
0.8006
0.1608
1.06
0.0437
4.1457
0
0
0
0
0
0.1272
0.7742
0.7036
0
0
0
0
0.9562
4.2977
11.7128
2.7198
3.9891
0.5912
1.8781
1.7803
1.426
0
0
0
0
0
0
3.4739
0.5857
0.5579
4.458
0.5653
2.2015
4.8935
3.6029
0.2397
0
0.6108
0.0828
0
0
0
0
0
0
0.2458
7.7758
0.6824
0
0.0145
3.2963
7.1943
0.5746
0.2416
1.4839
4.115
3.8935
0.0331
0.0256
0
0.2148
0
0.2462
0.8366
3.8127
0
0
2.8154
8.0716
1.2532
0.1654
0.1048
8.2245
4.4353
4.046
0.0461
10.189
0.034
19.4275
20.7598
1.0185
1.0751
0.0963
6.6357
0
0
4e-04
0.2479
0.9035
0.01
2.2011
0.2118
0
0
7.8655
5.781
0
0
1.9307
0
0
0.0015
4.2117
6.7478
0
0.1442
5.9784
0
0
0
0
0
5.3442
7.9837
3.476
27.9442
1.773
0.0801
0.0886
6.1264
10.6958
7.3556
14.4209
1.0124
4.5304
0.0156
0
0
0
0
0.3209
4.6353
2.3253
0
0
1.3296
9.1172
0
0
0
0
0.344
1.2595
0.4336
0
0
0
0
0
0
0.229
2.5115
3.3598
0.7398
4.3296
0.6735
0.1451
0.7119
1.8815
0
0
0
5.8725
2.5144
0.1046
0
0
0
0
0
0
2.8929
5.7788
2.8435
0.1628
0
0
0
0
1.412
0.4421
0
0
0.168
5.1823
1.1684
0
0
0
10.2652
8.2784
0.4124
0
0
0.2332
0.2915
0.0726
0.0096
3.6246
8.3562
31.305
20.1409
0.2159
0
0.3155
0
0
0
0
0
0
0.705
0.1155
0
0
7.7071
12.8801
1e-04
0
0
0.4566
4.3549
1.4942
0
0
0
0
0
0.0585
0.3814
0
0.0323
0.0375
0
0.6756
7.867
0.0568
0.667
1.2587
0
0
0
0
0
0.0104
0.8393
19.7592
1.1691
0.347
0.5961
0
0
6.7407
2.0946
1.6567
1.4815
1.0159
1.4151
0
0
0
6.4452
0
0
0
1.7058
22.7147
18.9011
24.2837
6.2603
0.1508
0
5.9166
3.4237
3.1357
0.4413
0
0
0
0.8001
1.013
0.0081
0
0
0.9271
1.463
0.8568
0.0988
3.0333
1.4466
0
6.2865
5.3104
13.644
4.4363
3.7058
0.1186
1.4314
0.208
0.926
0.5705
1.4863
2.6271
0.5413
1.4428
2.232
11.9544
1.2029
0
0.0366
0.0262
0.0115
0.0802
0
2.312
2.1949
1.3131
0.3014
0.1912
0.3052
0
0.2593
0
0.4051
4.6195
0
1.6849
0.0016
0
0
0
0.4776
5.4316
1.2613
0
0
0.1303
3.8508
0.324
0
0.0646
0
0.0841
0.7436
0.2503
0
0
4.5234
23.3913
1.7028
0.879
0.0849
9e-04
0.1112
1.1143
0
0
2.1755
1.0203
1.635
0.1502
0
0
0
0
0.0698
0.4154
0.26
0
0
0
0.4458
0.3707
0.6262
0
0.04
0.3451
0
1.1871
0.0754
15.791
2.7934
0
5.0717
6.887
0.7565
0.4771
0.64
0.2531
0.1127
0.95
0
0
1.6339
0.3294
0
0
0
0
0.4326
7.6836
6.6171
2.0087
0.157
9.5772
3.0855
0
0
0.031
0
0
7.0185
2.2108
3.5012
0.0144
0.5792
12.4433
0
0
2.4078
2.7272
3.4739
0
0.0529
6.2649
0.8759
4.9499
0.0332
0
0.3833
0
0
0.3092
0.0601
0.7415
0.609
3.0105
1.1789
0
0.1681
0.185
8.3343
13.2891
9.9924
0.3973
5.5071
10.322
4.1546
1.6811
8.9758
4.1083
0.6282
0.4286
0.0568
0.8242
3.8647
0.209
0.1864
0.4631
4e-04
2.5461
5e-04
0
0.4575
4.3722
0
0
0
0.0158
0.0309
0.1633
0.0422
12.2943
8.4238
0.0237
0
0
1.1751
7.7697
21.6125
0
2.6713
0.3099
0.802
0.8237
16.9448
1.6146
0.2162
0
0
0.6643
3.4558
0.749
3.286
0.122
0
0
0
0
0
0.002
0
0
0.598
34.8625
2.3621
0.1754
3e-04
1.247
1.2304
4.7577
1.2882
1.0106
0.0959
0
0
0
0
0.059
1.0007
0.0561
6.9321
0.057
0.3023
0.5108
0.8399
7.0414
0.1165
12.8611
31.4434
14.3335
19.1977
1.2769
14.3356
1.1911
4.45
7.831
2.486
0.6184
16.6466
2.8567
0.2228
8.6
1.0943
1e-04
1.6005
7.0304
11.9142
0.1934
0.1078
1.1657
0.573
0
0
0.0092
5.7262
1.5715
0.4058
13.3698
0.1078
9.5682
9.7496
8.7755
1.4926
0
1.5667
7.1442
0
0
0.0311
8e-04
2.2049
3.7049
1.462
10.3676
12.4025
0.0515
0.1577
0
0
0.4736
4.7907
0.529
0.3579
24.1694
16.1943
7.5922
6.7418
17.6679
0.0036
0
0
0.4097
1.5031
1.0805
1.7625
6.8181
3.3577
0.2693
42.5649
8.7728
0
0
0
0.022
0.5137
0
0
0
0
0
0
0
1e-04
0
0.5285
1.0641
9.1963
0.8278
1.1722
0.7112
0
15.2793
14.2722
3.5825
0.0696
1.7008
1.8691
1.0064
0.275
0
0
0.0691
0
0
0
0
0.4665
0.0809
0.0182
13.0623
21.0194
1.0708
3.1917
0.4964
0.5242
0.5516
0.3636
2.6301
2.7146
11.3269
21.2001
3.7387
0.1427
0.0746
0
0
1e-04
0
0.0125
9.453
8.1099
9.5345
0.2826
4.05
0.1023
0.102
0.0283
0
0
0.086
0.2561
0.3709
0.085
0.0441
0.0192
0.0601
0
0
10.0468
0.9812
0.0593
0
0
0
0.131
0.0291
0
0.8926
6.0285
0
0
0
0.0262
0
0
0
0
11.8995
23.6246
20.2031
0.1404
1.8112
7.7117
21.4272
10.8405
0
0.006
0.5979
0
5.7767
0.4902
3.6969
10.6877
0
0
0
0
0
0
0
12.5816
3.1407
0.011
6.295
0.0374
0
0
1.1755
0
0
0
0
0
0
0
0
0.6312
0
0
0
0
0.2207
12.4299
1.38
0.0014
0
7.084
0.0646
0
0
0
11.6491
7.8902
1.658
0.352
0.0571
0.8066
0.0294
0
0
0
0
20.1865
5.4593
0.0808
0
2.1538
0.6986
6.1318
2.1412
0.7639
0.6556
0.1311
0.2967
2.8276
6.5735
0
0.5047
4.5616
1.5953
0.2704
14.6993
1.6549
0.0332
0.0166
0.1147
0.2088
0
0
4.9509
21.4231
0.2816
0.1733
0
0.0292
0.0725
0
0
14.0609
8.6029
0.6634
0.8244
0.0604
1.3041
1.3929
6.874
0.0463
0
4.0241
6.8653
4.1751
0
0
4.6972
16.3536
3.8459
0
0.0137
0.923
2.1148
0.4595
0.0181
0.6375
4.5297
3.8916
0.0076
0
0.4009
0
0
0
0.295
0.353
0
0
0.3123
0.0425
0.4118
0.6189
0
0.1483
0.0316
2.4521
3.3257
0.6251
0
0.0777
1.1303
2.0375
0.9932
6.9736
0.0715
0.4925
0.005
4.213
9.8465
0
10.3152
22.0161
11.8826
1.3024
0
0
0
3.7945
0.1762
0
0
1.4807
1.1351
6.3913
10.367
0.11
0
0.0408
11.0623
16.9463
0.8024
5.4899
0.15
0.5427
0.8243
3.0765
1.0857
0
0
2.228
1.8516
5.2944
1.9482
2.3346
5.0264
11.0849
0
0.7751
0.0184
0
0
0.1395
2.6612
0.0028
0
0
0
0.0682
7.2637
0.4013
3.7098
0.2855
2.3513
0.067
0
0
0.6055
1.2725
2.2231
0
0.3029
1.2069
0
0
3.6869
3.9482
0.3941
0.6583
0
0.0478
0.8412
0.2541
0.0048
0.0032
1.6112
0
0
0.3174
1.5521
0.0284
0
0.0046
0.0548
3.0634
0.5722
5.378
12.679
11.0542
16.593
2.1305
0
13.0965
0.9014
0
0.2787
0.6258
0
0.6218
0.1095
1.7048
6.0764
0.4947
0
0
0
0.1562
0.4861
0.0047
2.3695
0.488
4.6258
10.8275
4.1825
2.7473
4.6707
3.5547
0.1595
1.073
0.4379
0
0
0
0.3616
0.7314
13.786
0.1008
0
0
2.3769
0
0.019
10.1098
12.0048
0
0.8991
2.4605
5.8021
0
0
0
0
0
0.0188
0.0152
0
4.8606
3.3215
0.7855
0
3.2344
0.1103
2.0165
0.0712
0
0
0
0
0
0
7.249
8.1909
1.9949
0
19.9064
0.4432
0.6838
0.0396
0
0
0.6685
3.6255
0.5873
3.1217
14.3349
0.426
0.204
0
0.4794
1.9907
1.2285
15.3487
3.0557
0.207
0.1706
0
0
0.5442
0.0047
0
0
0.5786
0.6822
0
0
0.9817
0.6069
1.0426
4.6834
0
0.1881
0
1.8099
0.2495
0
0
0.1146
0.0825
0.0625
0.1771
0.1895
0.0575
1.5672
0.7854
5.2148
3.9804
0.2707
0.2055
0
1.268
0
0.0511
0.4962
0.353
0.5857
6.9722
0
0
0.1145
0
0.058
0.5217
0.076
3.6666
1.056
9.392
13.4373
0.4871
0.7855
0
0.1499
0
0.3052
0
0
0
0.0369
4.0924
1.6519
0
0
0.0396
0.321
0.9973
0.1198
0
0.0962
0
0.1921
0.084
0.3124
0.023
12.4015
1.8931
2.837
3.8982
0
0
0.0915
0
0
0
0
3.3474
3.3692
1.0081
2.2117
4.4042
0
0
2.5096
0.1683
0.3226
0
0
1.1429
0.0075
0
8.707
0.1174
0
0.2107
0
0
3.9798
0.8511
2.686
0.3157
0
0
0
8.8663
0.1499
1.1907
13.8283
2.2574
0
0.1504
8.9493
4.2869
21.2768
5.674
0.0505
0.6515
0.2025
0
0
0.057
0
0
0
0
0
0
0.8617
9.4682
3.9913
3.8872
6.4234
3.8746
0
0.0097
0.0206
0.0136
0.1796
3.3583
0.9252
0
0
1.1077
4.8323
0
0.1505
1.434
0.0902
0
0
0
0
0
0
0
1.2879
1.7437
6.3614
0
0
0
0
0
3.6914
0
0
0
0
0.0986
0
0.0619
0
0
0.2709
3.1135
10.8378
2.55
0
0.3981
0.2816
0
0
6.4052
4.7158
0
3.3849
37.0825
12.0328
8.9853
3.4277
0.2799
4.2536
0.3344
0
0.1419
0.189
0
7.0032
0.4321
0.5042
4.9502
4.8793
0
0
0
0.0337
0.2474
0.0418
0
0.3081
0.1006
0
0.2192
6.4494
14.8893
0.4254
0.3318
2.4335
1.7223
0.6447
4.3156
0.039
0.0434
0
1.0274
1.95
0.9663
5.4559
4.638
0
0
0.0601
0.0037
0.7922
7.4259
1.6134
27.5982
8.693
0
0
0
0
1.1292
7.9493
4.8075
0.4811
0
0.0873
0.4965
0.3594
0.0376
1.0391
1.583
0.7639
1.0086
0
0
0
0
0.096
0.0606
0.0734
0.0335
2.4898
0
0
0
0
0.1629
0
0.0351
0.863
0.0485
0
0
0
0
0.0502
0.8281
11.1116
3.9795
1.4949
1.1083
0.3714
0
4.6455
0.1286
0
0
0
0
0.5434
0.9354
3.3988
0.0088
0
0
0
0
0
0
0.0146
0.0489
3.9563
0.0109
0
0
0.0579
0.3227
0.8604
0
0
0
0
0
2.4369
7.873
0.1576
0
5.5039
3.929
6.2851
0.02
0
17.4125
3.0746
0
0
0.0916
0.3327
0.0049
0.2502
0
0
0
0
0.33
0
0
0
0
0
9.2577
6.7814
0
0
0
0
0.0974
0.1595
3.9039
1.3304
19.4844
1.3773
6.5834
3.2894
2.4644
0.6685
0
0
1.1194
3.1747
10.7115
0
0.4535
0.0012
0.1575
0.2971
0
0.4548
0.2082
0.2458
0
0.4544
0
0
2.4527
3.0969
0
0
0
0.974
1.8866
4.9135
0
0
0
0.5279
1.3475
1.2403
4.6804
15.2844
4.8447
0.162
0.0408
3.4571
27.1298
4.4554
1.0471
0.4463
0.1721
0
0.029
0
0
0
0
0
0.3162
0
0
0.5253
0
0
0
0.481
0
0
0
0
0
0
1.2806
0.4699
0
0
0
0
0
0.0177
0.4791
0.3319
0.0728
1.5283
8.2035
5.4318
0
0
0.3486
0
1.0105
0.8502
18.4451
10.4066
0
0
0
0
0
0
0
0
0
0
0.1762
0.8147
0.794
0
0.0498
0
0
0
1.2864
2.1435
0.0545
0.0452
0
0.0305
0.0701
0.1354
1.1164
0.1846
0.5625
0
20.3598
21.4491
7.1348
0.3416
11.6909
0.4518
0.0201
0.0938
0
2.2416
10.3549
1.3317
1.3132
23.3153
0.0505
0
0
1.6025
0.0623
0.3069
0.0108
0
2.8732
0.026
0.3042
0.003
0.3491
3.5641
0
0
0
9.222
8.7424
7.4735
0
0.2568
5.7393
0
0.0146
2.6656
7.918
3.9101
0.0336
0.1445
0
1.6162
26.3865
6.5848
0.1016
0.1336
19.0042
9.5984
0.046
0.0077
4.0776
6.9208
3.539
0.0142
0
0
0.0015
0.446
0
9.1533
1.0119
0.1825
0
0.0996
0.1124
0
0
0
0
0
3.1843
2.3005
1.4285
1.5161
1.6252
4.3891
16.3289
4.8074
10.8874
5.7735
1.3784
0
0
0.5143
8.8736
1.6855
0.0433
0
0.0158
0.009
0
0
0.4794
15.2268
3.0256
13.8156
13.8821
0
0
1.5018
4.2441
3.4381
20.6205
2.8018
5.3847
7.74
3.064
0.4174
0
0
0
7.0708
3.1786
4.9304
7.5762
10.2354
1.875
0.4575
21.5207
9.6295
0.8924
0
2.6026
0.2546
4.6468
5.9824
1.1085
25.7867
9.5218
0
0
0
0
0
0
0
0
0
0
0
0
0
0
0
0
0
0
0
0.2787
6.4219
0.4539
0
0.5295
2.5338
0.5236
3.3944
0
0.112
3.3255
0
0
15.3874
1.459
3.9229
0
0
0
0
0
0
0
0
0
0
19.2715
5.4311
46.4934
15.2009
0.0961
0
0
0
0
0
0
1.3612
0.1081
0
0
0
0.2287
2.983
2.0474
1.4059
0
0.1605
0.0384
0.0195
6.6408
0.8848
0.4052
0.349
3.6711
1.7551
15.3227
0.4676
0
0
0.3794
13.5621
0.0388
0.0306
3.4094
22.4353
1.5651
4.9185
0.0771
0.0609
0.045
1.1254
2.9085
1.368
0.02
0.0814
0.1106
0.0513
0
0
0.3559
0.2825
0.521
0
0.0064
0.0945
0.5092
8e-04
0
0
0
0
0.5079
2.4139
0.0458
0.1115
0.4378
2.7194
11.1081
0.0094
0
0
1.8301
3.5083
0.0996
0.0672
0.1133
0
0.6703
0.5539
0.1113
0.1988
0
0
0.2482
0.0066
0.0166
1.6114
6.9563
0
0
0
0.1209
0.0721
2.642
0.5552
0.647
2.4993
0
0
0.297
0.2226
2.4233
1.0447
8.4539
0
0
0
3.7856
9.3778
0
0.0522
1.7964
1.4755
0.4912
0.3788
0.2383
0
0
0
0
0
0
0.5045
1.9405
0.1724
0
0.1372
0.1353
0
2.6573
0.2066
0
0.0546
0.4683
0.1927
0.5424
0.1111
0.0932
0.0487
0
0
2.1824
13.5218
3.9664
0
0
0
0.7991
0.2167
8.5161
2.8264
0.3476
0.014
0
0
0
0
0
0
0.6471
0
0
0.9053
18.6382
19.6679
0.807
0
0
4.1533
1.2705
0.0054
0
0.2336
0.3721
0
1.6709
8.7337
0
0
3.4738
1.3461
0.0518
0.1784
0
0.1396
0
0
6.2685
7.4814
0.2731
2.5766
1.6744
0.1387
0
1.4436
9.2138
0.006
15.3939
21.7272
0.6395
0.7181
4.6725
0.7847
0.5777
8.3601
16.6411
1.9673
0.5179
1.0179
5.0118
3.3608
2.0062
0.031
1.1196
7.5606
17.4657
9.2629
0.6252
0.0019
0
3.28
1.0031
2.6593
0.0077
0
0.6687
2.5922
0
0.1534
0.2419
0.0668
0.4698
5.9883
0.2062
0.0533
0
0
0.1946
6.6514
2.7748
3.0647
1.8814
14.2399
15.3608
2.9864
4.034
2.2455
6.9643
4.6097
1.5599
3.2842
0
0.5
4.638
15.8668
9.6268
3.6116
0
0
0.0306
3.9894
0.1791
0
0
0
0
0
0
0.0341
0.1122
0
0
0
0
2.7934
0.1528
1.173
0
0
0.3066
5.6927
22.5265
2.3525
0.0021
0.5843
0.963
1e-04
0
0.2728
1.3081
7.0253
7.252
1e-04
0
6.5136
4.1068
16.9096
2.0215
2.9259
0
0
0
0
0
0
1.2867
0
0.8087
0
0
1.0456
0.4199
0
0
0
0
0.268
1.2518
1.4174
0.1433
0.1487
0
0
0
0.019
0.1142
0
0
0
0
0
0
0
0
9.6796
25.1779
0
8.9517
0.0063
1.1439
10.1593
0.3827
6.2946
2.3229
1.47
4.1473
0
0
0
9.603
12.9074
0.3464
0.2267
0
0.8117
14.0356
28.1365
0
0
0
0
0
0
0
0
0.3705
0
7.5821
1.5082
0
0
0
0
0
0.3705
0.8092
16.8714
3.6708
1.5358
0.002
1e-04
8.3694
0.5565
0
0.8452
0
0.7252
2.114
13.8883
5e-04
0
0
0
0
0.3979
0.8075
9.0259
9.679
2.3292
0.2238
1.1029
0
0
0
0
0.4328
1.2449
0.3324
0.3435
0
0
0
0.609
1.5574
11.5236
10.6265
0
6.3499
0.001
4.7328
7.8859
0
0.873
0.5855
2.6822
0.0024
0
0
0.6712
0
20.0485
12.7235
0.9074
0
0
6.5264
20.9158
1.0003
0.1014
0
0
0.1947
1.9786
10.144
0.0242
0.5103
0.2303
0.046
0.0549
0
0
0.8502
0.5227
0.4162
0
5.6635
0.0095
0
0
5.1517
0.4028
0
0
0
9e-04
1.2379
7.436
0
0
0
0
0
11.1179
0.3434
2.4432
4.3514
0
0.9539
9.3664
0
0.0216
0.2451
0
0
0
17.4439
1.18
0
0.0219
0.1013
0
0.449
1.3134
0.8038
0.8811
0.0501
0.2984
2.7007
0
0
1.2037
4.3659
5.6741
3.8617
0
0
0
1.3777
39.171
0.0036
1.8791
6.1639
0
0
2.9041
7.1899
0
0
1.9291
1.6518
0
0
0
30.1884
0
0
0
0.4318
0
0
0
1.1108
1.286
0
8.3241
0.5661
0
2.3235
7.5562
2.6571
1.1983
0
0
0
1.7298
7.6592
0
0
0.0128
0.0129
0
0
17.2102
0.9311
0
0
1.1521
2.7697
0
0
0
0.9154
0.0031
0
0
0.5795
0
1e-04
6.0424
0
1e-04
2.8016
6.6927
23.2404
3.2475
12.4924
0.4099
0
4.4066
0.3952
2.773
0.1347
1.8257
0.1579
0.8753
5.4806
0
0.9698
3.1991
18.4974
0
0.1192
0
0
0
34.928
0
0
0
13.581
0.0288
30.5105
16.6349
26.7151
3.6009
0
0
0
0.0084
2.4621
0
0
0
3.3378
0.0773
0.493
0
5.3402
0
11.536
0.0935
0
1.6262
11.4981
0
3.3682
6.4887
9.1927
0.0449
0
1.3176
9.9361
0.8639
0
0
0
0.8529
0
3.8102
1.5127
8.2722
0
0
0
0
2.476
11.0488
0
0.9333
0.3979
0.4266
2.5203
6.374
2.9752
2.6548
0.8427
0
17.7101
0.001
4e-04
0
0
0
0
0.027
0.5624
14.8522
0.0012
0
0
0
0
0
3.8499
4.7
12.8104
0
13.6346
24.3119
12.4834
0.6389
0
0.7238
3.865
3.5617
0
15.9845
1.4366
6.3615
0
0
0
0
1.2737
0
2.9764
1.4519
0
0
0.6826
0
0
0.0857
21.436
0
4.4935
0
0
0
0
3.9229
2.3303
1.1113
47.6106
0
0.6455
1.0538
0
0
0
0.6455
0.1715
0.2529
0.9481
0.051
0
0.2854
0
1.3123
0
0
0
1.8438
0
0
0
0
8.0214
0
0
0
0
0
0
0.3178
0
0
2.162
0.4524
15.3736
5.9968
0
0
0
1.0976
2.1301
1.6204
0.9123
0.1996
0
0.5568
0.0202
0.016
0
0.1852
7e-04
1.0095
0
10.5252
2.9638
0.5754
0
0
0
1.6026
7.9392
2.2947
6.4018
0.029
0.7113
0.7436
0
12.4503
1.7534
0.4918
0
2.1645
2.6375
3.2428
0.6736
1.9143
0.6529
0
0.2212
12.9749
0.1035
0
0
0
0
0
0
0
0
0
0
6.7646
8.0192
4.7798
7.8568
1.3932
0
0.0614
0.6038
0.2524
0.0232
0
0
1.2933
14.0709
0.3184
6.6026
19.4894
22.589
0.9445
0
0
0
3.6327
0
3.8661
0
0.8373
0.5489
0.0641
0
0
1.6634
5.5434
0.1958
4e-04
0.1954
0
0
0.2586
0
0
0
0
0
0
0
0
0
0
0
2.7835
5.9125
3.681
0
0
1.9371
11.6161
35.3493
9.6992
0.9553
3.0815
0.0386
0
0
0.0832
0
0
0.6582
8e-04
1.4538
0
1.6668
0.5724
0
0
0
8.7345
17.0049
0.7715
0.2341
0
0
0.7362
0
0
1.651
7.9614
2.8121
12.2351
8.3843
0
0
0
0
0
0
14.3631
0.2574
0
0
8.2013
1.5281
0
0
0
0
0.0563
15.1908
23.625
3.4608
0
0
0
10.1724
0
16.7456
1.6587
0
5.5959
0.2744
0
0.0308
0
0.6565
0
30.4004
0
0
3.3954
0.8089
4.6163
13.1506
1.4113
2.4516
8e-04
0
0.3304
2.428
0.4663
0
0.4902
0
0.5736
0
0
0
0
0
0
0
0
0
0.5004
4.5476
0.0745
0
0.0578
0
4e-04
0
1.1568
0.3528
0.1466
1e-04
0
1.2957
0
0
0
0.7234
10.2691
3.1634
26.4451
10.1641
0.2539
0.3723
2.2063
0.4001
0
9.5886
0
0
0.0144
1.3466
1e-04
8.1435
14.447
15.2838
4.8609
3.4085
9.4576
0
0
0
3.9704
0
0
2.5362
7.4377
0.0072
0
0
0
0
8e-04
12.4051
5.4019
0.4149
0
4.5755
6.0635
19.8802
25.5375
27.664
0
0
0.0264
0
0
0
0
0
0
0
0
9.2082
20.2921
34.9844
6.4202
1.6815
5.1706
5.3754
0.0638
0
0
0
0.1627
6.813
0
1.7584
0
0
4.3007
0.9504
0.2088
18.5807
58.0943
0.2714
0
0
2.7373
0
0
0.9845
1.1382
0
0
0
0
11.5075
0.8362
0
0
0
0
0
0
0.0623
5.7053
0
0
0
0
5.1554
0.3995
0
0
0.0378
0
1.8286
0
0
0.0439
0.7657
1.0154
9.1607
0.1415
0.6349
0.0876
13.8702
0.6228
0
0.2396
0.0607
0
0.076
0
0
0
0
2.8626
0.1165
0.3672
3.9198
0.0045
0
0
0
0
0.0193
2.1009
0.1628
8.8411
0.0014
0.0068
0
0
0
0
0
0
0
0
20.9462
0.0775
0
0.1837
0
0
0
0
0
0
0.2145
0
0
0
0
4.913
7.0642
0
0
0
0.5421
1.0321
0.0593
0
0
0.236
0
2.0333
0
0
0
0
0
0
0
0
0.1618
0.6034
0
0.5112
0.9323
7.2273
5.916
0
0
0
0
0
0
1.4226
0
0.0969
0.0829
12.2747
9.5643
0
0.0402
0.3749
1.496
1.6025
5.8835
0.5703
0.9244
5.3638
5.3424
0.5688
0
0
0.0134
8.8205
0
0
1.4422
11.5977
4.158
0.0013
3.4453
0
0
0.5102
0
3.3196
0
7.5876
2.2304
0.1492
1.3533
0
0.7376
8.4178
0.2407
0
0
0.1158
7.7304
0.1639
0
0
0.7048
1.3482
0
0.003
0.7047
0.5701
0
0
0
3.1453
0
4.2234
5.1384
0.9852
1.9994
13.5488
0
0
16.3241
0.7017
0.0246
7.803
0.6557
0
0
0
0
0
0
0
0
0
0
0
0
0
0
0
0
0
0
0
0
0
5.7681
0
1.8946
4.5911
0
0.1362
0
0
34.0123
0
12.0611
2.7555
0
0
6.8685
18.0932
3.0322
1.9241
0.9923
0.2791
0.8371
3.8878
26.5781
0.262
0
0
0
0
0
0
0
0
0
0
0.0652
8e-04
0
2.3765
0
0
0
0.844
0.7257
0.7298
0
0
0.0314
2.3667
0.019
0
0.3388
10.7615
6.3673
7.478
0.8406
0
0
0
0
0
12.2149
7.5858
4.755
0
0.0416
0
0
0
0
0
0.7669
9.3997
27.442
2.925
12.6889
0
0.0981
3.1723
0
0
0
0
0
0
0.6326
3.2476
2.2629
8.6731
2.3071
0.1656
0
0.898
2.3807
0.3127
0
0
9.9599
0.1779
0
3.9203
6.0004
0
0
0
0
0
0
0.6237
7.1626
4.0438
5.3712
1.8639
11.0203
0.476
4.6842
0.0831
0.1526
0.1825
1.4689
0.3111
0.4557
3.4108
1.3453
0
0
2.058
0
4.6315
1.22
7.7393
0.0848
1.3899
0
0.0318
2.9082
5.3905
0
0
0
0
2.483
0.0256
0.0256
0
0.1226
6.6783
14.9889
9.3549
0.3123
1.4259
0
0
0
0
0
0
0
0
0.4063
0.01
0.0452
1.1826
0
0
0
2.5328
0
0
0
0
0
0
0.4975
0.1791
0
0
5.2637
0
0.8354
2.3305
0.555
30.9806
1.5339
0
0.0536
4.6702
16.4968
0
0
0
1.8453
3.5643
0.3415
0
0
13.1525
0.0759
0
0
13.0641
0.602
0
0
0
0
0.8088
0
0.0535
0
0
0
0
0
0
0.4484
36.2834
2.8275
0
0
0
0
0.345
0
0
3.2449
0
0
0
0
0
0
0
0.6936
2.1794
1.2461
0
0
0.3968
0
11.2879
0
0
0
0
0
0
1.1752
0.1985
9.5673
1.3135
0
0
0
9.7646
0
0.3263
4.1241
18.1237
2.3209
0.5391
0
0
0
2.3977
0
0
0
0
0
0
0
0.648
0
0.062
0
0
0
8.3531
5.1662
0.0587
0
0.0141
0.4299
0.1971
2.2106
0
0
0.625
0
0
0
0
1.4522
0.1147
3.5323
0.0888
0.9491
0
0
0.1094
0
0
0
0
5.1273
0
0
0
2.697
1.1032
0
0
0
0
0
9.0061
4.1793
0
2.2998
2.9993
2e-04
0
0
7.0911
0.7279
0
0
0
0.0015
4.6154
3.1557
0
4.9157
0
0
9e-04
0
0
0
0
0
0
0
0
0
1.903
4.2696
0
0.0575
0.0508
4.6698
0.0013
0
5.5444
8.6217
0
0.5202
0
0
0.3123
0.2386
12.9355
4.8583
0.7716
0
0
0
1.1012
7.9539
0.8916
0.0013
0
9.6645
15.4946
0
0
1.4627
0
0
0
0
0
0.4051
0.0588
2.1631
21.5559
4.9425
0.2988
0
0
0
0
0
0
0
0
16.5234
7.4331
0
9e-04
4.3878
0.5918
0.5129
0.3418
2.2216
15.5411
0.0609
4.8108
0.824
0
0
1.1403
0.0085
8.3285
36.0866
0
0
0.1257
6.1192
0.2361
0
0.003
2.5142
30.6604
2.3896
4.5128
0
0
0
0
0
26.0642
2.6864
0
0
0
0
0.7287
14.5035
7.0187
10.8944
11.3695
6.4001
3.6013
14.9865
0
0.1479
25.4551
6e-04
0
1.1016
33.5453
0.1628
0.5988
1.0578
0.4766
0
0
0
25.3685
0.1277
0
1.8709
0
0
0.3159
6.8958
0.001
0
0
6.2124
1.6258
1.6304
5e-04
0.038
0
0
0
0
0
0
0
0
0
1.4463
19.3336
24.9846
4.5794
2.2206
10.2143
9.0121
0.0986
0
29.0579
18.226
0
1.0167
0
0
0
0
0
0.3643
0
5.0007
1.0564
0
0
0
0
5.3355
4.2468
0
0.0386
9.8733
0
0
0
0
0
0
1.6851
2.6197
0
0
0
0
1.5138
38.7053
1.586
6.9814
0
5.8225
0.201
0
0
0
0
7.2396
7.7369
0.5954
20.4264
6.7189
0
0
0
0
0
0
0
0
0
16.3431
23.231
3.9251
1.319
0.0052
0.7747
0
0
0
0
0
0.7525
0.089
3.4062
0
0
0
0
0
0
7.0486
8.6249
0.1228
8e-04
0.2151
0
0
0
0
0.0095
0.7924
0
0
0
8.2557
0.5908
6.312
7.7975
0
0
2.1233
0.3783
0.0463
0.1788
0.1784
0
0
0.1323
0.3113
0
0
0
8.4992
2.1584
1.5825
0
1.8247
0.529
0.0468
0
0
0
0.0398
0.0434
3.2935
1.907
0
0.1089
13.9933
5.4778
2.5426
11.4866
0
14.3782
4.6383
0
1.7795
0.1798
0.0772
0
0
0.0835
0
0.0128
0.3709
0.3107
2.5778
0.0125
2.6453
0
0
0.3728
0.3727
0.5392
0
0
0.0414
0
0
0
0
0
0.3289
2.7747
0
0
0
0
0.0012
0
0
0
0
0.133
0
2.2353
0.1886
0.2682
9.049
1.6937
0
0.1058
0
0.0819
0.8274
2.1353
0
0.2315
15.9234
6.2802
0.014
0
0.0056
11.2903
2.82
0.117
0.0096
0
0
0
0
0.5477
0.1226
2.4816
7.9317
0
0
0
0
0.0364
0
4e-04
0.1272
0.8789
0
0
0.2606
0
0.9858
2.8475
7.9419
0.0532
0
9.8915
1.6245
0
0
0
0
0
0
0
0.0288
0.6165
0.0512
0.072
0
0
0
3.2902
0.0046
1.6094
0
0
29.2747
1.1003
0.3267
3.3187
1.9251
1.423
1.057
0
0.0857
9.4634
0.3661
1.0268
0
0
9.1697
5.1934
3.795
0
0.4734
0
0
0
0
0
0
0
0
0
0
0
0
0
6.7599
0
0
3.57
4.0042
0
0
22.7511
15.5914
0
2.3004
0.0536
0
12.2652
1.8237
0.1114
3.7026
5.2416
6.6384
11.879
0
0.8118
0
0
5.7843
8.1547
0.1436
0.0898
2.4807
10.1488
0.5627
0
0
0.2694
0
0
0
0
3.2123
3.9726
0
1.0242
0
0.8167
5.5061
3.3539
0.96
0.0155
0
0
1.4477
0.9437
0.2328
0.299
0.9526
0
2.3176
1.0451
0
0
0.4427
0.024
1.5293
0.2368
0.394
0
0
0
0
0
0.7307
2.7871
0
0
19.7313
1.4183
0
0
29.4527
0.0022
0
0
0.8977
9.3758
0.0484
0
0.5701
9.2937
0.0108
0
0
0
0
14.3292
0.6212
0.1285
9.4652
1.3266
0
0
1.6197
0.1333
0
12.0027
0.3084
0
16.3082
6.6965
0.0604
0.3412
0.0493
0.2182
0
0
0
0.3949
0
0
0
0
0
0
0.184
5.5381
18.5838
19.7094
0
0
1.9293
2.9294
0
0
0.1184
0.8396
22.9351
1.3907
10.4925
0.1065
0.066
16.2887
0.667
2.5062
0.9611
0.1688
0.0976
0
0
0
0
3.6532
31.1824
9.8319
0
0
0
0
7.5292
24.3791
0.1481
16.525
1.762
24.0628
0.3164
0.0176
0
0
10.7791
10.5386
6.6992
2.687
15.9913
1.4471
0
0.136
0
0
0.6965
0
2.0415
0.0216
0
0
0
0
2.1676
0
0
0
0
0
0.4603
2.4596
0
0
0
2.2177
0.1088
0
0
0
1.0075
3.1492
0.1422
3.2336
4.3501
11.122
15.102
0.0531
0
0
0.3867
0
0.2514
0
0.2149
0
0
0
0.7508
4.7681
18.1854
4e-04
3.883
18.2527
2.3687
0.1311
0.048
0
0
2.3256
0.1962
0.0274
0.133
0.1929
0.8182
0
0
0
0
0
0
0
0
3.9313
5e-04
0
0
0
0.0518
1.3256
0.3418
0.0174
0.2665
0
0.308
0
0.1157
0
0.0332
0
0.8396
5.5692
0
0
0
0
2.9519
26.6309
17.2714
21.6732
0
0
0.0024
0
0
0
0
0
7.4487
3.3813
0
0
0
0
0.1952
0.3764
0
0.5129
8.7191
1.3302
0.303
0
0
0
10.4066
0
0.124
0
2.0172
7.7044
0.6472
0.1411
0.2654
0.2648
0.0425
6.9645
0
0
0.0779
0
0
0.2265
2.6141
0
0
0
2.7036
0.2526
0.0514
0
4.4681
6.497
16.1569
0.3458
0
8.881
5.6867
0
1.2016
11.0224
4.1174
0
0.1129
0.4309
0
13.7149
10.55
0
0
5.1977
17.4871
3.4075
0.0563
0
0
0
0.2197
7.488
3.4811
1.1584
0
0
0.7058
0
2.244
10.2766
1e-04
0.1527
0
14.4838
0
0
0
4.8628
1.5468
6.766
3.1639
0
1.2884
26.0523
7.2661
0.6455
0.607
3.7705
6.6669
1.394
0.0011
1.0418
0
0
0.0904
0.3502
9.9394
0.6131
0
0.7948
3.8433
0.7347
0
0
0
14.7124
13.9036
8.4311
2.618
0
0
0.0504
0
1.708
0.647
0.5369
2.8495
0.7354
0.7369
0.6216
0.1962
0
0
5.2953
0
0
0
1.3439
2.3023
0.0101
0
0
0
0
0
0
5.2393
0
0
0
0
6.5651
1.9986
0
0
0
0
0
0
0
0
0.1346
0
1.9164
3.6462
13.8436
0
0
3.3541
6.8594
8.2776
19.0649
1.6994
0
0
0.2292
0
0.1024
5.5414
0
0
0
0
0
0
1.5944
0
3.2497
1.1793
0.3528
0
0
12.3193
2e-04
0
23.0365
4.3278
12.9483
0
0.0544
0
0
0
0
0
0
3.1806
0
0
0
0
0
0
0
0
0
0
0
5.0456
10.4784
0
0
0.4074
5.2512
14.7306
4.6168
0.1496
0.1496
0
0
0.1392
24.9486
0.0614
0
0
0
0
0.8872
4.3061
0.1127
0.0573
0.3611
0
0
0
0.056
0
0.4766
0
0
0
0
0.5952
8.008
0
0
0
0.5016
0.3054
18.3847
1.6716
0
0
0
0
0
0.0646
0
0
0.9309
5.958
1.4181
0.1112
0
0
19.7068
11.4489
0
0
0.1205
1.7706
1.1802
0.2794
0
3.7788
0
2.9546
14.6561
0.5986
0.5718
0.1843
1.5388
9e-04
0
0
0.7562
0
1.4203
0.0667
0
8e-04
0
0
0
0
0
0.5641
0
0.2472
3.2226
0
0
0
3.3855
21.7377
3.3221
0.4736
0.0499
0
0
8.0607
0
0
0.0018
0
4.0721
7.3501
1.8523
5.6125
0.2212
0.4307
1.6088
2.2013
0
0
0
0.0883
2e-04
0.0494
0
0
0.0433
0
0
0
0
0.2238
0
0
0.253
0.0459
0
1.4028
0
0.8595
2.4601
7e-04
0.5001
1.4523
0
0.2804
3.6553
0.0039
0
0.0389
0
0.0471
0.788
0
0.1553
0.0798
0
0
0
3.6496
0.3652
0
0
0
13.9638
5.1552
0.7156
0
0
0
0
0.0053
1.3555
0
0.0408
4.8931
1.1395
0
0.5598
3.3649
0.1019
0
0.5528
17.3037
0
0
0
0
0
1.1595
1.5078
7.7611
0.2082
0
0
0.575
4.5142
0
0.0981
12.9639
0
0.4059
1.3976
0
0
18.5899
18.8047
0
11.4337
0.1959
0
0
0
0
0
0
0
0
0.4848
1.4176
1.1665
1.4488
1.7106
0.1097
0
0
0.0836
0.2057
0
0
0
1.9936
5.6016
14.6234
0.0386
0
19.214
2.1475
13.3897
8.9092
14.1688
21.4687
6.8863
5.4198
0.1733
0
4.1538
0.1761
0
0
0
10.5222
0.0316
0
0
0.0593
0
0
2.5535
2.2037
0
0.0367
21.9831
0
0
2.4672
0.8973
0.1993
1e-04
0.9669
19.5711
1e-04
0.0077
3.4301
45.6778
1.2807
3.1231
0.8731
0
1.1426
0
0.857
0
0
0
0
0
0
6.5046
6.212
0.1062
1.8515
0.7764
9.2137
5e-04
0
1.6631
1.1287
1.2258
14.6524
16.5076
10.7276
5.7722
3.228
3e-04
0
0
0.6245
0.3016
0
0.5434
0
0.0587
22.131
5.6264
1.5021
6e-04
0
0
17.714
0.5542
0
0
0
0.2634
20.4692
15.2395
10.6183
2.3002
0.9254
1.8545
1.8231
0.9551
0
1.7363
36.1148
0
0
7.5548
3.9127
1.4162
1e-04
0.0552
0
0
4.8573
0
0
0
2.7508
4.5463
0
0.0223
0.407
1.1569
44.3289
4.9824
0.6044
0.0496
0
0
0
0
0
0.1429
0.056
0
0
1.3762
5.7476
0
0
0
14.9497
1e-04
0
17.2913
1.1825
5e-04
7.5745
0.4754
27.7434
3.6728
1.7863
0.2571
0.0018
0
2.7859
3.5442
0
0
0
0
0
1.9867
0
0
0
20.0483
7.427
0.3259
0.0332
0
0
0
0
0
0
0
6.4637
11.505
0
2.1433
1.7151
0.0595
1e-04
3.5782
0.0099
0.5428
0.6334
0
0.0914
0
0
0
0
6.2426
4.449
0.415
0
1.79
2.0967
0.7323
5.2795
5.4613
0
0
0
0
6.1339
0
0
17.2427
11.8789
0.4977
0
0
0
0
0
8.6635
0.9311
0
0.1775
0.8869
14.0135
0.3154
0.1024
0
4.7036
0
2.5907
1.2041
0.0072
1.2227
0.0129
0
1.5163
20.4434
1.889
1.3556
0
0
0
5.6069
7.4308
0
2e-04
3.7497
0.2798
13.2294
2.3247
0
0
0
0
0
0
0.04
0.1041
1.2612
1.1044
0
1.5724
0
0
0
0
0.0534
1.4271
0.5404
0.0116
1.0552
5.1708
0
0.0349
0.2426
0
0
0.1144
5.2544
0
1.5144
0.0292
0.6076
0
0
0
0.0802
0
0
0
0
0
0
0
0
3.6038
1.173
0
0.2865
0.9146
0
0
0
0
0
4.8478
0.4674
0
6.7059
10.0928
4e-04
1.1989
0.0045
0.311
0
0.2444
0.0734
0
1.3425
0
2.4419
0.2858
1.5886
3.5168
6.0171
0
0.9304
0
3.7435
7.033
8.0343
1.0891
0.1271
3.1106
12.3021
2.763
0.046
6.7692
0.2859
0.3473
0
0.1003
0
4.0375
0
0
0.056
0.6614
3.643
0
0
0
1.0248
0
0
0.0185
5.1862
0.0126
3.8592
0
3.8984
0.1046
0.3391
0
0
3.8414
6.1195
14.2264
0
0
0.0344
0
7.1903
0.0718
1.2274
22.5174
3.1247
2.5943
4.123
7.6857
6.2866
0
2.2042
6.857
2.8464
0.4854
27.211
3.3129
0.0384
9.3821
0.6035
0
0.0176
1.0979
0
7.1436
15.5846
0.6159
2.8834
0.1761
0
0
0
0
0
6.5143
10.261
20.2227
2.5507
0.0628
12.6772
0.0015
0.9771
14.9814
0.132
0.28
0
0
0.3995
0
1e-04
6.9241
1e-04
0
4.3264
2e-04
0
0
0
0
3.5483
0.2873
0.5298
3.9296
0
0
0
0.2932
9.5932
2e-04
0.0024
0.7882
2.2143
2.7491
3.9275
0
1.6049
0.2992
13.2266
1.9756
0
0.2778
3.0589
11.6883
9.9249
0
0.1429
10.0232
0
0
0
14.5035
1.3664
0
1.0422
0
0
0.4251
0.0984
0
0
0.4183
10.0472
0.0102
0
2.8972
16.7816
11.3709
0.0057
0.0022
0
0
0
5.9958
16.7826
4.6325
12.0538
0.0046
0
0
0
0.5496
4.1586
0.0456
0
5.6219
5.3168
2.8153
0
0
0
0
0
0
1.5717
0.7856
0.0096
0
0
0
0
0
0
0
0
0
8e-04
0.1231
0.305
0
1.2341
0
0
0
0
0
0
0.0868
0
0
1e-04
4.1717
0.1294
26.6546
1.7447
0
7.4284
0.3208
0.1899
0.1423
0
4.9944
3.9403
0
0
0
0
8.4652
2.7211
0
0
14.7823
0
19.1619
0
0
0
0
0
0
0.036
0
0
0
0
3.2458
2.7313
4e-04
12.4571
4.1893
6e-04
3.2646
0
16.1987
7.4544
0.3403
1.1032
1.9755
0.8533
2.6146
9.5313
0
0
0
0
1.6298
14.2627
0.0337
1.1105
1.8579
1.8014
0.2134
2.2396
0.2978
0
0
0
0
0.5104
0
0
2.8211
20.8951
0
1e-04
0.0822
0.0808
0
0
0
4.2638
0
4.9638
14.3253
1.7416
13.3557
12.8872
0.01
7.0807
0.0145
0.3939
7.6737
28.0585
10.8725
3.1958
0
0.5335
0
0.05
1.9443
0.2531
0
7.7183
0.2976
0.0405
0
0
0
0
0.8166
0.5742
0.0346
0
0
0
0
0
0
7.2229
4.6894
3.9416
3e-04
0
0
0.4568
2.6529
0
9.4141
0.0406
0.02
0.0196
4.6324
3.7231
0.2269
0
0.0478
0.0234
0.1328
0
2.5347
4.7168
0.0042
0.9434
0
0
0
0.5945
0
0.1429
0.0467
3.892
0.4064
0
0
0
0
0
0
3.5735
1.6018
0
0
7.0207
0.7715
0.8022
0.3731
0.1603
1e-04
0
0
0
0.523
28.719
0
0
0
0
2.2007
0
0
0
0
4.9828
0
0
0
0
4.9836
0
4.983
5.4875
0.0148
10.6501
20.15
15.1808
1.8799
13.7464
1.4766
1.5574
0.154
0.8294
0.1513
0.0316
0
0
0
0
0.0615
0
0.0576
0.0479
1.5897
0
2.7126
5.0047
0
0
0
0
2.0788
1.008
0.3451
1.154
5.7051
1.9995
0.0205
0
0.0037
2.9083
0.7482
0.6051
0.0691
0
0
0.6309
0
0
2.6511
0
3.1931
14.4517
6.893
0.2738
1.081
3.0377
0
0.2026
1.9998
3.5274
0
0
0
0
5.4489
0
0
0.0122
0.6435
0
3.9223
5.5192
9.7938
3.1796
1.9435
0.1572
0
4.5066
0.275
0
0.6918
0.0615
0
0
7.2579
12.4029
6.0119
0.4734
15.4655
6.6845
7.3323
4.2989
0
32.6855
0.6576
0
5.1803
3.1226
4.9102
38.3484
0
2.9393
0.1546
0
0
3.1207
3.1207
3.1102
0.0105
0
0
0
3.1661
8.6016
0.3305
0.8152
9.8603
12.1017
2e-04
0
0
0
2.2924
9.1932
1e-04
0
0
0
0
0
3.2385
0
0
27.9297
9.1582
1e-04
0
0
0
0
0
0
13.0395
3.422
0
0
0
0.3743
2.8222
0
14.8332
0.6213
2e-04
0
0
0
3e-04
22.4602
0.3087
4.8276
29.6782
0
0
7.4314
0
0
0
0.0966
0
0
0
2.8268
3.492
0.3875
0.5582
0.0052
1.2419
0
0.3858
0
0
0.7012
0.3404
0
0.5764
2.0496
2.1938
0
18.7054
6.9304
0
0
0
0
0
0
4.7992
0
0
0
0
3.5376
0
9e-04
8.595
0
0
0
1.3976
0
17.7417
6.558
0
0
0
0
0
0.0688
1.8659
1.3263
0
0.0904
3.5446
1.6069
13.8741
0.1378
0.3519
0.0424
0
16.2009
0
0
0
0.1372
5.403
0
0.0914
3e-04
0
0.5226
9.7143
0.0442
0
0
0
0
0
0
0
0
18.1735
2.9911
0
6.6974
7.1761
0
5.3231
4e-04
12.5952
1.1289
3.4096
0.9728
8e-04
0
0
0
0.2477
0.8886
0
5.7714
1.6741
0
0
10.0812
13.6797
0
0.0101
3.7458
0
0
0.1194
0.4656
0
0
0.0437
8.1968
0.1502
0.0381
0
2.9987
10.9833
16.2954
1.9946
0.0441
0
0.0489
0.1447
0.0936
0.0564
0.1123
0
0
0.0084
7.8175
8.0216
0.0187
0.0202
0
0
0
0.1875
0
0
0
0.3158
0.0713
0
2.142
0.0392
0
0
0.0905
0
0.0209
5.6026
7.9097
0
10.1912
13.491
0.1897
0
0.1174
0.4273
0
0
0
0
0
0
5e-04
0.6635
0.0705
0
1.5621
0
0
0.4961
8.697
1.5096
7.3439
0
0.04
0
12.6799
9e-04
0
0
0
2.5429
0
2.1927
0
0.0615
0.2648
0
0
0
2.9989
5.5971
4.3166
2.0646
1.7912
0
0
0
0.4003
1e-04
0.3426
13.5106
0.982
0.3075
0
0
0
0
0
4.5045
25.619
6.0282
13.1783
5.1842
12.0101
9.8457
5.3004
7.3504
3.0289
0
0.49
0
0
0
15.8007
15.8392
0.53
0
0
1.7996
0.536
0.5275
6.0876
3.1106
4.8758
0.0075
0
6.7233
0.2606
0.6686
0
0
0
0
0
0
0
0
3.255
16.6368
1.4504
12.4209
71.7885
0.1529
0
0
0
1.2675
3.0788
0.0099
0
0
3.9575
0.9435
10.0346
0
0
0
0
0
3.5289
3.7977
25.7507
2.7947
19.2806
0.1891
0
0
1.3791
0
0
0
1.3712
0
0
0
1.488
3.506
33.2253
0.048
10.2636
1.7948
6.871
0
11.6161
1e-04
0
0
0.2358
0
0
0
0.0472
0
0
2.1659
0
0
0
0
7.5151
0
0
0
0.4691
6.9466
0.004
0
12.8754
2.5891
39.69
0.3218
0.2018
0.8272
1.6165
0
0.0646
0.2339
0.12
0.0535
0
0.5911
1e-04
0
16.5382
9.3749
0.0074
0.2486
0
0
12.223
5.2727
0.192
0
0.0322
3.8767
1.3768
0.0446
0
7.9925
6.0388
0
7.8132
3.6789
4.7103
0.6023
5.0351
1e-04
0
0.002
0.0733
0
0
15.2315
0.6054
0
0
0
1.1126
49.7283
0
5.5979
2.3242
0
2.5224
1e-04
0.3108
0
0.4065
15.7629
8.1433
0
0.1229
1.2692
0.0945
0
0
0
0
0
7.1839
0.0851
0
0
5.1871
0
0
0
4.6363
25.7575
1.248
0
1.6342
0.0024
0
0
0
0
0
0
0
0
0.4682
18.2155
44.4911
0
0
0.1261
0
0
1.0833
0
0
0
0.0421
5.5849
4.1594
0
0
0
0.5784
3.0667
0.0492
0.3717
2.756
13.0506
0.5852
0
6.4766
6.8672
0.1125
0
0
1.9852
6.4987
9.2907
0
0
0.48
23.2618
20.2292
1.2612
0.5042
0
0.1241
0
2.0549
16.2625
5.3554
26.2589
0
0.1084
0.1751
4e-04
0
0.6303
0.1191
0.1251
0.5504
0.4968
0
0.1416
1.1603
0.0721
1.4523
0
0
0
0
0
0
0.4692
0
0
0
0
0
1.1846
5.4101
7.2342
0
0
1.5072
0.1317
0
0.9732
0.038
0.038
0
0
4.2175
1e-04
0.3524
0
11.787
12.2968
0.016
0
0
0
4.797
0
0
0.6501
0
0
0
11.0363
14.8
0
0
0
3.2955
0
1.3648
6.259
1.4118
0.8733
0
0.034
0.3214
1.4965
0
1e-04
0.6257
8.8255
0.3465
0.0619
0.2596
0.4844
0
0.1701
0
0
0.0296
12.4593
6.7981
0
0.5433
2.5493
0
0
0
0
0
0
0
0
0
22.6777
24.71
7.8146
0.0319
2.0222
0.2357
17.0175
2.2906
0
0
0
0
0
0
4.7058
1.1525
0
0
0
0
0.1117
12.7247
1.226
0.1349
0
0
0
0
0
0
0.0102
10.1699
1.3398
0.0524
0
0.0669
0.0085
2.1544
4.9624
7.9446
19.5642
0.1454
1.8649
0
9.9184
0
0
0
0
0
0
0
0
0
0.0199
9.7032
0
5.3184
0
0
0.5104
0
0
3.9108
6.914
1e-04
0
0
0
0
0.1368
6.6155
0.6788
0
0
0
1.5777
0.1096
0
0.0017
0
1.6758
0
3.2917
0.1234
13.972
0
0
0
0
0
2.5096
0.166
39.0774
6.8144
0.1298
0.0632
0
0
0
0
0
11.6475
3.4088
20.9797
10.6585
25.9855
1.647
0
0
0
0
0.8031
4.642
0
0.0171
36.671
73.9274
0.9058
7.3996
0.8974
5.0017
13.3353
0
0.1712
0
0
0
0
0
0
0
0
0
0
0.4073
7.1777
24.3599
0.0835
1.1917
0
0
6e-04
0
0
0
0
0
0
0
0
0
0
0.0274
16.0738
1.1281
0
0
0
8.7448
6.6766
0.7304
0
0
0.7284
0
0
0.1787
0.0303
4.4731
0
0
0.1336
0.0449
1.5212
0.3117
2.0862
0.1499
0
0
0.8976
41.0347
0.0105
0
0.6534
1.195
0.3619
0
0
0
0.2362
0
0
0
0.2363
0
0
0
0.0181
0.4344
0.0395
0
0
0
2.5161
9e-04
15.8149
0.0451
0
0.1124
3.5225
1.1205
0
0.1842
6.5027
34.6685
0.035
0
0.0142
21.2456
0
0.0597
0.0157
0
3.9743
0.087
0.2484
0.9803
1.1778
0.2583
0.1992
0.1111
6.3987
0
4.0404
28.8383
1.6717
0
14.0962
2.8095
1.1399
0
0
0
0
0
6.7353
0
0
1.4587
0
3.2183
1.9798
0
0
0.3805
0.4124
0
16.6054
22.9853
1.0071
1.3916
0
0.2461
1.9564
1.7268
0
0.1317
0.1055
0
0
0
1.0224
0
0.3642
0
1.0826
1.0287
0.1186
1.0006
4.0055
0
7.631
0
0
1.7813
25.0858
50.9028
0.6095
0.4213
2.249
0.6927
0
4.0846
3.0945
0.321
0
0
9.5124
0.9682
0
0.3124
0
3.9337
5e-04
0
0.0411
14.7569
0.1075
0.4723
3.379
0.3848
0
5.9439
13.0015
19.3197
0.4114
3.0858
11.5944
2e-04
0
0
0
0
0.5638
0
0
2e-04
6.8918
21.9076
0.4572
1.658
5.5235
0
0
0.0466
0.0618
8.8417
14.9034
0
0.1605
2.6971
6.7482
0
2e-04
17.1218
0
0
0
0
0.759
3.1599
11.4309
5.4819
3.168
0
0.1893
0
0
0
0.2377
3.3038
0
0
0
0
3.3668
1.9165
0
2.9045
1.3711
0
0
18.4064
4.5069
0
0
0
3.8594
0.733
0.001
0.5329
13.2449
3.5509
0.0177
7.1805
0.3079
2.4336
0.093
7.9319
0
0
0.0676
0.9192
0
0
0
2.7738
0.3624
0
0
0
9.3408
0
0
19.9999
1.0654
0.1283
0
0.0835
5.3515
8.6544
18.4972
0
0
16.9672
0.2991
1e-04
1.4102
0
0
0
0
17.9961
2.2169
4.725
0
3.35
28.6999
1.2153
24.3766
1.6958
1.001
0.3817
0.0032
52.9103
0
0
0
0
15.0194
11.3725
0.0111
1.7295
0.9543
3.5429
0
0.1428
0
0.385
0
2.9183
2.0788
1.6635
2.162
0
0
0
0.262
0
0
0
0
0
0.1581
1.319
0.0258
0.1616
0.2392
0
0.7772
4.0158
0.4105
2.9302
0.0521
0
0
0.0022
1.1576
0
0
1.1131
0.2057
0
0
0
0
1.0026
0.0017
0.424
0.0242
0.3463
0.119
0.0175
0
0
0
0.9644
1.2839
0.9233
0
5.3712
0
5.2435
0
0
27.6603
29.6407
10.904
0.669
0
0
0
0
0
0
0
0
0
0
0.1854
0.0288
0.0338
4.2955
4.6971
0.3741
0.0019
0.8411
7e-04
0
0.0492
0
2.3147
0.5233
0
0
0
0.1507
0
1.8506
25.1638
0
0
0
0
1.5909
0
0
8.1339
0.3428
0.7978
3.8284
0.1496
0.1741
0.1288
0
0
0
1.0806
0
0
0
1.55
0.1257
1.602
0.1949
0
0.5468
14.5599
6.75
29.7857
1.2083
3e-04
1.0053
0
0.0088
0.4067
3e-04
0
2.7461
1.1249
0
0
0
0
6.8343
1.487
1.9699
0.004
0.2166
0
0.2534
0.0981
0.1557
20.8332
9.352
0
0.2882
0.0069
2.3065
5.6538
1.2701
5.761
0
24.399
0
0.1496
0
0.844
14.0257
0
3.3736
3.9313
8.4942
0
0
0.4907
0
0
0
0.2433
0
0.7384
0.6907
0.3604
3.8288
12.1467
2
0
2.1215
2.73
0
0
0.3898
0.245
0
0
0
0
0
0
0
0
1.4091
14.7437
0
0
0
0
0
0.1988
0.6385
0
0
0
0
0
2.3227
32.6185
7.8474
0
1.5962
0.5815
0.0033
0
6.9458
0.0245
0.314
1.2982
0.3366
0
0
0
1.5308
7.557
0
4e-04
0.1595
0
0
0
0
0.6606
48.6135
0.2523
12.3424
16.2042
0
0
0
0
0
0
2.0297
0.1856
0
0
0
0
0
1.0979
0.036
0.0052
0
8.5622
0.6257
0.1307
0.7768
0
8.0376
0
0.751
21.2987
2e-04
0
0
0.9171
0
0
1.8671
18.6166
2.4761
0.5841
0
0
2.4259
18.5898
1.8263
0.666
0
0.1239
0
0
0
8.8917
0.1635
13.1931
2.5274
0.1839
0
0
0
1.4065
4.8717
2.5052
0.1421
0.0916
0.1131
0
3.018
22.9593
0.0016
5.0347
0
0
0
0
0
0
0
1.3924
0
4.4868
28.485
4.9757
0.15
0
0
2.8783
7.5771
1.1226
0
0
0
0
1.2767
0.9087
0.3351
3.9537
1.6548
0.5899
0.0346
0
0
6.6556
0
24.1478
23.481
0
0
0
8e-04
10.135
4.6312
0
0.5095
0.0026
0.0363
0.0054
1.1849
0
0
0
0
0
0
0
1e-04
14.9449
0.017
5e-04
0
0
0
2.3124
0
7e-04
0
1.4263
3.4685
16.5375
0.8586
6.6137
0
1.8317
0.6315
17.041
0
0
0
0.7856
0
0
7e-04
0
0
10.7554
0
0.0041
12.6582
0.879
0
0
0
0.0899
5.5569
3.7437
0
5.2484
0.0103
5.3621
0
0
0
0.0091
4.2047
24.3355
4.0925
0
0
0
0
0
0
0
0.1386
1.8421
15.5484
1.7264
0
0
0
0
0
1.2268
0
0
0
0
0
3.3568
0.905
0.5454
0
0
0.1543
7e-04
4.1771
1.3643
0.1723
0.0641
20.7952
0.4226
0.5768
6e-04
0.7783
1.3828
1.1376
17.4198
2.272
0
0.3144
0.024
1.002
6.7112
0
0
0
0
0
0
0
13.916
0.2308
0
0.1272
0.1896
4.378
0.077
0.0841
7.1447
0
0
0
0.4156
0.21
0
0
0
0
0.5819
0.0368
0
0
0
0
1.1355
0.0377
0.0977
2.4777
0.2091
0
0
0.1701
0.0986
1.2963
0.8929
1.0243
0
2.0378
4.7306
0
5.9325
8.899
0
0
0
0
0.2515
17.5372
0
0
0
6.4753
0.103
0.2036
0
0
0.0702
2.7185
0.002
0.662
0.8909
1e-04
0.1369
10.8959
0.998
1.4647
0.4303
0
4e-04
1.3079
0
0
0
0.7678
0.403
0
3.867
0
0.3802
0
1.456
0.04
0
0
0
0
0
0
0.04
0
0
0.0958
0
7.198
1.7265
0.3314
0
1.0883
0
0
0
0
0.076
0.0252
0
1.0531
4.0854
0
0
7.6761
4.6156
0
0
9e-04
0
0
1.1647
0.0023
0
0
0
0
9.0352
0
1.528
1.9881
3.8354
0.7677
0
0
0
0
0
0
0
0
0
0
0.6825
0.0252
4.7148
9.6221
7.5033
0.5225
0
0
0
0
0
0.0534
9.1912
0
0
9.0788
0.1341
0
11.78
5.2523
0
0
0
0
2e-04
1e-04
0.2589
0.0018
13.3286
20.7889
0
0
0
0
3.6608
0
0
1.4348
0
0
0
0
0.0314
0.0102
0.0111
5.4138
26.531
20.5529
0
0
0
0
6.0638
5.6334
5.83
3.0035
1.1539
1.4582
7.2501
4.4582
0
0
28.7825
0.0139
7.433
6.8782
0
0
24.4361
7.4209
0
0.1011
6.3982
5.0533
0
0
0
0
0.6296
4.8486
0.1756
0
18.8176
11.2174
3.5822
0
0.0011
6.5458
11.156
0.2006
2.9763
7.5393
0
1.2261
2e-04
9.9788
3.7685
1.4327
0.4585
0.239
0
2.6883
0
0.0307
6.4178
4.1428
12.1191
0
0.9419
4.717
3.3639
0
0
0
0
0.1387
0.1495
0
0
0
2.0378
9.3549
1.0822
0.0587
0.8609
1.043
0
0
3.4267
0
4.6897
0.2445
2.8903
0
5.2046
17.5793
18.1055
12.7815
0
0
3.7054
3.3331
0
0
8.4643
0
0.5065
6.2574
1.0339
0
0
0
0
1.5465
33.0386
0.1112
0
0.0055
4.2464
1.3669
0
0
0
0
10.1537
0.0832
0.3659
1.3554
0.2186
0
0
0
0
0
0
0
1.9338
0.5493
0.5287
0
0.1952
0
0
0
0
4.6812
0
0.5454
0
0
23.692
0
0
0.1189
0.1293
0
2.1576
0.0146
0
0
0
1.04
29.4964
0.1606
0
0
6.5406
12.0212
3.9801
1.3904
0.0011
0.1225
0
0
0
0
0
0.8829
12.7289
0.0012
0
0
0.2045
0
0
1.1606
0
0
1.523
0
9.4371
0
0.0026
0.0398
0.2084
0
0
0
1.1585
1.0448
0
0
0
0
0
0.006
0.1038
0
0.0155
1.423
0
7.4773
18.972
1e-04
0
0
0
3.7235
5.0315
1e-04
27.2192
6.9683
0
0
0
14.9082
0.1122
0
0.0084
0
0
9e-04
0.3738
0
0
0.2776
0
16.1196
0.3243
0
0
0
0
0
0
0
0.0444
0.2493
0
0
0
0.1992
0
0
0
0.4393
0.2406
1.0848
0
0
0
0
0.8195
4.077
0.9044
0.2383
0
15.2808
0.1387
1.5309
0.0108
0.1653
0
0
1.7679
0.8363
1.7459
0
0
0.1453
0.6111
0
0.0187
0.8524
0.5606
1.0626
0
0
5.8184
12.6222
0
0
0
0.1689
1.1162
0
0
0
0
1.0506
0.141
0
0
0
0
0
0
5.5751
15.1338
1.659
0
1.1042
9.141
0.0776
0
36.4214
0
0
0
2.7526
22.4757
3.4885
0
0
25.9141
0.1377
6.1765
0
0
0
6.8526
0.2407
0
0
0
0.9308
3.3544
1.7368
8.5082
0
0
0.1071
0
0
0
1.5876
0.4593
0
0.5776
0.7034
19.7371
0.2547
2.1238
0.1443
20.1452
0
0
1.5282
0
0
0
0.1776
8.7545
1.7494
4.9303
11.3179
15.6753
0
6.3232
22.087
1.3883
33.0772
2.1057
7.7309
4.4644
0.3209
0
3.3454
3.0259
14.6294
0
0.0577
0.7502
2.1581
0.3135
3e-04
0.2775
0.4723
4.3997
2.9219
11.5575
11.3396
12.2975
3.3828
6.7173
1.4357
0
0.0065
0.8638
7.3854
2.2657
18.5065
34.0269
8.6314
0
20.4135
0.1545
0
0
0
0
0
0.0021
0
0
0
3.837
12.0475
0.0362
0
0
0
0.0085
4.0073
0
8e-04
16.9169
1.2378
0.2928
5.295
6.0695
1.6991
0
0
0
0
0
0
0
0.002
1.2866
0.3598
0
0.3675
0.374
1.5049
0.0662
0
9.6461
0
0
0
0
0
0
7.0191
0.0027
0
0
14.0119
38.123
16.152
6e-04
0.5993
0
7.0563
16.8847
0.9942
0
9.6197
1.0073
8.5725
0
6e-04
4.5352
9.4073
0
14.3169
1.1381
0
0
1e-04
12.67
0.1067
0.1823
0.895
0.3638
3.4284
0.0325
5.0512
0
0
16.9562
12.9241
0
0
0
0
0
0.4844
2.3046
0
0.1771
13.3575
0.0824
0
28.2586
24.0014
25.2389
4.4941
0.2946
0.0084
0
0.4654
3.9582
0
0
0
11.4107
1.1045
4.2232
2e-04
25.5481
0.2069
0.3173
43.2052
1.1209
2.9739
10.9373
2.063
5.5026
1.586
2.0483
0
0
0
0
0
0
0
0
2.3192
3e-04
2.5683
2.3346
3.9588
0
1.2167
35.4955
25.1624
9e-04
0
3e-04
3.114
1.2278
4.9925
9.7575
0.0016
0.9531
0.0909
0.6258
0.1692
0
0
0
0
0
1.7914
0.1737
5.1156
0
0
0.0921
0
26.675
3.327
0
0
0
0.5771
0.0168
1.1506
27.5307
20.4606
0.0058
0
0
14.2248
7.2234
46.1804
3.603
0
0.603
0.0078
6.4934
17.6256
5.6863
0
0
0.5763
0.0111
0
0
0.2266
5.7131
9.3769
0
0.5048
0.1369
0.8172
0.3833
17.8122
0
1.4185
0
0
0
8.3823
0.4268
0.5144
5.1981
1.5138
0.5487
0.6846
1.2837
0
0
0
0
0
0
0
2.3346
4.5143
1.5636
0.4101
0.1171
0
18.7985
0.0071
2.4449
0.7985
5.3542
0
11.7831
0
4e-04
6.0214
8.5645
5.0131
0.2264
0.1441
0
1.21
0
0
0.2531
1.1818
0.144
0
0.1685
0
0.0396
8.9173
0
0
3.8231
0
1.5925
0
0.1173
0
0
2.6673
1.7229
2.1288
11.0773
0
0
0
0.0122
13.9243
0.209
16.6102
0
0.89
4.5061
0
0
3.6867
5e-04
0
0
3.7838
13.3559
0.299
4.3487
41.9537
0.1181
9.4899
0.7952
0
0
0
1.7935
10.3599
5e-04
0
0
0
0
1.3006
0
0
0
7.0931
0
0
0
0
0
0
0
0
0
0
6.8492
0.0827
0
0
0
0
0.5479
4.8886
0
0
0
0.6993
3.3039
0
4.4835
0
3.1557
7.8376
1.0848
0.0026
19.0006
0
0
26.1047
10.8619
5.022
1.7053
0
0
0
0
0
0.7088
0
0
0
0
5.4679
8.6527
0
0
0
0.0495
0.0089
0
21.0978
0.0381
0
9.6976
0
0
0
1.7038
4.6986
0
0
0
0
3.6533
0
0
0
0
0
16.7927
31.2786
0
0
0
4.6307
0
0
0
0
0
0
0.4682
1.2106
4.569
0.548
1.2665
0.5376
0.5448
1.2029
0.0603
0.0459
0.3632
2.6038
0
0
0
0
0.2677
0
0
0.1792
1.3299
13.8812
0
0
0.1361
0.1817
0
7.1539
8.0217
7.4384
0
0
0.1463
0
0
0
0.0384
23.7515
0
0
0
2.9773
38.9246
4.3408
1e-04
0.3286
13.4829
2.2978
7e-04
0.1412
0
0
0.0642
0.7609
0
0
0
0
0
39.0018
0.2
0
0
0
0.5407
3.1425
0.4067
12.2309
0.5234
0
0.7937
15.6854
0.0066
0
0
0
0
4.4905
0.271
0
0
24.3156
0
0.0195
0.3408
20.0558
0.1421
0
0.5359
2.0406
0.0095
0.0014
0
0
0
8.1311
5.9643
0
4.6069
11.6419
0
0
0
0.3449
0
0
1.7535
1.1723
0.6867
0
2.2197
4.0612
3.1835
2.0407
0.1696
0
3.2378
0.3034
0
5.7393
6.8985
1.4431
8.8026
17.056
10.7497
0.0016
0
0
0
0
0
0
0
0
3.4605
2.1888
11.6762
0
0
0
0
0
0
4e-04
0.4288
0
0
2.3445
0
0
0
0
0
0
0
0
6.4005
0
3.4949
0
0
0.4404
4.6154
9.2857
4.4799
1e-04
1.7026
0.0065
0
1.2096
0.0773
0
3.2855
1.525
14.2604
2.4708
0
0.4401
1.3306
0
6.5489
110.3528
0
11.6519
0.1239
0.0036
1.5525
0
0
0
0
0
0
0
0
0
10.7508
0
30.4934
5.5967
0
0
0
0
0
0
0
0.3406
0
5.2131
0.921
0.6664
0.3924
4.8932
0.7984
9.4796
1.7219
0
2.6518
3.4627
2.2592
0
0.8996
0
4.2448
0
0
0.332
0
0
0
0
0
0
0
4.0787
0
0
4.8575
0
0
0
26.3912
19.2582
2.7005
0.6633
0.0048
0
0
0
0
0
0
0
0
12.2079
0.1336
0.1454
0
0
5.6465
0
5.5981
0
0
0
0
0
0.0011
8.4499
1e-04
0
0
0
0
0.0495
0.0941
0
0
0
0
0
0
0.0299
0
16.8888
29.9424
21.6192
0.5265
0
0
3.2495
0.847
0.9954
3.4341
0.0295
0
0
0.4635
21.7656
1.3146
0
0
15.6853
3.2207
0.1438
0
0
0
0
0
0
0
0
0
4.726
0.189
3e-04
0
0
0
0
0
0
0
0
0
0.3815
7.4925
1.5571
0
0
6.919
13.8338
0
0.0273
2.4929
15.559
1.649
0
0
0
0
0
0
0
13.6761
1.3493
0.4799
22.1737
0
0.9431
11.4307
0
0
0
0
0
0.2847
0.1469
4.2996
0.1269
6.4452
12.5041
7.1139
1.5915
0.5038
41.1763
0.2209
2.0864
14.4406
27.5281
26.0548
6.3289
8.8417
17.0542
19.5763
0
0
0
0
0
2.2968
4.4635
0.2985
0.001
60.1699
0.0167
2.3546
0.5183
0
0
0
11.5109
0
1.1529
0
0
9.5656
0.0016
7.8409
0
0.0244
0
24.7394
0
0.2957
0
0
0.0255
5.604
0
0
0
0
0
0
0
0
0.5828
5.7205
0.0299
0
0
16.2494
13.3472
0
0
47.9018
0.0749
0.1218
0
0
0
0
2.243
3e-04
2.7721
2e-04
0.1461
3.7858
6.1169
0
0.1738
1.8332
0
0
0
8.2359
24.6601
0
0
0
0
0
0
0
3.077
0.6563
0
0
1.0756
1.9137
31.5425
19.8556
5.9717
0
0
0
0
0
0
0
2e-04
5.2819
2.4888
1e-04
6.1557
0
0.2395
0.0517
1e-04
0.2469
0
0
0.2202
0
0
0
9.8839
12.1372
2.1442
2.0074
0.4308
0
1.0891
0.5186
0.4384
0
0
4.7475
3.1258
0
0
0
0
6.6906
4.9623
0
0
4.0931
3.2746
0
1e-04
0
0
0
1e-04
0
0
0
0
0
1.0971
0.0786
1.0421
0.0013
0
0
0
0.5933
0
0
2.3767
0.1525
0
1.5014
0
0
3.5434
28.3229
49.6165
0
0
0.0612
0.0806
0
0
0
0
0.2219
3.2244
8.1776
0
0
4.4166
4.9341
0
0
1.7075
13.809
12.2941
0
0
1e-04
0
1.7148
0.507
0.0119
1.2298
0
1.7762
0.5598
0.3684
0
1.6309
1.1551
0.6579
0
0
0
0.2194
14.1853
11.3575
0
0.3383
12.9023
0
0
0
6.6159
0
0
0
0
0
0
0.2526
0.8267
8.7046
0
23.4065
3.106
0
0.0564
0
0.8843
0.4769
2.2143
0
0
4.5031
0
0
0
0
0
1.4832
0
0.1736
2e-04
13.1398
0
0
0
0
0
0
8.254
2e-04
0.0736
0.1298
0
0
0.5353
0
2.3078
2.152
0.2091
0
0
0.0434
0
28.8311
3.193
0.1759
0
12.0831
9.6946
0.0566
0
3.1831
1e-04
0
8.0528
18.9725
0
0
0
0
0
0
0.2885
0
0
7.1547
0
0
6.0957
5.7506
12.5688
0.0027
0
1.0876
0.0938
0
0
6.937
0
0.8943
9.6622
2e-04
17.5802
6.8887
4.5948
17.9105
0.007
0.8412
2e-04
0
0.1647
1.9899
2.2663
0
0
0
0
2.2604
5.3811
0
0
0
0
0.9841
0.8306
14.3937
0.1691
0
0
7.4548
0
0.2475
4.3095
0.0199
0.2613
0
0
0
0
5.3868
13.3683
14.4982
0.1942
0
14.0304
12.9579
4.9518
1e-04
0
0
9.0347
0
0.5297
0
0
0
0
0
0
20.6077
0.4091
0
0
0
0.0978
0
0
0
0
0
0.0418
0
0
0
13.7325
0
0
0.0885
1.8678
3.1085
0
1.5054
2.6868
2e-04
7.5142
0
0
0.0073
2.2113
0
0
0
0.009
41.5934
0.2822
0.0452
0
0
0
0.4912
0
1.5474
0.4613
0
5e-04
0.0124
0
0
0
0
0
0
0
0
3.0647
12.6552
0.766
0
0.0043
47.0622
0.002
0
0
53.9852
10.4684
0
1.0468
0
1.2445
7.2201
0
0
0
0
8.1314
0.1229
0
0
0
0
0
0
0
3.2826
0
0.014
12.746
2.7288
0
2.4836
9.2584
0
0
0
0
0
1.3505
6.3053
6.055
5.1711
0.0537
0.0355
0
1.1534
0.3287
0.7964
0
0
0
0
4e-04
1.178
0
0
9.8843
3.2997
0
0
1.773
0.6625
4.0811
2.4503
0
0
0
0.4847
5e-04
0
0
0
0.9382
8.6777
0
0
0
0
1.5875
2.3437
19.3213
0
0
1e-04
0.2248
0
0
0.6124
0
0
0
3e-04
6.265
0
0
1.4232
0.2819
0
0
0
0
0
7.1676
0
0
0
0
0
0
1.2519
7.8798
0.6253
0
0.0828
2.2288
0
0
0
0
0
16.8264
6.3499
0
1.6741
0.2957
0
1.0199
0
0.0155
10.1251
1.4893
0
0
0
0
0.2229
0
1.5876
25.7411
0
0
0
3.7261
1.7577
0
0
0.5641
4.0683
0
13.4094
4.5218
0
7.7761
0.2641
0
0
0
0.3582
0
0.6717
0.2321
0
1.1469
0
0
0
0.5236
0
0
8.1416
0
0
0
0
0.627
0
0
5.2548
0
7.3658
0
0
0
0
0
0
0.3472
0.0082
0
0.0304
9.6901
0
0
0
0
0
0
0
0
0.0599
8e-04
1.1279
15.9784
8e-04
0.2267
0
0
1.1475
0
11.4756
3.299
0.5705
0
0.2455
7.0777
2.1705
27.79
8.5989
1.0402
0
6.7608
0
0
0.0927
0
0
1.2421
8.4835
0.0702
0
0
0
1.7414
0
0
0
0
11.518
1e-04
0
0
7.4489
2.1195
0.7264
0
0
2.8464
1.9178
3.4681
0.2365
0
0
5.7573
2.5918
0.1712
0.0503
0
0
0
0
0
0
0
10.2559
24.4204
0.1154
0.4951
20.3047
52.3705
0
0
0
0
0.6677
0
0.9031
5.8104
14.5632
2.4898
13.0604
3.1695
2.5719
5.9052
17.6732
11.039
2.5637
10.411
9.0271
0.3717
0.0137
1.6441
1.0086
0
5.1432
0
88.2486
32.8408
2.4869
0.0011
6.7609
0
0
0
0
0
9.1005
0.3815
51.5204
3e-04
5e-04
7.1611
0.0554
10.9671
0.6528
0.004
8.3344
1.1098
3.5019
0
0
0
0
0
0
0.3531
0.0052
0
2.7833
0.0529
0
0
0
8.9991
14.0062
0
0
0
0
0.7212
3.4381
0.0525
0
0
0
0.9409
1.6881
2.6036
13.4136
6.1174
11.0332
0
0
2.7078
3.3104
0
0
0
0
0.1196
7.7257
2e-04
0
1.5556
9e-04
35.2646
58.4466
0.0383
0
0.0561
1.263
1.4777
8.0192
5.164
0
0
0
0
0
0.0048
23.1218
0
0
0
0
0
0
0
0
0
3.0129
0.0465
0
0
5.5143
2.7397
0
0
0
0
1.1611
0
0
0
0
0
0.1827
2.3205
0
0
0
0
0
0
0
1.783
3.7691
0
0
41.1765
0.1088
0
0.244
2.8153
0
0
0
0
4.1207
0
0.0016
0
13.4832
0
0.1185
0
0
0
0
0
9.6138
1.9001
0
1.0062
0.1596
0
0
0
0
14.4821
1.9867
0
0
1.1436
0.3462
0.3393
0
0
0
0
0
0
0
0
0
3.141
4.0506
0.3286
0
0.3089
0
0
0
7.1686
0.1589
4.5283
7.0121
0
2.3491
18.8236
25.2783
7.503
0
0
0
0
0
0
0
0
0
7.6507
0.4125
15.3779
0
4.3726
9.5336
1.7006
4.4752
1.0509
1e-04
0
0
0.3659
0
0
0
0
0
0
0
0.2928
0.0011
0
0
0.9113
3.138
8.5909
0
0
0
0
0.0705
0.5606
0.0037
1.0289
2e-04
0
0
0
1.5714
0
0
0
0
0
0
0
16.6321
2.9065
0
0
0
0.8669
8.1867
1.0941
1.6247
1.9582
0.6467
0
0
0
0.1288
17.9268
1.4746
0
9.937
5.6266
1.1675
0.0941
0
0
0
0
0
0
0
26.6749
0.6725
0
0
20.9339
0
0
34.8093
6.5685
2.0757
1.0608
0
0
6.4124
17.5769
0.6919
13.8821
0.8727
7.4257
1e-04
0
0
0
0
0
0
0
0
4.6892
1.9288
0
0
0
13.5363
0
5.8657
0.0017
6.2318
11.5897
25.5535
0
0.8349
1.774
0
0.0041
0
0.1926
4.9541
0.0109
7.474
9.7378
1.1023
0
0
2.4362
9e-04
0
0
2.6005
0
0
0
0
0.0163
0
0.0095
0.0144
0
0
1e-04
0.1147
0
6.2919
14.6998
0.0219
0.538
0
0
0
0
0
0
0.0499
1.7114
3.2002
0.2975
0
0.0017
0
0.7152
0
7.7862
7.2348
0
6.094
7.2354
0
0
0
1.6035
0
0
0
0
0.0243
0
0.9927
1.0266
0
0
0
0
7.0119
0.3007
0
0
4.1277
10.1825
0
0.0413
9e-04
0
14.9736
0.031
0
0
0.0258
11.6866
1.841
22.6654
0
0
0
0
1.7549
0
0
0
0
18.2696
13.0986
0.351
57.5819
23.7331
0.4332
8.6239
0
0.9093
0.0043
11.3375
0.6103
0
0
0.0408
5.4063
0.3872
23.3944
1.662
0
0.0022
2.1424
0
0
0
0
0
0
0.0522
1.7713
0
21.2054
0.2964
0
0
2.5069
0
0
34.6794
0.0327
0
0
0
0
0
0
0
8.6258
0
5.8048
5.666
3.4667
7.9384
6.2727
0.0058
0
0
0.1165
0
0
0
0
0
0
2.3347
2.6565
0
0.0452
0.0012
0.0828
0.0064
14.5925
10.1739
0
0
0
0
1.5358
7.2504
0
0
5.5972
0
0
0
2.1619
3.6402
0
0
0
2.2861
0
0
0
0
0
0
0
0
0
0
0.0101
1e-04
0
0
2.5648
2.8339
0
0
0
3.2802
6.8746
0.4935
0.1881
0.3915
0
0.3037
2.5821
8.7219
0
0
0
0
2.9908
4.8561
0
0
0
47.4411
0.1057
0.1272
0
0
0
0
0
6.956
0
3.3137
2.5661
0
6.4758
5.5449
0
0
0
7.3544
19.2086
0.2096
0
0
0
0
6.875
2.1149
25.3098
0
0
0
3e-04
8.849
0
0
14.9172
0
0.4981
8.2997
1.1761
0.8595
0.4012
0.0948
0
0
0
1.4563
6e-04
0.0191
0
0
0
0
13.1847
1.0054
0.6939
0.2208
0.0527
13.0863
0
0
0
0
0
0
0
0
0
0
0
3.914
5.0859
0
0
1.3148
16.0365
2.9258
0
0
0
1e-04
6.771
0
0.0012
0.0136
0
0
1.857
0.4114
0
0
2.7755
2e-04
0
1.3845
0
0
0.2257
1.0796
0.0016
30.4071
17.1485
0.0099
0
18.5982
4.8006
0
0.0161
1.3998
5.5656
0.8765
13.1048
10.9336
0
0
0
3.939
0
0
0
0.0407
0
0
0
9.4269
8.1112
4.4829
0
0
0
0
0
0.2708
0.8103
3.464
13.4896
14.2206
1.8749
0.4014
27.004
39.1881
1.8385
0.2307
0
0
0
3.6809
0
0
0
0
0
0
0.121
10.7839
1.3086
3.2837
0
0
0.3818
2.8063
0.007
6.358
0.6073
0.6383
0.1836
0.4533
0.0045
0
0
0.3493
4e-04
0.0043
1.1183
0.8836
0.1624
0.2935
0
0
0.4033
2.3835
0.0019
2.4131
1.1922
1.5441
1.59
0
0.3527
8.4509
6.4729
0
0
0.03
0.5652
0
0.7319
53.8153
11.1837
0.0123
1.352
0
0
0
1.195
0
0
49.7743
1.7097
16.6558
25.0437
0.2279
0
0.8924
0.2652
0
0.0254
0.0161
0
5.6192
4.5306
0.163
0.1188
0
0.6218
2.2997
0.1471
0
0
0
10.7591
0.7695
2.9898
1.3255
0.6955
0
0.0011
0.4246
0
6.9527
2.6184
0
0
0
0
3.3389
0
5.9067
0
0.3294
1.5532
0
0
0
0
0
0.771
9.5223
0.8376
0
0
0.0112
0.2637
0.0485
1.7002
0.3364
3.7853
0.1374
0
0
0
0
0.307
1.4118
0.4353
0
0
3.5584
9.3235
0.083
0
0
0
0
0
0
0
0
0
0
0
0
0
0.1111
0.1415
2.4185
0.478
45.3991
0.934
0.0183
19.7187
1.2701
0
0
0.1079
0.1428
0
0
0
0
0
0
4.4664
5.0218
0.5247
0
0.2716
14.3061
0
0.9173
0
0
12.6966
10.8448
0
55.8898
0.1128
0
0
0
0
0
2.2167
2.0081
0
4.5667
0
0
42.9636
4.3484
0
0.0103
0.7776
0.1513
0
0
0
0
0
0
2.0118
0
0
0
0
0.5154
0
0
0
0.005
0
0
0.8845
2.3483
8.9984
0
0
0
0
0
0
0
0.0566
1.2674
3.9117
1.0828
0
0
0
0.2629
0.2277
0
0
0
0.727
0
0
0
0
2.407
0
0.1824
1.5736
18.6202
4e-04
0
0.3004
0
0
0
0
0
0
9.0261
8.8081
0
0
0
0.1491
0
0.7339
0
1.4859
0
0
7e-04
1.5359
1.3977
1.8429
1.7091
0
1.8671
0.0355
0.3351
0
0
0.0586
1.9471
8.62
0
0.2844
14.8722
9.7437
11.2065
3.4523
5.3099
0.9145
7.66
1e-04
0
8e-04
40.8659
2.9385
0
3.8617
0
0.1825
3.5888
0.6753
0
0
0
0
1.3623
7e-04
0
0
0
0
0
0.2818
0
0
0
0
0
0
11.018
0.5593
18.3571
4.9324
0.502
0.2366
0.1432
8.1346
4.9172
0
0.3735
11.2314
0
0
0.1441
0
0.9121
0.5357
14.8522
33.3903
0.6118
0.2978
0.1671
1.4201
0
0
0
0
2.9846
2.174
0
0.0308
10.6271
0
0
0
0.1865
30.344
1.2228
0
3.1221
0
0.2273
0.5147
2.6858
1.1731
0.5785
17.0384
12.6653
3.8256
0
0
0.0544
0.8803
0.0557
4.2682
1.2182
0
0
0
9.9902
0
0
0
1.3542
0.8101
16.2315
6.2525
0
0
0.0603
0
0
0.0071
2.4332
28.905
7.7277
4.11
51.3443
5.8744
0
0.0358
0
1.0041
3.8675
6.8548
0
2.5197
18.5316
0.2818
0
0
35.8004
0.7887
0.6472
0
0
0.5219
12.105
0.1095
0.0981
0
0
0
0
2.1807
0
0
0
0
0
0.0243
0.0781
0
0
0.9302
9.1453
1.1419
0.0259
0.1295
0
1.6841
0
0
0
0
0.7735
2.6377
0
0
0
0
1.304
27.1722
4.6355
0
0.2578
0
0.5152
0
0
0
8.1878
12.4209
9.1513
9e-04
0
34.225
0.0014
0.2285
0.2243
10.553
20.0141
0
0
0.7355
0
0
0.0128
0
1.4488
0.9852
0
0.574
4e-04
5.2326
14.4197
7.2559
0
0
0
0
0
0
0
0.218
0.9091
0
0.4493
0
0
5.6567
20.6731
5.232
0
0
0
0
0
0
0
0.8052
1.4793
2.7965
0.6621
0
0
1.1755
16.5106
0.1482
0.8125
0
0
0
0
0
0
1.2936
4.5199
0
0
0
0
0.0937
9.3846
20.5505
0.0048
0
1.8799
27.3801
15.3594
15.5622
0
6.956
3.3534
0
0
4.8994
0.832
0.015
0.0124
0.8255
0
7.1242
0.1517
0.6077
11.8201
0
0.4577
0
0
0
11.8638
0
17.9532
0.4851
0
0.0594
2.7775
7.8486
7.2512
2.0704
0
0
0
0
0
0
0
0
0
0.0059
0.6532
0.1227
6.357
0
0
0
1.5036
13.9384
13.7811
0
0
0
0
2.2651
2.4093
0
0
15.6775
2.6808
0.4349
0
0
0
0
0.3081
4.5198
0.2389
0
0
0.7324
0.5834
0
0.3161
0
0.8577
0.5268
2.8618
0.938
0
0.0198
19.8546
3.0041
0.8702
0
27.03
0.7609
0.2207
0.076
0.0958
0.4429
0
0
6.7533
2.6693
7.7337
2.4471
0
0
1.819
0.054
27.7915
0.1136
0
0.0024
0
0.0423
0.1314
0
4.8792
1e-04
0
0
8.2842
0
0
0
0
0
0
0.3534
0
0
0
0
0
4.0324
15.271
0
0
0.0012
6.9972
0.2949
7.8005
0
0.0636
0
1.4412
31.8727
0
0
0
1e-04
0
0
2.3355
7.6649
18.2769
16.4095
0.7076
0
0
0.0034
0.4504
0
0.7825
1.9485
0
0
0.6295
1.8567
0
8.2326
0.0455
0.1466
0.0477
2.9637
12.7541
29.6104
0
0
0
0
0.0862
58.1522
1.0187
15.3077
11.5507
1.7538
8.7715
9.1114
7.3541
0.0023
0
0
0
0
5.824
7.9722
0.215
5.8215
4.502
0
0
0
0.2835
0.6284
10.3341
0.0147
0.1038
1.1737
7.4181
0.6636
6.6773
2.4217
0.3602
11.8594
5.3411
7.0593
1.7182
10.813
21.2751
3.8631
0.0032
25.581
0
0.0563
0
2e-04
1.8451
0
0
10.377
4.9343
8.6567
4.362
0
0.1405
1e-04
13.4201
0.1369
0
0
0.0231
0.0994
0
0.1387
0
0
0
0
3.5559
0.3674
13.9062
1.2598
7.4396
0.3219
0
0
0
0.3426
0
0
0.0159
0.1759
1.4926
3.1549
0.9301
0
1e-04
0.0554
18.7395
0
0.931
0
0
0
0
0.2776
1.9642
0.099
0
0
0
0.3358
0
22.0543
4.6925
0
0
0
0
0.0233
5.543
0
4.3586
0.186
11.2072
5.5689
22.6131
9.9011
1.8501
18.6396
0
0
0
5.4441
57.366
0
0
3.0033
0.6968
1.3589
0
1.4794
0
0
0
0
0
0
0
0.2776
14.592
7.7333
0.8264
0.0167
0.0619
0
0
0
0
0.2309
0
7.4854
0
1e-04
2.2085
1.8975
4.3519
1.1475
19.0514
0.2275
4.0317
0.3709
0
0
0.5067
0.9549
0
0
0
2.253
0.4969
0
2.2761
0
5.8728
1.4652
0
0.2195
0
1.3026
1.5309
0
0
0
15.8054
8.1899
0.2308
0
24.1897
20.5083
0.1957
0.68
0
0.6239
0.0463
0
1e-04
0
0
0.0025
14.1457
3.0057
0
4.2602
0
0
8e-04
0.2825
0
0.2133
0.4937
0.9626
0.6592
0.4997
1.3312
0.1971
9.4501
0
0
0
5.6872
2.2676
0.1706
0
0
0
4.4462
0
5.3668
0
5.1579
0
0
2.2822
0
0.1132
0.0158
0.0357
0.189
0
0
0
0
0.0169
6.5811
0
0
0
3.9268
5.2733
0.1744
16.1658
0
0.0014
33.3521
0
0
0
4.3905
0
3.4727
12.5819
5.7616
8.9927
0
4.434
0
0
36.7393
0
0
8.8474
0
0
10.7433
16.3678
0
0.1132
1.6536
0
0
0
0.4541
0.6636
0
0.831
1.7154
10.3758
6.1786
0.2415
1.3976
4.1863
0.0293
0.003
6.9882
0
0
0
0
7.8911
0
0
0
0
0
0.3013
4.896
9.2774
1.5341
0
0
0
9.9301
0.2257
0.1432
0
0.708
0
0
0
3.5749
0.2239
0
1.3847
0
0
0.0386
0.2492
10.6604
9.189
7.7316
0
0.0061
1.9481
0
6.6644
0.8456
1.7861
30.8292
24.4425
3.3613
0.0097
0.1005
0.107
0
0
0
3e-04
2.1002
14.2053
4.0518
0.0034
0
0.2303
2.0099
0
0.9532
0.0991
3.4161
1e-04
0
0
1.2829
1.0611
0.28
0.1642
0
3.9919
0
0.2542
0.3296
0.6346
1.193
1.1089
0
0
4e-04
5e-04
0
0.0034
0
4.1318
0.8575
0
0
16.3348
3.508
0
0.9368
10.1671
13.9954
0.0141
1.9207
1.5252
0
2e-04
0.1701
2.0947
0.0515
1.2376
8.7393
0
0
0
0
0.114
4e-04
1.3038
0.0397
0
0
0.0032
8.367
0.2185
0
13.1038
0
0
0
0
0
8e-04
0.006
0.0164
0.3758
13.5738
0
0
0.0191
1.094
46.0516
0
0
0
0
0
1.1504
0
0
0.1008
4.7177
25.1805
14.448
2.5446
2.7984
0.8014
0
0
0.3726
0
0
16.1013
0.007
0
2.1746
0.0032
0
0
0
7.8793
0.299
0
0.5539
0
17.8315
7.5132
0
0.0184
3e-04
0
0
0
0
0
0
0
0
0
0.8748
3.8041
0
0
0
0
0
0.0059
0.0022
0.0073
0
0.1352
0
19.3779
10.7973
2.0138
0
0
10.7019
0
0
0
0.0287
22.3798
6.1365
0
0
0.1453
0
3.4363
0
0
0
0
0
0
0
0
0
0
0
0
0
0
3.9709
0.7565
1.2337
0.0444
0.1385
0
3.8618
0.3709
0.0017
0
0
0
0
0
0
2.8655
0.0034
2.5526
0
0
0
13.2275
8.8584
11.4527
27.0204
8.5502
0.1451
0
1.375
2.0405
2.7484
5.7895
0.2238
0
0.7426
0
0.2295
0
0
0
0
0
0
0
4.7055
0
0.2231
0
11.5513
0
0.2842
0
0
0
0
24.0728
0.2232
1.012
4.9841
6.6383
0.2226
9e-04
0
6.2563
11.1418
0.5357
0.1767
0
0
0
0.4543
0
0
0.1023
0.1214
7.0193
0.1441
0
0
0.4287
2.1324
0.673
0.467
0.3957
0.7743
1.2681
1.1715
0.7554
0.0079
0
0
0.9589
0
9.3175
2.5894
