1980 1 1
0.0164
0.1685
0.3858
0.5702
0.8063
0.2493
0.5265
0
0
0
12.8327
0.071
0
1.3329
0
1e-04
0.0246
0
0
0
0
0
0.9236
0.6078
1.753
0
0
0.0536
0
0.0435
0.0429
0
0
0
0
0
0.0454
0.0213
0
0.4685
0.1277
0.0445
0.007
0.015
0
5.4345
1.8915
0
0
0.0212
0.0156
0.497
12.6243
0.037
0.0092
0.707
0.8463
0.0473
0.586
0.1124
0
0.0514
0
0.0398
6.6518
0.0301
1.772
14.6547
0.0702
0.0067
0.0194
0
1.5863
1.2354
0
0.3527
15.8271
0.5226
0
0.3814
28.3588
0.0598
0
10.8543
0.5008
0
0.2849
3.2137
8.7813
1.6884
10.9171
0.7325
0.2057
1.6942
7.2948
0
0
0.1962
6.7915
4.9238
1.4181
0.3223
4.9017
0.3415
19.5684
1.0507
0.3062
0
0
0
0
0
0
0
0.0972
0.5231
0.1642
2.8365
8.6863
0.1795
0
0
0
0
0
0
0
0
0.5051
0.0315
1.4465
3.7969
7.2195
6.3893
1.0097
0
0.5748
21.8848
12.3782
0.5273
0
0
0.3368
0.4547
2.133
0.039
0
0
0
2.9231
4.989
6.5329
9.5521
10.6478
6.7829
0.3268
0.7565
10.2921
9.3091
2.1169
0.6973
0.1096
0
0
0.3995
14.1115
9.11
3.4706
0
0.1023
8.7805
1.9734
0
0
0.1471
5.2576
0
0
0
0.0528
0.3148
0.1285
1.6943
0
0.8693
8.9189
11.9189
0.6903
0
5.8135
5.0636
0.5728
0.5698
3.0527
0.5235
0.0253
2.0438
2.3267
0.7701
0
0.3272
0.0831
3.3442
24.5557
2.4814
0
0
0.599
4.3468
11.8223
4.5109
1.1298
2.618
0.6036
21.8117
6.3143
0.5255
5.1179
0.5746
0
1.1507
1.6895
11.5737
10.0645
4.5019
0.1426
7.7165
0.7554
1.4399
10.1193
2.8238
2.0111
31.2325
9.4023
1.9417
0
0
0
0
0
0.282
1.8907
6.5225
13.7196
9.7808
2.9765
0.0298
4.8341
0.3001
0
0.098
0.1184
3.1064
0.2993
0
1.8415
4.6116
0.8104
0.0871
0.2042
15.7728
0.0743
0
0
0.2536
3.0648
6.8242
0
0.8881
2.4688
0
0
0
0
0
8.5088
1.1235
0.2693
0.3015
0.233
0
0
0
0
0.157
0.1778
0.0242
0.2729
1.0318
0.4124
2.4606
4.7695
0.4288
0.5291
0
0
0
1.2158
7.2806
0.0048
0.0372
8.7896
0
0
0
0
0
0.0025
0.0475
0
0
0
0.7676
0.0266
0
0
0.0262
1.4206
5.3896
0.0461
0
2.1085
0.5834
0
0
0.0264
0
0.4045
1.9814
0.0705
0
7.0552
0.8387
1.2494
0.3456
0.0304
6.616
0.1438
0
0.0279
1.9756
10.7696
9.0734
3.1228
0.1308
0.1213
0.7199
0
0
0.0778
0.0414
0
1.2238
0.5712
0
0
0
0
5.5239
0
0
0.6905
0.0249
8.4657
0.3099
6.7385
1.3257
1.8047
1.4467
0.1143
0.8652
3.8804
3.0355
0
0
0.0217
0
0
0
0
0.0176
0.8881
4e-04
0.0975
0
0
0
0
0
0
0
0.3763
0.4722
0
0.0218
0
0
10.0355
1.2161
0.4697
0.1404
0.169
1.1084
0
0.0106
0.0108
13.3705
12.5571
0.0044
0
0
0
2.0819
0.2188
0.0131
9.3271
4.3685
3e-04
0.7884
8.2492
0.4903
0
0
0.0016
0.5993
0
0.5307
0
0.6525
0.4614
0
0
0
0.0254
0
0
0
0
0
0
1.3694
0
0.0255
0.3707
0.51
0
0
0
0
1.0443
4.0105
3.8957
0
0.038
5.7788
0
1e-04
0
1.4811
3.3821
0.6658
0
0
0.1503
4.2688
1.8049
4.7954
8.7914
4.5862
22.6201
0
0.6176
11.2348
3.1952
0.536
0.9521
0.4422
0.5206
6.913
0.7058
0.0128
0.0729
0.0297
17.9241
9.5675
0.0637
0
0
0
0.0883
1.0151
4.6326
0
0
0.9828
17.3156
8.8676
1.0751
0
12.4768
5.8771
0.1307
0
0
0
0
0
1e-04
0
0.1973
0.171
2.9367
8.3011
4.0657
0.1331
2.7801
0.0084
0
0.0118
4.6808
3.8509
2.1523
2.0718
0
7.2702
38.5356
5.7734
0
3.4087
26.9715
5.563
0.4032
2.0723
0.1285
0
0
1.9623
12.8626
27.7047
0
2.8416
21.0438
0
0
0
0.1651
0.4814
2.0133
1.5125
1.0946
0.3546
0.2613
0
0
0
3.0388
7.4361
0
0.2922
1.5417
0.0816
0.2275
0.0071
0
0
5.2481
24.5509
2.6439
0.1689
0
0
0
20.9275
2.0149
17.2327
0.3512
0
0
0
0.5977
5.757
1.0289
0.2017
0.3295
2.6472
1.9536
0.2223
1.0037
8.3168
0.1807
0.0199
0.2638
1.7726
0
0
0
0
0
0
0
0
0
0
0.0169
2.1005
14.3627
22.097
25.5124
11.8392
9.7695
22.2622
15.5825
18.5169
2.5062
0.2121
0.2549
4.5316
0
0.1343
0
0
0
3.6152
9.7124
11.9718
30.9328
7.4859
2.0782
0.572
2.0302
3.9754
0
0
0.2552
1.5447
5.643
0
2.2826
14.856
4.678
0.2415
0
0
0.5779
13.6852
0.0047
0
0
0
0
0
0
0
4e-04
0
0.6264
17.3686
1.8354
0.026
8.6406
6.0531
6.3423
0.1622
0.0591
11.6012
25.9132
2.6956
0
0
0
0
0
0
0
2.9064
1.5652
0.2118
0
0
0
0
0
0
0
0
0
0
0.4759
4.1497
15.3211
0.7677
0
0.3273
1.4495
0
0.9289
1.702
0
0
0
8.8343
0.5307
0
5.7407
0.4584
0
0.4833
1.6394
0.0104
0
0
0
0
0
0.1643
0.4696
6.3729
0.1638
2e-04
0.1666
4.6619
5.8449
29.1007
0
0
0
7.5522
3.4932
0.9821
1.5925
0.6384
0.3406
0
1.0245
8.1551
0.8262
1.2361
5.017
0.1986
0.7009
0.307
0.6144
0.673
3.4797
0.3108
0.6654
1.7932
0.2446
0.097
0.1546
0.0773
0.5374
1.0354
13.555
2.6062
0.3182
0.1292
0
2.1356
0
27.4604
10.6043
3.0368
3.9854
8.1858
1.6734
1.6624
0.8464
0.4745
0
4.9692
0.002
0.5895
0
0.2932
0.25
0.1806
0.2887
1.4964
0.3266
3.3685
0.1826
0.0885
0.0012
0.0695
4.948
0
0
0
0
5.2971
2.5204
1.4353
19.9019
0.4381
0.0149
0.6555
1.957
2.0666
1.9511
3.2964
0.2503
7.35
0.1128
3.6795
12.6232
0.5438
0
2.4648
3.6976
1.0173
0
0
4.5626
2.6768
1.0007
0.0028
0.0329
0
4.8573
11.9981
0.0593
0.0341
6.7599
3.3979
1.4973
13.2546
0.6176
0
1.8898
0.4395
0.4488
0
0
0
1.8327
5.4182
4.9658
0.0341
0.9121
2.4142
0.4398
0.0826
0.2811
0
0.3567
1.2948
0
0
0.1007
0.048
0.3066
0
0
0
0.5462
3.0357
3.6388
2.015
0
0.8642
0
0
2.2655
0
0
0
0
0.9619
2.5543
2.2959
8.9696
8.7995
7.3805
0.9786
0
6.5679
20.0284
14.4584
1.7266
1.4451
0.5473
2.4045
0
0.218
0.0142
0.6185
0.0679
0
1.0432
2.0339
1.7071
0
0
0
0
10.4973
16.0562
0.9051
0.167
5.4122
1.6788
4.4035
6.9664
0.0762
0
0.1591
0.3834
0.6164
19.1511
9.0725
0.3359
0
0
31.0972
0.0898
0.8155
0
1.1131
0.6584
1.2808
5.1253
4.4491
0.1782
0
0
0
0
0.6137
2.4683
5.8187
1.0486
0
0.0851
0.0152
0
0
0.2046
0.1969
0.3432
0
0
0.2695
0
1.2493
0.1423
0.5102
0.1251
0
0.7742
9.9696
2.4435
0
0
0
0
0
0
0
0
0
1.834
15.2834
0.3288
0.0933
0.2372
0.1734
0.5528
0
0
0
0
0.0224
0.1131
0.7075
0.8435
0.0447
0
0
6.3518
0.6604
0
0
0
0
0
0.6235
6.3911
1.5068
0
1.2922
6.1932
0.2138
0.8207
0.1438
6.1392
4.1982
0.4703
0.9311
1.2257
29.0971
0.45
0
0
0
0
0
0
0.6001
1.4363
3.6846
0.3929
0.4922
0.0079
0
0
0.0194
0.3707
0.3352
0.0957
0
0.2065
0.0653
4.4189
1e-04
0
0
0
0
0
0
0
1.429
0
25.5266
19.0069
41.0051
6.4155
0.0015
0
0
0.0693
0
2.0287
1.2111
12.477
5.0104
0.2899
0
0.9308
1e-04
0
0
2.4615
23.2261
14.1585
1.8095
12.746
3.5136
0
7.3316
0.1361
16.512
1.1604
0
0.1487
0.1587
1.2633
3.2806
3.6046
0.2169
7e-04
0.1258
0.572
0.4515
0.3044
0
0
1.1214
8.9934
13.9178
0
0
8.667
1.3254
0.5542
0.2367
5.1552
4.431
13.4186
1.3133
8.5119
2.7492
0.0019
0
0
0
0
0
0
0.0731
0
0.2005
0
0
1.7726
0.4881
0.0635
0.1275
0.4169
0.5056
0.0129
0
0
0
0
1.1872
5.8258
2.5205
0.0539
0
0
0
0
0.4222
2.9816
0
0.1151
6.7756
0.5509
0.426
0.5628
0.317
3.5554
0
0.0215
0
0
0
0
0
0
0
0.0753
0
0.0653
0
0
0.1933
0.3878
0
0.0919
5e-04
0
0
0
0
0
0.0327
0
4.8194
3.8912
3.6646
0.3007
1.7363
1.3796
0.0766
0.0018
0.0494
0
0.079
0.0189
2.1031
5.3995
2.0524
8.9763
0.0264
0.2174
0
0.6195
0
4.924
1.9273
0
0
0
0.5971
9.4822
3.9672
0.2936
0.4477
4.5031
6.8932
8.5368
6.19
2.3791
0.5727
0.1461
12.8996
13.6415
2.3214
0.1535
1.5195
0.1358
0.0452
0.0127
0
0
0
0
0
0
0
12.3205
1.4878
16.6647
6.9951
21.1684
5.5462
2.4424
0.8859
1.6556
1.4438
10.1918
0.229
0
0
0
0.302
5.9057
3.9802
0.2624
0
0
7.0559
0.1253
1.8449
14.2496
0.5166
0.1712
5.3143
0.3977
0
0.7784
8.753
0.2824
1.4377
0.7316
1.8018
1.2518
1.7204
1.106
19.827
0
0
0.1248
1.5783
0.2109
0
0
0.5243
0.6381
0.9974
0
0.0488
2.2703
0.0861
0
0
0
0
0
0
27.4616
34.5396
5.641
12.3925
3.1971
2.9977
9.4617
11.8418
1.2783
0
0
0
0
0
0
0
0
0
0
5.0037
6.9944
2.7405
4.9494
3.6044
0.5353
4.3929
0.4709
1.2577
0
0
0
0.7898
5.0973
7.5844
16.6008
0.5365
0.3879
0
2.5408
1.2036
0
0
0.5696
2.3964
0.0735
23.9444
0.6693
0
0
0
0
0.7952
0.0182
0
0.5287
0.2631
1.4517
0.2189
0.2367
2.7217
0.8933
1.9221
2.0614
1.7622
3.1431
2.2592
0
0.9552
0
4.001
2.8957
8.3119
10.8006
0
0
0.0019
0.0455
0.0366
0
0
0.1735
7.5706
0.3971
0.0395
0.7557
7.8502
17.489
0.0171
0.0119
0.2632
0.0601
0.0204
0
0
0
0
0
0
3.4223
9.2419
7.9506
0.0382
0
6.1004
0.5724
0.1195
0.0322
5.2231
46.1418
1.3223
0
0.2065
0.0719
1.3909
0.069
0.8675
2.4691
22.039
3.3511
0.4152
0.9144
0.9484
0.4235
0
0
0
0.1029
7.2504
9.1114
3.4921
0
0
1e-04
0
0
0
6.5346
22.9747
0.042
0
0.8618
12.0224
12.2239
0.0931
0
13.2337
1.5899
0.4999
0
10.4335
0.0279
0.0355
0.3249
3.5143
23.4647
0.0591
0.0102
0.7265
0.5226
0.3702
15.2438
0.858
29.7125
0.6155
3.2591
0.8668
0.7297
6.2621
6.9018
0.0048
1.2862
0.4136
0.0728
0.014
0.0121
0.745
4.491
3.5076
11.4471
0.0052
0.3858
0
0
0.6215
8.5392
0.2887
2.304
0.3243
0
0
0
0.1212
0
0.0271
0
2.145
2.0724
3.4081
0
0
0.1768
0.7659
0
0
0.0946
0.7315
0.0287
0
0
0.1189
0.2409
4.7494
0
0
0.1225
0
2.2914
5.9916
0.0259
0
0.1587
4.3076
0.0857
0.7876
0.0251
0.0221
0
0
1.9512
2.318
0.5999
5.4456
4.1466
0
0.015
1.6134
0.3993
0.8454
0.015
0
0
0
0.178
6.028
4.1578
2.4493
7.5382
1.0797
0
0
0.1792
0.0339
6.2203
0.0452
2.5084
1.0804
0.2227
0.0115
0.0213
0
8.4966
0.0025
1.4638
11.2219
0.0061
0.5212
0.0795
15.9207
16.7599
2.3249
0.0286
0.0178
0.3674
0.9237
1.7854
0.6909
0.695
0
0
0
1.8917
1.9206
3.1625
5.3561
0.3271
0
0
1e-04
0
0
1.1375
8.318
2.9934
2.4414
3.5288
5.4796
2.4489
0.0317
0
5.1851
28.361
6.6678
4.6742
0.0022
0
13.6319
0.0037
0.1342
1.5247
0
2.161
0.7309
1.3381
0.1797
0.1028
3.0866
3.0737
0.0258
1.0492
0.877
3.8665
4.002
0.3125
0
0
0
5.8529
5.5672
29.514
4.6702
6.5787
19.9218
0
6.7625
10.1669
0.0855
14.8383
1.8942
0.9171
0
0.1785
0.4151
8.6605
0
0.9306
1.0587
0.0038
0
0
0
0
0
4.6442
11.5714
0
0.002
3.8297
2.4762
2.459
0
0
1.406
1.6493
1e-04
0
0.1153
1.9416
1.1495
0.008
0.085
3.7775
0
0.7717
5.4418
19.4558
3.1373
0.0716
0
7.6247
0.7175
0.1399
9e-04
0.0032
0
4e-04
0
1.1178
1.9964
0
0.0261
0.1378
0
0
4.3546
1.6296
7.2097
8.1148
0.2256
0.1085
0
0.0361
2.1458
9.5555
13.7263
3.2546
0.5043
0.0589
8.4758
4.7542
6.1033
1.6715
0.4589
0.0931
0.0513
0
0
0.4583
0.094
2.4313
3.1036
0
0
0.9002
0.0546
0
0
0
0.0298
1.5285
0.9392
13.5719
0.9259
1.3078
0.8679
10.2406
0.8282
0.993
0
2.6889
0.2611
2.763
4.5467
5.988
0.8595
2.2342
5.0265
1.9998
0
0
0
0
0
0
0.1507
5.6433
2.1919
7.228
6.013
0.0476
1.1384
0.3857
0.0121
0.2986
0.0011
0
0
1.2171
0
8.488
3.6277
0.7613
0
0
0
0.0148
4.2011
1.0464
3.7245
0.148
0
1.6815
0.2805
5.274
0.921
0.0367
0.2189
0.8416
0.1237
0
0.0022
0.0023
0
0.7495
5.8095
1.7124
0
10.5853
0.7182
0.1515
0
0
6.975
2.1151
12.5583
0.2851
0
0
6.784
0.0189
0
0
0.1061
0
0
0
0
0
0
0
0.1145
10.2115
0.1982
0.043
1.2816
0
3.3301
0.1922
0.0356
3.036
0.2298
0
0.1764
2.5567
0.0033
2.5712
3.4691
8.8588
0
0
0
0.1303
3.4138
0
7.8486
2.5189
0.1909
0.9866
0.2632
4.0205
4.8832
4.7165
4.6686
6.2749
3.2966
21.6927
0.0549
0
0
0
0.0168
0.0319
0
0
2.459
1.5556
0
0
0.4284
0.0684
0
6.5754
1.0541
0.0472
0.0408
0.3217
0.5122
0.4343
0.2485
2.5479
0.1417
0.2422
0.0637
0
0
1.1969
0
0.206
0.0869
0
2.2332
1.1097
0
0
0.1719
2.0656
14.41
8.8861
3.7445
1.1762
0
0
0
0
0
0
0.4273
3.7542
13.8279
1.348
0.0192
8.5466
3.1336
0
0.0387
0.0609
0
19.3668
2.5721
0.0322
0.1169
0.4138
0
0
6.0355
3.4346
0.0548
0.013
0
0.0227
0
0.1758
1e-04
0
0
0.8603
5.6903
2.7769
0.9222
0.126
5.8471
16.7766
16.0195
15.0747
17.3128
0.9614
0.9173
6.7187
0.9444
7.1391
7.5499
2.1668
2.0825
0.3542
0
0.4347
0
0
0.0011
0.0698
0.3755
0.0655
0.2233
0
0
0
0
0
0.7784
0.0906
0
0
1e-04
0
0
3.1685
1.9226
0.0046
0
0.0923
0.317
0
0
0
0
0
0.0658
0.5549
1.3419
8.3757
3.8966
8.0181
0.7516
3.0491
3.3449
4.886
0.0562
0.2774
0.0625
0.478
4.0083
6.4621
13.2087
0.0022
0.069
0.2262
0
6.2819
7.9413
0.275
0.7295
0.1109
0
1.5671
8.4373
3.3326
6.3604
7.3081
1.018
0.5794
4.0101
5.8931
7.1375
2.6801
0.0662
0.0178
0
2.8676
1.4237
0.3242
0
0
0
0
0
0.5564
3.8021
4.2464
2.0577
0.1114
6.7679
1.6229
0
0.7321
0.7078
28.3211
0.0064
0
0.4579
14.0659
7.4699
0.851
0.3811
0
0
0.6608
0.9568
3.5135
0
0
0.4361
5.5514
0.002
0
0
0.1478
15.2095
0.9586
0
0.0682
0.1106
3.0167
4.5752
5.3825
2.2523
0.1595
0.51
0.3612
0
6.2045
6.8014
17.1197
1.3274
0.6648
2.7277
1.2644
0.0148
0
0
3.3429
14.6667
22.6175
14.57
0.5891
0
0.4575
13.4842
1.9863
0
0
0
4.4176
2.5548
2.25
0
7.9437
20.6615
1.5259
0.0137
0
0
0
0
0
0
0
0
0
0
0
10.1087
3.9201
0.5786
0.9346
0
0
1.8369
2.9592
2.6996
0
0
0.4484
0.565
0.3208
0
0.0245
0.3667
2.2532
2.8423
3.9408
3.4039
4.8409
13.9601
0.2385
4.4761
4.3978
29.1549
3.2154
0.2158
0
0.1694
11.6807
1.9151
4.7142
0
0
0.2708
0.5799
0.652
0.4626
8.0898
16.7285
6.7402
3.2033
0.0271
9.8749
0.8679
4.793
10.9541
2.6591
2.6478
4.8583
8.3085
3.0844
12.5749
0.1906
3.0923
3.5247
10.3582
0
8.1793
0.0348
0
1.5848
16.5498
3.5163
6.8018
0.8743
0.4951
2.7229
0.5222
0
0
3.4622
0.8567
0
0
0
10.3396
12.9915
0.9719
1.8279
0.1235
0.2785
0.3547
0.716
0
0
0.2909
0.3015
1.7354
0.8941
1.4741
0.2723
0.114
1.4187
0.0661
0.0596
0.0931
0.1715
0
0
1.7723
0
0.946
0
0
0
0
0.3187
0.7589
0.0225
0.7972
0.9606
0
0
1.2924
0.2344
5.4271
3.0365
0.1271
0
0
0
2.133
0.4082
1.2674
0.5481
2.3289
0
0.1767
0.2401
0.2872
1.7615
13.3651
2.8652
2.062
10.5224
0.1438
0
0
0
1e-04
0
1.0828
0.2397
1.4743
3.9892
0.4686
4.5193
0.2041
8.4023
0
0
2.6704
0.0915
1.716
1.067
0
0
0.6649
0.8431
0.4848
0.1118
4.2041
0.0405
0
2.9409
1.535
3.8547
2.2582
8.638
1.6268
0.5063
0
7.5619
0.3697
12.385
0
0
0
0.3098
0
0.1757
1.5569
2.0699
0
0
0
2.267
1.4574
0.9816
0
9.7728
3.4673
1.602
0
0.0012
9e-04
0.8772
2.224
0.6116
7.6111
0.3729
6.7399
1.2793
0.7954
0
0.5616
14.4143
5.9981
0.35
0
0
0
0
0.729
2.9797
0.3753
5.2909
1.724
0
0
0.2146
0
3.0195
16.7788
0
0
0
0
0.1187
0.4757
3.3334
1.7172
13.7207
7.5049
19.4888
4.5628
1.4235
1.4366
0.9041
1.9416
2.0474
0.1845
1.109
8.027
0.2223
0.8682
1.9678
0.0024
0.5661
0.1013
0.0754
0.4251
23.7354
6.4468
3.6496
6.3432
2.2701
10.7947
15.6303
2.2418
0.4469
0.1971
12.4751
5.8074
1.835
1.1914
9.1412
1.7688
0.3783
0.9215
0.8414
0
0
0.5163
2.712
2.9939
0
9.8208
0.5299
7.4183
0.1684
0
0.1992
0
0
2.3344
16.9048
1.3597
16.3894
8.6278
3.573
0.4981
0.6891
15.9819
0
0
0
0
0
0
0
0.8057
4.1049
6.8829
0.0573
1.9193
0.6895
0
1.0753
4.0078
0
0
0
4.3605
1.0439
15.1885
0.9341
0.3526
21.0246
0.5072
0.2055
0.1557
3.469
2.5329
4.4368
0
0
0
0
0
0
0.2539
3e-04
0.2956
26.929
6.7418
0
0
0
0
0
0
0
4.3526
0.0861
0
0.325
0
0
3.5818
14.7561
9.1866
0
0
0.27
0
0.0793
11.4429
0.0077
0.0846
0.0997
15.3867
4.5877
2.0312
26.8435
6.1054
12.4878
0.2643
6.6567
13.8065
11.1737
0.2306
38.796
3.7276
0.2129
0.6519
0
0.0749
1.9516
0
0.071
1.7846
10.7129
8.1916
0
0
0.0987
0
0
0
0
0
5e-04
0.0397
4.7114
4.3557
1.9681
0.0621
0
0.0265
0
0.6386
2.038
0.0013
0.024
0
0.0748
0.0101
1.0624
0.9717
0.023
1.9894
0.0612
0.2882
0
0.2191
0
4.9043
6.5937
0.3911
12.5356
1.6168
0.1494
0.0579
0.0683
0.376
28.0227
0.0981
0.5533
0
0
1.7318
17.3328
1.4731
0
0
0.3733
9.1813
7.1126
6.7983
0.0726
0
0
0
0
0.2671
1.1511
0.5009
3.9118
3.1532
0
0
0
0
5.6031
4.1241
0
0
0.6041
0
0
0.3796
0.2245
1.2041
0.0413
0
0.1761
0
0
0
0.278
9.4583
0.309
0
0
0.0407
0.9286
0
0
8.8784
8.5675
0
0
0.3622
0.104
0
0.0264
2.8554
0
0.451
4.0899
7.5873
0.1408
0
0
0
0
0
0
0
6e-04
1e-04
0
0
0.3112
0.3135
1.2842
0
0.0607
0
0
0
0
0
0
0
0
0
0
1.0157
4.6425
6.9878
0.1238
0.4401
0
3.0663
0
0
0
0
0
0
0
0
8.7412
0.2566
0.2718
0
0
0
0
0
0.7102
0
0.0097
1.3185
0.5821
0.0016
0
0.7169
24.5019
2.1728
0.1613
4.1831
0.0274
6.1963
14.8563
0.85
0.7059
0
0
0
0.7967
5.233
0
0.3289
2.4257
1.3977
1e-04
0
0.3206
0
0
0.5283
3.2567
0.1314
0
1.8481
1.4634
0.9595
0
0
0.2409
13.8975
8.7783
0.1319
0
0
0.1538
0
0
0
0
1.5112
0
0.9029
2.8034
0.25
0
16.3636
4.0182
0.5355
0.0193
0.0029
0
0
0.4721
3.5794
0.3047
0
0
14.8788
4.4129
14.6765
7.0926
17.3142
0
0
2.0757
1.6701
0.0961
1.5389
0
0.0384
10.0296
0.2475
0
0
0
0
0
4.4744
36.1808
2.9877
9.1195
0.7418
0.358
0.8909
3.7829
0.1897
0.2208
13.7701
26.0034
3.1908
4.3887
2.711
9.0032
4.528
5.3334
1.1957
1.8589
0.3061
0.3018
2.3111
0.0226
3.6742
9.6458
0.3768
0.6627
0.1083
0
0
0.0344
0.3175
0.001
0
14.68
3.3608
2.0348
0
0
0
0.0206
0.8138
3.3327
3.7977
10.4149
3e-04
0.0078
0
2.7489
5.142
10.3159
0.392
0
0
0
0
0
0.2935
1.0511
0.056
0
0
13.9893
16.4674
1.3439
0
2.1317
26.5525
33.0136
12.7989
0.1926
1.2123
8.7957
1e-04
0.287
0
0
0
0
0
0.0663
0.0194
0
19.9752
5.2357
1.4112
2.265
14.6388
2.8607
6.3596
7.1517
0.4743
0.4427
0.3301
3.449
0.1372
0
0
0
0.2156
0
2.8253
1.5214
1.2792
0.0911
0.4396
0
0
3.1084
1.7117
0.7761
1.5584
0.386
3.1406
0
0
0
0
0.1977
7.4449
0
0.1554
1.1852
0.5875
0.1404
7.6878
1.4788
0.418
0
12.092
0.2754
0.5063
0
0
1.0763
0.0022
0.0244
0
0
0
0.0251
5.9743
6.2156
0
0
0
0
0
0.0507
0.3466
1.7637
0.5046
0.2481
0.7416
0.1939
0
1.7656
0.464
32.4991
0.6996
2.8851
1.2518
6.8664
1.3341
3.7884
9.8714
2.9799
2.29
0.0386
0
0.9054
1.5454
4.2608
0
4.7827
10.5631
0
0.6537
19.0494
0.4436
0.0401
1.9864
1.0634
8.0829
3.7546
0
0.2883
0.3996
2.7916
1.6052
1.3161
6.7472
1.1001
0
0.0206
9e-04
0
0
0.1519
0
0
0
0
0
0
0
0
5e-04
1e-04
1.2703
0
4.1042
7.6965
0.9495
2.889
0.1111
0
0.8059
0.065
0.6627
2.1112
0
0.0268
0.4241
2.1572
1.3704
2.044
3.8738
0.9222
9.6954
0
0
0
0.0447
0.6324
0.2131
6.5472
5.052
0
0
0.4601
0
0
0
5.5375
4.4392
1.3839
0
2.2504
0.0621
0
0.3389
0
0
0
0
0.3118
0.8344
0.2941
0
0
0
0.2045
0.116
0
0
4.8513
0.6739
0.6884
0.2552
3e-04
0.0011
0.4382
0.0485
3.9382
0
0.796
0
25.314
4.623
0.2052
0.9803
0.2265
0.2881
1.1204
0.687
0.8405
3.9241
11.3418
1.8364
0
9.4779
2.9919
0
0
0
0
0
0
5e-04
0
0.5168
0
0.9123
1.4619
0.7658
0.9832
0.0239
0.9306
0
0
0
1.198
2.1693
0.31
0.1332
0
0
0
0
5e-04
1e-04
0.4551
0.0921
4.249
0.4693
0.2791
0
0.328
0.2553
0.4963
5.6518
0
0.4068
0.8644
0.9287
0
0
0.9102
1.4874
0
0.9228
0
0
0
0
0
0.9771
4.2885
0.1696
0
0
0
0
0
0
0
0
0
0
0
0
0.2205
0.0392
0
0
0
0
1.1118
4.6007
0
0
0
0.1212
0.2539
0.124
0
0
0
0
0
0
0
0
0
3.1576
3.8798
3.9457
0
0
0
0
0.7876
13.195
1.9148
4.8338
1.881
3.677
0.1992
3.9215
0.0132
8.8762
7.9571
0.0292
0
0
13.2287
4.2543
0.0903
0
2.1527
2.3568
5.8511
4.8407
0
0
0.3252
4.4129
4.0513
2.3177
0.3419
1.9742
4.5886
0
2.1424
16.9453
13.7232
0.2594
0
4.2003
13.4762
0.2336
0
4.3197
0.9179
21.828
0.0111
0.1802
0
0.7409
1.7379
22.2694
9.6461
1.0785
0
0
0
0
0
7.9447
2.0229
3.5788
0
0
0.0486
0.3325
1.4492
9.3153
6.7795
0
1.5363
3.19
0
0
0
0
0
0
0
1.6937
4.3817
0.0832
0
0
0
0
0
0.8933
0.2267
0.1628
0.0069
0
0
0
6.8097
5.4758
52.7192
0.6286
0
2.9726
2.1663
3.8532
1.1293
0.0519
0.2609
0.0483
1.1476
0
0.261
0
0.107
0.1941
0.049
18.6109
25.6438
7.1122
1.3245
3.3449
0.3168
13.8119
4.3371
0.0098
6.6342
0
2.4224
2.4823
0.012
0.0016
1.4608
25.7518
1.1135
0
0
0
0
0.1519
3.2482
0.3113
0.2688
0
0.6822
0.6681
0
0
0
0
0
0
1.0998
3.0347
0.7121
0.0413
0.832
0.2246
0.1625
0.1059
0.1675
0.1494
1.5532
0.2179
0.0641
0.1522
8.8626
0.773
0.2396
0.1698
13.5898
15.586
0
0
0
0
0
2.6397
0.7777
0.025
12.9477
0.0119
2.7887
0
0.5313
0.0308
2.6937
1.9641
0.8
0.7537
0
0
0
0
0.1714
0
0
0
0.1714
0.4045
14.6553
0.1485
0
3.0901
3.1051
0
0.1719
0.2624
1.09
0
2.1883
1.2473
1e-04
0
1e-04
0
0
0
0.8427
0.7878
0.1998
0
0
0
0
1.9747
8.1743
0
0.0526
0.1204
0.1834
0.8901
0.0443
0
0
0.3641
0
2.7289
3.1343
0.3276
0.3259
0
0
0
0
0.0803
0.095
0.0034
0.3041
0
0.3338
11.5765
0.158
11.3016
0.5908
0
0
0
0.1756
0
3.4828
17.223
1.6674
8.5383
0.3434
1.6349
2.0674
15.6698
18.8796
6.0657
0.5051
1.888
2.2023
0.8924
0.0176
0
2.2045
4.1131
2.5685
3.6746
2.657
2.8759
5.5643
1.3547
0
0.333
0
0
0
8.2482
0.6648
0.5445
1.4241
0.7587
0.1486
9e-04
0.5476
0.6336
0.1701
9.7261
3.1152
3.0847
1.0723
2.6335
0.6824
0.897
3.4785
6.5379
0.3386
1.0984
0.0107
0
0
3.4863
3.8515
1.4564
0.7789
11.5232
0.9219
14.9635
21.3018
0
0
0.2906
0.7579
36.0077
9.1667
15.1932
8.4373
8.5837
1.5349
0.0034
0
0
2.1769
1.2241
0
12.3916
7.4329
4.8064
3.0623
2.568
1.7569
1.8777
10.3359
2.3684
3.2277
1.8736
0.0676
0.3984
0
1.1186
0.6447
0.3797
0
0
1.6933
0.1148
5.4903
1.2057
0.5099
0.231
0
6e-04
0.7457
1.3753
0.1733
0.1939
0.2153
0.0877
0.0775
0
0
0
16.4692
24.1339
1.0671
0.4803
0.0282
0
3.2139
16.0924
4.6965
3.2623
0.104
8.1933
0.7664
0
0
0
3.1921
2.2493
0
0
0
0.6076
0.3039
0
0
0
0
3.5722
0.7162
0
2e-04
0.1701
17.0206
2.0217
1.5607
0.2229
0.0725
0
0
0
8.104
2.5558
0.002
0
22.2488
0.0068
0
0
0
1.8888
8.2228
3.2738
9.1669
15.6574
0.0652
0
10.0166
7.7936
2.5611
12.6086
2.692
0
0
0
0.2773
0.5372
0.2591
0
0
0
0
0
0
0
0.02
0.5389
0
0
0.0104
0.0643
0
0
0
7.2853
0.1454
0
0
0
0.1651
3.2506
9.0272
0.5077
29.033
3.4634
2.7598
0.2569
0
0
0
0
0
0
0
4.1688
1.8936
0.0429
0.1385
0.2144
0
0.5296
3.8019
8.1106
1.6215
1.2288
0.2997
0
0
0.1743
7.4486
17.1117
12.1924
0.4582
1e-04
0
0.0716
0.0661
0.0753
0
0
0
0.7334
0.8451
3.4215
0
0
0
0.0486
0.053
0
0
0.6228
0.0983
0.2724
0
0
3.1154
0
0
1.7471
1.7458
0.3139
0
0.1548
2.9221
0.7199
0.4023
0
0
0
0.5697
1.8396
0.0917
1.2836
2.3248
5.1378
7.7433
0.3603
0
0.3397
7.1594
0
0
0
2.4091
1.6892
2.4962
0.273
0.1819
0
0
0.3361
0.0943
8.3693
5.2768
0.0319
7.114
1.1714
0
0.0063
0.1856
2.1461
0.0744
0
0.0048
3.4237
0.5434
0
2.8486
16.5426
1.6048
6.0538
0.2436
0
0.6431
0.0028
0.6609
0
0
0
1.1625
5.9805
21.8324
3.1375
7e-04
0
0
0
0
43.922
4.2642
0.7071
0.1304
0
0
0
0
0
0
0.5423
0
2.1402
0.9038
0.4689
11.811
1.118
1.046
0.0749
0
0
0.1144
7.3337
0.6572
0.0636
4.6437
0.1654
0.114
1.4432
1.299
0
0
0
0
0.8039
1.5774
8.1545
2.7277
5.1014
2.0944
0.784
0.5805
0.1395
0.1276
0.6128
0.4747
0
24.5419
1.9389
0.5844
0
4.0325
3e-04
0
0.3493
0
0
8.1274
7.6935
0
0
0
0
0
0
0
0
0
0
0.5062
7.4644
24.502
2.8773
0.0534
0
0
0.0893
2.5227
4.3043
4.7345
13.3595
5.3157
4.8709
21.5179
3.8086
0.1733
0.0277
1.9886
0.2691
0
0
1.1038
2.1888
11.1676
0.0608
0.0422
0.1163
0.2365
0
5.1775
3.2204
13.9308
4.7452
0
0.022
0.9656
13.9152
3.0728
0
0
0
0
4.2638
0.6135
0
0
0
0
0.6195
1.0447
2.529
2.7274
1.3468
0.4126
0.0236
6.8167
5.2013
6.9135
0.1242
0.0011
0
0
0
0
0
0
0.0269
2.4265
0.9513
21.2402
11.2097
2.5693
13.0349
0.727
4e-04
0.037
0.1812
0.0943
7.47
11.255
21.0006
2.053
0
0
0
0
0
0
3.1513
2.4987
0
0
0
9.2401
5.578
0.4399
0.1015
0
0
0
2.1503
4.6418
48.0485
0.0068
1e-04
0
0.0522
2.8298
14.4226
4.945
5.4489
0.9431
0.8521
0
0
0
0
0.025
0.6895
0
0
0
0
0
0
0
3.0632
14.7805
1.623
33.6038
0.0622
1.3416
0.0704
0.0099
11.7813
2.1012
6.1285
0
0.016
8.7166
1.6451
3.6941
2.3264
0.3216
0.367
0
0
0
0
0.4279
1.1977
0.0206
0
0.1625
17.1877
0.1383
0
1.9016
2.6224
24.2458
20.4078
3.2877
1.848
0.2901
0.0112
0.1395
0
0.6894
16.6777
0.0629
0
0.3243
8.0855
0.0281
0
3e-04
0
0
5e-04
0
0
0
0
0
0.0536
1.3732
18.7793
1.13
0
1.0662
1.8128
2.4295
0
0.4288
0
0
0
0.0539
0.4403
0
0
0
0.836
11.2233
1.5448
0.2464
0.0357
0
7.1654
5.3543
0.2108
0
0
0.0417
36.4969
1.5766
0.0531
0
0
0
0
0
0
0
0.0268
0
13.6882
1.0187
1.6667
12.4032
0.3083
0
18.1472
1.1881
17.1234
2.2186
0
0.711
0.3841
4.1206
27.094
27.763
0.2256
0
0
0
0.8685
1.5314
0.1553
0
0.0282
1e-04
0.3308
12.1078
0.4744
0
0.0012
0
8.7464
0.2228
1e-04
0.0987
3.4239
3.7684
0
0
0
0
0.8481
0.3499
0.5593
0.0337
3.3577
0
0
0
0
0
0.4556
0.7176
0.2399
0
0
0
0
2.7916
3.8294
8.8929
1.8415
3.0269
0.9844
1.9552
1.3728
0.8923
0
0
0
0
0
0.0788
3.7408
0.4301
0.5004
5.0615
0.3298
1.4484
4.1288
2.1373
0.0013
0
0.4086
3e-04
0
0
0
0
0
0.0993
0.4112
8.0471
0.9596
0
0.0414
3.41
6.9119
0.4783
0.8087
2.3038
4.0296
4.0145
2e-04
0.0546
0
0.0746
0
0.3939
1.0797
4.086
0
0
3.5744
7.6788
1.3353
0.3342
0.124
8.2374
4.9699
3.6857
0.0122
7.9997
2e-04
24.1689
16.0504
0.6328
1.2608
0.1074
6.3488
0
0
6e-04
0.3375
0.7897
0.0206
3.2315
0.2417
0
0
10.1049
4.0583
0
0
2.8243
0
0
0.1931
2.8156
4.7173
0.061
0.4536
5.6158
1.1801
0
0
0
0
5.324
9.2619
3.8851
28.7404
1.1758
0.0607
0.1262
7.3259
13.8102
6.4927
12.375
0.6514
5.4528
0
0
0
0
0.1546
0.7854
3.5896
0.5475
0
0
1.6601
9.2717
0.2705
0.0958
0
0
0.4181
1.2077
0.2702
0
0
0
0
0
3.8982
0.001
0.0207
5.1264
1.5499
4.5898
0.5058
0.1698
0.7275
2.1182
0
0
0
7.7154
2.5379
5e-04
0
0
0
0
0
0
1.9393
5.8269
0.1169
6e-04
0
0
0
0
2.2088
0.8908
0.0375
0
0.2876
9.1774
0.3078
0
0
0
12.4249
5.8527
0.4857
0
0.2986
0.2127
0.5163
0.19
4.3375
3.3691
11.9287
24.9277
10.4786
0.0491
0
0.3567
0.3352
0.0385
0
0
0
0
0.8847
5e-04
0.1788
0.2029
12.1816
10.2848
0
0
0
1.473
3.9463
0.884
0
0.3038
0
0
0
2e-04
0.0014
0
3e-04
2e-04
0
0.6304
6.2711
2e-04
0.1299
1.3354
0.3663
0
0
0
0
0.0133
1.0638
20.5547
1.0286
0.3947
0.6153
0
0
7.6521
1.9756
1.3868
2.7034
0.2591
0.1915
0
0
0
6.6146
0
0
0
3.175
32.3138
18.6838
21.106
7.7463
0.0136
0
5.7296
2.1988
3.5484
0.3063
0
0
0.217
1.5384
0.9451
0
0
0
2.4205
0.5461
0.537
0.1029
3.1833
1.2
0
7.0329
4.9396
14.7896
2.8576
4.7888
0.0934
0.3451
8e-04
1.7945
0.4713
1.4996
2.9841
0.823
2.5817
2.8317
9.8598
0.9709
0
0.0381
0.0338
0.0084
0.0609
0
4.314
2.0165
0.9737
0.0022
0.0678
0.2624
0.2507
0.1734
0.2721
0.388
4.6
0
1.5104
8e-04
0
0
0.2722
0.4502
5.381
1.1499
0
0
0.2044
4.7525
0.1881
0
5e-04
0
0.0389
0.7667
0.0876
0.5549
0
4.6134
22.851
0.8445
0.4742
0.0612
0
0.0698
0.6961
0
0
2.7025
1.9518
0.5061
0.0711
0
0
0
0.0098
0.3371
0.5004
0.251
0
0
0
0.3703
0.4511
0.9175
0
0.037
0.2456
0
1.795
0.0414
16.8877
1.0685
0
6.4407
7.0753
0.7006
0.3902
0.858
0.2579
0.0746
1.2032
0
0
1.525
0.0022
0
0
0
0
0.7148
9.2946
5.9386
1.7876
0.2565
12.451
2.923
0
0
1e-04
0.0377
0.2181
7.9606
2.3065
3.4835
0.0204
0.6296
12.5452
0
0
2.8009
2.3057
3.4816
0
0.3217
6.6032
0.7629
4.9858
0.0111
0
0.9341
0
0
0.3024
0.0548
1.0195
0.7146
2.9446
0.7345
0
0.1535
0.1999
7.7163
12.0478
10.807
0.3777
6.7479
11.6761
5.9631
1.7601
9.0842
3.4189
0.3705
0.9806
0.1424
0.6885
3.5159
0.6911
0.3489
0.002
0.529
2.9435
0.0049
0
0.5521
5.6018
0.1398
0
0
0.0257
0.0598
0.3634
0.1067
12.9844
6.6475
1e-04
0
0.3161
2.6448
11.4569
25.0818
0
2.2934
0.3538
0.534
1.1035
18.9577
1.0563
0.0558
0
0
0.7343
3.6328
0.7313
3.3648
0.0679
0
0
0
0
0
0.5897
8e-04
0
0.6404
32.5441
1.2791
0.1885
0
1.8412
1.3846
4.4833
0.4694
0.4302
4e-04
0
0
0
0
0.0827
1.0916
2e-04
6.4288
0.0538
0.2593
0.376
0.6548
6.3498
7e-04
15.0035
31.5933
14.1936
20.341
1.05
9.532
1.0447
5.0408
7.5235
1.8969
0.7608
19.6481
3.1717
0.3106
8.9226
1.0523
0.017
2.4516
6.5043
12.2485
0.0557
0.0946
2.1411
0.8185
0
0
0.0114
5.351
0.4863
0.5187
13.7532
0.2304
12.5443
7.8662
5.8755
0.9876
0
1.6416
7.3023
0
0
1e-04
0
2.6284
1.9986
1.9062
11.1284
9.9444
0.0029
0.0011
0
0
0.9946
4.773
9.1572
0.3694
20.9477
19.203
14.1492
6.6331
17.2422
1e-04
0
0
0.6091
1.6562
1.2077
2.5734
7.1565
2.1407
0.3177
48.6177
7.3477
0
0
0
0.021
0.4311
0
0
0
0
0
0
0
0
0
0.6625
1.2977
11.9709
0.6731
0.8988
0.4269
0
15.9873
13.721
2.4355
0.0147
1.9276
1.7418
0.509
0.1295
0
0
5e-04
0
0
0
0
0.6556
0.0242
1e-04
20.1426
18.6436
0.655
3.2963
0.4296
0.416
0.4192
0.4489
3.1316
3.0632
13.2643
22.7866
2.7489
0.1586
0.089
0
0
0
0
0.0185
12.4476
8.3835
9.9542
0.337
4.1874
0.1002
0.1465
1e-04
0
0
0.3275
0.1246
0.1758
0.092
0.0637
0.0205
0.0633
0
0
11.0748
0.6989
0.059
0
0
0
0.1379
0.0291
0
0.8233
5.6621
0
0
0
0.0276
0
0
0
0
17.0519
24.7083
17.9488
8e-04
2.1366
9.3048
21.8549
8.5885
0
0.0068
0.5137
0
6.0238
0.3723
3.9528
9.0082
0
0
0
0
0
0
0
13.7154
2.6823
0.0084
5.3266
0.0052
0
0
0.9712
0
0
0
0
0
0
0
0
0.482
0
0
0
6e-04
0.2692
12.5931
1.178
5e-04
0
7.8418
0.0675
0
0
0
11.0632
6.4234
1.6305
0.2373
0.1114
1.0405
1e-04
0
0
1e-04
6e-04
19.8633
5.3575
3e-04
0
1.8761
0.8254
6.7899
2.2175
0.8108
0.7339
0.179
0.6748
3.203
6.3461
0
0.5829
5.5955
1.5376
0.3409
15.7831
1.4454
0.0477
0.024
4e-04
0.1884
0
0
5.7886
20.7075
0.2011
0.1114
0
0.0416
0.1039
0
0
15.6608
7.981
0.6283
0.7596
0.0689
1.119
1.5101
7.4297
0.2941
0
4.6979
5.7248
2.8146
0
0
5.4793
16.0451
1.7175
0
0.0122
1.1746
2.6709
0.2672
0.0182
0.7808
4.7552
3.7675
0.0057
0
0.267
0
0
0.2505
0.0121
0.0148
0
0.0491
0.2791
0.038
0.5297
0.8014
0
6e-04
1e-04
3.607
4.4212
0.772
0
0.0796
0.983
1.6067
1.004
7.5187
0.0658
0.01
0
2.6123
8.6451
0
13.6543
29.066
11.9118
1.0302
0
0
0
6.2549
0.2357
0
0
0.0101
1.1235
6.5217
10.2121
0.1422
0
0.0139
7.8949
15.599
1.1429
8.4942
0.3045
0.8694
0.8035
2.1745
2.7216
0
0
1.6617
1.7298
5.003
2.4595
1.9562
4.7644
9.7639
0
1.0172
0
0
0.7162
0.3606
2.7813
4e-04
0
0
0
0.1094
9.2789
0.367
2.7412
0.213
1.745
4e-04
0
0
1.5776
1.8347
2.5313
0
0.2764
0.8848
0
0.1573
5.3771
4.2974
0.0028
0.0029
0
0.0432
0.6033
0.191
0.0052
0.0032
1.455
0
0
0.2696
1.5615
1e-04
0
0.006
0.2166
2.8209
0.6446
6.0539
16.622
12.3134
16.8927
2.0278
0
17.8908
0.9676
0
0.4365
0.8053
0
0.6014
0.0997
2.1456
6.4862
0.4677
0
0
0.3536
0.1378
0.6245
0.0076
2.4555
1.3913
6.6476
10.2302
4.6031
2.7449
5.5968
3.8776
0.4342
0.1934
0.2892
0
0
0
0.2383
0.6969
15.6035
0.1198
0
0
2.3301
0
0.0218
10.9544
11.1523
0
0.713
2.5802
6.2572
0
0
0
0
0
0.0169
0.014
0
5.2902
4.1207
0.7627
0
3.3403
0.1303
2.624
5e-04
0
0
0
0
0
0
9.6527
8.0472
1.2789
0
23.4034
0.297
0.4453
0.0312
0
0
0.9575
3.9197
0.6077
3.7333
12.3662
0.313
0.1665
0
1.4928
1.9098
1.0325
14.5895
1.8082
0.2699
0.1904
0
0
0.5048
0
0
0
0.775
0.7459
0
0
1.8078
1.4616
1.1047
5.2279
0.088
0.3165
0
1.7357
0.1661
0
0.021
0.1544
0.079
0.0478
0.1237
0.0953
0.0582
1.5659
0.9428
5.5133
3.3181
0.209
0.201
0
1.7103
0.2457
0.0637
0.6223
0.3232
0.6853
7.0921
0
0
0.0734
0
2e-04
0.2537
0.5368
4.1279
0.8416
12.9934
12.9946
0.4101
0.7767
0.0647
0.1405
0
0.4233
0
0
0
0.0417
4.7282
1.6805
0
0
0.0225
0.1815
0.4498
5e-04
0
0.0944
0
0.1885
0.0497
0.171
0.0266
12.3596
3.2685
2.9121
3.7687
0
0
4e-04
0
0
0
7e-04
3.9803
3.6392
0.6419
2.5801
4.7296
0
0
2.2232
0.1195
0.4354
0
0
0.6557
0.0024
0
9.7585
0.091
0
0.026
0.0213
0
4.977
0.9961
2.564
0.1432
0
0
0
8.301
0.4592
1.4132
17.2836
3.34
0.0415
0.182
11.2546
5.0387
23.7091
6.0864
0.1671
0.1204
0.0353
0.0905
0
0.0748
0
0
0
0
0
0
0.9259
11.8375
4.5011
5.949
6.3271
3.4297
0
0
0
0.0192
0.4584
4.1986
0.8962
0
0
1.817
5.3472
0
0.1246
0.8672
3e-04
0
0
0
0
0
0
0
1.1962
1.5885
4.5492
0
0
0
0
0.2946
3.9387
0
0
0
0
0.0973
0
1e-04
0
0
0.2051
2.5192
10.0162
2.4667
0.1089
0.2933
0.0732
0
0
8.0382
4.9181
0
7.2595
39.3264
13.5822
6.8172
2.4017
0.1886
5.8787
0.2195
0
0.0012
7e-04
0
6.1774
0.4222
0.6455
6.1119
5.8887
0
0
0
0.173
0.3181
0.0407
0
0.2819
0.077
0.0234
0.2188
5.9759
17.8976
0.5529
0.7616
2.7305
1.5905
0.6744
4.6049
0.0759
0.2238
0
1.0376
1.9765
0.9186
8.2091
4.1137
0
0
3e-04
0
0.8496
7.3897
1.6089
30.5879
10.2214
0
0
0
0
2.6291
11.7623
5.0499
0.6331
0
0.1098
0.4568
0.332
0.6019
1.697
1.1761
0.7253
0.7904
0
0
0
0
0.1049
0.062
0.0725
0.0487
1.5168
0
0
0
0
0.7147
0
0.0616
0.9596
0.0379
0
0
0
0
0.0398
0.6976
10.4677
3.9697
2.0976
1.5838
0.8345
0
3.4391
0.0813
0
0
0
0
0.494
0.7883
4.5529
0.0124
0
0
0
0
0
0
0.0172
0.0502
4.267
0.0054
0
0
0.0609
0.5073
1.0352
0
0
0
0
0
2.8437
8.7919
0.1629
0
6.7588
4.4188
7.3525
0.0285
0
19.4287
3.0949
0
0
0.0899
0.3854
0
8e-04
0
0
0
0
0.3512
0
0
0
0
0
11.6948
7.2629
0
0
0
0
0.1339
0.17
4.6104
1.538
20.9672
2.4675
6.8842
3.1484
2.287
0.0027
0
0
3.9391
3.6135
9.4182
0
0.3078
9e-04
0.107
0.2017
0
0.3087
0.1408
0.1664
0
0.3088
0
0
2.5574
2.8781
0.0432
0.0216
0
2.1409
1.4648
3.6759
0
0.0417
0.023
0.5871
0.9544
1.9691
5.1827
11.3857
2.3494
6e-04
0.234
5.2625
28.802
4.795
1.2447
0.2929
0.3667
0
1e-04
0
0
0
0
0
0.1828
0
0
0.6006
0
0.0829
0
0.4958
0
0
0
0
7e-04
0
1.0557
0.1554
0
0
0
2e-04
0.001
0.1671
0.7013
0.2806
0.0733
1.2034
10.2815
4.9674
0
0
0.3449
0
1.5541
1.0274
19.3759
7.8832
0
0
0
0
0
0
0
0
0
0
0.1847
0.7067
0.6334
0
0.0719
0
0
0
1.9747
2.0654
0.0785
0.065
0
0.0439
0.1009
0.1156
0.8961
0.153
0.6632
0
21.7916
26.7519
6.5235
0.4144
11.2677
0.3309
0.0281
6e-04
0
3.2402
11.6246
1.1728
1.4232
22.2088
0.0725
0
0
1.3728
0.0676
0.3189
0.0098
0
3.1083
0.0048
0.0018
0
0.5076
3.9596
0
0
0
11.002
7.2532
6.5365
0
0.3328
6.5959
0
0.0158
2.3046
6.8516
3.5415
0.0268
0.1029
0
2.0544
28.0124
3.3237
4e-04
0.159
20.9106
10.1337
0.0586
0.0061
5.477
6.8657
3.2999
0.0086
0
0.2925
0
0.3575
0
8.2633
0.7693
6e-04
0
0.7311
0.0013
0
0
0
0
0
2.1162
1.5176
1.2429
1.601
2.1787
5.9054
21.6341
2.6074
7.352
4.8326
1.0104
0
0
0.784
9.788
0.2544
0.0408
0
0
0
0
0
0.4732
14.0215
2.3503
11.1061
8.8546
7e-04
1e-04
0.5849
0.2705
2.7124
14.6086
4.6881
1.715
3.6189
2.6154
0.5233
0
0
0
7.5581
3.9051
5.2327
7.68
8.2009
1.0864
0.3343
16.3526
7.8599
0.3987
0
2.5691
0.1666
2.779
8.0756
0.929
28.1861
7.5087
0
0
0
0
0
0
0
0
0
0
0
0
0
0
0.0169
0.0088
0
0
0
0.2795
5.7674
0.389
9e-04
0.0852
0.3214
0.0496
0.0138
0
0.1391
2.9002
0.3141
0
15.2346
1.5234
3.8011
0
0
0
0
0
0
0
0.3141
9e-04
0
21.4626
4.6865
50.6844
11.2536
0.1059
0
0
0
0
0
0
0.216
0.0443
0
0
0
0.3877
3.6271
1.6811
1.2505
0
0.0752
2e-04
0.0427
8.8648
0.6503
0.2706
0.4993
4.8426
1.7175
17.0804
0.3797
0
0
0.3718
14.104
0.0509
0.0438
3.9255
22.2569
1.5585
4.8652
0.0375
0.0879
0.5394
1.2749
2.2438
1.4287
0.0307
0.1019
0.1284
0.0734
0
0
0.2578
0.2957
0.5317
0
0.2724
0.1345
0.4573
8e-04
0
0.2529
0.0175
0
0.52
2.6456
0.0482
0.1175
0.4679
3.025
10.9489
0.0168
0
0
2.8051
3.5838
0.0495
4e-04
0.0738
0
1.101
0.5315
0.1341
0.2324
0
0
0.272
0.0672
0.2362
1.9496
6.8415
0
0
1e-04
0.0241
0.0132
3.1871
1.6297
0.6664
2.5197
0.0106
0
0.8429
0.3379
3.016
1.2468
9.1974
0
0
0
4.265
9.3907
0.0339
0.1898
2.0211
1.4824
0.5593
0.2853
0.1794
0
0
0
0
0
0
0.8344
1.8575
0.1244
7e-04
0.0664
0.0761
0
2.5194
0.1969
0.2436
0.0474
0.3117
0.197
0.5807
0.1175
0.0874
0.0553
0
0
3.4072
14.9682
3.6201
0
7e-04
0
0.5184
0.4681
9.5867
2.3506
0.3573
0
0.2558
0
0
0
0
0
0.687
0
0
1.291
23.6261
16.8828
0.3505
0
0
3.9723
1.4871
0
0
0.2504
0.441
0.5117
1.2802
5.708
0
0
3.4852
1.1385
0.0429
0.1476
0
0.1439
0
0
7.2122
6.4911
0.1699
4.2125
1.6817
0.137
0
2.1184
7.8079
0.004
17.4234
17.6926
0.271
0.6563
4.1079
0.7741
0.799
9.1516
14.4913
0.9513
0.2709
1.1313
4.8146
2.8703
1.3755
2e-04
1.1869
7.5863
14.3322
5.4952
0.3191
0
0
6.4845
1.2891
2.1969
0
0
0.6088
2.4318
0
0.1386
0.391
0.1268
1.5769
5.3275
0.1256
0.0695
0
0
0.1654
6.3853
2.2849
2.1386
1.3402
15.3033
14.7232
2.1784
3.7359
2.0324
5.3726
5.0553
1.4919
2.9071
0
0.6775
5.7183
15.0854
6.195
1.3879
0
0
0.0384
3.0876
0.0129
0
0
0
0
0
0
3e-04
8e-04
0
0
0
0
1.6734
0.1967
0.375
0
0
0.4495
6.9899
17.2512
1.2045
0.1886
2.6852
0.8659
0
0
0.3299
1.1932
6.2853
6.0474
7e-04
0
6.3554
9.0738
13.2168
1.9704
1.9902
0
0
0
0
0
0
1.2651
0.4099
0.1761
0
0
0.0362
0.1134
0
0
0
0.177
0.4082
1.3404
1.5019
0.1159
0.1235
0
0
0
0.0247
0.124
0
0
0
0
0
0
0
0
4.462
16.7587
0
4.531
7e-04
1.2902
8.1569
0.7561
5.8622
2.5826
1.2296
0.4915
0
0
0
8.1019
14.8173
0.2458
0.2173
0
1.906
16.427
25.0913
0
0
0
0
0
0
0
0
0.2602
0
6.8541
1.4133
0
0
0
0
0
0.2598
0.8175
14.8379
2.3725
1.232
2e-04
0
8.8186
0.5026
0
1.2015
0
0.4667
2.2846
13.0896
0
0
6e-04
0
0
0.6866
0.6173
13.0981
9.3535
1.0563
0.0664
0.9621
0
0
0
0
1.0841
0.9999
0.3306
0.4098
0
0
0
0.7671
1.8957
10.6225
8.1764
0
5.8381
2e-04
5.8025
8.4776
0
1.0845
0.5751
3.2757
4e-04
0
0
0.2633
0
21.3621
14.0734
1.5592
0
3e-04
21.7602
5.8099
0.7495
0.1398
0
0
0.001
3.0623
9.2735
0.0228
0.4458
0.2843
0.0642
0.0765
0
0.104
1.1297
0.6376
0.4018
0
5.681
0.0111
0
0.2664
5.3002
0.2188
0
0
0
1.0539
1.661
6.4116
0
0
0
0.3252
0
13.9516
0.7236
2.7495
4.2982
0
1.1047
7.0937
0.1193
0.1817
0.2558
0.1312
0.1308
0
18.3103
1.0584
0
3e-04
9e-04
0
0.2731
1.1181
0.5851
1.0735
0.0683
0.39
2.3127
0
0
2.5408
2.9426
9.6086
2.9072
0
0
0
4.6252
37.1804
0.0044
1.9436
5.1657
2e-04
0
3.2296
6.2529
0
0.5167
2.0121
1.6553
0
0
0
31.8876
0
0
0
0.2667
0
0
0
1.2495
1.4755
0
9.2709
0.3857
0
3.0081
8.4
1.6118
1.3489
0
0
0
0.7503
9.4039
0
0
0
0
0
0
14.5092
0.87
0
0
1.3158
2.0671
0
0
0
0.0037
0
0
0.0869
0.479
0
0
5.2038
0
0
2.3443
4.6249
22.6511
2.4953
11.4564
0.505
0
4.4393
0.5368
1.9391
0.1724
2.1484
1.0805
1.5861
4.9299
0
0.8208
3.3935
19.9352
0
8e-04
0
0
0
42.8889
0
0
0
15.0986
1e-04
28.6959
14.0988
31.3239
2.3702
0.104
0
0
0.0073
0.0098
0
0
0
1.0581
3e-04
0.2903
0
6.1032
0
12.5955
0.0881
0
1.6212
8.2327
0
2.4995
9.404
7.2796
0.0449
0
1.9814
13.9759
1.0511
0
0
0
0.851
0
4.8244
2.1512
11.7027
0
0
0
0
0.9822
12.2925
0
0.6245
0.5659
0.3389
1.8466
6.8193
2.3948
4.2936
0.6312
0
12.5599
0.0043
0.0709
0.3674
0
0
0
0.9511
0.1176
12.0439
0
0
0
0
0
0
2.895
3.639
11.5023
0
15.1988
25.3431
11.4324
0.3302
0
0.9397
1.3987
1.9802
0
16.8603
0.0294
7.6699
0
0
0
0
1.3153
2e-04
2.5254
0.9477
0
0
0.4827
0
0.001
1.1727
14.1781
0
5.8074
0
0
0
0
7.4897
0.8515
1.4833
43.9527
0
0.4384
1.0779
0
0
0
0.4384
0.2737
0.5097
0.5382
0.2479
0
0.4517
0
0.5592
0
0
0.0516
2.553
0
0
0
0
8.2378
0
0
0
0
0
0
0.2862
0
0
2.0157
2.0478
14.7416
5.6695
0
0
0
1.2514
2.2196
1.4839
0.6957
0.2452
0
0.4193
0
0
0
0.007
0.019
0.8953
0
8.1803
2.2648
0.386
0
0
9e-04
1.9005
8.9962
0.7431
7.4411
0.0255
0.5139
0.5028
0
11.866
2.2231
0.4712
0
1.644
3.9913
2.8338
0.4449
1.3953
0.8579
0
0.1354
13.0623
0.0826
0
0
0
0
0
0
0
0
0
0
6.7192
7.1955
5.8198
8.8212
1.3519
0
2e-04
0.0024
0.3214
1e-04
0
0
1.8694
15.2739
0.6229
6.5128
13.5077
23.1815
0.4158
0
0
0
4.0347
0
3.2583
3e-04
0.7135
0.6142
1e-04
0
0
1.3153
4.6668
0.0789
5e-04
0.1976
0
0.1457
0.1025
0
0
0
0
0
0
0
0
0
0
0
2.4191
6.8217
3.5647
0
0
1.4625
9.9859
38.9837
9.9976
1.1106
3.0361
0.2454
0
0
0.4731
0
0
0.9507
1e-04
1.9699
0
1.4958
0.7573
0
0
0
8.1003
16.4039
0.4827
9e-04
0
0
0.6693
0
0
2.328
7.1403
2.5539
10.336
5.6318
0
0
0
0
0
0
15.7159
0.1141
0
0
9.2808
1.692
0
0
0
0
0.0371
16.3716
21.4185
3.3782
0
0
0
9.9093
0
14.8489
0.4952
0
3.7918
0.1952
0
2e-04
0
0.4062
0.0131
27.2765
0
0
3.1409
0.7933
5.2318
14.9964
2.4743
4.192
0.1061
0
0.4921
2.1611
0.4121
0
0.3808
0
0.6024
0
0
0
0
0
0
0
0
0
0.3722
6.3322
0.066
0
2e-04
0
0.075
0
0.8715
0.4389
0.1553
0.0397
8e-04
1.5786
0
0
0
2.1493
12.7931
4.8817
24.2064
9.6684
0.2328
0.3645
2.3712
0.0016
0.0011
10.69
0
0
1e-04
0.8752
1e-04
4.9258
12.9779
15.0532
3.742
4.0273
3.8311
0
0
0
4.2516
0
0
2.018
4.7177
0.0263
0
0
0
0
0
19.2771
4.6195
0.0022
0
4.9887
6.2242
17.0201
22.6093
34.9771
0
0
1e-04
0
0
0
0
0
0
0
0
14.7434
26.214
34.3552
5.2989
2.2486
1.573
5.0728
0.0414
0
0
0.6678
0.1536
7.0085
0
3.8454
0
0
4.8592
0.9575
1.0134
29.5858
43.5515
0.078
0
0
2.2234
0
0
0.7985
1.0232
0
0
0
0
8.3786
0.4012
0
0
0
0
0
0
0.0245
5.7494
0
0
0.0017
0
5.1641
0.4155
0
0
2e-04
0.0021
2.4965
0
0
0.0535
0.8861
0.49
9.0427
0.0638
0.4297
1.1574
14.7141
0.4029
0
0.2265
0.0787
0
5e-04
0
0
0
0
2.5146
0.087
0.6474
1.883
0
0.922
0
0
0
0.0259
2.0541
0.016
9.7994
0.0013
1.8749
0
8e-04
0
0
0
0
0
0
22.4034
0.0173
0
0.1633
0
0
0
0
0
0
8e-04
0
0
0
0
7.7495
6.2128
0
0
0.0621
1.031
0.8327
0.0779
0.0016
0
0.1916
0
2.1433
0
0
0
0
0
0
0
0
0.1042
0.318
0
0.4071
0.991
7.9688
3.7625
0
0
0
0.3022
0
0.289
0.6178
0
0.1196
0.114
14.5459
9.2282
1e-04
0.0414
0.3873
1.0917
4.4708
2.7122
0.6647
1.5622
3.6534
5.522
1.6159
0
0
1e-04
9.4123
0
0
0.4803
13.4841
5.4865
0
5.1506
0
0
0.6591
0
3.7613
0
8.3166
2.6447
0.1536
1.4235
0
0.9579
9.38
0.2733
0
0
0.1429
8.6173
0.2314
0
0
0.8098
1.3441
0
0
0.8068
0.6648
0
0
0
3.7564
0
4.7495
6.5954
0.986
2.0201
12.3929
0
0
14.8631
0.272
0
6.0661
0.4395
0
0
0
0
0
0
0
0
0
0
0
0
0
0
0
0
0
0
0
0
0
5.4105
0
1.3478
5.5546
0
0.1984
0
0
29.8061
0
10.7997
2.0535
0
0
4.9265
18.5363
2.0502
1.1938
0.9814
0.1997
0.3863
2.3572
26.943
0.2183
0
0
0
0
0
0
0
0
0
0
0.0481
0
0
2.0139
0
0
0
1.0107
1.3203
0.0029
0
0
0.0752
5.8074
0.0224
0
0.4839
13.6243
8.8625
9.2827
0.5509
0
0
0
0
0
11.2134
5.5157
2.7245
0
3e-04
0
0
0
0
0.0083
0.6997
12.7094
28.6576
1.5383
13.912
0
0.2548
0.9671
0
0
0
0
0
0.0314
1.7356
4.9388
0.0091
10.0427
1.6832
0.199
0
0.721
1.554
0.2326
0
0
0.8432
0.0099
0
3.2177
2.4776
0
0
0
0
0
0
5.7471
7.0552
2.5983
2.2364
2.3556
11.9959
1.3413
4.5866
1.8804
0.1702
0.0802
0.8572
0.1366
0.3884
2.5364
0.6551
0
0
0.7394
1e-04
4.0526
1.8867
6.0555
3e-04
1.7754
0
0.0041
5.1682
3.6968
0.0083
0
0
0
1.7897
2e-04
1e-04
0
1.4363
5.7512
18.6897
11.1791
0.7431
0.009
0
0
0
0
0
0.0127
0.0235
0
1.7816
0.0148
0.0401
0.1152
0
0
0
2.0544
0
0
0
0
0
0
0.7352
0.1091
0
0
4.8949
0
0.0061
0.0125
0.5849
29.9736
1.8773
0
0.0338
5.3459
15.8648
0.1
0
0
1.6542
2.2277
0.4759
0
0
10.364
0.0696
0
0
15.4756
0.5624
0
0
0
0
0.172
0
3e-04
0
0
0
0
0
0.0609
0.3505
29.8958
0.92
0
0
0
0
0.0014
0
0
3.3534
0
0
0
0
0
0
0
1.8824
4.7044
1.6127
0
2e-04
0.5809
0
11.705
0
0
0
0
0
0
0.7908
0.1496
9.6766
1.5417
0
0
0
8.1341
0
0.1769
3.7985
17.1302
3.3672
0.563
0
0
0
5.8023
0
0
0
0
0
0
0
0.7285
0
0.0392
0
0
0.0012
8.6971
3.8267
2e-04
0
0.0132
0.3398
0.1482
1.3388
0
0
0.3528
0
0
0
0
0.7295
0.0434
2.8037
0.7851
1.1319
0
0
0.1012
0
0
0
0
3.0251
0
0
0
1.7373
1.0894
0
0
0
0
0
7.0087
5.3426
0
2.9255
2.0358
0
0
0
6.8458
1.0922
0
0
0
0.0977
6.1494
1.1577
0
5.7078
0
0
0
0
0
0
0
0
0
0
0
0
0.5463
3.6395
0
0.0572
0.3048
3.4891
0
0
5.9997
7.933
0
0.0021
0
0
0.1524
9e-04
13.8107
4.4205
0.8579
0
0
0
0.1465
4.5415
0.4228
0
0
7.808
12.414
0
0
1.4241
0
0
0
0
0
0.0453
0.0088
1.8769
28.8023
5.0818
0.2555
0
0
0
0
0
0
0
0
20.6125
4.0619
0
0.0028
1.9073
0.0023
0.5406
0.3275
1.8843
13.4776
0.0738
6.695
0.2719
0
0
1.5774
0.1004
7.3301
26.869
8e-04
0
0.0766
5.7652
0.1871
0
0.0026
2.7186
33.1529
2.0913
5.1909
0
0
0
0
0
20.7339
3.567
0
0
0
0
0.9351
13.3669
5.4564
9.8397
9.777
3.1397
3.4066
16.7179
0
0.2393
30.1721
2e-04
0
1.4727
31.4436
0.1453
0.7061
0.819
0.3718
0
0
0
20.086
0.0406
0
2.6508
0
0
0.4183
3.7763
0.0027
0
0
4.02
1.9807
0.8224
0
2e-04
0
0
0
0
0
0
0
0
0
2.1157
17.8839
30.8819
2.2998
1.7194
10.014
7.0645
0.1038
0
28.7728
22.1837
0.1698
0.0062
0
0
0
0
0
0.4231
0
5.333
0.0047
0
0
0
0.0585
5.3273
1.5914
0.0475
0.2727
11.0248
0
0.0442
0
0
0.0509
0
2.309
0.0755
0
0
0
0
0.4337
37.717
0.5216
5.465
0
7.0506
0.3464
0
0
0
0
8.5249
3.2962
0.7029
22.7719
5.634
0
0
0
0
0
0
0
0
0
16.9179
25.4399
4.1081
1.1167
0
0.0031
0
0
0
0
0
1.3006
0.1429
3.3775
0
0
0
0
0
0
6.7336
9.4291
0.2212
0.1968
0.2707
0
0
0
0
0
0.2161
0
0
0
7.81
0.5336
7.1476
8.2724
0
0
2.8999
0.3542
0.0461
0.1772
0.1768
0
0
0.2442
0.2006
0
0
0
8.9425
2.2555
1.9605
0
2.0891
0.3938
0.0403
0
0
0
0.0296
0.0364
2.8661
1.6648
0
0.133
17.4708
6.2982
3.3498
11.4331
0
14.9543
5.6727
0
1.9273
0.2491
0.101
0
0
0.0694
0
0.0172
0.2441
0.3791
2.0147
0.5467
2.6935
0
0
0.2032
0.4053
0.1461
0.0808
0
0.0414
0
0
0
0
0
1.6263
1.4628
0
0
0
0
0
0
0
0
0
0.0637
0
1.7697
0.1092
0.2337
11.0795
1.7329
0
0.0934
0
0.0607
0.3722
2.7885
0
0.235
16.6321
5.4649
1e-04
0
0.0048
11.0915
2.7479
0.1006
0.012
0
0
0
0
0.4209
0.1125
2.0764
9.5742
0
0
0
0
1e-04
0
3e-04
0.0834
0.2861
0
0
0.121
0
1.4971
3.2416
7.6933
0.081
0
8.8572
1.9202
0
0
0
0
0
0
0
0.0587
0.0024
0.0377
3e-04
0.1
0
0
2.4248
0
1.7266
0
0
29.1713
1.611
0.561
3.864
1.6203
2.3332
1.0176
0
0.0773
8.7155
0.3331
0.9864
0
0
9.199
6.248
3.3355
0.0048
0.425
0
0
0
0
0
0
0
0
0
0
0
0
0
7.233
0
0
4.8462
2.1736
0
0.0194
23.1967
18.8549
4e-04
2.5863
0.0211
0
12.2288
1.2668
0.1098
4.4236
5.286
5.4192
13.5408
0
0.6501
0
0
4.5858
9.0192
0.1869
0.113
3.9146
8.7463
0.3264
0
0
0.1737
1e-04
0.0397
0
0.3137
5.6547
1.6574
0
1.2388
0
0.8695
4.2881
3.2427
3.7555
0
0
0
1.3764
0.0442
0.1763
0.2126
2.231
0
1.6577
1.5364
1e-04
0
0.9805
0.0251
1.0608
1.0129
0.0016
0
0
0
0
0
1.184
1.6287
0
0.5594
23.5274
0.2657
1.19
0.0145
29.5334
0.0019
2.7163
0
0.7104
9.9837
0.1852
0
0.2558
3.6965
0.0081
0.2029
0
0
0
14.2203
0.8176
0.0886
8.7812
0.0053
0.4601
0
1.2094
0.0322
0
8.9944
0.3369
0
18.9566
5.8181
0.0735
0.3959
0.043
0.2276
0
0
0
0.486
0
0
0
0
0
0.0426
0.7299
4.2812
18.7085
17.6072
0
7e-04
1.8822
2.4378
0
0
0.4869
1.6004
23.0084
0.2804
10.4206
0.1237
0.0633
15.3731
0.6758
2.0896
0.8447
0.0442
0.0848
0
0
0
0
3.1932
32.4183
8.6239
0
0
0
0
8.8572
20.6307
0.1957
15.8638
1.9356
24.497
0.0982
0.0153
0
0
9.055
9.2881
7.4474
1.4405
18.5363
1.5208
0
0.0827
0
0
0.8421
0
2.2524
0.0101
0
0
0
0
1.8172
0
0
0
0
0
0.437
2.0414
0
0
0
2.3932
0.0446
0
0
0
0.8285
2.9136
0.2304
3.3396
3.4564
11.2244
16.9536
0.0348
0
0
0.4248
0
0.3032
0
0.1899
1e-04
0
0
0.9359
4.9429
17.6245
0
4.1863
19.5424
1.8103
0.1294
0.017
0
0
2.5978
0.2297
0.0213
0.1048
0.1538
0.6159
0
0
0
0
0
0
0
0
3.804
0.001
0
0
0
0.039
1.2683
0.232
0.0045
0.2184
0
0.2318
0
0.0992
0
1e-04
0
0.6637
5.6231
0
0
0
0
3.4021
25.2508
20.0387
19.7183
0
0
0
0
0
0
0
0
7.2048
3.6045
0
0
0
0
0.1886
0.2196
0
0.71
10.4103
1.1225
0.2531
0
0
0
10.6348
7e-04
0.127
0
1.9444
7.1527
0.5978
0.1241
0.2298
0.3345
0.0016
8.2918
0
0
0.1733
0
0
0.3268
2.5227
0
0
0
2.9088
0.2175
0.0321
0.0016
4.5006
5.7576
16.0416
0.4652
0
9.7761
3.521
0
1.1352
12.25
2.6807
0
6e-04
0.0017
0
15.4602
11.0517
0
0
5.1924
18.8752
1.4059
0.0502
0
0
0
0.0951
7.6171
2.8875
1.8104
0
0
0.3931
0
3.3097
9.6361
0.0363
0.3336
0
12.5609
0
0
0
4.4335
1.5444
5.4779
3.235
0
1.4147
29.3492
5.5144
0.572
0.6666
3.5792
5.0195
1.2593
0.0015
0.9261
0
0
0.0777
0.2835
10.8369
0.0954
0
0.822
4.8637
0.7675
0
0
0
11.7558
10.6362
11.656
1.5944
0
0
0.0424
0
2.2488
0.1757
0.3254
2.9499
0.7497
0.2818
0.9639
0.0633
6e-04
0
4.0258
0
0
0
2.1793
4.1426
0.0977
0
0
0
0
0
0
3.9257
0
0
0
0
7.4611
0.7488
0
0
0
0
0
0
0
0.1218
0.1102
0
1.49
7.243
11.2096
0
0
3.4756
4.0355
9.3372
19.2822
1.6656
0
4e-04
0.2094
0
0.4978
4.5448
0
0
0
0
0
0
1.3223
0.1349
3.5057
0.7017
0.9154
0
0
11.5018
0.0307
0
21.7884
4.9514
12.9285
0
0.0448
0
0
0
0
0
0
2.3998
0
0
0
0
0
0
0
0
0
0
0
4.2865
9.974
0
0
0.0534
4.7667
14.2568
4.081
0.2397
0.1911
0
0
0.1838
23.3482
0.0572
0
0
0
0
0.7528
4.2357
0.0895
0.0508
0.5385
0
0
0
0.0631
0
0.496
0
0
0
0.0576
0.6317
7.7378
0
0
0
0.002
0.268
18.2432
1.8102
0
0
0.0031
0
0.038
4e-04
0
0
0.9007
5.9844
1.3327
0.153
0
0
26.2481
5.2437
0
0
0.0778
1.8332
0.7728
0.2598
0
3.6628
0
2.467
13.2882
0.6057
0.6057
0.2291
0.7194
0.1409
0
0
0.6344
0
1.4179
0.0517
0
0.1158
0
0
0
0
0
0.0023
0
0.1227
2.8418
0
0
0
2.7934
23.0184
4.0747
0.4377
0.0432
0
0
8.0257
0
0
0.0544
0
3.4708
8.4274
1.1154
5.1322
0.1939
0.7167
1.4578
1.7712
0
0
0
4e-04
0.0789
0.0373
0
0
0.0325
0
0
0
0
0.1632
0
0
0.0663
0.0326
0
1.161
0
0.373
2.8918
0.1289
0.171
1.9314
0
0.5049
3.3207
0.0033
0
0.0284
0
0.0337
0.6387
0
0.1153
0.0499
0
0
0
3.5841
0.3794
0.2793
0
0
13.496
5.1162
0.5666
0.0753
0
0
0
0
1.4939
0
0.0309
4.7202
1.1549
0
0.685
3.1549
0.0838
0
0.3599
18.2094
0
0
0
0
0
1.2754
1.6625
7.9021
0.1722
0
0
1.1031
2.7786
0
0.075
13.2985
0
0.4242
1.4225
0
0
19.8197
19.2543
0
11.166
0.3522
0
0
0
0
0
0
0
0
0.0986
1.5473
1.1986
2.3939
0.5702
0.1086
0
0
0.1884
0.2802
0
0
0.5187
1.5557
5.4267
14.3338
0.0805
0
20.7886
2.2431
11.4115
8.8763
13.9076
18.6224
7.4011
5.7673
0.0352
2e-04
4.1827
0.2358
0
0
0
10.568
0.0113
0
0
0.051
0
0
3.9078
0.695
0
0.0748
21.6286
0
0
2.2928
1.9698
0.3822
0.0017
1.0091
18.3441
5e-04
0.0244
3.5744
44.276
1.2102
3.2576
0.6701
0
5.1505
1e-04
0.3162
0
0
0
0
0
0
6.7244
5.8012
0.3058
1.9889
0.7445
0.039
6.4673
0
2.2296
1.7443
0.4188
17.6926
15.6601
9.3451
3.2781
3.2555
0.0013
0.4902
0
0.9263
0.1043
0
0.6742
0
0.1518
21.5609
6.3504
1.6646
0.0738
0
0
18.1541
0.2111
0.0056
0
0
0.3268
20.2115
15.7263
11.5533
2.7514
0.2431
1.0713
2.3066
1.1896
0
4.3949
12.5669
0
0
6.2082
4.7457
0.303
1e-04
0.0535
0
0.0372
4.4675
0
0
0
5.1839
3.6091
0
0.1051
0.4308
0.7266
46.9991
6.011
0.5116
0.4104
0
0
0
0
0
0.1218
0.0632
0
0
1.164
5.8775
0
0
0
6.7981
3e-04
0
17.1758
1.0408
2e-04
8.0348
0.2088
28.3874
3.6089
1.2922
0.2575
0
0
3.3025
2.9904
0
0
0
0
0
1.5568
0.1048
0
0
22.5768
6.8177
0.5355
0.3312
0
0
0
0
0
0
0
6.2855
11.0893
0
2.5633
1.712
0.0544
3e-04
3.6595
0.1838
0.7318
0.1043
0.0273
0.0517
0
0
0
0
6.7112
4.2921
0.1205
0
1.7813
3.0369
0.1386
5.1452
5.4075
0
0
0
0
6.0441
0
0
17.6652
12.3472
0.5863
0
0
0
0
0
8.5757
1.16
0
0.165
0.7825
13.4435
0.3147
0.0667
1e-04
4.8384
0
2.5961
1.0387
0.1745
1.1779
2.619
0.0027
1.8678
21.474
1.6191
0.8655
0
0
0
6.8936
6.9924
0
2e-04
3.2142
0.3666
14.2901
2.3494
0
0
0
0
0
0
0.033
4e-04
1.229
1.0906
0
1.5059
0
6e-04
0
0
0.041
1.2001
0.2826
0.0069
0.9456
3.9057
0
1e-04
0.2183
0
0
0.2269
5.5679
0
1.5033
0.0902
0.7408
0
0
0
0.0604
0
0
0
0
0
0
0
0
3.6323
0.9782
0
0.1415
0.7327
1e-04
0
0
0
0
6.473
0.5099
0
6.9291
9.9926
0
1.0897
0.001
0.2231
0
0.2182
0.0305
0
1.5583
0
2.3635
0.412
1.6483
3.0307
6.2209
3e-04
0.617
0
3.632
6.7712
8.1998
1.17
0.1508
3.6007
10.4882
2.7564
0.0431
5.1149
0.7828
0.3097
0
0.0848
0
2.9407
0
0
0.0528
0.5264
3.6037
0
0
0
0.7753
0
0
0.0017
4.6279
0.0021
3.9983
0
3.3818
0.2038
0.6524
0
0
4.0361
6.4689
13.6375
5e-04
0
0
0
7.4163
0.1477
1.6177
17.1831
4.0255
2.9284
4.6815
8.6177
5.9379
0
2.1506
4.6166
2.7641
0.3246
27.0894
2.8555
0.0898
8.9054
0.5365
0
0.0199
1.1483
0.1291
7.2433
14.8412
0.5521
2.5943
0.1493
0
0
0
0
0
5.5496
11.0403
18.4117
2.5197
0.1204
12.5095
0.0037
0.9887
12.5741
0.0963
0.2729
0
0
0.3015
0
1e-04
7.0935
2e-04
0
5.5479
0.0426
0
0
0
0
3.4885
0.3403
0.3669
3.4811
0
0
0
0.2813
7.9469
0.0298
1e-04
0.595
2.0911
2.58
3.2022
0
1.5155
0.014
13.3161
2.4886
0
0.2762
2.4001
11.8693
9.9975
0
0.1379
11.3685
0
0
0
13.7352
1.166
0
0.5268
0
0
0.4513
0.0829
0
0
2.7508
5.9757
0.0347
0
2.528
13.9467
10.9945
0.0303
0.002
0
0
0
5.5125
16.4075
3.6069
13.6801
0.0221
0
0
0
0.0693
4.8457
0.0386
0
4.8583
4.7754
2.4334
2e-04
0
0
0
0
0
1.3264
0.7997
0
0
0
0
0
0
0
0
0
0
0.0525
2.7025
0.1698
0
1.2891
0
0
0
0
0
0
0.0709
0
0
1e-04
3.3889
0.2401
28.9593
1.9013
0
10.1934
0.2888
0.2493
0.3118
7e-04
5.3024
3.4931
0
0
0
0
7.3771
3.2395
0
0
15.5995
0
19.4129
0
0
0
0
0
0
0.0232
0
0
0
0
3.0097
2.8516
8e-04
12.7292
4.2882
3e-04
3.6818
0
16.2992
6.8817
0.1961
1.1789
1.9337
0.7539
2.8206
9.3758
0
0
0
0
1.848
14.9202
0.0163
1.0839
1.6911
2.2689
0.1979
1.8293
0.226
0
0
0.3012
0
0.4275
0
0
1.9499
17.5516
0
2e-04
0.0602
0.0558
0
0
0
4.4431
0
5.0047
12.3314
1.4911
14.8873
11.3432
0.0076
6.8605
0.0359
0.6364
7.8384
30.3404
11.2069
3.0638
0
0.1705
0
0.0325
1.9852
0.1694
0
7.3288
0.3419
0.1122
0
0
0
0
0.8555
0.2798
2e-04
0
0
0
0
0
0.1135
8.2558
5.0148
2.9365
4e-04
0
0
0.3872
2.6173
0
8.0139
0.0318
0.0148
0.014
4.17
3.7175
0.2078
0
0.0319
1e-04
0.1228
0
2.6661
3.7434
0
0.1263
0
0
0
0.5192
0
6e-04
2e-04
3.1064
0.5322
0
0
0
0
0
0
3.3278
2.1076
0
0
4.5417
1.7747
1.1351
0.3517
0.119
0.1288
0
0
0.0466
0.4262
27.6511
0
0
0
0
2.0459
0
0
0
0
5.6157
0
0
0
0
5.8234
0
5.6864
7.8079
0.0186
11.2541
19.1062
13.0433
1.8837
13.7777
1.0774
1.4025
0.2609
0.9772
0.1835
0.0147
0
0
0
0
0.0522
0
0.0481
0.0338
1.7849
7e-04
3.508
3.6575
0
0
0
0
3.2217
1.7624
0.4176
1.0778
5.4059
1.5906
0.1315
0
0.0261
2.8157
1.2445
0.6137
0.0784
0
6e-04
0.3001
0
0
2.7715
0
1.968
13.9015
7.1069
0.0051
0.8555
2.4127
9e-04
0.0443
1.2054
0.3723
0
0
0
0
4.7356
0
0
0
0.6371
0
4.4286
7.0059
9.4297
5.1829
0.0078
0.1397
0
5.5998
0.1007
0.0024
0.9693
0.803
0
0
9.7176
11.7655
6.6224
3.2687
22.576
6.1482
8.8897
3.36
0
29.4831
1.3103
0
4.8658
2.8432
4.5241
38.9553
0
3.7639
0.1566
0
0
3.4945
3.4945
3.4944
0
0
0
0
3.7767
6.297
0.012
2.4321
9.264
11.7013
2e-04
0
0
0
1.792
7.4629
4e-04
0
0
0
0
0
4.5005
0
0
31.6463
8.2999
0
0
0
0
0
0
0
14.644
4.9303
0.3566
0
0
0.3341
3.2489
0
14.9866
0.6892
5e-04
0.1532
0
0
0.0062
24.1628
0.4185
3.8804
31.8591
0
0
7.6793
0.3059
0
0
0.0872
0
0
0
0.2775
2.9288
0.0353
0.4055
0.0061
1.411
0
0.3623
0
0
0.3869
0.2922
0
0.8072
2.1719
1.4575
0
14.6191
7.9023
0
0
0
0
0
0
5.189
0
0
0
0
3.5276
0
0.0023
7.6227
0
0
0
1.6434
0
17.7921
7.5673
5e-04
0
0
0
0
0.0573
2.2333
1.3229
0
0.0784
3.9661
2.091
14.6078
0.1149
0.2888
0.0372
0
13.6756
0
1e-04
0
0.1774
5.8214
0
0.0739
3e-04
0
0.4263
9.1043
6e-04
0
0
0
0
0
0
0
0
17.2336
3.0226
0.4205
7.4293
8.7286
0
5.3392
0
13.8307
1.5144
2.926
0.6775
9e-04
0
0
0
0.1394
1.1673
0
5.9007
1.6723
0
0
10.4919
12.866
0
0.0508
3.959
0
0
0.077
0.4082
0
0
0.1129
7.9994
0.1459
0.0276
0
2.6189
11.3081
14.9846
1.6814
0.032
0
0.0363
0.1072
0.0846
0.1488
0.1431
0
0
0.0092
8.1639
7.7688
0.1529
0.0146
0
0
0
0.1727
0
0
0
0.2722
0.0098
0
2.2909
0.0286
0
0
0.0949
0
0.0401
5.3425
8.0849
0
9.7557
13.7068
0.1724
0
0.0868
0.4405
0
0
0
0
0
0
0.0044
0.7807
0.1583
0
1.6719
0
0
0.8604
8.6403
1.9536
7.7903
0
0.0292
0
12.5305
1e-04
0
0
0
2.2644
0
5.0044
0
0.2869
1.3149
0
0
0
3.9939
3.1163
4.1273
1.768
1.7524
0
0
0
0.3151
0.0018
0.4624
12.7618
1.0157
0.2756
0
0
0
0
0
3.4899
26.0087
5.5745
13.042
3.9292
11.9493
9.01
3.904
6.3852
3.08
0
0.7858
0
0
0
16.8143
15.1281
2.1284
0
0
3.4566
0.9278
0.1735
6.053
3.2751
2.4078
1.6772
0
8.2385
0.2513
0.5118
0
0
0
0
0
0
0
0
4.171
14.1407
1.6117
8.5722
60.9079
0.1772
0.1381
0
4e-04
2.2656
3.2027
0.0032
0
0
4.5997
0.9436
9.9911
0
0
0
0
0
1.8993
2.7955
25.1743
2.4958
20.3433
0.0789
0
0
1.2854
0.4309
0.1198
0
1.7419
0
0
0
1.8236
3.9178
31.9392
0.6519
6.5891
0.363
5.2508
0
9.787
1e-04
0
0
0.2341
0
0
0
0.0464
0
0
1.0823
0
0
0
0
7.685
0
0
0
0.4286
6.7681
0
6e-04
11.8609
2.5462
39.7147
0.6813
0.1892
1.1144
1.4464
0
0.06
0.1637
0.5393
0.2076
0.1466
0.9554
3e-04
0.1393
15.4829
9.98
0
0.001
0
0
14.3964
4.5233
0.1634
0
0.0504
3.7356
1.1214
0.0408
0
8.6765
5.6417
0
7.8858
3.325
7.3066
0.5884
4.899
0
0
0.0128
0.056
0
0
10.9164
0.4415
0
0
0
0.9418
48.4465
0
5.0946
1.7206
0
2.2483
2e-04
0.1986
0.1364
0.7879
16.686
9.0331
0
0.7814
0.9981
7e-04
0
0
0
1e-04
0
8.1593
0.6035
2e-04
0
4.7709
0
0
0
4.2945
26.3535
1.1479
0.2117
0.8261
0
0
0
0
0
0
0
0
0
0.5513
17.192
43.5608
0
0
0.117
0
0
0.0841
0
0
0
0.0391
6.5632
4.497
0
0.1394
0
0.6438
3.7773
0.0418
0.448
2.6758
12.8832
0.4684
0
6.3147
6.7156
0.1009
0
0
1.5824
8.3888
10.7228
0
0
0.6225
24.0962
18.27
1.4139
0.4925
0
0.0949
0
2.3695
15.1042
5.4768
23.7944
0
0.0415
0.1383
0.0012
0
0.5512
5e-04
0.1237
0.0042
0.5145
0
0.0827
0.9245
3e-04
1.036
0
0
0
0
0
0
0.2991
1e-04
0
0
0
0
0.7763
5.1436
7.4936
0
0
1.5414
0.08
1e-04
0.5764
0.0382
0.0382
0
0
4.0721
2e-04
0.2444
0
10.6357
11.2269
2e-04
0
0
0
4.9399
0
0
0.5893
0
0
0
8.0131
12.4063
0
0
0
2.7631
0
2.0038
6.777
4.2123
0.6423
0
1e-04
0.2383
1.4511
0
1e-04
0.4018
8.8668
0.3861
0.2659
0.4076
0.6138
0
0.171
0
0
0.0208
13.3528
6.382
0
0.5235
2.5873
0
0
0
0
0
0
0
1e-04
0
25.6507
26.9831
7.5612
0.1526
1.5653
0.3832
19.0725
1.7318
0
0
0
0
0
0
7.5091
1.3315
0
0
0
0
0.1833
12.0897
1.237
0.1383
2e-04
1e-04
0
0
0
0
0.186
10.0571
1.5611
0.1675
0
0.3605
0.0909
2.5545
4.6018
7.4127
19.5775
0.165
1.2339
0
10.3904
0
0
0
0
0
0
0
0
0
0.0041
8.1352
0
4.5573
0
0
0.002
0
0.0421
5.5622
5.5018
0
0
0
0
0
0.6634
5.5521
0.1663
0
0
0
1.3953
0.0997
0
0.7909
0
1.5013
0
6.7284
0.0418
16.6719
0
0
0
0
0.4567
3.836
0.1276
37.4992
5.9626
0.0739
0.0357
0
0
0
0
0
19.1158
3.0419
20.939
10.8494
21.9241
1.8152
0
0
0
0
0.7682
5.3159
0
0.0485
33.5466
82.3315
1.1504
8.868
3.1129
7.1718
12.7848
0
0.0596
0
0
0
0
0
0
0
0
0
0
0.5955
7.1893
24.7771
0.0818
1.0609
0
0
6e-04
0
0
0
0
0
0
0
0
0
0
0.0069
13.9767
0.2336
0
0
0
8.295
7.1602
0.782
0
0
0.6178
0
0
0.6555
0.0311
3.0805
0
0
0.1388
2e-04
2.3547
0.0146
2.5629
0.0025
0
0
0.6938
34.9888
0.0117
0
0.3501
1.6792
0.2152
0
0
0
0.1912
0
0
0
0.1912
0
0
0
0.0314
0.4501
0.0535
0
0
0
3.9939
0
14.2533
0.2883
0
0.0946
3.6449
1.2644
0
0.1568
6.2497
36.7983
0.1475
0
0
21.4444
0
0.0413
0.0097
0
4.3818
0.1251
0.3012
1.2034
1.2476
0.2219
0.1768
0.0836
8.4752
0
3.4431
28.9515
1.3392
0
14.0902
2.902
1.161
4.1265
0
0
0
0
6.7448
0
0
1.4637
0
2.8712
2.375
0
0
0.407
0.367
0
16.4903
21.4329
1.0733
1.8028
0
0.2209
2.3248
0.8451
0
0.2766
0.0642
0
0
0
0.8791
0
0.3
0
1.1174
0.8501
0.1474
1.1081
3.9862
0
8.3091
0.2391
0
1.9935
24.3923
48.6857
0.5958
0.352
2.4055
0.559
0
3.9483
2.9543
0.379
0
0
10.4971
0.6384
0
0.2528
0
3.8818
0.6556
0
0.1347
14.5474
0.0834
0.4155
3.5112
0.3046
0
5.5493
11.226
14.1927
0.5697
2.3089
11.8812
0
0.0386
0
0
0
0.4607
0
0
3e-04
7.315
20.1152
0.2836
1.7835
5.8798
0
0
0.0111
0.119
8.8721
15.8193
0
0.0479
2.4453
7.8161
0
7e-04
16.3424
0
0
0
0
0.7855
3.5261
11.6147
5.5581
2.8538
0
0.1262
0
0
0
0.528
3.3705
0
0
0
0
3.5427
1.8488
0
2.2922
1.2811
0
0
18.2621
5.6598
0
0
0
4.6193
0.7885
0.573
0.5109
12.5154
3.4194
0.0447
7.7175
0.2656
2.3421
0.0948
7.771
0
0
0.0438
0.6374
0
0
0
2.3672
0.3475
0.1036
0
0
13.4652
0
0
19.7128
0.4812
0.1163
0
0.0724
4.6729
11.0052
18.9814
0
0
19.0966
0.2628
0
2.8007
0
0
0
0
22.346
2.6933
4.1252
0
4.87
25.0997
0.455
21.1397
1.1824
0.7788
0.0015
0.4101
52.4368
0
0
0
0
14.1932
12.8613
0.0183
1.6123
1.2666
3.1978
0
0.1217
0
0.4116
0
3.1623
1.9988
0.9059
2.1682
0
0
0
0.2262
0
0
0
0
0
0.133
1.5749
0
0.2489
0.2525
0
0.4572
3.8081
0.4469
3.1649
0.0077
0
0
7e-04
1.1145
0
0
1.0908
0.2664
0
0
0
0
0.7137
0
0.4485
0.0258
0.1761
0.1579
0.0056
0
0
0
0.893
1.0715
0.9503
0
4.9333
0
5.1798
0
0
16.8438
29.9352
12.0141
0.4093
0
0
0
0
0
0
0
0
0
0
0.1728
0
0.0575
4.9818
3.2506
0.2486
0
0.9878
0
0
0.0504
0
2.4467
0.462
0
0
0
0.127
0
2.173
23.5371
5e-04
0
0
0
1.5376
0
0
7.9564
0.3701
0.5712
3.8969
0.0253
0.1434
0.1148
0
0
0
0.9399
0
0
0
1.2035
0.1027
1.9694
0.0031
0
0.5871
14.7802
7.5241
30.5447
0.8367
0
0.3348
0
0
0.1382
0
0
2.7484
0.3851
0
0
0
0
6.9002
1.7098
1.7988
0.0143
0.1972
0
0.3276
0.063
0.142
21.4805
9.5615
0
0.2039
0.0163
2.2965
6.3436
1.2521
5.7407
0
24.2636
0
0.1347
0
0.7995
13.1632
0
3.6622
4.3893
8.3989
0
0
0.4494
0
0
0
0.2161
0
0.8448
0.6347
0.1295
4.1381
10.5859
1.635
0
1.9698
2.6145
0
0
0.4389
0.2372
0
0
0
0
0
0
0
0
1.1233
13.9088
0
0
0
0
0
0.2057
0.4887
0
0
0
0
0
2.2844
35.3058
6.8111
0
1.4876
0.8167
0
0
6.8665
1e-04
0.2152
1.4334
0.2238
4e-04
0
0
1.6228
7.8803
0
0.0021
1.0448
0
0
0
0
0.6228
47.9878
0.6077
11.1939
14.9681
0
0
0
0
0
0
1.9601
0.0771
0
0
0
0
0.0012
1.3123
0.036
0.0024
0.0063
8.2513
0.3679
0.0696
0.7405
0
9.3562
0
0.9384
21.182
0
0
0
1.0615
0
0
1.5863
19.3137
2.3538
0.4138
0
0
1.9598
18.0435
1.6714
0.5507
0
0.1107
0
0
0
8.4756
0.0018
13.6939
1.8599
0.1186
0
0
0
1.7147
4.6749
2.7296
0.0762
0.1112
0.1204
0
3.3947
21.7831
0.0024
5.2159
0
0
0
0
0
0
0
0.7365
0
4.2218
26.3228
5.7608
0.165
0
0
3.0276
7.6953
2.0333
0
0
0
0
1.1194
0.887
0.4936
4.1332
2.1325
0.6768
0.0304
0
0
5.1709
0
28.661
27.171
0
0
0
0.0159
8.5256
4.8852
0
0.3422
0
0.0372
0
1.5602
0
0
0
0
0
0
0
0
16.0794
0.2492
0
0
0
0
2.3219
0
6e-04
0.0023
1.0878
3.6134
16.1304
1.4646
7.3956
0
1.4902
2.4215
14.9699
0
0
0
0.7749
0
0
0.1378
0
0
9.1724
0
0
12.9561
0.0764
0
0
0
0.0799
3.5526
6.1484
0
5.0596
0.0036
4.8314
0
0
0
0.0179
4.2137
20.2283
4.5748
0
0
0
0
0
0
0
0.1051
5.1076
10.0871
1.2941
0
0
0
0
0
0.8563
0
0
0
0
0
2.9766
0.698
0.7981
0
0
0.1728
6e-04
4.0244
1.4742
0.1969
0.0441
22.5799
0.3204
0.5402
0
0.7328
1.3018
1.188
17.464
2.0828
0
0.3963
0.0351
1.0025
6.7493
0.0446
0
0
0
0
0
0
13.7187
0.3644
0
0.0882
0.2086
3.9553
0.0529
0.069
7.012
0
0
0
0.3345
0.2146
0
0
0
0
0.5087
0.028
0
0
0
0
1.2912
0.0346
0.0993
2.5146
0.313
0
0
0.1932
4e-04
1.0692
1.1229
0.7724
0
2.0416
4.6648
0
5.915
8.8368
0
0
0
0
0.2511
16.5111
0
0
0
6.5781
0.113
0.1759
0
0
0.0209
5.9088
0
0.6731
1.117
0.0075
0.1384
10.2767
0.9928
1.5873
0.204
0
0.0493
1.1764
0
0
0
0.6334
0.3136
0
4.539
0
0.3019
0
1.1205
0.0356
0
0
0
0
0
0
0.0356
0
0
0.0835
0
6.6332
2.9478
0.0013
0
1.0122
0
0.0325
0
0
0.051
0.016
0
1.2175
4.3652
0
0
7.567
4.0978
0.1155
0
9e-04
0
0
0.9788
0.001
0
0
0
0
8.6858
0
1.5375
2.7967
3.3043
0.7179
0
0
0
0
0
0
0
0
0
0
0.7035
0.0045
4.2869
8.6258
6.7752
0.5677
0
0
0
0
0
0.0458
8.7491
0
0
9.099
0.0227
0
12.4434
5.4228
0
0
0
0
2e-04
1e-04
0.267
0.3828
13.8504
22.4832
0
0
0
0
3.328
0
0
1.574
0
0
0
0
2e-04
0.0343
0.0182
5.173
27.0405
19.7005
0
0
0
0
6.1412
4.9563
5.561
2.7915
1.1035
1.6485
6.4206
4.2455
0
0
28.5675
0.0127
8.3351
5.7571
0
0
22.7953
6.4093
0
0.2554
5.3181
5.5855
0
0
0
0
1.1311
4.9958
0.1453
0
20.5056
11.2004
3.3529
0
0.1245
6.2685
11.971
0.018
2.6514
7.3532
0
2.4796
2e-04
11.1169
3.9661
1.774
0.538
0.1598
0
2.482
0
0.0211
5.9596
2.0574
12.6884
0
0.7442
9.3331
2.9625
0
0
0
0
0.1694
0.0562
0
0
0
2.9095
11.4132
0.6157
0.0662
0.9588
0.979
0
0
2.7207
0
4.4171
0.1761
2.4206
0
10.5564
11.841
19.1216
11.8952
0
0
3.6204
2.865
0
0
7.1972
0
0.3472
5.9709
0.6898
0.5112
0
0
0
1.4235
32.4159
0.1159
0
0.257
3.921
0.6735
0
0
0
0
10.2868
0.0805
0.2928
1.917
0.1448
0
0
0
0
0
0
0
1.7906
0.4857
0.4671
0
0.1411
0
0
0
0
4.186
0
0.4572
0
0
20.8029
0
0
0.1024
0.0901
0
2.0344
0
0
0
0
1.0752
29.4912
0.1598
0
0
6.4378
12.6938
3.1194
0.9843
0
0.089
0
0
0
0
0
0.81
11.5218
0.254
0
0
0.1788
0
0
1.1487
0
0
1.6376
0
10.1041
0
0.0072
0.0317
0.1741
0
0
0
1.1564
0.9979
0
0
0
0
0
0.0105
0.0909
0
0.0337
1.2242
0
6.554
19.3567
0
0
0
0
3.6772
5.1887
0
27.8683
6.8599
0
0
0
15.33
0.1327
0
0
0
0
0
0.2616
0
0
0.2396
0
15.7831
0.3561
0
0
0
0
0
0
0
0.0435
0.215
0
0
0
0.1457
0
0
0
0.3808
0.4372
2.1173
0
0
0
0
0.2178
3.1886
1.0475
0.2426
0
17.4809
1.2124
1.3322
0
0.1443
0
0
1.792
0.5746
1.3932
0
0
0.1668
0.5118
0
1e-04
0.8363
0.5914
1.1124
0
0
4.8423
12.869
0
0
0
0.2499
0.9885
0
0
0
0
1.0006
0.082
0
0
0
0
0
0
6.2417
14.8719
1.5722
0
1.591
9.3532
0.0672
0
37.0981
0
0
0
3.2182
22.4632
3.1049
0
0
26.7319
0.0129
5.3787
0
0
0
7.4116
0.1774
0
0
0
0.9068
3.1992
1.6919
8.2093
0
0
0.0921
0
0
0
1.0906
0.5963
0
0.5293
0.662
18.3674
0.1633
2.0156
0.0794
20.004
0
0
1.3413
0
0
0
0.1696
7.8113
2.9814
4.6496
11.898
16.7231
0
6.8006
23.2042
1.2327
32.6867
1.8488
7.8572
4.3403
0.4558
0
2.9368
2.4577
14.1512
0
0.0395
0.6842
2.2689
0.29
1e-04
0.5302
0.0868
3.5028
3.1201
10.5623
11.3884
11.3694
2.9951
6.2103
2.3072
0
0.0209
0.7242
6.7153
2.7543
20.466
36.863
2.287
3.0381
19.4431
0.1955
0
0
0
0
0
0.002
0
0
0
3.1074
12.6527
0.0029
0
0
0
0.0726
3.5125
0.0019
0.002
18.1922
1.2482
0.0713
5.221
5.01
2.0605
0
0
0
0
0
0
0
0.0011
0.996
0.4184
0
0.0217
0.4592
1.148
0.0183
0
13.1668
0
0
0
0
0
0
10.0821
0.0023
4e-04
0
16.9391
36.9209
18.3395
6e-04
0.5298
0
5.4881
14.4809
1.6383
0
10.3473
0.7264
8.4368
0.001
0.1375
4.2353
9.8976
0
13.321
0.7578
0
0
0.0043
12.8496
0.268
0.1241
0.7369
0.2074
2.9827
3e-04
5.9371
0
0
18.0823
13.8529
0
0
0
0
0
1.1247
2.0315
0
0.215
12.6751
0.0939
0
28.4532
25.0081
25.0436
3.856
1.0867
0
0
0.4052
3.7227
0
0
0
10.972
0.8905
3.3909
0
26.4256
0.2435
0.1702
47.6971
0.4627
2.9566
11.4735
1.9502
5.4376
1.5761
1.4349
0
0
0
0
0
0
0
0
2.0797
9e-04
2.8875
2.2633
4.0567
0
1.0048
34.9617
27.262
6e-04
0
0
3.1539
1.4453
4.656
9.6355
0
0.9234
0.138
0.6727
0.121
0
0
0
0
0
1.7274
0.2385
5.2385
0.1355
0
0.1137
0
26.4407
3.0403
0
0
0
0.5446
0.0703
1.5716
28.9557
20.1012
0
0
0
14.6283
6.2257
47.2827
3.7669
0
0.8259
0.0088
8.1092
16.4731
5.4245
0.0147
0
0.4612
0.0065
0
0
0.0625
5.7938
9.5151
0
0.5121
0.1649
0.7471
0.1367
19.2307
0
1.6133
0
0
0
8.5803
0.3059
0.6221
4.9789
1.7953
0.7937
1.739
0.0064
0
0
0
0
0
0
0
2.1504
4.4779
1.596
0.0023
0.2145
0
18.0775
0
2.5242
0.8409
5.2383
0
11.7803
0
0
5.3575
7.3349
5.3238
0.1099
0.1488
0
0.7147
0
0
0.2657
1.0643
0.1488
0
0.078
0
0.0023
8.3106
0
0
4.1337
0
1.8712
0
0.0351
0
0
2.8599
1.8385
2.4194
10.3768
0
0
0
0
13.8517
0.1604
16.7349
0
0.5813
4.4747
0
0
3.8378
0
0
0
4.0731
14.4058
0.405
2.6666
39.4149
0.0145
8.4297
0.3025
0
0
0
1.9623
9.4809
0.2557
0
0
0
0
1.1577
0
0
0
7.4517
0
0
0
0
0
0
0
0
0
0
7.1352
0.0151
0.0443
0
0
0
0.2902
5.0958
0
0
0
0.6287
2.9087
0
4.4774
0
2.7514
7.8546
1.2785
0.0273
19.0324
2e-04
0
27.4168
8.7737
5.5481
2.1366
0
0
0
0
0
0.7346
0
0
0
0
6.4232
5.3458
0
0
0
0.0215
0.0044
0
24.864
0.0262
0
9.5224
0
0
0
6.8927
0.0188
0
0
0
0
4.235
0
0
0
0
0
16.5331
35.4419
0
0
0
4.6161
0
0
0
0
0
0
0.4966
1.1089
5.0328
1.4128
0.4287
0.6671
0.6552
1.499
0.0206
0.0374
1.3123
2.2828
0
0
0
0
0.2015
0
0
0.4703
1.4175
15.4399
0
0
0.3562
0.3927
0
6.8127
11.1342
4.079
0
0
0.3782
0
0
0
1e-04
22.9795
0
0
0
3.2912
38.512
4.9113
0
0.1908
10.5877
5.2353
0.0214
0.1414
0.0235
0
0.0756
1.1259
0
0
0
0
0
42.7691
0.0326
0
0
0
0.8882
3.4233
1.1636
13.9507
1.0184
0
0.4825
15.2029
0.0099
0
0
0
0
4.6893
0.1146
0
0
26.7018
0
0.0227
0.5678
19.6889
0.1479
0
0.2842
2.4155
4e-04
0
0
0
0
8.3353
7.2317
0
4.3058
11.7735
0
0
0
0.2996
0
0
1.8728
1.3452
0.6969
0
1.9583
5.4196
3.4451
1.8164
0.1488
0
2.9923
0.5179
0
6.0962
6.0073
0.751
6.2149
12.0975
8.7444
0.0028
0
0
0
0
0
0
0
0
3.2873
2.0248
12.562
0
0
0
0
0
0
0
0.4411
0
0
2.383
0.0108
0
0
0
0
0
0
0
6.3742
3e-04
3.3492
0
0
0.5577
4.482
9.4267
3.7955
3e-04
1.62
0
0
1.2038
0.0819
0
3.084
1.5205
14.4271
2.3538
0
0.3747
1.2205
0
5.9073
103.148
0.0414
10.9927
0.1187
0.0719
1.3564
0
0
0
0
0
0
0
0
0
11.0674
0
32.6896
5.263
0
0
0
0
0
0
0
0.227
0
2.635
0.9736
0.5304
0.3938
4.8506
0.6417
8.605
2.2439
0
2.5312
2.2072
2.1738
0.0159
0.8947
0
4.117
0
0
0.3736
0
0
0
0
0
0
0
4.2936
0
0
4.3364
0
0
0
27.0656
18.4418
2.4414
0.5605
0.0016
0
0
0
0
0
0
0
0
11.6896
0.1542
0.1493
0
0
5.4642
0
6.2078
9e-04
0
0
0
0
0.0076
7.4405
7e-04
0
0
0
0
0.0986
0.051
0
0
0
0
0
0
0.1093
0
17.6063
29.039
21.6479
0.5874
0
0
2.6927
0.7966
0.7531
3.2225
0.131
0
0
0.5916
20.9222
1.5389
0
0
17.8843
2.2928
0.1486
0
0
0
0
0
0
0
0
0
5.4669
0.5094
0.0208
0
0
0.0656
0
0
0
0
0
0
0.7755
7.9405
1.0319
0
0
7.4345
14.9605
0
0.0322
1.2607
16.839
1.9324
0
0
0
0.0853
0
0
0
12.5494
2.233
0.4117
20.0109
0
0.8575
11.4121
0
0
0
0
0
0.4384
0.4161
4.42
0.0447
5.6701
9.1103
7.0004
2.023
0.3247
41.3652
0.2613
2.0877
25.9732
18.2614
29.4218
5.0765
6.5996
15.1001
16.812
0
0
0
0
0
0.9369
5.524
0.1359
2e-04
57.0451
1e-04
1.6084
0.6738
0
0
0
10.9526
0
1.0022
0
0
8.6101
0.0012
8.1649
0
0.1053
0
25.3458
0
0.3044
0
0
0.0244
6.1103
0
0
0
0
0
0
0
0
0.4087
3.4396
0.0513
0
0
16.8617
12.8805
0
0
46.1737
0.2156
0.3302
0
0
0
0
2.0393
0
3.7242
0
0.1764
4.5326
6.0854
0
0.2474
1.6129
0
0
0
8.0203
24.8009
0
0
0
0
0
0
0
3.6077
0.9525
0.0226
0
0.8895
2.394
30.407
20.9317
6.1063
0
0
0
0
0
0
0
0
5.2604
1.8517
7e-04
6.1488
0
0.4794
0.0561
0
0.2493
0
0.0905
0.1171
0
0
0
11.0974
12.0621
2.3273
1.6098
0.442
0
1.2302
0.6133
0.5345
0
0
4.57
2.7178
0
0
0
0
7.4844
1.9462
0
0
4.3197
3.824
0
0
0
0
0
0
0
0
0
0
0.023
0.6603
0.0778
0.946
0
0
0
0
0.3442
0
0
2.7185
0.1149
0
1.44
0
0
3.6169
28.2314
48.031
0
0
0.0632
0.1198
0
0
0
0
0.1884
3.174
6.548
0
0
4.0647
5.5716
0
0
1.3968
16.7973
12.3006
0
0
1e-04
0
1.3672
0.576
0.0703
1.2156
0
1.2978
0.4198
0.2613
0
1.493
0.829
0.3971
0
0
0
0.1905
14.9276
10.2955
0
0.2561
10.0567
0
0
0
5.7698
0
0
0
0
0
0
0.2797
1.0475
9.2193
0
22.4361
3.4073
0
0.0613
0
0.6963
0.1734
0.8209
0
0
4.541
0
0
0
0
0
1.5114
0
0.1024
0.0118
11.1005
0
0
0
0
0
0
9.3666
0.0012
0.022
0.094
0
0
0.1833
0
2.1544
1.7343
0.2568
0
0
0.2014
0
28.8727
3.3614
0.1809
0
10.8231
10.2319
0.2327
0
2.9729
0
0
8.756
23.8798
0
0
0
0
0
0
0.295
0
0
6.8858
0
0
5.7399
5.1304
10.3146
0.01
0
0.9288
0.2073
0
0
6.4647
0
1.7775
8.3268
6e-04
20.5316
6.0849
5.2717
17.2352
0
0.9597
0
0
0.2354
2.3332
2.0103
0
0
0
0
0.3611
4.5083
1e-04
0
0
0
0.9745
0.963
13.0453
0.126
0
0
6.1069
0
0.2118
4.5513
0.0052
0.2891
0
0
0
0
5.7683
13.4945
14.2973
0.3025
0
15.6098
12.3577
6.0611
0
0
0
3.7575
0
0.5673
0
0
0
0
0
0
20.5016
0.1182
0
0
0
0.2884
0
0
0
0
0
0.095
0
0
0
13.3499
0
0
0.1179
1.8774
2.5982
0
0.9079
3.2762
0
6.9488
0.0105
0
0.0417
3.0662
0
0
0
0
45.0524
0.2031
0.014
0
0
0
0.3135
0
0.5717
0.4485
0
0.0395
0
0
0
0
0
0
0
0
0
4.7546
11.3642
0.3652
0
5e-04
45.0988
0.0023
0
0
51.9374
9.2692
0
0.9934
0
1.5035
7.4735
0
0
0
0
8.4371
0.1423
0
0
0
0
0
0
0
2.8821
0
0.0606
12.6602
2.8353
0
1.5833
9.8177
0
0
0
0
0
1.5671
7.3412
6.4333
5.6227
7e-04
0.0966
0
0.8822
0.1751
0.6009
0
0
0
0
2e-04
1
0
0
9.7689
3.0559
0
0
1.8204
0.4899
3.8047
2.2176
0
0
0
0.2934
7e-04
0
0
0
1.0886
9.1899
0
0
0
0
1.6888
2.6268
21.0053
0
0
0
0.1896
0
0
0.2732
0
0
0
8e-04
5.9656
0
0
1.3209
0.2926
0
0
0
0
0
7.451
2e-04
0
0
0
0
0
1.2519
8.5204
0.3611
0
0.1247
2.532
0
0
0
0
0
16.8625
6.6582
0
0.9428
0.3844
0
0.7616
0
0.0875
9.1287
1.7703
0.002
0
0
0
0.1916
0
1.2894
28.8187
0
0
0
3.1357
1.1535
0
0
0.8448
3.7405
0
11.7119
3.7136
0
7.4659
0.1682
0
0
0
0.4807
0
0.2928
0.1247
0
1.1372
0
0
0
0.211
0
0
7.736
0
0
0
0
0.2663
0
0
4.8665
0
8.1182
0
0
0
0
0
0
0.0345
1e-04
0
0.0061
9.0205
0
0
0
0
0
0
0
0
0.0326
0.006
1.3744
16.0227
0
0.1977
0
0
1.1866
0
10.7913
3.7686
0.5242
0
0.2603
7.0956
2.0303
25.69
11.1554
1.0542
0
5.881
0
0
0.1844
0
0
1.3135
8.343
0.0431
0
0
0
1.7531
0
0
0
0
9.7927
0.0013
0
0
7.1004
2.5933
0.5911
0
0
3.5156
2.5685
4.1384
0.0346
0
0
5.047
2.8798
0.3824
0.1072
0
0
0
0
0
0
0
9.1522
25.8067
0.0056
0.8579
15.9989
52.0186
0
0
0
0
1.138
0
1.0545
4.9923
13.6765
1.3727
12.8168
1.742
4.0884
5.4734
16.6522
12.9228
0.0643
8.7975
10.9145
0.4896
0.0015
1.4443
1.4354
0
5.678
2e-04
92.8248
30.4786
0.6906
0.0011
7.6111
0
0
0
0
0
7.4498
0.3005
51.5739
0.0014
0
7.0317
0.1197
9.0952
0.7105
0.012
9.2657
1.5991
5.192
3e-04
0
0
0
0
0
0.7442
0
0
2.6847
0.019
0
0
0
6.0602
16.9635
0
0
0
0
0.3485
2.9431
0.0276
0
0
0
1.5733
1.6082
0.7792
15.006
4.2212
10.4264
0
0
3.4691
2.1193
0
0
0
0
0.252
9.9749
0
0
3.1879
0.0015
35.0107
54.1046
0.0607
0
2e-04
1.2092
1.774
7.268
5.8865
0
0
0
0
0
0.0187
23.3038
0
0
0
0
0
0
0
0
0
2.6093
0.0175
0
0
6.8416
1.5192
0
0
0
0
1.1026
0
0
0
0
0
0.1583
1.917
0
0
0
0
0
0
0
2.2121
3.407
0
0
38.5923
0.1357
0
0.2918
2.7983
0
0
0
0
3.3191
0
0.0112
0
11.8505
0
0.0669
0
0
0
0
0
9.178
1.7935
0
1.1266
0.1975
0
0
0
0
14.2263
2.2301
0
0
1.0609
0.2628
0.1422
0
0
0
0
0
0
0
0
0
2.895
4.2465
0.4271
0
0.3832
0
0
0
7.2067
0.1276
4.7866
6.6046
0
2.6178
18.6701
24.4786
7.7286
0
0
0
0
0
0
0
0
0
7.4092
0.485
18.1977
0
3.006
13.389
0.0068
4.6932
1.054
1e-04
0
0
0.2021
0
0.0218
0
0
0
0.0215
0
0.2938
0
0
0
1.1069
3.6727
7.1936
1.2468
0
0
0
0.0476
0.3061
0
0.8847
0.0107
0
0
0.0024
1.4438
0
0
0
0
0
0
0
10.0841
2.8377
0
0
0
1.1155
8.2655
0.977
1.2766
1.4314
0.7768
0
0
0
0.0599
16.2605
1.2653
0
10.8667
4.8506
0.516
0.2308
0
0
0
0
0
0
0
27.1718
0.6988
0
0
26.5262
0
0
39.052
7.8147
2.122
1.0025
0
0
5.119
16.3273
0.8996
13.9158
0.8523
8.7065
0
0
0
0
0
0
0
0
0
4.8272
1.9416
0
0
0
13.198
0
5.4187
0.0041
6.0747
11.7773
15.5804
9.6333
1.0732
1.8564
0
0.0217
0
0.0902
4.9209
0.0319
3.933
9.5197
1.5348
0
0
2.3766
0.0031
0
0
2.8789
0
0
0
0
0.0171
0
0.0015
0.0433
0
0
3e-04
0.0559
0
9.0834
10.1345
0.1709
0.2982
0
0
0
0
0
0
0.028
2.2515
2.0392
0.5068
0
0
0
0.7389
0
7.3685
8.1637
0
10.7287
5.6846
0
0
0
1.1021
0
0
0
0
0.0239
0
0.8696
0.8496
0
0
0
0
8.548
0.5663
0
0
3.7165
12.2368
0
0.043
0
0
16.7281
0.1217
0
0
0
14.3757
3.1203
25.7901
0
0
0
0
2.2927
0
0
0
0
25.4127
14.3601
0.5419
47.2342
29.3912
0.2022
9.6837
0.0075
1.0022
9e-04
11.5789
0.6284
0
0
0.001
5.2938
0.0016
22.7053
2.0874
0
0.0032
2.5633
0
0.0222
0
0
0
0
0.0236
1.6212
8e-04
21.1816
0.283
0
0
1.0604
0
0
35.7652
0.0549
0
0
0
0
0
0
0
8.6934
0
6.5242
5.7327
3.3266
8.7882
5.9465
0
0
0
0.2459
0
0
0
0
0
0
1.17
3.2183
0
0.1373
0
0.0071
0.0099
13.8615
7.9235
0
0
0
0
1.8869
8.9612
0
0
5.0607
0
0
0
2.5481
4.2854
0
0
0
1.9801
0
0
0
0
0
0
0
0
0
0
6e-04
0
0
0
2.5602
2.9759
0
0
0
3.5871
6.794
0.3802
0.0023
0.3991
0
0.2535
2.4352
7.7825
0
0
0
0
2.8545
5.0155
0
0
0
43.303
0.2652
0.1495
0
0
0
0
0
6.4807
0
3.8216
2.801
0
6.7217
5.0689
0
0
0
7.9353
20.034
0.1547
0
0
0
0
7.1349
2.1233
25.3261
0
0
0
5e-04
9.6572
0
0
12.4566
0
0.317
7.1784
1.554
0.7536
0.4693
0.0248
0
0.0116
0.0103
1.2247
0.0141
0.082
0
0
0
0
15.8049
0.6301
0.4574
9e-04
0.2477
15.9495
0
0
0
0
0
0
0
0
0
0
0
2.938
5.0797
0
0
1.7606
15.8395
4.2916
0
0
0
5e-04
6.6097
0
0
0
0
0
1.2311
0.1906
0
0
2.8881
0
0
1.4976
1e-04
0
0.1074
1.1129
0.0112
33.0525
21.8505
0
0
18.9594
5.2021
0
0.1112
1.6869
6.0544
1.2846
12.4592
10.3254
0
0
0.0246
4.8589
0
0
0
0.0183
0
0
0
10.0301
7.3278
4.4176
0
0
0
0
0
0.4851
0.959
3.8345
11.4086
13.4968
1.8498
0.5172
26.2028
39.5507
1.6724
0.1943
0
0
0
2.3394
0
0
0
0
0
0
0.1424
10.8434
2.0008
2.3768
0
0
0.3604
2.4505
0.0207
6.4946
1.1642
1.2873
0.2853
0.2154
0.0411
0
0
0.3052
5e-04
0
0.9502
0.8827
0.1166
0.2693
0
0
0.2535
2.2244
0.0069
2.4535
1.1506
1.6951
2.8936
1e-04
0.3992
7.0965
5.4632
1e-04
0
0.0512
0.9071
0
0.6249
52.7711
11.1671
0.1704
1.329
0
0
0
1.4728
0
0
49.8027
0.6774
9.0836
25.8343
0.1969
0
0.1359
0.5257
0
0.1764
0.1854
0
5.7859
4.6553
0.25
0.0436
0
0.2568
2.0958
0.1383
0
0
0
4.2452
0.9484
2.8151
2.2282
0.0034
0.104
0.0548
0.44
0
6.5666
2.757
0
0
0
0
3.6833
0
5.6657
0
0.066
0.9197
0
0
0
0
0
1.4345
9.8895
0.2971
0
0
0
0.327
0.072
1.4558
0.346
4.3965
0.2293
0
0
0
0.0214
0.1124
0.7296
0.3854
0
0
5.4032
9.5444
0.1989
0
0
0
0
0
0
0
0
0
0
0
0
0
0.3044
0.2818
2.8988
0.6453
42.6831
1.2783
0.037
23.6066
1.0987
0
0
0.1451
0.1499
0
0
0
0
0
0
4.5061
4.5372
0.7897
0
0.3822
13.603
0
0.4409
0
0
11.4021
10.1802
1.6685
50.819
0.0567
0
0
0
0
0
1.8485
1.7763
0
4.7774
0
0
41.8769
4.5584
0
0.0402
0.7235
0.1293
0
0
0
0
0
0
1.8826
0
0
0
0
0.7227
0
0
0
0.0338
0
0
0.3547
2.4511
8.0608
0
0
0
0.0024
0.0194
0
0
0.0265
1.5719
3.9526
1.1375
0
0
0
0.2668
0.2335
0
0
0
0.8761
0
0
0
0
1.3615
0
0.1479
0.7699
18.2718
0
0
0.2574
0
0
0
0
0
0
10.2791
7.5801
0
0
0
0.2455
0
0.8198
0
1.7675
0
0
0
0.985
0.8315
1.2264
1.8857
0
1.1696
0.0695
0.275
0
0
0.031
1.9465
7.956
0
0.3157
15.5112
9.9686
11.8975
2.6791
5.4562
0.7332
7.9432
0
0
9e-04
37.4631
2.5926
0
4.5955
0
0.2393
4.4941
0.6902
0
0
0
0
0.593
0
0
0
3e-04
0
0
0.2937
0
0
0
0
0
0
9.6651
0.4203
18.6603
4.1153
0.5021
0.3063
0.1516
5.2071
5.2812
0
0.3149
10.3576
0
0
0.1495
0
0.6564
0.8927
15.2699
34.4667
0.0397
0.3373
0.1083
0.7887
0
0
0
0
2.2162
1.962
0
0.0397
10.1953
0
0
0
0.265
36.0133
1.2379
0
2.965
0
0.1967
0.4836
1.1026
2.9072
0.6814
20.6385
12.3176
3.9833
0
0
0.0497
0.7415
0.0151
2.7908
0.1548
0
0
0
9.6141
0
0
0
2.6434
0.3472
16.0719
5.2845
0
0
0.0564
0
0
0.0245
2.7189
26.7996
7.3555
11.4425
48.2382
7.0409
0
0.1471
0
0.6139
1.7136
8.396
0
2.6381
18.6954
0.2934
0
0.0056
38.6833
1.1633
0.5644
0
0
0.9612
11.1379
0.051
0.0272
0
0
0
0
0.8951
0
0
0
0
0
0.0407
0.0336
0
0
1.2601
8.8254
0.8842
0.0035
0.1494
0
1.4609
0
0.0556
0.0532
2e-04
1.1015
4.1564
0.0147
0
0
0
1.772
28.8799
5.8996
4e-04
0.3089
0
0.8203
0
0
0
8.2306
10.5604
9.5979
0
0
32.4634
8e-04
0.1992
0.193
10.9473
22.4035
0
0
0.6862
0
0
0.0052
0
2.4454
1.2687
0
0.0376
0
5.9591
14.395
8.8439
0
0
0
0
0
0
0
0.0136
0.76
0
0.3779
0
0
6.6187
16.8713
4.5425
0
0
0
0
0
0
0
0.3207
1.5301
3.6263
1.1632
0
0
2.0986
19.5574
0.2105
1.0711
0
0
0
0
0
0
0.9388
4.5266
0
0
0
0
0.1423
8.9228
21.1198
0
0
1.7811
27.2674
14.0835
14.4621
0
6.3378
2.4791
0
0
4.6519
0.7295
1e-04
0.0322
1.0664
0
6.7338
0.0976
0.5313
11.978
0
0.461
0
0
0
11.1627
0
17.4255
0.3899
0
0.0281
2.6739
7.5154
8.1133
2.4352
0
0
0
0
0
0
0
0
0
0.0066
0.602
0.0853
6.84
0
0
0
1.8838
12.8522
12.6445
0
0
0
0
2.3383
2.3367
0
0
15.5874
2.288
0.1759
0
0
0
0
0.3165
3.838
0.2948
0
0
0.7403
0.6137
0
0.0958
0
0.9903
0.1966
2.6449
0.5989
0
0.0577
20.1331
2.1113
0.7524
0
24.9627
1.0386
0.1703
0.0363
0.0448
0.1768
0
0
6.5191
2.4805
4.9767
1.2446
1e-04
0
0.8935
0.0468
25.9095
0.0546
0
0.0375
0
0.0898
0.1044
0
3.4096
3e-04
0
0
8.9181
0
0
0
0
0
0
0.3823
0
0
0
0
0
4.4267
14.4837
0
0
0.0025
7.2838
0.115
7.1625
0
0.0411
0
2.6918
35.1472
0
0
0
1e-04
0
0
2.1269
5.8716
17.7931
17.8098
0.7346
0
0
1e-04
0.3791
0
0.6244
1.8313
0
0
0.6102
2.193
0
6.8589
0.125
0.1502
0.1107
2.3042
14.5218
27.432
0
0
0
0
0.009
48.148
1.1617
14.3576
11.5756
1.9451
7.9303
9.6266
7.6994
0
0
0
0
0
5.7178
8.1394
0.192
6.0981
4.8189
0
0
0
0.1366
0.7888
11.5302
0.0325
0.0661
1.0904
7.1636
0.6591
6.9553
2.7065
0.5797
11.213
6.1189
7.3443
1.9793
12.4904
19.6769
4.6059
0.0064
24.377
0
0.0276
0
3e-04
0.8856
0
0
10.2918
4.3457
8.3775
5.4076
0
0.1482
2e-04
13.6428
0.1648
0
0
1e-04
0.1825
0
0.2828
0
0
0
0
3.9988
0.5056
13.0078
2.0465
7.3302
0.685
0
0
0.0556
0.6395
0
0
0.0026
0.4956
1.6402
4.5703
0.624
0
0.002
0.0993
14.7153
0
1.1533
0
0
0
0
0.5588
2.2544
0.1412
0
0
0
0.2376
0
12.9154
5.509
0
0
0
0
0.02
4.6533
0
4.5382
0.9134
11.4211
4.2
23.4267
5.9259
2.0293
12.3097
0
0
0
5.7338
55.3397
0
0
3.1877
0.6392
1.3643
0.2016
1.5768
0
0
0
0
0
0
0
0.1884
14.3308
8.1802
0.224
7e-04
0.0082
0
0
0
0
0.3879
0
6.5831
0
0
2.0183
2.3279
4.9472
0.6557
13.8259
0.1799
4.2825
0.3713
0
0
0.3974
0.9182
0
0
0
2.6662
0.6393
0
2.074
0
5.7574
0.0091
1.7507
0.19
0
1.2733
1.5238
0
0
0
15.7517
8.1631
0.1941
0
22.1568
20.0224
0.2887
0.5831
0
0.5675
0.0011
0
0
0
0
0.0085
6.2278
1.2224
0
4.0133
0
0
0
0.2933
0
0.1904
0.5299
0.868
0.7263
0.2711
1.3821
0.0013
8.7499
0
0
0
4.816
3.2284
0.0819
0
0
0
4.0564
0
5.1753
2e-04
6.1727
0
0
2.1038
0
0.0541
0.0335
0.065
0.4626
0
0
0
0
0
6.0808
0
0
0
4.2502
5.5009
0.3492
19.3753
0
0.0035
30.4931
0
0
0
4.0493
0
3.7165
13.1873
5.7283
10.7015
0
4.0604
0
0
34.0362
0
0
10.5739
0
0
10.3381
14.9109
0
0.0534
1.8348
0
0
0
0.6698
0.3509
0
0.2873
1.9274
10.0176
5.3922
0.2219
1.6013
3.0323
0.0558
2e-04
7.6822
0
0
0
0.0072
7.2943
0
0
0
0
0
0.4249
4.4939
8.1545
1.0595
0
0
0
9.1997
0.2165
0.1489
0
0.6871
0
0
0
3.0848
0.1916
0
1.1085
0
0
0.0181
0.2069
8.7827
9.0719
7.6124
0
0.0048
1.431
0
6.0876
0.8969
1.6221
30.9871
24.7929
0.6871
1e-04
0.2122
4e-04
0
0
0
0
2.3007
13.9659
4.0195
0.0228
0
0.2475
1.967
0
0.9745
0.0919
3.4682
0.0053
0
0.0032
1.4531
1.0286
0.3183
0.1166
8e-04
2.8788
0
0.2697
0.3131
0.5424
1.0165
0.9462
0
0
0
0
0
0
0
2.8544
0.5462
0
0
15.2253
3.6542
0
1.261
9.7654
14.5465
0.077
1.7602
1.4927
0
0.009
0.0115
2.2046
0.0248
1.0967
8.5354
0
0
0
0
0.0537
0
1.4429
0.0018
0
0
0
5.8414
0.4317
0
13.0689
0
0
0
0
0
1e-04
0
0.0518
0.1612
11.4685
0
0
0.0435
2.2965
42.6079
0
0
0
0
0
1.1501
0
0
4e-04
12.8706
24.4643
12.8891
2.0146
0.8759
2.6789
0
0
0.6035
0
0
19.3748
0.0135
0
2.0496
0.0035
0
0
0
7.4976
0.3134
0
0.5835
0
19.9481
6.1153
0
3e-04
0
0
0
0
0
0
0
0
0
0
1.4882
5.6989
0
0
0
0
0
0
0
0
0
0.0879
2e-04
17.0633
13.3438
2.0781
0
0
10.2521
0
0
0
0.0354
16.9382
6.4234
1e-04
0
0.1498
0
4.0999
0
0
0
0
0
0
0
0
0
0
0
0
0
0
3.4196
1.132
1.1939
0.2803
5e-04
0
3.8344
0.22
0
0
0
0
0
0
0
3.1744
0.014
2.4501
0
0
0
10.3838
7.9577
12.0161
26.9256
8.4427
0.088
0
1.5655
1.3926
2.3959
5.0083
0.1918
0
0.9111
0
0.1973
0
0
0
0
0
0
0
4.976
0
0.1916
0
12.5688
0
0.2941
0
0
0
0
27.0981
0.1916
0.9874
4.3604
7.1696
0.1916
0
0
6.0343
9.2178
0.5538
0.183
0
0
0
0.384
0
0
0.088
0.104
6.6905
0.1491
0
0
0.2712
1.6037
0.5731
0.8013
0.0016
0.5678
1.3611
1.2741
0.559
6e-04
0
0
0.9681
0
8.887
2.401
